# Avida tasks data
# Sat Apr  7 01:29:59 2012
# First column gives the current update, next columns give the number
# of organisms that have the particular task as a component of their merit
#  1: Update
#  2: Xor
#  3: Equals

0 0 0 
50 8 8 
100 48 48 
150 134 134 
200 266 266 
250 487 485 
300 751 751 
350 1028 1026 
400 1385 1384 
450 1830 1832 
500 2336 2330 
550 2830 2829 
600 3279 3277 
650 3482 3486 
700 3530 3532 
750 3548 3552 
800 3534 3543 
850 3532 3533 
900 3543 3538 
950 3543 3539 
1000 3551 3552 
1050 3560 3556 
1100 3530 3531 
1150 3536 3537 
1200 3548 3553 
1250 3557 3562 
1300 3536 3536 
1350 3531 3535 
1400 3550 3553 
1450 3526 3531 
1500 3533 3528 
1550 3538 3525 
1600 3546 3547 
1650 3537 3537 
1700 3551 3551 
1750 3535 3535 
1800 3548 3544 
1850 3529 3530 
1900 3540 3541 
1950 3551 3551 
2000 3541 3547 
2050 3527 3526 
2100 3547 3543 
2150 3554 3549 
2200 3535 3532 
2250 3542 3532 
2300 3551 3549 
2350 3534 3534 
2400 3536 3538 
2450 3557 3563 
2500 3548 3550 
2550 3551 3558 
2600 3547 3550 
2650 3556 3561 
2700 3546 3549 
2750 3536 3535 
2800 3529 3527 
2850 3527 3523 
2900 3516 3514 
2950 3536 3539 
3000 3534 3533 
3050 3536 3538 
3100 3566 3565 
3150 3537 3535 
3200 3561 3560 
3250 3539 3537 
3300 3536 3536 
3350 3541 3548 
3400 3539 3531 
3450 3533 3535 
3500 3544 3546 
3550 3529 3531 
3600 3555 3557 
3650 3541 3538 
3700 3546 3539 
3750 3547 3542 
3800 3546 3548 
3850 3547 3544 
3900 3547 3538 
3950 3555 3556 
4000 3534 3542 
4050 3542 3545 
4100 3561 3563 
4150 3540 3541 
4200 3542 3543 
4250 3528 3527 
4300 3527 3534 
4350 3551 3553 
4400 3542 3541 
4450 3534 3537 
4500 3539 3545 
4550 3544 3540 
4600 3546 3543 
4650 3563 3563 
4700 3548 3549 
4750 3538 3539 
4800 3538 3534 
4850 3557 3555 
4900 3537 3533 
4950 3545 3548 
5000 3556 3556 
5050 3557 3553 
5100 3535 3537 
5150 3552 3547 
5200 3547 3546 
5250 3559 3553 
5300 3531 3526 
5350 3557 3559 
5400 3540 3545 
5450 3547 3549 
5500 3547 3548 
5550 3547 3546 
5600 3537 3527 
5650 3548 3551 
5700 3536 3536 
5750 3550 3550 
5800 3569 3568 
5850 3562 3561 
5900 3550 3548 
5950 3540 3537 
6000 3540 3536 
6050 3539 3538 
6100 3533 3529 
6150 3540 3544 
6200 3548 3550 
6250 3537 3535 
6300 3547 3546 
6350 3527 3526 
6400 3536 3541 
6450 3530 3533 
6500 3538 3537 
6550 3547 3548 
6600 3537 3544 
6650 3541 3540 
6700 3547 3543 
6750 3542 3542 
6800 3537 3532 
6850 3545 3546 
6900 3552 3553 
6950 3551 3554 
7000 3544 3543 
7050 3528 3528 
7100 3551 3549 
7150 3542 3536 
7200 3532 3527 
7250 3524 3526 
7300 3533 3535 
7350 3551 3547 
7400 3547 3557 
7450 3529 3531 
7500 3538 3534 
7550 3548 3544 
7600 3518 3516 
7650 3536 3528 
7700 3540 3542 
7750 3543 3542 
7800 3534 3536 
7850 3543 3549 
7900 3547 3548 
7950 3542 3540 
8000 3550 3557 
8050 3532 3534 
8100 3552 3550 
8150 3540 3533 
8200 3534 3533 
8250 3542 3539 
8300 3546 3543 
8350 3522 3519 
8400 3530 3528 
8450 3557 3556 
8500 3538 3540 
8550 3543 3545 
8600 3533 3527 
8650 3541 3544 
8700 3541 3541 
8750 3535 3528 
8800 3546 3551 
8850 3551 3551 
8900 3558 3555 
8950 3533 3536 
9000 3529 3532 
9050 3530 3528 
9100 3550 3550 
9150 3551 3542 
9200 3545 3541 
9250 3535 3544 
9300 3537 3544 
9350 3547 3552 
9400 3547 3550 
9450 3541 3542 
9500 3549 3548 
9550 3544 3545 
9600 3547 3546 
9650 3557 3554 
9700 3548 3546 
9750 3549 3544 
9800 3536 3539 
9850 3544 3542 
9900 3540 3542 
9950 3545 3550 
10000 3552 3555 
10050 3547 3546 
10100 3527 3534 
10150 3546 3547 
10200 3558 3556 
10250 3548 3547 
10300 3547 3551 
10350 3555 3555 
10400 3556 3552 
10450 3556 3552 
10500 3554 3554 
10550 3555 3550 
10600 3553 3555 
10650 3546 3543 
10700 3548 3547 
10750 3545 3547 
10800 3525 3526 
10850 3546 3546 
10900 3541 3538 
10950 3555 3556 
11000 3553 3553 
11050 3551 3546 
11100 3534 3537 
11150 3546 3549 
11200 3558 3557 
11250 3552 3558 
11300 3550 3552 
11350 3554 3555 
11400 3561 3562 
11450 3551 3553 
11500 3558 3552 
11550 3538 3535 
11600 3545 3549 
11650 3544 3545 
11700 3544 3545 
11750 3546 3547 
11800 3540 3543 
11850 3552 3554 
11900 3550 3544 
11950 3541 3540 
12000 3537 3538 
12050 3545 3543 
12100 3544 3540 
12150 3526 3527 
12200 3544 3536 
12250 3537 3538 
12300 3560 3558 
12350 3542 3544 
12400 3546 3541 
12450 3547 3539 
12500 3528 3533 
12550 3537 3540 
12600 3530 3530 
12650 3543 3544 
12700 3535 3533 
12750 3552 3548 
12800 3535 3538 
12850 3552 3555 
12900 3547 3549 
12950 3551 3548 
13000 3553 3548 
13050 3548 3550 
13100 3542 3542 
13150 3542 3546 
13200 3558 3556 
13250 3546 3550 
13300 3526 3523 
13350 3559 3560 
13400 3550 3554 
13450 3537 3539 
13500 3541 3537 
13550 3550 3548 
13600 3554 3553 
13650 3544 3538 
13700 3558 3554 
13750 3556 3556 
13800 3545 3542 
13850 3558 3553 
13900 3539 3538 
13950 3562 3554 
14000 3550 3545 
14050 3561 3563 
14100 3543 3544 
14150 3539 3539 
14200 3537 3540 
14250 3539 3544 
14300 3534 3536 
14350 3548 3546 
14400 3538 3537 
14450 3536 3549 
14500 3551 3552 
14550 3545 3549 
14600 3532 3539 
14650 3542 3544 
14700 3534 3534 
14750 3547 3544 
14800 3538 3541 
14850 3539 3540 
14900 3542 3543 
14950 3537 3536 
15000 3560 3561 
15050 3550 3546 
15100 3560 3562 
15150 3552 3547 
15200 3555 3550 
15250 3550 3546 
15300 3557 3555 
15350 3558 3557 
15400 3558 3554 
15450 3545 3537 
15500 3536 3529 
15550 3543 3538 
15600 3541 3540 
15650 3543 3548 
15700 3549 3553 
15750 3542 3537 
15800 3533 3542 
15850 3543 3543 
15900 3545 3543 
15950 3547 3541 
16000 3551 3552 
16050 3552 3545 
16100 3550 3551 
16150 3539 3539 
16200 3551 3548 
16250 3551 3548 
16300 3533 3536 
16350 3533 3538 
16400 3526 3522 
16450 3550 3556 
16500 3540 3539 
16550 3550 3553 
16600 3560 3556 
16650 3553 3547 
16700 3536 3536 
16750 3554 3547 
16800 3553 3556 
16850 3536 3537 
16900 3538 3539 
16950 3540 3545 
17000 3538 3542 
17050 3550 3550 
17100 3546 3547 
17150 3556 3551 
17200 3536 3535 
17250 3548 3545 
17300 3555 3550 
17350 3539 3532 
17400 3542 3539 
17450 3559 3555 
17500 3545 3541 
17550 3548 3546 
17600 3560 3561 
17650 3554 3557 
17700 3559 3562 
17750 3541 3540 
17800 3531 3533 
17850 3547 3546 
17900 3558 3558 
17950 3545 3545 
18000 3540 3544 
18050 3553 3547 
18100 3539 3542 
18150 3545 3546 
18200 3555 3553 
18250 3553 3549 
18300 3544 3541 
18350 3551 3544 
18400 3571 3568 
18450 3539 3545 
18500 3552 3550 
18550 3546 3543 
18600 3550 3545 
18650 3529 3528 
18700 3540 3533 
18750 3553 3550 
18800 3548 3547 
18850 3544 3544 
18900 3554 3554 
18950 3536 3546 
19000 3542 3544 
19050 3548 3543 
19100 3537 3533 
19150 3526 3528 
19200 3556 3557 
19250 3549 3547 
19300 3548 3545 
19350 3550 3544 
19400 3555 3551 
19450 3539 3537 
19500 3557 3560 
19550 3551 3560 
19600 3551 3555 
19650 3549 3547 
19700 3524 3526 
19750 3548 3541 
19800 3534 3530 
19850 3534 3531 
19900 3557 3559 
19950 3550 3551 
20000 3549 3549 
20050 3563 3560 
20100 3525 3535 
20150 3532 3539 
20200 3543 3553 
20250 3540 3545 
20300 3554 3546 
20350 3539 3540 
20400 3536 3542 
20450 3534 3535 
20500 3544 3540 
20550 3539 3537 
20600 3541 3539 
20650 3538 3541 
20700 3544 3552 
20750 3539 3536 
20800 3550 3546 
20850 3548 3543 
20900 3550 3548 
20950 3550 3554 
21000 3545 3548 
21050 3546 3549 
21100 3535 3539 
21150 3539 3536 
21200 3543 3538 
21250 3539 3537 
21300 3559 3554 
21350 3553 3549 
21400 3551 3547 
21450 3532 3537 
21500 3529 3530 
21550 3549 3545 
21600 3531 3527 
21650 3525 3531 
21700 3544 3544 
21750 3551 3545 
21800 3531 3528 
21850 3550 3544 
21900 3547 3546 
21950 3549 3548 
22000 3545 3542 
22050 3540 3531 
22100 3545 3543 
22150 3549 3545 
22200 3538 3533 
22250 3538 3538 
22300 3537 3539 
22350 3555 3556 
22400 3532 3532 
22450 3561 3556 
22500 3560 3559 
22550 3553 3552 
22600 3554 3549 
22650 3536 3536 
22700 3529 3530 
22750 3541 3538 
22800 3542 3535 
22850 3548 3548 
22900 3546 3544 
22950 3561 3560 
23000 3558 3554 
23050 3538 3535 
23100 3559 3555 
23150 3539 3544 
23200 3545 3549 
23250 3559 3550 
23300 3552 3550 
23350 3550 3548 
23400 3541 3542 
23450 3541 3538 
23500 3542 3543 
23550 3554 3555 
23600 3529 3536 
23650 3546 3541 
23700 3539 3534 
23750 3554 3553 
23800 3538 3546 
23850 3540 3542 
23900 3551 3553 
23950 3556 3554 
24000 3537 3538 
24050 3553 3543 
24100 3549 3544 
24150 3556 3552 
24200 3566 3562 
24250 3542 3543 
24300 3550 3547 
24350 3539 3539 
24400 3553 3557 
24450 3541 3545 
24500 3531 3533 
24550 3545 3541 
24600 3536 3534 
24650 3542 3537 
24700 3537 3531 
24750 3549 3545 
24800 3541 3541 
24850 3533 3528 
24900 3547 3547 
24950 3556 3556 
25000 3542 3545 
25050 3553 3552 
25100 3559 3556 
25150 3545 3546 
25200 3547 3549 
25250 3543 3548 
25300 3548 3560 
25350 3557 3565 
25400 3542 3539 
25450 3550 3546 
25500 3544 3539 
25550 3551 3552 
25600 3548 3550 
25650 3545 3544 
25700 3554 3554 
25750 3535 3538 
25800 3531 3531 
25850 3546 3550 
25900 3548 3553 
25950 3539 3540 
26000 3533 3538 
26050 3540 3533 
26100 3547 3551 
26150 3566 3558 
26200 3541 3537 
26250 3549 3551 
26300 3534 3534 
26350 3538 3538 
26400 3545 3548 
26450 3556 3554 
26500 3543 3543 
26550 3539 3546 
26600 3564 3565 
26650 3540 3544 
26700 3548 3547 
26750 3536 3537 
26800 3537 3529 
26850 3527 3529 
26900 3551 3547 
26950 3545 3549 
27000 3551 3548 
27050 3547 3547 
27100 3549 3545 
27150 3545 3544 
27200 3540 3532 
27250 3537 3539 
27300 3558 3559 
27350 3550 3549 
27400 3541 3539 
27450 3528 3533 
27500 3559 3562 
27550 3538 3539 
27600 3557 3562 
27650 3543 3545 
27700 3541 3542 
27750 3536 3542 
27800 3535 3542 
27850 3532 3535 
27900 3543 3543 
27950 3553 3548 
28000 3536 3541 
28050 3542 3542 
28100 3541 3539 
28150 3551 3548 
28200 3535 3538 
28250 3552 3552 
28300 3540 3545 
28350 3544 3548 
28400 3545 3548 
28450 3534 3534 
28500 3539 3535 
28550 3545 3544 
28600 3558 3556 
28650 3537 3533 
28700 3540 3546 
28750 3541 3540 
28800 3555 3547 
28850 3537 3541 
28900 3537 3528 
28950 3533 3526 
29000 3542 3540 
29050 3548 3547 
29100 3546 3545 
29150 3537 3536 
29200 3530 3532 
29250 3543 3543 
29300 3552 3551 
29350 3539 3539 
29400 3546 3543 
29450 3542 3539 
29500 3539 3537 
29550 3549 3551 
29600 3552 3553 
29650 3532 3537 
29700 3544 3547 
29750 3545 3547 
29800 3534 3540 
29850 3549 3544 
29900 3572 3567 
29950 3542 3538 
30000 3554 3557 
30050 3555 3551 
30100 3546 3543 
30150 3541 3540 
30200 3554 3555 
30250 3553 3553 
30300 3544 3545 
30350 3544 3540 
30400 3541 3545 
30450 3548 3543 
30500 3547 3552 
30550 3557 3559 
30600 3546 3549 
30650 3541 3543 
30700 3574 3571 
30750 3553 3551 
30800 3543 3542 
30850 3538 3529 
30900 3550 3542 
30950 3549 3544 
31000 3553 3550 
31050 3551 3545 
31100 3550 3547 
31150 3546 3546 
31200 3540 3545 
31250 3530 3544 
31300 3537 3542 
31350 3542 3538 
31400 3551 3547 
31450 3549 3544 
31500 3567 3564 
31550 3531 3525 
31600 3544 3543 
31650 3542 3540 
31700 3542 3537 
31750 3549 3553 
31800 3544 3544 
31850 3541 3537 
31900 3556 3552 
31950 3554 3555 
32000 3560 3560 
32050 3553 3549 
32100 3550 3544 
32150 3548 3546 
32200 3543 3548 
32250 3547 3544 
32300 3562 3562 
32350 3549 3548 
32400 3561 3559 
32450 3547 3539 
32500 3550 3546 
32550 3544 3550 
32600 3547 3541 
32650 3540 3543 
32700 3535 3536 
32750 3548 3541 
32800 3555 3550 
32850 3545 3549 
32900 3548 3551 
32950 3533 3530 
33000 3542 3544 
33050 3538 3541 
33100 3543 3542 
33150 3544 3549 
33200 3549 3554 
33250 3538 3536 
33300 3559 3560 
33350 3532 3532 
33400 3538 3536 
33450 3540 3537 
33500 3530 3535 
33550 3547 3548 
33600 3563 3563 
33650 3554 3551 
33700 3551 3551 
33750 3541 3541 
33800 3547 3549 
33850 3526 3531 
33900 3538 3542 
33950 3551 3548 
34000 3561 3561 
34050 3561 3555 
34100 3554 3555 
34150 3547 3538 
34200 3554 3548 
34250 3541 3542 
34300 3530 3531 
34350 3542 3550 
34400 3550 3549 
34450 3550 3548 
34500 3542 3543 
34550 3545 3537 
34600 3543 3538 
34650 3553 3555 
34700 3521 3528 
34750 3562 3562 
34800 3549 3549 
34850 3554 3553 
34900 3556 3562 
34950 3544 3551 
35000 3552 3551 
35050 3536 3531 
35100 3546 3546 
35150 3544 3543 
35200 3537 3536 
35250 3542 3541 
35300 3547 3544 
35350 3547 3545 
35400 3551 3549 
35450 3559 3556 
35500 3541 3537 
35550 3542 3544 
35600 3557 3553 
35650 3549 3549 
35700 3553 3554 
35750 3555 3557 
35800 3535 3536 
35850 3556 3554 
35900 3522 3517 
35950 3548 3555 
36000 3553 3552 
36050 3540 3543 
36100 3549 3552 
36150 3544 3550 
36200 3540 3546 
36250 3546 3547 
36300 3546 3539 
36350 3548 3536 
36400 3559 3566 
36450 3555 3552 
36500 3558 3557 
36550 3558 3554 
36600 3559 3560 
36650 3555 3552 
36700 3552 3551 
36750 3545 3544 
36800 3533 3530 
36850 3555 3555 
36900 3547 3549 
36950 3539 3550 
37000 3544 3543 
37050 3542 3543 
37100 3550 3555 
37150 3560 3563 
37200 3552 3554 
37250 3564 3564 
37300 3550 3550 
37350 3555 3554 
37400 3559 3563 
37450 3549 3552 
37500 3536 3542 
37550 3510 3518 
37600 3543 3545 
37650 3536 3532 
37700 3543 3541 
37750 3539 3545 
37800 3541 3546 
37850 3546 3546 
37900 3549 3551 
37950 3531 3535 
38000 3550 3546 
38050 3545 3549 
38100 3548 3555 
38150 3549 3554 
38200 3549 3554 
38250 3553 3558 
38300 3536 3543 
38350 3558 3561 
38400 3552 3552 
38450 3563 3564 
38500 3555 3554 
38550 3560 3561 
38600 3538 3538 
38650 3543 3555 
38700 3552 3556 
38750 3538 3547 
38800 3551 3554 
38850 3561 3565 
38900 3563 3557 
38950 3541 3539 
39000 3551 3550 
39050 3551 3555 
39100 3546 3545 
39150 3558 3555 
39200 3550 3551 
39250 3556 3556 
39300 3545 3546 
39350 3555 3556 
39400 3538 3530 
39450 3534 3536 
39500 3543 3545 
39550 3547 3552 
39600 3545 3547 
39650 3544 3543 
39700 3543 3551 
39750 3549 3546 
39800 3562 3560 
39850 3564 3561 
39900 3543 3547 
39950 3562 3567 
40000 3557 3563 
40050 3552 3547 
40100 3546 3550 
40150 3545 3537 
40200 3538 3538 
40250 3533 3532 
40300 3560 3565 
40350 3563 3558 
40400 3551 3549 
40450 3554 3553 
40500 3555 3554 
40550 3546 3541 
40600 3547 3549 
40650 3556 3558 
40700 3545 3547 
40750 3551 3550 
40800 3557 3558 
40850 3549 3545 
40900 3562 3561 
40950 3536 3544 
41000 3539 3547 
41050 3546 3545 
41100 3540 3541 
41150 3548 3543 
41200 3539 3530 
41250 3552 3550 
41300 3568 3564 
41350 3537 3532 
41400 3550 3552 
41450 3530 3530 
41500 3564 3565 
41550 3560 3560 
41600 3541 3543 
41650 3555 3550 
41700 3555 3550 
41750 3543 3545 
41800 3541 3545 
41850 3549 3548 
41900 3543 3543 
41950 3546 3548 
42000 3557 3557 
42050 3557 3553 
42100 3553 3547 
42150 3538 3534 
42200 3549 3547 
42250 3549 3549 
42300 3551 3549 
42350 3529 3532 
42400 3542 3549 
42450 3556 3551 
42500 3543 3541 
42550 3560 3559 
42600 3555 3552 
42650 3561 3559 
42700 3558 3567 
42750 3553 3547 
42800 3550 3553 
42850 3562 3561 
42900 3562 3566 
42950 3545 3546 
43000 3555 3551 
43050 3557 3560 
43100 3555 3562 
43150 3554 3556 
43200 3543 3548 
43250 3541 3540 
43300 3528 3531 
43350 3554 3558 
43400 3550 3555 
43450 3545 3546 
43500 3556 3556 
43550 3542 3542 
43600 3542 3555 
43650 3553 3558 
43700 3535 3540 
43750 3540 3540 
43800 3563 3555 
43850 3564 3553 
43900 3552 3552 
43950 3559 3554 
44000 3556 3555 
44050 3560 3557 
44100 3564 3563 
44150 3548 3545 
44200 3551 3551 
44250 3551 3552 
44300 3543 3548 
44350 3555 3552 
44400 3559 3558 
44450 3537 3536 
44500 3548 3549 
44550 3538 3534 
44600 3558 3553 
44650 3548 3550 
44700 3539 3539 
44750 3552 3556 
44800 3546 3542 
44850 3551 3550 
44900 3550 3553 
44950 3557 3557 
45000 3549 3551 
45050 3554 3557 
45100 3554 3553 
45150 3550 3551 
45200 3555 3555 
45250 3536 3534 
45300 3539 3536 
45350 3561 3564 
45400 3536 3539 
45450 3536 3530 
45500 3537 3537 
45550 3545 3556 
45600 3554 3556 
45650 3546 3546 
45700 3553 3555 
45750 3550 3555 
45800 3545 3547 
45850 3547 3547 
45900 3557 3553 
45950 3562 3564 
46000 3543 3548 
46050 3554 3549 
46100 3553 3550 
46150 3534 3539 
46200 3548 3544 
46250 3531 3538 
46300 3559 3561 
46350 3549 3557 
46400 3539 3539 
46450 3545 3548 
46500 3559 3556 
46550 3545 3554 
46600 3554 3554 
46650 3554 3556 
46700 3549 3551 
46750 3539 3538 
46800 3549 3550 
46850 3550 3555 
46900 3549 3551 
46950 3554 3554 
47000 3542 3539 
47050 3563 3567 
47100 3549 3547 
47150 3543 3547 
47200 3540 3545 
47250 3555 3549 
47300 3541 3538 
47350 3555 3549 
47400 3557 3555 
47450 3550 3548 
47500 3546 3547 
47550 3558 3561 
47600 3558 3557 
47650 3562 3556 
47700 3546 3545 
47750 3564 3560 
47800 3562 3558 
47850 3541 3544 
47900 3543 3546 
47950 3560 3558 
48000 3565 3571 
48050 3551 3554 
48100 3546 3551 
48150 3542 3548 
48200 3540 3547 
48250 3556 3564 
48300 3549 3551 
48350 3533 3526 
48400 3551 3550 
48450 3531 3530 
48500 3526 3525 
48550 3526 3528 
48600 3560 3561 
48650 3546 3545 
48700 3551 3559 
48750 3540 3542 
48800 3524 3529 
48850 3531 3539 
48900 3557 3560 
48950 3562 3564 
49000 3552 3555 
49050 3539 3539 
49100 3549 3552 
49150 3544 3551 
49200 3546 3548 
49250 3546 3547 
49300 3549 3549 
49350 3541 3543 
49400 3556 3556 
49450 3566 3565 
49500 3556 3554 
49550 3551 3551 
49600 3545 3544 
49650 3547 3545 
49700 3541 3542 
49750 3568 3572 
49800 3553 3556 
49850 3565 3562 
49900 3544 3544 
49950 3537 3534 
50000 3546 3543 
50050 3561 3565 
50100 3552 3554 
50150 3531 3531 
50200 3550 3547 
50250 3554 3554 
50300 3539 3541 
50350 3557 3553 
50400 3549 3545 
50450 3546 3548 
50500 3540 3541 
50550 3532 3532 
50600 3550 3542 
50650 3539 3542 
50700 3555 3556 
50750 3542 3533 
50800 3537 3536 
50850 3559 3559 
50900 3557 3560 
50950 3541 3539 
51000 3551 3549 
51050 3506 3516 
51100 3542 3547 
51150 3542 3540 
51200 3542 3545 
51250 3557 3553 
51300 3550 3557 
51350 3560 3554 
51400 3543 3543 
51450 3550 3548 
51500 3560 3558 
51550 3545 3541 
51600 3535 3543 
51650 3534 3533 
51700 3544 3547 
51750 3551 3550 
51800 3553 3558 
51850 3551 3559 
51900 3544 3550 
51950 3540 3548 
52000 3549 3550 
52050 3547 3547 
52100 3552 3546 
52150 3553 3554 
52200 3552 3554 
52250 3542 3546 
52300 3548 3550 
52350 3540 3545 
52400 3552 3554 
52450 3546 3549 
52500 3547 3544 
52550 3550 3553 
52600 3549 3549 
52650 3547 3550 
52700 3559 3553 
52750 3562 3559 
52800 3548 3550 
52850 3540 3545 
52900 3558 3558 
52950 3542 3545 
53000 3551 3556 
53050 3552 3556 
53100 3542 3537 
53150 3546 3551 
53200 3558 3557 
53250 3541 3538 
53300 3542 3542 
53350 3560 3563 
53400 3541 3537 
53450 3551 3552 
53500 3543 3538 
53550 3532 3533 
53600 3536 3536 
53650 3563 3561 
53700 3557 3558 
53750 3549 3547 
53800 3549 3550 
53850 3551 3547 
53900 3550 3548 
53950 3548 3545 
54000 3545 3539 
54050 3561 3559 
54100 3553 3555 
54150 3546 3556 
54200 3536 3541 
54250 3549 3556 
54300 3538 3537 
54350 3542 3541 
54400 3550 3557 
54450 3555 3549 
54500 3546 3547 
54550 3540 3540 
54600 3545 3546 
54650 3560 3557 
54700 3549 3546 
54750 3537 3542 
54800 3538 3538 
54850 3546 3548 
54900 3552 3553 
54950 3544 3545 
55000 3555 3553 
55050 3563 3560 
55100 3539 3532 
55150 3538 3538 
55200 3549 3546 
55250 3540 3543 
55300 3553 3556 
55350 3569 3570 
55400 3542 3541 
55450 3564 3560 
55500 3543 3546 
55550 3567 3572 
55600 3561 3562 
55650 3556 3553 
55700 3536 3534 
55750 3556 3560 
55800 3557 3558 
55850 3545 3546 
55900 3560 3556 
55950 3553 3554 
56000 3544 3544 
56050 3547 3541 
56100 3538 3540 
56150 3540 3545 
56200 3546 3548 
56250 3540 3536 
56300 3545 3550 
56350 3566 3567 
56400 3556 3557 
56450 3555 3555 
56500 3561 3558 
56550 3551 3557 
56600 3562 3560 
56650 3551 3552 
56700 3549 3546 
56750 3541 3534 
56800 3539 3536 
56850 3552 3554 
56900 3544 3542 
56950 3544 3546 
57000 3547 3545 
57050 3552 3553 
57100 3570 3570 
57150 3546 3543 
57200 3552 3551 
57250 3555 3557 
57300 3562 3556 
57350 3551 3550 
57400 3542 3539 
57450 3560 3560 
57500 3563 3558 
57550 3529 3525 
57600 3542 3543 
57650 3550 3554 
57700 3550 3555 
57750 3540 3544 
57800 3555 3558 
57850 3555 3554 
57900 3549 3548 
57950 3544 3545 
58000 3528 3519 
58050 3545 3550 
58100 3555 3559 
58150 3559 3558 
58200 3541 3543 
58250 3535 3539 
58300 3534 3535 
58350 3550 3548 
58400 3555 3550 
58450 3544 3541 
58500 3553 3554 
58550 3547 3546 
58600 3561 3566 
58650 3560 3559 
58700 3562 3564 
58750 3554 3556 
58800 3534 3533 
58850 3555 3558 
58900 3555 3549 
58950 3542 3540 
59000 3546 3544 
59050 3540 3538 
59100 3540 3540 
59150 3549 3547 
59200 3542 3541 
59250 3557 3555 
59300 3559 3553 
59350 3552 3555 
59400 3567 3569 
59450 3556 3559 
59500 3533 3535 
59550 3545 3551 
59600 3545 3543 
59650 3547 3540 
59700 3561 3560 
59750 3542 3545 
59800 3552 3547 
59850 3546 3548 
59900 3549 3548 
59950 3547 3551 
60000 3540 3545 
60050 3564 3559 
60100 3544 3542 
60150 3570 3571 
60200 3560 3556 
60250 3535 3534 
60300 3539 3542 
60350 3545 3547 
60400 3553 3558 
60450 3559 3559 
60500 3549 3554 
60550 3544 3542 
60600 3537 3534 
60650 3548 3545 
60700 3548 3551 
60750 3547 3546 
60800 3563 3559 
60850 3530 3520 
60900 3551 3548 
60950 3549 3545 
61000 3551 3550 
61050 3549 3554 
61100 3558 3553 
61150 3559 3559 
61200 3543 3545 
61250 3525 3530 
61300 3543 3546 
61350 3556 3553 
61400 3552 3549 
61450 3552 3560 
61500 3553 3553 
61550 3544 3546 
61600 3555 3553 
61650 3547 3547 
61700 3557 3557 
61750 3563 3565 
61800 3544 3545 
61850 3567 3563 
61900 3559 3556 
61950 3541 3539 
62000 3547 3552 
62050 3551 3553 
62100 3558 3561 
62150 3566 3561 
62200 3543 3545 
62250 3565 3556 
62300 3547 3547 
62350 3556 3557 
62400 3558 3559 
62450 3550 3550 
62500 3552 3555 
62550 3547 3547 
62600 3547 3544 
62650 3543 3541 
62700 3550 3550 
62750 3542 3539 
62800 3541 3546 
62850 3537 3537 
62900 3563 3569 
62950 3543 3545 
63000 3556 3552 
63050 3559 3557 
63100 3559 3560 
63150 3570 3566 
63200 3559 3559 
63250 3550 3555 
63300 3546 3549 
63350 3554 3555 
63400 3545 3551 
63450 3536 3530 
63500 3538 3536 
63550 3537 3547 
63600 3555 3555 
63650 3549 3544 
63700 3555 3557 
63750 3549 3552 
63800 3555 3555 
63850 3546 3546 
63900 3557 3560 
63950 3553 3553 
64000 3550 3548 
64050 3547 3544 
64100 3537 3542 
64150 3557 3555 
64200 3562 3561 
64250 3548 3550 
64300 3539 3542 
64350 3560 3562 
64400 3559 3558 
64450 3556 3556 
64500 3559 3560 
64550 3563 3560 
64600 3545 3552 
64650 3551 3550 
64700 3543 3546 
64750 3551 3551 
64800 3551 3544 
64850 3546 3544 
64900 3549 3549 
64950 3538 3540 
65000 3545 3553 
65050 3551 3552 
65100 3545 3550 
65150 3558 3557 
65200 3552 3554 
65250 3551 3551 
65300 3549 3548 
65350 3551 3549 
65400 3558 3554 
65450 3557 3547 
65500 3552 3550 
65550 3563 3564 
65600 3560 3556 
65650 3548 3551 
65700 3545 3548 
65750 3561 3559 
65800 3550 3549 
65850 3543 3549 
65900 3561 3558 
65950 3551 3553 
66000 3565 3564 
66050 3546 3548 
66100 3548 3546 
66150 3553 3551 
66200 3544 3553 
66250 3540 3549 
66300 3554 3546 
66350 3546 3549 
66400 3556 3552 
66450 3538 3553 
66500 3557 3559 
66550 3555 3554 
66600 3542 3555 
66650 3540 3538 
66700 3549 3548 
66750 3548 3538 
66800 3553 3547 
66850 3556 3557 
66900 3546 3546 
66950 3533 3540 
67000 3544 3549 
67050 3541 3542 
67100 3551 3551 
67150 3541 3540 
67200 3539 3539 
67250 3540 3540 
67300 3548 3550 
67350 3555 3561 
67400 3540 3543 
67450 3549 3551 
67500 3556 3563 
67550 3544 3546 
67600 3537 3549 
67650 3543 3541 
67700 3561 3560 
67750 3549 3554 
67800 3545 3547 
67850 3523 3522 
67900 3537 3535 
67950 3558 3559 
68000 3549 3544 
68050 3550 3545 
68100 3542 3541 
68150 3555 3557 
68200 3554 3557 
68250 3553 3558 
68300 3564 3562 
68350 3555 3550 
68400 3552 3550 
68450 3552 3545 
68500 3548 3548 
68550 3552 3551 
68600 3543 3547 
68650 3542 3543 
68700 3533 3536 
68750 3552 3552 
68800 3548 3548 
68850 3534 3539 
68900 3555 3556 
68950 3544 3553 
69000 3538 3534 
69050 3550 3544 
69100 3559 3562 
69150 3548 3556 
69200 3551 3560 
69250 3554 3551 
69300 3556 3553 
69350 3545 3549 
69400 3547 3548 
69450 3551 3554 
69500 3548 3548 
69550 3540 3540 
69600 3540 3538 
69650 3547 3547 
69700 3553 3551 
69750 3554 3547 
69800 3548 3543 
69850 3538 3546 
69900 3547 3550 
69950 3542 3546 
70000 3557 3561 
70050 3570 3568 
70100 3548 3549 
70150 3557 3551 
70200 3557 3559 
70250 3544 3543 
70300 3559 3554 
70350 3547 3550 
70400 3552 3543 
70450 3543 3538 
70500 3552 3550 
70550 3559 3555 
70600 3545 3547 
70650 3561 3552 
70700 3551 3557 
70750 3563 3555 
70800 3561 3557 
70850 3554 3557 
70900 3556 3557 
70950 3543 3541 
71000 3547 3543 
71050 3542 3542 
71100 3543 3546 
71150 3547 3547 
71200 3538 3542 
71250 3557 3550 
71300 3551 3550 
71350 3550 3552 
71400 3535 3536 
71450 3545 3544 
71500 3552 3550 
71550 3552 3552 
71600 3562 3563 
71650 3539 3543 
71700 3549 3554 
71750 3542 3544 
71800 3548 3541 
71850 3566 3564 
71900 3557 3553 
71950 3554 3558 
72000 3546 3547 
72050 3559 3556 
72100 3553 3550 
72150 3553 3553 
72200 3550 3548 
72250 3554 3561 
72300 3546 3546 
72350 3548 3544 
72400 3552 3548 
72450 3534 3536 
72500 3560 3559 
72550 3552 3552 
72600 3565 3562 
72650 3541 3543 
72700 3538 3546 
72750 3545 3550 
72800 3535 3537 
72850 3541 3539 
72900 3526 3531 
72950 3548 3549 
73000 3547 3540 
73050 3554 3559 
73100 3569 3569 
73150 3556 3560 
73200 3551 3551 
73250 3551 3553 
73300 3542 3543 
73350 3561 3563 
73400 3555 3553 
73450 3540 3529 
73500 3559 3554 
73550 3553 3553 
73600 3559 3556 
73650 3548 3549 
73700 3551 3554 
73750 3555 3565 
73800 3551 3557 
73850 3550 3544 
73900 3564 3561 
73950 3558 3555 
74000 3559 3559 
74050 3558 3562 
74100 3554 3560 
74150 3546 3542 
74200 3542 3546 
74250 3547 3552 
74300 3541 3543 
74350 3542 3544 
74400 3548 3548 
74450 3561 3555 
74500 3562 3558 
74550 3546 3541 
74600 3543 3548 
74650 3548 3548 
74700 3548 3542 
74750 3549 3549 
74800 3548 3546 
74850 3551 3549 
74900 3548 3549 
74950 3537 3538 
75000 3534 3538 
75050 3547 3546 
75100 3538 3540 
75150 3560 3558 
75200 3559 3556 
75250 3547 3546 
75300 3550 3552 
75350 3558 3559 
75400 3543 3541 
75450 3552 3547 
75500 3542 3540 
75550 3560 3549 
75600 3558 3554 
75650 3557 3554 
75700 3536 3542 
75750 3543 3543 
75800 3553 3551 
75850 3542 3551 
75900 3532 3534 
75950 3553 3555 
76000 3547 3545 
76050 3541 3535 
76100 3556 3557 
76150 3556 3546 
76200 3543 3545 
76250 3561 3554 
76300 3542 3535 
76350 3553 3558 
76400 3555 3549 
76450 3544 3536 
76500 3564 3556 
76550 3540 3544 
76600 3546 3540 
76650 3551 3552 
76700 3535 3540 
76750 3549 3548 
76800 3541 3541 
76850 3541 3544 
76900 3548 3551 
76950 3544 3543 
77000 3553 3556 
77050 3556 3554 
77100 3541 3542 
77150 3551 3549 
77200 3549 3546 
77250 3534 3532 
77300 3543 3540 
77350 3547 3552 
77400 3546 3548 
77450 3544 3543 
77500 3552 3554 
77550 3553 3555 
77600 3546 3548 
77650 3546 3552 
77700 3544 3539 
77750 3570 3567 
77800 3553 3552 
77850 3562 3566 
77900 3555 3557 
77950 3550 3544 
78000 3547 3546 
78050 3562 3562 
78100 3564 3563 
78150 3548 3551 
78200 3551 3549 
78250 3554 3554 
78300 3551 3553 
78350 3571 3573 
78400 3549 3545 
78450 3566 3563 
78500 3546 3546 
78550 3546 3550 
78600 3551 3546 
78650 3561 3554 
78700 3562 3564 
78750 3554 3558 
78800 3539 3548 
78850 3539 3535 
78900 3549 3549 
78950 3558 3554 
79000 3561 3564 
79050 3554 3549 
79100 3544 3546 
79150 3564 3561 
79200 3573 3571 
79250 3533 3542 
79300 3563 3562 
79350 3555 3553 
79400 3539 3534 
79450 3567 3563 
79500 3541 3547 
79550 3557 3561 
79600 3543 3539 
79650 3556 3556 
79700 3544 3547 
79750 3538 3535 
79800 3567 3565 
79850 3559 3561 
79900 3550 3550 
79950 3562 3555 
80000 3548 3551 
80050 3549 3546 
80100 3541 3548 
80150 3543 3552 
80200 3548 3544 
80250 3565 3561 
80300 3562 3557 
80350 3544 3544 
80400 3556 3561 
80450 3560 3563 
80500 3541 3542 
80550 3555 3553 
80600 3550 3551 
80650 3540 3545 
80700 3548 3552 
80750 3528 3530 
80800 3552 3552 
80850 3552 3549 
80900 3547 3547 
80950 3555 3556 
81000 3555 3552 
81050 3556 3559 
81100 3551 3551 
81150 3548 3547 
81200 3545 3547 
81250 3552 3553 
81300 3549 3554 
81350 3543 3543 
81400 3557 3554 
81450 3546 3551 
81500 3561 3555 
81550 3556 3554 
81600 3552 3553 
81650 3553 3552 
81700 3553 3556 
81750 3564 3562 
81800 3551 3552 
81850 3545 3540 
81900 3542 3533 
81950 3561 3564 
82000 3561 3556 
82050 3550 3552 
82100 3553 3550 
82150 3545 3539 
82200 3545 3550 
82250 3550 3549 
82300 3562 3560 
82350 3547 3552 
82400 3554 3547 
82450 3553 3560 
82500 3541 3548 
82550 3559 3557 
82600 3546 3547 
82650 3548 3556 
82700 3561 3560 
82750 3571 3563 
82800 3556 3553 
82850 3544 3551 
82900 3544 3546 
82950 3534 3536 
83000 3552 3551 
83050 3553 3552 
83100 3543 3545 
83150 3546 3545 
83200 3558 3550 
83250 3550 3546 
83300 3557 3558 
83350 3522 3527 
83400 3545 3543 
83450 3542 3535 
83500 3552 3541 
83550 3550 3547 
83600 3534 3531 
83650 3551 3548 
83700 3544 3546 
83750 3538 3536 
83800 3562 3555 
83850 3561 3560 
83900 3551 3557 
83950 3565 3566 
84000 3549 3548 
84050 3545 3534 
84100 3544 3540 
84150 3556 3562 
84200 3549 3551 
84250 3548 3549 
84300 3547 3547 
84350 3551 3546 
84400 3546 3544 
84450 3548 3544 
84500 3552 3551 
84550 3548 3547 
84600 3554 3556 
84650 3567 3571 
84700 3545 3544 
84750 3550 3558 
84800 3538 3543 
84850 3535 3538 
84900 3560 3557 
84950 3542 3541 
85000 3564 3562 
85050 3540 3534 
85100 3546 3545 
85150 3560 3561 
85200 3554 3550 
85250 3555 3555 
85300 3540 3544 
85350 3565 3565 
85400 3551 3551 
85450 3545 3552 
85500 3528 3541 
85550 3549 3551 
85600 3547 3545 
85650 3542 3544 
85700 3545 3550 
85750 3558 3557 
85800 3562 3558 
85850 3562 3560 
85900 3550 3551 
85950 3542 3548 
86000 3528 3536 
86050 3535 3540 
86100 3549 3548 
86150 3556 3558 
86200 3537 3530 
86250 3557 3556 
86300 3557 3554 
86350 3550 3560 
86400 3537 3538 
86450 3566 3564 
86500 3558 3560 
86550 3563 3561 
86600 3551 3556 
86650 3551 3549 
86700 3541 3542 
86750 3549 3549 
86800 3560 3562 
86850 3546 3538 
86900 3526 3525 
86950 3533 3537 
87000 3533 3540 
87050 3542 3546 
87100 3551 3544 
87150 3557 3558 
87200 3533 3525 
87250 3530 3531 
87300 3557 3555 
87350 3540 3541 
87400 3555 3551 
87450 3548 3547 
87500 3549 3548 
87550 3547 3542 
87600 3550 3554 
87650 3557 3555 
87700 3541 3540 
87750 3539 3541 
87800 3553 3549 
87850 3546 3552 
87900 3555 3551 
87950 3537 3551 
88000 3555 3550 
88050 3537 3537 
88100 3544 3549 
88150 3555 3556 
88200 3551 3548 
88250 3539 3534 
88300 3543 3552 
88350 3536 3529 
88400 3534 3532 
88450 3564 3554 
88500 3549 3548 
88550 3559 3547 
88600 3559 3559 
88650 3558 3557 
88700 3534 3532 
88750 3562 3567 
88800 3552 3550 
88850 3545 3550 
88900 3545 3544 
88950 3545 3548 
89000 3544 3549 
89050 3555 3555 
89100 3546 3539 
89150 3551 3548 
89200 3560 3559 
89250 3535 3533 
89300 3549 3546 
89350 3530 3530 
89400 3542 3537 
89450 3555 3554 
89500 3556 3557 
89550 3545 3544 
89600 3561 3565 
89650 3545 3551 
89700 3536 3541 
89750 3553 3548 
89800 3544 3543 
89850 3557 3557 
89900 3551 3557 
89950 3531 3538 
90000 3549 3548 
90050 3561 3554 
90100 3553 3555 
90150 3552 3557 
90200 3554 3558 
90250 3542 3540 
90300 3561 3562 
90350 3551 3543 
90400 3556 3553 
90450 3549 3547 
90500 3551 3551 
90550 3555 3552 
90600 3551 3547 
90650 3553 3549 
90700 3562 3559 
90750 3564 3560 
90800 3549 3552 
90850 3556 3556 
90900 3554 3557 
90950 3553 3552 
91000 3558 3561 
91050 3561 3555 
91100 3544 3546 
91150 3550 3548 
91200 3531 3531 
91250 3551 3553 
91300 3549 3539 
91350 3557 3556 
91400 3546 3551 
91450 3560 3559 
91500 3546 3551 
91550 3547 3549 
91600 3537 3541 
91650 3556 3558 
91700 3548 3553 
91750 3547 3551 
91800 3538 3540 
91850 3556 3556 
91900 3557 3557 
91950 3553 3546 
92000 3553 3558 
92050 3563 3563 
92100 3544 3556 
92150 3559 3561 
92200 3553 3551 
92250 3551 3555 
92300 3553 3551 
92350 3552 3548 
92400 3556 3552 
92450 3551 3550 
92500 3548 3548 
92550 3536 3535 
92600 3561 3548 
92650 3552 3542 
92700 3540 3539 
92750 3540 3550 
92800 3546 3552 
92850 3558 3554 
92900 3549 3545 
92950 3546 3542 
93000 3543 3541 
93050 3549 3547 
93100 3555 3561 
93150 3554 3554 
93200 3537 3534 
93250 3562 3559 
93300 3549 3548 
93350 3550 3545 
93400 3549 3558 
93450 3557 3558 
93500 3551 3545 
93550 3553 3553 
93600 3551 3548 
93650 3564 3564 
93700 3536 3539 
93750 3536 3533 
93800 3554 3552 
93850 3551 3551 
93900 3541 3546 
93950 3544 3546 
94000 3544 3544 
94050 3558 3558 
94100 3547 3547 
94150 3551 3548 
94200 3544 3541 
94250 3560 3556 
94300 3557 3549 
94350 3564 3565 
94400 3551 3550 
94450 3547 3545 
94500 3529 3535 
94550 3554 3555 
94600 3550 3546 
94650 3537 3532 
94700 3561 3555 
94750 3548 3550 
94800 3540 3542 
94850 3556 3558 
94900 3543 3539 
94950 3546 3554 
95000 3546 3547 
95050 3547 3549 
95100 3561 3556 
95150 3548 3547 
95200 3548 3550 
95250 3550 3551 
95300 3548 3544 
95350 3532 3532 
95400 3552 3558 
95450 3531 3528 
95500 3534 3535 
95550 3560 3567 
95600 3545 3551 
95650 3553 3558 
95700 3558 3560 
95750 3546 3551 
95800 3544 3539 
95850 3556 3552 
95900 3539 3540 
95950 3552 3551 
96000 3553 3560 
96050 3559 3562 
96100 3545 3557 
96150 3550 3548 
96200 3539 3545 
96250 3541 3542 
96300 3536 3532 
96350 3555 3547 
96400 3551 3558 
96450 3547 3547 
96500 3544 3538 
96550 3547 3547 
96600 3540 3544 
96650 3545 3545 
96700 3540 3545 
96750 3549 3548 
96800 3556 3563 
96850 3529 3525 
96900 3555 3550 
96950 3554 3553 
97000 3550 3551 
97050 3542 3543 
97100 3533 3527 
97150 3536 3542 
97200 3535 3537 
97250 3553 3556 
97300 3550 3554 
97350 3544 3544 
97400 3554 3554 
97450 3563 3563 
97500 3554 3557 
97550 3554 3558 
97600 3555 3551 
97650 3540 3540 
97700 3540 3539 
97750 3541 3536 
97800 3536 3539 
97850 3531 3533 
97900 3530 3529 
97950 3530 3533 
98000 3547 3547 
98050 3548 3550 
98100 3557 3553 
98150 3554 3556 
98200 3550 3546 
98250 3553 3555 
98300 3551 3554 
98350 3541 3541 
98400 3547 3549 
98450 3548 3547 
98500 3534 3536 
98550 3537 3543 
98600 3560 3564 
98650 3547 3546 
98700 3543 3546 
98750 3546 3546 
98800 3552 3548 
98850 3547 3545 
98900 3554 3550 
98950 3555 3557 
99000 3547 3546 
99050 3556 3557 
99100 3555 3552 
99150 3550 3557 
99200 3540 3540 
99250 3543 3534 
99300 3552 3550 
99350 3558 3554 
99400 3544 3544 
99450 3547 3554 
99500 3537 3538 
99550 3556 3554 
99600 3546 3549 
99650 3536 3540 
99700 3550 3555 
99750 3536 3540 
99800 3555 3554 
99850 3547 3544 
99900 3562 3566 
99950 3560 3561 
100000 3553 3554 
100050 3562 3565 
100100 3564 3563 
100150 3547 3557 
100200 3532 3538 
100250 3545 3545 
100300 3559 3558 
100350 3552 3550 
100400 3553 3548 
100450 3546 3543 
100500 3542 3554 
100550 3559 3552 
100600 3547 3551 
100650 3565 3562 
100700 3531 3530 
100750 3552 3550 
100800 3561 3564 
100850 3554 3559 
100900 3544 3545 
100950 3559 3554 
101000 3549 3550 
101050 3532 3534 
101100 3546 3553 
101150 3545 3546 
101200 3560 3562 
101250 3567 3567 
101300 3552 3551 
101350 3532 3534 
101400 3541 3537 
101450 3557 3552 
101500 3553 3554 
101550 3545 3539 
101600 3548 3541 
101650 3559 3553 
101700 3539 3536 
101750 3539 3532 
101800 3554 3557 
101850 3531 3528 
101900 3562 3559 
101950 3561 3559 
102000 3560 3555 
102050 3573 3572 
102100 3549 3552 
102150 3547 3549 
102200 3556 3554 
102250 3560 3558 
102300 3528 3532 
102350 3550 3549 
102400 3527 3518 
102450 3550 3543 
102500 3558 3556 
102550 3548 3539 
102600 3548 3541 
102650 3556 3561 
102700 3556 3558 
102750 3553 3551 
102800 3566 3561 
102850 3560 3562 
102900 3558 3557 
102950 3536 3530 
103000 3558 3563 
103050 3551 3550 
103100 3545 3543 
103150 3539 3541 
103200 3556 3554 
103250 3539 3537 
103300 3555 3558 
103350 3545 3545 
103400 3549 3548 
103450 3543 3533 
103500 3548 3557 
103550 3549 3550 
103600 3544 3542 
103650 3551 3552 
103700 3543 3548 
103750 3555 3553 
103800 3556 3550 
103850 3558 3561 
103900 3550 3556 
103950 3563 3563 
104000 3550 3545 
104050 3542 3536 
104100 3549 3552 
104150 3551 3559 
104200 3562 3560 
104250 3547 3553 
104300 3548 3547 
104350 3556 3561 
104400 3553 3552 
104450 3564 3571 
104500 3553 3557 
104550 3549 3551 
104600 3552 3551 
104650 3551 3548 
104700 3555 3554 
104750 3544 3546 
104800 3563 3559 
104850 3566 3558 
104900 3538 3538 
104950 3558 3556 
105000 3547 3549 
105050 3550 3551 
105100 3544 3544 
105150 3554 3554 
105200 3536 3545 
105250 3537 3536 
105300 3532 3538 
105350 3537 3537 
105400 3544 3540 
105450 3562 3559 
105500 3551 3547 
105550 3552 3554 
105600 3541 3539 
105650 3549 3550 
105700 3545 3550 
105750 3552 3551 
105800 3550 3550 
105850 3554 3559 
105900 3542 3547 
105950 3555 3549 
106000 3553 3555 
106050 3543 3542 
106100 3552 3548 
106150 3548 3546 
106200 3547 3550 
106250 3554 3549 
106300 3542 3537 
106350 3527 3530 
106400 3552 3554 
106450 3551 3553 
106500 3556 3552 
106550 3557 3561 
106600 3537 3536 
106650 3552 3548 
106700 3544 3543 
106750 3551 3551 
106800 3537 3538 
106850 3545 3550 
106900 3555 3551 
106950 3548 3548 
107000 3546 3548 
107050 3558 3555 
107100 3539 3542 
107150 3542 3548 
107200 3533 3527 
107250 3552 3551 
107300 3546 3550 
107350 3544 3540 
107400 3549 3543 
107450 3547 3543 
107500 3554 3551 
107550 3537 3544 
107600 3541 3537 
107650 3552 3550 
107700 3544 3551 
107750 3550 3540 
107800 3551 3549 
107850 3542 3549 
107900 3538 3536 
107950 3556 3556 
108000 3561 3560 
108050 3553 3551 
108100 3551 3546 
108150 3548 3543 
108200 3549 3546 
108250 3557 3555 
108300 3544 3548 
108350 3552 3553 
108400 3550 3550 
108450 3551 3555 
108500 3550 3557 
108550 3545 3538 
108600 3537 3537 
108650 3541 3545 
108700 3528 3531 
108750 3544 3544 
108800 3543 3545 
108850 3554 3558 
108900 3538 3549 
108950 3555 3558 
109000 3553 3558 
109050 3536 3538 
109100 3546 3551 
109150 3565 3563 
109200 3558 3552 
109250 3556 3559 
109300 3567 3569 
109350 3560 3558 
109400 3548 3540 
109450 3536 3534 
109500 3548 3550 
109550 3539 3540 
109600 3551 3554 
109650 3552 3555 
109700 3526 3533 
109750 3545 3547 
109800 3557 3561 
109850 3552 3556 
109900 3548 3548 
109950 3537 3542 
110000 3534 3538 
110050 3555 3562 
110100 3558 3557 
110150 3543 3550 
110200 3554 3556 
110250 3548 3550 
110300 3554 3561 
110350 3562 3559 
110400 3552 3546 
110450 3541 3539 
110500 3535 3540 
110550 3550 3552 
110600 3552 3544 
110650 3552 3550 
110700 3553 3551 
110750 3553 3553 
110800 3556 3553 
110850 3545 3537 
110900 3534 3534 
110950 3546 3550 
111000 3546 3545 
111050 3544 3543 
111100 3542 3545 
111150 3551 3551 
111200 3559 3557 
111250 3546 3543 
111300 3537 3526 
111350 3557 3556 
111400 3526 3522 
111450 3550 3552 
111500 3552 3550 
111550 3541 3543 
111600 3564 3564 
111650 3547 3552 
111700 3548 3554 
111750 3553 3549 
111800 3553 3554 
111850 3551 3554 
111900 3556 3557 
111950 3560 3565 
112000 3559 3561 
112050 3557 3554 
112100 3553 3560 
112150 3537 3533 
112200 3541 3538 
112250 3535 3530 
112300 3538 3529 
112350 3544 3543 
112400 3534 3538 
112450 3556 3550 
112500 3548 3544 
112550 3535 3532 
112600 3527 3520 
112650 3540 3535 
112700 3539 3538 
112750 3539 3544 
112800 3542 3547 
112850 3561 3561 
112900 3532 3527 
112950 3533 3531 
113000 3552 3555 
113050 3534 3535 
113100 3543 3542 
113150 3535 3534 
113200 3551 3552 
113250 3557 3558 
113300 3540 3541 
113350 3540 3540 
113400 3549 3551 
113450 3538 3545 
113500 3534 3541 
113550 3546 3538 
113600 3549 3548 
113650 3559 3558 
113700 3536 3536 
113750 3545 3541 
113800 3556 3552 
113850 3555 3552 
113900 3558 3555 
113950 3543 3540 
114000 3550 3546 
114050 3549 3545 
114100 3547 3552 
114150 3539 3536 
114200 3556 3547 
114250 3554 3555 
114300 3550 3549 
114350 3541 3545 
114400 3534 3537 
114450 3554 3549 
114500 3557 3550 
114550 3557 3557 
114600 3548 3548 
114650 3546 3550 
114700 3536 3542 
114750 3553 3552 
114800 3539 3536 
114850 3558 3558 
114900 3531 3534 
114950 3559 3564 
115000 3542 3541 
115050 3534 3536 
115100 3556 3555 
115150 3534 3539 
115200 3556 3554 
115250 3547 3554 
115300 3542 3546 
115350 3547 3552 
115400 3547 3553 
115450 3558 3556 
115500 3549 3548 
115550 3542 3543 
115600 3526 3530 
115650 3547 3543 
115700 3555 3554 
115750 3553 3552 
115800 3556 3553 
115850 3548 3551 
115900 3550 3547 
115950 3549 3550 
116000 3550 3550 
116050 3566 3562 
116100 3542 3536 
116150 3555 3558 
116200 3556 3553 
116250 3565 3569 
116300 3550 3552 
116350 3561 3558 
116400 3547 3546 
116450 3539 3544 
116500 3562 3565 
116550 3538 3538 
116600 3543 3548 
116650 3556 3556 
116700 3556 3552 
116750 3545 3542 
116800 3555 3557 
116850 3555 3559 
116900 3541 3546 
116950 3531 3534 
117000 3549 3542 
117050 3556 3559 
117100 3547 3547 
117150 3543 3545 
117200 3552 3548 
117250 3537 3532 
117300 3541 3546 
117350 3562 3564 
117400 3558 3557 
117450 3552 3551 
117500 3530 3531 
117550 3555 3558 
117600 3549 3548 
117650 3560 3561 
117700 3546 3545 
117750 3556 3553 
117800 3546 3544 
117850 3545 3546 
117900 3552 3553 
117950 3547 3553 
118000 3548 3550 
118050 3549 3544 
118100 3544 3541 
118150 3544 3545 
118200 3543 3543 
118250 3547 3545 
118300 3543 3539 
118350 3565 3561 
118400 3545 3539 
118450 3557 3557 
118500 3547 3549 
118550 3559 3557 
118600 3526 3532 
118650 3556 3555 
118700 3547 3549 
118750 3557 3556 
118800 3553 3554 
118850 3541 3544 
118900 3549 3556 
118950 3543 3549 
119000 3554 3554 
119050 3553 3557 
119100 3545 3550 
119150 3533 3536 
119200 3536 3539 
119250 3547 3545 
119300 3543 3546 
119350 3553 3549 
119400 3556 3558 
119450 3552 3554 
119500 3557 3558 
119550 3554 3548 
119600 3533 3536 
119650 3544 3548 
119700 3549 3550 
119750 3538 3533 
119800 3529 3522 
119850 3537 3535 
119900 3548 3550 
119950 3554 3551 
120000 3558 3560 
120050 3555 3557 
120100 3550 3548 
120150 3543 3536 
120200 3550 3555 
120250 3540 3548 
120300 3543 3542 
120350 3542 3541 
120400 3543 3546 
120450 3551 3550 
120500 3542 3540 
120550 3539 3544 
120600 3538 3536 
120650 3544 3545 
120700 3520 3522 
120750 3548 3549 
120800 3557 3557 
120850 3544 3540 
120900 3563 3558 
120950 3549 3552 
121000 3545 3548 
121050 3547 3543 
121100 3552 3547 
121150 3546 3546 
121200 3570 3566 
121250 3542 3552 
121300 3546 3549 
121350 3552 3554 
121400 3532 3529 
121450 3540 3549 
121500 3547 3542 
121550 3561 3559 
121600 3547 3542 
121650 3541 3538 
121700 3562 3561 
121750 3541 3549 
121800 3555 3556 
121850 3543 3546 
121900 3538 3528 
121950 3553 3557 
122000 3560 3561 
122050 3565 3563 
122100 3564 3566 
122150 3548 3553 
122200 3541 3544 
122250 3537 3539 
122300 3557 3553 
122350 3565 3563 
122400 3552 3547 
122450 3549 3547 
122500 3550 3552 
122550 3536 3544 
122600 3553 3549 
122650 3556 3557 
122700 3546 3548 
122750 3547 3548 
122800 3546 3545 
122850 3559 3560 
122900 3564 3557 
122950 3563 3560 
123000 3548 3552 
123050 3538 3535 
123100 3560 3558 
123150 3558 3553 
123200 3560 3557 
123250 3542 3549 
123300 3558 3558 
123350 3565 3559 
123400 3541 3534 
123450 3538 3535 
123500 3554 3559 
123550 3571 3565 
123600 3544 3537 
123650 3547 3552 
123700 3547 3550 
123750 3553 3542 
123800 3544 3542 
123850 3544 3547 
123900 3551 3549 
123950 3549 3551 
124000 3545 3541 
124050 3559 3553 
124100 3548 3544 
124150 3547 3550 
124200 3548 3541 
124250 3548 3543 
124300 3554 3553 
124350 3549 3551 
124400 3556 3553 
124450 3552 3550 
124500 3545 3551 
124550 3545 3545 
124600 3554 3551 
124650 3527 3524 
124700 3537 3540 
124750 3546 3545 
124800 3565 3563 
124850 3537 3537 
124900 3552 3550 
124950 3545 3539 
125000 3548 3542 
125050 3541 3541 
125100 3541 3548 
125150 3549 3551 
125200 3543 3538 
125250 3549 3553 
125300 3567 3564 
125350 3550 3551 
125400 3562 3557 
125450 3542 3540 
125500 3548 3551 
125550 3539 3544 
125600 3548 3552 
125650 3545 3539 
125700 3556 3562 
125750 3543 3538 
125800 3566 3563 
125850 3527 3524 
125900 3543 3545 
125950 3552 3551 
126000 3532 3531 
126050 3544 3536 
126100 3556 3553 
126150 3534 3535 
126200 3544 3545 
126250 3544 3543 
126300 3555 3556 
126350 3533 3534 
126400 3542 3533 
126450 3533 3532 
126500 3543 3540 
126550 3554 3559 
126600 3558 3555 
126650 3546 3546 
126700 3552 3547 
126750 3555 3548 
126800 3541 3543 
126850 3553 3553 
126900 3531 3532 
126950 3554 3553 
127000 3551 3556 
127050 3560 3559 
127100 3549 3549 
127150 3555 3557 
127200 3547 3543 
127250 3523 3527 
127300 3555 3558 
127350 3545 3543 
127400 3543 3541 
127450 3554 3553 
127500 3555 3555 
127550 3555 3563 
127600 3558 3561 
127650 3543 3543 
127700 3541 3539 
127750 3555 3550 
127800 3556 3560 
127850 3537 3537 
127900 3553 3558 
127950 3561 3557 
128000 3556 3555 
128050 3544 3541 
128100 3551 3557 
128150 3536 3540 
128200 3561 3561 
128250 3545 3548 
128300 3542 3548 
128350 3553 3546 
128400 3558 3553 
128450 3540 3537 
128500 3554 3557 
128550 3560 3555 
128600 3544 3540 
128650 3555 3551 
128700 3559 3560 
128750 3543 3538 
128800 3560 3560 
128850 3551 3549 
128900 3553 3560 
128950 3543 3549 
129000 3560 3564 
129050 3556 3554 
129100 3544 3540 
129150 3545 3544 
129200 3537 3540 
129250 3546 3548 
129300 3548 3553 
129350 3550 3551 
129400 3551 3546 
129450 3556 3555 
129500 3554 3549 
129550 3565 3560 
129600 3558 3555 
129650 3538 3540 
129700 3546 3542 
129750 3551 3555 
129800 3541 3534 
129850 3556 3552 
129900 3551 3547 
129950 3545 3550 
130000 3543 3544 
130050 3557 3561 
130100 3542 3534 
130150 3571 3571 
130200 3547 3547 
130250 3561 3558 
130300 3548 3554 
130350 3560 3561 
130400 3556 3551 
130450 3553 3555 
130500 3555 3556 
130550 3563 3560 
130600 3554 3550 
130650 3556 3559 
130700 3559 3561 
130750 3556 3561 
130800 3549 3549 
130850 3547 3551 
130900 3551 3542 
130950 3550 3549 
131000 3553 3553 
131050 3566 3561 
131100 3538 3536 
131150 3556 3552 
131200 3559 3557 
131250 3546 3549 
131300 3556 3553 
131350 3546 3544 
131400 3565 3558 
131450 3560 3561 
131500 3545 3548 
131550 3542 3540 
131600 3542 3540 
131650 3552 3557 
131700 3553 3552 
131750 3546 3554 
131800 3540 3553 
131850 3539 3545 
131900 3548 3552 
131950 3559 3560 
132000 3541 3545 
132050 3535 3532 
132100 3527 3528 
132150 3561 3560 
132200 3544 3538 
132250 3548 3548 
132300 3555 3549 
132350 3544 3554 
132400 3560 3558 
132450 3542 3544 
132500 3549 3547 
132550 3535 3535 
132600 3556 3554 
132650 3561 3561 
132700 3556 3551 
132750 3538 3534 
132800 3541 3541 
132850 3560 3561 
132900 3554 3554 
132950 3557 3554 
133000 3552 3551 
133050 3550 3547 
133100 3547 3545 
133150 3548 3551 
133200 3543 3548 
133250 3546 3541 
133300 3554 3551 
133350 3536 3536 
133400 3541 3541 
133450 3556 3556 
133500 3557 3559 
133550 3563 3563 
133600 3549 3551 
133650 3555 3554 
133700 3538 3537 
133750 3564 3553 
133800 3545 3543 
133850 3544 3539 
133900 3556 3545 
133950 3535 3540 
134000 3559 3556 
134050 3547 3537 
134100 3549 3546 
134150 3549 3550 
134200 3550 3545 
134250 3554 3555 
134300 3549 3552 
134350 3559 3562 
134400 3552 3558 
134450 3550 3546 
134500 3552 3549 
134550 3554 3552 
134600 3542 3539 
134650 3554 3554 
134700 3552 3549 
134750 3555 3550 
134800 3542 3546 
134850 3551 3550 
134900 3545 3548 
134950 3537 3538 
135000 3541 3537 
135050 3553 3555 
135100 3554 3553 
135150 3575 3570 
135200 3540 3548 
135250 3555 3557 
135300 3552 3551 
135350 3550 3546 
135400 3562 3558 
135450 3546 3544 
135500 3561 3563 
135550 3562 3565 
135600 3551 3553 
135650 3547 3543 
135700 3540 3538 
135750 3530 3535 
135800 3555 3558 
135850 3546 3544 
135900 3533 3533 
135950 3553 3551 
136000 3551 3554 
136050 3552 3555 
136100 3556 3558 
136150 3546 3544 
136200 3548 3552 
136250 3547 3543 
136300 3548 3549 
136350 3564 3563 
136400 3551 3547 
136450 3545 3542 
136500 3540 3537 
136550 3533 3530 
136600 3542 3544 
136650 3558 3549 
136700 3561 3558 
136750 3554 3550 
136800 3537 3535 
136850 3551 3549 
136900 3551 3543 
136950 3546 3548 
137000 3555 3553 
137050 3546 3545 
137100 3538 3539 
137150 3552 3548 
137200 3562 3561 
137250 3554 3557 
137300 3558 3556 
137350 3537 3542 
137400 3552 3546 
137450 3528 3528 
137500 3527 3514 
137550 3546 3535 
137600 3532 3530 
137650 3552 3546 
137700 3550 3551 
137750 3552 3549 
137800 3560 3557 
137850 3555 3557 
137900 3541 3553 
137950 3546 3546 
138000 3546 3536 
138050 3554 3551 
138100 3563 3561 
138150 3551 3556 
138200 3558 3560 
138250 3546 3553 
138300 3553 3552 
138350 3553 3552 
138400 3557 3555 
138450 3538 3542 
138500 3558 3554 
138550 3560 3553 
138600 3547 3555 
138650 3544 3547 
138700 3548 3541 
138750 3549 3547 
138800 3549 3555 
138850 3566 3566 
138900 3550 3545 
138950 3538 3539 
139000 3559 3555 
139050 3550 3549 
139100 3552 3548 
139150 3538 3545 
139200 3552 3547 
139250 3554 3557 
139300 3557 3557 
139350 3553 3546 
139400 3544 3539 
139450 3540 3542 
139500 3547 3545 
139550 3542 3553 
139600 3549 3551 
139650 3554 3552 
139700 3554 3559 
139750 3550 3553 
139800 3552 3556 
139850 3542 3549 
139900 3556 3556 
139950 3561 3561 
140000 3555 3554 
140050 3548 3549 
140100 3559 3556 
140150 3550 3552 
140200 3548 3551 
140250 3557 3556 
140300 3551 3549 
140350 3556 3562 
140400 3567 3566 
140450 3567 3570 
140500 3557 3556 
140550 3549 3545 
140600 3552 3547 
140650 3555 3556 
140700 3542 3534 
140750 3558 3552 
140800 3555 3557 
140850 3533 3530 
140900 3559 3555 
140950 3565 3565 
141000 3537 3541 
141050 3543 3543 
141100 3553 3550 
141150 3559 3562 
141200 3536 3536 
141250 3548 3551 
141300 3551 3556 
141350 3529 3526 
141400 3546 3545 
141450 3545 3542 
141500 3557 3551 
141550 3558 3554 
141600 3555 3550 
141650 3546 3541 
141700 3547 3547 
141750 3540 3544 
141800 3542 3548 
141850 3541 3538 
141900 3549 3551 
141950 3552 3560 
142000 3557 3555 
142050 3557 3559 
142100 3549 3549 
142150 3549 3552 
142200 3557 3549 
142250 3554 3548 
142300 3553 3556 
142350 3564 3566 
142400 3557 3559 
142450 3553 3551 
142500 3541 3536 
142550 3562 3555 
142600 3563 3565 
142650 3552 3554 
142700 3557 3554 
142750 3547 3547 
142800 3556 3552 
142850 3554 3551 
142900 3551 3550 
142950 3558 3562 
143000 3547 3551 
143050 3530 3543 
143100 3557 3555 
143150 3570 3570 
143200 3554 3549 
143250 3537 3539 
143300 3566 3562 
143350 3549 3549 
143400 3553 3557 
143450 3545 3547 
143500 3555 3553 
143550 3556 3547 
143600 3547 3548 
143650 3545 3550 
143700 3543 3543 
143750 3548 3543 
143800 3546 3543 
143850 3557 3556 
143900 3546 3541 
143950 3559 3561 
144000 3544 3539 
144050 3558 3553 
144100 3550 3552 
144150 3541 3543 
144200 3534 3526 
144250 3557 3549 
144300 3561 3557 
144350 3546 3547 
144400 3558 3552 
144450 3559 3559 
144500 3543 3536 
144550 3555 3563 
144600 3557 3552 
144650 3543 3545 
144700 3543 3540 
144750 3555 3553 
144800 3553 3553 
144850 3553 3558 
144900 3547 3546 
144950 3563 3562 
145000 3544 3545 
145050 3543 3544 
145100 3549 3556 
145150 3551 3558 
145200 3547 3548 
145250 3555 3559 
145300 3566 3564 
145350 3568 3567 
145400 3563 3560 
145450 3550 3548 
145500 3528 3531 
145550 3540 3538 
145600 3542 3533 
145650 3556 3555 
145700 3547 3547 
145750 3544 3540 
145800 3558 3558 
145850 3536 3531 
145900 3553 3553 
145950 3546 3548 
146000 3567 3568 
146050 3550 3553 
146100 3558 3561 
146150 3559 3557 
146200 3560 3563 
146250 3561 3561 
146300 3559 3554 
146350 3544 3542 
146400 3554 3557 
146450 3559 3563 
146500 3539 3543 
146550 3547 3549 
146600 3540 3538 
146650 3548 3552 
146700 3540 3536 
146750 3551 3552 
146800 3553 3552 
146850 3547 3550 
146900 3552 3552 
146950 3543 3542 
147000 3529 3530 
147050 3547 3554 
147100 3550 3553 
147150 3555 3549 
147200 3556 3557 
147250 3543 3541 
147300 3545 3542 
147350 3556 3555 
147400 3564 3565 
147450 3564 3559 
147500 3538 3539 
147550 3545 3545 
147600 3546 3545 
147650 3556 3553 
147700 3534 3526 
147750 3549 3546 
147800 3544 3546 
147850 3550 3553 
147900 3550 3554 
147950 3556 3548 
148000 3560 3557 
148050 3550 3549 
148100 3545 3542 
148150 3557 3558 
148200 3550 3557 
148250 3552 3551 
148300 3554 3556 
148350 3551 3553 
148400 3556 3553 
148450 3552 3552 
148500 3550 3548 
148550 3561 3555 
148600 3544 3545 
148650 3557 3554 
148700 3552 3554 
148750 3541 3546 
148800 3553 3552 
148850 3548 3547 
148900 3549 3549 
148950 3559 3557 
149000 3567 3569 
149050 3547 3553 
149100 3553 3553 
149150 3557 3553 
149200 3547 3543 
149250 3556 3553 
149300 3547 3545 
149350 3558 3561 
149400 3556 3552 
149450 3557 3550 
149500 3539 3533 
149550 3551 3557 
149600 3543 3541 
149650 3539 3533 
149700 3565 3566 
149750 3547 3540 
149800 3548 3548 
149850 3557 3553 
149900 3535 3535 
149950 3550 3543 
150000 3560 3554 
150050 3549 3548 
150100 3555 3552 
150150 3546 3546 
150200 3556 3558 
150250 3558 3548 
150300 3546 3534 
150350 3555 3546 
150400 3551 3551 
150450 3537 3543 
150500 3547 3546 
150550 3554 3560 
150600 3551 3549 
150650 3557 3558 
150700 3545 3539 
150750 3553 3540 
150800 3551 3553 
150850 3557 3553 
150900 3549 3550 
150950 3547 3550 
151000 3554 3561 
151050 3539 3542 
151100 3552 3553 
151150 3531 3539 
151200 3556 3551 
151250 3557 3558 
151300 3565 3568 
151350 3546 3549 
151400 3547 3543 
151450 3556 3553 
151500 3566 3564 
151550 3539 3537 
151600 3550 3552 
151650 3550 3553 
151700 3544 3544 
151750 3566 3566 
151800 3547 3542 
151850 3534 3536 
151900 3554 3560 
151950 3536 3548 
152000 3529 3529 
152050 3552 3553 
152100 3551 3554 
152150 3571 3568 
152200 3559 3564 
152250 3538 3535 
152300 3533 3533 
152350 3545 3551 
152400 3556 3561 
152450 3547 3545 
152500 3541 3548 
152550 3532 3541 
152600 3558 3565 
152650 3568 3568 
152700 3549 3550 
152750 3561 3566 
152800 3555 3547 
152850 3561 3564 
152900 3562 3560 
152950 3545 3547 
153000 3563 3562 
153050 3546 3547 
153100 3562 3555 
153150 3554 3555 
153200 3555 3551 
153250 3544 3543 
153300 3544 3550 
153350 3539 3542 
153400 3557 3558 
153450 3553 3555 
153500 3562 3562 
153550 3543 3538 
153600 3541 3542 
153650 3536 3543 
153700 3550 3543 
153750 3554 3544 
153800 3554 3560 
153850 3563 3563 
153900 3546 3545 
153950 3545 3547 
154000 3532 3532 
154050 3564 3566 
154100 3552 3552 
154150 3551 3551 
154200 3549 3553 
154250 3555 3553 
154300 3568 3558 
154350 3574 3576 
154400 3549 3548 
154450 3546 3542 
154500 3559 3560 
154550 3542 3541 
154600 3554 3556 
154650 3553 3550 
154700 3550 3550 
154750 3540 3538 
154800 3545 3541 
154850 3557 3558 
154900 3553 3559 
154950 3531 3537 
155000 3545 3550 
155050 3542 3536 
155100 3548 3553 
155150 3536 3537 
155200 3553 3558 
155250 3543 3543 
155300 3539 3540 
155350 3541 3541 
155400 3552 3549 
155450 3554 3552 
155500 3554 3551 
155550 3545 3543 
155600 3553 3553 
155650 3555 3557 
155700 3557 3549 
155750 3550 3550 
155800 3560 3553 
155850 3560 3562 
155900 3561 3561 
155950 3543 3544 
156000 3540 3543 
156050 3560 3555 
156100 3549 3554 
156150 3533 3529 
156200 3565 3564 
156250 3538 3533 
156300 3550 3552 
156350 3552 3548 
156400 3566 3567 
156450 3548 3542 
156500 3556 3555 
156550 3561 3562 
156600 3557 3559 
156650 3555 3549 
156700 3565 3561 
156750 3553 3550 
156800 3542 3546 
156850 3542 3549 
156900 3553 3548 
156950 3550 3553 
157000 3551 3553 
157050 3544 3543 
157100 3566 3568 
157150 3552 3557 
157200 3565 3567 
157250 3533 3536 
157300 3554 3547 
157350 3545 3549 
157400 3541 3544 
157450 3546 3552 
157500 3541 3542 
157550 3550 3554 
157600 3552 3546 
157650 3534 3533 
157700 3558 3557 
157750 3555 3561 
157800 3545 3547 
157850 3554 3551 
157900 3569 3563 
157950 3561 3558 
158000 3543 3546 
158050 3546 3548 
158100 3558 3555 
158150 3554 3554 
158200 3547 3556 
158250 3546 3548 
158300 3572 3570 
158350 3572 3571 
158400 3558 3565 
158450 3549 3548 
158500 3546 3547 
158550 3545 3541 
158600 3551 3544 
158650 3546 3549 
158700 3530 3531 
158750 3552 3554 
158800 3542 3540 
158850 3544 3539 
158900 3570 3566 
158950 3559 3557 
159000 3567 3565 
159050 3554 3552 
159100 3561 3564 
159150 3543 3548 
159200 3548 3554 
159250 3550 3554 
159300 3525 3522 
159350 3554 3557 
159400 3551 3550 
159450 3550 3552 
159500 3562 3556 
159550 3547 3544 
159600 3559 3554 
159650 3557 3560 
159700 3549 3547 
159750 3529 3533 
159800 3567 3570 
159850 3517 3523 
159900 3556 3561 
159950 3542 3541 
160000 3538 3539 
160050 3556 3548 
160100 3548 3544 
160150 3546 3546 
160200 3556 3555 
160250 3546 3542 
160300 3539 3541 
160350 3531 3524 
160400 3531 3536 
160450 3548 3545 
160500 3543 3544 
160550 3547 3544 
160600 3560 3559 
160650 3531 3537 
160700 3552 3544 
160750 3550 3552 
160800 3551 3552 
160850 3554 3552 
160900 3557 3559 
160950 3544 3548 
161000 3547 3546 
161050 3553 3554 
161100 3550 3547 
161150 3537 3538 
161200 3549 3549 
161250 3549 3546 
161300 3552 3556 
161350 3538 3534 
161400 3555 3550 
161450 3560 3561 
161500 3532 3533 
161550 3547 3546 
161600 3531 3530 
161650 3553 3547 
161700 3549 3551 
161750 3560 3556 
161800 3541 3538 
161850 3551 3549 
161900 3562 3554 
161950 3544 3545 
162000 3548 3551 
162050 3557 3554 
162100 3569 3573 
162150 3550 3549 
162200 3551 3548 
162250 3529 3528 
162300 3550 3548 
162350 3541 3536 
162400 3556 3553 
162450 3550 3546 
162500 3532 3529 
162550 3547 3543 
162600 3551 3543 
162650 3551 3546 
162700 3559 3557 
162750 3548 3555 
162800 3541 3539 
162850 3557 3561 
162900 3552 3548 
162950 3551 3554 
163000 3545 3542 
163050 3546 3545 
163100 3561 3560 
163150 3540 3541 
163200 3562 3564 
163250 3564 3564 
163300 3541 3544 
163350 3545 3540 
163400 3552 3558 
163450 3534 3530 
163500 3546 3544 
163550 3546 3549 
163600 3553 3556 
163650 3536 3529 
163700 3535 3538 
163750 3546 3542 
163800 3548 3551 
163850 3555 3561 
163900 3540 3539 
163950 3549 3549 
164000 3555 3553 
164050 3574 3572 
164100 3554 3555 
164150 3542 3540 
164200 3565 3559 
164250 3554 3556 
164300 3544 3544 
164350 3554 3556 
164400 3548 3553 
164450 3548 3549 
164500 3546 3548 
164550 3555 3558 
164600 3557 3562 
164650 3550 3548 
164700 3545 3551 
164750 3557 3554 
164800 3542 3541 
164850 3551 3550 
164900 3537 3541 
164950 3537 3535 
165000 3554 3556 
165050 3561 3567 
165100 3545 3543 
165150 3545 3543 
165200 3558 3549 
165250 3561 3562 
165300 3546 3546 
165350 3548 3547 
165400 3547 3541 
165450 3542 3540 
165500 3548 3546 
165550 3546 3545 
165600 3541 3541 
165650 3548 3547 
165700 3546 3545 
165750 3543 3544 
165800 3547 3549 
165850 3548 3542 
165900 3548 3549 
165950 3558 3558 
166000 3548 3540 
166050 3536 3540 
166100 3545 3550 
166150 3554 3557 
166200 3549 3553 
166250 3553 3552 
166300 3534 3528 
166350 3546 3543 
166400 3555 3559 
166450 3569 3565 
166500 3541 3544 
166550 3553 3554 
166600 3547 3549 
166650 3544 3545 
166700 3551 3546 
166750 3540 3536 
166800 3540 3537 
166850 3548 3546 
166900 3545 3549 
166950 3557 3553 
167000 3554 3554 
167050 3551 3546 
167100 3552 3556 
167150 3544 3548 
167200 3542 3539 
167250 3548 3551 
167300 3552 3554 
167350 3554 3555 
167400 3553 3545 
167450 3547 3543 
167500 3566 3565 
167550 3547 3548 
167600 3529 3531 
167650 3550 3552 
167700 3541 3544 
167750 3554 3557 
167800 3563 3563 
167850 3561 3556 
167900 3555 3550 
167950 3555 3554 
168000 3550 3548 
168050 3544 3541 
168100 3541 3548 
168150 3542 3544 
168200 3537 3537 
168250 3538 3541 
168300 3543 3530 
168350 3556 3554 
168400 3546 3548 
168450 3546 3543 
168500 3552 3552 
168550 3559 3559 
168600 3545 3543 
168650 3540 3541 
168700 3543 3532 
168750 3563 3563 
168800 3548 3542 
168850 3554 3555 
168900 3545 3546 
168950 3559 3553 
169000 3548 3550 
169050 3553 3551 
169100 3558 3556 
169150 3539 3538 
169200 3561 3560 
169250 3559 3553 
169300 3546 3542 
169350 3548 3546 
169400 3559 3558 
169450 3554 3546 
169500 3544 3545 
169550 3531 3530 
169600 3543 3543 
169650 3543 3548 
169700 3558 3558 
169750 3554 3546 
169800 3545 3539 
169850 3551 3545 
169900 3528 3530 
169950 3547 3553 
170000 3542 3544 
170050 3531 3533 
170100 3564 3560 
170150 3544 3542 
170200 3558 3559 
170250 3543 3547 
170300 3542 3549 
170350 3556 3553 
170400 3540 3538 
170450 3555 3552 
170500 3540 3545 
170550 3552 3556 
170600 3552 3554 
170650 3539 3546 
170700 3557 3551 
170750 3554 3556 
170800 3563 3561 
170850 3556 3557 
170900 3528 3535 
170950 3547 3546 
171000 3555 3560 
171050 3557 3549 
171100 3550 3550 
171150 3550 3552 
171200 3551 3549 
171250 3545 3547 
171300 3556 3549 
171350 3546 3548 
171400 3565 3563 
171450 3557 3555 
171500 3566 3555 
171550 3561 3561 
171600 3563 3560 
171650 3560 3562 
171700 3547 3548 
171750 3556 3552 
171800 3551 3550 
171850 3552 3550 
171900 3548 3543 
171950 3545 3546 
172000 3551 3551 
172050 3526 3531 
172100 3547 3547 
172150 3559 3547 
172200 3545 3539 
172250 3554 3552 
172300 3551 3548 
172350 3564 3565 
172400 3539 3542 
172450 3550 3547 
172500 3556 3551 
172550 3557 3560 
172600 3545 3546 
172650 3540 3541 
172700 3546 3549 
172750 3538 3543 
172800 3550 3550 
172850 3552 3550 
172900 3559 3557 
172950 3536 3533 
173000 3537 3540 
173050 3541 3541 
173100 3544 3547 
173150 3557 3556 
173200 3539 3538 
173250 3553 3553 
173300 3566 3566 
173350 3559 3554 
173400 3541 3542 
173450 3556 3563 
173500 3549 3546 
173550 3542 3544 
173600 3535 3532 
173650 3553 3552 
173700 3549 3550 
173750 3543 3539 
173800 3547 3551 
173850 3559 3561 
173900 3543 3540 
173950 3543 3540 
174000 3545 3548 
174050 3549 3546 
174100 3552 3555 
174150 3552 3557 
174200 3563 3564 
174250 3545 3553 
174300 3543 3547 
174350 3545 3548 
174400 3567 3564 
174450 3553 3554 
174500 3553 3547 
174550 3560 3556 
174600 3556 3554 
174650 3549 3546 
174700 3545 3548 
174750 3549 3553 
174800 3541 3545 
174850 3545 3550 
174900 3537 3545 
174950 3544 3546 
175000 3563 3567 
175050 3539 3545 
175100 3545 3541 
175150 3541 3546 
175200 3544 3543 
175250 3544 3550 
175300 3534 3541 
175350 3554 3551 
175400 3561 3564 
175450 3558 3560 
175500 3550 3554 
175550 3554 3552 
175600 3539 3536 
175650 3545 3543 
175700 3558 3563 
175750 3547 3550 
175800 3558 3563 
175850 3564 3563 
175900 3540 3540 
175950 3547 3554 
176000 3549 3547 
176050 3550 3553 
176100 3560 3566 
176150 3559 3554 
176200 3540 3541 
176250 3561 3560 
176300 3540 3543 
176350 3546 3544 
176400 3535 3537 
176450 3565 3567 
176500 3554 3559 
176550 3570 3568 
176600 3555 3554 
176650 3562 3553 
176700 3561 3557 
176750 3557 3560 
176800 3542 3545 
176850 3549 3550 
176900 3548 3552 
176950 3557 3547 
177000 3535 3539 
177050 3553 3550 
177100 3541 3541 
177150 3558 3554 
177200 3563 3563 
177250 3534 3539 
177300 3550 3553 
177350 3550 3550 
177400 3554 3555 
177450 3561 3558 
177500 3525 3525 
177550 3547 3549 
177600 3557 3556 
177650 3541 3542 
177700 3542 3542 
177750 3544 3545 
177800 3548 3550 
177850 3555 3553 
177900 3548 3544 
177950 3550 3551 
178000 3547 3549 
178050 3545 3545 
178100 3541 3549 
178150 3547 3545 
178200 3554 3552 
178250 3548 3550 
178300 3545 3550 
178350 3556 3552 
178400 3551 3555 
178450 3538 3541 
178500 3558 3561 
178550 3546 3547 
178600 3552 3556 
178650 3541 3540 
178700 3547 3548 
178750 3554 3552 
178800 3548 3551 
178850 3560 3559 
178900 3546 3551 
178950 3549 3547 
179000 3537 3534 
179050 3560 3563 
179100 3543 3550 
179150 3571 3565 
179200 3551 3555 
179250 3553 3546 
179300 3551 3549 
179350 3563 3562 
179400 3555 3544 
179450 3535 3536 
179500 3547 3552 
179550 3559 3555 
179600 3553 3550 
179650 3539 3543 
179700 3549 3546 
179750 3556 3556 
179800 3553 3556 
179850 3546 3548 
179900 3554 3554 
179950 3551 3550 
180000 3546 3550 
180050 3540 3540 
180100 3563 3565 
180150 3557 3557 
180200 3549 3540 
180250 3545 3548 
180300 3559 3563 
180350 3560 3561 
180400 3547 3549 
180450 3549 3547 
180500 3549 3546 
180550 3557 3557 
180600 3545 3550 
180650 3552 3552 
180700 3558 3558 
180750 3560 3556 
180800 3525 3524 
180850 3559 3561 
180900 3566 3570 
180950 3560 3556 
181000 3551 3551 
181050 3547 3539 
181100 3558 3560 
181150 3562 3565 
181200 3547 3545 
181250 3547 3539 
181300 3565 3563 
181350 3553 3549 
181400 3544 3548 
181450 3550 3555 
181500 3548 3551 
181550 3549 3547 
181600 3562 3560 
181650 3552 3548 
181700 3558 3560 
181750 3560 3557 
181800 3554 3554 
181850 3560 3559 
181900 3555 3552 
181950 3552 3550 
182000 3546 3553 
182050 3545 3545 
182100 3551 3545 
182150 3542 3543 
182200 3571 3569 
182250 3538 3540 
182300 3545 3544 
182350 3532 3537 
182400 3556 3555 
182450 3548 3554 
182500 3561 3553 
182550 3547 3544 
182600 3551 3553 
182650 3549 3546 
182700 3542 3545 
182750 3550 3558 
182800 3540 3541 
182850 3560 3557 
182900 3553 3552 
182950 3555 3563 
183000 3546 3550 
183050 3556 3559 
183100 3552 3556 
183150 3549 3549 
183200 3552 3552 
183250 3557 3554 
183300 3548 3550 
183350 3553 3554 
183400 3567 3566 
183450 3538 3542 
183500 3550 3549 
183550 3555 3545 
183600 3542 3539 
183650 3552 3559 
183700 3546 3547 
183750 3540 3545 
183800 3556 3547 
183850 3558 3548 
183900 3551 3555 
183950 3545 3543 
184000 3544 3544 
184050 3549 3548 
184100 3534 3535 
184150 3536 3541 
184200 3547 3548 
184250 3546 3554 
184300 3548 3550 
184350 3558 3560 
184400 3550 3549 
184450 3537 3538 
184500 3558 3561 
184550 3540 3530 
184600 3547 3553 
184650 3557 3553 
184700 3554 3555 
184750 3530 3535 
184800 3548 3545 
184850 3550 3546 
184900 3549 3543 
184950 3547 3539 
185000 3555 3559 
185050 3541 3538 
185100 3555 3560 
185150 3552 3555 
185200 3548 3550 
185250 3556 3559 
185300 3559 3558 
185350 3541 3545 
185400 3551 3540 
185450 3544 3551 
185500 3557 3553 
185550 3546 3546 
185600 3539 3536 
185650 3558 3557 
185700 3563 3564 
185750 3536 3532 
185800 3564 3560 
185850 3541 3543 
185900 3543 3546 
185950 3552 3555 
186000 3553 3548 
186050 3530 3527 
186100 3549 3543 
186150 3553 3545 
186200 3551 3544 
186250 3539 3539 
186300 3559 3555 
186350 3553 3560 
186400 3568 3564 
186450 3552 3552 
186500 3548 3548 
186550 3554 3550 
186600 3549 3544 
186650 3543 3545 
186700 3556 3554 
186750 3547 3543 
186800 3556 3556 
186850 3555 3554 
186900 3553 3549 
186950 3560 3552 
187000 3554 3557 
187050 3561 3555 
187100 3540 3543 
187150 3528 3531 
187200 3547 3545 
187250 3550 3538 
187300 3541 3548 
187350 3539 3544 
187400 3550 3548 
187450 3545 3544 
187500 3549 3551 
187550 3551 3556 
187600 3555 3556 
187650 3568 3561 
187700 3562 3563 
187750 3562 3560 
187800 3553 3545 
187850 3554 3556 
187900 3565 3560 
187950 3558 3563 
188000 3546 3548 
188050 3550 3554 
188100 3530 3536 
188150 3559 3558 
188200 3559 3559 
188250 3553 3552 
188300 3548 3551 
188350 3535 3529 
188400 3569 3572 
188450 3544 3538 
188500 3554 3542 
188550 3551 3553 
188600 3554 3562 
188650 3545 3545 
188700 3539 3545 
188750 3551 3551 
188800 3552 3553 
188850 3544 3543 
188900 3547 3542 
188950 3547 3543 
189000 3550 3549 
189050 3546 3551 
189100 3542 3543 
189150 3551 3543 
189200 3549 3546 
189250 3542 3540 
189300 3532 3529 
189350 3560 3555 
189400 3553 3559 
189450 3546 3546 
189500 3546 3550 
189550 3556 3551 
189600 3523 3528 
189650 3546 3547 
189700 3556 3558 
189750 3538 3543 
189800 3551 3552 
189850 3557 3553 
189900 3561 3556 
189950 3551 3538 
190000 3543 3544 
190050 3551 3546 
190100 3555 3555 
190150 3554 3557 
190200 3530 3533 
190250 3555 3559 
190300 3566 3563 
190350 3548 3541 
190400 3559 3554 
190450 3559 3551 
190500 3557 3558 
190550 3549 3549 
190600 3554 3545 
190650 3563 3565 
190700 3544 3547 
190750 3552 3550 
190800 3553 3560 
190850 3562 3555 
190900 3541 3539 
190950 3547 3547 
191000 3545 3545 
191050 3565 3563 
191100 3555 3549 
191150 3556 3555 
191200 3547 3554 
191250 3558 3552 
191300 3544 3542 
191350 3551 3550 
191400 3540 3538 
191450 3547 3551 
191500 3543 3540 
191550 3554 3546 
191600 3538 3544 
191650 3535 3535 
191700 3558 3560 
191750 3551 3555 
191800 3554 3549 
191850 3548 3546 
191900 3551 3552 
191950 3556 3554 
192000 3549 3552 
192050 3537 3544 
192100 3548 3549 
192150 3556 3548 
192200 3537 3535 
192250 3557 3551 
192300 3544 3538 
192350 3537 3537 
192400 3540 3541 
192450 3546 3548 
192500 3566 3559 
192550 3565 3559 
192600 3551 3541 
192650 3550 3558 
192700 3547 3556 
192750 3567 3566 
192800 3543 3547 
192850 3538 3534 
192900 3546 3545 
192950 3544 3537 
193000 3541 3542 
193050 3533 3534 
193100 3551 3553 
193150 3536 3539 
193200 3550 3544 
193250 3550 3547 
193300 3555 3555 
193350 3528 3525 
193400 3546 3554 
193450 3545 3551 
193500 3557 3556 
193550 3549 3548 
193600 3552 3558 
193650 3540 3544 
193700 3556 3555 
193750 3564 3561 
193800 3550 3543 
193850 3555 3548 
193900 3538 3543 
193950 3553 3544 
194000 3546 3543 
194050 3543 3541 
194100 3557 3552 
194150 3564 3562 
194200 3544 3541 
194250 3561 3562 
194300 3551 3545 
194350 3541 3539 
194400 3556 3562 
194450 3553 3555 
194500 3553 3546 
194550 3571 3568 
194600 3543 3547 
194650 3539 3543 
194700 3546 3545 
194750 3549 3546 
194800 3546 3544 
194850 3545 3552 
194900 3555 3554 
194950 3561 3557 
195000 3545 3553 
195050 3544 3536 
195100 3551 3547 
195150 3547 3549 
195200 3553 3559 
195250 3549 3548 
195300 3550 3550 
195350 3552 3555 
195400 3540 3534 
195450 3537 3535 
195500 3562 3560 
195550 3549 3550 
195600 3525 3526 
195650 3554 3553 
195700 3545 3541 
195750 3554 3558 
195800 3536 3539 
195850 3552 3554 
195900 3560 3556 
195950 3564 3562 
196000 3563 3556 
196050 3546 3544 
196100 3556 3561 
196150 3555 3554 
196200 3556 3554 
196250 3547 3551 
196300 3542 3540 
196350 3537 3540 
196400 3546 3546 
196450 3550 3547 
196500 3542 3549 
196550 3533 3532 
196600 3547 3545 
196650 3563 3558 
196700 3544 3537 
196750 3547 3541 
196800 3567 3567 
196850 3549 3550 
196900 3550 3548 
196950 3561 3561 
197000 3548 3547 
197050 3539 3542 
197100 3542 3543 
197150 3563 3561 
197200 3560 3552 
197250 3543 3545 
197300 3562 3564 
197350 3559 3556 
197400 3555 3552 
197450 3545 3542 
197500 3558 3553 
197550 3549 3549 
197600 3560 3559 
197650 3554 3558 
197700 3555 3553 
197750 3545 3545 
197800 3539 3543 
197850 3551 3552 
197900 3546 3547 
197950 3553 3551 
198000 3549 3547 
198050 3552 3549 
198100 3559 3558 
198150 3544 3543 
198200 3559 3554 
198250 3538 3538 
198300 3561 3556 
198350 3531 3535 
198400 3544 3549 
198450 3546 3542 
198500 3562 3560 
198550 3540 3544 
198600 3550 3546 
198650 3556 3560 
198700 3545 3549 
198750 3538 3544 
198800 3543 3542 
198850 3552 3546 
198900 3545 3552 
198950 3557 3560 
199000 3534 3532 
199050 3530 3534 
199100 3553 3555 
199150 3554 3552 
199200 3542 3546 
199250 3547 3548 
199300 3555 3550 
199350 3544 3546 
199400 3555 3551 
199450 3543 3551 
199500 3560 3561 
199550 3559 3562 
199600 3521 3516 
199650 3553 3546 
199700 3557 3561 
199750 3559 3553 
199800 3541 3540 
199850 3555 3554 
199900 3554 3553 
199950 3559 3559 
200000 3558 3562 
