# Avida tasks data
# Sat Apr  7 16:33:57 2012
# First column gives the current update, next columns give the number
# of organisms that have the particular task as a component of their merit
#  1: Update
#  2: Xor
#  3: Equals

0 0 0 
50 8 8 
100 39 39 
150 116 116 
200 265 264 
250 453 455 
300 712 711 
350 1001 1001 
400 1366 1370 
450 1798 1799 
500 2244 2247 
550 2759 2762 
600 3252 3250 
650 3457 3459 
700 3540 3549 
750 3539 3553 
800 3539 3538 
850 3542 3539 
900 3536 3536 
950 3542 3538 
1000 3556 3555 
1050 3208 2809 
1100 3392 2245 
1150 3330 1568 
1200 3331 1050 
1250 3348 720 
1300 3354 459 
1350 3405 282 
1400 3419 186 
1450 3448 98 
1500 3459 44 
1550 3444 23 
1600 3493 385 
1650 3524 901 
1700 3521 1353 
1750 3531 1757 
1800 3525 2106 
1850 3515 2404 
1900 3526 2681 
1950 3530 2891 
2000 3521 3050 
2050 3265 2379 
2100 3336 1635 
2150 3376 1221 
2200 3384 902 
2250 3464 712 
2300 3492 552 
2350 3499 387 
2400 3498 265 
2450 3503 181 
2500 3511 124 
2550 3527 333 
2600 3531 906 
2650 3526 1355 
2700 3543 1777 
2750 3539 2157 
2800 3519 2473 
2850 3534 2748 
2900 3527 2980 
2950 3528 3160 
3000 3535 3278 
3050 3316 2321 
3100 3395 1443 
3150 3463 859 
3200 3495 455 
3250 3520 242 
3300 3530 130 
3350 3541 43 
3400 3538 15 
3450 3534 10 
3500 3545 6 
3550 3556 403 
3600 3541 1012 
3650 3543 1435 
3700 3555 1894 
3750 3557 2238 
3800 3561 2573 
3850 3550 2794 
3900 3542 2997 
3950 3553 3179 
4000 3553 3302 
4050 3334 2462 
4100 3370 1651 
4150 3423 1130 
4200 3473 767 
4250 3533 542 
4300 3541 318 
4350 3542 159 
4400 3527 78 
4450 3553 35 
4500 3541 13 
4550 3548 10 
4600 3544 600 
4650 3552 1106 
4700 3547 1512 
4750 3548 1882 
4800 3543 2216 
4850 3534 2526 
4900 3547 2798 
4950 3549 3039 
5000 3549 3175 
5050 3363 2277 
5100 3423 1319 
5150 3486 712 
5200 3509 365 
5250 3530 189 
5300 3553 76 
5350 3547 31 
5400 3544 12 
5450 3543 7 
5500 3546 5 
5550 3534 8 
5600 3531 575 
5650 3534 1062 
5700 3542 1474 
5750 3536 1815 
5800 3538 2180 
5850 3541 2522 
5900 3562 2861 
5950 3545 3054 
6000 3549 3197 
6050 3289 2504 
6100 3354 1794 
6150 3394 1287 
6200 3465 957 
6250 3509 744 
6300 3518 478 
6350 3526 321 
6400 3538 218 
6450 3547 129 
6500 3542 72 
6550 3528 230 
6600 3506 795 
6650 3506 1233 
6700 3493 1646 
6750 3492 2018 
6800 3506 2324 
6850 3536 2600 
6900 3527 2816 
6950 3538 3024 
7000 3551 3189 
7050 3309 2484 
7100 3392 1695 
7150 3447 1118 
7200 3450 788 
7250 3527 652 
7300 3517 496 
7350 3523 364 
7400 3504 242 
7450 3535 158 
7500 3548 94 
7550 3541 384 
7600 3543 957 
7650 3540 1376 
7700 3545 1772 
7750 3534 2112 
7800 3540 2440 
7850 3548 2694 
7900 3544 2902 
7950 3556 3076 
8000 3557 3235 
8050 3315 2403 
8100 3383 1685 
8150 3460 1081 
8200 3497 637 
8250 3536 391 
8300 3527 211 
8350 3541 83 
8400 3558 36 
8450 3551 4 
8500 3539 3 
8550 3552 134 
8600 3554 885 
8650 3547 1482 
8700 3547 1920 
8750 3553 2231 
8800 3549 2504 
8850 3550 2767 
8900 3537 3002 
8950 3566 3211 
9000 3539 3327 
9050 3323 2351 
9100 3398 1506 
9150 3475 960 
9200 3518 582 
9250 3527 354 
9300 3533 217 
9350 3542 111 
9400 3536 52 
9450 3549 15 
9500 3554 4 
9550 3553 360 
9600 3552 892 
9650 3554 1338 
9700 3540 1716 
9750 3552 2129 
9800 3544 2455 
9850 3537 2719 
9900 3530 2933 
9950 3546 3126 
10000 3538 3242 
10050 3309 2362 
10100 3407 1454 
10150 3473 906 
10200 3506 506 
10250 3527 275 
10300 3540 151 
10350 3551 65 
10400 3555 14 
10450 3545 6 
10500 3552 2 
10550 3539 50 
10600 3523 727 
10650 3523 1245 
10700 3513 1631 
10750 3533 2036 
10800 3533 2336 
10850 3554 2669 
10900 3542 2901 
10950 3556 3112 
11000 3564 3250 
11050 3354 2248 
11100 3466 1266 
11150 3506 682 
11200 3532 345 
11250 3558 155 
11300 3546 80 
11350 3541 42 
11400 3540 10 
11450 3552 2 
11500 3567 1 
11550 3568 387 
11600 3562 1161 
11650 3565 1758 
11700 3553 2191 
11750 3555 2605 
11800 3557 2930 
11850 3560 3154 
11900 3573 3319 
11950 3539 3387 
12000 3554 3471 
12050 3329 2446 
12100 3423 1496 
12150 3485 938 
12200 3513 542 
12250 3521 313 
12300 3549 136 
12350 3541 45 
12400 3552 7 
12450 3551 5 
12500 3555 5 
12550 3568 428 
12600 3563 1086 
12650 3561 1605 
12700 3560 2036 
12750 3561 2459 
12800 3560 2825 
12850 3565 3106 
12900 3560 3308 
12950 3549 3395 
13000 3549 3463 
13050 3285 2486 
13100 3367 1595 
13150 3429 1043 
13200 3479 695 
13250 3510 494 
13300 3521 296 
13350 3510 151 
13400 3538 68 
13450 3545 35 
13500 3555 12 
13550 3551 185 
13600 3543 926 
13650 3537 1549 
13700 3550 1998 
13750 3552 2416 
13800 3568 2751 
13850 3564 2988 
13900 3551 3140 
13950 3561 3281 
14000 3545 3393 
14050 3350 2271 
14100 3468 1246 
14150 3510 611 
14200 3531 302 
14250 3540 148 
14300 3555 68 
14350 3549 31 
14400 3547 15 
14450 3550 6 
14500 3546 7 
14550 3538 469 
14600 3538 1044 
14650 3528 1499 
14700 3527 1907 
14750 3544 2278 
14800 3552 2638 
14850 3555 2888 
14900 3558 3125 
14950 3555 3348 
15000 3544 3457 
15050 3253 2624 
15100 3271 1883 
15150 3403 1615 
15200 3472 1302 
15250 3467 966 
15300 3479 669 
15350 3466 409 
15400 3507 277 
15450 3508 183 
15500 3531 112 
15550 3502 107 
15600 3507 702 
15650 3503 1191 
15700 3517 1546 
15750 3528 1927 
15800 3542 2267 
15850 3562 2617 
15900 3558 2862 
15950 3560 3067 
16000 3540 3189 
16050 3319 2464 
16100 3397 1668 
16150 3437 1152 
16200 3467 811 
16250 3524 597 
16300 3538 406 
16350 3548 258 
16400 3544 164 
16450 3551 110 
16500 3558 63 
16550 3555 132 
16600 3562 744 
16650 3551 1184 
16700 3560 1622 
16750 3563 2026 
16800 3559 2359 
16850 3573 2685 
16900 3561 2994 
16950 3560 3185 
17000 3558 3360 
17050 3285 2453 
17100 3402 1568 
17150 3479 877 
17200 3514 501 
17250 3554 301 
17300 3563 148 
17350 3562 69 
17400 3547 27 
17450 3560 6 
17500 3557 0 
17550 3535 3 
17600 3494 62 
17650 3277 277 
17700 3058 641 
17750 3159 1142 
17800 3219 1547 
17850 3254 1942 
17900 3287 2275 
17950 3332 2592 
18000 3389 2821 
18050 3203 2262 
18100 3287 1724 
18150 3351 1305 
18200 3390 941 
18250 3474 717 
18300 3516 549 
18350 3547 385 
18400 3545 288 
18450 3559 205 
18500 3561 126 
18550 3556 83 
18600 3487 84 
18650 3360 222 
18700 3164 385 
18750 2912 629 
18800 2675 883 
18850 2426 1119 
18900 2113 1433 
18950 2030 1658 
19000 2401 1755 
19050 2545 1427 
19100 2876 1083 
19150 3164 788 
19200 3336 536 
19250 3430 369 
19300 3469 230 
19350 3534 121 
19400 3561 53 
19450 3558 6 
19500 3551 1 
19550 3550 111 
19600 3554 704 
19650 3537 1155 
19700 3562 1571 
19750 3562 1951 
19800 3557 2298 
19850 3554 2611 
19900 3555 2865 
19950 3546 3053 
20000 3555 3189 
20050 3297 2484 
20100 3347 1760 
20150 3426 1222 
20200 3485 733 
20250 3521 448 
20300 3543 205 
20350 3562 79 
20400 3560 22 
20450 3554 5 
20500 3556 3 
20550 3562 1 
20600 3534 13 
20650 3489 65 
20700 3349 208 
20750 3174 455 
20800 3103 1134 
20850 3062 1599 
20900 3062 1996 
20950 3055 2336 
21000 3066 2634 
21050 3053 2049 
21100 3250 1475 
21150 3378 1052 
21200 3478 719 
21250 3512 494 
21300 3538 334 
21350 3541 208 
21400 3550 130 
21450 3558 70 
21500 3559 40 
21550 3553 6 
21600 3525 602 
21650 3526 1111 
21700 3543 1567 
21750 3535 1965 
21800 3547 2300 
21850 3563 2638 
21900 3556 2882 
21950 3552 3062 
22000 3557 3208 
22050 3293 2557 
22100 3363 1860 
22150 3412 1338 
22200 3494 1007 
22250 3541 741 
22300 3538 434 
22350 3534 248 
22400 3544 100 
22450 3545 26 
22500 3559 5 
22550 3546 0 
22600 3544 0 
22650 3560 0 
22700 3532 159 
22750 3535 723 
22800 3555 1215 
22850 3545 1704 
22900 3540 2102 
22950 3534 2474 
23000 3536 2800 
23050 3322 2138 
23100 3376 1522 
23150 3401 1116 
23200 3432 820 
23250 3439 576 
23300 3499 451 
23350 3510 316 
23400 3522 204 
23450 3526 111 
23500 3535 52 
23550 3537 20 
23600 3537 4 
23650 3545 1 
23700 3552 0 
23750 3547 0 
23800 3555 0 
23850 3559 0 
23900 3549 0 
23950 3495 53 
24000 3364 185 
24050 3411 130 
24100 3479 64 
24150 3527 23 
24200 3551 4 
24250 3553 1 
24300 3548 0 
24350 3555 0 
24400 3557 1 
24450 3557 0 
24500 3556 0 
24550 3550 4 
24600 3458 87 
24650 3266 281 
24700 3050 490 
24750 2848 705 
24800 2567 979 
24850 2303 1244 
24900 1986 1559 
24950 1689 1875 
25000 1449 2101 
25050 1723 1650 
25100 2203 1222 
25150 2623 843 
25200 2891 593 
25250 3071 423 
25300 3237 291 
25350 3359 179 
25400 3426 115 
25450 3491 62 
25500 3514 17 
25550 3542 1 
25600 3537 6 
25650 3501 48 
25700 3368 182 
25750 3146 399 
25800 2924 621 
25850 2637 903 
25900 2331 1209 
25950 2001 1552 
26000 1691 1862 
26050 1968 1459 
26100 2406 1061 
26150 2741 758 
26200 2987 523 
26250 3224 304 
26300 3379 147 
26350 3487 51 
26400 3538 12 
26450 3563 1 
26500 3559 0 
26550 3539 0 
26600 3534 0 
26650 3541 0 
26700 3555 0 
26750 3529 23 
26800 3413 135 
26850 3206 334 
26900 3103 869 
26950 3163 1283 
27000 3212 1734 
27050 3165 1323 
27100 3308 824 
27150 3416 438 
27200 3487 193 
27250 3547 83 
27300 3541 29 
27350 3542 3 
27400 3549 0 
27450 3547 2 
27500 3563 1 
27550 3557 0 
27600 3552 500 
27650 3539 959 
27700 3545 1405 
27750 3557 1756 
27800 3517 2043 
27850 3547 2403 
27900 3549 2745 
27950 3529 2962 
28000 3541 3124 
28050 3328 2214 
28100 3438 1148 
28150 3499 526 
28200 3520 183 
28250 3550 66 
28300 3554 23 
28350 3546 8 
28400 3554 2 
28450 3550 2 
28500 3544 5 
28550 3539 160 
28600 3557 951 
28650 3549 1466 
28700 3543 1857 
28750 3534 2186 
28800 3539 2447 
28850 3541 2663 
28900 3548 2882 
28950 3552 3051 
29000 3552 3212 
29050 3277 2280 
29100 3377 1527 
29150 3455 979 
29200 3468 624 
29250 3510 353 
29300 3538 207 
29350 3555 102 
29400 3537 47 
29450 3557 7 
29500 3541 7 
29550 3525 321 
29600 3536 866 
29650 3526 1349 
29700 3526 1753 
29750 3541 2082 
29800 3542 2449 
29850 3551 2781 
29900 3549 3012 
29950 3540 3163 
30000 3545 3282 
30050 3364 2118 
30100 3456 1097 
30150 3504 503 
30200 3525 181 
30250 3518 45 
30300 3534 12 
30350 3551 6 
30400 3551 2 
30450 3553 1 
30500 3547 4 
30550 3544 287 
30600 3544 862 
30650 3520 1400 
30700 3539 1844 
30750 3536 2164 
30800 3539 2483 
30850 3539 2800 
30900 3545 3042 
30950 3548 3222 
31000 3549 3331 
31050 3310 2442 
31100 3373 1626 
31150 3423 1107 
31200 3457 773 
31250 3536 607 
31300 3544 420 
31350 3527 245 
31400 3519 131 
31450 3537 70 
31500 3550 38 
31550 3539 456 
31600 3548 1013 
31650 3535 1444 
31700 3547 1790 
31750 3529 2137 
31800 3533 2472 
31850 3537 2811 
31900 3546 3070 
31950 3554 3240 
32000 3546 3342 
32050 3336 2374 
32100 3422 1358 
32150 3454 815 
32200 3496 480 
32250 3512 268 
32300 3540 179 
32350 3557 75 
32400 3544 23 
32450 3542 12 
32500 3561 5 
32550 3544 76 
32600 3547 715 
32650 3542 1160 
32700 3534 1580 
32750 3546 1977 
32800 3540 2299 
32850 3535 2611 
32900 3553 2864 
32950 3546 3049 
33000 3546 3170 
33050 3360 2298 
33100 3471 1262 
33150 3510 631 
33200 3545 272 
33250 3550 116 
33300 3544 53 
33350 3545 29 
33400 3526 16 
33450 3540 17 
33500 3545 4 
33550 3540 327 
33600 3550 1017 
33650 3548 1499 
33700 3550 1885 
33750 3544 2211 
33800 3555 2477 
33850 3560 2710 
33900 3537 2887 
33950 3551 3056 
34000 3548 3181 
34050 3351 2219 
34100 3454 1208 
34150 3479 641 
34200 3503 299 
34250 3532 94 
34300 3544 40 
34350 3537 23 
34400 3545 4 
34450 3549 5 
34500 3535 3 
34550 3544 551 
34600 3543 1178 
34650 3552 1661 
34700 3550 2049 
34750 3546 2311 
34800 3538 2562 
34850 3552 2825 
34900 3541 3033 
34950 3539 3216 
35000 3541 3338 
35050 3316 2504 
35100 3410 1608 
35150 3457 989 
35200 3498 585 
35250 3527 381 
35300 3533 227 
35350 3532 112 
35400 3542 42 
35450 3556 4 
35500 3552 1 
35550 3553 0 
35600 3521 149 
35650 3535 804 
35700 3526 1301 
35750 3532 1691 
35800 3538 2056 
35850 3546 2420 
35900 3535 2659 
35950 3547 2915 
36000 3531 3074 
36050 3336 2298 
36100 3419 1516 
36150 3458 1044 
36200 3479 707 
36250 3500 472 
36300 3518 374 
36350 3542 257 
36400 3537 176 
36450 3539 100 
36500 3551 66 
36550 3535 260 
36600 3541 901 
36650 3542 1410 
36700 3548 1851 
36750 3549 2225 
36800 3549 2538 
36850 3548 2796 
36900 3543 3012 
36950 3543 3176 
37000 3542 3234 
37050 3344 2172 
37100 3427 1192 
37150 3473 681 
37200 3491 409 
37250 3520 247 
37300 3532 168 
37350 3537 96 
37400 3541 43 
37450 3537 18 
37500 3562 7 
37550 3537 192 
37600 3522 748 
37650 3515 1175 
37700 3527 1584 
37750 3550 1951 
37800 3547 2303 
37850 3548 2657 
37900 3529 2911 
37950 3543 3111 
38000 3550 3238 
38050 3401 2051 
38100 3505 881 
38150 3516 339 
38200 3535 105 
38250 3546 25 
38300 3540 10 
38350 3544 6 
38400 3540 4 
38450 3547 8 
38500 3544 7 
38550 3543 405 
38600 3540 927 
38650 3546 1366 
38700 3543 1756 
38750 3539 2088 
38800 3549 2424 
38850 3543 2700 
38900 3530 2930 
38950 3531 3118 
39000 3538 3225 
39050 3360 2147 
39100 3448 1058 
39150 3483 502 
39200 3503 218 
39250 3537 83 
39300 3551 36 
39350 3539 13 
39400 3548 5 
39450 3551 6 
39500 3554 5 
39550 3547 335 
39600 3540 1130 
39650 3531 1656 
39700 3530 2133 
39750 3542 2520 
39800 3524 2820 
39850 3504 3085 
39900 3524 3280 
39950 3509 3392 
40000 3520 3480 
40050 3271 2436 
40100 3351 1455 
40150 3411 915 
40200 3428 636 
40250 3508 487 
40300 3523 280 
40350 3505 134 
40400 3524 52 
40450 3535 29 
40500 3544 11 
40550 3527 431 
40600 3545 995 
40650 3541 1451 
40700 3534 1856 
40750 3524 2248 
40800 3544 2572 
40850 3513 2875 
40900 3544 3120 
40950 3550 3281 
41000 3544 3371 
41050 3330 2214 
41100 3435 1179 
41150 3500 672 
41200 3505 366 
41250 3544 184 
41300 3560 99 
41350 3546 34 
41400 3551 8 
41450 3555 1 
41500 3545 6 
41550 3551 215 
41600 3545 973 
41650 3537 1535 
41700 3538 1970 
41750 3531 2318 
41800 3525 2560 
41850 3534 2775 
41900 3536 2997 
41950 3538 3163 
42000 3551 3311 
42050 3362 2277 
42100 3454 1234 
42150 3495 591 
42200 3543 253 
42250 3558 92 
42300 3551 37 
42350 3542 21 
42400 3549 8 
42450 3563 6 
42500 3537 9 
42550 3532 362 
42600 3533 960 
42650 3530 1427 
42700 3548 1864 
42750 3539 2294 
42800 3550 2683 
42850 3548 2921 
42900 3548 3109 
42950 3541 3254 
43000 3548 3372 
43050 3288 2372 
43100 3388 1537 
43150 3454 1007 
43200 3497 612 
43250 3513 382 
43300 3537 167 
43350 3557 57 
43400 3543 20 
43450 3558 4 
43500 3555 3 
43550 3549 54 
43600 3552 878 
43650 3556 1490 
43700 3541 1928 
43750 3541 2361 
43800 3544 2640 
43850 3560 2929 
43900 3555 3190 
43950 3551 3378 
44000 3548 3479 
44050 3323 2323 
44100 3430 1327 
44150 3473 753 
44200 3474 477 
44250 3507 301 
44300 3537 189 
44350 3523 100 
44400 3526 43 
44450 3544 21 
44500 3547 4 
44550 3549 350 
44600 3553 915 
44650 3553 1434 
44700 3535 1834 
44750 3537 2172 
44800 3545 2468 
44850 3544 2757 
44900 3546 2988 
44950 3552 3143 
45000 3550 3262 
45050 3331 2267 
45100 3454 1205 
45150 3494 530 
45200 3529 219 
45250 3534 72 
45300 3521 24 
45350 3536 9 
45400 3539 0 
45450 3551 4 
45500 3525 9 
45550 3542 407 
45600 3547 943 
45650 3556 1415 
45700 3545 1833 
45750 3541 2155 
45800 3537 2458 
45850 3545 2678 
45900 3549 2850 
45950 3560 3039 
46000 3523 3162 
46050 3345 2279 
46100 3442 1265 
46150 3490 662 
46200 3506 326 
46250 3548 144 
46300 3543 64 
46350 3546 28 
46400 3546 8 
46450 3543 6 
46500 3535 7 
46550 3551 278 
46600 3545 909 
46650 3546 1440 
46700 3553 1907 
46750 3547 2267 
46800 3528 2560 
46850 3540 2797 
46900 3528 3016 
46950 3542 3231 
47000 3536 3373 
47050 3359 2259 
47100 3463 1190 
47150 3481 644 
47200 3534 321 
47250 3536 152 
47300 3535 62 
47350 3522 23 
47400 3557 7 
47450 3525 11 
47500 3551 3 
47550 3546 0 
47600 3554 332 
47650 3550 891 
47700 3543 1324 
47750 3541 1780 
47800 3548 2112 
47850 3541 2468 
47900 3538 2769 
47950 3543 3024 
48000 3551 3179 
48050 3362 2156 
48100 3479 1109 
48150 3515 509 
48200 3526 177 
48250 3545 62 
48300 3544 21 
48350 3538 8 
48400 3539 5 
48450 3541 7 
48500 3547 5 
48550 3543 438 
48600 3545 1146 
48650 3540 1646 
48700 3543 2024 
48750 3550 2341 
48800 3536 2578 
48850 3553 2833 
48900 3542 3031 
48950 3531 3202 
49000 3544 3342 
49050 3328 2188 
49100 3438 1216 
49150 3484 632 
49200 3513 306 
49250 3535 143 
49300 3542 59 
49350 3546 20 
49400 3541 6 
49450 3545 8 
49500 3542 3 
49550 3530 568 
49600 3522 1234 
49650 3541 1718 
49700 3546 2174 
49750 3543 2484 
49800 3549 2778 
49850 3556 2992 
49900 3552 3151 
49950 3545 3274 
50000 3543 3361 
50050 3381 2306 
50100 3454 1173 
50150 3496 585 
50200 3543 263 
50250 3552 103 
50300 3534 43 
50350 3543 27 
50400 3533 8 
50450 3550 6 
50500 3549 0 
50550 3544 441 
50600 3528 1111 
50650 3533 1684 
50700 3537 2164 
50750 3538 2569 
50800 3543 2934 
50850 3528 3163 
50900 3555 3307 
50950 3547 3427 
51000 3539 3458 
51050 3353 2222 
51100 3475 1073 
51150 3503 473 
51200 3528 198 
51250 3549 68 
51300 3548 32 
51350 3559 10 
51400 3559 8 
51450 3547 5 
51500 3526 4 
51550 3533 491 
51600 3535 1152 
51650 3535 1614 
51700 3555 1984 
51750 3533 2258 
51800 3529 2535 
51850 3522 2797 
51900 3539 3042 
51950 3538 3238 
52000 3542 3374 
52050 3350 2199 
52100 3457 1152 
52150 3508 522 
52200 3518 220 
52250 3525 99 
52300 3562 54 
52350 3541 25 
52400 3540 8 
52450 3542 3 
52500 3547 3 
52550 3537 1 
52600 3553 722 
52650 3545 1267 
52700 3541 1725 
52750 3546 2132 
52800 3532 2487 
52850 3540 2806 
52900 3557 3055 
52950 3551 3191 
53000 3531 3294 
53050 3345 2272 
53100 3422 1326 
53150 3480 873 
53200 3478 607 
53250 3495 434 
53300 3534 330 
53350 3521 234 
53400 3532 139 
53450 3543 74 
53500 3552 25 
53550 3554 4 
53600 3524 590 
53650 3523 1190 
53700 3526 1636 
53750 3541 2000 
53800 3538 2294 
53850 3535 2563 
53900 3534 2802 
53950 3526 2983 
54000 3539 3162 
54050 3335 2288 
54100 3424 1341 
54150 3479 778 
54200 3512 446 
54250 3522 243 
54300 3534 131 
54350 3544 53 
54400 3554 15 
54450 3549 6 
54500 3535 2 
54550 3538 647 
54600 3542 1470 
54650 3542 1959 
54700 3551 2368 
54750 3535 2735 
54800 3556 2992 
54850 3542 3170 
54900 3531 3316 
54950 3545 3453 
55000 3549 3506 
55050 3296 2334 
55100 3382 1460 
55150 3431 970 
55200 3489 656 
55250 3528 468 
55300 3540 271 
55350 3517 129 
55400 3526 34 
55450 3555 13 
55500 3554 6 
55550 3537 520 
55600 3520 1177 
55650 3544 1683 
55700 3537 2038 
55750 3546 2360 
55800 3543 2636 
55850 3538 2829 
55900 3548 3051 
55950 3547 3224 
56000 3546 3396 
56050 3316 2432 
56100 3379 1565 
56150 3456 967 
56200 3491 626 
56250 3519 466 
56300 3538 315 
56350 3545 196 
56400 3527 108 
56450 3516 63 
56500 3535 23 
56550 3530 225 
56600 3538 1023 
56650 3522 1666 
56700 3525 2124 
56750 3536 2518 
56800 3542 2779 
56850 3530 3018 
56900 3523 3192 
56950 3539 3324 
57000 3540 3442 
57050 3301 2271 
57100 3421 1199 
57150 3501 573 
57200 3510 246 
57250 3519 128 
57300 3526 70 
57350 3535 28 
57400 3538 5 
57450 3563 6 
57500 3552 4 
57550 3540 514 
57600 3543 1052 
57650 3547 1535 
57700 3547 1947 
57750 3532 2273 
57800 3543 2635 
57850 3536 2922 
57900 3533 3145 
57950 3543 3273 
58000 3543 3390 
58050 3356 2275 
58100 3468 1191 
58150 3503 581 
58200 3533 298 
58250 3539 155 
58300 3532 85 
58350 3524 38 
58400 3552 7 
58450 3537 5 
58500 3552 5 
58550 3546 111 
58600 3546 754 
58650 3547 1261 
58700 3561 1711 
58750 3563 2102 
58800 3562 2435 
58850 3552 2753 
58900 3546 2979 
58950 3552 3147 
59000 3527 3272 
59050 3321 2130 
59100 3450 1170 
59150 3494 603 
59200 3532 265 
59250 3533 91 
59300 3549 32 
59350 3541 7 
59400 3557 7 
59450 3544 3 
59500 3550 5 
59550 3546 243 
59600 3540 959 
59650 3543 1486 
59700 3541 1911 
59750 3540 2262 
59800 3537 2571 
59850 3546 2889 
59900 3543 3088 
59950 3542 3202 
60000 3536 3311 
60050 3313 2334 
60100 3396 1334 
60150 3473 724 
60200 3493 311 
60250 3508 173 
60300 3532 99 
60350 3542 46 
60400 3547 18 
60450 3550 5 
60500 3548 0 
60550 3555 123 
60600 3566 799 
60650 3560 1302 
60700 3561 1704 
60750 3545 2096 
60800 3554 2413 
60850 3529 2704 
60900 3550 2955 
60950 3552 3104 
61000 3556 3220 
61050 3318 2351 
61100 3403 1457 
61150 3476 899 
61200 3477 574 
61250 3511 330 
61300 3536 182 
61350 3542 75 
61400 3523 19 
61450 3545 4 
61500 3542 2 
61550 3533 59 
61600 3530 719 
61650 3529 1174 
61700 3550 1625 
61750 3545 2006 
61800 3536 2349 
61850 3528 2669 
61900 3534 2947 
61950 3561 3162 
62000 3544 3278 
62050 3314 2289 
62100 3378 1379 
62150 3431 866 
62200 3472 489 
62250 3512 294 
62300 3508 204 
62350 3537 137 
62400 3526 66 
62450 3540 38 
62500 3531 21 
62550 3540 43 
62600 3550 614 
62650 3535 1079 
62700 3523 1498 
62750 3541 1864 
62800 3542 2231 
62850 3548 2561 
62900 3547 2828 
62950 3537 3076 
63000 3543 3227 
63050 3362 2183 
63100 3453 1173 
63150 3501 609 
63200 3522 354 
63250 3512 186 
63300 3535 87 
63350 3537 50 
63400 3547 14 
63450 3536 2 
63500 3543 5 
63550 3519 370 
63600 3511 914 
63650 3501 1419 
63700 3523 1860 
63750 3524 2198 
63800 3538 2509 
63850 3531 2733 
63900 3543 2957 
63950 3538 3125 
64000 3543 3275 
64050 3368 2159 
64100 3449 1107 
64150 3523 490 
64200 3544 196 
64250 3529 60 
64300 3534 16 
64350 3546 4 
64400 3557 4 
64450 3560 4 
64500 3552 8 
64550 3543 395 
64600 3540 1191 
64650 3544 1728 
64700 3530 2189 
64750 3547 2576 
64800 3536 2873 
64850 3544 3099 
64900 3518 3232 
64950 3530 3347 
65000 3537 3424 
65050 3262 2465 
65100 3347 1540 
65150 3400 940 
65200 3467 626 
65250 3511 467 
65300 3515 298 
65350 3507 168 
65400 3538 83 
65450 3528 37 
65500 3540 8 
65550 3534 394 
65600 3533 1031 
65650 3549 1548 
65700 3545 2000 
65750 3542 2462 
65800 3545 2827 
65850 3549 3110 
65900 3543 3310 
65950 3528 3411 
66000 3561 3480 
66050 3397 2041 
66100 3497 940 
66150 3520 397 
66200 3540 136 
66250 3559 40 
66300 3559 22 
66350 3539 11 
66400 3561 11 
66450 3539 8 
66500 3557 6 
66550 3544 515 
66600 3546 1249 
66650 3552 1955 
66700 3546 2420 
66750 3544 2784 
66800 3535 3020 
66850 3522 3204 
66900 3532 3365 
66950 3544 3472 
67000 3538 3480 
67050 3351 2239 
67100 3429 1193 
67150 3463 679 
67200 3508 374 
67250 3519 161 
67300 3550 74 
67350 3543 31 
67400 3561 10 
67450 3546 10 
67500 3543 11 
67550 3525 567 
67600 3531 1258 
67650 3528 1805 
67700 3536 2240 
67750 3543 2614 
67800 3536 2878 
67850 3521 3073 
67900 3522 3255 
67950 3521 3386 
68000 3541 3476 
68050 3346 2167 
68100 3457 1056 
68150 3509 572 
68200 3514 266 
68250 3521 132 
68300 3541 76 
68350 3531 37 
68400 3534 21 
68450 3530 11 
68500 3542 14 
68550 3529 452 
68600 3528 1304 
68650 3555 1853 
68700 3540 2304 
68750 3547 2634 
68800 3545 2899 
68850 3563 3118 
68900 3558 3270 
68950 3551 3350 
69000 3538 3437 
69050 3322 2245 
69100 3440 1196 
69150 3500 522 
69200 3518 194 
69250 3538 58 
69300 3547 25 
69350 3530 12 
69400 3547 16 
69450 3534 5 
69500 3538 13 
69550 3531 423 
69600 3533 1014 
69650 3552 1551 
69700 3551 2064 
69750 3532 2442 
69800 3539 2764 
69850 3531 3015 
69900 3549 3175 
69950 3545 3306 
70000 3525 3394 
70050 3331 2225 
70100 3443 1087 
70150 3494 479 
70200 3527 192 
70250 3549 50 
70300 3548 16 
70350 3535 7 
70400 3539 9 
70450 3546 9 
70500 3537 9 
70550 3538 459 
70600 3545 1243 
70650 3546 1858 
70700 3550 2323 
70750 3538 2683 
70800 3546 3023 
70850 3555 3249 
70900 3546 3372 
70950 3535 3456 
71000 3544 3492 
71050 3326 2264 
71100 3435 1205 
71150 3480 551 
71200 3509 241 
71250 3557 120 
71300 3548 52 
71350 3535 16 
71400 3536 9 
71450 3550 10 
71500 3533 5 
71550 3549 143 
71600 3542 776 
71650 3531 1236 
71700 3549 1640 
71750 3540 1998 
71800 3547 2303 
71850 3540 2586 
71900 3545 2877 
71950 3530 3044 
72000 3536 3220 
72050 3342 2144 
72100 3445 1156 
72150 3498 503 
72200 3527 214 
72250 3540 66 
72300 3546 22 
72350 3546 10 
72400 3545 4 
72450 3543 4 
72500 3535 2 
72550 3541 431 
72600 3540 1016 
72650 3536 1465 
72700 3543 1852 
72750 3540 2234 
72800 3532 2568 
72850 3532 2844 
72900 3527 3026 
72950 3543 3218 
73000 3536 3318 
73050 3323 2234 
73100 3420 1288 
73150 3471 722 
73200 3491 365 
73250 3539 183 
73300 3539 87 
73350 3535 27 
73400 3531 9 
73450 3548 3 
73500 3541 4 
73550 3541 310 
73600 3554 949 
73650 3535 1419 
73700 3543 1795 
73750 3524 2186 
73800 3509 2503 
73850 3522 2796 
73900 3523 2997 
73950 3516 3128 
74000 3516 3241 
74050 3375 2313 
74100 3448 1393 
74150 3510 814 
74200 3513 467 
74250 3527 276 
74300 3533 189 
74350 3541 101 
74400 3557 43 
74450 3551 11 
74500 3541 11 
74550 3554 595 
74600 3545 1162 
74650 3542 1597 
74700 3545 1965 
74750 3547 2305 
74800 3530 2616 
74850 3539 2870 
74900 3549 3105 
74950 3549 3285 
75000 3551 3394 
75050 3368 2304 
75100 3430 1307 
75150 3492 800 
75200 3511 460 
75250 3522 242 
75300 3547 119 
75350 3557 52 
75400 3559 18 
75450 3556 8 
75500 3551 9 
75550 3545 384 
75600 3539 982 
75650 3543 1524 
75700 3541 1975 
75750 3541 2432 
75800 3545 2839 
75850 3539 3158 
75900 3548 3363 
75950 3554 3483 
76000 3533 3497 
76050 3292 2365 
76100 3417 1381 
76150 3467 791 
76200 3504 428 
76250 3510 299 
76300 3553 172 
76350 3547 79 
76400 3541 35 
76450 3548 11 
76500 3561 3 
76550 3545 481 
76600 3548 1128 
76650 3541 1677 
76700 3533 2091 
76750 3552 2486 
76800 3539 2738 
76850 3539 2980 
76900 3533 3182 
76950 3535 3335 
77000 3542 3434 
77050 3322 2343 
77100 3434 1370 
77150 3491 806 
77200 3500 527 
77250 3540 394 
77300 3552 247 
77350 3531 138 
77400 3537 64 
77450 3520 24 
77500 3539 18 
77550 3532 343 
77600 3518 1049 
77650 3533 1607 
77700 3522 2098 
77750 3533 2498 
77800 3539 2831 
77850 3545 3118 
77900 3548 3304 
77950 3540 3397 
78000 3536 3466 
78050 3321 2279 
78100 3403 1217 
78150 3481 687 
78200 3495 348 
78250 3550 156 
78300 3536 63 
78350 3528 30 
78400 3548 10 
78450 3556 8 
78500 3550 10 
78550 3532 483 
78600 3529 1129 
78650 3527 1596 
78700 3538 2002 
78750 3541 2296 
78800 3556 2577 
78850 3545 2815 
78900 3535 3038 
78950 3539 3260 
79000 3565 3394 
79050 3345 2333 
79100 3446 1291 
79150 3497 682 
79200 3504 290 
79250 3517 108 
79300 3536 46 
79350 3546 22 
79400 3522 5 
79450 3522 6 
79500 3528 0 
79550 3531 347 
79600 3533 897 
79650 3545 1374 
79700 3547 1793 
79750 3543 2155 
79800 3535 2503 
79850 3546 2839 
79900 3554 3042 
79950 3537 3198 
80000 3528 3289 
80050 3279 2495 
80100 3343 1790 
80150 3385 1250 
80200 3464 925 
80250 3487 619 
80300 3507 389 
80350 3502 195 
80400 3539 73 
80450 3533 20 
80500 3537 9 
80550 3559 275 
80600 3557 873 
80650 3547 1442 
80700 3532 1961 
80750 3542 2407 
80800 3535 2694 
80850 3527 2939 
80900 3533 3147 
80950 3546 3369 
81000 3546 3451 
81050 3385 2327 
81100 3461 1324 
81150 3511 706 
81200 3511 323 
81250 3528 133 
81300 3552 67 
81350 3534 17 
81400 3547 12 
81450 3526 8 
81500 3527 5 
81550 3527 245 
81600 3539 872 
81650 3515 1239 
81700 3516 1618 
81750 3503 1990 
81800 3521 2340 
81850 3534 2645 
81900 3537 2906 
81950 3539 3130 
82000 3545 3266 
82050 3327 2363 
82100 3433 1378 
82150 3490 774 
82200 3512 389 
82250 3514 176 
82300 3541 88 
82350 3534 39 
82400 3551 12 
82450 3527 9 
82500 3536 2 
82550 3539 521 
82600 3559 1309 
82650 3546 1784 
82700 3539 2164 
82750 3546 2486 
82800 3553 2766 
82850 3564 3021 
82900 3554 3203 
82950 3546 3312 
83000 3550 3411 
83050 3333 2437 
83100 3416 1450 
83150 3463 816 
83200 3503 447 
83250 3522 229 
83300 3511 99 
83350 3542 28 
83400 3532 12 
83450 3543 4 
83500 3551 3 
83550 3510 464 
83600 3534 976 
83650 3547 1422 
83700 3559 1850 
83750 3551 2240 
83800 3542 2573 
83850 3539 2840 
83900 3550 3044 
83950 3536 3215 
84000 3554 3361 
84050 3340 2211 
84100 3451 1178 
84150 3515 615 
84200 3532 306 
84250 3551 127 
84300 3551 49 
84350 3565 15 
84400 3539 9 
84450 3531 4 
84500 3530 5 
84550 3523 135 
84600 3523 1170 
84650 3517 1820 
84700 3548 2317 
84750 3545 2700 
84800 3545 2987 
84850 3550 3201 
84900 3553 3383 
84950 3542 3472 
85000 3546 3518 
85050 3294 2518 
85100 3392 1610 
85150 3440 1028 
85200 3504 672 
85250 3505 430 
85300 3514 232 
85350 3529 108 
85400 3534 46 
85450 3545 13 
85500 3551 4 
85550 3559 283 
85600 3541 851 
85650 3543 1263 
85700 3556 1674 
85750 3551 2049 
85800 3551 2386 
85850 3551 2661 
85900 3550 2893 
85950 3556 3076 
86000 3546 3207 
86050 3303 2317 
86100 3431 1346 
86150 3490 718 
86200 3509 383 
86250 3525 161 
86300 3549 71 
86350 3533 20 
86400 3540 7 
86450 3543 4 
86500 3544 5 
86550 3555 455 
86600 3548 996 
86650 3556 1453 
86700 3552 1851 
86750 3546 2185 
86800 3553 2525 
86850 3555 2839 
86900 3548 3059 
86950 3534 3180 
87000 3539 3274 
87050 3369 2200 
87100 3452 1221 
87150 3480 664 
87200 3523 333 
87250 3519 138 
87300 3532 59 
87350 3547 32 
87400 3535 12 
87450 3546 12 
87500 3547 8 
87550 3539 184 
87600 3532 930 
87650 3543 1554 
87700 3542 2128 
87750 3562 2602 
87800 3547 2932 
87850 3539 3168 
87900 3558 3340 
87950 3535 3420 
88000 3542 3471 
88050 3353 2204 
88100 3476 1106 
88150 3504 538 
88200 3525 273 
88250 3541 122 
88300 3546 54 
88350 3538 26 
88400 3535 5 
88450 3536 11 
88500 3543 10 
88550 3554 694 
88600 3542 1437 
88650 3540 2015 
88700 3545 2437 
88750 3557 2766 
88800 3537 3017 
88850 3537 3167 
88900 3566 3332 
88950 3537 3383 
89000 3554 3491 
89050 3379 2284 
89100 3466 1253 
89150 3497 654 
89200 3541 283 
89250 3537 116 
89300 3541 49 
89350 3525 23 
89400 3539 12 
89450 3540 5 
89500 3528 9 
89550 3543 345 
89600 3550 980 
89650 3533 1434 
89700 3534 1819 
89750 3553 2221 
89800 3552 2498 
89850 3550 2733 
89900 3555 2921 
89950 3554 3078 
90000 3552 3208 
90050 3368 2218 
90100 3458 1128 
90150 3515 518 
90200 3541 219 
90250 3542 84 
90300 3543 35 
90350 3549 16 
90400 3541 11 
90450 3550 8 
90500 3537 10 
90550 3532 546 
90600 3533 1200 
90650 3538 1723 
90700 3543 2171 
90750 3527 2485 
90800 3532 2789 
90850 3546 2994 
90900 3555 3172 
90950 3536 3309 
91000 3545 3411 
91050 3379 2282 
91100 3468 1234 
91150 3509 622 
91200 3542 309 
91250 3558 122 
91300 3542 38 
91350 3543 14 
91400 3542 10 
91450 3553 9 
91500 3554 10 
91550 3549 3 
91600 3540 561 
91650 3525 1083 
91700 3544 1592 
91750 3556 2045 
91800 3548 2449 
91850 3538 2812 
91900 3537 3120 
91950 3548 3329 
92000 3535 3448 
92050 3325 2339 
92100 3446 1259 
92150 3482 702 
92200 3506 395 
92250 3498 230 
92300 3525 161 
92350 3541 88 
92400 3540 34 
92450 3546 10 
92500 3549 7 
92550 3534 8 
92600 3521 668 
92650 3534 1251 
92700 3527 1703 
92750 3523 2047 
92800 3528 2413 
92850 3533 2737 
92900 3554 3007 
92950 3536 3166 
93000 3537 3281 
93050 3325 2488 
93100 3416 1509 
93150 3458 921 
93200 3490 595 
93250 3509 417 
93300 3513 298 
93350 3525 178 
93400 3536 98 
93450 3535 51 
93500 3552 27 
93550 3537 383 
93600 3542 927 
93650 3537 1326 
93700 3540 1739 
93750 3528 2116 
93800 3529 2429 
93850 3545 2812 
93900 3536 3035 
93950 3549 3205 
94000 3541 3323 
94050 3338 2191 
94100 3458 1163 
94150 3480 629 
94200 3500 337 
94250 3519 179 
94300 3539 86 
94350 3549 40 
94400 3553 14 
94450 3528 5 
94500 3522 4 
94550 3530 112 
94600 3522 810 
94650 3525 1428 
94700 3524 1864 
94750 3538 2205 
94800 3551 2466 
94850 3540 2630 
94900 3538 2850 
94950 3540 3039 
95000 3546 3193 
95050 3343 2206 
95100 3434 1331 
95150 3485 695 
95200 3520 317 
95250 3542 114 
95300 3564 47 
95350 3534 20 
95400 3534 13 
95450 3518 10 
95500 3525 8 
95550 3531 587 
95600 3543 1335 
95650 3532 1901 
95700 3541 2306 
95750 3541 2652 
95800 3538 2912 
95850 3535 3085 
95900 3555 3215 
95950 3547 3320 
96000 3548 3430 
96050 3321 2217 
96100 3449 1197 
96150 3479 608 
96200 3510 288 
96250 3523 154 
96300 3543 76 
96350 3559 36 
96400 3534 13 
96450 3536 18 
96500 3534 12 
96550 3513 462 
96600 3510 1247 
96650 3486 1824 
96700 3504 2304 
96750 3506 2697 
96800 3510 3015 
96850 3518 3218 
96900 3522 3358 
96950 3544 3447 
97000 3535 3482 
97050 3351 2148 
97100 3442 1120 
97150 3478 518 
97200 3501 241 
97250 3531 99 
97300 3548 39 
97350 3545 12 
97400 3537 14 
97450 3535 16 
97500 3541 12 
97550 3529 447 
97600 3534 1172 
97650 3541 1798 
97700 3536 2283 
97750 3542 2663 
97800 3542 2968 
97850 3531 3157 
97900 3534 3289 
97950 3537 3375 
98000 3537 3430 
98050 3347 2312 
98100 3427 1382 
98150 3481 822 
98200 3502 471 
98250 3508 269 
98300 3544 147 
98350 3541 58 
98400 3556 33 
98450 3542 12 
98500 3543 7 
98550 3547 399 
98600 3539 1103 
98650 3552 1578 
98700 3549 1976 
98750 3547 2331 
98800 3536 2643 
98850 3529 2938 
98900 3541 3110 
98950 3547 3237 
99000 3533 3331 
99050 3309 2388 
99100 3382 1435 
99150 3454 880 
99200 3465 529 
99250 3499 300 
99300 3533 171 
99350 3533 78 
99400 3540 27 
99450 3541 10 
99500 3537 10 
99550 3552 354 
99600 3552 1067 
99650 3548 1601 
99700 3542 2054 
99750 3550 2445 
99800 3542 2752 
99850 3543 2985 
99900 3541 3185 
99950 3530 3282 
100000 3541 3382 
100050 3350 2189 
100100 3475 1121 
100150 3509 542 
100200 3534 247 
100250 3531 113 
100300 3531 62 
100350 3536 25 
100400 3545 14 
100450 3544 11 
100500 3529 9 
100550 3547 616 
100600 3553 1453 
100650 3549 2024 
100700 3552 2530 
100750 3543 2855 
100800 3555 3087 
100850 3555 3246 
100900 3529 3339 
100950 3536 3421 
101000 3547 3493 
101050 3374 2298 
101100 3463 1141 
101150 3511 569 
101200 3533 239 
101250 3524 102 
101300 3536 45 
101350 3558 15 
101400 3547 7 
101450 3547 4 
101500 3541 6 
101550 3514 523 
101600 3536 1114 
101650 3535 1632 
101700 3533 2042 
101750 3527 2355 
101800 3525 2604 
101850 3530 2840 
101900 3544 3028 
101950 3531 3161 
102000 3534 3277 
102050 3320 2298 
102100 3448 1296 
102150 3500 696 
102200 3512 366 
102250 3528 180 
102300 3547 85 
102350 3549 31 
102400 3538 12 
102450 3538 10 
102500 3549 1 
102550 3547 477 
102600 3554 1206 
102650 3561 1686 
102700 3546 2068 
102750 3534 2393 
102800 3551 2732 
102850 3563 2972 
102900 3536 3146 
102950 3530 3285 
103000 3545 3384 
103050 3322 2305 
103100 3429 1196 
103150 3504 565 
103200 3517 240 
103250 3525 96 
103300 3538 41 
103350 3542 28 
103400 3543 14 
103450 3540 9 
103500 3537 9 
103550 3548 589 
103600 3541 1287 
103650 3548 1782 
103700 3552 2168 
103750 3548 2428 
103800 3552 2687 
103850 3533 2931 
103900 3537 3166 
103950 3543 3304 
104000 3537 3417 
104050 3344 2207 
104100 3431 1174 
104150 3485 611 
104200 3508 281 
104250 3534 125 
104300 3546 54 
104350 3533 43 
104400 3542 22 
104450 3544 14 
104500 3531 9 
104550 3527 217 
104600 3531 819 
104650 3533 1428 
104700 3531 2006 
104750 3555 2446 
104800 3550 2800 
104850 3541 3109 
104900 3522 3300 
104950 3552 3412 
105000 3536 3476 
105050 3360 2204 
105100 3469 990 
105150 3518 424 
105200 3529 173 
105250 3519 64 
105300 3516 40 
105350 3531 26 
105400 3532 13 
105450 3530 17 
105500 3539 13 
105550 3535 653 
105600 3549 1417 
105650 3535 1976 
105700 3524 2358 
105750 3537 2680 
105800 3535 2948 
105850 3545 3132 
105900 3538 3236 
105950 3564 3348 
106000 3538 3383 
106050 3339 2260 
106100 3416 1307 
106150 3479 783 
106200 3503 431 
106250 3544 215 
106300 3528 116 
106350 3531 57 
106400 3551 23 
106450 3544 13 
106500 3573 15 
106550 3544 326 
106600 3533 855 
106650 3524 1356 
106700 3548 1835 
106750 3546 2271 
106800 3538 2605 
106850 3549 2928 
106900 3535 3156 
106950 3533 3317 
107000 3542 3413 
107050 3363 2142 
107100 3463 1095 
107150 3499 554 
107200 3511 275 
107250 3535 104 
107300 3549 45 
107350 3538 19 
107400 3542 16 
107450 3535 16 
107500 3515 10 
107550 3538 545 
107600 3537 1186 
107650 3547 1652 
107700 3538 2082 
107750 3548 2407 
107800 3528 2725 
107850 3541 2986 
107900 3549 3162 
107950 3537 3287 
108000 3537 3388 
108050 3358 2173 
108100 3482 1159 
108150 3485 666 
108200 3509 405 
108250 3517 240 
108300 3546 134 
108350 3530 52 
108400 3547 21 
108450 3551 16 
108500 3541 13 
108550 3536 529 
108600 3540 1103 
108650 3546 1568 
108700 3527 1929 
108750 3533 2240 
108800 3532 2533 
108850 3534 2785 
108900 3530 2990 
108950 3539 3180 
109000 3549 3279 
109050 3363 2290 
109100 3472 1342 
109150 3495 788 
109200 3497 449 
109250 3519 255 
109300 3512 156 
109350 3518 89 
109400 3539 37 
109450 3540 14 
109500 3545 8 
109550 3535 404 
109600 3534 955 
109650 3542 1422 
109700 3540 1832 
109750 3529 2205 
109800 3527 2562 
109850 3541 2943 
109900 3535 3190 
109950 3525 3353 
110000 3542 3467 
110050 3350 2299 
110100 3425 1201 
110150 3475 651 
110200 3493 360 
110250 3513 203 
110300 3532 140 
110350 3545 68 
110400 3549 35 
110450 3539 17 
110500 3518 10 
110550 3547 2 
110600 3542 555 
110650 3553 1047 
110700 3550 1493 
110750 3555 1828 
110800 3559 2193 
110850 3546 2506 
110900 3557 2815 
110950 3552 3022 
111000 3529 3142 
111050 3351 2187 
111100 3451 1196 
111150 3479 584 
111200 3526 254 
111250 3540 108 
111300 3541 33 
111350 3541 13 
111400 3535 6 
111450 3546 14 
111500 3525 8 
111550 3556 422 
111600 3538 1135 
111650 3542 1718 
111700 3542 2157 
111750 3541 2484 
111800 3541 2794 
111850 3526 3031 
111900 3539 3238 
111950 3532 3384 
112000 3551 3470 
112050 3405 2102 
112100 3487 1025 
112150 3521 469 
112200 3529 188 
112250 3530 86 
112300 3547 42 
112350 3548 26 
112400 3546 9 
112450 3538 6 
112500 3553 10 
112550 3534 335 
112600 3536 969 
112650 3542 1412 
112700 3532 1770 
112750 3539 2118 
112800 3540 2410 
112850 3538 2706 
112900 3546 2908 
112950 3539 3086 
113000 3527 3218 
113050 3345 2138 
113100 3449 1126 
113150 3492 585 
113200 3516 296 
113250 3539 117 
113300 3543 43 
113350 3542 26 
113400 3564 15 
113450 3539 12 
113500 3541 12 
113550 3542 567 
113600 3545 1313 
113650 3550 1766 
113700 3531 2130 
113750 3526 2389 
113800 3532 2626 
113850 3531 2864 
113900 3542 3084 
113950 3541 3241 
114000 3534 3393 
114050 3439 2051 
114100 3512 883 
114150 3525 318 
114200 3543 104 
114250 3539 27 
114300 3550 16 
114350 3536 10 
114400 3549 8 
114450 3559 7 
114500 3546 8 
114550 3545 371 
114600 3546 883 
114650 3548 1334 
114700 3546 1740 
114750 3545 2141 
114800 3541 2473 
114850 3531 2745 
114900 3560 2994 
114950 3545 3121 
115000 3552 3244 
115050 3420 2137 
115100 3505 1012 
115150 3538 407 
115200 3544 122 
115250 3537 31 
115300 3537 14 
115350 3555 5 
115400 3541 8 
115450 3561 10 
115500 3551 5 
115550 3552 219 
115600 3553 840 
115650 3561 1311 
115700 3543 1707 
115750 3550 2059 
115800 3558 2405 
115850 3541 2722 
115900 3556 2990 
115950 3559 3165 
116000 3558 3294 
116050 3399 2156 
116100 3504 1024 
116150 3519 506 
116200 3553 241 
116250 3559 104 
116300 3550 36 
116350 3565 15 
116400 3563 6 
116450 3556 5 
116500 3538 2 
116550 3548 439 
116600 3548 981 
116650 3542 1371 
116700 3552 1838 
116750 3545 2188 
116800 3546 2502 
116850 3538 2758 
116900 3543 3006 
116950 3551 3155 
117000 3543 3261 
117050 3385 2144 
117100 3478 1081 
117150 3521 591 
117200 3526 307 
117250 3539 156 
117300 3540 72 
117350 3540 24 
117400 3546 10 
117450 3556 2 
117500 3551 4 
117550 3546 385 
117600 3561 976 
117650 3551 1404 
117700 3553 1795 
117750 3561 2134 
117800 3554 2430 
117850 3545 2687 
117900 3544 2887 
117950 3549 3042 
118000 3556 3205 
118050 3379 2115 
118100 3500 1005 
118150 3528 448 
118200 3535 143 
118250 3540 50 
118300 3538 10 
118350 3543 4 
118400 3530 4 
118450 3544 4 
118500 3549 0 
118550 3563 75 
118600 3547 677 
118650 3564 1150 
118700 3555 1594 
118750 3562 1969 
118800 3545 2258 
118850 3563 2585 
118900 3572 2889 
118950 3564 3069 
119000 3558 3206 
119050 3374 2187 
119100 3461 1289 
119150 3512 713 
119200 3526 372 
119250 3522 176 
119300 3553 58 
119350 3562 25 
119400 3547 5 
119450 3553 0 
119500 3557 6 
119550 3558 512 
119600 3559 1195 
119650 3561 1679 
119700 3567 2080 
119750 3574 2386 
119800 3552 2600 
119850 3559 2786 
119900 3556 3017 
119950 3562 3163 
120000 3554 3275 
120050 3381 2149 
120100 3492 1073 
120150 3532 489 
120200 3549 217 
120250 3550 95 
120300 3559 38 
120350 3565 10 
120400 3558 6 
120450 3555 1 
120500 3545 3 
120550 3547 2 
120600 3536 392 
120650 3533 913 
120700 3549 1330 
120750 3552 1725 
120800 3548 2083 
120850 3553 2411 
120900 3552 2668 
120950 3546 2886 
121000 3547 3073 
121050 3344 2219 
121100 3450 1195 
121150 3516 621 
121200 3539 272 
121250 3539 114 
121300 3540 34 
121350 3564 15 
121400 3548 6 
121450 3553 1 
121500 3546 4 
121550 3541 309 
121600 3551 979 
121650 3551 1451 
121700 3547 1886 
121750 3538 2222 
121800 3562 2583 
121850 3544 2835 
121900 3549 3051 
121950 3555 3240 
122000 3560 3366 
122050 3335 2315 
122100 3433 1354 
122150 3508 738 
122200 3530 394 
122250 3544 203 
122300 3536 132 
122350 3548 44 
122400 3543 21 
122450 3547 6 
122500 3562 2 
122550 3529 13 
122600 3529 172 
122650 3530 751 
122700 3521 1257 
122750 3525 1722 
122800 3511 2129 
122850 3476 2428 
122900 3514 2741 
122950 3499 2966 
123000 3513 3128 
123050 3265 2382 
123100 3318 1720 
123150 3362 1312 
123200 3377 1001 
123250 3453 859 
123300 3470 692 
123350 3470 534 
123400 3486 414 
123450 3507 298 
123500 3488 203 
123550 3511 137 
123600 3424 130 
123650 3437 362 
123700 3516 928 
123750 3525 1356 
123800 3532 1724 
123850 3535 2047 
123900 3515 2385 
123950 3505 2656 
124000 3505 2891 
124050 3310 2275 
124100 3364 1664 
124150 3385 1217 
124200 3412 850 
124250 3470 622 
124300 3507 445 
124350 3520 297 
124400 3531 201 
124450 3538 136 
124500 3550 70 
124550 3557 420 
124600 3538 960 
124650 3528 1368 
124700 3532 1727 
124750 3512 2056 
124800 3520 2419 
124850 3515 2736 
124900 3502 2974 
124950 3499 3172 
125000 3502 3269 
125050 3276 2443 
125100 3337 1667 
125150 3375 1099 
125200 3422 808 
125250 3472 628 
125300 3486 423 
125350 3485 236 
125400 3495 130 
125450 3505 42 
125500 3496 25 
125550 3493 194 
125600 3500 907 
125650 3486 1387 
125700 3507 1794 
125750 3499 2166 
125800 3488 2483 
125850 3473 2754 
125900 3520 3016 
125950 3485 3134 
126000 3509 3278 
126050 3242 2545 
126100 3257 1928 
126150 3282 1476 
126200 3400 1279 
126250 3440 1013 
126300 3450 764 
126350 3458 571 
126400 3464 399 
126450 3483 278 
126500 3499 183 
126550 3503 468 
126600 3508 923 
126650 3497 1335 
126700 3508 1737 
126750 3500 2100 
126800 3511 2439 
126850 3507 2722 
126900 3526 2940 
126950 3488 3101 
127000 3488 3234 
127050 3253 2358 
127100 3343 1544 
127150 3403 890 
127200 3441 416 
127250 3488 243 
127300 3496 152 
127350 3497 95 
127400 3512 46 
127450 3483 23 
127500 3511 14 
127550 3499 371 
127600 3487 925 
127650 3475 1383 
127700 3481 1811 
127750 3477 2151 
127800 3461 2503 
127850 3461 2839 
127900 3473 3110 
127950 3476 3311 
128000 3497 3430 
128050 3259 2526 
128100 3312 1734 
128150 3361 1192 
128200 3439 934 
128250 3446 628 
128300 3440 405 
128350 3478 238 
128400 3479 123 
128450 3487 57 
128500 3490 31 
128550 3488 457 
128600 3478 1026 
128650 3463 1462 
128700 3500 1894 
128750 3478 2272 
128800 3475 2625 
128850 3480 2919 
128900 3503 3142 
128950 3485 3270 
129000 3469 3372 
129050 3221 2453 
129100 3308 1644 
129150 3313 1154 
129200 3394 920 
129250 3443 763 
129300 3430 580 
129350 3430 423 
129400 3478 284 
129450 3482 188 
129500 3490 102 
129550 3469 312 
129600 3479 871 
129650 3461 1347 
129700 3456 1779 
129750 3443 2126 
129800 3465 2461 
129850 3442 2716 
129900 3412 2896 
129950 3432 3079 
130000 3427 3177 
130050 3186 2464 
130100 3246 1769 
130150 3270 1277 
130200 3364 969 
130250 3407 761 
130300 3443 520 
130350 3443 310 
130400 3451 213 
130450 3467 124 
130500 3487 87 
130550 3452 609 
130600 3433 1435 
130650 3445 1966 
130700 3477 2356 
130750 3459 2624 
130800 3463 2874 
130850 3485 3090 
130900 3497 3264 
130950 3492 3361 
131000 3488 3435 
131050 3196 2423 
131100 3273 1565 
131150 3365 968 
131200 3388 652 
131250 3457 515 
131300 3459 340 
131350 3476 197 
131400 3472 125 
131450 3463 71 
131500 3491 22 
131550 3464 331 
131600 3447 1157 
131650 3430 1730 
131700 3432 2130 
131750 3423 2474 
131800 3428 2706 
131850 3460 2950 
131900 3474 3130 
131950 3488 3280 
132000 3461 3401 
132050 3240 2480 
132100 3306 1651 
132150 3318 1139 
132200 3406 904 
132250 3429 727 
132300 3441 526 
132350 3445 365 
132400 3429 263 
132450 3453 167 
132500 3474 120 
132550 3466 420 
132600 3480 931 
132650 3472 1406 
132700 3469 1804 
132750 3482 2187 
132800 3478 2491 
132850 3477 2744 
132900 3489 2985 
132950 3496 3167 
133000 3495 3294 
133050 3211 2375 
133100 3248 1675 
133150 3276 1167 
133200 3344 824 
133250 3396 595 
133300 3416 404 
133350 3414 260 
133400 3443 176 
133450 3423 103 
133500 3464 56 
133550 3438 218 
133600 3418 766 
133650 3431 1259 
133700 3435 1686 
133750 3445 2028 
133800 3447 2357 
133850 3483 2699 
133900 3489 2975 
133950 3478 3109 
134000 3493 3227 
134050 3212 2372 
134100 3259 1547 
134150 3304 1059 
134200 3359 740 
134250 3427 557 
134300 3460 372 
134350 3468 241 
134400 3508 130 
134450 3494 69 
134500 3505 31 
134550 3495 295 
134600 3495 1038 
134650 3504 1530 
134700 3504 1948 
134750 3488 2274 
134800 3497 2549 
134850 3474 2808 
134900 3485 3000 
134950 3501 3201 
135000 3509 3334 
135050 3284 2355 
135100 3375 1393 
135150 3422 871 
135200 3462 519 
135250 3484 275 
135300 3465 145 
135350 3489 50 
135400 3497 21 
135450 3521 11 
135500 3520 6 
135550 3495 475 
135600 3493 975 
135650 3509 1462 
135700 3512 1816 
135750 3491 2144 
135800 3491 2467 
135850 3501 2741 
135900 3499 2922 
135950 3499 3086 
136000 3481 3176 
136050 3222 2209 
136100 3314 1369 
136150 3386 836 
136200 3411 453 
136250 3443 243 
136300 3466 164 
136350 3480 87 
136400 3507 41 
136450 3479 12 
136500 3524 7 
136550 3500 98 
136600 3491 725 
136650 3486 1214 
136700 3502 1584 
136750 3493 1989 
136800 3474 2314 
136850 3496 2659 
136900 3504 2891 
136950 3501 3082 
137000 3496 3207 
137050 3247 2312 
137100 3322 1491 
137150 3364 1034 
137200 3414 681 
137250 3467 488 
137300 3476 323 
137350 3466 196 
137400 3461 91 
137450 3487 41 
137500 3484 16 
137550 3487 513 
137600 3491 1037 
137650 3481 1511 
137700 3477 1876 
137750 3490 2233 
137800 3504 2493 
137850 3495 2721 
137900 3464 2891 
137950 3497 3067 
138000 3495 3187 
138050 3298 2330 
138100 3348 1467 
138150 3386 908 
138200 3397 644 
138250 3452 496 
138300 3459 396 
138350 3474 277 
138400 3480 187 
138450 3492 115 
138500 3511 55 
138550 3483 294 
138600 3483 876 
138650 3493 1349 
138700 3484 1738 
138750 3472 2109 
138800 3492 2444 
138850 3497 2755 
138900 3502 2996 
138950 3498 3138 
139000 3489 3246 
139050 3334 2223 
139100 3414 1232 
139150 3431 695 
139200 3431 386 
139250 3480 217 
139300 3481 132 
139350 3480 71 
139400 3506 24 
139450 3508 13 
139500 3486 14 
139550 3510 311 
139600 3500 1148 
139650 3500 1684 
139700 3506 2127 
139750 3474 2444 
139800 3475 2756 
139850 3480 2971 
139900 3484 3126 
139950 3495 3255 
140000 3485 3335 
140050 3288 2215 
140100 3349 1166 
140150 3461 569 
140200 3487 291 
140250 3500 140 
140300 3500 64 
140350 3483 39 
140400 3507 16 
140450 3515 7 
140500 3512 3 
140550 3487 316 
140600 3493 1088 
140650 3496 1694 
140700 3489 2210 
140750 3473 2579 
140800 3487 2881 
140850 3503 3148 
140900 3450 3291 
140950 3510 3431 
141000 3494 3462 
141050 3261 2367 
141100 3341 1432 
141150 3379 850 
141200 3410 569 
141250 3460 395 
141300 3496 223 
141350 3493 108 
141400 3483 57 
141450 3476 38 
141500 3501 13 
141550 3520 3 
141600 3497 658 
141650 3486 1141 
141700 3506 1602 
141750 3503 2005 
141800 3498 2342 
141850 3479 2597 
141900 3500 2837 
141950 3487 3002 
142000 3502 3153 
142050 3282 2272 
142100 3374 1356 
142150 3429 742 
142200 3442 340 
142250 3510 140 
142300 3496 53 
142350 3504 20 
142400 3509 18 
142450 3507 8 
142500 3509 9 
142550 3466 327 
142600 3458 921 
142650 3446 1433 
142700 3457 1831 
142750 3482 2248 
142800 3488 2538 
142850 3496 2751 
142900 3518 2969 
142950 3500 3093 
143000 3489 3198 
143050 3224 2222 
143100 3373 1287 
143150 3418 726 
143200 3446 411 
143250 3485 226 
143300 3508 119 
143350 3508 78 
143400 3515 46 
143450 3500 21 
143500 3504 15 
143550 3517 311 
143600 3515 877 
143650 3501 1380 
143700 3496 1807 
143750 3503 2204 
143800 3491 2554 
143850 3502 2849 
143900 3516 3089 
143950 3495 3243 
144000 3505 3354 
144050 3288 2232 
144100 3363 1246 
144150 3399 713 
144200 3435 403 
144250 3473 239 
144300 3487 131 
144350 3503 62 
144400 3502 28 
144450 3515 8 
144500 3511 5 
144550 3494 43 
144600 3480 689 
144650 3474 1218 
144700 3477 1645 
144750 3490 2071 
144800 3490 2424 
144850 3502 2704 
144900 3503 2944 
144950 3497 3079 
145000 3475 3208 
145050 3268 2250 
145100 3367 1325 
145150 3421 805 
145200 3439 461 
145250 3472 212 
145300 3483 79 
145350 3495 30 
145400 3506 10 
145450 3528 6 
145500 3501 9 
145550 3483 349 
145600 3477 909 
145650 3478 1408 
145700 3485 1898 
145750 3506 2338 
145800 3515 2750 
145850 3489 3030 
145900 3503 3250 
145950 3507 3378 
146000 3489 3424 
146050 3292 2082 
146100 3402 1026 
146150 3448 504 
146200 3454 206 
146250 3482 86 
146300 3489 41 
146350 3498 11 
146400 3482 12 
146450 3510 5 
146500 3501 0 
146550 3501 416 
146600 3510 1229 
146650 3491 1805 
146700 3493 2253 
146750 3508 2632 
146800 3514 2914 
146850 3503 3113 
146900 3492 3256 
146950 3505 3382 
147000 3489 3423 
147050 3301 2165 
147100 3405 1198 
147150 3469 585 
147200 3481 260 
147250 3498 125 
147300 3505 67 
147350 3522 35 
147400 3501 18 
147450 3499 11 
147500 3505 16 
147550 3521 559 
147600 3516 1318 
147650 3495 1805 
147700 3504 2134 
147750 3511 2440 
147800 3515 2666 
147850 3522 2896 
147900 3494 3014 
147950 3511 3177 
148000 3522 3300 
148050 3313 2195 
148100 3346 1304 
148150 3410 851 
148200 3424 532 
148250 3437 312 
148300 3460 213 
148350 3482 140 
148400 3470 83 
148450 3519 46 
148500 3498 12 
148550 3502 421 
148600 3495 936 
148650 3512 1421 
148700 3499 1858 
148750 3510 2252 
148800 3496 2595 
148850 3514 2834 
148900 3518 3042 
148950 3523 3194 
149000 3500 3294 
149050 3296 2208 
149100 3400 1192 
149150 3446 585 
149200 3452 300 
149250 3489 151 
149300 3495 76 
149350 3480 34 
149400 3513 15 
149450 3489 8 
149500 3492 9 
149550 3499 502 
149600 3485 1138 
149650 3507 1722 
149700 3496 2145 
149750 3503 2572 
149800 3483 2862 
149850 3523 3099 
149900 3505 3258 
149950 3513 3381 
150000 3521 3470 
150050 3279 2360 
150100 3354 1346 
150150 3425 806 
150200 3470 483 
150250 3497 290 
150300 3494 142 
150350 3488 53 
150400 3496 23 
150450 3493 12 
150500 3466 9 
150550 3497 501 
150600 3483 1261 
150650 3495 1780 
150700 3510 2204 
150750 3517 2582 
150800 3502 2881 
150850 3503 3130 
150900 3520 3330 
150950 3499 3446 
151000 3491 3442 
151050 3293 2126 
151100 3385 1035 
151150 3453 440 
151200 3483 154 
151250 3498 59 
151300 3501 30 
151350 3489 7 
151400 3497 8 
151450 3489 8 
151500 3523 8 
151550 3504 618 
151600 3496 1327 
151650 3491 1791 
151700 3503 2220 
151750 3476 2480 
151800 3508 2758 
151850 3486 2913 
151900 3479 3103 
151950 3500 3253 
152000 3497 3357 
152050 3302 2202 
152100 3420 1154 
152150 3460 569 
152200 3506 249 
152250 3506 95 
152300 3522 43 
152350 3489 26 
152400 3522 8 
152450 3505 16 
152500 3502 7 
152550 3500 509 
152600 3505 1125 
152650 3508 1630 
152700 3477 1964 
152750 3491 2318 
152800 3476 2545 
152850 3475 2761 
152900 3466 2966 
152950 3486 3138 
153000 3493 3256 
153050 3342 2029 
153100 3435 1019 
153150 3469 483 
153200 3482 206 
153250 3508 81 
153300 3492 31 
153350 3501 21 
153400 3509 18 
153450 3522 14 
153500 3512 25 
153550 3515 552 
153600 3503 1298 
153650 3515 1798 
153700 3508 2189 
153750 3509 2498 
153800 3495 2753 
153850 3497 3011 
153900 3495 3213 
153950 3494 3337 
154000 3510 3435 
154050 3300 2228 
154100 3372 1188 
154150 3433 685 
154200 3471 416 
154250 3469 243 
154300 3507 165 
154350 3493 78 
154400 3493 38 
154450 3505 23 
154500 3495 29 
154550 3505 621 
154600 3503 1399 
154650 3489 1898 
154700 3505 2278 
154750 3520 2611 
154800 3505 2849 
154850 3480 3007 
154900 3512 3186 
154950 3495 3309 
155000 3479 3363 
155050 3311 2212 
155100 3387 1124 
155150 3448 503 
155200 3482 219 
155250 3498 97 
155300 3497 43 
155350 3495 32 
155400 3485 25 
155450 3518 11 
155500 3488 39 
155550 3484 489 
155600 3472 1130 
155650 3478 1669 
155700 3483 2026 
155750 3493 2341 
155800 3493 2621 
155850 3496 2865 
155900 3498 3059 
155950 3511 3196 
156000 3498 3269 
156050 3291 2154 
156100 3393 1189 
156150 3451 615 
156200 3478 259 
156250 3465 97 
156300 3505 35 
156350 3503 23 
156400 3512 15 
156450 3506 15 
156500 3504 8 
156550 3490 570 
156600 3486 1193 
156650 3472 1705 
156700 3505 2176 
156750 3498 2496 
156800 3501 2707 
156850 3491 2898 
156900 3477 3068 
156950 3502 3241 
157000 3518 3359 
157050 3295 2282 
157100 3352 1359 
157150 3432 876 
157200 3430 541 
157250 3483 360 
157300 3481 218 
157350 3530 106 
157400 3498 55 
157450 3504 26 
157500 3512 15 
157550 3521 346 
157600 3501 1065 
157650 3501 1556 
157700 3514 1965 
157750 3518 2348 
157800 3506 2632 
157850 3487 2850 
157900 3489 3016 
157950 3496 3185 
158000 3509 3306 
158050 3305 2101 
158100 3380 1069 
158150 3435 532 
158200 3469 273 
158250 3508 130 
158300 3489 54 
158350 3483 25 
158400 3493 8 
158450 3501 10 
158500 3511 11 
158550 3500 689 
158600 3505 1488 
158650 3504 2024 
158700 3509 2423 
158750 3512 2748 
158800 3519 3031 
158850 3503 3194 
158900 3527 3330 
158950 3512 3408 
159000 3513 3455 
159050 3340 2208 
159100 3412 1192 
159150 3454 649 
159200 3462 352 
159250 3491 172 
159300 3488 74 
159350 3484 31 
159400 3499 11 
159450 3492 14 
159500 3473 13 
159550 3468 616 
159600 3478 1244 
159650 3469 1734 
159700 3513 2151 
159750 3519 2538 
159800 3494 2753 
159850 3500 2998 
159900 3503 3242 
159950 3495 3372 
160000 3515 3442 
160050 3290 2209 
160100 3419 1187 
160150 3459 626 
160200 3482 340 
160250 3502 180 
160300 3521 94 
160350 3518 43 
160400 3508 12 
160450 3500 8 
160500 3508 6 
160550 3483 27 
160600 3465 675 
160650 3469 1193 
160700 3457 1650 
160750 3432 2127 
160800 3424 2527 
160850 3448 2849 
160900 3474 3105 
160950 3476 3220 
161000 3501 3348 
161050 3322 2094 
161100 3397 1066 
161150 3440 569 
161200 3457 249 
161250 3476 103 
161300 3492 45 
161350 3504 19 
161400 3515 21 
161450 3516 22 
161500 3496 7 
161550 3502 537 
161600 3507 1176 
161650 3509 1678 
161700 3519 2089 
161750 3522 2483 
161800 3497 2781 
161850 3497 3044 
161900 3504 3218 
161950 3516 3352 
162000 3502 3433 
162050 3263 2261 
162100 3370 1156 
162150 3452 619 
162200 3471 321 
162250 3492 170 
162300 3511 84 
162350 3503 37 
162400 3510 20 
162450 3487 11 
162500 3524 16 
162550 3502 574 
162600 3487 1103 
162650 3497 1580 
162700 3500 2052 
162750 3513 2447 
162800 3521 2759 
162850 3515 2992 
162900 3515 3141 
162950 3512 3256 
163000 3519 3366 
163050 3285 2276 
163100 3359 1364 
163150 3417 821 
163200 3445 478 
163250 3476 310 
163300 3492 236 
163350 3496 150 
163400 3519 100 
163450 3500 63 
163500 3506 44 
163550 3500 353 
163600 3498 962 
163650 3526 1493 
163700 3488 1874 
163750 3501 2209 
163800 3490 2502 
163850 3511 2746 
163900 3509 2979 
163950 3507 3117 
164000 3497 3255 
164050 3245 2255 
164100 3332 1331 
164150 3409 805 
164200 3443 399 
164250 3472 222 
164300 3499 118 
164350 3480 48 
164400 3487 11 
164450 3512 10 
164500 3499 2 
164550 3502 618 
164600 3476 1428 
164650 3489 2007 
164700 3501 2450 
164750 3512 2741 
164800 3515 2960 
164850 3505 3137 
164900 3511 3251 
164950 3505 3345 
165000 3490 3393 
165050 3294 2293 
165100 3379 1299 
165150 3433 811 
165200 3463 458 
165250 3485 232 
165300 3498 104 
165350 3501 37 
165400 3489 20 
165450 3511 11 
165500 3508 12 
165550 3495 521 
165600 3515 1335 
165650 3492 1970 
165700 3525 2445 
165750 3514 2782 
165800 3509 3014 
165850 3534 3214 
165900 3524 3341 
165950 3506 3395 
166000 3503 3467 
166050 3256 2164 
166100 3393 1147 
166150 3448 615 
166200 3438 285 
166250 3480 121 
166300 3474 69 
166350 3493 25 
166400 3508 11 
166450 3490 9 
166500 3519 14 
166550 3510 551 
166600 3507 1274 
166650 3503 1889 
166700 3520 2402 
166750 3519 2762 
166800 3478 3001 
166850 3506 3186 
166900 3515 3308 
166950 3535 3406 
167000 3533 3440 
167050 3263 2275 
167100 3314 1408 
167150 3369 915 
167200 3435 525 
167250 3473 289 
167300 3483 145 
167350 3493 64 
167400 3507 17 
167450 3484 8 
167500 3493 7 
167550 3488 419 
167600 3493 1148 
167650 3512 1653 
167700 3524 2089 
167750 3501 2439 
167800 3499 2741 
167850 3509 2966 
167900 3497 3165 
167950 3512 3309 
168000 3489 3402 
168050 3272 2158 
168100 3363 1137 
168150 3460 615 
168200 3449 273 
168250 3479 99 
168300 3484 36 
168350 3500 24 
168400 3468 8 
168450 3500 8 
168500 3501 11 
168550 3507 458 
168600 3515 1021 
168650 3514 1483 
168700 3508 1873 
168750 3495 2162 
168800 3503 2480 
168850 3516 2734 
168900 3505 2910 
168950 3494 3053 
169000 3509 3170 
169050 3242 2221 
169100 3350 1306 
169150 3422 750 
169200 3470 360 
169250 3475 205 
169300 3499 115 
169350 3512 55 
169400 3498 23 
169450 3494 16 
169500 3467 16 
169550 3487 347 
169600 3511 1026 
169650 3490 1502 
169700 3511 1936 
169750 3495 2271 
169800 3492 2563 
169850 3504 2827 
169900 3492 2995 
169950 3492 3177 
170000 3502 3304 
170050 3320 2170 
170100 3391 1197 
170150 3422 684 
170200 3452 352 
170250 3487 166 
170300 3506 92 
170350 3476 39 
170400 3492 26 
170450 3500 12 
170500 3509 6 
170550 3507 593 
170600 3501 1259 
170650 3501 1782 
170700 3502 2250 
170750 3514 2672 
170800 3492 2977 
170850 3485 3197 
170900 3491 3355 
170950 3507 3433 
171000 3511 3467 
171050 3278 2307 
171100 3367 1281 
171150 3433 672 
171200 3451 392 
171250 3493 245 
171300 3517 153 
171350 3519 81 
171400 3509 44 
171450 3502 23 
171500 3520 13 
171550 3504 517 
171600 3504 1243 
171650 3515 1791 
171700 3503 2263 
171750 3507 2649 
171800 3523 2964 
171850 3508 3169 
171900 3501 3279 
171950 3530 3404 
172000 3524 3457 
172050 3246 2294 
172100 3363 1388 
172150 3404 882 
172200 3451 518 
172250 3500 357 
172300 3484 170 
172350 3466 67 
172400 3471 36 
172450 3477 13 
172500 3491 10 
172550 3522 243 
172600 3525 1000 
172650 3518 1514 
172700 3510 1960 
172750 3520 2339 
172800 3499 2717 
172850 3493 2997 
172900 3510 3163 
172950 3493 3308 
173000 3493 3408 
173050 3274 2203 
173100 3359 1276 
173150 3397 810 
173200 3431 482 
173250 3453 286 
173300 3459 202 
173350 3478 117 
173400 3458 60 
173450 3497 30 
173500 3496 23 
173550 3477 449 
173600 3480 1150 
173650 3487 1668 
173700 3489 2047 
173750 3490 2395 
173800 3482 2686 
173850 3469 2919 
173900 3504 3123 
173950 3506 3248 
174000 3510 3355 
174050 3250 2351 
174100 3341 1325 
174150 3420 714 
174200 3435 375 
174250 3456 228 
174300 3489 122 
174350 3503 73 
174400 3481 26 
174450 3483 16 
174500 3502 12 
174550 3509 449 
174600 3494 1310 
174650 3496 2040 
174700 3501 2518 
174750 3480 2842 
174800 3493 3099 
174850 3491 3266 
174900 3495 3408 
174950 3494 3461 
175000 3509 3496 
175050 3266 2515 
175100 3314 1482 
175150 3404 959 
175200 3474 672 
175250 3461 422 
175300 3473 255 
175350 3497 161 
175400 3492 71 
175450 3488 32 
175500 3484 15 
175550 3485 631 
175600 3464 1352 
175650 3483 1964 
175700 3502 2486 
175750 3470 2806 
175800 3492 3066 
175850 3523 3257 
175900 3496 3344 
175950 3503 3419 
176000 3504 3455 
176050 3285 2279 
176100 3349 1305 
176150 3378 689 
176200 3451 370 
176250 3448 215 
176300 3484 90 
176350 3487 45 
176400 3499 23 
176450 3493 13 
176500 3510 18 
176550 3481 398 
176600 3488 969 
176650 3485 1487 
176700 3487 2040 
176750 3494 2480 
176800 3482 2783 
176850 3459 2984 
176900 3470 3140 
176950 3483 3272 
177000 3504 3379 
177050 3246 2324 
177100 3331 1378 
177150 3378 800 
177200 3422 485 
177250 3470 321 
177300 3488 194 
177350 3472 113 
177400 3482 56 
177450 3490 21 
177500 3482 6 
177550 3510 347 
177600 3476 968 
177650 3471 1463 
177700 3478 1961 
177750 3500 2336 
177800 3478 2650 
177850 3496 2919 
177900 3503 3149 
177950 3490 3283 
178000 3503 3392 
178050 3260 2310 
178100 3303 1364 
178150 3398 857 
178200 3440 442 
178250 3471 217 
178300 3466 112 
178350 3461 50 
178400 3501 19 
178450 3524 7 
178500 3517 7 
178550 3493 598 
178600 3506 1273 
178650 3512 1778 
178700 3509 2148 
178750 3501 2484 
178800 3483 2746 
178850 3513 2995 
178900 3516 3163 
178950 3480 3238 
179000 3519 3380 
179050 3254 2403 
179100 3295 1612 
179150 3334 1034 
179200 3418 633 
179250 3452 401 
179300 3479 207 
179350 3476 79 
179400 3507 27 
179450 3507 9 
179500 3505 5 
179550 3488 489 
179600 3507 1095 
179650 3496 1577 
179700 3490 1980 
179750 3495 2312 
179800 3471 2564 
179850 3510 2797 
179900 3496 2983 
179950 3500 3157 
180000 3517 3280 
180050 3245 2535 
180100 3314 1768 
180150 3338 1171 
180200 3439 885 
180250 3468 579 
180300 3457 378 
180350 3448 218 
180400 3476 132 
180450 3460 74 
180500 3470 29 
180550 3487 378 
180600 3508 1003 
180650 3493 1530 
180700 3497 1949 
180750 3483 2276 
180800 3487 2542 
180850 3501 2794 
180900 3490 2983 
180950 3489 3124 
181000 3497 3254 
181050 3263 2321 
181100 3327 1428 
181150 3397 893 
181200 3442 553 
181250 3485 331 
181300 3499 177 
181350 3507 84 
181400 3477 47 
181450 3489 20 
181500 3483 14 
181550 3482 287 
181600 3491 1077 
181650 3489 1598 
181700 3475 2031 
181750 3491 2341 
181800 3497 2603 
181850 3491 2801 
181900 3506 2984 
181950 3504 3129 
182000 3502 3240 
182050 3309 2325 
182100 3366 1443 
182150 3399 925 
182200 3394 593 
182250 3458 412 
182300 3467 288 
182350 3483 185 
182400 3496 101 
182450 3493 45 
182500 3496 28 
182550 3495 685 
182600 3483 1508 
182650 3490 2103 
182700 3498 2575 
182750 3489 2906 
182800 3498 3151 
182850 3471 3298 
182900 3504 3417 
182950 3498 3451 
183000 3490 3474 
183050 3237 2422 
183100 3297 1485 
183150 3372 910 
183200 3455 648 
183250 3456 432 
183300 3457 264 
183350 3438 162 
183400 3486 79 
183450 3483 28 
183500 3503 12 
183550 3506 483 
183600 3505 1164 
183650 3493 1695 
183700 3490 2144 
183750 3493 2486 
183800 3490 2723 
183850 3481 2909 
183900 3477 3054 
183950 3496 3210 
184000 3488 3314 
184050 3239 2468 
184100 3319 1623 
184150 3376 984 
184200 3431 655 
184250 3470 396 
184300 3511 204 
184350 3481 89 
184400 3474 31 
184450 3498 22 
184500 3510 18 
184550 3523 541 
184600 3513 1173 
184650 3492 1714 
184700 3512 2179 
184750 3495 2495 
184800 3502 2787 
184850 3508 3040 
184900 3503 3232 
184950 3473 3338 
185000 3528 3455 
185050 3244 2377 
185100 3318 1400 
185150 3335 839 
185200 3438 543 
185250 3466 361 
185300 3474 228 
185350 3479 134 
185400 3495 66 
185450 3516 30 
185500 3505 16 
185550 3500 48 
185600 3510 905 
185650 3481 1518 
185700 3498 2009 
185750 3501 2369 
185800 3523 2725 
185850 3507 2916 
185900 3523 3123 
185950 3498 3268 
186000 3501 3401 
186050 3279 2241 
186100 3377 1244 
186150 3442 706 
186200 3450 428 
186250 3484 299 
186300 3510 190 
186350 3507 97 
186400 3502 45 
186450 3508 19 
186500 3523 7 
186550 3497 757 
186600 3508 1665 
186650 3505 2248 
186700 3514 2660 
186750 3501 2960 
186800 3505 3158 
186850 3492 3272 
186900 3498 3367 
186950 3508 3429 
187000 3504 3452 
187050 3243 2246 
187100 3284 1373 
187150 3318 821 
187200 3407 513 
187250 3439 370 
187300 3489 253 
187350 3496 138 
187400 3455 72 
187450 3490 40 
187500 3493 22 
187550 3501 274 
187600 3508 1155 
187650 3497 1858 
187700 3478 2347 
187750 3497 2756 
187800 3506 3059 
187850 3495 3227 
187900 3505 3341 
187950 3506 3429 
188000 3507 3471 
188050 3279 2459 
188100 3324 1507 
188150 3394 953 
188200 3484 680 
188250 3485 482 
188300 3502 301 
188350 3491 158 
188400 3490 66 
188450 3530 22 
188500 3500 13 
188550 3505 120 
188600 3511 826 
188650 3499 1309 
188700 3496 1760 
188750 3497 2129 
188800 3490 2442 
188850 3481 2723 
188900 3496 2965 
188950 3503 3202 
189000 3507 3342 
189050 3279 2394 
189100 3349 1600 
189150 3386 1042 
189200 3416 695 
189250 3465 547 
189300 3491 395 
189350 3490 256 
189400 3512 149 
189450 3497 81 
189500 3485 27 
189550 3504 486 
189600 3500 1109 
189650 3497 1579 
189700 3512 1945 
189750 3497 2277 
189800 3506 2580 
189850 3485 2829 
189900 3502 3025 
189950 3501 3171 
190000 3485 3266 
190050 3288 2210 
190100 3410 1143 
190150 3463 537 
190200 3494 229 
190250 3492 91 
190300 3480 35 
190350 3490 20 
190400 3505 12 
190450 3496 7 
190500 3477 8 
190550 3359 399 
190600 3286 966 
190650 3263 1509 
190700 3236 1984 
190750 3256 2376 
190800 3259 2717 
190850 3316 2978 
190900 3315 3133 
190950 3375 3261 
191000 3381 3346 
191050 3278 2413 
191100 3342 1512 
191150 3351 949 
191200 3419 615 
191250 3455 316 
191300 3479 161 
191350 3497 71 
191400 3518 34 
191450 3497 29 
191500 3515 20 
191550 3514 476 
191600 3512 1088 
191650 3510 1619 
191700 3502 2133 
191750 3525 2563 
191800 3509 2863 
191850 3506 3099 
191900 3513 3280 
191950 3514 3396 
192000 3479 3445 
192050 3260 2326 
192100 3341 1336 
192150 3377 759 
192200 3435 456 
192250 3447 290 
192300 3463 153 
192350 3499 66 
192400 3506 27 
192450 3497 14 
192500 3500 11 
192550 3511 462 
192600 3515 1144 
192650 3505 1595 
192700 3478 1958 
192750 3489 2352 
192800 3501 2635 
192850 3471 2873 
192900 3476 3112 
192950 3511 3307 
193000 3504 3410 
193050 3224 2316 
193100 3281 1506 
193150 3371 959 
193200 3389 607 
193250 3405 452 
193300 3454 319 
193350 3475 165 
193400 3509 88 
193450 3480 45 
193500 3498 22 
193550 3495 334 
193600 3509 937 
193650 3493 1371 
193700 3479 1745 
193750 3501 2105 
193800 3516 2447 
193850 3495 2700 
193900 3502 2966 
193950 3504 3236 
194000 3490 3379 
194050 3269 2337 
194100 3339 1461 
194150 3403 882 
194200 3438 547 
194250 3489 353 
194300 3507 191 
194350 3487 84 
194400 3493 34 
194450 3504 13 
194500 3498 9 
194550 3504 338 
194600 3509 1059 
194650 3515 1599 
194700 3509 2065 
194750 3494 2429 
194800 3469 2686 
194850 3473 2916 
194900 3508 3156 
194950 3499 3300 
195000 3494 3407 
195050 3250 2314 
195100 3311 1430 
195150 3330 938 
195200 3353 578 
195250 3416 380 
195300 3431 237 
195350 3462 151 
195400 3471 85 
195450 3449 49 
195500 3482 22 
195550 3486 631 
195600 3503 1349 
195650 3496 1942 
195700 3496 2424 
195750 3486 2679 
195800 3464 2914 
195850 3505 3120 
195900 3511 3264 
195950 3502 3377 
196000 3485 3428 
196050 3295 2348 
196100 3388 1219 
196150 3422 628 
196200 3429 312 
196250 3468 149 
196300 3467 57 
196350 3492 22 
196400 3486 22 
196450 3458 12 
196500 3482 13 
196550 3492 197 
196600 3480 1005 
196650 3456 1588 
196700 3458 2044 
196750 3476 2357 
196800 3476 2633 
196850 3468 2850 
196900 3466 3060 
196950 3464 3220 
197000 3499 3353 
197050 3243 2325 
197100 3332 1500 
197150 3369 945 
197200 3405 547 
197250 3465 360 
197300 3480 226 
197350 3468 121 
197400 3485 42 
197450 3493 21 
197500 3477 19 
197550 3490 474 
197600 3486 1056 
197650 3479 1494 
197700 3489 1928 
197750 3465 2274 
197800 3482 2609 
197850 3468 2866 
197900 3468 3073 
197950 3484 3273 
198000 3472 3373 
198050 3216 2205 
198100 3326 1226 
198150 3419 666 
198200 3441 303 
198250 3506 157 
198300 3477 97 
198350 3480 42 
198400 3486 14 
198450 3494 13 
198500 3468 25 
198550 3473 666 
198600 3468 1334 
198650 3470 2021 
198700 3478 2493 
198750 3462 2789 
198800 3467 2979 
198850 3451 3113 
198900 3488 3237 
198950 3511 3349 
199000 3512 3423 
199050 3232 2338 
199100 3337 1416 
199150 3392 780 
199200 3430 405 
199250 3456 192 
199300 3481 87 
199350 3472 41 
199400 3472 26 
199450 3465 10 
199500 3478 10 
199550 3478 567 
199600 3490 1224 
199650 3467 1747 
199700 3464 2183 
199750 3508 2551 
199800 3484 2837 
199850 3475 3039 
199900 3478 3205 
199950 3488 3356 
200000 3496 3439 
