# Avida tasks data
# Sat Apr  7 00:25:05 2012
# First column gives the current update, next columns give the number
# of organisms that have the particular task as a component of their merit
#  1: Update
#  2: Xor
#  3: Equals

0 0 0 
50 5 5 
100 20 20 
150 75 75 
200 194 194 
250 356 358 
300 548 550 
350 819 816 
400 1167 1164 
450 1529 1530 
500 1958 1953 
550 2428 2435 
600 3029 3029 
650 3349 3355 
700 3507 3507 
750 3541 3539 
800 3550 3547 
850 3540 3545 
900 3537 3536 
950 3529 3542 
1000 3533 3542 
1050 3550 3547 
1100 3537 3540 
1150 3558 3557 
1200 3548 3555 
1250 3534 3535 
1300 3521 3522 
1350 3529 3524 
1400 3548 3544 
1450 3536 3534 
1500 3548 3551 
1550 3547 3543 
1600 3516 3515 
1650 3554 3554 
1700 3556 3560 
1750 3543 3544 
1800 3546 3548 
1850 3533 3537 
1900 3541 3540 
1950 3564 3557 
2000 3547 3547 
2050 3559 3555 
2100 3544 3538 
2150 3553 3547 
2200 3540 3534 
2250 3533 3535 
2300 3521 3534 
2350 3549 3549 
2400 3560 3558 
2450 3543 3540 
2500 3555 3559 
2550 3543 3549 
2600 3556 3556 
2650 3561 3568 
2700 3560 3561 
2750 3541 3541 
2800 3550 3551 
2850 3556 3555 
2900 3554 3553 
2950 3540 3546 
3000 3549 3554 
3050 3550 3553 
3100 3533 3536 
3150 3542 3541 
3200 3533 3535 
3250 3550 3546 
3300 3558 3556 
3350 3545 3549 
3400 3553 3549 
3450 3547 3548 
3500 3539 3539 
3550 3544 3548 
3600 3543 3550 
3650 3552 3549 
3700 3552 3551 
3750 3551 3548 
3800 3527 3528 
3850 3534 3535 
3900 3546 3548 
3950 3548 3549 
4000 3536 3537 
4050 3536 3541 
4100 3557 3560 
4150 3542 3540 
4200 3543 3549 
4250 3546 3542 
4300 3551 3551 
4350 3544 3543 
4400 3559 3558 
4450 3552 3552 
4500 3535 3533 
4550 3526 3527 
4600 3551 3552 
4650 3564 3565 
4700 3549 3546 
4750 3543 3541 
4800 3539 3543 
4850 3555 3549 
4900 3542 3546 
4950 3546 3546 
5000 3535 3542 
5050 3541 3543 
5100 3541 3542 
5150 3537 3533 
5200 3547 3549 
5250 3543 3548 
5300 3551 3551 
5350 3547 3539 
5400 3550 3552 
5450 3553 3545 
5500 3541 3532 
5550 3535 3537 
5600 3547 3550 
5650 3548 3550 
5700 3542 3541 
5750 3544 3546 
5800 3551 3554 
5850 3538 3541 
5900 3542 3542 
5950 3556 3557 
6000 3546 3550 
6050 3539 3537 
6100 3546 3545 
6150 3532 3535 
6200 3558 3550 
6250 3555 3551 
6300 3556 3554 
6350 3556 3559 
6400 3533 3531 
6450 3545 3542 
6500 3548 3548 
6550 3547 3550 
6600 3560 3558 
6650 3555 3556 
6700 3561 3562 
6750 3544 3545 
6800 3554 3551 
6850 3536 3543 
6900 3552 3549 
6950 3549 3547 
7000 3545 3544 
7050 3548 3546 
7100 3542 3551 
7150 3536 3540 
7200 3539 3542 
7250 3550 3551 
7300 3538 3539 
7350 3538 3538 
7400 3544 3543 
7450 3554 3554 
7500 3549 3551 
7550 3552 3549 
7600 3551 3548 
7650 3556 3559 
7700 3545 3545 
7750 3545 3541 
7800 3543 3543 
7850 3552 3559 
7900 3529 3531 
7950 3539 3542 
8000 3533 3537 
8050 3528 3532 
8100 3551 3549 
8150 3554 3551 
8200 3542 3548 
8250 3536 3535 
8300 3544 3547 
8350 3540 3543 
8400 3545 3552 
8450 3550 3549 
8500 3548 3546 
8550 3545 3542 
8600 3546 3539 
8650 3543 3544 
8700 3548 3550 
8750 3542 3543 
8800 3562 3553 
8850 3565 3559 
8900 3547 3549 
8950 3550 3540 
9000 3532 3526 
9050 3545 3540 
9100 3551 3548 
9150 3540 3534 
9200 3547 3546 
9250 3545 3543 
9300 3526 3526 
9350 3534 3536 
9400 3533 3530 
9450 3555 3550 
9500 3550 3548 
9550 3546 3549 
9600 3544 3547 
9650 3554 3552 
9700 3528 3528 
9750 3531 3529 
9800 3553 3550 
9850 3548 3549 
9900 3536 3541 
9950 3539 3532 
10000 3553 3554 
10050 3546 3547 
10100 3553 3550 
10150 3565 3568 
10200 3551 3554 
10250 3547 3551 
10300 3552 3549 
10350 3560 3555 
10400 3540 3547 
10450 3537 3536 
10500 3559 3565 
10550 3541 3540 
10600 3531 3534 
10650 3539 3536 
10700 3553 3554 
10750 3553 3549 
10800 3549 3548 
10850 3545 3544 
10900 3550 3548 
10950 3557 3559 
11000 3552 3547 
11050 3537 3540 
11100 3546 3544 
11150 3557 3557 
11200 3561 3562 
11250 3547 3542 
11300 3550 3549 
11350 3547 3543 
11400 3555 3551 
11450 3532 3539 
11500 3540 3539 
11550 3532 3537 
11600 3530 3535 
11650 3564 3566 
11700 3551 3549 
11750 3542 3542 
11800 3538 3543 
11850 3541 3544 
11900 3562 3565 
11950 3538 3538 
12000 3547 3544 
12050 3543 3548 
12100 3537 3542 
12150 3532 3534 
12200 3536 3537 
12250 3528 3528 
12300 3552 3560 
12350 3558 3554 
12400 3561 3559 
12450 3539 3540 
12500 3560 3562 
12550 3544 3545 
12600 3534 3530 
12650 3549 3544 
12700 3533 3541 
12750 3547 3549 
12800 3548 3550 
12850 3552 3552 
12900 3552 3552 
12950 3554 3553 
13000 3559 3562 
13050 3546 3545 
13100 3543 3549 
13150 3553 3550 
13200 3539 3539 
13250 3528 3534 
13300 3557 3551 
13350 3533 3536 
13400 3540 3544 
13450 3554 3549 
13500 3538 3537 
13550 3537 3540 
13600 3545 3542 
13650 3551 3552 
13700 3538 3541 
13750 3544 3546 
13800 3544 3543 
13850 3554 3557 
13900 3543 3549 
13950 3543 3547 
14000 3558 3550 
14050 3549 3549 
14100 3552 3550 
14150 3553 3550 
14200 3545 3543 
14250 3557 3551 
14300 3539 3538 
14350 3541 3530 
14400 3558 3552 
14450 3542 3540 
14500 3553 3552 
14550 3551 3553 
14600 3542 3540 
14650 3532 3540 
14700 3550 3551 
14750 3545 3544 
14800 3557 3548 
14850 3561 3560 
14900 3559 3559 
14950 3539 3539 
15000 3541 3540 
15050 3553 3551 
15100 3559 3560 
15150 3538 3540 
15200 3550 3549 
15250 3544 3539 
15300 3542 3538 
15350 3540 3540 
15400 3549 3546 
15450 3545 3544 
15500 3530 3543 
15550 3544 3547 
15600 3564 3566 
15650 3550 3549 
15700 3557 3561 
15750 3535 3529 
15800 3563 3562 
15850 3572 3570 
15900 3560 3560 
15950 3563 3563 
16000 3560 3560 
16050 3562 3564 
16100 3554 3554 
16150 3546 3555 
16200 3539 3541 
16250 3519 3523 
16300 3548 3540 
16350 3564 3555 
16400 3556 3557 
16450 3537 3537 
16500 3548 3547 
16550 3547 3551 
16600 3553 3550 
16650 3551 3556 
16700 3549 3559 
16750 3560 3565 
16800 3552 3555 
16850 3550 3552 
16900 3549 3547 
16950 3546 3548 
17000 3548 3549 
17050 3542 3540 
17100 3560 3558 
17150 3546 3545 
17200 3541 3540 
17250 3549 3548 
17300 3554 3554 
17350 3551 3551 
17400 3548 3549 
17450 3557 3547 
17500 3566 3566 
17550 3563 3560 
17600 3541 3537 
17650 3542 3545 
17700 3546 3545 
17750 3541 3540 
17800 3540 3544 
17850 3544 3546 
17900 3554 3551 
17950 3541 3551 
18000 3540 3543 
18050 3555 3557 
18100 3546 3538 
18150 3547 3541 
18200 3539 3542 
18250 3554 3557 
18300 3550 3553 
18350 3538 3541 
18400 3546 3550 
18450 3545 3544 
18500 3551 3550 
18550 3560 3558 
18600 3549 3553 
18650 3556 3554 
18700 3541 3540 
18750 3534 3543 
18800 3560 3565 
18850 3544 3532 
18900 3551 3550 
18950 3540 3542 
19000 3549 3547 
19050 3539 3537 
19100 3541 3534 
19150 3556 3550 
19200 3560 3559 
19250 3562 3563 
19300 3556 3550 
19350 3544 3539 
19400 3547 3554 
19450 3549 3554 
19500 3552 3552 
19550 3556 3562 
19600 3538 3541 
19650 3554 3557 
19700 3528 3532 
19750 3545 3547 
19800 3549 3548 
19850 3563 3564 
19900 3561 3570 
19950 3526 3528 
20000 3554 3557 
20050 3555 3554 
20100 3554 3551 
20150 3536 3539 
20200 3546 3552 
20250 3537 3542 
20300 3557 3560 
20350 3561 3559 
20400 3539 3547 
20450 3547 3542 
20500 3561 3562 
20550 3554 3561 
20600 3561 3557 
20650 3569 3564 
20700 3555 3561 
20750 3557 3554 
20800 3548 3538 
20850 3558 3556 
20900 3558 3555 
20950 3549 3551 
21000 3548 3544 
21050 3550 3542 
21100 3551 3551 
21150 3545 3540 
21200 3534 3544 
21250 3552 3548 
21300 3549 3549 
21350 3553 3550 
21400 3559 3554 
21450 3553 3556 
21500 3565 3563 
21550 3548 3552 
21600 3556 3558 
21650 3554 3549 
21700 3555 3553 
21750 3555 3557 
21800 3546 3555 
21850 3539 3534 
21900 3542 3544 
21950 3542 3539 
22000 3547 3546 
22050 3547 3547 
22100 3544 3544 
22150 3561 3562 
22200 3538 3547 
22250 3547 3539 
22300 3550 3545 
22350 3558 3555 
22400 3536 3537 
22450 3554 3554 
22500 3555 3553 
22550 3541 3547 
22600 3532 3537 
22650 3539 3542 
22700 3551 3553 
22750 3537 3541 
22800 3540 3537 
22850 3534 3534 
22900 3542 3545 
22950 3547 3545 
23000 3555 3552 
23050 3545 3554 
23100 3546 3546 
23150 3533 3535 
23200 3543 3543 
23250 3560 3561 
23300 3550 3552 
23350 3556 3559 
23400 3549 3552 
23450 3548 3545 
23500 3553 3554 
23550 3539 3540 
23600 3545 3550 
23650 3550 3543 
23700 3540 3541 
23750 3560 3558 
23800 3544 3548 
23850 3539 3537 
23900 3541 3535 
23950 3553 3556 
24000 3566 3569 
24050 3536 3533 
24100 3552 3553 
24150 3544 3548 
24200 3542 3538 
24250 3542 3540 
24300 3552 3555 
24350 3547 3544 
24400 3550 3554 
24450 3551 3553 
24500 3555 3551 
24550 3545 3545 
24600 3545 3543 
24650 3550 3548 
24700 3544 3545 
24750 3544 3541 
24800 3552 3557 
24850 3545 3543 
24900 3562 3553 
24950 3558 3554 
25000 3557 3562 
25050 3546 3540 
25100 3536 3543 
25150 3578 3573 
25200 3544 3541 
25250 3547 3547 
25300 3542 3542 
25350 3551 3559 
25400 3556 3550 
25450 3559 3555 
25500 3556 3555 
25550 3553 3557 
25600 3536 3534 
25650 3532 3538 
25700 3555 3556 
25750 3558 3550 
25800 3552 3550 
25850 3544 3547 
25900 3551 3549 
25950 3542 3545 
26000 3553 3562 
26050 3554 3558 
26100 3550 3547 
26150 3546 3542 
26200 3548 3553 
26250 3551 3549 
26300 3549 3554 
26350 3558 3556 
26400 3554 3550 
26450 3552 3547 
26500 3540 3547 
26550 3552 3548 
26600 3548 3544 
26650 3536 3535 
26700 3559 3559 
26750 3542 3547 
26800 3554 3556 
26850 3560 3557 
26900 3554 3553 
26950 3551 3550 
27000 3546 3549 
27050 3543 3539 
27100 3545 3548 
27150 3550 3555 
27200 3516 3520 
27250 3537 3536 
27300 3553 3553 
27350 3537 3539 
27400 3540 3543 
27450 3550 3549 
27500 3531 3536 
27550 3552 3554 
27600 3536 3539 
27650 3562 3559 
27700 3558 3557 
27750 3557 3557 
27800 3563 3563 
27850 3550 3548 
27900 3554 3549 
27950 3549 3549 
28000 3557 3556 
28050 3564 3563 
28100 3545 3544 
28150 3529 3535 
28200 3558 3558 
28250 3555 3554 
28300 3553 3549 
28350 3550 3551 
28400 3558 3565 
28450 3551 3549 
28500 3556 3553 
28550 3551 3553 
28600 3559 3558 
28650 3558 3561 
28700 3552 3542 
28750 3560 3559 
28800 3532 3537 
28850 3558 3555 
28900 3547 3545 
28950 3560 3556 
29000 3547 3543 
29050 3548 3545 
29100 3555 3554 
29150 3555 3556 
29200 3534 3521 
29250 3539 3539 
29300 3549 3540 
29350 3553 3550 
29400 3555 3554 
29450 3556 3543 
29500 3549 3546 
29550 3558 3553 
29600 3539 3543 
29650 3552 3550 
29700 3544 3543 
29750 3536 3533 
29800 3554 3555 
29850 3538 3541 
29900 3558 3554 
29950 3568 3566 
30000 3553 3555 
30050 3537 3539 
30100 3552 3556 
30150 3545 3543 
30200 3563 3563 
30250 3553 3553 
30300 3548 3543 
30350 3536 3536 
30400 3555 3558 
30450 3540 3537 
30500 3536 3534 
30550 3546 3545 
30600 3565 3559 
30650 3557 3559 
30700 3537 3530 
30750 3542 3545 
30800 3559 3560 
30850 3546 3547 
30900 3555 3551 
30950 3555 3558 
31000 3553 3554 
31050 3544 3544 
31100 3563 3566 
31150 3551 3556 
31200 3559 3558 
31250 3534 3540 
31300 3540 3545 
31350 3556 3556 
31400 3559 3559 
31450 3543 3532 
31500 3544 3548 
31550 3556 3556 
31600 3539 3543 
31650 3557 3561 
31700 3547 3552 
31750 3560 3556 
31800 3566 3566 
31850 3539 3540 
31900 3536 3537 
31950 3549 3550 
32000 3564 3567 
32050 3548 3548 
32100 3547 3542 
32150 3545 3548 
32200 3537 3546 
32250 3555 3556 
32300 3542 3545 
32350 3548 3547 
32400 3555 3557 
32450 3550 3550 
32500 3552 3553 
32550 3556 3559 
32600 3552 3549 
32650 3562 3564 
32700 3542 3549 
32750 3546 3554 
32800 3546 3551 
32850 3552 3552 
32900 3545 3542 
32950 3546 3534 
33000 3542 3538 
33050 3558 3552 
33100 3555 3550 
33150 3536 3534 
33200 3539 3539 
33250 3552 3549 
33300 3541 3541 
33350 3537 3544 
33400 3564 3566 
33450 3544 3547 
33500 3562 3557 
33550 3554 3555 
33600 3556 3556 
33650 3566 3566 
33700 3561 3562 
33750 3555 3555 
33800 3551 3551 
33850 3565 3558 
33900 3555 3553 
33950 3537 3539 
34000 3549 3547 
34050 3554 3555 
34100 3550 3553 
34150 3557 3552 
34200 3556 3554 
34250 3542 3540 
34300 3565 3562 
34350 3555 3547 
34400 3555 3553 
34450 3554 3557 
34500 3543 3546 
34550 3549 3551 
34600 3560 3560 
34650 3542 3541 
34700 3558 3552 
34750 3550 3550 
34800 3555 3556 
34850 3563 3554 
34900 3561 3556 
34950 3545 3543 
35000 3554 3553 
35050 3551 3557 
35100 3548 3552 
35150 3539 3545 
35200 3559 3554 
35250 3547 3547 
35300 3551 3549 
35350 3533 3541 
35400 3554 3554 
35450 3532 3525 
35500 3552 3554 
35550 3551 3551 
35600 3550 3550 
35650 3555 3555 
35700 3556 3552 
35750 3555 3551 
35800 3540 3546 
35850 3534 3537 
35900 3534 3535 
35950 3566 3563 
36000 3547 3554 
36050 3542 3543 
36100 3543 3544 
36150 3547 3546 
36200 3548 3546 
36250 3545 3543 
36300 3556 3558 
36350 3552 3549 
36400 3539 3546 
36450 3541 3542 
36500 3555 3554 
36550 3566 3566 
36600 3540 3535 
36650 3547 3547 
36700 3558 3548 
36750 3543 3545 
36800 3550 3546 
36850 3549 3540 
36900 3548 3553 
36950 3557 3563 
37000 3553 3560 
37050 3547 3549 
37100 3544 3542 
37150 3560 3556 
37200 3546 3555 
37250 3544 3555 
37300 3559 3564 
37350 3540 3547 
37400 3543 3540 
37450 3545 3547 
37500 3552 3548 
37550 3563 3560 
37600 3553 3551 
37650 3544 3549 
37700 3549 3548 
37750 3528 3535 
37800 3542 3539 
37850 3553 3553 
37900 3554 3553 
37950 3549 3549 
38000 3546 3549 
38050 3539 3542 
38100 3541 3542 
38150 3546 3544 
38200 3550 3545 
38250 3539 3538 
38300 3549 3547 
38350 3557 3558 
38400 3550 3556 
38450 3538 3538 
38500 3560 3553 
38550 3567 3564 
38600 3537 3542 
38650 3542 3544 
38700 3541 3544 
38750 3549 3547 
38800 3548 3544 
38850 3552 3552 
38900 3571 3565 
38950 3548 3554 
39000 3536 3537 
39050 3544 3543 
39100 3556 3558 
39150 3552 3547 
39200 3555 3552 
39250 3552 3545 
39300 3552 3552 
39350 3541 3544 
39400 3546 3544 
39450 3560 3558 
39500 3546 3550 
39550 3552 3552 
39600 3534 3534 
39650 3544 3544 
39700 3544 3539 
39750 3543 3541 
39800 3552 3551 
39850 3560 3558 
39900 3563 3558 
39950 3550 3548 
40000 3550 3549 
40050 3554 3556 
40100 3531 3533 
40150 3553 3555 
40200 3542 3538 
40250 3547 3550 
40300 3547 3553 
40350 3542 3544 
40400 3558 3547 
40450 3562 3561 
40500 3548 3554 
40550 3551 3559 
40600 3550 3551 
40650 3544 3551 
40700 3550 3548 
40750 3551 3549 
40800 3554 3562 
40850 3555 3553 
40900 3552 3557 
40950 3546 3548 
41000 3539 3537 
41050 3541 3548 
41100 3544 3545 
41150 3558 3556 
41200 3548 3545 
41250 3561 3556 
41300 3532 3527 
41350 3541 3547 
41400 3543 3544 
41450 3550 3553 
41500 3550 3554 
41550 3561 3563 
41600 3550 3547 
41650 3544 3551 
41700 3559 3562 
41750 3547 3544 
41800 3539 3545 
41850 3553 3558 
41900 3549 3553 
41950 3557 3555 
42000 3559 3562 
42050 3546 3555 
42100 3539 3546 
42150 3550 3551 
42200 3548 3548 
42250 3535 3541 
42300 3552 3552 
42350 3547 3549 
42400 3550 3547 
42450 3541 3541 
42500 3543 3541 
42550 3548 3546 
42600 3548 3547 
42650 3557 3561 
42700 3568 3567 
42750 3553 3551 
42800 3546 3539 
42850 3541 3547 
42900 3529 3528 
42950 3552 3547 
43000 3543 3542 
43050 3553 3551 
43100 3548 3546 
43150 3562 3560 
43200 3549 3545 
43250 3537 3536 
43300 3564 3556 
43350 3545 3552 
43400 3549 3551 
43450 3537 3542 
43500 3560 3561 
43550 3550 3553 
43600 3556 3555 
43650 3543 3539 
43700 3535 3544 
43750 3555 3558 
43800 3552 3549 
43850 3561 3560 
43900 3543 3544 
43950 3563 3560 
44000 3556 3560 
44050 3549 3552 
44100 3533 3533 
44150 3549 3544 
44200 3542 3546 
44250 3536 3527 
44300 3543 3542 
44350 3552 3552 
44400 3541 3530 
44450 3543 3544 
44500 3561 3562 
44550 3550 3548 
44600 3560 3560 
44650 3560 3556 
44700 3545 3540 
44750 3546 3537 
44800 3537 3538 
44850 3527 3526 
44900 3555 3553 
44950 3541 3544 
45000 3557 3553 
45050 3556 3559 
45100 3554 3547 
45150 3553 3547 
45200 3544 3544 
45250 3555 3554 
45300 3555 3555 
45350 3546 3550 
45400 3553 3556 
45450 3547 3551 
45500 3550 3553 
45550 3549 3553 
45600 3549 3554 
45650 3541 3542 
45700 3541 3531 
45750 3557 3556 
45800 3560 3563 
45850 3544 3546 
45900 3542 3548 
45950 3543 3542 
46000 3561 3566 
46050 3553 3557 
46100 3550 3544 
46150 3542 3546 
46200 3554 3553 
46250 3562 3557 
46300 3546 3539 
46350 3549 3544 
46400 3552 3555 
46450 3544 3544 
46500 3549 3546 
46550 3548 3545 
46600 3545 3538 
46650 3564 3560 
46700 3552 3555 
46750 3539 3546 
46800 3557 3563 
46850 3556 3558 
46900 3557 3553 
46950 3538 3539 
47000 3555 3550 
47050 3556 3554 
47100 3555 3557 
47150 3551 3549 
47200 3558 3560 
47250 3534 3539 
47300 3561 3562 
47350 3562 3559 
47400 3557 3556 
47450 3571 3579 
47500 3563 3563 
47550 3543 3547 
47600 3557 3562 
47650 3543 3540 
47700 3536 3536 
47750 3573 3564 
47800 3555 3561 
47850 3544 3535 
47900 3542 3542 
47950 3552 3547 
48000 3530 3532 
48050 3549 3553 
48100 3555 3554 
48150 3556 3549 
48200 3544 3541 
48250 3553 3550 
48300 3546 3542 
48350 3553 3552 
48400 3552 3546 
48450 3559 3557 
48500 3556 3555 
48550 3556 3560 
48600 3555 3559 
48650 3540 3544 
48700 3567 3570 
48750 3547 3549 
48800 3543 3543 
48850 3542 3545 
48900 3546 3542 
48950 3553 3556 
49000 3550 3547 
49050 3545 3544 
49100 3555 3559 
49150 3555 3554 
49200 3561 3556 
49250 3549 3551 
49300 3542 3536 
49350 3551 3549 
49400 3552 3553 
49450 3548 3547 
49500 3545 3552 
49550 3543 3545 
49600 3568 3569 
49650 3554 3553 
49700 3554 3556 
49750 3561 3564 
49800 3540 3530 
49850 3538 3537 
49900 3539 3535 
49950 3556 3556 
50000 3544 3549 
50050 3551 3548 
50100 3553 3553 
50150 3544 3546 
50200 3557 3557 
50250 3557 3552 
50300 3559 3561 
50350 3537 3536 
50400 3535 3541 
50450 3544 3538 
50500 3549 3544 
50550 3548 3551 
50600 3550 3555 
50650 3549 3547 
50700 3559 3564 
50750 3555 3548 
50800 3542 3541 
50850 3551 3553 
50900 3544 3545 
50950 3558 3552 
51000 3559 3555 
51050 3543 3539 
51100 3553 3556 
51150 3560 3557 
51200 3551 3548 
51250 3539 3544 
51300 3545 3542 
51350 3545 3543 
51400 3558 3550 
51450 3555 3552 
51500 3543 3550 
51550 3547 3548 
51600 3546 3542 
51650 3538 3541 
51700 3550 3548 
51750 3531 3531 
51800 3536 3534 
51850 3565 3566 
51900 3545 3554 
51950 3550 3551 
52000 3549 3542 
52050 3549 3551 
52100 3552 3547 
52150 3556 3561 
52200 3562 3564 
52250 3560 3566 
52300 3565 3562 
52350 3540 3541 
52400 3560 3562 
52450 3544 3545 
52500 3551 3552 
52550 3551 3553 
52600 3551 3549 
52650 3543 3543 
52700 3549 3547 
52750 3555 3557 
52800 3562 3553 
52850 3556 3553 
52900 3555 3553 
52950 3560 3557 
53000 3558 3562 
53050 3542 3540 
53100 3544 3545 
53150 3556 3552 
53200 3556 3551 
53250 3560 3554 
53300 3561 3554 
53350 3554 3557 
53400 3555 3557 
53450 3549 3550 
53500 3553 3551 
53550 3545 3547 
53600 3549 3546 
53650 3567 3562 
53700 3568 3567 
53750 3545 3544 
53800 3556 3554 
53850 3561 3559 
53900 3540 3542 
53950 3563 3561 
54000 3544 3539 
54050 3547 3551 
54100 3562 3568 
54150 3531 3533 
54200 3548 3540 
54250 3554 3556 
54300 3548 3549 
54350 3562 3562 
54400 3559 3557 
54450 3549 3545 
54500 3547 3549 
54550 3555 3554 
54600 3551 3545 
54650 3554 3549 
54700 3543 3548 
54750 3548 3550 
54800 3548 3550 
54850 3554 3553 
54900 3559 3565 
54950 3543 3544 
55000 3561 3560 
55050 3557 3553 
55100 3557 3552 
55150 3547 3546 
55200 3542 3538 
55250 3541 3543 
55300 3559 3555 
55350 3558 3558 
55400 3556 3556 
55450 3554 3555 
55500 3544 3546 
55550 3538 3538 
55600 3554 3555 
55650 3571 3570 
55700 3553 3556 
55750 3545 3542 
55800 3557 3555 
55850 3566 3558 
55900 3554 3556 
55950 3548 3559 
56000 3555 3556 
56050 3549 3550 
56100 3547 3548 
56150 3560 3559 
56200 3546 3540 
56250 3547 3541 
56300 3557 3552 
56350 3553 3554 
56400 3542 3539 
56450 3545 3545 
56500 3549 3545 
56550 3547 3546 
56600 3556 3559 
56650 3547 3546 
56700 3544 3545 
56750 3551 3555 
56800 3543 3537 
56850 3551 3556 
56900 3552 3557 
56950 3556 3555 
57000 3548 3542 
57050 3548 3551 
57100 3550 3550 
57150 3550 3549 
57200 3561 3557 
57250 3546 3548 
57300 3557 3553 
57350 3558 3562 
57400 3559 3557 
57450 3551 3557 
57500 3561 3566 
57550 3552 3555 
57600 3545 3544 
57650 3558 3556 
57700 3549 3555 
57750 3544 3548 
57800 3551 3547 
57850 3556 3549 
57900 3557 3557 
57950 3564 3562 
58000 3541 3544 
58050 3556 3552 
58100 3547 3547 
58150 3555 3555 
58200 3562 3563 
58250 3552 3556 
58300 3554 3550 
58350 3568 3571 
58400 3561 3557 
58450 3557 3558 
58500 3553 3552 
58550 3569 3563 
58600 3554 3558 
58650 3536 3542 
58700 3565 3568 
58750 3549 3550 
58800 3555 3557 
58850 3565 3567 
58900 3556 3555 
58950 3545 3542 
59000 3552 3558 
59050 3562 3560 
59100 3540 3541 
59150 3544 3542 
59200 3569 3570 
59250 3556 3557 
59300 3553 3557 
59350 3542 3544 
59400 3551 3549 
59450 3557 3557 
59500 3564 3565 
59550 3552 3553 
59600 3550 3548 
59650 3576 3571 
59700 3566 3569 
59750 3551 3555 
59800 3561 3556 
59850 3553 3551 
59900 3556 3556 
59950 3555 3553 
60000 3553 3558 
60050 3549 3556 
60100 3564 3563 
60150 3561 3555 
60200 3542 3546 
60250 3561 3560 
60300 3553 3557 
60350 3560 3561 
60400 3559 3556 
60450 3545 3546 
60500 3560 3553 
60550 3540 3550 
60600 3550 3548 
60650 3570 3573 
60700 3543 3542 
60750 3560 3561 
60800 3559 3561 
60850 3545 3538 
60900 3572 3570 
60950 3545 3545 
61000 3549 3547 
61050 3552 3549 
61100 3557 3561 
61150 3558 3560 
61200 3543 3544 
61250 3542 3544 
61300 3544 3543 
61350 3557 3558 
61400 3551 3546 
61450 3557 3560 
61500 3551 3554 
61550 3555 3557 
61600 3546 3551 
61650 3550 3545 
61700 3549 3550 
61750 3551 3551 
61800 3556 3553 
61850 3542 3538 
61900 3540 3540 
61950 3559 3561 
62000 3565 3571 
62050 3550 3549 
62100 3559 3560 
62150 3541 3541 
62200 3547 3548 
62250 3569 3560 
62300 3565 3562 
62350 3552 3550 
62400 3545 3548 
62450 3555 3559 
62500 3554 3555 
62550 3565 3562 
62600 3559 3558 
62650 3544 3546 
62700 3562 3554 
62750 3557 3554 
62800 3560 3559 
62850 3564 3567 
62900 3553 3546 
62950 3557 3553 
63000 3560 3557 
63050 3548 3550 
63100 3561 3560 
63150 3553 3559 
63200 3545 3546 
63250 3549 3550 
63300 3547 3550 
63350 3555 3553 
63400 3549 3551 
63450 3549 3551 
63500 3556 3553 
63550 3549 3546 
63600 3569 3559 
63650 3548 3550 
63700 3563 3566 
63750 3543 3549 
63800 3537 3532 
63850 3556 3560 
63900 3551 3546 
63950 3545 3537 
64000 3545 3540 
64050 3559 3563 
64100 3555 3561 
64150 3554 3548 
64200 3560 3560 
64250 3551 3552 
64300 3564 3564 
64350 3559 3556 
64400 3541 3541 
64450 3559 3558 
64500 3554 3549 
64550 3552 3552 
64600 3539 3540 
64650 3560 3567 
64700 3557 3560 
64750 3555 3564 
64800 3564 3560 
64850 3566 3566 
64900 3564 3565 
64950 3548 3543 
65000 3555 3556 
65050 3554 3550 
65100 3548 3547 
65150 3548 3545 
65200 3555 3562 
65250 3552 3552 
65300 3553 3552 
65350 3543 3537 
65400 3550 3553 
65450 3562 3556 
65500 3549 3554 
65550 3548 3552 
65600 3539 3546 
65650 3552 3557 
65700 3555 3559 
65750 3559 3564 
65800 3541 3542 
65850 3562 3561 
65900 3555 3560 
65950 3556 3557 
66000 3554 3557 
66050 3568 3568 
66100 3557 3555 
66150 3561 3561 
66200 3557 3557 
66250 3548 3547 
66300 3548 3547 
66350 3554 3553 
66400 3553 3563 
66450 3548 3546 
66500 3549 3550 
66550 3539 3541 
66600 3540 3543 
66650 3562 3560 
66700 3529 3528 
66750 3546 3536 
66800 3555 3553 
66850 3557 3556 
66900 3559 3558 
66950 3562 3561 
67000 3559 3556 
67050 3552 3551 
67100 3565 3564 
67150 3549 3550 
67200 3540 3539 
67250 3542 3544 
67300 3546 3546 
67350 3548 3546 
67400 3553 3544 
67450 3553 3542 
67500 3554 3558 
67550 3560 3559 
67600 3544 3541 
67650 3561 3560 
67700 3559 3554 
67750 3543 3531 
67800 3553 3551 
67850 3552 3555 
67900 3549 3553 
67950 3563 3563 
68000 3550 3555 
68050 3544 3540 
68100 3532 3526 
68150 3548 3547 
68200 3552 3550 
68250 3550 3554 
68300 3546 3539 
68350 3559 3559 
68400 3563 3559 
68450 3554 3560 
68500 3553 3551 
68550 3565 3565 
68600 3557 3562 
68650 3548 3538 
68700 3542 3546 
68750 3547 3545 
68800 3556 3552 
68850 3557 3551 
68900 3558 3557 
68950 3544 3549 
69000 3554 3556 
69050 3551 3553 
69100 3536 3532 
69150 3566 3561 
69200 3562 3559 
69250 3560 3567 
69300 3533 3540 
69350 3551 3539 
69400 3551 3550 
69450 3560 3564 
69500 3539 3545 
69550 3541 3534 
69600 3530 3533 
69650 3552 3552 
69700 3559 3557 
69750 3542 3542 
69800 3567 3564 
69850 3559 3559 
69900 3557 3563 
69950 3539 3536 
70000 3557 3548 
70050 3553 3557 
70100 3548 3547 
70150 3559 3555 
70200 3555 3559 
70250 3557 3550 
70300 3557 3550 
70350 3556 3556 
70400 3558 3556 
70450 3547 3554 
70500 3563 3559 
70550 3550 3549 
70600 3565 3557 
70650 3558 3553 
70700 3545 3552 
70750 3531 3537 
70800 3558 3559 
70850 3552 3554 
70900 3532 3534 
70950 3556 3557 
71000 3553 3552 
71050 3539 3544 
71100 3558 3560 
71150 3557 3561 
71200 3554 3555 
71250 3553 3556 
71300 3559 3551 
71350 3557 3560 
71400 3564 3559 
71450 3558 3556 
71500 3554 3555 
71550 3560 3563 
71600 3543 3542 
71650 3557 3559 
71700 3559 3559 
71750 3551 3554 
71800 3547 3549 
71850 3546 3554 
71900 3557 3555 
71950 3546 3547 
72000 3570 3563 
72050 3548 3552 
72100 3559 3563 
72150 3547 3549 
72200 3545 3546 
72250 3565 3563 
72300 3569 3567 
72350 3558 3561 
72400 3530 3536 
72450 3554 3547 
72500 3560 3556 
72550 3557 3559 
72600 3544 3537 
72650 3551 3550 
72700 3544 3529 
72750 3558 3551 
72800 3556 3550 
72850 3571 3567 
72900 3544 3543 
72950 3560 3555 
73000 3542 3548 
73050 3550 3551 
73100 3549 3551 
73150 3557 3556 
73200 3548 3551 
73250 3551 3552 
73300 3547 3543 
73350 3556 3556 
73400 3552 3551 
73450 3540 3537 
73500 3539 3537 
73550 3549 3547 
73600 3562 3557 
73650 3541 3538 
73700 3540 3537 
73750 3543 3544 
73800 3554 3542 
73850 3552 3547 
73900 3563 3558 
73950 3541 3538 
74000 3549 3547 
74050 3549 3548 
74100 3552 3549 
74150 3531 3536 
74200 3556 3557 
74250 3565 3563 
74300 3537 3543 
74350 3553 3554 
74400 3539 3541 
74450 3533 3539 
74500 3552 3550 
74550 3557 3554 
74600 3548 3548 
74650 3556 3554 
74700 3562 3563 
74750 3558 3551 
74800 3543 3538 
74850 3544 3548 
74900 3556 3557 
74950 3547 3550 
75000 3557 3560 
75050 3563 3563 
75100 3560 3561 
75150 3558 3559 
75200 3541 3546 
75250 3557 3558 
75300 3548 3549 
75350 3538 3537 
75400 3559 3558 
75450 3542 3528 
75500 3538 3541 
75550 3563 3567 
75600 3554 3551 
75650 3553 3553 
75700 3547 3540 
75750 3556 3548 
75800 3545 3549 
75850 3568 3561 
75900 3565 3556 
75950 3544 3541 
76000 3547 3555 
76050 3557 3560 
76100 3548 3544 
76150 3543 3543 
76200 3550 3554 
76250 3550 3548 
76300 3556 3555 
76350 3548 3544 
76400 3542 3541 
76450 3544 3536 
76500 3555 3550 
76550 3538 3541 
76600 3565 3568 
76650 3549 3549 
76700 3555 3553 
76750 3555 3561 
76800 3548 3547 
76850 3552 3545 
76900 3555 3555 
76950 3561 3562 
77000 3561 3561 
77050 3537 3542 
77100 3536 3539 
77150 3554 3554 
77200 3546 3547 
77250 3561 3557 
77300 3547 3548 
77350 3561 3565 
77400 3556 3551 
77450 3560 3557 
77500 3558 3557 
77550 3564 3558 
77600 3556 3556 
77650 3549 3551 
77700 3545 3546 
77750 3548 3547 
77800 3552 3552 
77850 3558 3562 
77900 3544 3538 
77950 3545 3542 
78000 3545 3554 
78050 3539 3542 
78100 3559 3561 
78150 3541 3549 
78200 3547 3542 
78250 3564 3566 
78300 3553 3551 
78350 3543 3544 
78400 3545 3545 
78450 3550 3552 
78500 3562 3561 
78550 3547 3545 
78600 3560 3559 
78650 3560 3562 
78700 3555 3556 
78750 3532 3543 
78800 3553 3552 
78850 3531 3531 
78900 3549 3548 
78950 3545 3543 
79000 3557 3554 
79050 3547 3551 
79100 3552 3550 
79150 3558 3553 
79200 3554 3543 
79250 3549 3550 
79300 3548 3546 
79350 3565 3567 
79400 3543 3538 
79450 3552 3544 
79500 3562 3565 
79550 3542 3540 
79600 3548 3552 
79650 3549 3550 
79700 3549 3547 
79750 3545 3539 
79800 3553 3552 
79850 3561 3562 
79900 3549 3553 
79950 3560 3558 
80000 3545 3546 
80050 3546 3550 
80100 3547 3548 
80150 3555 3544 
80200 3547 3550 
80250 3551 3555 
80300 3542 3546 
80350 3560 3564 
80400 3556 3561 
80450 3542 3547 
80500 3556 3560 
80550 3550 3548 
80600 3564 3561 
80650 3540 3538 
80700 3550 3553 
80750 3553 3551 
80800 3541 3542 
80850 3553 3554 
80900 3547 3546 
80950 3548 3550 
81000 3553 3557 
81050 3548 3544 
81100 3548 3554 
81150 3559 3563 
81200 3551 3549 
81250 3565 3559 
81300 3535 3536 
81350 3564 3567 
81400 3553 3549 
81450 3545 3548 
81500 3534 3542 
81550 3538 3537 
81600 3566 3563 
81650 3555 3545 
81700 3523 3533 
81750 3562 3564 
81800 3553 3552 
81850 3553 3553 
81900 3561 3560 
81950 3548 3553 
82000 3555 3551 
82050 3546 3548 
82100 3539 3538 
82150 3541 3545 
82200 3541 3542 
82250 3562 3565 
82300 3550 3543 
82350 3551 3557 
82400 3556 3560 
82450 3551 3551 
82500 3561 3569 
82550 3542 3542 
82600 3551 3548 
82650 3556 3553 
82700 3553 3559 
82750 3556 3558 
82800 3552 3546 
82850 3549 3542 
82900 3551 3549 
82950 3539 3544 
83000 3543 3545 
83050 3566 3563 
83100 3559 3563 
83150 3552 3553 
83200 3552 3551 
83250 3551 3560 
83300 3563 3563 
83350 3549 3547 
83400 3546 3542 
83450 3550 3549 
83500 3545 3546 
83550 3554 3551 
83600 3549 3544 
83650 3543 3550 
83700 3532 3539 
83750 3543 3542 
83800 3545 3548 
83850 3556 3560 
83900 3545 3545 
83950 3559 3563 
84000 3556 3556 
84050 3552 3554 
84100 3549 3545 
84150 3535 3535 
84200 3551 3554 
84250 3550 3552 
84300 3553 3547 
84350 3561 3557 
84400 3541 3549 
84450 3557 3553 
84500 3557 3565 
84550 3543 3549 
84600 3545 3539 
84650 3545 3554 
84700 3546 3542 
84750 3564 3564 
84800 3533 3536 
84850 3546 3544 
84900 3566 3569 
84950 3548 3552 
85000 3561 3561 
85050 3545 3544 
85100 3548 3544 
85150 3553 3545 
85200 3557 3561 
85250 3540 3544 
85300 3547 3543 
85350 3546 3557 
85400 3555 3555 
85450 3570 3568 
85500 3558 3556 
85550 3552 3548 
85600 3563 3566 
85650 3563 3565 
85700 3541 3538 
85750 3557 3560 
85800 3540 3541 
85850 3555 3563 
85900 3550 3557 
85950 3543 3546 
86000 3536 3540 
86050 3554 3544 
86100 3540 3545 
86150 3541 3537 
86200 3562 3558 
86250 3560 3562 
86300 3555 3550 
86350 3553 3554 
86400 3536 3526 
86450 3544 3540 
86500 3545 3548 
86550 3564 3562 
86600 3566 3565 
86650 3545 3542 
86700 3557 3557 
86750 3561 3559 
86800 3548 3544 
86850 3556 3556 
86900 3539 3543 
86950 3547 3551 
87000 3561 3562 
87050 3538 3529 
87100 3537 3534 
87150 3547 3553 
87200 3548 3547 
87250 3546 3547 
87300 3554 3554 
87350 3564 3567 
87400 3564 3565 
87450 3543 3546 
87500 3552 3552 
87550 3549 3546 
87600 3557 3559 
87650 3558 3557 
87700 3550 3551 
87750 3560 3563 
87800 3558 3551 
87850 3558 3554 
87900 3540 3544 
87950 3559 3553 
88000 3551 3551 
88050 3555 3548 
88100 3549 3548 
88150 3551 3549 
88200 3554 3555 
88250 3559 3556 
88300 3552 3552 
88350 3556 3564 
88400 3547 3549 
88450 3546 3546 
88500 3566 3561 
88550 3553 3546 
88600 3553 3548 
88650 3547 3539 
88700 3535 3529 
88750 3551 3554 
88800 3552 3552 
88850 3551 3554 
88900 3550 3552 
88950 3563 3561 
89000 3537 3544 
89050 3542 3550 
89100 3542 3542 
89150 3549 3546 
89200 3554 3552 
89250 3542 3551 
89300 3565 3565 
89350 3556 3568 
89400 3555 3554 
89450 3549 3548 
89500 3558 3558 
89550 3550 3545 
89600 3549 3546 
89650 3563 3563 
89700 3555 3551 
89750 3555 3557 
89800 3547 3545 
89850 3554 3557 
89900 3547 3550 
89950 3557 3557 
90000 3553 3551 
90050 3550 3553 
90100 3557 3550 
90150 3558 3556 
90200 3553 3547 
90250 3555 3555 
90300 3544 3539 
90350 3534 3526 
90400 3554 3557 
90450 3547 3549 
90500 3554 3554 
90550 3534 3534 
90600 3550 3551 
90650 3548 3548 
90700 3561 3561 
90750 3546 3547 
90800 3533 3531 
90850 3562 3562 
90900 3540 3547 
90950 3553 3554 
91000 3542 3548 
91050 3571 3574 
91100 3550 3547 
91150 3547 3552 
91200 3558 3557 
91250 3545 3542 
91300 3548 3550 
91350 3544 3539 
91400 3552 3556 
91450 3545 3542 
91500 3551 3547 
91550 3553 3554 
91600 3541 3544 
91650 3553 3551 
91700 3547 3543 
91750 3536 3536 
91800 3555 3556 
91850 3547 3555 
91900 3540 3544 
91950 3545 3550 
92000 3551 3553 
92050 3555 3553 
92100 3550 3549 
92150 3554 3555 
92200 3546 3548 
92250 3527 3529 
92300 3538 3533 
92350 3552 3551 
92400 3533 3543 
92450 3547 3547 
92500 3543 3547 
92550 3559 3559 
92600 3553 3545 
92650 3548 3549 
92700 3557 3555 
92750 3555 3557 
92800 3546 3547 
92850 3548 3546 
92900 3556 3552 
92950 3550 3552 
93000 3524 3526 
93050 3552 3551 
93100 3522 3520 
93150 3561 3557 
93200 3552 3549 
93250 3550 3550 
93300 3558 3557 
93350 3554 3549 
93400 3540 3536 
93450 3553 3555 
93500 3554 3555 
93550 3549 3538 
93600 3556 3549 
93650 3544 3543 
93700 3558 3556 
93750 3540 3541 
93800 3558 3560 
93850 3542 3541 
93900 3554 3558 
93950 3553 3552 
94000 3555 3564 
94050 3554 3554 
94100 3544 3545 
94150 3560 3559 
94200 3556 3559 
94250 3546 3542 
94300 3553 3555 
94350 3553 3551 
94400 3556 3555 
94450 3542 3545 
94500 3537 3539 
94550 3549 3555 
94600 3557 3556 
94650 3553 3560 
94700 3540 3551 
94750 3559 3557 
94800 3561 3570 
94850 3554 3550 
94900 3542 3539 
94950 3537 3541 
95000 3529 3532 
95050 3552 3546 
95100 3559 3554 
95150 3552 3546 
95200 3551 3545 
95250 3534 3530 
95300 3537 3532 
95350 3570 3569 
95400 3558 3551 
95450 3539 3541 
95500 3546 3549 
95550 3559 3556 
95600 3567 3563 
95650 3559 3558 
95700 3534 3538 
95750 3541 3536 
95800 3549 3544 
95850 3557 3553 
95900 3544 3542 
95950 3557 3555 
96000 3546 3551 
96050 3540 3544 
96100 3550 3545 
96150 3544 3545 
96200 3559 3560 
96250 3568 3566 
96300 3565 3560 
96350 3560 3559 
96400 3542 3546 
96450 3564 3567 
96500 3558 3553 
96550 3559 3559 
96600 3550 3543 
96650 3554 3560 
96700 3545 3545 
96750 3548 3545 
96800 3552 3557 
96850 3556 3557 
96900 3552 3547 
96950 3550 3547 
97000 3536 3540 
97050 3557 3555 
97100 3541 3539 
97150 3543 3545 
97200 3563 3561 
97250 3547 3544 
97300 3542 3551 
97350 3555 3556 
97400 3556 3559 
97450 3530 3547 
97500 3545 3552 
97550 3557 3559 
97600 3564 3560 
97650 3557 3554 
97700 3542 3546 
97750 3558 3563 
97800 3561 3562 
97850 3548 3548 
97900 3548 3546 
97950 3547 3548 
98000 3549 3547 
98050 3542 3545 
98100 3549 3551 
98150 3559 3556 
98200 3550 3552 
98250 3537 3537 
98300 3545 3546 
98350 3559 3564 
98400 3554 3557 
98450 3539 3525 
98500 3558 3559 
98550 3543 3550 
98600 3553 3548 
98650 3552 3549 
98700 3537 3537 
98750 3563 3566 
98800 3542 3538 
98850 3577 3573 
98900 3554 3555 
98950 3549 3555 
99000 3538 3533 
99050 3539 3538 
99100 3555 3560 
99150 3544 3545 
99200 3554 3554 
99250 3552 3550 
99300 3543 3544 
99350 3534 3532 
99400 3538 3543 
99450 3564 3563 
99500 3561 3563 
99550 3552 3552 
99600 3542 3540 
99650 3541 3542 
99700 3548 3550 
99750 3557 3557 
99800 3543 3546 
99850 3544 3547 
99900 3544 3543 
99950 3550 3553 
100000 3552 3546 
100050 3546 3552 
100100 3553 3548 
100150 3549 3548 
100200 3552 3552 
100250 3548 3545 
100300 3544 3548 
100350 3541 3542 
100400 3559 3557 
100450 3553 3558 
100500 3546 3545 
100550 3564 3554 
100600 3544 3543 
100650 3543 3540 
100700 3554 3555 
100750 3539 3534 
100800 3557 3562 
100850 3539 3537 
100900 3552 3559 
100950 3546 3545 
101000 3559 3562 
101050 3563 3555 
101100 3543 3535 
101150 3549 3548 
101200 3553 3546 
101250 3550 3554 
101300 3532 3534 
101350 3545 3545 
101400 3555 3555 
101450 3539 3541 
101500 3554 3553 
101550 3541 3544 
101600 3561 3560 
101650 3544 3545 
101700 3544 3540 
101750 3551 3549 
101800 3542 3548 
101850 3549 3551 
101900 3541 3543 
101950 3552 3551 
102000 3520 3529 
102050 3540 3540 
102100 3547 3543 
102150 3548 3546 
102200 3546 3555 
102250 3558 3552 
102300 3547 3544 
102350 3560 3558 
102400 3553 3555 
102450 3554 3559 
102500 3550 3553 
102550 3555 3557 
102600 3547 3545 
102650 3548 3552 
102700 3540 3540 
102750 3546 3546 
102800 3552 3555 
102850 3559 3553 
102900 3557 3558 
102950 3552 3549 
103000 3548 3554 
103050 3538 3531 
103100 3540 3538 
103150 3562 3561 
103200 3558 3551 
103250 3540 3539 
103300 3551 3552 
103350 3541 3539 
103400 3554 3555 
103450 3552 3551 
103500 3562 3557 
103550 3536 3542 
103600 3554 3552 
103650 3562 3558 
103700 3559 3555 
103750 3561 3551 
103800 3548 3544 
103850 3552 3551 
103900 3551 3554 
103950 3539 3537 
104000 3552 3547 
104050 3557 3558 
104100 3553 3553 
104150 3556 3555 
104200 3538 3536 
104250 3533 3539 
104300 3559 3552 
104350 3555 3548 
104400 3543 3541 
104450 3549 3547 
104500 3553 3558 
104550 3555 3547 
104600 3544 3536 
104650 3548 3553 
104700 3558 3562 
104750 3564 3561 
104800 3553 3551 
104850 3548 3546 
104900 3547 3543 
104950 3537 3535 
105000 3526 3526 
105050 3537 3538 
105100 3555 3562 
105150 3552 3540 
105200 3549 3548 
105250 3557 3558 
105300 3549 3548 
105350 3538 3544 
105400 3556 3556 
105450 3549 3546 
105500 3553 3558 
105550 3556 3553 
105600 3552 3551 
105650 3544 3549 
105700 3551 3547 
105750 3557 3556 
105800 3533 3525 
105850 3542 3545 
105900 3546 3550 
105950 3551 3552 
106000 3549 3549 
106050 3562 3555 
106100 3550 3553 
106150 3534 3533 
106200 3556 3554 
106250 3552 3546 
106300 3547 3544 
106350 3537 3540 
106400 3558 3555 
106450 3559 3556 
106500 3552 3559 
106550 3558 3559 
106600 3562 3557 
106650 3543 3540 
106700 3563 3558 
106750 3552 3557 
106800 3549 3551 
106850 3549 3552 
106900 3530 3535 
106950 3548 3547 
107000 3562 3563 
107050 3549 3554 
107100 3577 3575 
107150 3556 3551 
107200 3538 3541 
107250 3552 3553 
107300 3549 3556 
107350 3558 3559 
107400 3559 3564 
107450 3535 3535 
107500 3540 3545 
107550 3559 3559 
107600 3549 3547 
107650 3541 3539 
107700 3534 3528 
107750 3529 3532 
107800 3560 3562 
107850 3549 3543 
107900 3544 3544 
107950 3564 3564 
108000 3546 3548 
108050 3545 3546 
108100 3559 3552 
108150 3554 3556 
108200 3556 3553 
108250 3554 3554 
108300 3541 3544 
108350 3549 3548 
108400 3556 3552 
108450 3549 3550 
108500 3544 3546 
108550 3549 3542 
108600 3565 3561 
108650 3563 3560 
108700 3551 3548 
108750 3554 3554 
108800 3551 3553 
108850 3542 3541 
108900 3555 3554 
108950 3565 3557 
109000 3543 3536 
109050 3566 3570 
109100 3532 3541 
109150 3550 3549 
109200 3554 3549 
109250 3557 3564 
109300 3548 3548 
109350 3554 3554 
109400 3559 3556 
109450 3548 3547 
109500 3546 3541 
109550 3549 3547 
109600 3556 3552 
109650 3546 3548 
109700 3552 3556 
109750 3545 3540 
109800 3561 3557 
109850 3553 3554 
109900 3546 3549 
109950 3547 3543 
110000 3531 3531 
110050 3530 3533 
110100 3549 3552 
110150 3559 3553 
110200 3551 3554 
110250 3554 3545 
110300 3549 3542 
110350 3551 3555 
110400 3553 3550 
110450 3544 3545 
110500 3554 3554 
110550 3536 3530 
110600 3553 3559 
110650 3554 3549 
110700 3565 3558 
110750 3568 3564 
110800 3548 3552 
110850 3549 3551 
110900 3550 3553 
110950 3550 3556 
111000 3567 3565 
111050 3547 3547 
111100 3571 3569 
111150 3554 3549 
111200 3559 3554 
111250 3560 3561 
111300 3544 3545 
111350 3563 3567 
111400 3556 3559 
111450 3542 3543 
111500 3558 3561 
111550 3545 3546 
111600 3553 3551 
111650 3542 3538 
111700 3557 3554 
111750 3545 3545 
111800 3565 3564 
111850 3547 3540 
111900 3552 3549 
111950 3548 3548 
112000 3564 3561 
112050 3543 3543 
112100 3547 3545 
112150 3554 3550 
112200 3543 3535 
112250 3549 3547 
112300 3569 3562 
112350 3538 3535 
112400 3545 3549 
112450 3567 3570 
112500 3562 3560 
112550 3546 3543 
112600 3544 3548 
112650 3548 3551 
112700 3537 3535 
112750 3543 3544 
112800 3554 3553 
112850 3554 3552 
112900 3566 3566 
112950 3547 3553 
113000 3554 3562 
113050 3548 3552 
113100 3541 3541 
113150 3557 3556 
113200 3539 3536 
113250 3548 3544 
113300 3560 3561 
113350 3546 3546 
113400 3545 3550 
113450 3552 3557 
113500 3544 3541 
113550 3535 3531 
113600 3540 3535 
113650 3553 3558 
113700 3556 3554 
113750 3548 3549 
113800 3559 3557 
113850 3539 3535 
113900 3544 3554 
113950 3542 3552 
114000 3547 3548 
114050 3546 3538 
114100 3539 3541 
114150 3541 3542 
114200 3559 3559 
114250 3551 3552 
114300 3560 3558 
114350 3563 3561 
114400 3546 3539 
114450 3550 3545 
114500 3567 3569 
114550 3558 3564 
114600 3545 3543 
114650 3556 3556 
114700 3544 3539 
114750 3548 3548 
114800 3541 3539 
114850 3554 3556 
114900 3545 3549 
114950 3544 3539 
115000 3537 3543 
115050 3551 3552 
115100 3555 3553 
115150 3544 3542 
115200 3545 3546 
115250 3544 3544 
115300 3561 3560 
115350 3540 3540 
115400 3548 3548 
115450 3560 3554 
115500 3553 3547 
115550 3554 3557 
115600 3560 3560 
115650 3563 3567 
115700 3539 3537 
115750 3541 3531 
115800 3564 3561 
115850 3547 3547 
115900 3557 3558 
115950 3542 3546 
116000 3540 3539 
116050 3565 3564 
116100 3567 3564 
116150 3556 3552 
116200 3548 3546 
116250 3536 3534 
116300 3537 3546 
116350 3550 3549 
116400 3550 3548 
116450 3560 3555 
116500 3550 3547 
116550 3556 3555 
116600 3530 3535 
116650 3551 3552 
116700 3547 3548 
116750 3546 3549 
116800 3560 3560 
116850 3562 3564 
116900 3542 3549 
116950 3537 3544 
117000 3565 3558 
117050 3551 3552 
117100 3573 3566 
117150 3556 3556 
117200 3543 3543 
117250 3543 3545 
117300 3561 3564 
117350 3552 3553 
117400 3543 3545 
117450 3549 3553 
117500 3537 3540 
117550 3555 3554 
117600 3547 3548 
117650 3543 3545 
117700 3545 3551 
117750 3546 3547 
117800 3555 3553 
117850 3554 3553 
117900 3555 3551 
117950 3534 3537 
118000 3548 3551 
118050 3551 3553 
118100 3555 3555 
118150 3564 3560 
118200 3528 3531 
118250 3545 3545 
118300 3547 3543 
118350 3558 3558 
118400 3533 3529 
118450 3557 3554 
118500 3558 3560 
118550 3560 3559 
118600 3549 3541 
118650 3531 3532 
118700 3558 3554 
118750 3560 3558 
118800 3566 3563 
118850 3552 3550 
118900 3557 3553 
118950 3549 3545 
119000 3565 3571 
119050 3551 3549 
119100 3551 3548 
119150 3540 3542 
119200 3557 3556 
119250 3560 3555 
119300 3551 3554 
119350 3538 3540 
119400 3559 3560 
119450 3548 3547 
119500 3557 3561 
119550 3560 3558 
119600 3543 3548 
119650 3562 3564 
119700 3549 3561 
119750 3555 3553 
119800 3562 3560 
119850 3545 3550 
119900 3553 3550 
119950 3556 3559 
120000 3559 3556 
120050 3554 3558 
120100 3544 3540 
120150 3562 3560 
120200 3543 3547 
120250 3553 3555 
120300 3543 3541 
120350 3549 3556 
120400 3546 3546 
120450 3548 3549 
120500 3554 3557 
120550 3548 3554 
120600 3564 3567 
120650 3545 3541 
120700 3542 3543 
120750 3539 3541 
120800 3571 3571 
120850 3559 3560 
120900 3558 3555 
120950 3553 3554 
121000 3549 3551 
121050 3552 3550 
121100 3544 3546 
121150 3548 3552 
121200 3552 3551 
121250 3558 3557 
121300 3543 3540 
121350 3537 3542 
121400 3540 3537 
121450 3533 3533 
121500 3537 3534 
121550 3557 3556 
121600 3562 3561 
121650 3563 3560 
121700 3547 3546 
121750 3552 3551 
121800 3538 3539 
121850 3554 3553 
121900 3560 3563 
121950 3542 3542 
122000 3548 3541 
122050 3545 3548 
122100 3542 3538 
122150 3558 3555 
122200 3560 3562 
122250 3552 3555 
122300 3556 3557 
122350 3554 3554 
122400 3542 3545 
122450 3542 3538 
122500 3551 3552 
122550 3541 3543 
122600 3554 3556 
122650 3556 3549 
122700 3548 3560 
122750 3551 3543 
122800 3538 3545 
122850 3544 3539 
122900 3552 3549 
122950 3540 3545 
123000 3532 3536 
123050 3543 3547 
123100 3550 3551 
123150 3544 3541 
123200 3533 3534 
123250 3548 3548 
123300 3571 3571 
123350 3551 3548 
123400 3524 3520 
123450 3546 3542 
123500 3538 3543 
123550 3557 3561 
123600 3554 3557 
123650 3544 3541 
123700 3549 3541 
123750 3549 3548 
123800 3542 3547 
123850 3548 3554 
123900 3551 3554 
123950 3560 3557 
124000 3569 3568 
124050 3542 3542 
124100 3546 3550 
124150 3543 3549 
124200 3558 3556 
124250 3543 3547 
124300 3545 3547 
124350 3554 3556 
124400 3549 3547 
124450 3540 3532 
124500 3545 3543 
124550 3558 3553 
124600 3544 3539 
124650 3530 3539 
124700 3536 3541 
124750 3532 3538 
124800 3550 3552 
124850 3548 3552 
124900 3558 3557 
124950 3556 3551 
125000 3542 3545 
125050 3555 3558 
125100 3540 3545 
125150 3543 3541 
125200 3555 3553 
125250 3549 3546 
125300 3558 3556 
125350 3553 3554 
125400 3552 3554 
125450 3542 3552 
125500 3558 3552 
125550 3547 3552 
125600 3549 3551 
125650 3547 3547 
125700 3539 3543 
125750 3564 3565 
125800 3547 3548 
125850 3541 3538 
125900 3560 3564 
125950 3534 3536 
126000 3553 3554 
126050 3558 3559 
126100 3565 3559 
126150 3552 3556 
126200 3553 3550 
126250 3553 3558 
126300 3542 3545 
126350 3558 3550 
126400 3546 3549 
126450 3536 3543 
126500 3548 3543 
126550 3558 3552 
126600 3547 3545 
126650 3559 3561 
126700 3542 3539 
126750 3555 3552 
126800 3547 3544 
126850 3550 3552 
126900 3539 3542 
126950 3547 3547 
127000 3552 3547 
127050 3542 3541 
127100 3554 3552 
127150 3553 3556 
127200 3549 3551 
127250 3537 3536 
127300 3536 3540 
127350 3544 3547 
127400 3533 3532 
127450 3542 3536 
127500 3539 3541 
127550 3545 3548 
127600 3549 3550 
127650 3547 3545 
127700 3560 3561 
127750 3566 3561 
127800 3529 3529 
127850 3555 3558 
127900 3544 3551 
127950 3554 3551 
128000 3564 3563 
128050 3561 3564 
128100 3548 3554 
128150 3555 3559 
128200 3560 3559 
128250 3555 3552 
128300 3544 3542 
128350 3543 3545 
128400 3572 3569 
128450 3552 3555 
128500 3544 3548 
128550 3540 3542 
128600 3550 3541 
128650 3558 3553 
128700 3557 3549 
128750 3547 3543 
128800 3553 3551 
128850 3543 3544 
128900 3548 3549 
128950 3549 3546 
129000 3543 3544 
129050 3556 3562 
129100 3546 3552 
129150 3566 3555 
129200 3566 3567 
129250 3550 3542 
129300 3555 3554 
129350 3557 3560 
129400 3549 3560 
129450 3560 3558 
129500 3556 3559 
129550 3541 3547 
129600 3548 3552 
129650 3563 3557 
129700 3549 3550 
129750 3548 3552 
129800 3530 3531 
129850 3550 3548 
129900 3554 3558 
129950 3533 3526 
130000 3547 3548 
130050 3545 3535 
130100 3557 3556 
130150 3567 3568 
130200 3548 3540 
130250 3561 3556 
130300 3546 3536 
130350 3538 3537 
130400 3555 3552 
130450 3566 3565 
130500 3561 3564 
130550 3547 3553 
130600 3533 3534 
130650 3550 3552 
130700 3556 3549 
130750 3564 3568 
130800 3555 3553 
130850 3555 3555 
130900 3547 3549 
130950 3530 3539 
131000 3558 3555 
131050 3558 3559 
131100 3553 3553 
131150 3547 3553 
131200 3551 3552 
131250 3543 3540 
131300 3547 3546 
131350 3564 3568 
131400 3557 3553 
131450 3548 3544 
131500 3551 3548 
131550 3542 3536 
131600 3573 3572 
131650 3538 3537 
131700 3548 3541 
131750 3550 3547 
131800 3541 3538 
131850 3562 3560 
131900 3542 3545 
131950 3541 3542 
132000 3558 3561 
132050 3558 3558 
132100 3552 3542 
132150 3558 3561 
132200 3564 3560 
132250 3545 3549 
132300 3547 3551 
132350 3555 3556 
132400 3563 3563 
132450 3557 3563 
132500 3531 3531 
132550 3566 3565 
132600 3554 3549 
132650 3539 3542 
132700 3544 3540 
132750 3546 3551 
132800 3540 3543 
132850 3543 3535 
132900 3543 3545 
132950 3557 3558 
133000 3546 3545 
133050 3549 3550 
133100 3538 3542 
133150 3545 3552 
133200 3541 3538 
133250 3546 3545 
133300 3542 3550 
133350 3538 3544 
133400 3557 3556 
133450 3547 3547 
133500 3548 3545 
133550 3543 3547 
133600 3536 3539 
133650 3538 3543 
133700 3554 3550 
133750 3554 3551 
133800 3555 3559 
133850 3556 3554 
133900 3548 3551 
133950 3549 3546 
134000 3559 3556 
134050 3555 3554 
134100 3559 3559 
134150 3549 3551 
134200 3542 3542 
134250 3557 3553 
134300 3551 3555 
134350 3543 3543 
134400 3550 3554 
134450 3551 3556 
134500 3552 3548 
134550 3557 3553 
134600 3555 3554 
134650 3546 3547 
134700 3554 3553 
134750 3557 3555 
134800 3538 3529 
134850 3556 3563 
134900 3536 3534 
134950 3558 3556 
135000 3547 3544 
135050 3543 3539 
135100 3556 3556 
135150 3540 3538 
135200 3549 3548 
135250 3551 3550 
135300 3534 3534 
135350 3558 3556 
135400 3546 3545 
135450 3539 3542 
135500 3552 3556 
135550 3552 3556 
135600 3545 3540 
135650 3550 3548 
135700 3543 3535 
135750 3555 3555 
135800 3557 3551 
135850 3552 3550 
135900 3556 3551 
135950 3543 3547 
136000 3558 3560 
136050 3550 3547 
136100 3556 3563 
136150 3550 3554 
136200 3546 3547 
136250 3548 3546 
136300 3563 3565 
136350 3558 3558 
136400 3559 3558 
136450 3551 3546 
136500 3535 3532 
136550 3554 3553 
136600 3545 3545 
136650 3547 3545 
136700 3547 3550 
136750 3546 3549 
136800 3560 3563 
136850 3552 3557 
136900 3557 3556 
136950 3557 3562 
137000 3542 3541 
137050 3526 3533 
137100 3559 3566 
137150 3556 3561 
137200 3539 3540 
137250 3545 3546 
137300 3552 3553 
137350 3554 3553 
137400 3545 3542 
137450 3558 3562 
137500 3544 3540 
137550 3550 3541 
137600 3553 3547 
137650 3556 3557 
137700 3553 3562 
137750 3542 3549 
137800 3551 3556 
137850 3551 3562 
137900 3556 3556 
137950 3539 3546 
138000 3540 3541 
138050 3549 3552 
138100 3546 3542 
138150 3562 3566 
138200 3552 3547 
138250 3547 3548 
138300 3539 3538 
138350 3556 3557 
138400 3553 3558 
138450 3555 3555 
138500 3548 3552 
138550 3560 3556 
138600 3555 3552 
138650 3568 3561 
138700 3548 3555 
138750 3553 3545 
138800 3529 3523 
138850 3543 3547 
138900 3563 3564 
138950 3542 3541 
139000 3565 3559 
139050 3542 3544 
139100 3544 3540 
139150 3553 3550 
139200 3557 3549 
139250 3554 3548 
139300 3557 3557 
139350 3549 3547 
139400 3561 3558 
139450 3553 3549 
139500 3552 3555 
139550 3549 3550 
139600 3539 3542 
139650 3558 3559 
139700 3546 3552 
139750 3554 3556 
139800 3544 3546 
139850 3542 3546 
139900 3549 3543 
139950 3564 3554 
140000 3547 3547 
140050 3545 3544 
140100 3550 3557 
140150 3556 3562 
140200 3558 3558 
140250 3552 3555 
140300 3561 3565 
140350 3557 3556 
140400 3562 3560 
140450 3549 3554 
140500 3554 3557 
140550 3568 3568 
140600 3549 3554 
140650 3560 3557 
140700 3545 3540 
140750 3555 3563 
140800 3549 3549 
140850 3559 3553 
140900 3542 3540 
140950 3551 3552 
141000 3552 3549 
141050 3545 3545 
141100 3548 3546 
141150 3552 3544 
141200 3551 3548 
141250 3549 3549 
141300 3556 3545 
141350 3541 3541 
141400 3535 3540 
141450 3554 3555 
141500 3548 3552 
141550 3549 3547 
141600 3548 3553 
141650 3534 3531 
141700 3529 3538 
141750 3552 3550 
141800 3554 3556 
141850 3563 3555 
141900 3551 3551 
141950 3541 3543 
142000 3555 3545 
142050 3548 3545 
142100 3557 3559 
142150 3557 3556 
142200 3562 3562 
142250 3552 3554 
142300 3541 3537 
142350 3547 3549 
142400 3556 3552 
142450 3548 3551 
142500 3544 3541 
142550 3547 3540 
142600 3560 3560 
142650 3569 3571 
142700 3554 3551 
142750 3542 3535 
142800 3558 3556 
142850 3543 3538 
142900 3552 3551 
142950 3548 3544 
143000 3549 3552 
143050 3547 3547 
143100 3544 3553 
143150 3542 3545 
143200 3553 3554 
143250 3549 3552 
143300 3561 3559 
143350 3560 3560 
143400 3554 3561 
143450 3566 3557 
143500 3558 3558 
143550 3558 3561 
143600 3561 3555 
143650 3545 3544 
143700 3558 3563 
143750 3535 3533 
143800 3550 3545 
143850 3551 3544 
143900 3536 3538 
143950 3558 3556 
144000 3552 3554 
144050 3551 3552 
144100 3552 3551 
144150 3534 3534 
144200 3534 3536 
144250 3541 3535 
144300 3557 3557 
144350 3545 3549 
144400 3546 3543 
144450 3553 3552 
144500 3541 3547 
144550 3544 3538 
144600 3546 3539 
144650 3550 3542 
144700 3539 3540 
144750 3566 3568 
144800 3528 3530 
144850 3542 3540 
144900 3523 3527 
144950 3539 3540 
145000 3541 3541 
145050 3546 3548 
145100 3538 3539 
145150 3548 3544 
145200 3555 3556 
145250 3542 3534 
145300 3546 3544 
145350 3537 3537 
145400 3543 3543 
145450 3538 3546 
145500 3554 3561 
145550 3550 3553 
145600 3555 3564 
145650 3551 3552 
145700 3560 3560 
145750 3551 3542 
145800 3564 3558 
145850 3562 3557 
145900 3547 3549 
145950 3551 3552 
146000 3549 3552 
146050 3553 3550 
146100 3547 3547 
146150 3525 3529 
146200 3536 3539 
146250 3545 3548 
146300 3545 3540 
146350 3548 3548 
146400 3554 3551 
146450 3539 3540 
146500 3568 3564 
146550 3547 3539 
146600 3546 3542 
146650 3545 3549 
146700 3559 3560 
146750 3541 3547 
146800 3559 3555 
146850 3567 3562 
146900 3538 3543 
146950 3526 3526 
147000 3562 3560 
147050 3547 3553 
147100 3555 3552 
147150 3561 3556 
147200 3548 3551 
147250 3556 3554 
147300 3545 3542 
147350 3558 3551 
147400 3551 3549 
147450 3536 3531 
147500 3563 3561 
147550 3545 3543 
147600 3549 3548 
147650 3543 3539 
147700 3551 3550 
147750 3555 3556 
147800 3557 3556 
147850 3554 3562 
147900 3553 3555 
147950 3561 3562 
148000 3569 3571 
148050 3560 3563 
148100 3552 3558 
148150 3536 3540 
148200 3545 3544 
148250 3561 3563 
148300 3553 3556 
148350 3545 3545 
148400 3553 3554 
148450 3561 3563 
148500 3555 3553 
148550 3551 3555 
148600 3555 3549 
148650 3559 3554 
148700 3559 3564 
148750 3543 3542 
148800 3547 3549 
148850 3550 3549 
148900 3554 3552 
148950 3551 3551 
149000 3553 3556 
149050 3555 3557 
149100 3539 3538 
149150 3553 3551 
149200 3546 3547 
149250 3541 3540 
149300 3560 3558 
149350 3550 3552 
149400 3549 3546 
149450 3543 3544 
149500 3558 3560 
149550 3553 3551 
149600 3555 3547 
149650 3544 3550 
149700 3549 3552 
149750 3554 3552 
149800 3548 3549 
149850 3569 3569 
149900 3551 3548 
149950 3544 3544 
150000 3552 3546 
150050 3552 3555 
150100 3547 3547 
150150 3551 3555 
150200 3536 3538 
150250 3543 3542 
150300 3544 3544 
150350 3546 3550 
150400 3546 3551 
150450 3561 3561 
150500 3547 3546 
150550 3547 3550 
150600 3554 3550 
150650 3560 3557 
150700 3559 3558 
150750 3559 3556 
150800 3543 3543 
150850 3540 3540 
150900 3553 3553 
150950 3557 3556 
151000 3548 3550 
151050 3547 3540 
151100 3537 3534 
151150 3562 3562 
151200 3539 3535 
151250 3553 3558 
151300 3560 3562 
151350 3548 3554 
151400 3526 3525 
151450 3551 3554 
151500 3552 3554 
151550 3537 3544 
151600 3547 3549 
151650 3554 3557 
151700 3545 3548 
151750 3544 3543 
151800 3554 3551 
151850 3546 3542 
151900 3547 3549 
151950 3548 3543 
152000 3536 3534 
152050 3551 3544 
152100 3559 3560 
152150 3559 3561 
152200 3559 3557 
152250 3560 3562 
152300 3541 3538 
152350 3555 3560 
152400 3557 3558 
152450 3556 3556 
152500 3535 3542 
152550 3556 3559 
152600 3547 3549 
152650 3540 3537 
152700 3527 3531 
152750 3544 3546 
152800 3557 3555 
152850 3551 3558 
152900 3541 3541 
152950 3548 3554 
153000 3564 3558 
153050 3555 3552 
153100 3558 3555 
153150 3547 3542 
153200 3565 3564 
153250 3534 3531 
153300 3548 3546 
153350 3562 3561 
153400 3556 3553 
153450 3560 3557 
153500 3567 3566 
153550 3552 3558 
153600 3560 3559 
153650 3549 3549 
153700 3560 3557 
153750 3541 3535 
153800 3543 3537 
153850 3544 3553 
153900 3563 3560 
153950 3556 3555 
154000 3557 3553 
154050 3542 3529 
154100 3572 3567 
154150 3539 3537 
154200 3554 3555 
154250 3557 3553 
154300 3549 3541 
154350 3536 3540 
154400 3553 3550 
154450 3548 3546 
154500 3568 3567 
154550 3528 3529 
154600 3540 3545 
154650 3540 3540 
154700 3565 3565 
154750 3542 3544 
154800 3548 3550 
154850 3561 3561 
154900 3538 3539 
154950 3548 3546 
155000 3548 3546 
155050 3531 3531 
155100 3549 3551 
155150 3565 3561 
155200 3555 3547 
155250 3551 3554 
155300 3524 3519 
155350 3545 3542 
155400 3533 3539 
155450 3553 3556 
155500 3554 3552 
155550 3553 3554 
155600 3542 3545 
155650 3546 3545 
155700 3540 3542 
155750 3541 3546 
155800 3554 3548 
155850 3545 3543 
155900 3559 3554 
155950 3550 3544 
156000 3547 3547 
156050 3542 3541 
156100 3563 3563 
156150 3555 3556 
156200 3549 3541 
156250 3546 3547 
156300 3549 3548 
156350 3539 3541 
156400 3555 3559 
156450 3563 3560 
156500 3561 3559 
156550 3546 3545 
156600 3572 3571 
156650 3558 3554 
156700 3551 3544 
156750 3554 3549 
156800 3576 3575 
156850 3540 3544 
156900 3554 3555 
156950 3546 3549 
157000 3543 3540 
157050 3541 3548 
157100 3547 3545 
157150 3543 3539 
157200 3562 3562 
157250 3550 3546 
157300 3559 3554 
157350 3538 3539 
157400 3548 3544 
157450 3556 3555 
157500 3545 3539 
157550 3546 3550 
157600 3554 3553 
157650 3524 3526 
157700 3547 3547 
157750 3548 3554 
157800 3543 3545 
157850 3548 3538 
157900 3539 3540 
157950 3548 3550 
158000 3563 3558 
158050 3560 3554 
158100 3555 3559 
158150 3537 3542 
158200 3552 3548 
158250 3545 3549 
158300 3563 3564 
158350 3556 3555 
158400 3546 3547 
158450 3529 3534 
158500 3543 3547 
158550 3559 3558 
158600 3549 3551 
158650 3553 3547 
158700 3528 3535 
158750 3531 3535 
158800 3535 3542 
158850 3552 3550 
158900 3548 3548 
158950 3559 3563 
159000 3538 3542 
159050 3541 3543 
159100 3548 3545 
159150 3561 3563 
159200 3548 3544 
159250 3547 3547 
159300 3544 3546 
159350 3542 3543 
159400 3529 3533 
159450 3544 3539 
159500 3533 3539 
159550 3542 3545 
159600 3544 3549 
159650 3539 3536 
159700 3547 3540 
159750 3549 3546 
159800 3554 3550 
159850 3556 3556 
159900 3560 3562 
159950 3551 3544 
160000 3554 3556 
160050 3567 3565 
160100 3562 3563 
160150 3534 3536 
160200 3551 3551 
160250 3551 3542 
160300 3542 3535 
160350 3553 3547 
160400 3551 3551 
160450 3558 3555 
160500 3535 3534 
160550 3540 3544 
160600 3530 3531 
160650 3549 3548 
160700 3535 3539 
160750 3540 3541 
160800 3552 3553 
160850 3544 3551 
160900 3546 3548 
160950 3531 3528 
161000 3548 3547 
161050 3560 3552 
161100 3552 3560 
161150 3547 3547 
161200 3552 3554 
161250 3552 3550 
161300 3547 3550 
161350 3557 3558 
161400 3553 3546 
161450 3522 3520 
161500 3554 3553 
161550 3533 3531 
161600 3545 3544 
161650 3532 3533 
161700 3549 3546 
161750 3535 3540 
161800 3545 3545 
161850 3556 3564 
161900 3564 3565 
161950 3547 3543 
162000 3545 3546 
162050 3549 3546 
162100 3544 3551 
162150 3553 3547 
162200 3549 3546 
162250 3551 3556 
162300 3533 3529 
162350 3545 3543 
162400 3561 3561 
162450 3554 3551 
162500 3561 3561 
162550 3542 3543 
162600 3565 3568 
162650 3541 3542 
162700 3548 3545 
162750 3539 3540 
162800 3562 3551 
162850 3559 3559 
162900 3559 3556 
162950 3535 3536 
163000 3537 3545 
163050 3563 3564 
163100 3536 3541 
163150 3541 3542 
163200 3560 3558 
163250 3537 3540 
163300 3533 3535 
163350 3540 3535 
163400 3528 3529 
163450 3560 3566 
163500 3557 3557 
163550 3551 3555 
163600 3540 3536 
163650 3542 3545 
163700 3546 3548 
163750 3530 3536 
163800 3537 3540 
163850 3543 3541 
163900 3560 3554 
163950 3535 3531 
164000 3550 3550 
164050 3536 3535 
164100 3555 3556 
164150 3556 3554 
164200 3543 3540 
164250 3553 3556 
164300 3543 3549 
164350 3544 3537 
164400 3539 3531 
164450 3554 3555 
164500 3548 3554 
164550 3548 3550 
164600 3559 3558 
164650 3545 3547 
164700 3539 3542 
164750 3541 3545 
164800 3553 3548 
164850 3550 3551 
164900 3545 3547 
164950 3529 3534 
165000 3550 3552 
165050 3563 3551 
165100 3556 3557 
165150 3564 3561 
165200 3544 3545 
165250 3559 3560 
165300 3549 3547 
165350 3546 3547 
165400 3564 3554 
165450 3552 3554 
165500 3542 3540 
165550 3536 3535 
165600 3563 3560 
165650 3546 3549 
165700 3553 3554 
165750 3531 3527 
165800 3552 3550 
165850 3548 3547 
165900 3548 3552 
165950 3544 3546 
166000 3555 3557 
166050 3550 3552 
166100 3549 3551 
166150 3560 3561 
166200 3557 3553 
166250 3545 3549 
166300 3551 3558 
166350 3550 3551 
166400 3563 3559 
166450 3543 3550 
166500 3554 3553 
166550 3557 3555 
166600 3564 3563 
166650 3538 3538 
166700 3548 3552 
166750 3541 3541 
166800 3554 3562 
166850 3542 3541 
166900 3546 3542 
166950 3546 3549 
167000 3548 3555 
167050 3543 3549 
167100 3556 3562 
167150 3541 3540 
167200 3570 3570 
167250 3539 3540 
167300 3546 3546 
167350 3551 3557 
167400 3561 3554 
167450 3552 3551 
167500 3534 3537 
167550 3560 3558 
167600 3549 3542 
167650 3557 3570 
167700 3546 3545 
167750 3557 3546 
167800 3556 3557 
167850 3542 3540 
167900 3562 3559 
167950 3539 3532 
168000 3546 3549 
168050 3546 3544 
168100 3550 3549 
168150 3554 3558 
168200 3542 3540 
168250 3552 3558 
168300 3551 3552 
168350 3548 3546 
168400 3537 3533 
168450 3568 3566 
168500 3550 3551 
168550 3553 3549 
168600 3558 3559 
168650 3563 3564 
168700 3559 3563 
168750 3551 3556 
168800 3538 3539 
168850 3564 3563 
168900 3547 3545 
168950 3552 3548 
169000 3555 3553 
169050 3552 3547 
169100 3548 3557 
169150 3553 3554 
169200 3539 3531 
169250 3551 3551 
169300 3547 3547 
169350 3560 3548 
169400 3552 3550 
169450 3546 3544 
169500 3536 3539 
169550 3549 3551 
169600 3543 3544 
169650 3560 3556 
169700 3559 3553 
169750 3556 3558 
169800 3552 3555 
169850 3548 3556 
169900 3555 3558 
169950 3541 3539 
170000 3564 3567 
170050 3537 3539 
170100 3541 3536 
170150 3550 3544 
170200 3560 3556 
170250 3529 3528 
170300 3567 3563 
170350 3542 3543 
170400 3555 3558 
170450 3555 3557 
170500 3550 3548 
170550 3549 3550 
170600 3549 3557 
170650 3536 3535 
170700 3552 3554 
170750 3531 3528 
170800 3572 3564 
170850 3548 3546 
170900 3543 3554 
170950 3560 3560 
171000 3553 3542 
171050 3542 3543 
171100 3526 3530 
171150 3542 3546 
171200 3553 3553 
171250 3554 3554 
171300 3553 3559 
171350 3550 3550 
171400 3552 3552 
171450 3556 3558 
171500 3537 3544 
171550 3543 3547 
171600 3548 3547 
171650 3547 3550 
171700 3550 3545 
171750 3569 3570 
171800 3555 3556 
171850 3562 3558 
171900 3555 3549 
171950 3534 3542 
172000 3535 3541 
172050 3545 3534 
172100 3535 3542 
172150 3543 3541 
172200 3549 3546 
172250 3561 3558 
172300 3541 3543 
172350 3548 3546 
172400 3537 3538 
172450 3542 3539 
172500 3556 3556 
172550 3554 3555 
172600 3552 3550 
172650 3549 3547 
172700 3540 3549 
172750 3547 3544 
172800 3549 3547 
172850 3546 3548 
172900 3560 3555 
172950 3545 3539 
173000 3535 3533 
173050 3552 3550 
173100 3552 3548 
173150 3539 3539 
173200 3549 3546 
173250 3555 3559 
173300 3559 3556 
173350 3543 3539 
173400 3551 3555 
173450 3541 3535 
173500 3546 3548 
173550 3544 3546 
173600 3561 3558 
173650 3541 3543 
173700 3548 3547 
173750 3562 3561 
173800 3537 3535 
173850 3554 3551 
173900 3563 3565 
173950 3554 3550 
174000 3548 3551 
174050 3556 3553 
174100 3544 3543 
174150 3549 3546 
174200 3546 3547 
174250 3541 3537 
174300 3551 3557 
174350 3556 3557 
174400 3546 3547 
174450 3559 3554 
174500 3538 3539 
174550 3539 3543 
174600 3559 3556 
174650 3554 3549 
174700 3551 3548 
174750 3548 3552 
174800 3548 3547 
174850 3559 3557 
174900 3557 3563 
174950 3547 3549 
175000 3527 3524 
175050 3554 3554 
175100 3559 3562 
175150 3549 3544 
175200 3562 3557 
175250 3555 3554 
175300 3550 3556 
175350 3537 3536 
175400 3542 3543 
175450 3559 3558 
175500 3551 3552 
175550 3557 3560 
175600 3537 3543 
175650 3537 3535 
175700 3552 3554 
175750 3548 3534 
175800 3549 3545 
175850 3534 3534 
175900 3551 3553 
175950 3546 3544 
176000 3550 3548 
176050 3540 3537 
176100 3548 3543 
176150 3539 3541 
176200 3534 3531 
176250 3547 3552 
176300 3555 3550 
176350 3552 3554 
176400 3549 3549 
176450 3542 3547 
176500 3556 3554 
176550 3563 3560 
176600 3556 3561 
176650 3562 3556 
176700 3557 3555 
176750 3553 3553 
176800 3545 3539 
176850 3552 3553 
176900 3548 3553 
176950 3540 3540 
177000 3557 3559 
177050 3545 3546 
177100 3536 3539 
177150 3558 3558 
177200 3556 3556 
177250 3557 3556 
177300 3548 3554 
177350 3529 3527 
177400 3548 3551 
177450 3554 3553 
177500 3520 3526 
177550 3549 3544 
177600 3549 3547 
177650 3562 3562 
177700 3555 3556 
177750 3555 3553 
177800 3561 3558 
177850 3554 3558 
177900 3563 3564 
177950 3540 3542 
178000 3565 3567 
178050 3546 3547 
178100 3547 3549 
178150 3551 3555 
178200 3546 3547 
178250 3559 3553 
178300 3537 3542 
178350 3544 3541 
178400 3562 3548 
178450 3560 3560 
178500 3548 3544 
178550 3532 3534 
178600 3521 3524 
178650 3524 3528 
178700 3548 3546 
178750 3544 3557 
178800 3546 3548 
178850 3557 3550 
178900 3544 3544 
178950 3542 3536 
179000 3562 3560 
179050 3564 3560 
179100 3556 3558 
179150 3571 3568 
179200 3552 3547 
179250 3549 3547 
179300 3548 3546 
179350 3548 3546 
179400 3558 3556 
179450 3545 3540 
179500 3541 3539 
179550 3541 3546 
179600 3547 3545 
179650 3563 3563 
179700 3549 3551 
179750 3547 3549 
179800 3543 3550 
179850 3566 3565 
179900 3554 3558 
179950 3558 3556 
180000 3552 3553 
180050 3557 3556 
180100 3548 3550 
180150 3555 3550 
180200 3555 3553 
180250 3557 3554 
180300 3565 3566 
180350 3545 3546 
180400 3567 3562 
180450 3561 3564 
180500 3555 3550 
180550 3563 3557 
180600 3558 3560 
180650 3536 3533 
180700 3559 3553 
180750 3560 3556 
180800 3537 3539 
180850 3560 3562 
180900 3553 3553 
180950 3550 3555 
181000 3543 3540 
181050 3538 3550 
181100 3538 3548 
181150 3541 3543 
181200 3553 3552 
181250 3550 3553 
181300 3539 3533 
181350 3567 3567 
181400 3550 3555 
181450 3562 3563 
181500 3571 3557 
181550 3549 3553 
181600 3544 3554 
181650 3546 3546 
181700 3557 3550 
181750 3549 3547 
181800 3562 3558 
181850 3564 3562 
181900 3550 3549 
181950 3552 3554 
182000 3558 3557 
182050 3561 3553 
182100 3543 3549 
182150 3535 3537 
182200 3538 3537 
182250 3558 3555 
182300 3541 3535 
182350 3546 3541 
182400 3557 3550 
182450 3554 3548 
182500 3570 3572 
182550 3559 3559 
182600 3545 3548 
182650 3545 3548 
182700 3540 3541 
182750 3549 3549 
182800 3534 3532 
182850 3548 3538 
182900 3550 3553 
182950 3539 3546 
183000 3563 3556 
183050 3546 3547 
183100 3551 3551 
183150 3548 3547 
183200 3560 3556 
183250 3554 3544 
183300 3550 3551 
183350 3537 3534 
183400 3541 3537 
183450 3559 3560 
183500 3549 3554 
183550 3544 3546 
183600 3549 3551 
183650 3553 3557 
183700 3559 3556 
183750 3552 3547 
183800 3549 3553 
183850 3545 3545 
183900 3533 3531 
183950 3555 3556 
184000 3555 3558 
184050 3552 3548 
184100 3550 3548 
184150 3538 3542 
184200 3543 3538 
184250 3540 3543 
184300 3544 3544 
184350 3546 3551 
184400 3562 3551 
184450 3534 3531 
184500 3544 3544 
184550 3551 3554 
184600 3556 3566 
184650 3545 3543 
184700 3538 3540 
184750 3550 3554 
184800 3552 3553 
184850 3562 3558 
184900 3553 3554 
184950 3535 3537 
185000 3549 3552 
185050 3540 3542 
185100 3557 3558 
185150 3549 3549 
185200 3546 3542 
185250 3563 3558 
185300 3527 3523 
185350 3541 3545 
185400 3559 3563 
185450 3565 3560 
185500 3559 3556 
185550 3562 3566 
185600 3560 3562 
185650 3552 3559 
185700 3557 3566 
185750 3548 3561 
185800 3543 3543 
185850 3540 3540 
185900 3543 3544 
185950 3549 3550 
186000 3561 3565 
186050 3550 3553 
186100 3555 3560 
186150 3549 3554 
186200 3544 3538 
186250 3566 3563 
186300 3551 3553 
186350 3560 3562 
186400 3554 3554 
186450 3544 3539 
186500 3545 3549 
186550 3539 3540 
186600 3558 3559 
186650 3545 3543 
186700 3555 3558 
186750 3568 3563 
186800 3538 3543 
186850 3554 3558 
186900 3546 3542 
186950 3556 3555 
187000 3545 3548 
187050 3542 3541 
187100 3547 3545 
187150 3547 3548 
187200 3546 3545 
187250 3550 3555 
187300 3556 3563 
187350 3526 3527 
187400 3558 3560 
187450 3539 3537 
187500 3553 3552 
187550 3542 3545 
187600 3546 3544 
187650 3549 3550 
187700 3566 3561 
187750 3561 3558 
187800 3554 3554 
187850 3546 3544 
187900 3560 3562 
187950 3536 3542 
188000 3531 3526 
188050 3550 3553 
188100 3556 3554 
188150 3565 3562 
188200 3552 3552 
188250 3541 3538 
188300 3550 3558 
188350 3557 3559 
188400 3542 3545 
188450 3557 3554 
188500 3567 3575 
188550 3549 3544 
188600 3557 3563 
188650 3550 3547 
188700 3547 3544 
188750 3560 3562 
188800 3564 3563 
188850 3568 3566 
188900 3550 3544 
188950 3548 3544 
189000 3546 3543 
189050 3546 3540 
189100 3549 3549 
189150 3554 3554 
189200 3547 3538 
189250 3540 3544 
189300 3545 3539 
189350 3559 3555 
189400 3549 3545 
189450 3552 3548 
189500 3567 3570 
189550 3550 3549 
189600 3555 3556 
189650 3556 3553 
189700 3552 3549 
189750 3552 3549 
189800 3559 3562 
189850 3560 3561 
189900 3565 3562 
189950 3555 3549 
190000 3560 3558 
190050 3552 3554 
190100 3546 3544 
190150 3546 3546 
190200 3539 3548 
190250 3553 3550 
190300 3552 3553 
190350 3547 3541 
190400 3550 3555 
190450 3549 3551 
190500 3544 3540 
190550 3545 3550 
190600 3551 3553 
190650 3565 3561 
190700 3555 3550 
190750 3564 3567 
190800 3558 3560 
190850 3552 3554 
190900 3546 3547 
190950 3551 3547 
191000 3541 3541 
191050 3549 3552 
191100 3545 3544 
191150 3572 3567 
191200 3551 3555 
191250 3541 3534 
191300 3554 3555 
191350 3545 3540 
191400 3559 3558 
191450 3556 3561 
191500 3561 3561 
191550 3551 3553 
191600 3555 3551 
191650 3539 3540 
191700 3544 3548 
191750 3552 3552 
191800 3557 3550 
191850 3551 3548 
191900 3554 3559 
191950 3557 3565 
192000 3528 3533 
192050 3550 3553 
192100 3542 3543 
192150 3543 3544 
192200 3549 3548 
192250 3538 3540 
192300 3546 3553 
192350 3557 3559 
192400 3549 3550 
192450 3555 3557 
192500 3547 3545 
192550 3563 3563 
192600 3534 3528 
192650 3553 3552 
192700 3560 3570 
192750 3562 3559 
192800 3545 3544 
192850 3555 3560 
192900 3548 3552 
192950 3552 3545 
193000 3557 3557 
193050 3557 3562 
193100 3565 3568 
193150 3555 3556 
193200 3544 3550 
193250 3555 3552 
193300 3564 3564 
193350 3544 3541 
193400 3553 3551 
193450 3562 3557 
193500 3562 3557 
193550 3545 3553 
193600 3561 3565 
193650 3550 3544 
193700 3538 3535 
193750 3559 3558 
193800 3551 3558 
193850 3539 3542 
193900 3560 3558 
193950 3553 3551 
194000 3563 3566 
194050 3553 3552 
194100 3565 3557 
194150 3554 3545 
194200 3554 3555 
194250 3551 3551 
194300 3546 3538 
194350 3560 3560 
194400 3567 3556 
194450 3568 3568 
194500 3550 3555 
194550 3549 3547 
194600 3555 3556 
194650 3566 3563 
194700 3551 3560 
194750 3537 3534 
194800 3545 3548 
194850 3547 3548 
194900 3545 3545 
194950 3549 3555 
195000 3547 3545 
195050 3553 3551 
195100 3558 3563 
195150 3560 3557 
195200 3545 3547 
195250 3558 3560 
195300 3562 3563 
195350 3555 3553 
195400 3544 3544 
195450 3551 3549 
195500 3552 3548 
195550 3548 3540 
195600 3538 3536 
195650 3552 3556 
195700 3560 3561 
195750 3550 3549 
195800 3532 3533 
195850 3535 3541 
195900 3548 3548 
195950 3547 3542 
196000 3547 3546 
196050 3542 3540 
196100 3551 3556 
196150 3563 3554 
196200 3545 3546 
196250 3550 3546 
196300 3553 3557 
196350 3556 3560 
196400 3546 3553 
196450 3556 3557 
196500 3533 3537 
196550 3552 3550 
196600 3552 3552 
196650 3563 3564 
196700 3553 3549 
196750 3549 3553 
196800 3547 3557 
196850 3562 3568 
196900 3565 3557 
196950 3558 3557 
197000 3551 3556 
197050 3565 3572 
197100 3545 3550 
197150 3554 3549 
197200 3572 3572 
197250 3571 3572 
197300 3554 3559 
197350 3550 3550 
197400 3555 3555 
197450 3549 3548 
197500 3524 3529 
197550 3564 3563 
197600 3540 3542 
197650 3556 3557 
197700 3564 3559 
197750 3567 3565 
197800 3549 3554 
197850 3548 3556 
197900 3554 3553 
197950 3549 3544 
198000 3559 3560 
198050 3555 3558 
198100 3550 3559 
198150 3558 3553 
198200 3544 3554 
198250 3558 3557 
198300 3532 3532 
198350 3554 3552 
198400 3558 3556 
198450 3562 3560 
198500 3564 3561 
198550 3560 3553 
198600 3543 3549 
198650 3550 3552 
198700 3557 3550 
198750 3548 3547 
198800 3543 3539 
198850 3549 3553 
198900 3545 3549 
198950 3554 3561 
199000 3541 3541 
199050 3544 3554 
199100 3554 3556 
199150 3557 3553 
199200 3556 3549 
199250 3552 3554 
199300 3566 3561 
199350 3559 3559 
199400 3547 3545 
199450 3558 3555 
199500 3543 3540 
199550 3550 3550 
199600 3555 3551 
199650 3548 3548 
199700 3557 3551 
199750 3559 3556 
199800 3559 3558 
199850 3559 3560 
199900 3564 3566 
199950 3563 3556 
200000 3556 3549 
