# Avida tasks data
# Fri Apr  6 23:07:43 2012
# First column gives the current update, next columns give the number
# of organisms that have the particular task as a component of their merit
#  1: Update
#  2: Xor
#  3: Equals

0 0 0 
50 8 8 
100 45 45 
150 128 128 
200 252 252 
250 458 458 
300 699 700 
350 989 992 
400 1365 1366 
450 1768 1769 
500 2229 2230 
550 2757 2756 
600 3257 3255 
650 3461 3458 
700 3545 3544 
750 3543 3548 
800 3549 3549 
850 3549 3551 
900 3538 3532 
950 3533 3524 
1000 3543 3538 
1050 3537 3544 
1100 3550 3555 
1150 3554 3553 
1200 3542 3545 
1250 3542 3543 
1300 3549 3553 
1350 3548 3547 
1400 3556 3547 
1450 3550 3540 
1500 3547 3542 
1550 3546 3549 
1600 3546 3549 
1650 3535 3535 
1700 3526 3528 
1750 3542 3545 
1800 3543 3536 
1850 3550 3539 
1900 3546 3538 
1950 3554 3560 
2000 3546 3552 
2050 3553 3555 
2100 3546 3544 
2150 3528 3530 
2200 3549 3548 
2250 3537 3543 
2300 3545 3541 
2350 3537 3538 
2400 3550 3551 
2450 3544 3545 
2500 3556 3559 
2550 3545 3550 
2600 3543 3544 
2650 3538 3537 
2700 3534 3540 
2750 3544 3541 
2800 3543 3541 
2850 3555 3551 
2900 3545 3539 
2950 3548 3539 
3000 3548 3541 
3050 3564 3555 
3100 3545 3538 
3150 3552 3545 
3200 3537 3538 
3250 3543 3542 
3300 3530 3534 
3350 3539 3532 
3400 3533 3532 
3450 3546 3552 
3500 3549 3549 
3550 3547 3539 
3600 3540 3546 
3650 3536 3532 
3700 3546 3547 
3750 3535 3536 
3800 3544 3539 
3850 3544 3539 
3900 3558 3555 
3950 3537 3531 
4000 3534 3534 
4050 3544 3545 
4100 3529 3533 
4150 3537 3536 
4200 3543 3552 
4250 3543 3538 
4300 3547 3553 
4350 3545 3543 
4400 3553 3554 
4450 3553 3547 
4500 3546 3547 
4550 3538 3536 
4600 3547 3555 
4650 3535 3537 
4700 3544 3545 
4750 3542 3540 
4800 3538 3542 
4850 3547 3547 
4900 3534 3534 
4950 3544 3544 
5000 3544 3541 
5050 3541 3545 
5100 3549 3545 
5150 3557 3554 
5200 3530 3535 
5250 3550 3548 
5300 3553 3553 
5350 3555 3556 
5400 3541 3535 
5450 3522 3521 
5500 3523 3519 
5550 3547 3553 
5600 3538 3536 
5650 3537 3535 
5700 3541 3542 
5750 3545 3548 
5800 3534 3536 
5850 3525 3530 
5900 3539 3540 
5950 3536 3534 
6000 3541 3543 
6050 3548 3547 
6100 3551 3552 
6150 3546 3549 
6200 3529 3529 
6250 3552 3552 
6300 3555 3547 
6350 3544 3536 
6400 3544 3540 
6450 3528 3526 
6500 3545 3547 
6550 3553 3545 
6600 3552 3548 
6650 3554 3554 
6700 3547 3542 
6750 3551 3554 
6800 3559 3565 
6850 3533 3525 
6900 3544 3542 
6950 3549 3546 
7000 3543 3545 
7050 3551 3552 
7100 3539 3542 
7150 3547 3552 
7200 3547 3545 
7250 3556 3561 
7300 3538 3542 
7350 3541 3545 
7400 3537 3532 
7450 3554 3553 
7500 3540 3543 
7550 3539 3538 
7600 3534 3534 
7650 3552 3551 
7700 3549 3543 
7750 3558 3553 
7800 3542 3541 
7850 3545 3541 
7900 3545 3545 
7950 3540 3540 
8000 3546 3545 
8050 3557 3560 
8100 3546 3544 
8150 3550 3550 
8200 3547 3542 
8250 3517 3515 
8300 3537 3539 
8350 3541 3541 
8400 3548 3546 
8450 3561 3556 
8500 3543 3538 
8550 3556 3555 
8600 3559 3553 
8650 3543 3550 
8700 3548 3545 
8750 3553 3549 
8800 3545 3545 
8850 3548 3544 
8900 3549 3544 
8950 3544 3541 
9000 3546 3548 
9050 3551 3546 
9100 3547 3549 
9150 3555 3551 
9200 3539 3538 
9250 3524 3526 
9300 3554 3555 
9350 3553 3559 
9400 3542 3546 
9450 3544 3545 
9500 3541 3541 
9550 3540 3540 
9600 3560 3559 
9650 3563 3565 
9700 3551 3546 
9750 3543 3539 
9800 3536 3531 
9850 3530 3529 
9900 3539 3533 
9950 3523 3526 
10000 3546 3541 
10050 3557 3553 
10100 3534 3531 
10150 3531 3524 
10200 3533 3530 
10250 3558 3556 
10300 3556 3560 
10350 3549 3548 
10400 3553 3551 
10450 3553 3555 
10500 3535 3535 
10550 3540 3547 
10600 3543 3544 
10650 3542 3542 
10700 3532 3528 
10750 3538 3536 
10800 3539 3540 
10850 3551 3550 
10900 3568 3567 
10950 3550 3551 
11000 3537 3537 
11050 3558 3554 
11100 3548 3544 
11150 3542 3545 
11200 3559 3556 
11250 3544 3548 
11300 3556 3548 
11350 3544 3534 
11400 3540 3555 
11450 3546 3551 
11500 3537 3541 
11550 3534 3534 
11600 3533 3533 
11650 3547 3547 
11700 3542 3544 
11750 3543 3537 
11800 3557 3547 
11850 3545 3542 
11900 3549 3551 
11950 3541 3541 
12000 3552 3558 
12050 3549 3554 
12100 3546 3550 
12150 3560 3563 
12200 3550 3551 
12250 3549 3548 
12300 3536 3533 
12350 3545 3552 
12400 3554 3555 
12450 3552 3559 
12500 3538 3539 
12550 3533 3539 
12600 3550 3557 
12650 3552 3545 
12700 3538 3534 
12750 3541 3540 
12800 3549 3546 
12850 3539 3536 
12900 3539 3539 
12950 3554 3555 
13000 3570 3569 
13050 3556 3551 
13100 3553 3546 
13150 3546 3550 
13200 3550 3547 
13250 3540 3546 
13300 3554 3554 
13350 3538 3538 
13400 3561 3557 
13450 3546 3551 
13500 3542 3550 
13550 3542 3537 
13600 3554 3549 
13650 3545 3548 
13700 3561 3554 
13750 3539 3536 
13800 3542 3539 
13850 3543 3546 
13900 3554 3555 
13950 3550 3553 
14000 3544 3545 
14050 3557 3553 
14100 3533 3537 
14150 3537 3539 
14200 3539 3548 
14250 3553 3557 
14300 3536 3534 
14350 3543 3538 
14400 3560 3561 
14450 3538 3543 
14500 3531 3534 
14550 3567 3565 
14600 3548 3552 
14650 3549 3547 
14700 3559 3557 
14750 3552 3551 
14800 3551 3545 
14850 3548 3548 
14900 3560 3562 
14950 3554 3551 
15000 3550 3550 
15050 3562 3557 
15100 3550 3557 
15150 3543 3549 
15200 3547 3555 
15250 3557 3552 
15300 3561 3562 
15350 3550 3552 
15400 3547 3549 
15450 3553 3552 
15500 3551 3553 
15550 3548 3555 
15600 3548 3552 
15650 3546 3553 
15700 3566 3564 
15750 3554 3552 
15800 3561 3560 
15850 3546 3539 
15900 3540 3537 
15950 3547 3550 
16000 3548 3546 
16050 3553 3553 
16100 3551 3548 
16150 3553 3552 
16200 3541 3539 
16250 3538 3537 
16300 3554 3553 
16350 3540 3545 
16400 3558 3559 
16450 3535 3528 
16500 3552 3554 
16550 3545 3549 
16600 3539 3537 
16650 3532 3534 
16700 3552 3546 
16750 3546 3543 
16800 3550 3555 
16850 3551 3549 
16900 3558 3554 
16950 3543 3551 
17000 3544 3545 
17050 3555 3555 
17100 3538 3546 
17150 3564 3564 
17200 3563 3562 
17250 3550 3556 
17300 3547 3545 
17350 3563 3565 
17400 3544 3538 
17450 3554 3557 
17500 3545 3545 
17550 3542 3545 
17600 3558 3557 
17650 3541 3543 
17700 3535 3534 
17750 3560 3561 
17800 3540 3537 
17850 3544 3542 
17900 3529 3529 
17950 3559 3560 
18000 3546 3544 
18050 3552 3549 
18100 3555 3555 
18150 3547 3544 
18200 3540 3540 
18250 3543 3535 
18300 3569 3566 
18350 3555 3547 
18400 3557 3560 
18450 3550 3547 
18500 3541 3547 
18550 3539 3547 
18600 3539 3540 
18650 3544 3545 
18700 3531 3541 
18750 3544 3549 
18800 3547 3555 
18850 3532 3532 
18900 3535 3533 
18950 3528 3523 
19000 3554 3550 
19050 3548 3545 
19100 3546 3545 
19150 3540 3545 
19200 3547 3544 
19250 3538 3531 
19300 3552 3551 
19350 3540 3539 
19400 3544 3547 
19450 3540 3544 
19500 3540 3537 
19550 3552 3554 
19600 3540 3544 
19650 3522 3524 
19700 3532 3528 
19750 3548 3545 
19800 3556 3553 
19850 3550 3551 
19900 3543 3541 
19950 3542 3542 
20000 3549 3551 
20050 3553 3554 
20100 3531 3526 
20150 3558 3554 
20200 3558 3554 
20250 3559 3557 
20300 3543 3541 
20350 3546 3547 
20400 3552 3554 
20450 3541 3541 
20500 3543 3547 
20550 3542 3549 
20600 3534 3545 
20650 3537 3537 
20700 3534 3532 
20750 3546 3538 
20800 3554 3557 
20850 3544 3541 
20900 3547 3553 
20950 3548 3549 
21000 3545 3547 
21050 3564 3561 
21100 3528 3525 
21150 3542 3543 
21200 3534 3535 
21250 3544 3549 
21300 3541 3546 
21350 3540 3548 
21400 3542 3547 
21450 3546 3548 
21500 3560 3559 
21550 3562 3565 
21600 3560 3564 
21650 3534 3540 
21700 3543 3550 
21750 3539 3539 
21800 3538 3534 
21850 3527 3531 
21900 3537 3537 
21950 3545 3548 
22000 3561 3559 
22050 3544 3546 
22100 3541 3545 
22150 3552 3560 
22200 3537 3542 
22250 3552 3555 
22300 3538 3540 
22350 3562 3561 
22400 3542 3541 
22450 3551 3549 
22500 3551 3554 
22550 3554 3551 
22600 3568 3559 
22650 3548 3551 
22700 3537 3538 
22750 3552 3553 
22800 3549 3548 
22850 3553 3553 
22900 3555 3548 
22950 3558 3556 
23000 3543 3546 
23050 3551 3553 
23100 3557 3552 
23150 3561 3558 
23200 3571 3571 
23250 3552 3546 
23300 3552 3550 
23350 3547 3546 
23400 3549 3543 
23450 3548 3550 
23500 3548 3540 
23550 3536 3537 
23600 3527 3526 
23650 3545 3546 
23700 3550 3554 
23750 3555 3554 
23800 3553 3554 
23850 3532 3539 
23900 3549 3548 
23950 3539 3544 
24000 3546 3545 
24050 3536 3537 
24100 3541 3542 
24150 3545 3544 
24200 3566 3566 
24250 3551 3549 
24300 3554 3547 
24350 3548 3539 
24400 3548 3540 
24450 3550 3547 
24500 3539 3541 
24550 3547 3549 
24600 3554 3556 
24650 3554 3556 
24700 3546 3554 
24750 3559 3559 
24800 3535 3535 
24850 3543 3540 
24900 3558 3555 
24950 3543 3547 
25000 3544 3542 
25050 3550 3552 
25100 3551 3553 
25150 3549 3550 
25200 3544 3543 
25250 3564 3562 
25300 3558 3560 
25350 3531 3534 
25400 3557 3556 
25450 3545 3554 
25500 3535 3540 
25550 3554 3551 
25600 3538 3538 
25650 3539 3537 
25700 3536 3533 
25750 3557 3559 
25800 3551 3551 
25850 3537 3540 
25900 3532 3537 
25950 3544 3550 
26000 3542 3541 
26050 3533 3534 
26100 3549 3553 
26150 3561 3559 
26200 3561 3557 
26250 3554 3555 
26300 3542 3540 
26350 3552 3549 
26400 3548 3550 
26450 3536 3536 
26500 3553 3551 
26550 3531 3533 
26600 3560 3560 
26650 3556 3549 
26700 3549 3553 
26750 3538 3542 
26800 3546 3541 
26850 3555 3556 
26900 3549 3550 
26950 3523 3526 
27000 3546 3546 
27050 3546 3547 
27100 3533 3537 
27150 3555 3549 
27200 3570 3564 
27250 3556 3556 
27300 3550 3546 
27350 3537 3544 
27400 3524 3526 
27450 3543 3540 
27500 3559 3559 
27550 3560 3559 
27600 3546 3548 
27650 3547 3548 
27700 3560 3559 
27750 3559 3559 
27800 3547 3549 
27850 3551 3551 
27900 3559 3560 
27950 3535 3539 
28000 3531 3539 
28050 3557 3553 
28100 3549 3550 
28150 3549 3545 
28200 3539 3537 
28250 3531 3533 
28300 3546 3542 
28350 3547 3549 
28400 3544 3544 
28450 3542 3540 
28500 3535 3536 
28550 3553 3557 
28600 3534 3540 
28650 3535 3529 
28700 3548 3538 
28750 3542 3544 
28800 3542 3546 
28850 3553 3555 
28900 3541 3542 
28950 3551 3552 
29000 3555 3554 
29050 3538 3539 
29100 3554 3557 
29150 3541 3543 
29200 3544 3547 
29250 3547 3548 
29300 3546 3546 
29350 3553 3548 
29400 3544 3542 
29450 3553 3547 
29500 3559 3563 
29550 3546 3549 
29600 3543 3548 
29650 3556 3558 
29700 3538 3543 
29750 3552 3548 
29800 3545 3545 
29850 3547 3547 
29900 3552 3552 
29950 3555 3556 
30000 3550 3545 
30050 3553 3552 
30100 3555 3558 
30150 3545 3547 
30200 3535 3540 
30250 3545 3547 
30300 3542 3541 
30350 3548 3540 
30400 3551 3555 
30450 3554 3557 
30500 3560 3554 
30550 3546 3545 
30600 3552 3558 
30650 3557 3554 
30700 3551 3549 
30750 3554 3554 
30800 3545 3542 
30850 3560 3558 
30900 3553 3553 
30950 3543 3547 
31000 3555 3554 
31050 3535 3538 
31100 3548 3546 
31150 3548 3549 
31200 3533 3525 
31250 3536 3539 
31300 3548 3546 
31350 3556 3550 
31400 3548 3553 
31450 3552 3548 
31500 3547 3546 
31550 3559 3558 
31600 3567 3563 
31650 3542 3537 
31700 3530 3532 
31750 3534 3536 
31800 3545 3548 
31850 3541 3539 
31900 3540 3539 
31950 3549 3554 
32000 3559 3557 
32050 3551 3554 
32100 3556 3557 
32150 3546 3548 
32200 3550 3553 
32250 3539 3539 
32300 3541 3542 
32350 3530 3526 
32400 3556 3558 
32450 3546 3548 
32500 3532 3542 
32550 3549 3548 
32600 3542 3544 
32650 3551 3552 
32700 3532 3532 
32750 3552 3548 
32800 3555 3554 
32850 3555 3559 
32900 3538 3538 
32950 3540 3537 
33000 3558 3552 
33050 3538 3534 
33100 3541 3539 
33150 3548 3555 
33200 3545 3544 
33250 3551 3557 
33300 3542 3548 
33350 3540 3540 
33400 3555 3554 
33450 3556 3559 
33500 3554 3551 
33550 3559 3555 
33600 3549 3545 
33650 3554 3552 
33700 3558 3558 
33750 3541 3538 
33800 3562 3560 
33850 3552 3553 
33900 3564 3565 
33950 3544 3540 
34000 3533 3539 
34050 3553 3552 
34100 3549 3548 
34150 3546 3545 
34200 3540 3535 
34250 3555 3544 
34300 3559 3563 
34350 3556 3557 
34400 3541 3538 
34450 3544 3541 
34500 3540 3546 
34550 3560 3562 
34600 3544 3555 
34650 3556 3551 
34700 3554 3557 
34750 3552 3543 
34800 3547 3544 
34850 3552 3551 
34900 3561 3564 
34950 3548 3549 
35000 3532 3533 
35050 3541 3545 
35100 3550 3553 
35150 3548 3549 
35200 3548 3558 
35250 3545 3548 
35300 3553 3551 
35350 3552 3554 
35400 3551 3547 
35450 3549 3549 
35500 3556 3552 
35550 3557 3555 
35600 3543 3540 
35650 3523 3528 
35700 3544 3547 
35750 3552 3551 
35800 3545 3552 
35850 3530 3534 
35900 3539 3535 
35950 3561 3561 
36000 3549 3549 
36050 3539 3546 
36100 3543 3548 
36150 3560 3556 
36200 3539 3542 
36250 3557 3558 
36300 3544 3544 
36350 3540 3544 
36400 3559 3559 
36450 3544 3538 
36500 3550 3548 
36550 3553 3553 
36600 3544 3554 
36650 3561 3560 
36700 3552 3553 
36750 3544 3547 
36800 3551 3552 
36850 3533 3531 
36900 3551 3546 
36950 3558 3559 
37000 3543 3542 
37050 3536 3539 
37100 3539 3541 
37150 3548 3549 
37200 3564 3562 
37250 3548 3546 
37300 3559 3557 
37350 3542 3533 
37400 3547 3546 
37450 3548 3550 
37500 3544 3548 
37550 3551 3548 
37600 3548 3545 
37650 3543 3541 
37700 3545 3545 
37750 3533 3534 
37800 3540 3539 
37850 3548 3544 
37900 3542 3545 
37950 3560 3557 
38000 3549 3547 
38050 3567 3559 
38100 3554 3545 
38150 3545 3543 
38200 3543 3542 
38250 3550 3552 
38300 3541 3537 
38350 3547 3547 
38400 3540 3540 
38450 3565 3560 
38500 3543 3539 
38550 3540 3544 
38600 3536 3540 
38650 3540 3544 
38700 3541 3534 
38750 3551 3549 
38800 3541 3538 
38850 3557 3557 
38900 3538 3543 
38950 3546 3544 
39000 3570 3571 
39050 3554 3557 
39100 3554 3550 
39150 3548 3550 
39200 3545 3544 
39250 3554 3549 
39300 3551 3547 
39350 3542 3544 
39400 3549 3544 
39450 3531 3534 
39500 3562 3562 
39550 3563 3557 
39600 3555 3555 
39650 3548 3559 
39700 3565 3566 
39750 3550 3545 
39800 3547 3548 
39850 3543 3540 
39900 3547 3543 
39950 3543 3550 
40000 3540 3544 
40050 3552 3557 
40100 3558 3559 
40150 3556 3558 
40200 3556 3556 
40250 3536 3535 
40300 3539 3542 
40350 3538 3537 
40400 3532 3535 
40450 3539 3531 
40500 3538 3539 
40550 3536 3541 
40600 3536 3535 
40650 3551 3547 
40700 3547 3542 
40750 3552 3552 
40800 3545 3545 
40850 3551 3549 
40900 3555 3556 
40950 3550 3545 
41000 3558 3552 
41050 3543 3542 
41100 3538 3537 
41150 3556 3558 
41200 3559 3563 
41250 3569 3569 
41300 3545 3540 
41350 3542 3547 
41400 3548 3541 
41450 3551 3552 
41500 3547 3551 
41550 3554 3554 
41600 3539 3537 
41650 3561 3560 
41700 3557 3551 
41750 3551 3555 
41800 3548 3546 
41850 3541 3546 
41900 3530 3529 
41950 3540 3544 
42000 3550 3546 
42050 3544 3546 
42100 3555 3552 
42150 3549 3544 
42200 3564 3557 
42250 3549 3544 
42300 3539 3541 
42350 3539 3547 
42400 3544 3541 
42450 3545 3545 
42500 3537 3537 
42550 3545 3554 
42600 3553 3561 
42650 3542 3538 
42700 3549 3546 
42750 3552 3553 
42800 3556 3553 
42850 3554 3553 
42900 3539 3539 
42950 3543 3538 
43000 3557 3559 
43050 3535 3537 
43100 3553 3552 
43150 3558 3551 
43200 3543 3533 
43250 3541 3540 
43300 3553 3550 
43350 3560 3561 
43400 3545 3539 
43450 3531 3525 
43500 3539 3539 
43550 3542 3543 
43600 3548 3546 
43650 3543 3538 
43700 3553 3553 
43750 3551 3545 
43800 3559 3553 
43850 3553 3560 
43900 3539 3535 
43950 3545 3543 
44000 3543 3540 
44050 3554 3556 
44100 3557 3555 
44150 3548 3542 
44200 3540 3537 
44250 3551 3552 
44300 3567 3561 
44350 3537 3532 
44400 3552 3548 
44450 3551 3544 
44500 3553 3553 
44550 3546 3542 
44600 3538 3536 
44650 3541 3540 
44700 3557 3562 
44750 3547 3547 
44800 3532 3530 
44850 3560 3558 
44900 3555 3560 
44950 3564 3561 
45000 3542 3547 
45050 3553 3549 
45100 3543 3536 
45150 3536 3538 
45200 3546 3535 
45250 3547 3547 
45300 3559 3565 
45350 3546 3548 
45400 3555 3555 
45450 3560 3564 
45500 3547 3542 
45550 3557 3553 
45600 3552 3545 
45650 3532 3531 
45700 3541 3539 
45750 3549 3549 
45800 3543 3547 
45850 3552 3552 
45900 3543 3536 
45950 3554 3548 
46000 3554 3554 
46050 3547 3547 
46100 3547 3545 
46150 3554 3556 
46200 3551 3550 
46250 3543 3545 
46300 3543 3549 
46350 3549 3557 
46400 3533 3528 
46450 3528 3525 
46500 3545 3542 
46550 3535 3535 
46600 3559 3560 
46650 3549 3553 
46700 3547 3546 
46750 3550 3543 
46800 3558 3553 
46850 3558 3557 
46900 3542 3545 
46950 3540 3543 
47000 3555 3558 
47050 3514 3513 
47100 3538 3537 
47150 3541 3541 
47200 3532 3531 
47250 3538 3539 
47300 3534 3533 
47350 3547 3557 
47400 3546 3544 
47450 3540 3542 
47500 3546 3546 
47550 3553 3559 
47600 3541 3546 
47650 3535 3537 
47700 3530 3532 
47750 3539 3546 
47800 3555 3563 
47850 3534 3529 
47900 3541 3543 
47950 3546 3544 
48000 3547 3540 
48050 3541 3545 
48100 3552 3554 
48150 3540 3533 
48200 3547 3536 
48250 3545 3543 
48300 3559 3558 
48350 3551 3554 
48400 3560 3557 
48450 3561 3566 
48500 3561 3563 
48550 3546 3551 
48600 3535 3537 
48650 3548 3550 
48700 3533 3539 
48750 3551 3549 
48800 3555 3551 
48850 3547 3549 
48900 3551 3548 
48950 3556 3560 
49000 3560 3564 
49050 3544 3549 
49100 3543 3548 
49150 3557 3558 
49200 3536 3534 
49250 3520 3523 
49300 3546 3553 
49350 3560 3562 
49400 3546 3555 
49450 3546 3544 
49500 3542 3546 
49550 3545 3545 
49600 3546 3544 
49650 3544 3546 
49700 3547 3542 
49750 3552 3549 
49800 3562 3562 
49850 3541 3541 
49900 3540 3538 
49950 3536 3536 
50000 3548 3549 
50050 3561 3561 
50100 3553 3556 
50150 3545 3535 
50200 3560 3557 
50250 3543 3540 
50300 3553 3555 
50350 3540 3539 
50400 3543 3546 
50450 3548 3548 
50500 3541 3544 
50550 3544 3549 
50600 3554 3557 
50650 3544 3548 
50700 3557 3557 
50750 3533 3541 
50800 3548 3548 
50850 3554 3557 
50900 3552 3551 
50950 3551 3553 
51000 3551 3550 
51050 3538 3538 
51100 3554 3557 
51150 3561 3555 
51200 3562 3565 
51250 3553 3561 
51300 3549 3549 
51350 3550 3545 
51400 3531 3521 
51450 3547 3547 
51500 3551 3545 
51550 3549 3546 
51600 3548 3552 
51650 3554 3554 
51700 3553 3553 
51750 3544 3543 
51800 3538 3539 
51850 3549 3548 
51900 3544 3537 
51950 3556 3548 
52000 3535 3535 
52050 3542 3547 
52100 3536 3539 
52150 3543 3548 
52200 3535 3542 
52250 3550 3546 
52300 3538 3536 
52350 3548 3551 
52400 3555 3550 
52450 3548 3547 
52500 3554 3557 
52550 3545 3539 
52600 3562 3559 
52650 3569 3564 
52700 3552 3549 
52750 3553 3555 
52800 3548 3545 
52850 3534 3535 
52900 3543 3537 
52950 3541 3543 
53000 3530 3532 
53050 3533 3531 
53100 3545 3542 
53150 3543 3539 
53200 3539 3535 
53250 3551 3549 
53300 3549 3549 
53350 3544 3547 
53400 3550 3557 
53450 3543 3548 
53500 3543 3547 
53550 3539 3535 
53600 3540 3543 
53650 3541 3545 
53700 3538 3546 
53750 3552 3554 
53800 3551 3557 
53850 3527 3521 
53900 3538 3534 
53950 3551 3549 
54000 3543 3542 
54050 3546 3550 
54100 3554 3550 
54150 3546 3541 
54200 3545 3542 
54250 3550 3555 
54300 3552 3554 
54350 3553 3550 
54400 3552 3549 
54450 3545 3545 
54500 3549 3551 
54550 3557 3560 
54600 3551 3550 
54650 3551 3551 
54700 3545 3543 
54750 3545 3543 
54800 3553 3555 
54850 3564 3566 
54900 3537 3537 
54950 3549 3550 
55000 3563 3559 
55050 3553 3555 
55100 3542 3537 
55150 3519 3527 
55200 3544 3547 
55250 3557 3553 
55300 3555 3554 
55350 3564 3563 
55400 3564 3561 
55450 3561 3561 
55500 3541 3535 
55550 3558 3555 
55600 3554 3551 
55650 3550 3553 
55700 3539 3539 
55750 3537 3541 
55800 3546 3545 
55850 3546 3542 
55900 3551 3550 
55950 3533 3534 
56000 3544 3545 
56050 3548 3554 
56100 3548 3549 
56150 3537 3538 
56200 3558 3551 
56250 3545 3547 
56300 3553 3558 
56350 3547 3550 
56400 3544 3540 
56450 3538 3543 
56500 3544 3540 
56550 3553 3559 
56600 3544 3545 
56650 3550 3549 
56700 3553 3557 
56750 3544 3549 
56800 3558 3553 
56850 3552 3549 
56900 3559 3556 
56950 3544 3546 
57000 3533 3533 
57050 3551 3544 
57100 3538 3536 
57150 3560 3559 
57200 3521 3527 
57250 3552 3551 
57300 3545 3553 
57350 3545 3546 
57400 3540 3542 
57450 3557 3552 
57500 3531 3534 
57550 3552 3552 
57600 3558 3564 
57650 3548 3550 
57700 3553 3549 
57750 3551 3553 
57800 3545 3544 
57850 3544 3548 
57900 3543 3549 
57950 3560 3559 
58000 3538 3541 
58050 3554 3555 
58100 3555 3555 
58150 3544 3543 
58200 3550 3546 
58250 3522 3522 
58300 3539 3538 
58350 3537 3533 
58400 3549 3551 
58450 3536 3534 
58500 3550 3550 
58550 3551 3558 
58600 3540 3541 
58650 3551 3554 
58700 3538 3539 
58750 3527 3529 
58800 3554 3555 
58850 3544 3545 
58900 3552 3553 
58950 3550 3551 
59000 3553 3560 
59050 3551 3547 
59100 3548 3542 
59150 3539 3536 
59200 3548 3549 
59250 3551 3550 
59300 3551 3547 
59350 3561 3565 
59400 3550 3550 
59450 3539 3544 
59500 3537 3538 
59550 3555 3553 
59600 3553 3556 
59650 3549 3553 
59700 3551 3554 
59750 3528 3528 
59800 3562 3563 
59850 3560 3554 
59900 3556 3556 
59950 3532 3534 
60000 3552 3553 
60050 3557 3556 
60100 3547 3554 
60150 3530 3537 
60200 3545 3545 
60250 3543 3543 
60300 3532 3530 
60350 3553 3562 
60400 3552 3551 
60450 3557 3557 
60500 3540 3549 
60550 3535 3547 
60600 3549 3556 
60650 3553 3550 
60700 3562 3559 
60750 3554 3553 
60800 3535 3529 
60850 3547 3543 
60900 3537 3539 
60950 3557 3557 
61000 3557 3552 
61050 3546 3544 
61100 3540 3539 
61150 3543 3550 
61200 3566 3562 
61250 3546 3546 
61300 3549 3555 
61350 3547 3549 
61400 3556 3559 
61450 3560 3554 
61500 3548 3554 
61550 3563 3566 
61600 3548 3553 
61650 3551 3552 
61700 3570 3566 
61750 3537 3540 
61800 3535 3532 
61850 3551 3553 
61900 3542 3540 
61950 3558 3558 
62000 3561 3561 
62050 3545 3546 
62100 3553 3552 
62150 3548 3548 
62200 3559 3557 
62250 3549 3552 
62300 3557 3555 
62350 3556 3552 
62400 3541 3545 
62450 3549 3548 
62500 3537 3537 
62550 3537 3533 
62600 3531 3526 
62650 3550 3550 
62700 3543 3543 
62750 3560 3557 
62800 3542 3541 
62850 3543 3538 
62900 3557 3559 
62950 3555 3550 
63000 3540 3544 
63050 3542 3543 
63100 3549 3551 
63150 3556 3552 
63200 3544 3541 
63250 3537 3538 
63300 3534 3535 
63350 3543 3540 
63400 3552 3552 
63450 3538 3537 
63500 3536 3535 
63550 3548 3550 
63600 3553 3551 
63650 3553 3554 
63700 3559 3551 
63750 3546 3539 
63800 3546 3549 
63850 3545 3544 
63900 3545 3547 
63950 3542 3534 
64000 3557 3553 
64050 3551 3544 
64100 3538 3536 
64150 3557 3557 
64200 3541 3539 
64250 3559 3557 
64300 3554 3555 
64350 3548 3549 
64400 3542 3541 
64450 3546 3551 
64500 3558 3559 
64550 3551 3556 
64600 3554 3558 
64650 3547 3549 
64700 3551 3545 
64750 3550 3546 
64800 3553 3551 
64850 3537 3542 
64900 3543 3544 
64950 3541 3540 
65000 3541 3543 
65050 3543 3548 
65100 3558 3563 
65150 3557 3563 
65200 3552 3548 
65250 3550 3543 
65300 3566 3557 
65350 3561 3560 
65400 3555 3561 
65450 3549 3552 
65500 3539 3537 
65550 3553 3552 
65600 3558 3556 
65650 3542 3540 
65700 3555 3550 
65750 3536 3539 
65800 3543 3549 
65850 3543 3540 
65900 3546 3551 
65950 3548 3545 
66000 3556 3556 
66050 3553 3552 
66100 3553 3548 
66150 3540 3542 
66200 3555 3550 
66250 3547 3541 
66300 3550 3549 
66350 3555 3553 
66400 3554 3548 
66450 3544 3548 
66500 3543 3533 
66550 3554 3548 
66600 3544 3544 
66650 3542 3546 
66700 3549 3554 
66750 3546 3551 
66800 3536 3539 
66850 3556 3559 
66900 3545 3544 
66950 3542 3549 
67000 3543 3539 
67050 3536 3539 
67100 3546 3548 
67150 3556 3560 
67200 3548 3548 
67250 3540 3542 
67300 3552 3549 
67350 3539 3544 
67400 3543 3548 
67450 3536 3537 
67500 3541 3550 
67550 3543 3545 
67600 3557 3554 
67650 3542 3538 
67700 3539 3544 
67750 3541 3538 
67800 3563 3569 
67850 3549 3554 
67900 3545 3544 
67950 3523 3531 
68000 3531 3529 
68050 3527 3527 
68100 3557 3553 
68150 3555 3553 
68200 3541 3541 
68250 3551 3551 
68300 3539 3532 
68350 3558 3558 
68400 3539 3545 
68450 3549 3556 
68500 3536 3539 
68550 3532 3539 
68600 3541 3547 
68650 3547 3545 
68700 3544 3552 
68750 3542 3547 
68800 3542 3552 
68850 3555 3560 
68900 3537 3543 
68950 3543 3544 
69000 3550 3547 
69050 3544 3539 
69100 3540 3543 
69150 3548 3551 
69200 3546 3546 
69250 3546 3551 
69300 3535 3540 
69350 3536 3536 
69400 3543 3541 
69450 3563 3558 
69500 3555 3548 
69550 3557 3557 
69600 3540 3538 
69650 3548 3545 
69700 3548 3551 
69750 3537 3537 
69800 3550 3550 
69850 3538 3537 
69900 3541 3538 
69950 3544 3547 
70000 3549 3548 
70050 3542 3535 
70100 3536 3540 
70150 3550 3543 
70200 3541 3541 
70250 3553 3563 
70300 3542 3546 
70350 3554 3551 
70400 3550 3547 
70450 3538 3534 
70500 3547 3549 
70550 3522 3525 
70600 3534 3539 
70650 3536 3532 
70700 3540 3534 
70750 3550 3555 
70800 3547 3550 
70850 3539 3541 
70900 3536 3537 
70950 3543 3542 
71000 3548 3545 
71050 3539 3538 
71100 3554 3557 
71150 3552 3551 
71200 3539 3541 
71250 3551 3551 
71300 3565 3571 
71350 3559 3558 
71400 3559 3562 
71450 3555 3555 
71500 3547 3552 
71550 3560 3560 
71600 3558 3558 
71650 3534 3533 
71700 3543 3545 
71750 3556 3556 
71800 3549 3546 
71850 3531 3532 
71900 3554 3556 
71950 3536 3536 
72000 3562 3559 
72050 3541 3544 
72100 3556 3553 
72150 3563 3559 
72200 3557 3556 
72250 3550 3546 
72300 3552 3556 
72350 3555 3555 
72400 3543 3547 
72450 3549 3556 
72500 3540 3538 
72550 3541 3551 
72600 3544 3544 
72650 3558 3562 
72700 3539 3536 
72750 3527 3519 
72800 3566 3560 
72850 3548 3548 
72900 3534 3539 
72950 3553 3550 
73000 3549 3546 
73050 3556 3547 
73100 3536 3540 
73150 3539 3544 
73200 3554 3552 
73250 3539 3538 
73300 3535 3541 
73350 3539 3542 
73400 3555 3555 
73450 3541 3544 
73500 3552 3551 
73550 3541 3539 
73600 3556 3549 
73650 3534 3532 
73700 3551 3552 
73750 3551 3547 
73800 3544 3535 
73850 3544 3541 
73900 3568 3568 
73950 3551 3551 
74000 3552 3550 
74050 3544 3539 
74100 3540 3536 
74150 3562 3558 
74200 3554 3553 
74250 3539 3539 
74300 3539 3530 
74350 3553 3552 
74400 3546 3544 
74450 3557 3555 
74500 3550 3548 
74550 3558 3556 
74600 3548 3551 
74650 3548 3543 
74700 3541 3542 
74750 3531 3528 
74800 3542 3536 
74850 3534 3531 
74900 3543 3544 
74950 3554 3556 
75000 3553 3548 
75050 3545 3540 
75100 3567 3562 
75150 3560 3558 
75200 3538 3542 
75250 3542 3547 
75300 3552 3556 
75350 3550 3556 
75400 3530 3535 
75450 3530 3524 
75500 3544 3548 
75550 3537 3535 
75600 3544 3538 
75650 3542 3532 
75700 3565 3558 
75750 3542 3536 
75800 3546 3554 
75850 3541 3540 
75900 3546 3546 
75950 3556 3556 
76000 3551 3551 
76050 3545 3549 
76100 3543 3541 
76150 3551 3549 
76200 3565 3562 
76250 3541 3544 
76300 3542 3540 
76350 3552 3552 
76400 3552 3551 
76450 3536 3543 
76500 3542 3542 
76550 3539 3539 
76600 3541 3543 
76650 3533 3531 
76700 3542 3542 
76750 3566 3563 
76800 3537 3539 
76850 3551 3549 
76900 3550 3545 
76950 3551 3549 
77000 3556 3553 
77050 3541 3538 
77100 3527 3522 
77150 3536 3528 
77200 3542 3549 
77250 3557 3560 
77300 3551 3561 
77350 3555 3556 
77400 3545 3549 
77450 3547 3545 
77500 3558 3556 
77550 3539 3538 
77600 3544 3544 
77650 3553 3548 
77700 3548 3550 
77750 3564 3557 
77800 3548 3547 
77850 3560 3554 
77900 3558 3557 
77950 3535 3530 
78000 3545 3538 
78050 3542 3539 
78100 3556 3554 
78150 3534 3535 
78200 3546 3552 
78250 3544 3545 
78300 3545 3545 
78350 3547 3550 
78400 3554 3552 
78450 3540 3542 
78500 3545 3541 
78550 3522 3516 
78600 3547 3546 
78650 3545 3544 
78700 3544 3545 
78750 3546 3547 
78800 3549 3543 
78850 3541 3534 
78900 3535 3530 
78950 3553 3549 
79000 3553 3553 
79050 3538 3538 
79100 3551 3548 
79150 3563 3564 
79200 3565 3564 
79250 3548 3544 
79300 3538 3533 
79350 3548 3541 
79400 3562 3554 
79450 3555 3549 
79500 3558 3561 
79550 3553 3553 
79600 3559 3559 
79650 3543 3536 
79700 3553 3545 
79750 3543 3550 
79800 3550 3548 
79850 3552 3552 
79900 3548 3552 
79950 3539 3545 
80000 3538 3543 
80050 3530 3531 
80100 3555 3557 
80150 3559 3557 
80200 3554 3562 
80250 3554 3558 
80300 3556 3557 
80350 3555 3556 
80400 3552 3553 
80450 3551 3552 
80500 3544 3544 
80550 3560 3553 
80600 3543 3543 
80650 3555 3549 
80700 3547 3551 
80750 3553 3552 
80800 3543 3539 
80850 3546 3548 
80900 3537 3533 
80950 3555 3556 
81000 3537 3539 
81050 3539 3544 
81100 3555 3559 
81150 3553 3558 
81200 3542 3543 
81250 3531 3529 
81300 3544 3540 
81350 3551 3546 
81400 3550 3551 
81450 3557 3550 
81500 3550 3553 
81550 3559 3560 
81600 3563 3566 
81650 3540 3539 
81700 3554 3552 
81750 3558 3558 
81800 3545 3543 
81850 3554 3552 
81900 3538 3532 
81950 3546 3542 
82000 3555 3556 
82050 3542 3545 
82100 3546 3545 
82150 3550 3551 
82200 3555 3548 
82250 3560 3557 
82300 3546 3546 
82350 3553 3543 
82400 3550 3543 
82450 3559 3562 
82500 3542 3549 
82550 3536 3535 
82600 3534 3531 
82650 3536 3540 
82700 3536 3536 
82750 3534 3538 
82800 3552 3552 
82850 3546 3546 
82900 3562 3558 
82950 3556 3554 
83000 3544 3546 
83050 3531 3528 
83100 3548 3546 
83150 3527 3527 
83200 3550 3556 
83250 3532 3526 
83300 3542 3533 
83350 3565 3559 
83400 3553 3547 
83450 3557 3555 
83500 3569 3566 
83550 3560 3558 
83600 3547 3549 
83650 3541 3548 
83700 3541 3541 
83750 3533 3534 
83800 3549 3541 
83850 3561 3555 
83900 3539 3539 
83950 3546 3546 
84000 3553 3552 
84050 3548 3544 
84100 3530 3528 
84150 3557 3556 
84200 3552 3550 
84250 3553 3549 
84300 3539 3542 
84350 3546 3548 
84400 3558 3550 
84450 3551 3544 
84500 3553 3553 
84550 3551 3544 
84600 3538 3539 
84650 3562 3556 
84700 3546 3545 
84750 3542 3546 
84800 3540 3543 
84850 3535 3538 
84900 3550 3550 
84950 3550 3551 
85000 3534 3535 
85050 3550 3548 
85100 3542 3544 
85150 3542 3549 
85200 3551 3548 
85250 3534 3528 
85300 3547 3547 
85350 3548 3546 
85400 3543 3535 
85450 3522 3524 
85500 3547 3544 
85550 3551 3552 
85600 3534 3538 
85650 3543 3544 
85700 3544 3547 
85750 3552 3553 
85800 3541 3544 
85850 3554 3552 
85900 3554 3557 
85950 3562 3558 
86000 3545 3538 
86050 3547 3547 
86100 3560 3560 
86150 3555 3556 
86200 3562 3558 
86250 3559 3563 
86300 3565 3573 
86350 3539 3537 
86400 3569 3570 
86450 3532 3535 
86500 3555 3551 
86550 3547 3547 
86600 3548 3554 
86650 3555 3556 
86700 3547 3550 
86750 3557 3566 
86800 3543 3552 
86850 3556 3560 
86900 3560 3567 
86950 3550 3554 
87000 3554 3553 
87050 3550 3551 
87100 3567 3568 
87150 3565 3566 
87200 3565 3561 
87250 3547 3547 
87300 3557 3558 
87350 3528 3524 
87400 3555 3556 
87450 3548 3553 
87500 3549 3549 
87550 3544 3545 
87600 3553 3549 
87650 3552 3553 
87700 3560 3551 
87750 3543 3543 
87800 3551 3557 
87850 3557 3559 
87900 3543 3541 
87950 3536 3541 
88000 3543 3545 
88050 3554 3553 
88100 3543 3545 
88150 3550 3547 
88200 3557 3555 
88250 3545 3544 
88300 3563 3564 
88350 3543 3547 
88400 3556 3557 
88450 3548 3546 
88500 3547 3543 
88550 3540 3543 
88600 3550 3547 
88650 3540 3542 
88700 3534 3533 
88750 3548 3548 
88800 3550 3553 
88850 3526 3534 
88900 3538 3535 
88950 3538 3541 
89000 3544 3542 
89050 3562 3557 
89100 3550 3554 
89150 3545 3548 
89200 3537 3535 
89250 3545 3550 
89300 3550 3546 
89350 3549 3557 
89400 3552 3548 
89450 3558 3558 
89500 3557 3558 
89550 3548 3544 
89600 3566 3564 
89650 3563 3557 
89700 3554 3554 
89750 3551 3557 
89800 3536 3532 
89850 3550 3543 
89900 3546 3544 
89950 3548 3546 
90000 3556 3550 
90050 3547 3543 
90100 3537 3543 
90150 3550 3551 
90200 3570 3572 
90250 3545 3544 
90300 3567 3573 
90350 3541 3542 
90400 3561 3557 
90450 3553 3559 
90500 3539 3539 
90550 3547 3547 
90600 3548 3548 
90650 3551 3550 
90700 3538 3540 
90750 3546 3546 
90800 3540 3534 
90850 3536 3537 
90900 3548 3552 
90950 3534 3541 
91000 3563 3554 
91050 3551 3554 
91100 3537 3540 
91150 3540 3546 
91200 3545 3545 
91250 3549 3548 
91300 3553 3551 
91350 3554 3548 
91400 3548 3546 
91450 3543 3548 
91500 3543 3547 
91550 3547 3547 
91600 3554 3552 
91650 3561 3561 
91700 3544 3546 
91750 3538 3545 
91800 3527 3529 
91850 3565 3567 
91900 3539 3549 
91950 3547 3554 
92000 3554 3555 
92050 3546 3545 
92100 3552 3554 
92150 3553 3553 
92200 3557 3558 
92250 3564 3564 
92300 3549 3547 
92350 3563 3557 
92400 3561 3556 
92450 3561 3555 
92500 3542 3550 
92550 3550 3548 
92600 3549 3544 
92650 3547 3551 
92700 3549 3547 
92750 3552 3554 
92800 3553 3550 
92850 3547 3544 
92900 3540 3536 
92950 3544 3537 
93000 3539 3535 
93050 3548 3537 
93100 3530 3526 
93150 3548 3546 
93200 3552 3553 
93250 3552 3558 
93300 3540 3536 
93350 3544 3542 
93400 3556 3549 
93450 3541 3541 
93500 3545 3550 
93550 3538 3539 
93600 3554 3552 
93650 3547 3550 
93700 3546 3542 
93750 3549 3546 
93800 3549 3551 
93850 3544 3537 
93900 3547 3545 
93950 3562 3563 
94000 3560 3561 
94050 3553 3556 
94100 3550 3549 
94150 3547 3544 
94200 3544 3541 
94250 3545 3540 
94300 3544 3545 
94350 3544 3552 
94400 3550 3551 
94450 3553 3555 
94500 3550 3547 
94550 3538 3542 
94600 3547 3547 
94650 3553 3548 
94700 3561 3559 
94750 3551 3555 
94800 3543 3537 
94850 3551 3551 
94900 3558 3555 
94950 3550 3552 
95000 3543 3542 
95050 3554 3561 
95100 3542 3549 
95150 3555 3556 
95200 3549 3548 
95250 3536 3533 
95300 3556 3552 
95350 3539 3544 
95400 3572 3567 
95450 3552 3549 
95500 3556 3555 
95550 3549 3552 
95600 3551 3550 
95650 3543 3552 
95700 3542 3541 
95750 3546 3548 
95800 3549 3556 
95850 3540 3533 
95900 3536 3541 
95950 3540 3542 
96000 3548 3544 
96050 3550 3553 
96100 3563 3558 
96150 3566 3564 
96200 3550 3554 
96250 3551 3547 
96300 3550 3557 
96350 3553 3555 
96400 3543 3545 
96450 3535 3537 
96500 3556 3560 
96550 3539 3536 
96600 3556 3557 
96650 3564 3564 
96700 3546 3555 
96750 3566 3561 
96800 3559 3564 
96850 3551 3547 
96900 3551 3554 
96950 3544 3536 
97000 3540 3542 
97050 3558 3558 
97100 3563 3566 
97150 3539 3534 
97200 3553 3546 
97250 3552 3552 
97300 3551 3557 
97350 3549 3549 
97400 3560 3555 
97450 3565 3562 
97500 3523 3523 
97550 3549 3547 
97600 3551 3545 
97650 3550 3544 
97700 3539 3533 
97750 3546 3548 
97800 3561 3557 
97850 3539 3541 
97900 3541 3543 
97950 3552 3551 
98000 3561 3565 
98050 3562 3556 
98100 3562 3558 
98150 3555 3557 
98200 3558 3555 
98250 3555 3551 
98300 3537 3541 
98350 3549 3556 
98400 3557 3562 
98450 3550 3555 
98500 3545 3558 
98550 3545 3542 
98600 3538 3532 
98650 3540 3546 
98700 3559 3559 
98750 3553 3552 
98800 3556 3555 
98850 3555 3557 
98900 3564 3565 
98950 3568 3569 
99000 3561 3562 
99050 3539 3536 
99100 3560 3560 
99150 3559 3555 
99200 3559 3562 
99250 3538 3534 
99300 3545 3546 
99350 3542 3541 
99400 3531 3531 
99450 3544 3537 
99500 3551 3556 
99550 3544 3547 
99600 3552 3546 
99650 3551 3555 
99700 3552 3546 
99750 3553 3544 
99800 3557 3558 
99850 3540 3541 
99900 3549 3546 
99950 3550 3548 
100000 3559 3551 
100050 3552 3554 
100100 3554 3551 
100150 3572 3571 
100200 3555 3553 
100250 3540 3542 
100300 3558 3554 
100350 3566 3557 
100400 3551 3551 
100450 3548 3546 
100500 3548 3557 
100550 3544 3547 
100600 3559 3563 
100650 3561 3559 
100700 3555 3557 
100750 3549 3545 
100800 3544 3543 
100850 3555 3551 
100900 3551 3547 
100950 3559 3560 
101000 3546 3550 
101050 3563 3560 
101100 3560 3556 
101150 3561 3557 
101200 3548 3550 
101250 3555 3556 
101300 3547 3551 
101350 3554 3549 
101400 3562 3563 
101450 3550 3557 
101500 3556 3556 
101550 3559 3556 
101600 3544 3552 
101650 3570 3572 
101700 3537 3549 
101750 3550 3557 
101800 3540 3543 
101850 3544 3548 
101900 3535 3536 
101950 3548 3550 
102000 3557 3563 
102050 3544 3549 
102100 3529 3540 
102150 3554 3556 
102200 3554 3554 
102250 3555 3558 
102300 3536 3540 
102350 3556 3560 
102400 3560 3564 
102450 3559 3559 
102500 3554 3554 
102550 3559 3560 
102600 3558 3558 
102650 3562 3560 
102700 3556 3557 
102750 3540 3538 
102800 3560 3559 
102850 3553 3555 
102900 3556 3555 
102950 3554 3558 
103000 3555 3558 
103050 3557 3555 
103100 3557 3559 
103150 3566 3566 
103200 3546 3550 
103250 3548 3539 
103300 3550 3550 
103350 3556 3560 
103400 3555 3554 
103450 3532 3538 
103500 3551 3558 
103550 3565 3561 
103600 3557 3562 
103650 3559 3555 
103700 3560 3551 
103750 3558 3558 
103800 3562 3564 
103850 3557 3552 
103900 3548 3551 
103950 3540 3542 
104000 3534 3541 
104050 3545 3544 
104100 3549 3548 
104150 3536 3540 
104200 3550 3554 
104250 3542 3547 
104300 3549 3551 
104350 3557 3560 
104400 3558 3559 
104450 3571 3568 
104500 3551 3547 
104550 3545 3548 
104600 3560 3557 
104650 3546 3550 
104700 3556 3558 
104750 3559 3558 
104800 3557 3552 
104850 3549 3545 
104900 3555 3559 
104950 3552 3547 
105000 3564 3560 
105050 3565 3554 
105100 3561 3558 
105150 3551 3548 
105200 3554 3550 
105250 3551 3549 
105300 3550 3547 
105350 3561 3557 
105400 3544 3542 
105450 3543 3533 
105500 3559 3559 
105550 3556 3555 
105600 3554 3551 
105650 3561 3564 
105700 3545 3553 
105750 3540 3545 
105800 3546 3549 
105850 3555 3549 
105900 3557 3554 
105950 3556 3551 
106000 3543 3547 
106050 3547 3549 
106100 3563 3557 
106150 3553 3550 
106200 3548 3546 
106250 3555 3554 
106300 3563 3562 
106350 3555 3553 
106400 3548 3551 
106450 3547 3546 
106500 3554 3550 
106550 3555 3549 
106600 3561 3561 
106650 3558 3563 
106700 3545 3543 
106750 3553 3549 
106800 3540 3543 
106850 3548 3549 
106900 3552 3554 
106950 3563 3570 
107000 3548 3543 
107050 3543 3548 
107100 3541 3541 
107150 3560 3558 
107200 3552 3554 
107250 3555 3554 
107300 3550 3548 
107350 3544 3545 
107400 3548 3546 
107450 3561 3564 
107500 3551 3550 
107550 3555 3555 
107600 3548 3556 
107650 3530 3528 
107700 3546 3545 
107750 3559 3559 
107800 3555 3558 
107850 3562 3568 
107900 3555 3558 
107950 3570 3561 
108000 3558 3547 
108050 3554 3551 
108100 3549 3547 
108150 3544 3541 
108200 3551 3550 
108250 3556 3554 
108300 3535 3533 
108350 3556 3556 
108400 3554 3551 
108450 3561 3562 
108500 3551 3550 
108550 3547 3545 
108600 3555 3554 
108650 3543 3539 
108700 3546 3539 
108750 3566 3564 
108800 3541 3543 
108850 3550 3543 
108900 3558 3554 
108950 3548 3552 
109000 3549 3557 
109050 3561 3560 
109100 3547 3544 
109150 3558 3553 
109200 3560 3556 
109250 3559 3556 
109300 3554 3553 
109350 3542 3543 
109400 3564 3562 
109450 3563 3554 
109500 3562 3562 
109550 3551 3550 
109600 3564 3554 
109650 3561 3556 
109700 3549 3551 
109750 3557 3554 
109800 3559 3558 
109850 3545 3552 
109900 3559 3558 
109950 3557 3554 
110000 3543 3542 
110050 3562 3561 
110100 3559 3557 
110150 3556 3556 
110200 3545 3547 
110250 3550 3547 
110300 3560 3558 
110350 3557 3557 
110400 3550 3551 
110450 3543 3546 
110500 3561 3562 
110550 3564 3563 
110600 3554 3553 
110650 3555 3553 
110700 3549 3548 
110750 3555 3549 
110800 3571 3562 
110850 3543 3551 
110900 3552 3554 
110950 3560 3557 
111000 3557 3556 
111050 3545 3551 
111100 3550 3554 
111150 3549 3554 
111200 3563 3560 
111250 3544 3544 
111300 3546 3548 
111350 3552 3551 
111400 3555 3555 
111450 3546 3541 
111500 3561 3561 
111550 3566 3562 
111600 3552 3553 
111650 3550 3554 
111700 3541 3543 
111750 3543 3545 
111800 3555 3552 
111850 3552 3550 
111900 3564 3566 
111950 3548 3545 
112000 3556 3552 
112050 3553 3551 
112100 3556 3552 
112150 3558 3551 
112200 3561 3558 
112250 3554 3556 
112300 3557 3557 
112350 3553 3556 
112400 3554 3554 
112450 3552 3544 
112500 3562 3561 
112550 3545 3549 
112600 3563 3557 
112650 3559 3558 
112700 3553 3555 
112750 3551 3550 
112800 3556 3556 
112850 3555 3555 
112900 3547 3547 
112950 3543 3545 
113000 3566 3563 
113050 3552 3551 
113100 3552 3548 
113150 3553 3552 
113200 3554 3554 
113250 3547 3547 
113300 3529 3528 
113350 3553 3550 
113400 3558 3558 
113450 3553 3552 
113500 3546 3546 
113550 3554 3557 
113600 3552 3557 
113650 3560 3561 
113700 3559 3556 
113750 3549 3551 
113800 3546 3547 
113850 3530 3528 
113900 3550 3547 
113950 3550 3556 
114000 3572 3575 
114050 3562 3563 
114100 3550 3548 
114150 3549 3553 
114200 3550 3554 
114250 3550 3552 
114300 3564 3562 
114350 3553 3553 
114400 3545 3543 
114450 3542 3540 
114500 3557 3557 
114550 3548 3554 
114600 3560 3562 
114650 3569 3566 
114700 3540 3541 
114750 3545 3552 
114800 3551 3552 
114850 3548 3557 
114900 3548 3551 
114950 3547 3554 
115000 3557 3556 
115050 3550 3548 
115100 3555 3553 
115150 3554 3557 
115200 3552 3550 
115250 3561 3565 
115300 3561 3557 
115350 3557 3557 
115400 3555 3560 
115450 3557 3558 
115500 3552 3552 
115550 3564 3561 
115600 3544 3548 
115650 3543 3547 
115700 3544 3553 
115750 3549 3554 
115800 3561 3561 
115850 3554 3561 
115900 3553 3561 
115950 3564 3562 
116000 3562 3565 
116050 3557 3556 
116100 3543 3542 
116150 3552 3553 
116200 3542 3551 
116250 3546 3547 
116300 3543 3545 
116350 3542 3541 
116400 3537 3537 
116450 3563 3569 
116500 3552 3547 
116550 3548 3549 
116600 3553 3558 
116650 3537 3533 
116700 3545 3542 
116750 3567 3566 
116800 3561 3564 
116850 3544 3543 
116900 3550 3556 
116950 3554 3550 
117000 3557 3559 
117050 3552 3558 
117100 3545 3549 
117150 3552 3549 
117200 3552 3556 
117250 3544 3545 
117300 3551 3550 
117350 3565 3561 
117400 3555 3558 
117450 3545 3544 
117500 3559 3561 
117550 3559 3550 
117600 3560 3556 
117650 3557 3554 
117700 3573 3572 
117750 3560 3566 
117800 3561 3557 
117850 3559 3560 
117900 3544 3544 
117950 3557 3558 
118000 3550 3547 
118050 3559 3559 
118100 3550 3550 
118150 3536 3529 
118200 3562 3557 
118250 3544 3548 
118300 3561 3556 
118350 3559 3552 
118400 3557 3552 
118450 3540 3538 
118500 3554 3550 
118550 3553 3555 
118600 3544 3543 
118650 3553 3550 
118700 3553 3550 
118750 3542 3550 
118800 3556 3557 
118850 3539 3543 
118900 3560 3556 
118950 3560 3560 
119000 3552 3553 
119050 3554 3555 
119100 3548 3541 
119150 3553 3548 
119200 3543 3551 
119250 3553 3556 
119300 3550 3547 
119350 3571 3566 
119400 3559 3558 
119450 3566 3562 
119500 3540 3537 
119550 3542 3548 
119600 3542 3549 
119650 3558 3563 
119700 3557 3553 
119750 3542 3537 
119800 3568 3567 
119850 3557 3555 
119900 3556 3560 
119950 3537 3536 
120000 3546 3552 
120050 3557 3559 
120100 3542 3538 
120150 3539 3540 
120200 3565 3566 
120250 3560 3561 
120300 3560 3565 
120350 3562 3565 
120400 3554 3555 
120450 3540 3548 
120500 3544 3547 
120550 3540 3544 
120600 3561 3563 
120650 3550 3553 
120700 3545 3552 
120750 3554 3560 
120800 3552 3546 
120850 3547 3550 
120900 3540 3542 
120950 3554 3555 
121000 3551 3551 
121050 3550 3561 
121100 3547 3539 
121150 3547 3550 
121200 3556 3551 
121250 3560 3558 
121300 3546 3553 
121350 3549 3553 
121400 3557 3561 
121450 3565 3565 
121500 3559 3558 
121550 3543 3549 
121600 3549 3550 
121650 3549 3548 
121700 3549 3544 
121750 3538 3535 
121800 3568 3565 
121850 3558 3562 
121900 3543 3545 
121950 3561 3558 
122000 3545 3545 
122050 3554 3552 
122100 3558 3550 
122150 3554 3556 
122200 3535 3534 
122250 3541 3546 
122300 3564 3560 
122350 3556 3556 
122400 3561 3560 
122450 3557 3557 
122500 3529 3539 
122550 3561 3560 
122600 3542 3543 
122650 3545 3545 
122700 3560 3557 
122750 3562 3567 
122800 3548 3553 
122850 3544 3539 
122900 3550 3543 
122950 3548 3545 
123000 3552 3554 
123050 3541 3541 
123100 3544 3547 
123150 3542 3541 
123200 3548 3544 
123250 3540 3547 
123300 3559 3562 
123350 3560 3556 
123400 3566 3563 
123450 3556 3555 
123500 3562 3562 
123550 3553 3547 
123600 3559 3553 
123650 3571 3567 
123700 3555 3551 
123750 3557 3545 
123800 3545 3548 
123850 3558 3561 
123900 3543 3542 
123950 3543 3538 
124000 3541 3536 
124050 3544 3548 
124100 3543 3546 
124150 3555 3563 
124200 3544 3547 
124250 3552 3548 
124300 3551 3548 
124350 3541 3544 
124400 3558 3558 
124450 3552 3545 
124500 3554 3556 
124550 3548 3546 
124600 3548 3546 
124650 3552 3558 
124700 3561 3564 
124750 3559 3553 
124800 3559 3562 
124850 3556 3555 
124900 3542 3540 
124950 3544 3541 
125000 3561 3556 
125050 3551 3546 
125100 3563 3560 
125150 3545 3552 
125200 3560 3557 
125250 3548 3548 
125300 3559 3565 
125350 3563 3562 
125400 3557 3558 
125450 3547 3545 
125500 3564 3556 
125550 3529 3531 
125600 3553 3554 
125650 3559 3550 
125700 3558 3556 
125750 3551 3555 
125800 3563 3562 
125850 3547 3550 
125900 3555 3559 
125950 3547 3552 
126000 3549 3555 
126050 3542 3546 
126100 3543 3543 
126150 3546 3549 
126200 3557 3554 
126250 3547 3553 
126300 3544 3552 
126350 3550 3554 
126400 3553 3550 
126450 3561 3552 
126500 3549 3555 
126550 3554 3562 
126600 3558 3567 
126650 3550 3556 
126700 3559 3565 
126750 3558 3565 
126800 3557 3554 
126850 3551 3553 
126900 3534 3531 
126950 3539 3543 
127000 3544 3547 
127050 3549 3549 
127100 3554 3558 
127150 3553 3551 
127200 3540 3537 
127250 3562 3562 
127300 3550 3551 
127350 3546 3545 
127400 3556 3554 
127450 3556 3548 
127500 3560 3555 
127550 3571 3566 
127600 3570 3571 
127650 3553 3557 
127700 3550 3549 
127750 3558 3557 
127800 3562 3563 
127850 3544 3549 
127900 3558 3554 
127950 3555 3553 
128000 3545 3544 
128050 3558 3557 
128100 3569 3568 
128150 3565 3564 
128200 3559 3558 
128250 3553 3558 
128300 3556 3561 
128350 3562 3559 
128400 3544 3540 
128450 3545 3542 
128500 3536 3532 
128550 3557 3554 
128600 3563 3567 
128650 3553 3556 
128700 3568 3567 
128750 3551 3549 
128800 3564 3563 
128850 3561 3557 
128900 3548 3550 
128950 3545 3549 
129000 3562 3559 
129050 3570 3568 
129100 3566 3570 
129150 3550 3555 
129200 3556 3555 
129250 3557 3556 
129300 3552 3555 
129350 3556 3556 
129400 3554 3554 
129450 3543 3546 
129500 3541 3549 
129550 3554 3549 
129600 3565 3566 
129650 3561 3559 
129700 3564 3566 
129750 3552 3553 
129800 3552 3550 
129850 3547 3543 
129900 3551 3553 
129950 3542 3542 
130000 3548 3547 
130050 3559 3554 
130100 3532 3538 
130150 3560 3552 
130200 3538 3539 
130250 3553 3548 
130300 3555 3558 
130350 3561 3569 
130400 3561 3556 
130450 3547 3547 
130500 3571 3568 
130550 3570 3567 
130600 3547 3546 
130650 3538 3538 
130700 3536 3540 
130750 3562 3561 
130800 3552 3552 
130850 3553 3555 
130900 3545 3548 
130950 3567 3565 
131000 3546 3553 
131050 3542 3547 
131100 3545 3542 
131150 3565 3560 
131200 3555 3555 
131250 3548 3550 
131300 3544 3544 
131350 3560 3560 
131400 3546 3549 
131450 3549 3542 
131500 3556 3556 
131550 3554 3557 
131600 3535 3529 
131650 3553 3551 
131700 3560 3562 
131750 3544 3542 
131800 3545 3547 
131850 3564 3566 
131900 3540 3537 
131950 3553 3555 
132000 3544 3551 
132050 3548 3548 
132100 3554 3553 
132150 3556 3562 
132200 3543 3543 
132250 3553 3550 
132300 3554 3550 
132350 3546 3549 
132400 3540 3538 
132450 3545 3552 
132500 3554 3544 
132550 3547 3549 
132600 3556 3557 
132650 3558 3561 
132700 3548 3547 
132750 3557 3556 
132800 3556 3552 
132850 3568 3566 
132900 3555 3554 
132950 3548 3552 
133000 3563 3564 
133050 3544 3544 
133100 3543 3547 
133150 3563 3564 
133200 3556 3557 
133250 3552 3547 
133300 3547 3550 
133350 3549 3548 
133400 3560 3556 
133450 3552 3550 
133500 3545 3547 
133550 3545 3542 
133600 3554 3552 
133650 3552 3551 
133700 3548 3552 
133750 3557 3557 
133800 3555 3560 
133850 3558 3558 
133900 3549 3548 
133950 3553 3554 
134000 3550 3546 
134050 3566 3566 
134100 3562 3566 
134150 3535 3535 
134200 3547 3551 
134250 3548 3551 
134300 3557 3559 
134350 3547 3553 
134400 3548 3554 
134450 3539 3535 
134500 3535 3531 
134550 3553 3556 
134600 3562 3564 
134650 3553 3550 
134700 3552 3557 
134750 3557 3555 
134800 3559 3560 
134850 3551 3550 
134900 3565 3565 
134950 3551 3551 
135000 3555 3554 
135050 3563 3563 
135100 3547 3552 
135150 3547 3550 
135200 3559 3560 
135250 3548 3553 
135300 3539 3544 
135350 3542 3556 
135400 3556 3555 
135450 3554 3546 
135500 3569 3571 
135550 3554 3556 
135600 3552 3552 
135650 3563 3567 
135700 3550 3548 
135750 3563 3563 
135800 3551 3551 
135850 3560 3558 
135900 3548 3548 
135950 3564 3563 
136000 3552 3547 
136050 3550 3548 
136100 3544 3545 
136150 3552 3562 
136200 3535 3540 
136250 3553 3551 
136300 3542 3549 
136350 3541 3541 
136400 3544 3544 
136450 3552 3550 
136500 3543 3540 
136550 3549 3546 
136600 3544 3549 
136650 3556 3554 
136700 3551 3547 
136750 3539 3536 
136800 3557 3554 
136850 3542 3536 
136900 3558 3549 
136950 3557 3559 
137000 3552 3553 
137050 3553 3554 
137100 3556 3557 
137150 3559 3555 
137200 3556 3555 
137250 3542 3547 
137300 3559 3551 
137350 3548 3551 
137400 3548 3549 
137450 3553 3551 
137500 3554 3549 
137550 3552 3549 
137600 3560 3561 
137650 3568 3563 
137700 3563 3547 
137750 3551 3549 
137800 3551 3553 
137850 3552 3555 
137900 3558 3561 
137950 3547 3552 
138000 3534 3535 
138050 3539 3538 
138100 3553 3547 
138150 3552 3549 
138200 3557 3553 
138250 3543 3535 
138300 3526 3525 
138350 3562 3561 
138400 3557 3553 
138450 3553 3552 
138500 3558 3557 
138550 3537 3538 
138600 3557 3557 
138650 3553 3558 
138700 3554 3555 
138750 3559 3555 
138800 3566 3558 
138850 3560 3552 
138900 3550 3547 
138950 3568 3567 
139000 3555 3553 
139050 3561 3561 
139100 3548 3550 
139150 3566 3561 
139200 3541 3536 
139250 3547 3545 
139300 3563 3564 
139350 3552 3550 
139400 3550 3552 
139450 3553 3553 
139500 3559 3555 
139550 3557 3559 
139600 3558 3551 
139650 3548 3560 
139700 3539 3538 
139750 3556 3558 
139800 3556 3561 
139850 3537 3538 
139900 3544 3547 
139950 3529 3533 
140000 3549 3547 
140050 3554 3555 
140100 3550 3551 
140150 3548 3548 
140200 3556 3556 
140250 3548 3547 
140300 3546 3544 
140350 3553 3550 
140400 3554 3557 
140450 3546 3555 
140500 3554 3555 
140550 3548 3552 
140600 3554 3551 
140650 3542 3540 
140700 3540 3543 
140750 3544 3541 
140800 3553 3546 
140850 3559 3556 
140900 3557 3564 
140950 3547 3548 
141000 3544 3550 
141050 3556 3555 
141100 3560 3557 
141150 3565 3563 
141200 3566 3561 
141250 3556 3558 
141300 3547 3540 
141350 3550 3545 
141400 3562 3563 
141450 3558 3552 
141500 3542 3538 
141550 3545 3550 
141600 3548 3548 
141650 3561 3558 
141700 3558 3559 
141750 3535 3538 
141800 3547 3551 
141850 3554 3553 
141900 3544 3537 
141950 3552 3548 
142000 3556 3551 
142050 3555 3557 
142100 3543 3552 
142150 3560 3556 
142200 3544 3542 
142250 3551 3550 
142300 3541 3537 
142350 3560 3559 
142400 3544 3551 
142450 3556 3557 
142500 3553 3554 
142550 3544 3548 
142600 3532 3529 
142650 3544 3539 
142700 3549 3553 
142750 3556 3561 
142800 3558 3561 
142850 3564 3568 
142900 3557 3554 
142950 3559 3563 
143000 3540 3543 
143050 3548 3547 
143100 3537 3538 
143150 3556 3557 
143200 3561 3550 
143250 3542 3536 
143300 3543 3538 
143350 3556 3549 
143400 3549 3548 
143450 3556 3555 
143500 3542 3539 
143550 3558 3559 
143600 3546 3559 
143650 3554 3550 
143700 3540 3546 
143750 3548 3551 
143800 3554 3549 
143850 3552 3553 
143900 3557 3557 
143950 3562 3564 
144000 3560 3560 
144050 3554 3559 
144100 3553 3558 
144150 3560 3557 
144200 3540 3543 
144250 3559 3558 
144300 3559 3555 
144350 3552 3547 
144400 3566 3561 
144450 3546 3545 
144500 3560 3562 
144550 3551 3553 
144600 3563 3566 
144650 3544 3543 
144700 3554 3560 
144750 3553 3555 
144800 3534 3541 
144850 3534 3536 
144900 3552 3550 
144950 3550 3553 
145000 3556 3565 
145050 3547 3555 
145100 3558 3558 
145150 3563 3563 
145200 3554 3558 
145250 3557 3554 
145300 3560 3561 
145350 3561 3562 
145400 3537 3527 
145450 3554 3553 
145500 3546 3539 
145550 3556 3560 
145600 3553 3551 
145650 3550 3554 
145700 3562 3565 
145750 3560 3556 
145800 3550 3549 
145850 3550 3546 
145900 3555 3562 
145950 3541 3548 
146000 3555 3553 
146050 3553 3559 
146100 3553 3551 
146150 3549 3548 
146200 3555 3553 
146250 3568 3563 
146300 3545 3543 
146350 3551 3553 
146400 3559 3561 
146450 3549 3544 
146500 3555 3554 
146550 3561 3560 
146600 3549 3554 
146650 3552 3556 
146700 3550 3546 
146750 3551 3546 
146800 3545 3548 
146850 3546 3549 
146900 3550 3550 
146950 3558 3562 
147000 3548 3552 
147050 3543 3547 
147100 3534 3542 
147150 3545 3543 
147200 3555 3558 
147250 3543 3539 
147300 3549 3546 
147350 3536 3530 
147400 3559 3553 
147450 3553 3552 
147500 3559 3559 
147550 3545 3552 
147600 3550 3548 
147650 3544 3543 
147700 3545 3533 
147750 3540 3534 
147800 3531 3531 
147850 3542 3542 
147900 3543 3548 
147950 3547 3548 
148000 3572 3569 
148050 3532 3529 
148100 3543 3544 
148150 3538 3540 
148200 3547 3548 
148250 3562 3561 
148300 3550 3553 
148350 3571 3573 
148400 3554 3560 
148450 3546 3552 
148500 3570 3571 
148550 3554 3552 
148600 3569 3566 
148650 3547 3545 
148700 3552 3551 
148750 3561 3554 
148800 3537 3542 
148850 3545 3545 
148900 3542 3549 
148950 3555 3558 
149000 3557 3555 
149050 3553 3550 
149100 3535 3534 
149150 3552 3556 
149200 3545 3544 
149250 3559 3562 
149300 3542 3543 
149350 3561 3561 
149400 3543 3548 
149450 3547 3553 
149500 3554 3552 
149550 3550 3549 
149600 3553 3550 
149650 3550 3547 
149700 3555 3552 
149750 3553 3555 
149800 3558 3556 
149850 3556 3555 
149900 3568 3557 
149950 3548 3546 
150000 3560 3558 
150050 3553 3553 
150100 3543 3548 
150150 3566 3564 
150200 3556 3556 
150250 3539 3544 
150300 3546 3549 
150350 3545 3547 
150400 3560 3560 
150450 3546 3544 
150500 3564 3559 
150550 3552 3550 
150600 3554 3558 
150650 3548 3549 
150700 3542 3548 
150750 3553 3552 
150800 3555 3558 
150850 3563 3565 
150900 3545 3547 
150950 3544 3546 
151000 3543 3548 
151050 3558 3554 
151100 3554 3555 
151150 3548 3548 
151200 3553 3555 
151250 3552 3552 
151300 3555 3554 
151350 3548 3547 
151400 3551 3549 
151450 3524 3528 
151500 3554 3558 
151550 3537 3536 
151600 3549 3545 
151650 3547 3545 
151700 3543 3547 
151750 3541 3541 
151800 3559 3555 
151850 3558 3563 
151900 3557 3559 
151950 3565 3566 
152000 3562 3564 
152050 3548 3555 
152100 3551 3553 
152150 3547 3542 
152200 3563 3562 
152250 3560 3554 
152300 3544 3539 
152350 3542 3542 
152400 3554 3556 
152450 3543 3542 
152500 3546 3546 
152550 3552 3554 
152600 3533 3532 
152650 3553 3556 
152700 3547 3549 
152750 3549 3544 
152800 3545 3548 
152850 3549 3545 
152900 3552 3556 
152950 3554 3554 
153000 3548 3553 
153050 3561 3558 
153100 3561 3554 
153150 3538 3534 
153200 3552 3553 
153250 3538 3534 
153300 3553 3552 
153350 3565 3562 
153400 3550 3549 
153450 3553 3551 
153500 3559 3557 
153550 3547 3541 
153600 3529 3538 
153650 3554 3545 
153700 3561 3571 
153750 3542 3548 
153800 3565 3568 
153850 3567 3563 
153900 3546 3542 
153950 3554 3563 
154000 3547 3552 
154050 3564 3562 
154100 3529 3524 
154150 3542 3540 
154200 3543 3546 
154250 3553 3552 
154300 3551 3558 
154350 3548 3543 
154400 3561 3555 
154450 3544 3551 
154500 3552 3554 
154550 3556 3552 
154600 3544 3547 
154650 3539 3551 
154700 3554 3556 
154750 3556 3559 
154800 3535 3535 
154850 3552 3554 
154900 3552 3552 
154950 3548 3546 
155000 3545 3542 
155050 3552 3554 
155100 3549 3548 
155150 3550 3550 
155200 3558 3562 
155250 3541 3541 
155300 3534 3540 
155350 3556 3562 
155400 3537 3532 
155450 3535 3533 
155500 3538 3543 
155550 3542 3540 
155600 3525 3527 
155650 3553 3553 
155700 3547 3542 
155750 3545 3542 
155800 3546 3549 
155850 3547 3540 
155900 3544 3545 
155950 3538 3537 
156000 3536 3544 
156050 3551 3546 
156100 3548 3547 
156150 3557 3557 
156200 3553 3547 
156250 3558 3560 
156300 3545 3539 
156350 3541 3552 
156400 3554 3553 
156450 3563 3564 
156500 3551 3550 
156550 3535 3539 
156600 3558 3559 
156650 3550 3547 
156700 3556 3552 
156750 3537 3531 
156800 3550 3551 
156850 3551 3555 
156900 3546 3546 
156950 3546 3545 
157000 3561 3563 
157050 3545 3547 
157100 3545 3551 
157150 3537 3539 
157200 3540 3540 
157250 3549 3549 
157300 3535 3539 
157350 3552 3540 
157400 3549 3553 
157450 3547 3547 
157500 3542 3544 
157550 3555 3561 
157600 3542 3542 
157650 3539 3545 
157700 3543 3548 
157750 3545 3543 
157800 3551 3556 
157850 3563 3567 
157900 3561 3557 
157950 3541 3539 
158000 3552 3553 
158050 3535 3527 
158100 3558 3556 
158150 3555 3558 
158200 3546 3546 
158250 3553 3549 
158300 3550 3547 
158350 3549 3548 
158400 3543 3542 
158450 3545 3547 
158500 3555 3553 
158550 3537 3540 
158600 3542 3549 
158650 3535 3536 
158700 3548 3546 
158750 3528 3531 
158800 3554 3555 
158850 3546 3548 
158900 3554 3552 
158950 3531 3541 
159000 3559 3564 
159050 3552 3543 
159100 3544 3541 
159150 3543 3546 
159200 3547 3555 
159250 3549 3551 
159300 3564 3567 
159350 3544 3549 
159400 3557 3556 
159450 3547 3549 
159500 3564 3563 
159550 3562 3565 
159600 3537 3539 
159650 3551 3548 
159700 3558 3557 
159750 3555 3558 
159800 3564 3563 
159850 3559 3559 
159900 3553 3555 
159950 3544 3546 
160000 3541 3540 
160050 3551 3553 
160100 3535 3532 
160150 3543 3543 
160200 3548 3547 
160250 3544 3548 
160300 3536 3544 
160350 3543 3548 
160400 3536 3534 
160450 3542 3547 
160500 3542 3540 
160550 3550 3554 
160600 3557 3556 
160650 3538 3541 
160700 3542 3548 
160750 3544 3540 
160800 3536 3542 
160850 3553 3547 
160900 3543 3547 
160950 3545 3546 
161000 3546 3550 
161050 3548 3542 
161100 3555 3552 
161150 3540 3532 
161200 3552 3554 
161250 3547 3551 
161300 3555 3554 
161350 3552 3554 
161400 3554 3560 
161450 3558 3550 
161500 3550 3553 
161550 3546 3543 
161600 3543 3545 
161650 3540 3539 
161700 3548 3554 
161750 3551 3550 
161800 3549 3552 
161850 3560 3552 
161900 3561 3561 
161950 3538 3533 
162000 3547 3547 
162050 3562 3559 
162100 3550 3551 
162150 3551 3557 
162200 3545 3551 
162250 3551 3557 
162300 3543 3540 
162350 3557 3555 
162400 3551 3544 
162450 3546 3544 
162500 3535 3540 
162550 3551 3546 
162600 3542 3534 
162650 3550 3551 
162700 3545 3547 
162750 3556 3559 
162800 3543 3548 
162850 3553 3547 
162900 3546 3543 
162950 3538 3547 
163000 3549 3545 
163050 3531 3536 
163100 3548 3545 
163150 3552 3549 
163200 3545 3543 
163250 3529 3530 
163300 3549 3551 
163350 3548 3545 
163400 3542 3541 
163450 3556 3559 
163500 3559 3555 
163550 3555 3553 
163600 3560 3563 
163650 3552 3552 
163700 3553 3559 
163750 3535 3530 
163800 3554 3551 
163850 3551 3556 
163900 3544 3551 
163950 3543 3535 
164000 3552 3555 
164050 3541 3551 
164100 3540 3540 
164150 3547 3548 
164200 3543 3541 
164250 3536 3539 
164300 3551 3550 
164350 3533 3532 
164400 3535 3538 
164450 3561 3562 
164500 3543 3547 
164550 3564 3564 
164600 3568 3565 
164650 3548 3549 
164700 3542 3543 
164750 3542 3543 
164800 3549 3557 
164850 3548 3547 
164900 3558 3566 
164950 3550 3548 
165000 3533 3530 
165050 3569 3567 
165100 3535 3541 
165150 3548 3545 
165200 3542 3538 
165250 3546 3548 
165300 3547 3546 
165350 3558 3555 
165400 3544 3541 
165450 3548 3552 
165500 3560 3554 
165550 3551 3552 
165600 3550 3550 
165650 3545 3549 
165700 3549 3546 
165750 3545 3539 
165800 3552 3547 
165850 3542 3544 
165900 3553 3553 
165950 3540 3545 
166000 3552 3551 
166050 3540 3542 
166100 3556 3556 
166150 3547 3549 
166200 3553 3557 
166250 3553 3547 
166300 3550 3554 
166350 3557 3549 
166400 3528 3525 
166450 3553 3554 
166500 3538 3538 
166550 3560 3561 
166600 3549 3551 
166650 3552 3554 
166700 3560 3559 
166750 3553 3550 
166800 3559 3558 
166850 3554 3555 
166900 3542 3540 
166950 3543 3543 
167000 3546 3544 
167050 3539 3545 
167100 3544 3545 
167150 3552 3553 
167200 3549 3544 
167250 3536 3537 
167300 3550 3551 
167350 3557 3553 
167400 3552 3554 
167450 3554 3551 
167500 3554 3548 
167550 3554 3553 
167600 3562 3564 
167650 3563 3562 
167700 3556 3549 
167750 3548 3552 
167800 3549 3545 
167850 3562 3556 
167900 3559 3563 
167950 3559 3556 
168000 3542 3545 
168050 3549 3546 
168100 3556 3559 
168150 3553 3555 
168200 3552 3557 
168250 3553 3552 
168300 3551 3539 
168350 3555 3554 
168400 3544 3546 
168450 3554 3558 
168500 3544 3546 
168550 3555 3560 
168600 3547 3550 
168650 3539 3537 
168700 3552 3555 
168750 3555 3554 
168800 3550 3553 
168850 3549 3551 
168900 3548 3543 
168950 3549 3551 
169000 3540 3541 
169050 3549 3552 
169100 3552 3551 
169150 3555 3554 
169200 3545 3544 
169250 3559 3555 
169300 3551 3549 
169350 3546 3543 
169400 3560 3559 
169450 3562 3567 
169500 3544 3544 
169550 3550 3551 
169600 3537 3538 
169650 3529 3530 
169700 3540 3539 
169750 3561 3557 
169800 3544 3542 
169850 3548 3550 
169900 3561 3565 
169950 3548 3546 
170000 3558 3561 
170050 3547 3546 
170100 3556 3555 
170150 3542 3539 
170200 3554 3545 
170250 3540 3541 
170300 3556 3551 
170350 3555 3556 
170400 3536 3526 
170450 3541 3538 
170500 3552 3556 
170550 3548 3547 
170600 3554 3555 
170650 3548 3549 
170700 3533 3529 
170750 3551 3550 
170800 3562 3563 
170850 3549 3549 
170900 3542 3544 
170950 3542 3547 
171000 3546 3546 
171050 3554 3550 
171100 3540 3535 
171150 3562 3559 
171200 3561 3560 
171250 3558 3555 
171300 3542 3542 
171350 3542 3543 
171400 3562 3560 
171450 3553 3548 
171500 3552 3556 
171550 3551 3551 
171600 3555 3556 
171650 3560 3562 
171700 3550 3555 
171750 3568 3568 
171800 3546 3549 
171850 3545 3550 
171900 3545 3543 
171950 3553 3555 
172000 3548 3551 
172050 3551 3557 
172100 3530 3520 
172150 3535 3538 
172200 3535 3539 
172250 3540 3546 
172300 3539 3546 
172350 3557 3561 
172400 3553 3551 
172450 3562 3558 
172500 3566 3563 
172550 3539 3538 
172600 3541 3550 
172650 3538 3541 
172700 3551 3553 
172750 3543 3551 
172800 3548 3550 
172850 3532 3536 
172900 3542 3543 
172950 3539 3553 
173000 3541 3541 
173050 3544 3545 
173100 3557 3550 
173150 3542 3537 
173200 3536 3539 
173250 3552 3550 
173300 3542 3547 
173350 3551 3545 
173400 3549 3555 
173450 3541 3542 
173500 3558 3558 
173550 3554 3557 
173600 3546 3545 
173650 3549 3546 
173700 3551 3547 
173750 3557 3555 
173800 3546 3542 
173850 3559 3562 
173900 3538 3538 
173950 3534 3528 
174000 3534 3540 
174050 3543 3546 
174100 3533 3531 
174150 3549 3545 
174200 3555 3552 
174250 3546 3549 
174300 3546 3540 
174350 3553 3552 
174400 3552 3549 
174450 3549 3550 
174500 3534 3538 
174550 3545 3550 
174600 3537 3548 
174650 3545 3555 
174700 3547 3548 
174750 3547 3549 
174800 3550 3548 
174850 3559 3560 
174900 3558 3557 
174950 3559 3558 
175000 3544 3543 
175050 3558 3559 
175100 3565 3559 
175150 3534 3531 
175200 3549 3548 
175250 3556 3558 
175300 3544 3544 
175350 3553 3544 
175400 3548 3547 
175450 3542 3544 
175500 3553 3556 
175550 3523 3538 
175600 3540 3549 
175650 3553 3554 
175700 3563 3557 
175750 3549 3553 
175800 3537 3541 
175850 3548 3545 
175900 3542 3545 
175950 3544 3548 
176000 3544 3550 
176050 3556 3559 
176100 3561 3558 
176150 3548 3551 
176200 3551 3554 
176250 3533 3527 
176300 3546 3543 
176350 3562 3555 
176400 3551 3547 
176450 3553 3551 
176500 3561 3569 
176550 3547 3542 
176600 3539 3536 
176650 3554 3558 
176700 3550 3548 
176750 3554 3556 
176800 3539 3550 
176850 3550 3552 
176900 3551 3549 
176950 3547 3552 
177000 3539 3544 
177050 3545 3552 
177100 3544 3550 
177150 3552 3553 
177200 3542 3538 
177250 3548 3549 
177300 3561 3553 
177350 3547 3548 
177400 3558 3557 
177450 3542 3539 
177500 3546 3546 
177550 3539 3542 
177600 3550 3549 
177650 3558 3557 
177700 3561 3558 
177750 3545 3545 
177800 3544 3546 
177850 3551 3554 
177900 3541 3545 
177950 3561 3561 
178000 3542 3545 
178050 3553 3557 
178100 3552 3552 
178150 3543 3537 
178200 3554 3555 
178250 3553 3555 
178300 3540 3546 
178350 3548 3547 
178400 3562 3558 
178450 3559 3560 
178500 3553 3553 
178550 3562 3564 
178600 3560 3556 
178650 3553 3548 
178700 3553 3550 
178750 3545 3543 
178800 3546 3546 
178850 3544 3543 
178900 3556 3555 
178950 3554 3560 
179000 3550 3547 
179050 3539 3540 
179100 3557 3556 
179150 3548 3546 
179200 3542 3542 
179250 3544 3547 
179300 3542 3535 
179350 3544 3558 
179400 3541 3542 
179450 3545 3543 
179500 3553 3557 
179550 3557 3559 
179600 3556 3557 
179650 3551 3554 
179700 3556 3559 
179750 3552 3550 
179800 3555 3552 
179850 3547 3543 
179900 3554 3555 
179950 3541 3544 
180000 3539 3538 
180050 3532 3533 
180100 3562 3568 
180150 3540 3543 
180200 3545 3544 
180250 3559 3559 
180300 3553 3549 
180350 3539 3540 
180400 3553 3557 
180450 3536 3535 
180500 3557 3551 
180550 3549 3544 
180600 3553 3551 
180650 3564 3561 
180700 3557 3555 
180750 3542 3539 
180800 3548 3549 
180850 3558 3563 
180900 3546 3551 
180950 3527 3538 
181000 3545 3546 
181050 3561 3562 
181100 3536 3535 
181150 3536 3533 
181200 3542 3539 
181250 3554 3554 
181300 3542 3541 
181350 3564 3565 
181400 3548 3546 
181450 3558 3557 
181500 3555 3559 
181550 3547 3544 
181600 3555 3553 
181650 3544 3546 
181700 3558 3557 
181750 3544 3543 
181800 3558 3559 
181850 3543 3550 
181900 3565 3570 
181950 3557 3556 
182000 3546 3541 
182050 3550 3552 
182100 3547 3550 
182150 3552 3556 
182200 3547 3548 
182250 3547 3550 
182300 3560 3560 
182350 3551 3554 
182400 3539 3542 
182450 3537 3543 
182500 3538 3542 
182550 3539 3533 
182600 3542 3537 
182650 3555 3557 
182700 3556 3555 
182750 3534 3529 
182800 3558 3549 
182850 3550 3548 
182900 3566 3559 
182950 3552 3546 
183000 3549 3551 
183050 3547 3547 
183100 3540 3538 
183150 3550 3546 
183200 3552 3551 
183250 3534 3537 
183300 3539 3538 
183350 3554 3554 
183400 3528 3531 
183450 3535 3542 
183500 3547 3544 
183550 3555 3553 
183600 3537 3531 
183650 3557 3555 
183700 3550 3549 
183750 3552 3548 
183800 3536 3533 
183850 3555 3547 
183900 3537 3539 
183950 3552 3551 
184000 3553 3553 
184050 3552 3552 
184100 3559 3555 
184150 3551 3554 
184200 3546 3552 
184250 3555 3556 
184300 3539 3538 
184350 3543 3539 
184400 3551 3543 
184450 3542 3546 
184500 3533 3532 
184550 3552 3549 
184600 3531 3525 
184650 3540 3549 
184700 3543 3541 
184750 3555 3555 
184800 3541 3545 
184850 3554 3558 
184900 3555 3552 
184950 3554 3555 
185000 3553 3547 
185050 3535 3537 
185100 3554 3554 
185150 3551 3554 
185200 3542 3544 
185250 3538 3538 
185300 3537 3541 
185350 3545 3540 
185400 3550 3550 
185450 3555 3555 
185500 3551 3552 
185550 3551 3549 
185600 3555 3551 
185650 3548 3552 
185700 3554 3551 
185750 3563 3569 
185800 3544 3542 
185850 3549 3544 
185900 3546 3542 
185950 3542 3539 
186000 3569 3563 
186050 3545 3545 
186100 3553 3547 
186150 3540 3546 
186200 3551 3549 
186250 3545 3546 
186300 3548 3547 
186350 3548 3546 
186400 3551 3548 
186450 3555 3550 
186500 3545 3546 
186550 3540 3549 
186600 3536 3543 
186650 3540 3540 
186700 3541 3550 
186750 3544 3541 
186800 3551 3553 
186850 3547 3547 
186900 3559 3552 
186950 3545 3546 
187000 3556 3556 
187050 3547 3543 
187100 3547 3539 
187150 3535 3536 
187200 3553 3553 
187250 3541 3548 
187300 3545 3546 
187350 3540 3542 
187400 3551 3553 
187450 3558 3561 
187500 3531 3533 
187550 3548 3542 
187600 3563 3568 
187650 3554 3550 
187700 3557 3556 
187750 3540 3539 
187800 3556 3546 
187850 3551 3554 
187900 3549 3539 
187950 3572 3567 
188000 3548 3541 
188050 3546 3543 
188100 3559 3555 
188150 3545 3553 
188200 3559 3555 
188250 3559 3556 
188300 3553 3549 
188350 3559 3561 
188400 3545 3541 
188450 3533 3532 
188500 3555 3556 
188550 3535 3538 
188600 3531 3537 
188650 3553 3555 
188700 3552 3546 
188750 3542 3537 
188800 3535 3538 
188850 3551 3550 
188900 3548 3544 
188950 3556 3563 
189000 3545 3551 
189050 3543 3544 
189100 3554 3548 
189150 3544 3541 
189200 3541 3543 
189250 3553 3556 
189300 3549 3543 
189350 3542 3544 
189400 3573 3571 
189450 3556 3559 
189500 3552 3555 
189550 3554 3553 
189600 3543 3546 
189650 3545 3546 
189700 3535 3540 
189750 3545 3542 
189800 3550 3550 
189850 3546 3549 
189900 3553 3557 
189950 3542 3538 
190000 3541 3542 
190050 3540 3538 
190100 3552 3550 
190150 3551 3554 
190200 3553 3555 
190250 3555 3559 
190300 3553 3554 
190350 3521 3525 
190400 3544 3541 
190450 3546 3543 
190500 3531 3528 
190550 3549 3546 
190600 3546 3545 
190650 3538 3539 
190700 3529 3528 
190750 3546 3547 
190800 3554 3553 
190850 3555 3555 
190900 3543 3551 
190950 3546 3548 
191000 3546 3540 
191050 3557 3556 
191100 3545 3542 
191150 3550 3551 
191200 3543 3533 
191250 3561 3558 
191300 3542 3538 
191350 3547 3551 
191400 3547 3553 
191450 3555 3559 
191500 3538 3536 
191550 3555 3555 
191600 3540 3549 
191650 3566 3566 
191700 3556 3554 
191750 3553 3553 
191800 3550 3559 
191850 3543 3541 
191900 3537 3540 
191950 3553 3554 
192000 3548 3556 
192050 3558 3558 
192100 3552 3549 
192150 3548 3544 
192200 3551 3545 
192250 3546 3548 
192300 3541 3549 
192350 3555 3555 
192400 3531 3542 
192450 3553 3560 
192500 3539 3534 
192550 3553 3557 
192600 3538 3543 
192650 3562 3562 
192700 3556 3555 
192750 3544 3546 
192800 3542 3537 
192850 3544 3546 
192900 3550 3552 
192950 3554 3555 
193000 3538 3541 
193050 3534 3539 
193100 3537 3540 
193150 3550 3552 
193200 3543 3540 
193250 3549 3551 
193300 3556 3550 
193350 3557 3554 
193400 3514 3523 
193450 3535 3539 
193500 3549 3548 
193550 3548 3547 
193600 3532 3534 
193650 3545 3545 
193700 3543 3545 
193750 3554 3555 
193800 3552 3556 
193850 3547 3542 
193900 3543 3541 
193950 3559 3562 
194000 3547 3545 
194050 3550 3550 
194100 3561 3561 
194150 3557 3560 
194200 3559 3560 
194250 3550 3549 
194300 3536 3537 
194350 3546 3546 
194400 3544 3553 
194450 3543 3539 
194500 3544 3548 
194550 3521 3517 
194600 3550 3546 
194650 3558 3555 
194700 3553 3553 
194750 3546 3548 
194800 3556 3555 
194850 3559 3551 
194900 3566 3565 
194950 3545 3543 
195000 3544 3541 
195050 3543 3536 
195100 3557 3552 
195150 3535 3536 
195200 3559 3562 
195250 3537 3537 
195300 3548 3555 
195350 3542 3543 
195400 3553 3556 
195450 3557 3565 
195500 3542 3542 
195550 3557 3553 
195600 3558 3561 
195650 3554 3556 
195700 3545 3543 
195750 3560 3563 
195800 3526 3527 
195850 3552 3554 
195900 3553 3548 
195950 3535 3538 
196000 3545 3547 
196050 3553 3551 
196100 3550 3546 
196150 3555 3564 
196200 3545 3546 
196250 3546 3546 
196300 3544 3545 
196350 3559 3563 
196400 3555 3551 
196450 3556 3553 
196500 3547 3549 
196550 3559 3559 
196600 3548 3548 
196650 3535 3542 
196700 3551 3549 
196750 3529 3523 
196800 3547 3539 
196850 3555 3553 
196900 3552 3552 
196950 3553 3552 
197000 3543 3555 
197050 3548 3545 
197100 3546 3544 
197150 3538 3543 
197200 3556 3555 
197250 3532 3537 
197300 3555 3552 
197350 3554 3549 
197400 3555 3553 
197450 3546 3542 
197500 3549 3553 
197550 3567 3559 
197600 3556 3553 
197650 3565 3565 
197700 3549 3549 
197750 3558 3561 
197800 3551 3550 
197850 3542 3547 
197900 3546 3544 
197950 3559 3558 
198000 3542 3543 
198050 3530 3530 
198100 3534 3534 
198150 3543 3544 
198200 3539 3543 
198250 3557 3557 
198300 3545 3555 
198350 3535 3537 
198400 3542 3548 
198450 3544 3542 
198500 3544 3542 
198550 3535 3534 
198600 3537 3538 
198650 3545 3550 
198700 3538 3539 
198750 3546 3548 
198800 3544 3551 
198850 3538 3533 
198900 3553 3552 
198950 3549 3547 
199000 3533 3535 
199050 3554 3548 
199100 3544 3548 
199150 3555 3558 
199200 3544 3547 
199250 3532 3533 
199300 3533 3535 
199350 3534 3530 
199400 3531 3526 
199450 3531 3534 
199500 3572 3568 
199550 3549 3550 
199600 3556 3553 
199650 3546 3547 
199700 3559 3563 
199750 3552 3551 
199800 3549 3541 
199850 3544 3545 
199900 3539 3538 
199950 3548 3544 
200000 3549 3544 
