# Avida tasks data
# Fri Apr  6 23:30:47 2012
# First column gives the current update, next columns give the number
# of organisms that have the particular task as a component of their merit
#  1: Update
#  2: Xor
#  3: Equals

0 0 0 
50 8 8 
100 32 32 
150 120 120 
200 263 263 
250 435 435 
300 668 666 
350 979 982 
400 1338 1339 
450 1722 1718 
500 2168 2164 
550 2698 2698 
600 3157 3161 
650 3394 3390 
700 3538 3536 
750 3544 3535 
800 3520 3521 
850 3538 3543 
900 3544 3545 
950 3542 3539 
1000 3523 3527 
1050 3545 3546 
1100 3544 3547 
1150 3540 3541 
1200 3554 3558 
1250 3549 3545 
1300 3538 3538 
1350 3540 3540 
1400 3543 3549 
1450 3537 3544 
1500 3555 3556 
1550 3533 3533 
1600 3535 3542 
1650 3530 3533 
1700 3549 3553 
1750 3555 3558 
1800 3543 3544 
1850 3561 3562 
1900 3548 3555 
1950 3532 3530 
2000 3550 3549 
2050 3548 3541 
2100 3539 3536 
2150 3555 3559 
2200 3552 3556 
2250 3520 3521 
2300 3537 3533 
2350 3540 3543 
2400 3527 3531 
2450 3546 3546 
2500 3544 3548 
2550 3554 3556 
2600 3530 3528 
2650 3541 3539 
2700 3547 3547 
2750 3550 3549 
2800 3548 3548 
2850 3546 3546 
2900 3526 3528 
2950 3549 3550 
3000 3533 3530 
3050 3537 3539 
3100 3539 3542 
3150 3549 3549 
3200 3532 3538 
3250 3546 3549 
3300 3547 3548 
3350 3554 3556 
3400 3542 3540 
3450 3541 3538 
3500 3539 3541 
3550 3560 3560 
3600 3538 3537 
3650 3546 3545 
3700 3553 3553 
3750 3552 3557 
3800 3536 3534 
3850 3544 3542 
3900 3549 3548 
3950 3549 3547 
4000 3556 3555 
4050 3549 3550 
4100 3540 3544 
4150 3546 3551 
4200 3547 3544 
4250 3554 3545 
4300 3545 3543 
4350 3546 3544 
4400 3536 3536 
4450 3542 3539 
4500 3547 3548 
4550 3559 3559 
4600 3548 3543 
4650 3549 3545 
4700 3542 3545 
4750 3541 3545 
4800 3549 3548 
4850 3547 3541 
4900 3546 3547 
4950 3547 3542 
5000 3541 3542 
5050 3539 3540 
5100 3549 3546 
5150 3543 3547 
5200 3532 3544 
5250 3539 3543 
5300 3531 3535 
5350 3540 3539 
5400 3540 3533 
5450 3549 3549 
5500 3544 3541 
5550 3547 3544 
5600 3540 3534 
5650 3548 3544 
5700 3549 3548 
5750 3538 3531 
5800 3544 3538 
5850 3549 3543 
5900 3525 3523 
5950 3552 3548 
6000 3552 3547 
6050 3557 3552 
6100 3554 3550 
6150 3531 3531 
6200 3557 3550 
6250 3551 3549 
6300 3542 3539 
6350 3528 3526 
6400 3535 3541 
6450 3548 3546 
6500 3553 3556 
6550 3548 3549 
6600 3536 3541 
6650 3539 3535 
6700 3543 3549 
6750 3549 3547 
6800 3527 3530 
6850 3534 3537 
6900 3553 3551 
6950 3542 3547 
7000 3556 3553 
7050 3548 3546 
7100 3546 3545 
7150 3545 3544 
7200 3548 3554 
7250 3543 3541 
7300 3543 3541 
7350 3539 3543 
7400 3536 3542 
7450 3530 3527 
7500 3560 3557 
7550 3558 3557 
7600 3531 3533 
7650 3545 3544 
7700 3546 3547 
7750 3548 3544 
7800 3551 3549 
7850 3546 3549 
7900 3548 3543 
7950 3554 3552 
8000 3548 3544 
8050 3551 3556 
8100 3546 3543 
8150 3537 3534 
8200 3536 3538 
8250 3545 3546 
8300 3550 3551 
8350 3550 3547 
8400 3531 3526 
8450 3544 3541 
8500 3552 3551 
8550 3554 3552 
8600 3542 3545 
8650 3548 3545 
8700 3546 3540 
8750 3519 3514 
8800 3531 3535 
8850 3551 3541 
8900 3532 3536 
8950 3544 3545 
9000 3552 3555 
9050 3532 3530 
9100 3549 3552 
9150 3557 3551 
9200 3547 3545 
9250 3553 3543 
9300 3542 3544 
9350 3544 3551 
9400 3541 3544 
9450 3536 3528 
9500 3544 3543 
9550 3532 3530 
9600 3535 3530 
9650 3547 3546 
9700 3537 3543 
9750 3564 3565 
9800 3551 3556 
9850 3534 3532 
9900 3548 3542 
9950 3545 3549 
10000 3530 3537 
10050 3542 3539 
10100 3555 3552 
10150 3544 3540 
10200 3535 3536 
10250 3540 3542 
10300 3551 3552 
10350 3550 3554 
10400 3554 3547 
10450 3541 3532 
10500 3545 3543 
10550 3543 3541 
10600 3551 3543 
10650 3534 3535 
10700 3544 3539 
10750 3534 3536 
10800 3560 3558 
10850 3547 3555 
10900 3547 3548 
10950 3546 3552 
11000 3559 3565 
11050 3547 3556 
11100 3549 3549 
11150 3543 3542 
11200 3553 3555 
11250 3539 3546 
11300 3539 3539 
11350 3559 3559 
11400 3535 3542 
11450 3517 3523 
11500 3525 3530 
11550 3530 3535 
11600 3529 3529 
11650 3544 3546 
11700 3546 3552 
11750 3559 3561 
11800 3551 3550 
11850 3529 3531 
11900 3545 3549 
11950 3547 3547 
12000 3530 3528 
12050 3534 3541 
12100 3557 3555 
12150 3561 3563 
12200 3562 3557 
12250 3546 3556 
12300 3543 3543 
12350 3544 3541 
12400 3540 3542 
12450 3554 3551 
12500 3543 3543 
12550 3552 3549 
12600 3547 3544 
12650 3542 3541 
12700 3551 3550 
12750 3546 3548 
12800 3540 3541 
12850 3533 3532 
12900 3543 3547 
12950 3541 3543 
13000 3549 3553 
13050 3532 3530 
13100 3547 3547 
13150 3554 3552 
13200 3555 3549 
13250 3546 3541 
13300 3540 3532 
13350 3536 3532 
13400 3547 3547 
13450 3539 3539 
13500 3555 3560 
13550 3543 3549 
13600 3549 3553 
13650 3538 3535 
13700 3548 3551 
13750 3551 3548 
13800 3544 3541 
13850 3553 3544 
13900 3553 3543 
13950 3552 3557 
14000 3544 3545 
14050 3553 3553 
14100 3538 3539 
14150 3535 3537 
14200 3536 3535 
14250 3554 3556 
14300 3546 3549 
14350 3546 3546 
14400 3533 3543 
14450 3547 3549 
14500 3546 3547 
14550 3554 3555 
14600 3551 3550 
14650 3541 3542 
14700 3547 3549 
14750 3542 3534 
14800 3537 3533 
14850 3552 3552 
14900 3552 3551 
14950 3545 3546 
15000 3540 3540 
15050 3550 3552 
15100 3542 3537 
15150 3540 3539 
15200 3543 3541 
15250 3545 3548 
15300 3539 3539 
15350 3542 3537 
15400 3543 3541 
15450 3544 3545 
15500 3547 3543 
15550 3547 3548 
15600 3523 3533 
15650 3534 3535 
15700 3534 3544 
15750 3533 3545 
15800 3535 3534 
15850 3552 3553 
15900 3566 3564 
15950 3562 3555 
16000 3552 3550 
16050 3544 3545 
16100 3548 3548 
16150 3547 3548 
16200 3553 3556 
16250 3553 3552 
16300 3539 3542 
16350 3538 3545 
16400 3537 3539 
16450 3534 3539 
16500 3555 3561 
16550 3546 3547 
16600 3544 3551 
16650 3562 3561 
16700 3546 3544 
16750 3564 3563 
16800 3550 3557 
16850 3564 3560 
16900 3540 3536 
16950 3551 3554 
17000 3544 3535 
17050 3532 3533 
17100 3551 3550 
17150 3549 3552 
17200 3552 3554 
17250 3551 3542 
17300 3536 3538 
17350 3558 3556 
17400 3547 3548 
17450 3518 3518 
17500 3541 3538 
17550 3545 3549 
17600 3538 3535 
17650 3536 3537 
17700 3561 3563 
17750 3542 3540 
17800 3538 3536 
17850 3551 3555 
17900 3542 3545 
17950 3558 3558 
18000 3558 3555 
18050 3546 3546 
18100 3542 3542 
18150 3547 3544 
18200 3554 3551 
18250 3552 3552 
18300 3554 3548 
18350 3535 3532 
18400 3536 3535 
18450 3545 3539 
18500 3556 3553 
18550 3540 3531 
18600 3538 3542 
18650 3554 3550 
18700 3554 3555 
18750 3547 3545 
18800 3559 3557 
18850 3561 3561 
18900 3548 3545 
18950 3551 3551 
19000 3555 3554 
19050 3539 3537 
19100 3554 3551 
19150 3557 3557 
19200 3550 3549 
19250 3544 3536 
19300 3540 3528 
19350 3542 3540 
19400 3541 3536 
19450 3552 3543 
19500 3525 3523 
19550 3538 3535 
19600 3542 3539 
19650 3547 3549 
19700 3541 3546 
19750 3558 3559 
19800 3541 3541 
19850 3546 3545 
19900 3549 3550 
19950 3551 3548 
20000 3543 3553 
20050 3565 3570 
20100 3545 3543 
20150 3540 3541 
20200 3538 3537 
20250 3541 3547 
20300 3540 3538 
20350 3544 3540 
20400 3531 3524 
20450 3555 3555 
20500 3554 3556 
20550 3547 3545 
20600 3540 3539 
20650 3539 3533 
20700 3539 3536 
20750 3537 3533 
20800 3547 3542 
20850 3538 3538 
20900 3526 3526 
20950 3538 3544 
21000 3548 3546 
21050 3550 3546 
21100 3554 3553 
21150 3530 3529 
21200 3532 3537 
21250 3537 3534 
21300 3531 3534 
21350 3542 3547 
21400 3547 3553 
21450 3550 3549 
21500 3549 3551 
21550 3547 3547 
21600 3548 3546 
21650 3537 3531 
21700 3549 3545 
21750 3561 3562 
21800 3552 3554 
21850 3556 3563 
21900 3554 3548 
21950 3544 3539 
22000 3537 3537 
22050 3538 3539 
22100 3543 3540 
22150 3536 3541 
22200 3550 3558 
22250 3552 3561 
22300 3553 3556 
22350 3545 3536 
22400 3536 3535 
22450 3543 3543 
22500 3551 3546 
22550 3538 3548 
22600 3530 3533 
22650 3530 3529 
22700 3537 3529 
22750 3548 3541 
22800 3542 3537 
22850 3549 3549 
22900 3549 3545 
22950 3566 3562 
23000 3545 3545 
23050 3547 3552 
23100 3555 3551 
23150 3544 3537 
23200 3530 3531 
23250 3550 3543 
23300 3538 3529 
23350 3541 3538 
23400 3548 3548 
23450 3541 3548 
23500 3542 3546 
23550 3561 3560 
23600 3549 3546 
23650 3539 3535 
23700 3537 3543 
23750 3542 3540 
23800 3548 3546 
23850 3561 3558 
23900 3563 3560 
23950 3540 3544 
24000 3550 3552 
24050 3536 3532 
24100 3533 3534 
24150 3537 3539 
24200 3543 3533 
24250 3542 3546 
24300 3534 3534 
24350 3548 3543 
24400 3539 3548 
24450 3534 3537 
24500 3538 3547 
24550 3532 3537 
24600 3547 3549 
24650 3563 3560 
24700 3557 3559 
24750 3529 3529 
24800 3540 3530 
24850 3549 3545 
24900 3531 3535 
24950 3538 3547 
25000 3551 3550 
25050 3543 3543 
25100 3538 3533 
25150 3536 3533 
25200 3542 3534 
25250 3555 3559 
25300 3547 3547 
25350 3536 3535 
25400 3549 3551 
25450 3551 3554 
25500 3540 3540 
25550 3557 3555 
25600 3544 3546 
25650 3550 3550 
25700 3561 3561 
25750 3542 3541 
25800 3552 3552 
25850 3555 3554 
25900 3554 3558 
25950 3538 3544 
26000 3544 3542 
26050 3544 3547 
26100 3543 3543 
26150 3546 3544 
26200 3536 3523 
26250 3545 3537 
26300 3526 3525 
26350 3539 3543 
26400 3538 3535 
26450 3540 3542 
26500 3545 3544 
26550 3544 3542 
26600 3536 3533 
26650 3544 3544 
26700 3526 3532 
26750 3541 3537 
26800 3552 3543 
26850 3559 3561 
26900 3542 3550 
26950 3548 3550 
27000 3527 3524 
27050 3539 3540 
27100 3546 3547 
27150 3537 3545 
27200 3535 3543 
27250 3545 3547 
27300 3557 3557 
27350 3547 3545 
27400 3551 3549 
27450 3554 3551 
27500 3550 3545 
27550 3533 3541 
27600 3539 3541 
27650 3559 3556 
27700 3531 3530 
27750 3519 3518 
27800 3548 3542 
27850 3545 3553 
27900 3537 3534 
27950 3552 3549 
28000 3535 3533 
28050 3557 3554 
28100 3557 3558 
28150 3543 3537 
28200 3556 3554 
28250 3550 3550 
28300 3550 3549 
28350 3546 3544 
28400 3536 3529 
28450 3545 3544 
28500 3549 3546 
28550 3552 3553 
28600 3548 3546 
28650 3526 3525 
28700 3545 3537 
28750 3554 3550 
28800 3546 3545 
28850 3544 3542 
28900 3547 3552 
28950 3557 3556 
29000 3555 3553 
29050 3539 3542 
29100 3560 3558 
29150 3539 3543 
29200 3539 3537 
29250 3566 3568 
29300 3555 3556 
29350 3556 3557 
29400 3555 3553 
29450 3549 3548 
29500 3534 3538 
29550 3538 3535 
29600 3544 3547 
29650 3541 3548 
29700 3529 3529 
29750 3536 3542 
29800 3533 3537 
29850 3548 3557 
29900 3545 3541 
29950 3537 3547 
30000 3543 3534 
30050 3542 3534 
30100 3526 3534 
30150 3529 3532 
30200 3543 3538 
30250 3540 3537 
30300 3549 3544 
30350 3553 3545 
30400 3520 3521 
30450 3548 3541 
30500 3545 3547 
30550 3545 3544 
30600 3550 3551 
30650 3548 3535 
30700 3562 3548 
30750 3535 3529 
30800 3543 3543 
30850 3542 3542 
30900 3564 3557 
30950 3541 3538 
31000 3540 3542 
31050 3540 3541 
31100 3553 3553 
31150 3545 3548 
31200 3547 3539 
31250 3550 3547 
31300 3546 3534 
31350 3529 3528 
31400 3551 3543 
31450 3557 3555 
31500 3544 3547 
31550 3537 3542 
31600 3546 3542 
31650 3529 3533 
31700 3549 3547 
31750 3548 3547 
31800 3545 3539 
31850 3545 3545 
31900 3530 3523 
31950 3549 3540 
32000 3549 3542 
32050 3540 3539 
32100 3543 3546 
32150 3549 3557 
32200 3546 3540 
32250 3558 3548 
32300 3530 3530 
32350 3529 3528 
32400 3532 3530 
32450 3541 3545 
32500 3547 3549 
32550 3545 3545 
32600 3538 3534 
32650 3523 3516 
32700 3546 3545 
32750 3536 3533 
32800 3542 3543 
32850 3545 3539 
32900 3559 3555 
32950 3542 3547 
33000 3542 3546 
33050 3534 3538 
33100 3527 3528 
33150 3540 3539 
33200 3549 3547 
33250 3549 3553 
33300 3541 3541 
33350 3547 3544 
33400 3547 3543 
33450 3554 3549 
33500 3539 3546 
33550 3552 3544 
33600 3567 3560 
33650 3548 3547 
33700 3564 3555 
33750 3548 3538 
33800 3542 3539 
33850 3539 3538 
33900 3545 3548 
33950 3543 3538 
34000 3541 3546 
34050 3521 3521 
34100 3560 3557 
34150 3542 3548 
34200 3545 3551 
34250 3542 3542 
34300 3545 3544 
34350 3563 3560 
34400 3552 3551 
34450 3540 3540 
34500 3564 3567 
34550 3548 3550 
34600 3552 3548 
34650 3561 3551 
34700 3554 3550 
34750 3536 3534 
34800 3551 3546 
34850 3535 3532 
34900 3559 3564 
34950 3549 3551 
35000 3529 3528 
35050 3552 3552 
35100 3557 3556 
35150 3554 3548 
35200 3528 3532 
35250 3537 3534 
35300 3531 3524 
35350 3531 3530 
35400 3565 3560 
35450 3544 3540 
35500 3549 3552 
35550 3548 3550 
35600 3542 3546 
35650 3532 3538 
35700 3542 3546 
35750 3550 3546 
35800 3561 3557 
35850 3554 3549 
35900 3540 3540 
35950 3534 3530 
36000 3547 3541 
36050 3553 3545 
36100 3545 3543 
36150 3539 3538 
36200 3533 3534 
36250 3542 3543 
36300 3559 3550 
36350 3546 3543 
36400 3535 3539 
36450 3551 3546 
36500 3531 3527 
36550 3542 3538 
36600 3541 3538 
36650 3542 3542 
36700 3531 3530 
36750 3543 3540 
36800 3531 3534 
36850 3528 3529 
36900 3545 3548 
36950 3539 3537 
37000 3542 3537 
37050 3550 3548 
37100 3541 3536 
37150 3540 3532 
37200 3544 3540 
37250 3552 3551 
37300 3549 3547 
37350 3549 3553 
37400 3538 3538 
37450 3555 3555 
37500 3544 3542 
37550 3557 3546 
37600 3555 3554 
37650 3554 3554 
37700 3541 3539 
37750 3540 3542 
37800 3543 3550 
37850 3547 3552 
37900 3537 3538 
37950 3559 3557 
38000 3555 3558 
38050 3551 3551 
38100 3542 3550 
38150 3539 3534 
38200 3563 3558 
38250 3561 3557 
38300 3545 3549 
38350 3538 3537 
38400 3542 3543 
38450 3539 3535 
38500 3532 3521 
38550 3550 3545 
38600 3551 3549 
38650 3548 3549 
38700 3540 3549 
38750 3553 3554 
38800 3557 3560 
38850 3554 3548 
38900 3538 3531 
38950 3538 3542 
39000 3553 3548 
39050 3545 3537 
39100 3551 3543 
39150 3564 3561 
39200 3545 3549 
39250 3540 3539 
39300 3554 3556 
39350 3549 3549 
39400 3538 3536 
39450 3561 3560 
39500 3573 3571 
39550 3558 3560 
39600 3536 3539 
39650 3541 3547 
39700 3557 3556 
39750 3566 3565 
39800 3556 3559 
39850 3540 3545 
39900 3556 3565 
39950 3542 3541 
40000 3550 3546 
40050 3544 3544 
40100 3542 3534 
40150 3557 3553 
40200 3545 3545 
40250 3542 3541 
40300 3564 3563 
40350 3555 3549 
40400 3538 3536 
40450 3549 3550 
40500 3557 3556 
40550 3565 3563 
40600 3556 3554 
40650 3543 3543 
40700 3568 3567 
40750 3555 3550 
40800 3548 3547 
40850 3557 3555 
40900 3554 3553 
40950 3551 3548 
41000 3553 3555 
41050 3559 3556 
41100 3576 3566 
41150 3557 3556 
41200 3545 3547 
41250 3539 3535 
41300 3550 3546 
41350 3552 3549 
41400 3552 3550 
41450 3548 3545 
41500 3550 3547 
41550 3548 3547 
41600 3553 3547 
41650 3558 3550 
41700 3546 3543 
41750 3562 3557 
41800 3563 3561 
41850 3547 3541 
41900 3562 3561 
41950 3556 3553 
42000 3561 3559 
42050 3546 3547 
42100 3557 3554 
42150 3559 3560 
42200 3554 3551 
42250 3536 3534 
42300 3551 3554 
42350 3548 3544 
42400 3558 3552 
42450 3562 3560 
42500 3544 3545 
42550 3550 3554 
42600 3567 3563 
42650 3556 3553 
42700 3547 3549 
42750 3552 3553 
42800 3540 3539 
42850 3532 3532 
42900 3538 3544 
42950 3551 3551 
43000 3555 3559 
43050 3560 3557 
43100 3540 3541 
43150 3562 3559 
43200 3559 3556 
43250 3550 3548 
43300 3543 3554 
43350 3547 3542 
43400 3536 3540 
43450 3548 3554 
43500 3549 3548 
43550 3555 3552 
43600 3565 3567 
43650 3550 3554 
43700 3553 3551 
43750 3553 3552 
43800 3559 3554 
43850 3542 3536 
43900 3550 3549 
43950 3552 3559 
44000 3556 3553 
44050 3545 3544 
44100 3549 3549 
44150 3537 3536 
44200 3552 3553 
44250 3550 3550 
44300 3541 3543 
44350 3560 3562 
44400 3553 3550 
44450 3547 3542 
44500 3555 3551 
44550 3539 3539 
44600 3558 3557 
44650 3549 3548 
44700 3552 3553 
44750 3560 3556 
44800 3546 3544 
44850 3540 3545 
44900 3541 3535 
44950 3554 3557 
45000 3564 3564 
45050 3552 3550 
45100 3560 3556 
45150 3539 3536 
45200 3564 3561 
45250 3550 3555 
45300 3552 3547 
45350 3562 3558 
45400 3543 3544 
45450 3544 3544 
45500 3548 3550 
45550 3541 3549 
45600 3541 3542 
45650 3541 3538 
45700 3537 3540 
45750 3540 3542 
45800 3546 3550 
45850 3540 3548 
45900 3553 3555 
45950 3561 3558 
46000 3568 3566 
46050 3558 3559 
46100 3558 3563 
46150 3554 3554 
46200 3546 3550 
46250 3539 3546 
46300 3546 3549 
46350 3545 3549 
46400 3565 3557 
46450 3557 3545 
46500 3541 3543 
46550 3559 3561 
46600 3554 3560 
46650 3550 3550 
46700 3546 3538 
46750 3551 3555 
46800 3564 3567 
46850 3556 3568 
46900 3562 3564 
46950 3539 3541 
47000 3542 3542 
47050 3554 3551 
47100 3547 3552 
47150 3532 3536 
47200 3550 3557 
47250 3549 3550 
47300 3543 3548 
47350 3553 3547 
47400 3556 3551 
47450 3551 3546 
47500 3555 3556 
47550 3544 3543 
47600 3545 3555 
47650 3546 3547 
47700 3568 3561 
47750 3562 3556 
47800 3546 3548 
47850 3554 3555 
47900 3561 3562 
47950 3552 3560 
48000 3547 3546 
48050 3557 3557 
48100 3552 3554 
48150 3564 3562 
48200 3552 3559 
48250 3551 3550 
48300 3539 3544 
48350 3548 3553 
48400 3557 3555 
48450 3572 3576 
48500 3557 3564 
48550 3541 3548 
48600 3552 3551 
48650 3559 3558 
48700 3546 3550 
48750 3563 3562 
48800 3542 3545 
48850 3545 3532 
48900 3537 3541 
48950 3546 3550 
49000 3556 3561 
49050 3542 3541 
49100 3532 3531 
49150 3564 3561 
49200 3551 3546 
49250 3551 3544 
49300 3550 3548 
49350 3539 3544 
49400 3544 3544 
49450 3555 3552 
49500 3547 3545 
49550 3541 3539 
49600 3547 3556 
49650 3541 3542 
49700 3545 3539 
49750 3546 3543 
49800 3544 3551 
49850 3543 3546 
49900 3561 3559 
49950 3546 3550 
50000 3545 3545 
50050 3542 3540 
50100 3556 3549 
50150 3551 3548 
50200 3549 3548 
50250 3538 3546 
50300 3533 3542 
50350 3533 3535 
50400 3552 3550 
50450 3541 3545 
50500 3545 3555 
50550 3549 3555 
50600 3540 3540 
50650 3561 3557 
50700 3566 3567 
50750 3550 3547 
50800 3554 3549 
50850 3539 3546 
50900 3555 3550 
50950 3551 3551 
51000 3528 3533 
51050 3536 3530 
51100 3556 3551 
51150 3551 3551 
51200 3552 3550 
51250 3549 3556 
51300 3551 3559 
51350 3553 3549 
51400 3547 3552 
51450 3550 3551 
51500 3551 3551 
51550 3544 3541 
51600 3543 3540 
51650 3547 3548 
51700 3524 3522 
51750 3544 3545 
51800 3549 3546 
51850 3556 3562 
51900 3541 3534 
51950 3545 3543 
52000 3550 3556 
52050 3548 3549 
52100 3551 3553 
52150 3546 3552 
52200 3545 3549 
52250 3565 3561 
52300 3535 3533 
52350 3538 3542 
52400 3563 3563 
52450 3549 3556 
52500 3542 3549 
52550 3550 3551 
52600 3553 3554 
52650 3555 3557 
52700 3554 3551 
52750 3547 3551 
52800 3542 3536 
52850 3534 3534 
52900 3555 3551 
52950 3552 3551 
53000 3545 3539 
53050 3554 3558 
53100 3545 3551 
53150 3546 3552 
53200 3537 3542 
53250 3547 3549 
53300 3555 3557 
53350 3550 3553 
53400 3528 3537 
53450 3556 3560 
53500 3548 3551 
53550 3544 3550 
53600 3535 3541 
53650 3536 3544 
53700 3556 3547 
53750 3554 3559 
53800 3556 3562 
53850 3542 3539 
53900 3541 3539 
53950 3552 3552 
54000 3552 3558 
54050 3546 3551 
54100 3543 3543 
54150 3543 3546 
54200 3554 3545 
54250 3555 3557 
54300 3526 3529 
54350 3546 3550 
54400 3541 3537 
54450 3554 3551 
54500 3541 3545 
54550 3547 3555 
54600 3550 3553 
54650 3548 3542 
54700 3539 3545 
54750 3564 3567 
54800 3537 3540 
54850 3534 3546 
54900 3554 3549 
54950 3550 3543 
55000 3534 3538 
55050 3542 3540 
55100 3537 3529 
55150 3534 3538 
55200 3555 3559 
55250 3546 3545 
55300 3542 3537 
55350 3548 3548 
55400 3552 3561 
55450 3534 3536 
55500 3531 3542 
55550 3558 3563 
55600 3537 3534 
55650 3546 3547 
55700 3558 3566 
55750 3559 3564 
55800 3547 3548 
55850 3551 3550 
55900 3562 3557 
55950 3554 3551 
56000 3560 3561 
56050 3533 3537 
56100 3545 3555 
56150 3564 3567 
56200 3541 3537 
56250 3546 3552 
56300 3537 3539 
56350 3540 3546 
56400 3561 3561 
56450 3560 3558 
56500 3558 3559 
56550 3548 3544 
56600 3547 3546 
56650 3543 3544 
56700 3538 3532 
56750 3535 3538 
56800 3551 3557 
56850 3557 3552 
56900 3555 3555 
56950 3555 3563 
57000 3544 3547 
57050 3548 3550 
57100 3547 3543 
57150 3547 3556 
57200 3534 3541 
57250 3563 3561 
57300 3544 3550 
57350 3557 3563 
57400 3539 3538 
57450 3546 3552 
57500 3563 3564 
57550 3564 3566 
57600 3539 3539 
57650 3540 3543 
57700 3552 3562 
57750 3558 3565 
57800 3537 3546 
57850 3555 3560 
57900 3551 3549 
57950 3557 3563 
58000 3559 3555 
58050 3548 3553 
58100 3539 3540 
58150 3558 3560 
58200 3564 3564 
58250 3549 3554 
58300 3541 3544 
58350 3535 3541 
58400 3535 3545 
58450 3547 3552 
58500 3555 3560 
58550 3543 3546 
58600 3548 3548 
58650 3543 3546 
58700 3551 3547 
58750 3529 3532 
58800 3542 3546 
58850 3541 3538 
58900 3542 3549 
58950 3545 3551 
59000 3561 3567 
59050 3560 3565 
59100 3553 3555 
59150 3552 3552 
59200 3554 3555 
59250 3555 3562 
59300 3553 3541 
59350 3547 3552 
59400 3548 3559 
59450 3554 3552 
59500 3548 3556 
59550 3545 3555 
59600 3551 3549 
59650 3542 3540 
59700 3532 3539 
59750 3542 3552 
59800 3539 3544 
59850 3547 3542 
59900 3543 3545 
59950 3547 3545 
60000 3551 3554 
60050 3557 3553 
60100 3560 3556 
60150 3547 3549 
60200 3547 3545 
60250 3534 3535 
60300 3531 3530 
60350 3553 3553 
60400 3554 3560 
60450 3529 3531 
60500 3546 3553 
60550 3532 3535 
60600 3552 3553 
60650 3535 3534 
60700 3546 3546 
60750 3555 3561 
60800 3535 3532 
60850 3539 3545 
60900 3556 3556 
60950 3571 3569 
61000 3548 3550 
61050 3546 3550 
61100 3539 3547 
61150 3553 3555 
61200 3552 3550 
61250 3556 3565 
61300 3563 3563 
61350 3544 3543 
61400 3543 3553 
61450 3556 3563 
61500 3552 3552 
61550 3539 3539 
61600 3544 3552 
61650 3540 3544 
61700 3536 3535 
61750 3560 3554 
61800 3564 3563 
61850 3562 3566 
61900 3554 3560 
61950 3532 3541 
62000 3535 3543 
62050 3564 3560 
62100 3557 3552 
62150 3546 3541 
62200 3548 3543 
62250 3545 3555 
62300 3561 3565 
62350 3533 3542 
62400 3530 3532 
62450 3533 3544 
62500 3559 3559 
62550 3547 3553 
62600 3553 3556 
62650 3536 3538 
62700 3545 3546 
62750 3557 3556 
62800 3539 3542 
62850 3558 3556 
62900 3545 3552 
62950 3544 3543 
63000 3545 3546 
63050 3555 3559 
63100 3533 3542 
63150 3542 3550 
63200 3537 3540 
63250 3552 3551 
63300 3559 3558 
63350 3538 3552 
63400 3552 3555 
63450 3541 3544 
63500 3551 3551 
63550 3532 3535 
63600 3542 3542 
63650 3543 3545 
63700 3544 3550 
63750 3562 3562 
63800 3543 3548 
63850 3555 3557 
63900 3563 3560 
63950 3561 3558 
64000 3558 3555 
64050 3548 3548 
64100 3559 3560 
64150 3557 3563 
64200 3543 3550 
64250 3533 3542 
64300 3526 3537 
64350 3547 3548 
64400 3544 3548 
64450 3525 3533 
64500 3561 3556 
64550 3541 3552 
64600 3550 3558 
64650 3551 3555 
64700 3539 3544 
64750 3529 3545 
64800 3551 3555 
64850 3546 3550 
64900 3558 3547 
64950 3551 3546 
65000 3549 3551 
65050 3530 3529 
65100 3558 3560 
65150 3549 3556 
65200 3525 3532 
65250 3552 3556 
65300 3538 3551 
65350 3550 3557 
65400 3529 3536 
65450 3538 3543 
65500 3554 3560 
65550 3560 3561 
65600 3550 3554 
65650 3548 3550 
65700 3535 3545 
65750 3553 3554 
65800 3554 3555 
65850 3541 3543 
65900 3545 3552 
65950 3542 3552 
66000 3555 3558 
66050 3545 3544 
66100 3544 3547 
66150 3545 3551 
66200 3554 3554 
66250 3535 3538 
66300 3555 3556 
66350 3550 3559 
66400 3537 3539 
66450 3544 3547 
66500 3564 3565 
66550 3562 3558 
66600 3544 3548 
66650 3526 3536 
66700 3544 3552 
66750 3550 3548 
66800 3543 3547 
66850 3544 3551 
66900 3529 3547 
66950 3540 3547 
67000 3546 3548 
67050 3546 3555 
67100 3546 3551 
67150 3549 3555 
67200 3543 3547 
67250 3542 3546 
67300 3544 3549 
67350 3537 3544 
67400 3553 3554 
67450 3524 3542 
67500 3550 3549 
67550 3542 3549 
67600 3553 3561 
67650 3558 3561 
67700 3537 3547 
67750 3549 3550 
67800 3557 3558 
67850 3544 3546 
67900 3548 3551 
67950 3547 3544 
68000 3546 3547 
68050 3538 3543 
68100 3547 3557 
68150 3539 3546 
68200 3558 3569 
68250 3548 3558 
68300 3546 3548 
68350 3541 3550 
68400 3550 3565 
68450 3546 3564 
68500 3530 3536 
68550 3537 3541 
68600 3550 3554 
68650 3533 3545 
68700 3545 3547 
68750 3530 3535 
68800 3533 3535 
68850 3545 3551 
68900 3549 3549 
68950 3557 3558 
69000 3522 3530 
69050 3546 3543 
69100 3551 3556 
69150 3550 3553 
69200 3540 3548 
69250 3545 3558 
69300 3557 3558 
69350 3532 3540 
69400 3528 3529 
69450 3540 3549 
69500 3552 3554 
69550 3540 3542 
69600 3548 3549 
69650 3548 3557 
69700 3539 3555 
69750 3535 3544 
69800 3551 3552 
69850 3546 3554 
69900 3540 3548 
69950 3532 3543 
70000 3548 3557 
70050 3554 3554 
70100 3530 3540 
70150 3543 3548 
70200 3552 3551 
70250 3553 3554 
70300 3532 3533 
70350 3538 3550 
70400 3545 3550 
70450 3543 3546 
70500 3552 3553 
70550 3547 3551 
70600 3538 3536 
70650 3550 3555 
70700 3545 3552 
70750 3547 3547 
70800 3544 3547 
70850 3555 3558 
70900 3542 3545 
70950 3535 3543 
71000 3547 3551 
71050 3547 3552 
71100 3554 3550 
71150 3539 3549 
71200 3546 3553 
71250 3561 3566 
71300 3539 3533 
71350 3543 3550 
71400 3545 3557 
71450 3536 3543 
71500 3525 3529 
71550 3558 3569 
71600 3559 3563 
71650 3557 3565 
71700 3560 3558 
71750 3548 3553 
71800 3558 3568 
71850 3562 3565 
71900 3543 3544 
71950 3526 3532 
72000 3535 3539 
72050 3552 3550 
72100 3543 3543 
72150 3546 3547 
72200 3531 3536 
72250 3552 3563 
72300 3542 3540 
72350 3549 3558 
72400 3546 3549 
72450 3546 3555 
72500 3540 3550 
72550 3527 3533 
72600 3556 3554 
72650 3544 3548 
72700 3545 3545 
72750 3547 3552 
72800 3539 3541 
72850 3528 3535 
72900 3517 3535 
72950 3550 3553 
73000 3536 3545 
73050 3540 3537 
73100 3548 3550 
73150 3540 3537 
73200 3533 3538 
73250 3536 3550 
73300 3552 3553 
73350 3550 3553 
73400 3531 3551 
73450 3545 3559 
73500 3542 3550 
73550 3542 3551 
73600 3541 3541 
73650 3549 3552 
73700 3528 3535 
73750 3520 3522 
73800 3548 3552 
73850 3557 3557 
73900 3548 3552 
73950 3539 3538 
74000 3547 3544 
74050 3552 3556 
74100 3543 3550 
74150 3552 3559 
74200 3540 3541 
74250 3545 3548 
74300 3526 3539 
74350 3538 3541 
74400 3540 3549 
74450 3562 3560 
74500 3541 3543 
74550 3543 3547 
74600 3541 3558 
74650 3520 3531 
74700 3552 3556 
74750 3540 3546 
74800 3538 3553 
74850 3557 3560 
74900 3552 3561 
74950 3534 3542 
75000 3542 3553 
75050 3536 3549 
75100 3531 3542 
75150 3540 3549 
75200 3554 3557 
75250 3530 3540 
75300 3550 3561 
75350 3539 3542 
75400 3536 3551 
75450 3531 3539 
75500 3530 3546 
75550 3555 3564 
75600 3544 3559 
75650 3551 3553 
75700 3538 3543 
75750 3528 3534 
75800 3542 3553 
75850 3554 3560 
75900 3545 3555 
75950 3552 3564 
76000 3537 3549 
76050 3534 3548 
76100 3522 3532 
76150 3544 3548 
76200 3549 3547 
76250 3539 3541 
76300 3547 3555 
76350 3539 3542 
76400 3534 3548 
76450 3538 3544 
76500 3532 3543 
76550 3546 3549 
76600 3546 3551 
76650 3535 3543 
76700 3538 3542 
76750 3556 3556 
76800 3546 3546 
76850 3546 3556 
76900 3544 3543 
76950 3542 3555 
77000 3541 3554 
77050 3542 3545 
77100 3535 3543 
77150 3553 3553 
77200 3529 3538 
77250 3545 3553 
77300 3530 3539 
77350 3539 3550 
77400 3541 3553 
77450 3538 3545 
77500 3549 3562 
77550 3547 3550 
77600 3539 3553 
77650 3551 3556 
77700 3551 3559 
77750 3544 3551 
77800 3542 3556 
77850 3547 3556 
77900 3549 3557 
77950 3541 3545 
78000 3547 3551 
78050 3532 3535 
78100 3548 3553 
78150 3553 3554 
78200 3549 3557 
78250 3547 3549 
78300 3548 3550 
78350 3545 3558 
78400 3545 3552 
78450 3550 3552 
78500 3544 3544 
78550 3542 3545 
78600 3538 3547 
78650 3559 3562 
78700 3543 3546 
78750 3542 3551 
78800 3528 3533 
78850 3535 3542 
78900 3553 3565 
78950 3528 3542 
79000 3556 3559 
79050 3544 3552 
79100 3528 3539 
79150 3530 3554 
79200 3551 3557 
79250 3543 3548 
79300 3536 3545 
79350 3545 3555 
79400 3535 3545 
79450 3534 3541 
79500 3533 3536 
79550 3523 3534 
79600 3530 3547 
79650 3529 3540 
79700 3564 3568 
79750 3548 3560 
79800 3545 3555 
79850 3552 3556 
79900 3551 3561 
79950 3549 3554 
80000 3522 3541 
80050 3546 3553 
80100 3541 3551 
80150 3549 3561 
80200 3554 3562 
80250 3543 3557 
80300 3548 3554 
80350 3546 3558 
80400 3558 3563 
80450 3538 3544 
80500 3552 3560 
80550 3549 3562 
80600 3534 3546 
80650 3544 3556 
80700 3530 3542 
80750 3541 3539 
80800 3548 3555 
80850 3545 3551 
80900 3529 3538 
80950 3551 3556 
81000 3540 3549 
81050 3533 3538 
81100 3555 3554 
81150 3551 3560 
81200 3550 3562 
81250 3552 3558 
81300 3538 3542 
81350 3530 3541 
81400 3557 3560 
81450 3545 3554 
81500 3539 3550 
81550 3544 3546 
81600 3555 3559 
81650 3534 3554 
81700 3546 3551 
81750 3546 3555 
81800 3547 3550 
81850 3554 3564 
81900 3534 3545 
81950 3523 3541 
82000 3536 3544 
82050 3551 3562 
82100 3556 3568 
82150 3533 3539 
82200 3554 3557 
82250 3540 3543 
82300 3544 3546 
82350 3555 3557 
82400 3557 3566 
82450 3533 3546 
82500 3546 3549 
82550 3540 3545 
82600 3544 3546 
82650 3535 3550 
82700 3551 3557 
82750 3544 3544 
82800 3529 3539 
82850 3545 3551 
82900 3544 3554 
82950 3553 3553 
83000 3538 3547 
83050 3540 3561 
83100 3537 3547 
83150 3525 3534 
83200 3543 3549 
83250 3542 3549 
83300 3539 3546 
83350 3542 3547 
83400 3546 3550 
83450 3539 3538 
83500 3554 3565 
83550 3552 3559 
83600 3532 3537 
83650 3548 3565 
83700 3548 3553 
83750 3545 3556 
83800 3544 3554 
83850 3552 3556 
83900 3531 3539 
83950 3542 3550 
84000 3541 3551 
84050 3553 3568 
84100 3534 3542 
84150 3552 3555 
84200 3539 3545 
84250 3547 3556 
84300 3546 3551 
84350 3551 3549 
84400 3546 3553 
84450 3542 3543 
84500 3543 3543 
84550 3553 3555 
84600 3547 3568 
84650 3551 3549 
84700 3532 3532 
84750 3561 3564 
84800 3555 3564 
84850 3541 3540 
84900 3559 3558 
84950 3558 3556 
85000 3547 3561 
85050 3539 3545 
85100 3546 3550 
85150 3534 3542 
85200 3549 3563 
85250 3541 3546 
85300 3543 3550 
85350 3537 3551 
85400 3551 3559 
85450 3535 3554 
85500 3513 3526 
85550 3538 3544 
85600 3549 3561 
85650 3542 3548 
85700 3545 3554 
85750 3529 3548 
85800 3548 3549 
85850 3547 3558 
85900 3538 3545 
85950 3525 3536 
86000 3544 3554 
86050 3544 3549 
86100 3555 3558 
86150 3538 3546 
86200 3527 3536 
86250 3560 3561 
86300 3557 3560 
86350 3536 3547 
86400 3537 3549 
86450 3545 3549 
86500 3550 3557 
86550 3549 3556 
86600 3543 3557 
86650 3555 3554 
86700 3569 3576 
86750 3535 3538 
86800 3556 3557 
86850 3544 3553 
86900 3542 3548 
86950 3550 3548 
87000 3548 3550 
87050 3549 3551 
87100 3533 3537 
87150 3547 3557 
87200 3541 3547 
87250 3547 3553 
87300 3546 3556 
87350 3529 3539 
87400 3535 3558 
87450 3551 3555 
87500 3542 3549 
87550 3541 3553 
87600 3549 3549 
87650 3519 3532 
87700 3537 3548 
87750 3548 3557 
87800 3556 3555 
87850 3545 3546 
87900 3535 3538 
87950 3546 3556 
88000 3545 3555 
88050 3538 3538 
88100 3537 3555 
88150 3540 3546 
88200 3543 3544 
88250 3552 3553 
88300 3559 3559 
88350 3543 3548 
88400 3539 3547 
88450 3542 3552 
88500 3537 3549 
88550 3538 3540 
88600 3548 3551 
88650 3548 3562 
88700 3552 3563 
88750 3527 3545 
88800 3527 3533 
88850 3524 3527 
88900 3531 3539 
88950 3552 3554 
89000 3547 3551 
89050 3545 3550 
89100 3533 3543 
89150 3537 3550 
89200 3550 3555 
89250 3537 3541 
89300 3546 3552 
89350 3545 3548 
89400 3532 3541 
89450 3557 3571 
89500 3542 3549 
89550 3539 3552 
89600 3540 3541 
89650 3550 3554 
89700 3544 3549 
89750 3538 3545 
89800 3550 3552 
89850 3556 3567 
89900 3552 3555 
89950 3556 3557 
90000 3550 3551 
90050 3542 3539 
90100 3542 3543 
90150 3523 3528 
90200 3540 3558 
90250 3529 3535 
90300 3542 3553 
90350 3554 3557 
90400 3563 3567 
90450 3539 3540 
90500 3559 3559 
90550 3548 3553 
90600 3549 3548 
90650 3565 3565 
90700 3536 3549 
90750 3535 3538 
90800 3542 3547 
90850 3560 3565 
90900 3551 3556 
90950 3560 3566 
91000 3550 3558 
91050 3559 3560 
91100 3543 3549 
91150 3551 3551 
91200 3549 3553 
91250 3554 3565 
91300 3544 3542 
91350 3529 3535 
91400 3551 3555 
91450 3532 3536 
91500 3550 3554 
91550 3533 3550 
91600 3526 3531 
91650 3552 3552 
91700 3555 3562 
91750 3540 3549 
91800 3548 3549 
91850 3547 3556 
91900 3542 3548 
91950 3554 3556 
92000 3542 3544 
92050 3553 3557 
92100 3545 3558 
92150 3550 3550 
92200 3549 3550 
92250 3548 3567 
92300 3556 3554 
92350 3542 3551 
92400 3536 3554 
92450 3548 3557 
92500 3547 3550 
92550 3550 3560 
92600 3565 3562 
92650 3563 3570 
92700 3546 3558 
92750 3553 3551 
92800 3545 3553 
92850 3553 3565 
92900 3544 3554 
92950 3545 3552 
93000 3545 3548 
93050 3536 3551 
93100 3546 3558 
93150 3552 3557 
93200 3548 3556 
93250 3550 3554 
93300 3543 3547 
93350 3547 3554 
93400 3545 3550 
93450 3535 3541 
93500 3561 3563 
93550 3554 3553 
93600 3535 3542 
93650 3542 3549 
93700 3542 3549 
93750 3538 3536 
93800 3552 3557 
93850 3544 3552 
93900 3538 3553 
93950 3542 3555 
94000 3535 3544 
94050 3537 3547 
94100 3559 3559 
94150 3545 3552 
94200 3546 3551 
94250 3552 3559 
94300 3551 3558 
94350 3544 3559 
94400 3552 3551 
94450 3548 3556 
94500 3550 3551 
94550 3546 3555 
94600 3544 3547 
94650 3547 3553 
94700 3562 3568 
94750 3528 3539 
94800 3537 3544 
94850 3543 3551 
94900 3551 3550 
94950 3539 3553 
95000 3564 3564 
95050 3539 3557 
95100 3532 3545 
95150 3556 3557 
95200 3546 3546 
95250 3544 3559 
95300 3536 3552 
95350 3557 3567 
95400 3552 3552 
95450 3541 3544 
95500 3537 3540 
95550 3544 3548 
95600 3563 3565 
95650 3529 3529 
95700 3535 3555 
95750 3533 3546 
95800 3537 3543 
95850 3537 3545 
95900 3567 3569 
95950 3550 3553 
96000 3551 3551 
96050 3542 3548 
96100 3548 3557 
96150 3541 3551 
96200 3552 3552 
96250 3534 3536 
96300 3555 3558 
96350 3549 3559 
96400 3529 3542 
96450 3549 3554 
96500 3535 3539 
96550 3538 3553 
96600 3556 3558 
96650 3516 3529 
96700 3524 3543 
96750 3535 3548 
96800 3538 3545 
96850 3544 3552 
96900 3545 3550 
96950 3556 3545 
97000 3563 3567 
97050 3550 3563 
97100 3542 3555 
97150 3535 3544 
97200 3539 3547 
97250 3540 3547 
97300 3546 3549 
97350 3530 3536 
97400 3529 3533 
97450 3536 3540 
97500 3530 3540 
97550 3522 3548 
97600 3557 3566 
97650 3536 3553 
97700 3552 3560 
97750 3542 3546 
97800 3524 3528 
97850 3545 3556 
97900 3547 3553 
97950 3542 3556 
98000 3551 3557 
98050 3543 3551 
98100 3557 3559 
98150 3551 3548 
98200 3546 3561 
98250 3539 3551 
98300 3538 3550 
98350 3538 3543 
98400 3550 3557 
98450 3540 3553 
98500 3555 3562 
98550 3547 3558 
98600 3551 3554 
98650 3546 3549 
98700 3546 3552 
98750 3553 3558 
98800 3548 3555 
98850 3537 3544 
98900 3558 3566 
98950 3538 3555 
99000 3539 3539 
99050 3545 3551 
99100 3541 3550 
99150 3551 3559 
99200 3546 3555 
99250 3531 3536 
99300 3545 3553 
99350 3543 3544 
99400 3537 3535 
99450 3545 3556 
99500 3538 3541 
99550 3547 3549 
99600 3550 3562 
99650 3536 3551 
99700 3534 3546 
99750 3533 3550 
99800 3543 3562 
99850 3538 3555 
99900 3534 3547 
99950 3548 3558 
100000 3547 3545 
100050 3540 3548 
100100 3534 3541 
100150 3522 3535 
100200 3542 3550 
100250 3543 3555 
100300 3536 3536 
100350 3550 3561 
100400 3552 3561 
100450 3551 3555 
100500 3547 3547 
100550 3551 3560 
100600 3539 3544 
100650 3525 3540 
100700 3528 3542 
100750 3540 3542 
100800 3557 3558 
100850 3524 3545 
100900 3551 3558 
100950 3536 3545 
101000 3553 3556 
101050 3537 3543 
101100 3529 3542 
101150 3538 3550 
101200 3533 3543 
101250 3541 3549 
101300 3537 3545 
101350 3549 3560 
101400 3557 3562 
101450 3539 3541 
101500 3543 3545 
101550 3536 3545 
101600 3522 3533 
101650 3527 3541 
101700 3546 3560 
101750 3540 3548 
101800 3546 3551 
101850 3533 3548 
101900 3551 3563 
101950 3537 3540 
102000 3545 3542 
102050 3554 3568 
102100 3535 3536 
102150 3535 3546 
102200 3542 3545 
102250 3553 3558 
102300 3546 3550 
102350 3562 3568 
102400 3546 3548 
102450 3539 3542 
102500 3545 3553 
102550 3542 3557 
102600 3527 3540 
102650 3538 3550 
102700 3540 3544 
102750 3551 3557 
102800 3534 3550 
102850 3545 3554 
102900 3552 3556 
102950 3542 3556 
103000 3543 3553 
103050 3561 3562 
103100 3547 3554 
103150 3547 3551 
103200 3547 3559 
103250 3546 3561 
103300 3554 3562 
103350 3546 3549 
103400 3544 3555 
103450 3547 3557 
103500 3531 3542 
103550 3552 3560 
103600 3529 3543 
103650 3542 3556 
103700 3544 3561 
103750 3534 3551 
103800 3541 3550 
103850 3542 3541 
103900 3520 3523 
103950 3543 3557 
104000 3571 3572 
104050 3550 3556 
104100 3537 3549 
104150 3549 3555 
104200 3524 3539 
104250 3544 3553 
104300 3536 3538 
104350 3541 3555 
104400 3538 3541 
104450 3531 3540 
104500 3543 3551 
104550 3538 3549 
104600 3535 3539 
104650 3537 3548 
104700 3540 3545 
104750 3529 3533 
104800 3538 3560 
104850 3539 3551 
104900 3550 3564 
104950 3541 3554 
105000 3532 3544 
105050 3549 3552 
105100 3535 3545 
105150 3553 3562 
105200 3539 3549 
105250 3537 3547 
105300 3556 3558 
105350 3557 3555 
105400 3553 3560 
105450 3525 3540 
105500 3544 3544 
105550 3537 3546 
105600 3538 3543 
105650 3528 3540 
105700 3543 3551 
105750 3547 3551 
105800 3540 3554 
105850 3532 3547 
105900 3547 3568 
105950 3550 3558 
106000 3541 3556 
106050 3545 3552 
106100 3545 3558 
106150 3533 3544 
106200 3531 3547 
106250 3535 3547 
106300 3535 3549 
106350 3550 3553 
106400 3534 3540 
106450 3544 3553 
106500 3548 3560 
106550 3544 3554 
106600 3546 3551 
106650 3548 3554 
106700 3538 3547 
106750 3538 3541 
106800 3543 3548 
106850 3537 3546 
106900 3540 3548 
106950 3550 3556 
107000 3543 3552 
107050 3546 3563 
107100 3528 3539 
107150 3540 3555 
107200 3528 3538 
107250 3531 3553 
107300 3528 3549 
107350 3554 3557 
107400 3540 3541 
107450 3545 3548 
107500 3544 3559 
107550 3530 3533 
107600 3552 3564 
107650 3557 3562 
107700 3546 3549 
107750 3536 3545 
107800 3522 3532 
107850 3549 3558 
107900 3553 3562 
107950 3541 3555 
108000 3553 3558 
108050 3543 3542 
108100 3559 3562 
108150 3545 3555 
108200 3539 3550 
108250 3547 3559 
108300 3549 3561 
108350 3547 3559 
108400 3550 3563 
108450 3539 3550 
108500 3552 3557 
108550 3531 3542 
108600 3531 3553 
108650 3549 3557 
108700 3550 3554 
108750 3545 3554 
108800 3535 3549 
108850 3549 3552 
108900 3549 3546 
108950 3551 3554 
109000 3545 3552 
109050 3554 3561 
109100 3542 3547 
109150 3531 3534 
109200 3543 3546 
109250 3552 3549 
109300 3534 3543 
109350 3540 3545 
109400 3562 3555 
109450 3547 3557 
109500 3551 3556 
109550 3535 3558 
109600 3536 3545 
109650 3537 3543 
109700 3530 3542 
109750 3542 3553 
109800 3550 3557 
109850 3545 3549 
109900 3537 3554 
109950 3541 3534 
110000 3550 3552 
110050 3546 3551 
110100 3550 3563 
110150 3550 3554 
110200 3537 3537 
110250 3550 3563 
110300 3542 3550 
110350 3534 3544 
110400 3536 3551 
110450 3536 3552 
110500 3541 3548 
110550 3546 3559 
110600 3549 3552 
110650 3536 3548 
110700 3542 3548 
110750 3555 3558 
110800 3551 3556 
110850 3556 3559 
110900 3534 3547 
110950 3543 3546 
111000 3531 3533 
111050 3536 3539 
111100 3557 3564 
111150 3540 3546 
111200 3539 3543 
111250 3549 3560 
111300 3544 3544 
111350 3534 3545 
111400 3557 3562 
111450 3550 3557 
111500 3532 3539 
111550 3559 3568 
111600 3550 3550 
111650 3562 3559 
111700 3539 3546 
111750 3546 3552 
111800 3551 3559 
111850 3563 3568 
111900 3540 3545 
111950 3547 3550 
112000 3552 3552 
112050 3542 3542 
112100 3556 3562 
112150 3536 3537 
112200 3544 3559 
112250 3527 3541 
112300 3538 3550 
112350 3549 3560 
112400 3549 3555 
112450 3547 3559 
112500 3549 3558 
112550 3557 3555 
112600 3544 3553 
112650 3561 3566 
112700 3543 3551 
112750 3529 3544 
112800 3542 3552 
112850 3531 3548 
112900 3536 3540 
112950 3529 3539 
113000 3541 3544 
113050 3543 3549 
113100 3552 3559 
113150 3532 3543 
113200 3547 3558 
113250 3531 3541 
113300 3526 3539 
113350 3540 3547 
113400 3534 3551 
113450 3529 3541 
113500 3555 3562 
113550 3547 3549 
113600 3539 3553 
113650 3551 3553 
113700 3560 3564 
113750 3545 3557 
113800 3550 3560 
113850 3540 3550 
113900 3550 3554 
113950 3539 3539 
114000 3544 3543 
114050 3526 3544 
114100 3546 3557 
114150 3543 3539 
114200 3524 3530 
114250 3531 3535 
114300 3552 3562 
114350 3558 3558 
114400 3535 3558 
114450 3525 3528 
114500 3547 3544 
114550 3550 3559 
114600 3545 3554 
114650 3539 3543 
114700 3542 3542 
114750 3538 3552 
114800 3538 3545 
114850 3545 3550 
114900 3556 3561 
114950 3543 3554 
115000 3526 3536 
115050 3537 3541 
115100 3542 3539 
115150 3522 3548 
115200 3543 3549 
115250 3548 3560 
115300 3547 3557 
115350 3544 3551 
115400 3535 3544 
115450 3552 3557 
115500 3547 3554 
115550 3549 3554 
115600 3535 3541 
115650 3557 3565 
115700 3557 3560 
115750 3557 3561 
115800 3546 3556 
115850 3530 3541 
115900 3539 3552 
115950 3539 3554 
116000 3537 3544 
116050 3515 3530 
116100 3564 3561 
116150 3533 3548 
116200 3551 3557 
116250 3546 3551 
116300 3555 3548 
116350 3550 3555 
116400 3564 3564 
116450 3529 3526 
116500 3533 3542 
116550 3550 3552 
116600 3552 3553 
116650 3547 3554 
116700 3541 3557 
116750 3547 3545 
116800 3542 3549 
116850 3538 3547 
116900 3544 3554 
116950 3550 3560 
117000 3536 3546 
117050 3548 3552 
117100 3547 3552 
117150 3534 3543 
117200 3536 3546 
117250 3547 3557 
117300 3551 3555 
117350 3534 3544 
117400 3533 3546 
117450 3543 3554 
117500 3547 3553 
117550 3524 3540 
117600 3531 3540 
117650 3553 3558 
117700 3543 3547 
117750 3556 3559 
117800 3538 3542 
117850 3554 3559 
117900 3543 3550 
117950 3533 3550 
118000 3552 3562 
118050 3539 3547 
118100 3535 3551 
118150 3536 3551 
118200 3529 3531 
118250 3537 3548 
118300 3547 3557 
118350 3552 3560 
118400 3555 3552 
118450 3554 3545 
118500 3549 3548 
118550 3536 3548 
118600 3539 3552 
118650 3537 3544 
118700 3544 3548 
118750 3531 3542 
118800 3557 3566 
118850 3538 3543 
118900 3556 3557 
118950 3547 3556 
119000 3538 3547 
119050 3536 3545 
119100 3547 3550 
119150 3544 3547 
119200 3537 3549 
119250 3524 3526 
119300 3541 3546 
119350 3541 3553 
119400 3535 3539 
119450 3538 3546 
119500 3551 3554 
119550 3540 3546 
119600 3535 3548 
119650 3544 3552 
119700 3559 3562 
119750 3544 3556 
119800 3559 3562 
119850 3547 3554 
119900 3541 3547 
119950 3530 3542 
120000 3537 3540 
120050 3556 3557 
120100 3541 3552 
120150 3557 3555 
120200 3540 3554 
120250 3549 3556 
120300 3547 3550 
120350 3533 3546 
120400 3534 3548 
120450 3526 3538 
120500 3526 3522 
120550 3548 3559 
120600 3550 3557 
120650 3543 3560 
120700 3532 3540 
120750 3551 3558 
120800 3560 3570 
120850 3542 3553 
120900 3546 3560 
120950 3533 3540 
121000 3557 3559 
121050 3543 3546 
121100 3539 3553 
121150 3549 3554 
121200 3542 3545 
121250 3538 3551 
121300 3540 3553 
121350 3542 3541 
121400 3538 3545 
121450 3543 3549 
121500 3535 3542 
121550 3547 3554 
121600 3541 3536 
121650 3549 3553 
121700 3529 3547 
121750 3560 3566 
121800 3548 3554 
121850 3551 3554 
121900 3532 3547 
121950 3552 3555 
122000 3554 3559 
122050 3527 3533 
122100 3544 3554 
122150 3551 3549 
122200 3554 3553 
122250 3558 3562 
122300 3545 3548 
122350 3550 3551 
122400 3546 3547 
122450 3544 3552 
122500 3547 3561 
122550 3540 3550 
122600 3526 3533 
122650 3541 3543 
122700 3539 3550 
122750 3551 3547 
122800 3520 3533 
122850 3542 3536 
122900 3554 3556 
122950 3545 3547 
123000 3558 3559 
123050 3545 3550 
123100 3538 3554 
123150 3556 3551 
123200 3551 3560 
123250 3531 3536 
123300 3545 3550 
123350 3544 3551 
123400 3532 3547 
123450 3542 3553 
123500 3555 3554 
123550 3557 3559 
123600 3524 3531 
123650 3544 3552 
123700 3553 3558 
123750 3534 3535 
123800 3543 3559 
123850 3556 3563 
123900 3542 3548 
123950 3535 3548 
124000 3530 3542 
124050 3537 3543 
124100 3551 3556 
124150 3542 3552 
124200 3561 3558 
124250 3543 3554 
124300 3550 3552 
124350 3532 3532 
124400 3536 3548 
124450 3550 3549 
124500 3549 3557 
124550 3545 3554 
124600 3534 3543 
124650 3537 3546 
124700 3543 3551 
124750 3551 3551 
124800 3561 3564 
124850 3540 3551 
124900 3541 3543 
124950 3562 3568 
125000 3544 3549 
125050 3544 3551 
125100 3551 3554 
125150 3539 3539 
125200 3553 3554 
125250 3542 3553 
125300 3525 3545 
125350 3559 3563 
125400 3530 3536 
125450 3561 3564 
125500 3550 3553 
125550 3550 3552 
125600 3543 3551 
125650 3538 3546 
125700 3523 3531 
125750 3535 3542 
125800 3543 3550 
125850 3557 3556 
125900 3550 3565 
125950 3546 3551 
126000 3551 3558 
126050 3538 3554 
126100 3533 3544 
126150 3534 3547 
126200 3532 3538 
126250 3561 3565 
126300 3557 3566 
126350 3529 3531 
126400 3554 3563 
126450 3544 3550 
126500 3551 3554 
126550 3550 3558 
126600 3549 3555 
126650 3536 3545 
126700 3543 3547 
126750 3555 3560 
126800 3559 3558 
126850 3548 3552 
126900 3557 3563 
126950 3537 3535 
127000 3541 3548 
127050 3538 3546 
127100 3547 3556 
127150 3537 3548 
127200 3530 3531 
127250 3544 3552 
127300 3558 3568 
127350 3536 3545 
127400 3543 3554 
127450 3558 3566 
127500 3532 3532 
127550 3529 3535 
127600 3537 3548 
127650 3548 3549 
127700 3528 3526 
127750 3544 3557 
127800 3537 3550 
127850 3535 3543 
127900 3539 3540 
127950 3551 3555 
128000 3559 3566 
128050 3544 3553 
128100 3551 3557 
128150 3552 3555 
128200 3542 3558 
128250 3544 3550 
128300 3545 3549 
128350 3550 3552 
128400 3550 3558 
128450 3536 3543 
128500 3525 3528 
128550 3552 3555 
128600 3539 3555 
128650 3530 3535 
128700 3545 3555 
128750 3550 3564 
128800 3554 3558 
128850 3545 3546 
128900 3543 3555 
128950 3538 3550 
129000 3544 3555 
129050 3554 3556 
129100 3540 3547 
129150 3546 3550 
129200 3543 3548 
129250 3549 3548 
129300 3531 3544 
129350 3561 3568 
129400 3541 3554 
129450 3546 3555 
129500 3541 3556 
129550 3550 3558 
129600 3558 3558 
129650 3542 3543 
129700 3544 3552 
129750 3515 3520 
129800 3548 3556 
129850 3559 3568 
129900 3554 3553 
129950 3537 3545 
130000 3536 3547 
130050 3556 3555 
130100 3532 3543 
130150 3540 3547 
130200 3537 3542 
130250 3539 3547 
130300 3542 3551 
130350 3553 3555 
130400 3552 3557 
130450 3552 3560 
130500 3551 3551 
130550 3551 3563 
130600 3553 3559 
130650 3525 3545 
130700 3533 3551 
130750 3542 3549 
130800 3550 3554 
130850 3539 3549 
130900 3531 3533 
130950 3541 3552 
131000 3547 3553 
131050 3548 3555 
131100 3551 3554 
131150 3550 3566 
131200 3537 3551 
131250 3536 3536 
131300 3536 3539 
131350 3551 3553 
131400 3544 3548 
131450 3543 3557 
131500 3546 3550 
131550 3542 3552 
131600 3547 3561 
131650 3549 3567 
131700 3557 3563 
131750 3550 3558 
131800 3536 3549 
131850 3540 3554 
131900 3532 3537 
131950 3530 3545 
132000 3541 3547 
132050 3539 3537 
132100 3545 3555 
132150 3556 3551 
132200 3547 3544 
132250 3562 3568 
132300 3556 3561 
132350 3540 3544 
132400 3533 3544 
132450 3557 3566 
132500 3552 3550 
132550 3535 3554 
132600 3537 3543 
132650 3538 3541 
132700 3540 3546 
132750 3553 3560 
132800 3528 3537 
132850 3543 3555 
132900 3552 3556 
132950 3528 3539 
133000 3543 3554 
133050 3539 3546 
133100 3546 3551 
133150 3554 3559 
133200 3545 3547 
133250 3532 3537 
133300 3528 3538 
133350 3549 3561 
133400 3559 3565 
133450 3552 3549 
133500 3533 3556 
133550 3543 3554 
133600 3536 3548 
133650 3560 3564 
133700 3549 3553 
133750 3543 3545 
133800 3552 3564 
133850 3541 3544 
133900 3548 3550 
133950 3550 3555 
134000 3548 3550 
134050 3546 3551 
134100 3547 3548 
134150 3545 3552 
134200 3540 3553 
134250 3549 3558 
134300 3545 3555 
134350 3539 3555 
134400 3553 3563 
134450 3554 3561 
134500 3543 3546 
134550 3558 3556 
134600 3548 3550 
134650 3539 3542 
134700 3543 3550 
134750 3550 3554 
134800 3539 3549 
134850 3551 3557 
134900 3543 3557 
134950 3545 3556 
135000 3543 3550 
135050 3556 3566 
135100 3554 3552 
135150 3542 3546 
135200 3538 3549 
135250 3548 3556 
135300 3550 3552 
135350 3526 3531 
135400 3541 3548 
135450 3551 3550 
135500 3545 3545 
135550 3536 3546 
135600 3544 3549 
135650 3542 3547 
135700 3540 3546 
135750 3548 3553 
135800 3535 3545 
135850 3554 3564 
135900 3548 3555 
135950 3534 3542 
136000 3550 3556 
136050 3555 3560 
136100 3554 3557 
136150 3557 3561 
136200 3566 3568 
136250 3552 3562 
136300 3533 3544 
136350 3533 3547 
136400 3551 3559 
136450 3549 3553 
136500 3537 3538 
136550 3538 3535 
136600 3552 3560 
136650 3547 3546 
136700 3539 3549 
136750 3549 3555 
136800 3547 3553 
136850 3553 3556 
136900 3561 3564 
136950 3556 3559 
137000 3544 3546 
137050 3554 3561 
137100 3543 3552 
137150 3536 3540 
137200 3545 3555 
137250 3562 3568 
137300 3542 3545 
137350 3561 3557 
137400 3538 3551 
137450 3540 3541 
137500 3550 3548 
137550 3560 3560 
137600 3537 3549 
137650 3532 3552 
137700 3538 3554 
137750 3544 3548 
137800 3545 3550 
137850 3542 3549 
137900 3556 3557 
137950 3550 3557 
138000 3531 3535 
138050 3538 3546 
138100 3528 3532 
138150 3551 3544 
138200 3537 3542 
138250 3563 3566 
138300 3549 3552 
138350 3548 3558 
138400 3547 3560 
138450 3556 3569 
138500 3553 3565 
138550 3539 3545 
138600 3528 3528 
138650 3544 3553 
138700 3537 3538 
138750 3538 3541 
138800 3544 3558 
138850 3520 3542 
138900 3541 3553 
138950 3563 3564 
139000 3547 3555 
139050 3550 3553 
139100 3521 3534 
139150 3531 3539 
139200 3540 3559 
139250 3541 3553 
139300 3543 3550 
139350 3545 3547 
139400 3533 3538 
139450 3542 3552 
139500 3543 3554 
139550 3542 3554 
139600 3548 3557 
139650 3544 3548 
139700 3534 3528 
139750 3535 3540 
139800 3542 3549 
139850 3539 3536 
139900 3554 3551 
139950 3556 3562 
140000 3543 3553 
140050 3557 3560 
140100 3545 3556 
140150 3545 3551 
140200 3521 3531 
140250 3533 3542 
140300 3525 3536 
140350 3553 3560 
140400 3543 3551 
140450 3549 3558 
140500 3552 3557 
140550 3530 3544 
140600 3541 3548 
140650 3559 3565 
140700 3555 3556 
140750 3529 3538 
140800 3548 3551 
140850 3537 3552 
140900 3551 3552 
140950 3561 3559 
141000 3542 3550 
141050 3543 3554 
141100 3547 3551 
141150 3535 3545 
141200 3564 3557 
141250 3548 3550 
141300 3553 3555 
141350 3535 3548 
141400 3550 3552 
141450 3536 3542 
141500 3544 3553 
141550 3539 3544 
141600 3552 3556 
141650 3544 3550 
141700 3548 3551 
141750 3553 3553 
141800 3549 3550 
141850 3558 3563 
141900 3531 3536 
141950 3553 3561 
142000 3528 3537 
142050 3545 3550 
142100 3537 3535 
142150 3553 3565 
142200 3549 3553 
142250 3534 3537 
142300 3535 3539 
142350 3537 3539 
142400 3544 3554 
142450 3556 3559 
142500 3534 3538 
142550 3552 3543 
142600 3556 3566 
142650 3544 3553 
142700 3562 3562 
142750 3526 3529 
142800 3543 3538 
142850 3536 3539 
142900 3550 3551 
142950 3547 3552 
143000 3550 3558 
143050 3551 3557 
143100 3554 3550 
143150 3535 3542 
143200 3553 3557 
143250 3552 3550 
143300 3546 3550 
143350 3545 3555 
143400 3536 3550 
143450 3553 3551 
143500 3532 3538 
143550 3547 3553 
143600 3548 3554 
143650 3532 3534 
143700 3538 3538 
143750 3549 3550 
143800 3547 3552 
143850 3538 3541 
143900 3544 3549 
143950 3542 3552 
144000 3560 3559 
144050 3535 3533 
144100 3548 3561 
144150 3548 3559 
144200 3549 3556 
144250 3555 3552 
144300 3550 3550 
144350 3544 3553 
144400 3546 3549 
144450 3550 3563 
144500 3547 3551 
144550 3535 3543 
144600 3554 3557 
144650 3550 3558 
144700 3535 3537 
144750 3550 3560 
144800 3566 3563 
144850 3531 3544 
144900 3557 3562 
144950 3537 3539 
145000 3532 3539 
145050 3537 3558 
145100 3556 3556 
145150 3548 3555 
145200 3540 3543 
145250 3550 3554 
145300 3549 3553 
145350 3546 3556 
145400 3550 3553 
145450 3547 3545 
145500 3548 3552 
145550 3539 3553 
145600 3545 3551 
145650 3536 3546 
145700 3540 3549 
145750 3547 3562 
145800 3540 3557 
145850 3549 3554 
145900 3546 3562 
145950 3539 3547 
146000 3535 3538 
146050 3547 3554 
146100 3563 3569 
146150 3534 3543 
146200 3537 3546 
146250 3538 3550 
146300 3538 3545 
146350 3534 3540 
146400 3548 3553 
146450 3538 3546 
146500 3537 3546 
146550 3522 3543 
146600 3536 3542 
146650 3567 3571 
146700 3535 3543 
146750 3549 3549 
146800 3546 3554 
146850 3537 3549 
146900 3552 3560 
146950 3529 3537 
147000 3538 3540 
147050 3521 3530 
147100 3540 3550 
147150 3541 3557 
147200 3527 3534 
147250 3544 3552 
147300 3527 3537 
147350 3544 3551 
147400 3552 3549 
147450 3548 3554 
147500 3525 3539 
147550 3523 3529 
147600 3537 3547 
147650 3555 3558 
147700 3540 3551 
147750 3550 3552 
147800 3543 3552 
147850 3545 3558 
147900 3529 3543 
147950 3539 3545 
148000 3557 3565 
148050 3529 3545 
148100 3546 3550 
148150 3552 3557 
148200 3548 3559 
148250 3546 3559 
148300 3535 3538 
148350 3531 3547 
148400 3535 3550 
148450 3548 3562 
148500 3540 3545 
148550 3540 3546 
148600 3531 3543 
148650 3541 3553 
148700 3544 3553 
148750 3530 3540 
148800 3522 3542 
148850 3556 3560 
148900 3530 3533 
148950 3554 3562 
149000 3529 3549 
149050 3543 3554 
149100 3535 3533 
149150 3547 3562 
149200 3529 3534 
149250 3525 3530 
149300 3544 3538 
149350 3545 3545 
149400 3551 3556 
149450 3547 3550 
149500 3544 3557 
149550 3519 3529 
149600 3557 3560 
149650 3537 3546 
149700 3553 3553 
149750 3552 3557 
149800 3544 3553 
149850 3558 3559 
149900 3531 3529 
149950 3544 3549 
150000 3553 3560 
150050 3549 3556 
150100 3515 3524 
150150 3535 3541 
150200 3544 3550 
150250 3549 3558 
150300 3542 3546 
150350 3557 3558 
150400 3556 3569 
150450 3542 3553 
150500 3551 3561 
150550 3527 3540 
150600 3561 3568 
150650 3543 3546 
150700 3546 3557 
150750 3538 3541 
150800 3543 3551 
150850 3542 3553 
150900 3561 3559 
150950 3558 3564 
151000 3533 3543 
151050 3542 3551 
151100 3555 3554 
151150 3555 3560 
151200 3544 3557 
151250 3546 3547 
151300 3540 3555 
151350 3533 3544 
151400 3532 3535 
151450 3538 3549 
151500 3517 3540 
151550 3554 3560 
151600 3540 3543 
151650 3547 3562 
151700 3538 3552 
151750 3532 3538 
151800 3530 3540 
151850 3536 3550 
151900 3542 3553 
151950 3543 3547 
152000 3552 3559 
152050 3545 3554 
152100 3525 3529 
152150 3549 3552 
152200 3526 3537 
152250 3549 3553 
152300 3549 3553 
152350 3536 3542 
152400 3555 3567 
152450 3537 3541 
152500 3550 3547 
152550 3543 3552 
152600 3536 3553 
152650 3548 3560 
152700 3541 3554 
152750 3538 3548 
152800 3546 3550 
152850 3554 3561 
152900 3537 3546 
152950 3537 3544 
153000 3545 3553 
153050 3540 3552 
153100 3560 3564 
153150 3551 3559 
153200 3533 3544 
153250 3529 3534 
153300 3555 3555 
153350 3553 3560 
153400 3550 3550 
153450 3540 3549 
153500 3542 3551 
153550 3545 3548 
153600 3543 3548 
153650 3552 3557 
153700 3548 3553 
153750 3546 3549 
153800 3543 3548 
153850 3542 3548 
153900 3549 3555 
153950 3555 3560 
154000 3543 3549 
154050 3534 3544 
154100 3540 3545 
154150 3552 3557 
154200 3557 3561 
154250 3542 3544 
154300 3546 3557 
154350 3542 3551 
154400 3544 3551 
154450 3541 3554 
154500 3553 3557 
154550 3535 3542 
154600 3540 3540 
154650 3541 3543 
154700 3544 3554 
154750 3547 3556 
154800 3544 3544 
154850 3542 3554 
154900 3530 3542 
154950 3551 3548 
155000 3543 3545 
155050 3535 3543 
155100 3551 3551 
155150 3537 3543 
155200 3557 3553 
155250 3566 3566 
155300 3536 3545 
155350 3535 3537 
155400 3534 3534 
155450 3549 3555 
155500 3543 3537 
155550 3541 3547 
155600 3543 3543 
155650 3547 3556 
155700 3555 3563 
155750 3558 3563 
155800 3548 3552 
155850 3560 3562 
155900 3546 3549 
155950 3545 3554 
156000 3538 3545 
156050 3563 3573 
156100 3560 3558 
156150 3553 3563 
156200 3543 3553 
156250 3548 3548 
156300 3529 3539 
156350 3550 3555 
156400 3559 3554 
156450 3534 3531 
156500 3526 3542 
156550 3541 3549 
156600 3546 3550 
156650 3535 3535 
156700 3556 3554 
156750 3537 3536 
156800 3551 3545 
156850 3534 3539 
156900 3542 3549 
156950 3552 3553 
157000 3546 3552 
157050 3532 3534 
157100 3551 3555 
157150 3543 3543 
157200 3546 3547 
157250 3546 3552 
157300 3538 3540 
157350 3562 3565 
157400 3533 3534 
157450 3549 3547 
157500 3548 3554 
157550 3554 3559 
157600 3559 3570 
157650 3550 3553 
157700 3551 3557 
157750 3547 3553 
157800 3570 3572 
157850 3541 3546 
157900 3546 3547 
157950 3554 3560 
158000 3541 3550 
158050 3561 3561 
158100 3556 3556 
158150 3560 3562 
158200 3556 3560 
158250 3551 3556 
158300 3545 3543 
158350 3543 3548 
158400 3547 3545 
158450 3566 3559 
158500 3549 3543 
158550 3545 3547 
158600 3542 3547 
158650 3556 3557 
158700 3554 3558 
158750 3548 3555 
158800 3533 3551 
158850 3548 3551 
158900 3534 3544 
158950 3556 3555 
159000 3550 3556 
159050 3525 3535 
159100 3530 3536 
159150 3539 3543 
159200 3556 3558 
159250 3544 3542 
159300 3558 3556 
159350 3551 3550 
159400 3533 3547 
159450 3537 3546 
159500 3539 3542 
159550 3544 3561 
159600 3552 3554 
159650 3525 3525 
159700 3550 3546 
159750 3560 3558 
159800 3546 3550 
159850 3564 3568 
159900 3540 3551 
159950 3554 3561 
160000 3535 3535 
160050 3551 3557 
160100 3564 3562 
160150 3550 3557 
160200 3534 3535 
160250 3539 3543 
160300 3541 3545 
160350 3557 3554 
160400 3553 3552 
160450 3546 3547 
160500 3549 3551 
160550 3534 3534 
160600 3538 3545 
160650 3557 3561 
160700 3552 3551 
160750 3540 3541 
160800 3543 3544 
160850 3550 3556 
160900 3548 3550 
160950 3544 3550 
161000 3561 3566 
161050 3568 3566 
161100 3556 3562 
161150 3545 3551 
161200 3541 3551 
161250 3557 3563 
161300 3538 3541 
161350 3546 3550 
161400 3559 3563 
161450 3551 3555 
161500 3560 3557 
161550 3546 3552 
161600 3543 3550 
161650 3533 3533 
161700 3552 3558 
161750 3542 3549 
161800 3555 3556 
161850 3545 3550 
161900 3547 3548 
161950 3549 3549 
162000 3543 3549 
162050 3551 3551 
162100 3549 3553 
162150 3551 3550 
162200 3547 3558 
162250 3564 3562 
162300 3546 3554 
162350 3557 3558 
162400 3550 3559 
162450 3552 3553 
162500 3534 3542 
162550 3536 3539 
162600 3544 3550 
162650 3537 3544 
162700 3543 3550 
162750 3555 3552 
162800 3560 3569 
162850 3549 3553 
162900 3547 3550 
162950 3540 3545 
163000 3542 3541 
163050 3548 3552 
163100 3542 3549 
163150 3536 3537 
163200 3547 3547 
163250 3546 3547 
163300 3547 3554 
163350 3540 3549 
163400 3544 3546 
163450 3557 3553 
163500 3531 3540 
163550 3541 3551 
163600 3550 3557 
163650 3545 3551 
163700 3556 3558 
163750 3540 3555 
163800 3551 3557 
163850 3540 3549 
163900 3534 3547 
163950 3552 3559 
164000 3539 3542 
164050 3549 3552 
164100 3546 3552 
164150 3545 3539 
164200 3533 3547 
164250 3550 3556 
164300 3570 3574 
164350 3547 3547 
164400 3544 3546 
164450 3536 3544 
164500 3544 3551 
164550 3535 3540 
164600 3539 3549 
164650 3556 3553 
164700 3538 3548 
164750 3542 3554 
164800 3544 3542 
164850 3529 3539 
164900 3544 3552 
164950 3548 3558 
165000 3530 3535 
165050 3557 3563 
165100 3564 3569 
165150 3548 3552 
165200 3552 3552 
165250 3540 3546 
165300 3532 3543 
165350 3541 3548 
165400 3549 3554 
165450 3539 3549 
165500 3544 3548 
165550 3540 3546 
165600 3560 3558 
165650 3545 3552 
165700 3553 3559 
165750 3533 3538 
165800 3554 3555 
165850 3545 3546 
165900 3545 3550 
165950 3539 3550 
166000 3550 3560 
166050 3563 3569 
166100 3532 3540 
166150 3558 3564 
166200 3547 3542 
166250 3543 3548 
166300 3548 3552 
166350 3540 3544 
166400 3544 3550 
166450 3545 3556 
166500 3547 3553 
166550 3534 3537 
166600 3560 3554 
166650 3549 3550 
166700 3545 3556 
166750 3535 3547 
166800 3537 3555 
166850 3560 3562 
166900 3538 3546 
166950 3553 3555 
167000 3541 3549 
167050 3556 3563 
167100 3560 3564 
167150 3534 3539 
167200 3548 3553 
167250 3564 3560 
167300 3553 3556 
167350 3546 3549 
167400 3551 3549 
167450 3553 3560 
167500 3550 3553 
167550 3556 3563 
167600 3534 3545 
167650 3558 3558 
167700 3549 3556 
167750 3564 3562 
167800 3552 3560 
167850 3543 3551 
167900 3534 3532 
167950 3549 3551 
168000 3557 3563 
168050 3554 3561 
168100 3543 3547 
168150 3524 3545 
168200 3538 3539 
168250 3539 3550 
168300 3534 3538 
168350 3528 3537 
168400 3540 3551 
168450 3539 3545 
168500 3545 3547 
168550 3551 3554 
168600 3517 3522 
168650 3534 3545 
168700 3555 3553 
168750 3551 3551 
168800 3527 3532 
168850 3535 3540 
168900 3559 3557 
168950 3547 3549 
169000 3550 3548 
169050 3551 3558 
169100 3533 3543 
169150 3544 3555 
169200 3548 3549 
169250 3556 3562 
169300 3552 3558 
169350 3550 3555 
169400 3548 3560 
169450 3553 3562 
169500 3548 3556 
169550 3558 3558 
169600 3536 3535 
169650 3540 3548 
169700 3549 3553 
169750 3537 3548 
169800 3543 3555 
169850 3539 3541 
169900 3544 3543 
169950 3537 3545 
170000 3556 3553 
170050 3538 3540 
170100 3532 3537 
170150 3559 3564 
170200 3540 3544 
170250 3525 3543 
170300 3559 3558 
170350 3546 3544 
170400 3535 3545 
170450 3546 3553 
170500 3547 3556 
170550 3559 3563 
170600 3550 3557 
170650 3547 3544 
170700 3552 3558 
170750 3545 3550 
170800 3533 3546 
170850 3543 3545 
170900 3547 3555 
170950 3528 3543 
171000 3529 3531 
171050 3556 3563 
171100 3545 3549 
171150 3552 3561 
171200 3549 3558 
171250 3550 3550 
171300 3537 3538 
171350 3557 3561 
171400 3525 3541 
171450 3545 3546 
171500 3540 3553 
171550 3561 3568 
171600 3553 3552 
171650 3549 3544 
171700 3541 3546 
171750 3538 3541 
171800 3529 3538 
171850 3541 3548 
171900 3540 3546 
171950 3549 3554 
172000 3537 3539 
172050 3533 3542 
172100 3543 3546 
172150 3539 3549 
172200 3524 3537 
172250 3533 3542 
172300 3530 3536 
172350 3536 3544 
172400 3552 3563 
172450 3542 3552 
172500 3551 3557 
172550 3533 3550 
172600 3546 3545 
172650 3534 3543 
172700 3553 3559 
172750 3554 3558 
172800 3553 3560 
172850 3552 3557 
172900 3550 3542 
172950 3549 3550 
173000 3558 3568 
173050 3554 3557 
173100 3550 3544 
173150 3542 3546 
173200 3549 3552 
173250 3530 3538 
173300 3518 3531 
173350 3535 3543 
173400 3549 3555 
173450 3563 3554 
173500 3538 3545 
173550 3521 3535 
173600 3541 3551 
173650 3546 3544 
173700 3548 3554 
173750 3538 3539 
173800 3547 3553 
173850 3530 3533 
173900 3543 3541 
173950 3534 3549 
174000 3557 3559 
174050 3548 3548 
174100 3541 3553 
174150 3547 3558 
174200 3545 3553 
174250 3536 3546 
174300 3563 3562 
174350 3547 3552 
174400 3543 3552 
174450 3557 3566 
174500 3545 3549 
174550 3518 3532 
174600 3548 3554 
174650 3544 3548 
174700 3538 3544 
174750 3548 3551 
174800 3551 3556 
174850 3541 3552 
174900 3522 3530 
174950 3531 3534 
175000 3528 3538 
175050 3554 3560 
175100 3558 3567 
175150 3547 3546 
175200 3535 3538 
175250 3547 3555 
175300 3542 3551 
175350 3547 3554 
175400 3546 3554 
175450 3560 3569 
175500 3551 3547 
175550 3545 3551 
175600 3539 3546 
175650 3541 3545 
175700 3539 3545 
175750 3544 3551 
175800 3533 3539 
175850 3547 3547 
175900 3555 3552 
175950 3542 3541 
176000 3546 3550 
176050 3553 3560 
176100 3555 3563 
176150 3551 3562 
176200 3535 3537 
176250 3527 3535 
176300 3549 3558 
176350 3544 3543 
176400 3549 3553 
176450 3550 3556 
176500 3538 3556 
176550 3545 3549 
176600 3534 3548 
176650 3554 3560 
176700 3548 3542 
176750 3537 3540 
176800 3545 3552 
176850 3546 3552 
176900 3542 3548 
176950 3527 3543 
177000 3549 3550 
177050 3561 3560 
177100 3544 3552 
177150 3553 3560 
177200 3547 3554 
177250 3555 3551 
177300 3554 3553 
177350 3529 3529 
177400 3541 3536 
177450 3526 3531 
177500 3549 3548 
177550 3550 3551 
177600 3548 3552 
177650 3554 3559 
177700 3544 3546 
177750 3542 3547 
177800 3547 3550 
177850 3532 3537 
177900 3549 3558 
177950 3535 3540 
178000 3544 3557 
178050 3542 3547 
178100 3537 3542 
178150 3526 3532 
178200 3528 3534 
178250 3558 3562 
178300 3558 3562 
178350 3539 3552 
178400 3541 3540 
178450 3552 3553 
178500 3543 3549 
178550 3547 3555 
178600 3567 3565 
178650 3554 3553 
178700 3552 3560 
178750 3543 3548 
178800 3541 3554 
178850 3556 3564 
178900 3531 3533 
178950 3536 3539 
179000 3538 3543 
179050 3546 3550 
179100 3542 3548 
179150 3543 3553 
179200 3544 3550 
179250 3531 3542 
179300 3541 3549 
179350 3539 3554 
179400 3542 3550 
179450 3541 3548 
179500 3551 3563 
179550 3558 3559 
179600 3539 3546 
179650 3556 3555 
179700 3529 3533 
179750 3553 3567 
179800 3556 3562 
179850 3544 3548 
179900 3549 3545 
179950 3522 3527 
180000 3549 3554 
180050 3554 3567 
180100 3528 3531 
180150 3537 3531 
180200 3548 3550 
180250 3548 3546 
180300 3541 3552 
180350 3540 3551 
180400 3551 3548 
180450 3542 3551 
180500 3550 3553 
180550 3548 3554 
180600 3566 3568 
180650 3542 3551 
180700 3550 3552 
180750 3540 3554 
180800 3564 3570 
180850 3546 3553 
180900 3546 3542 
180950 3536 3540 
181000 3541 3550 
181050 3554 3548 
181100 3546 3539 
181150 3539 3540 
181200 3550 3549 
181250 3555 3559 
181300 3549 3555 
181350 3548 3560 
181400 3556 3554 
181450 3554 3557 
181500 3552 3554 
181550 3536 3541 
181600 3553 3557 
181650 3544 3550 
181700 3537 3545 
181750 3548 3552 
181800 3539 3553 
181850 3543 3546 
181900 3555 3557 
181950 3553 3557 
182000 3544 3548 
182050 3546 3556 
182100 3540 3539 
182150 3545 3541 
182200 3550 3558 
182250 3546 3550 
182300 3543 3550 
182350 3561 3559 
182400 3534 3530 
182450 3544 3550 
182500 3565 3568 
182550 3536 3546 
182600 3547 3555 
182650 3540 3544 
182700 3520 3535 
182750 3544 3547 
182800 3542 3543 
182850 3535 3543 
182900 3522 3535 
182950 3544 3540 
183000 3559 3559 
183050 3555 3558 
183100 3521 3535 
183150 3544 3548 
183200 3547 3549 
183250 3549 3554 
183300 3542 3547 
183350 3554 3561 
183400 3547 3552 
183450 3546 3553 
183500 3550 3553 
183550 3546 3547 
183600 3550 3553 
183650 3546 3558 
183700 3546 3546 
183750 3548 3550 
183800 3542 3549 
183850 3550 3560 
183900 3540 3558 
183950 3546 3555 
184000 3530 3529 
184050 3541 3548 
184100 3543 3550 
184150 3544 3551 
184200 3553 3554 
184250 3548 3550 
184300 3552 3560 
184350 3528 3532 
184400 3529 3535 
184450 3539 3545 
184500 3525 3525 
184550 3539 3543 
184600 3552 3563 
184650 3544 3540 
184700 3546 3544 
184750 3540 3547 
184800 3533 3536 
184850 3537 3541 
184900 3546 3540 
184950 3532 3542 
185000 3542 3545 
185050 3550 3549 
185100 3548 3555 
185150 3541 3549 
185200 3553 3556 
185250 3552 3560 
185300 3543 3547 
185350 3544 3547 
185400 3534 3541 
185450 3550 3553 
185500 3544 3556 
185550 3544 3555 
185600 3529 3534 
185650 3548 3553 
185700 3536 3536 
185750 3535 3542 
185800 3548 3559 
185850 3549 3556 
185900 3556 3544 
185950 3541 3549 
186000 3552 3547 
186050 3549 3554 
186100 3535 3545 
186150 3559 3556 
186200 3539 3547 
186250 3541 3542 
186300 3530 3538 
186350 3539 3537 
186400 3550 3549 
186450 3543 3551 
186500 3539 3551 
186550 3543 3533 
186600 3541 3545 
186650 3561 3568 
186700 3555 3546 
186750 3552 3556 
186800 3541 3544 
186850 3543 3542 
186900 3531 3546 
186950 3551 3558 
187000 3554 3557 
187050 3536 3542 
187100 3542 3550 
187150 3550 3546 
187200 3552 3558 
187250 3551 3554 
187300 3552 3553 
187350 3546 3551 
187400 3550 3552 
187450 3553 3560 
187500 3531 3536 
187550 3548 3552 
187600 3542 3540 
187650 3528 3537 
187700 3533 3548 
187750 3547 3555 
187800 3537 3538 
187850 3557 3556 
187900 3547 3549 
187950 3555 3557 
188000 3541 3550 
188050 3539 3540 
188100 3524 3539 
188150 3538 3542 
188200 3537 3544 
188250 3540 3538 
188300 3546 3554 
188350 3535 3541 
188400 3532 3536 
188450 3542 3545 
188500 3536 3537 
188550 3547 3542 
188600 3535 3537 
188650 3524 3533 
188700 3548 3549 
188750 3541 3551 
188800 3543 3553 
188850 3547 3551 
188900 3543 3550 
188950 3549 3554 
189000 3543 3552 
189050 3551 3555 
189100 3532 3541 
189150 3541 3539 
189200 3534 3541 
189250 3518 3522 
189300 3541 3549 
189350 3530 3533 
189400 3542 3548 
189450 3555 3560 
189500 3550 3550 
189550 3547 3553 
189600 3543 3555 
189650 3543 3544 
189700 3541 3543 
189750 3536 3541 
189800 3552 3552 
189850 3539 3542 
189900 3550 3555 
189950 3561 3568 
190000 3549 3554 
190050 3546 3553 
190100 3523 3532 
190150 3546 3548 
190200 3548 3561 
190250 3552 3558 
190300 3549 3553 
190350 3556 3555 
190400 3539 3544 
190450 3545 3542 
190500 3549 3547 
190550 3566 3562 
190600 3543 3545 
190650 3555 3560 
190700 3547 3550 
190750 3549 3551 
190800 3525 3539 
190850 3544 3556 
190900 3552 3551 
190950 3559 3565 
191000 3532 3547 
191050 3546 3545 
191100 3552 3556 
191150 3554 3555 
191200 3530 3538 
191250 3548 3551 
191300 3532 3544 
191350 3521 3531 
191400 3536 3540 
191450 3537 3537 
191500 3546 3550 
191550 3541 3546 
191600 3555 3561 
191650 3537 3538 
191700 3541 3541 
191750 3545 3552 
191800 3556 3558 
191850 3559 3559 
191900 3553 3557 
191950 3547 3555 
192000 3552 3551 
192050 3546 3554 
192100 3551 3565 
192150 3552 3555 
192200 3544 3546 
192250 3546 3555 
192300 3550 3556 
192350 3532 3548 
192400 3527 3534 
192450 3542 3548 
192500 3538 3544 
192550 3542 3545 
192600 3531 3531 
192650 3536 3548 
192700 3545 3551 
192750 3532 3528 
192800 3543 3539 
192850 3540 3545 
192900 3561 3561 
192950 3534 3540 
193000 3538 3544 
193050 3557 3562 
193100 3553 3550 
193150 3540 3538 
193200 3548 3548 
193250 3557 3560 
193300 3551 3554 
193350 3535 3537 
193400 3560 3568 
193450 3539 3541 
193500 3538 3537 
193550 3533 3536 
193600 3535 3539 
193650 3537 3549 
193700 3546 3554 
193750 3532 3543 
193800 3535 3547 
193850 3539 3542 
193900 3535 3542 
193950 3523 3533 
194000 3546 3551 
194050 3556 3557 
194100 3552 3554 
194150 3545 3554 
194200 3549 3564 
194250 3546 3555 
194300 3546 3548 
194350 3553 3551 
194400 3547 3551 
194450 3546 3547 
194500 3552 3558 
194550 3546 3552 
194600 3528 3532 
194650 3549 3557 
194700 3543 3552 
194750 3536 3542 
194800 3536 3544 
194850 3550 3549 
194900 3542 3549 
194950 3551 3556 
195000 3558 3560 
195050 3545 3549 
195100 3554 3552 
195150 3550 3546 
195200 3549 3552 
195250 3548 3541 
195300 3545 3550 
195350 3545 3551 
195400 3550 3552 
195450 3553 3558 
195500 3549 3552 
195550 3542 3547 
195600 3553 3556 
195650 3544 3545 
195700 3526 3543 
195750 3549 3555 
195800 3536 3540 
195850 3548 3552 
195900 3537 3541 
195950 3540 3539 
196000 3550 3555 
196050 3532 3539 
196100 3551 3557 
196150 3543 3548 
196200 3541 3550 
196250 3544 3540 
196300 3555 3561 
196350 3534 3541 
196400 3551 3553 
196450 3550 3558 
196500 3535 3544 
196550 3565 3560 
196600 3532 3540 
196650 3545 3552 
196700 3541 3553 
196750 3550 3553 
196800 3545 3543 
196850 3533 3543 
196900 3548 3551 
196950 3545 3552 
197000 3556 3560 
197050 3543 3549 
197100 3540 3561 
197150 3545 3560 
197200 3556 3561 
197250 3535 3542 
197300 3536 3547 
197350 3536 3539 
197400 3551 3554 
197450 3536 3539 
197500 3553 3556 
197550 3549 3557 
197600 3532 3538 
197650 3536 3549 
197700 3551 3554 
197750 3535 3554 
197800 3537 3542 
197850 3526 3536 
197900 3537 3542 
197950 3543 3555 
198000 3540 3546 
198050 3551 3551 
198100 3553 3551 
198150 3533 3536 
198200 3536 3543 
198250 3532 3542 
198300 3539 3548 
198350 3542 3557 
198400 3555 3567 
198450 3556 3564 
198500 3549 3554 
198550 3545 3555 
198600 3545 3552 
198650 3540 3551 
198700 3530 3539 
198750 3539 3547 
198800 3547 3556 
198850 3556 3553 
198900 3549 3556 
198950 3537 3546 
199000 3538 3546 
199050 3528 3539 
199100 3539 3544 
199150 3537 3541 
199200 3543 3551 
199250 3529 3541 
199300 3548 3556 
199350 3531 3537 
199400 3550 3558 
199450 3555 3556 
199500 3542 3554 
199550 3544 3555 
199600 3537 3552 
199650 3528 3533 
199700 3538 3541 
199750 3528 3533 
199800 3532 3544 
199850 3535 3544 
199900 3542 3541 
199950 3539 3540 
200000 3543 3548 
