# Avida tasks data
# Sun Apr  8 00:28:41 2012
# First column gives the current update, next columns give the number
# of organisms that have the particular task as a component of their merit
#  1: Update
#  2: Xor
#  3: Equals

0 0 0 
50 5 5 
100 25 25 
150 80 80 
200 203 203 
250 406 408 
300 615 614 
350 886 889 
400 1214 1219 
450 1621 1624 
500 2064 2062 
550 2568 2566 
600 3126 3124 
650 3395 3395 
700 3517 3513 
750 3547 3542 
800 3550 3543 
850 3534 3530 
900 3559 3559 
950 3544 3544 
1000 3542 3539 
1050 3268 2686 
1100 3291 1958 
1150 3464 1639 
1200 3477 1249 
1250 3469 916 
1300 3471 667 
1350 3489 475 
1400 3506 331 
1450 3501 238 
1500 3535 182 
1550 3512 129 
1600 3513 76 
1650 3531 36 
1700 3531 14 
1750 3543 2 
1800 3547 0 
1850 3544 0 
1900 3548 27 
1950 3551 640 
2000 3543 1093 
2050 3481 928 
2100 3503 711 
2150 3517 536 
2200 3522 421 
2250 3516 301 
2300 3544 219 
2350 3539 138 
2400 3549 88 
2450 3529 48 
2500 3537 18 
2550 3553 5 
2600 3542 3 
2650 3545 0 
2700 3551 0 
2750 3546 128 
2800 3552 741 
2850 3553 1225 
2900 3561 1664 
2950 3544 2015 
3000 3546 2337 
3050 3391 1786 
3100 3455 1187 
3150 3504 695 
3200 3516 346 
3250 3525 142 
3300 3553 35 
3350 3541 8 
3400 3544 5 
3450 3542 3 
3500 3550 2 
3550 3553 341 
3600 3552 887 
3650 3545 1294 
3700 3549 1691 
3750 3551 2023 
3800 3547 2350 
3850 3560 2666 
3900 3540 2859 
3950 3539 3039 
4000 3546 3183 
4050 3319 2305 
4100 3404 1466 
4150 3470 900 
4200 3525 483 
4250 3523 249 
4300 3552 123 
4350 3553 61 
4400 3557 16 
4450 3552 6 
4500 3568 9 
4550 3563 338 
4600 3550 942 
4650 3533 1347 
4700 3553 1739 
4750 3537 2085 
4800 3554 2407 
4850 3556 2629 
4900 3548 2867 
4950 3560 3065 
5000 3548 3222 
5050 3346 2223 
5100 3480 1191 
5150 3520 633 
5200 3539 368 
5250 3533 206 
5300 3548 110 
5350 3545 63 
5400 3559 27 
5450 3550 4 
5500 3544 5 
5550 3541 545 
5600 3548 1125 
5650 3539 1631 
5700 3538 2086 
5750 3545 2447 
5800 3551 2751 
5850 3554 2979 
5900 3562 3156 
5950 3545 3266 
6000 3557 3345 
6050 3334 2406 
6100 3458 1365 
6150 3518 770 
6200 3529 417 
6250 3543 222 
6300 3543 105 
6350 3544 43 
6400 3554 11 
6450 3554 14 
6500 3554 13 
6550 3563 165 
6600 3566 754 
6650 3566 1336 
6700 3561 1852 
6750 3561 2232 
6800 3543 2585 
6850 3545 2897 
6900 3533 3123 
6950 3553 3326 
7000 3555 3438 
7050 3351 2300 
7100 3455 1304 
7150 3489 732 
7200 3510 420 
7250 3538 259 
7300 3559 147 
7350 3542 81 
7400 3555 38 
7450 3570 20 
7500 3552 9 
7550 3540 477 
7600 3546 1096 
7650 3545 1583 
7700 3541 1996 
7750 3539 2373 
7800 3551 2706 
7850 3557 3047 
7900 3546 3232 
7950 3556 3407 
8000 3554 3480 
8050 3333 2284 
8100 3412 1192 
8150 3489 593 
8200 3525 297 
8250 3537 139 
8300 3546 68 
8350 3545 36 
8400 3553 18 
8450 3542 1 
8500 3558 9 
8550 3561 222 
8600 3545 878 
8650 3560 1419 
8700 3563 1998 
8750 3554 2443 
8800 3553 2797 
8850 3564 3111 
8900 3547 3308 
8950 3529 3397 
9000 3552 3516 
9050 3295 2573 
9100 3360 1750 
9150 3399 1201 
9200 3509 947 
9250 3524 653 
9300 3515 430 
9350 3541 280 
9400 3536 168 
9450 3532 100 
9500 3548 55 
9550 3545 514 
9600 3556 1085 
9650 3559 1541 
9700 3551 1978 
9750 3555 2409 
9800 3561 2717 
9850 3556 2946 
9900 3544 3145 
9950 3551 3328 
10000 3534 3423 
10050 3334 2280 
10100 3452 1210 
10150 3530 588 
10200 3538 232 
10250 3553 78 
10300 3557 28 
10350 3550 13 
10400 3552 10 
10450 3542 2 
10500 3567 9 
10550 3551 90 
10600 3549 877 
10650 3556 1389 
10700 3553 1799 
10750 3563 2197 
10800 3558 2510 
10850 3555 2782 
10900 3561 3012 
10950 3544 3182 
11000 3561 3344 
11050 3354 2240 
11100 3469 1115 
11150 3517 509 
11200 3529 222 
11250 3528 95 
11300 3558 34 
11350 3552 15 
11400 3554 5 
11450 3548 11 
11500 3566 10 
11550 3531 397 
11600 3541 962 
11650 3543 1341 
11700 3560 1775 
11750 3555 2142 
11800 3538 2424 
11850 3567 2706 
11900 3563 2966 
11950 3557 3151 
12000 3560 3295 
12050 3319 2373 
12100 3407 1586 
12150 3454 1050 
12200 3478 632 
12250 3529 429 
12300 3550 263 
12350 3551 125 
12400 3555 51 
12450 3522 22 
12500 3537 5 
12550 3559 4 
12600 3540 488 
12650 3511 1058 
12700 3516 1586 
12750 3519 2039 
12800 3534 2383 
12850 3550 2728 
12900 3552 2980 
12950 3562 3166 
13000 3565 3304 
13050 3322 2431 
13100 3397 1614 
13150 3452 1058 
13200 3468 664 
13250 3519 381 
13300 3535 164 
13350 3526 56 
13400 3539 15 
13450 3543 3 
13500 3541 4 
13550 3563 217 
13600 3547 808 
13650 3548 1348 
13700 3544 1831 
13750 3542 2191 
13800 3545 2494 
13850 3557 2756 
13900 3558 2980 
13950 3539 3102 
14000 3561 3264 
14050 3350 2343 
14100 3411 1515 
14150 3463 1037 
14200 3482 742 
14250 3534 583 
14300 3543 426 
14350 3549 278 
14400 3555 167 
14450 3549 96 
14500 3564 35 
14550 3550 488 
14600 3551 1048 
14650 3549 1520 
14700 3554 1951 
14750 3550 2277 
14800 3552 2594 
14850 3548 2872 
14900 3547 3055 
14950 3538 3182 
15000 3560 3341 
15050 3343 2267 
15100 3453 1183 
15150 3507 604 
15200 3531 244 
15250 3547 90 
15300 3552 34 
15350 3544 23 
15400 3548 5 
15450 3554 6 
15500 3552 5 
15550 3550 511 
15600 3539 1313 
15650 3558 1831 
15700 3546 2212 
15750 3558 2547 
15800 3551 2787 
15850 3521 2980 
15900 3556 3197 
15950 3564 3365 
16000 3567 3441 
16050 3366 2255 
16100 3496 1083 
16150 3528 462 
16200 3530 190 
16250 3534 57 
16300 3538 19 
16350 3562 1 
16400 3550 0 
16450 3556 2 
16500 3559 11 
16550 3564 378 
16600 3552 905 
16650 3552 1337 
16700 3552 1733 
16750 3554 2090 
16800 3553 2393 
16850 3559 2680 
16900 3551 2894 
16950 3559 3079 
17000 3562 3215 
17050 3377 2249 
17100 3462 1331 
17150 3481 751 
17200 3525 412 
17250 3535 239 
17300 3556 132 
17350 3548 71 
17400 3532 23 
17450 3554 5 
17500 3554 6 
17550 3553 426 
17600 3545 1027 
17650 3546 1583 
17700 3544 2037 
17750 3552 2394 
17800 3559 2716 
17850 3534 2940 
17900 3549 3186 
17950 3539 3320 
18000 3551 3435 
18050 3353 2156 
18100 3484 1017 
18150 3528 409 
18200 3548 169 
18250 3531 56 
18300 3560 24 
18350 3560 14 
18400 3566 1 
18450 3564 1 
18500 3560 2 
18550 3546 0 
18600 3549 115 
18650 3542 693 
18700 3568 1182 
18750 3559 1580 
18800 3545 1953 
18850 3551 2329 
18900 3565 2669 
18950 3562 2935 
19000 3547 3154 
19050 3367 2114 
19100 3483 1112 
19150 3525 557 
19200 3524 266 
19250 3539 106 
19300 3557 30 
19350 3554 7 
19400 3545 5 
19450 3552 6 
19500 3548 4 
19550 3539 7 
19600 3556 714 
19650 3553 1340 
19700 3542 1850 
19750 3553 2331 
19800 3546 2659 
19850 3550 3012 
19900 3540 3230 
19950 3551 3408 
20000 3545 3480 
20050 3340 2322 
20100 3397 1361 
20150 3452 766 
20200 3476 431 
20250 3518 288 
20300 3534 165 
20350 3519 62 
20400 3537 27 
20450 3557 11 
20500 3549 6 
20550 3563 3 
20600 3551 743 
20650 3559 1260 
20700 3547 1691 
20750 3561 2072 
20800 3559 2374 
20850 3553 2610 
20900 3555 2851 
20950 3548 3007 
21000 3549 3136 
21050 3343 2311 
21100 3406 1458 
21150 3463 922 
21200 3490 560 
21250 3510 324 
21300 3516 197 
21350 3524 99 
21400 3542 39 
21450 3559 17 
21500 3546 9 
21550 3539 251 
21600 3556 844 
21650 3553 1329 
21700 3551 1749 
21750 3546 2184 
21800 3554 2523 
21850 3556 2792 
21900 3537 3000 
21950 3553 3183 
22000 3556 3298 
22050 3322 2485 
22100 3400 1735 
22150 3445 1243 
22200 3490 864 
22250 3536 603 
22300 3550 329 
22350 3553 177 
22400 3534 100 
22450 3556 40 
22500 3540 17 
22550 3535 317 
22600 3533 896 
22650 3543 1348 
22700 3553 1725 
22750 3562 2117 
22800 3544 2435 
22850 3554 2725 
22900 3559 2968 
22950 3562 3118 
23000 3541 3200 
23050 3323 2433 
23100 3400 1595 
23150 3432 1097 
23200 3452 770 
23250 3510 552 
23300 3526 362 
23350 3544 198 
23400 3536 83 
23450 3533 26 
23500 3540 3 
23550 3531 481 
23600 3528 1065 
23650 3522 1504 
23700 3525 1931 
23750 3523 2268 
23800 3539 2568 
23850 3534 2812 
23900 3543 3037 
23950 3533 3207 
24000 3537 3346 
24050 3291 2517 
24100 3352 1779 
24150 3405 1187 
24200 3488 874 
24250 3515 604 
24300 3499 389 
24350 3534 221 
24400 3551 107 
24450 3548 39 
24500 3550 21 
24550 3535 16 
24600 3533 398 
24650 3545 1074 
24700 3544 1648 
24750 3532 2059 
24800 3547 2407 
24850 3557 2728 
24900 3535 2988 
24950 3531 3197 
25000 3538 3372 
25050 3298 2415 
25100 3410 1635 
25150 3451 1096 
25200 3485 665 
25250 3540 384 
25300 3534 244 
25350 3547 115 
25400 3540 54 
25450 3553 20 
25500 3550 2 
25550 3531 6 
25600 3450 106 
25650 3157 391 
25700 2802 808 
25750 2792 1343 
25800 2921 1721 
25850 3055 2005 
25900 3164 2293 
25950 3273 2546 
26000 3317 2798 
26050 3253 2058 
26100 3381 1328 
26150 3433 831 
26200 3487 509 
26250 3480 301 
26300 3529 202 
26350 3542 118 
26400 3557 50 
26450 3562 14 
26500 3551 5 
26550 3554 2 
26600 3556 0 
26650 3533 12 
26700 3464 94 
26750 3255 294 
26800 3086 743 
26850 3057 1323 
26900 3060 1840 
26950 3123 2251 
27000 3165 2529 
27050 3115 1987 
27100 3294 1305 
27150 3391 845 
27200 3458 563 
27250 3491 385 
27300 3525 263 
27350 3542 182 
27400 3563 111 
27450 3543 51 
27500 3534 16 
27550 3543 9 
27600 3502 66 
27650 3333 224 
27700 3138 423 
27750 2950 708 
27800 3130 1199 
27850 3309 1657 
27900 3428 1999 
27950 3477 2268 
28000 3510 2524 
28050 3315 2010 
28100 3367 1507 
28150 3423 1153 
28200 3434 850 
28250 3459 613 
28300 3504 472 
28350 3522 354 
28400 3535 232 
28450 3534 146 
28500 3526 83 
28550 3518 40 
28600 3545 607 
28650 3542 1132 
28700 3542 1577 
28750 3548 1924 
28800 3544 2220 
28850 3548 2551 
28900 3546 2773 
28950 3552 2964 
29000 3559 3103 
29050 3343 2378 
29100 3415 1583 
29150 3480 996 
29200 3522 512 
29250 3540 244 
29300 3550 104 
29350 3543 15 
29400 3551 4 
29450 3557 3 
29500 3539 3 
29550 3546 8 
29600 3528 588 
29650 3539 1085 
29700 3536 1453 
29750 3541 1810 
29800 3536 2144 
29850 3541 2461 
29900 3537 2704 
29950 3531 2918 
30000 3547 3121 
30050 3306 2366 
30100 3393 1600 
30150 3435 1112 
30200 3482 756 
30250 3510 492 
30300 3525 345 
30350 3541 202 
30400 3555 114 
30450 3548 62 
30500 3532 29 
30550 3545 10 
30600 3551 572 
30650 3548 1052 
30700 3534 1452 
30750 3537 1839 
30800 3545 2200 
30850 3537 2523 
30900 3534 2819 
30950 3546 3017 
31000 3545 3178 
31050 3312 2420 
31100 3385 1562 
31150 3407 1101 
31200 3457 783 
31250 3510 554 
31300 3531 409 
31350 3534 249 
31400 3548 146 
31450 3537 70 
31500 3532 31 
31550 3548 21 
31600 3474 468 
31650 3450 1068 
31700 3433 1559 
31750 3476 1975 
31800 3480 2341 
31850 3482 2637 
31900 3513 2884 
31950 3517 3093 
32000 3527 3232 
32050 3270 2439 
32100 3352 1690 
32150 3433 1140 
32200 3499 738 
32250 3531 523 
32300 3546 298 
32350 3537 130 
32400 3540 69 
32450 3555 26 
32500 3553 10 
32550 3562 369 
32600 3549 961 
32650 3549 1409 
32700 3548 1836 
32750 3546 2161 
32800 3550 2466 
32850 3549 2727 
32900 3550 2919 
32950 3540 3075 
33000 3543 3193 
33050 3247 2479 
33100 3373 1701 
33150 3450 1170 
33200 3491 831 
33250 3545 585 
33300 3553 331 
33350 3545 173 
33400 3544 82 
33450 3549 39 
33500 3531 13 
33550 3535 4 
33600 3489 60 
33650 3300 247 
33700 2970 604 
33750 2907 1227 
33800 2958 1725 
33850 3044 2049 
33900 3134 2338 
33950 3227 2623 
34000 3342 2867 
34050 3189 2171 
34100 3334 1465 
34150 3410 933 
34200 3462 553 
34250 3525 298 
34300 3548 163 
34350 3517 72 
34400 3544 23 
34450 3557 2 
34500 3552 0 
34550 3558 341 
34600 3559 1126 
34650 3553 1674 
34700 3534 2149 
34750 3535 2558 
34800 3538 2818 
34850 3543 3075 
34900 3542 3254 
34950 3535 3369 
35000 3557 3463 
35050 3298 2506 
35100 3385 1650 
35150 3423 1029 
35200 3504 753 
35250 3517 524 
35300 3509 315 
35350 3522 180 
35400 3541 107 
35450 3519 59 
35500 3541 14 
35550 3546 239 
35600 3542 808 
35650 3544 1345 
35700 3542 1842 
35750 3542 2283 
35800 3546 2666 
35850 3542 2988 
35900 3531 3204 
35950 3529 3343 
36000 3549 3488 
36050 3310 2435 
36100 3412 1514 
36150 3455 1007 
36200 3485 687 
36250 3521 520 
36300 3532 377 
36350 3534 259 
36400 3544 161 
36450 3542 83 
36500 3539 44 
36550 3554 289 
36600 3547 902 
36650 3558 1340 
36700 3548 1731 
36750 3551 2093 
36800 3560 2454 
36850 3544 2762 
36900 3558 2999 
36950 3553 3191 
37000 3555 3308 
37050 3300 2571 
37100 3367 1729 
37150 3417 1117 
37200 3482 769 
37250 3523 541 
37300 3527 358 
37350 3504 207 
37400 3517 114 
37450 3525 53 
37500 3546 21 
37550 3541 4 
37600 3536 6 
37650 3472 77 
37700 3285 264 
37750 2945 613 
37800 2550 991 
37850 2436 1414 
37900 2526 1899 
37950 2663 2263 
38000 2763 2579 
38050 2845 1973 
38100 3101 1316 
38150 3262 857 
38200 3375 544 
38250 3443 332 
38300 3493 182 
38350 3542 112 
38400 3548 54 
38450 3559 21 
38500 3532 6 
38550 3547 1 
38600 3539 5 
38650 3500 90 
38700 3454 752 
38750 3443 1229 
38800 3427 1654 
38850 3442 2099 
38900 3483 2458 
38950 3484 2734 
39000 3513 2968 
39050 3328 2207 
39100 3425 1377 
39150 3471 834 
39200 3499 475 
39250 3530 229 
39300 3538 101 
39350 3557 46 
39400 3560 14 
39450 3565 2 
39500 3542 3 
39550 3547 3 
39600 3555 0 
39650 3540 582 
39700 3541 1103 
39750 3547 1564 
39800 3537 1908 
39850 3556 2253 
39900 3540 2597 
39950 3547 2918 
40000 3546 3147 
40050 3346 2388 
40100 3407 1533 
40150 3452 983 
40200 3476 622 
40250 3516 398 
40300 3532 298 
40350 3536 172 
40400 3559 81 
40450 3554 23 
40500 3555 8 
40550 3551 302 
40600 3554 935 
40650 3558 1434 
40700 3544 1809 
40750 3552 2130 
40800 3554 2442 
40850 3555 2745 
40900 3547 2940 
40950 3552 3103 
41000 3550 3264 
41050 3306 2500 
41100 3335 1791 
41150 3391 1242 
41200 3481 845 
41250 3505 552 
41300 3518 305 
41350 3544 159 
41400 3546 76 
41450 3543 33 
41500 3546 10 
41550 3547 4 
41600 3557 634 
41650 3551 1166 
41700 3544 1585 
41750 3540 1978 
41800 3519 2325 
41850 3541 2624 
41900 3560 2864 
41950 3548 3022 
42000 3528 3155 
42050 3237 2466 
42100 3327 1772 
42150 3374 1227 
42200 3453 789 
42250 3507 554 
42300 3531 329 
42350 3553 153 
42400 3550 54 
42450 3551 8 
42500 3541 1 
42550 3556 0 
42600 3560 0 
42650 3565 0 
42700 3542 0 
42750 3498 49 
42800 3408 146 
42850 3216 338 
42900 2992 554 
42950 2808 772 
43000 3100 998 
43050 3129 819 
43100 3258 635 
43150 3352 476 
43200 3417 348 
43250 3467 245 
43300 3532 182 
43350 3535 105 
43400 3550 42 
43450 3541 11 
43500 3550 3 
43550 3545 0 
43600 3548 0 
43650 3552 0 
43700 3553 0 
43750 3558 0 
43800 3551 408 
43850 3551 962 
43900 3543 1441 
43950 3549 1823 
44000 3556 2203 
44050 3402 1756 
44100 3438 1280 
44150 3475 913 
44200 3492 568 
44250 3511 317 
44300 3536 135 
44350 3547 39 
44400 3546 13 
44450 3535 1 
44500 3543 0 
44550 3553 0 
44600 3556 0 
44650 3538 0 
44700 3550 0 
44750 3541 19 
44800 3500 618 
44850 3473 1150 
44900 3457 1600 
44950 3488 1978 
45000 3500 2331 
45050 3382 1846 
45100 3433 1346 
45150 3460 1016 
45200 3493 751 
45250 3488 527 
45300 3518 386 
45350 3549 280 
45400 3547 198 
45450 3558 127 
45500 3542 62 
45550 3559 30 
45600 3557 16 
45650 3566 6 
45700 3527 32 
45750 3362 204 
45800 3103 454 
45850 3227 811 
45900 3311 1184 
45950 3385 1579 
46000 3479 1933 
46050 3377 1555 
46100 3423 1138 
46150 3463 812 
46200 3483 560 
46250 3503 372 
46300 3505 241 
46350 3506 152 
46400 3531 92 
46450 3537 50 
46500 3546 22 
46550 3543 4 
46600 3543 0 
46650 3558 0 
46700 3517 37 
46750 3425 187 
46800 3548 668 
46850 3546 1141 
46900 3545 1597 
46950 3549 1963 
47000 3554 2337 
47050 3391 1870 
47100 3451 1401 
47150 3464 1041 
47200 3500 763 
47250 3504 564 
47300 3521 412 
47350 3563 342 
47400 3549 216 
47450 3544 138 
47500 3549 86 
47550 3543 498 
47600 3539 999 
47650 3541 1414 
47700 3543 1789 
47750 3543 2143 
47800 3538 2447 
47850 3547 2770 
47900 3543 2967 
47950 3546 3111 
48000 3540 3222 
48050 3302 2472 
48100 3391 1683 
48150 3458 1091 
48200 3491 721 
48250 3541 477 
48300 3532 259 
48350 3548 112 
48400 3537 45 
48450 3543 16 
48500 3555 6 
48550 3548 10 
48600 3509 167 
48650 3529 736 
48700 3538 1224 
48750 3550 1604 
48800 3546 1989 
48850 3554 2331 
48900 3560 2636 
48950 3560 2846 
49000 3564 3078 
49050 3371 2306 
49100 3439 1518 
49150 3488 925 
49200 3491 493 
49250 3524 243 
49300 3533 96 
49350 3539 45 
49400 3535 14 
49450 3546 3 
49500 3553 2 
49550 3521 26 
49600 3456 443 
49650 3446 1072 
49700 3407 1488 
49750 3404 1909 
49800 3412 2278 
49850 3433 2575 
49900 3478 2811 
49950 3507 3026 
50000 3519 3182 
50050 3283 2479 
50100 3373 1764 
50150 3422 1239 
50200 3470 822 
50250 3515 537 
50300 3517 270 
50350 3550 148 
50400 3548 67 
50450 3553 28 
50500 3558 9 
50550 3535 351 
50600 3557 947 
50650 3547 1461 
50700 3551 1909 
50750 3556 2257 
50800 3565 2564 
50850 3548 2808 
50900 3549 3005 
50950 3544 3145 
51000 3542 3252 
51050 3307 2419 
51100 3374 1522 
51150 3435 984 
51200 3481 637 
51250 3511 445 
51300 3516 295 
51350 3552 162 
51400 3546 78 
51450 3556 30 
51500 3559 8 
51550 3559 297 
51600 3554 831 
51650 3554 1277 
51700 3564 1691 
51750 3557 2068 
51800 3559 2420 
51850 3539 2768 
51900 3547 3050 
51950 3547 3204 
52000 3544 3334 
52050 3314 2471 
52100 3394 1603 
52150 3449 1124 
52200 3487 771 
52250 3512 542 
52300 3508 358 
52350 3518 220 
52400 3537 112 
52450 3546 64 
52500 3548 30 
52550 3520 270 
52600 3524 773 
52650 3537 1258 
52700 3518 1662 
52750 3543 2072 
52800 3539 2411 
52850 3547 2687 
52900 3536 2881 
52950 3547 3032 
53000 3549 3146 
53050 3299 2397 
53100 3414 1505 
53150 3479 823 
53200 3517 419 
53250 3530 201 
53300 3530 113 
53350 3527 50 
53400 3555 25 
53450 3537 7 
53500 3547 3 
53550 3542 407 
53600 3539 938 
53650 3532 1421 
53700 3547 1843 
53750 3551 2175 
53800 3553 2529 
53850 3541 2795 
53900 3541 2987 
53950 3541 3152 
54000 3561 3282 
54050 3393 2259 
54100 3488 1212 
54150 3528 615 
54200 3538 256 
54250 3531 84 
54300 3551 24 
54350 3564 12 
54400 3560 6 
54450 3544 14 
54500 3533 6 
54550 3529 24 
54600 3526 557 
54650 3544 1135 
54700 3545 1584 
54750 3541 1962 
54800 3543 2309 
54850 3537 2622 
54900 3543 2875 
54950 3548 3073 
55000 3545 3231 
55050 3327 2362 
55100 3426 1461 
55150 3457 902 
55200 3484 520 
55250 3526 314 
55300 3537 184 
55350 3536 114 
55400 3535 58 
55450 3547 29 
55500 3547 13 
55550 3550 4 
55600 3537 5 
55650 3493 323 
55700 3489 927 
55750 3469 1372 
55800 3481 1827 
55850 3515 2197 
55900 3524 2546 
55950 3563 2831 
56000 3552 3041 
56050 3340 2300 
56100 3413 1506 
56150 3468 960 
56200 3493 586 
56250 3510 322 
56300 3539 192 
56350 3542 121 
56400 3545 56 
56450 3551 17 
56500 3554 4 
56550 3547 181 
56600 3525 779 
56650 3528 1248 
56700 3516 1667 
56750 3506 2027 
56800 3528 2336 
56850 3530 2578 
56900 3529 2768 
56950 3539 2956 
57000 3537 3099 
57050 3309 2318 
57100 3381 1734 
57150 3430 1262 
57200 3445 886 
57250 3516 646 
57300 3519 467 
57350 3510 341 
57400 3529 240 
57450 3534 154 
57500 3535 98 
57550 3543 195 
57600 3544 742 
57650 3546 1203 
57700 3544 1599 
57750 3547 1983 
57800 3548 2350 
57850 3550 2693 
57900 3548 2964 
57950 3555 3142 
58000 3554 3271 
58050 3315 2366 
58100 3413 1407 
58150 3478 884 
58200 3497 531 
58250 3520 303 
58300 3536 190 
58350 3525 107 
58400 3539 33 
58450 3542 10 
58500 3552 3 
58550 3543 342 
58600 3545 873 
58650 3535 1300 
58700 3533 1708 
58750 3536 2127 
58800 3535 2447 
58850 3503 2713 
58900 3508 2995 
58950 3541 3198 
59000 3536 3314 
59050 3266 2449 
59100 3319 1605 
59150 3410 1077 
59200 3448 730 
59250 3521 519 
59300 3518 289 
59350 3540 112 
59400 3525 39 
59450 3530 16 
59500 3550 1 
59550 3529 17 
59600 3429 126 
59650 3191 637 
59700 3146 1172 
59750 3135 1608 
59800 3154 1982 
59850 3184 2308 
59900 3232 2602 
59950 3291 2865 
60000 3333 3087 
60050 3219 2369 
60100 3376 1590 
60150 3425 1075 
60200 3456 718 
60250 3501 470 
60300 3508 318 
60350 3519 190 
60400 3521 126 
60450 3530 87 
60500 3543 56 
60550 3536 385 
60600 3526 923 
60650 3518 1373 
60700 3536 1782 
60750 3521 2161 
60800 3549 2498 
60850 3521 2743 
60900 3513 2961 
60950 3540 3122 
61000 3512 3230 
61050 3242 2561 
61100 3285 1849 
61150 3305 1411 
61200 3450 1166 
61250 3473 875 
61300 3480 613 
61350 3508 409 
61400 3519 284 
61450 3515 184 
61500 3513 108 
61550 3543 69 
61600 3529 33 
61650 3490 61 
61700 3400 637 
61750 3371 1157 
61800 3367 1575 
61850 3422 1959 
61900 3434 2241 
61950 3485 2540 
62000 3499 2761 
62050 3317 2131 
62100 3378 1487 
62150 3433 978 
62200 3470 637 
62250 3473 385 
62300 3506 229 
62350 3507 142 
62400 3522 67 
62450 3523 14 
62500 3527 2 
62550 3549 37 
62600 3537 675 
62650 3549 1216 
62700 3540 1586 
62750 3538 1937 
62800 3538 2245 
62850 3532 2552 
62900 3544 2827 
62950 3533 2998 
63000 3548 3169 
63050 3277 2433 
63100 3340 1718 
63150 3413 1276 
63200 3424 939 
63250 3496 762 
63300 3515 570 
63350 3504 386 
63400 3531 249 
63450 3538 143 
63500 3522 74 
63550 3528 28 
63600 3533 11 
63650 3552 441 
63700 3557 975 
63750 3537 1426 
63800 3537 1826 
63850 3533 2184 
63900 3533 2505 
63950 3533 2782 
64000 3536 2992 
64050 3284 2347 
64100 3379 1592 
64150 3439 954 
64200 3467 573 
64250 3477 339 
64300 3510 223 
64350 3530 136 
64400 3516 93 
64450 3521 47 
64500 3532 26 
64550 3526 9 
64600 3503 612 
64650 3507 1098 
64700 3509 1524 
64750 3535 1907 
64800 3525 2235 
64850 3542 2582 
64900 3523 2832 
64950 3539 3083 
65000 3544 3242 
65050 3284 2479 
65100 3343 1804 
65150 3392 1344 
65200 3456 954 
65250 3503 725 
65300 3511 503 
65350 3516 340 
65400 3544 232 
65450 3525 159 
65500 3530 88 
65550 3513 46 
65600 3454 92 
65650 3358 451 
65700 3419 923 
65750 3484 1323 
65800 3508 1719 
65850 3512 2089 
65900 3527 2376 
65950 3540 2667 
66000 3543 2893 
66050 3286 2322 
66100 3366 1728 
66150 3366 1232 
66200 3415 839 
66250 3467 566 
66300 3489 394 
66350 3502 238 
66400 3523 135 
66450 3525 83 
66500 3549 45 
66550 3554 24 
66600 3521 698 
66650 3532 1351 
66700 3533 1854 
66750 3542 2273 
66800 3530 2592 
66850 3524 2904 
66900 3514 3163 
66950 3511 3304 
67000 3513 3417 
67050 3228 2566 
67100 3324 1804 
67150 3351 1260 
67200 3451 1002 
67250 3469 730 
67300 3458 477 
67350 3491 281 
67400 3500 151 
67450 3496 68 
67500 3513 26 
67550 3521 21 
67600 3501 545 
67650 3485 1031 
67700 3492 1476 
67750 3515 1892 
67800 3494 2285 
67850 3484 2617 
67900 3495 2873 
67950 3476 3056 
68000 3499 3196 
68050 3257 2554 
68100 3299 1994 
68150 3329 1556 
68200 3458 1371 
68250 3485 1099 
68300 3489 846 
68350 3494 657 
68400 3491 485 
68450 3508 350 
68500 3500 233 
68550 3508 154 
68600 3493 583 
68650 3497 1156 
68700 3505 1646 
68750 3534 2096 
68800 3540 2430 
68850 3540 2694 
68900 3534 2962 
68950 3532 3173 
69000 3518 3332 
69050 3219 2446 
69100 3294 1713 
69150 3378 1200 
69200 3408 840 
69250 3504 616 
69300 3525 369 
69350 3534 175 
69400 3527 71 
69450 3536 29 
69500 3509 8 
69550 3531 0 
69600 3526 86 
69650 3524 682 
69700 3518 1094 
69750 3518 1580 
69800 3532 1905 
69850 3510 2196 
69900 3521 2487 
69950 3520 2749 
70000 3512 2932 
70050 3278 2323 
70100 3351 1653 
70150 3389 1242 
70200 3441 945 
70250 3465 671 
70300 3525 540 
70350 3544 351 
70400 3535 209 
70450 3527 70 
70500 3519 22 
70550 3532 386 
70600 3531 960 
70650 3526 1438 
70700 3535 1824 
70750 3535 2141 
70800 3538 2486 
70850 3522 2752 
70900 3518 2933 
70950 3512 3131 
71000 3519 3285 
71050 3234 2556 
71100 3270 1959 
71150 3294 1462 
71200 3423 1303 
71250 3443 1007 
71300 3427 755 
71350 3450 562 
71400 3474 404 
71450 3490 272 
71500 3493 173 
71550 3488 131 
71600 3508 752 
71650 3536 1212 
71700 3523 1552 
71750 3541 1909 
71800 3529 2249 
71850 3536 2556 
71900 3525 2816 
71950 3536 3034 
72000 3548 3219 
72050 3313 2386 
72100 3399 1515 
72150 3446 984 
72200 3471 621 
72250 3483 385 
72300 3523 266 
72350 3533 154 
72400 3524 75 
72450 3535 40 
72500 3538 15 
72550 3505 4 
72600 3535 0 
72650 3546 4 
72700 3531 137 
72750 3527 758 
72800 3525 1292 
72850 3535 1845 
72900 3539 2239 
72950 3546 2595 
73000 3539 2839 
73050 3352 2142 
73100 3410 1450 
73150 3454 906 
73200 3492 519 
73250 3519 283 
73300 3549 121 
73350 3530 65 
73400 3556 30 
73450 3536 16 
73500 3538 16 
73550 3545 86 
73600 3521 731 
73650 3507 1230 
73700 3513 1626 
73750 3529 2042 
73800 3511 2419 
73850 3523 2803 
73900 3518 3069 
73950 3513 3216 
74000 3519 3325 
74050 3370 2336 
74100 3458 1324 
74150 3489 719 
74200 3530 377 
74250 3528 202 
74300 3530 122 
74350 3540 65 
74400 3525 55 
74450 3529 42 
74500 3544 44 
74550 3531 17 
74600 3525 518 
74650 3512 1057 
74700 3509 1548 
74750 3505 1953 
74800 3515 2310 
74850 3516 2576 
74900 3520 2797 
74950 3535 3026 
75000 3532 3161 
75050 3303 2284 
75100 3408 1314 
75150 3457 688 
75200 3485 389 
75250 3510 207 
75300 3527 96 
75350 3528 59 
75400 3530 18 
75450 3508 10 
75500 3546 17 
75550 3557 6 
75600 3542 488 
75650 3552 1130 
75700 3541 1599 
75750 3541 1963 
75800 3542 2286 
75850 3548 2568 
75900 3538 2787 
75950 3536 2995 
76000 3533 3175 
76050 3307 2291 
76100 3421 1393 
76150 3472 784 
76200 3501 388 
76250 3509 189 
76300 3529 112 
76350 3532 41 
76400 3532 23 
76450 3548 17 
76500 3550 14 
76550 3549 25 
76600 3522 616 
76650 3534 1163 
76700 3523 1637 
76750 3523 1997 
76800 3526 2346 
76850 3534 2637 
76900 3539 2883 
76950 3554 3078 
77000 3544 3194 
77050 3321 2392 
77100 3417 1612 
77150 3451 1022 
77200 3488 607 
77250 3515 368 
77300 3522 210 
77350 3525 145 
77400 3553 88 
77450 3532 51 
77500 3548 39 
77550 3546 13 
77600 3540 522 
77650 3532 1047 
77700 3532 1516 
77750 3531 1906 
77800 3543 2236 
77850 3536 2540 
77900 3552 2842 
77950 3546 3043 
78000 3549 3210 
78050 3295 2293 
78100 3386 1427 
78150 3442 804 
78200 3494 433 
78250 3521 217 
78300 3528 124 
78350 3547 60 
78400 3524 37 
78450 3528 25 
78500 3532 15 
78550 3537 70 
78600 3536 702 
78650 3547 1189 
78700 3545 1600 
78750 3540 1945 
78800 3542 2273 
78850 3542 2583 
78900 3548 2876 
78950 3544 3069 
79000 3547 3216 
79050 3304 2420 
79100 3415 1607 
79150 3471 1035 
79200 3510 627 
79250 3532 392 
79300 3532 230 
79350 3534 116 
79400 3539 55 
79450 3525 44 
79500 3552 26 
79550 3515 636 
79600 3533 1400 
79650 3531 1913 
79700 3548 2281 
79750 3535 2547 
79800 3543 2828 
79850 3538 3037 
79900 3546 3238 
79950 3541 3373 
80000 3548 3441 
80050 3292 2451 
80100 3394 1621 
80150 3446 1099 
80200 3491 785 
80250 3549 661 
80300 3513 496 
80350 3541 347 
80400 3542 237 
80450 3557 150 
80500 3543 86 
80550 3540 41 
80600 3527 45 
80650 3481 457 
80700 3522 876 
80750 3534 1364 
80800 3525 1769 
80850 3534 2101 
80900 3531 2399 
80950 3518 2679 
81000 3525 2906 
81050 3334 2213 
81100 3422 1372 
81150 3482 799 
81200 3516 451 
81250 3497 264 
81300 3516 162 
81350 3524 105 
81400 3532 57 
81450 3545 23 
81500 3562 5 
81550 3550 366 
81600 3539 934 
81650 3546 1376 
81700 3546 1781 
81750 3528 2137 
81800 3562 2512 
81850 3550 2767 
81900 3553 2989 
81950 3544 3129 
82000 3548 3276 
82050 3346 2332 
82100 3435 1322 
82150 3491 699 
82200 3512 355 
82250 3541 136 
82300 3549 46 
82350 3558 12 
82400 3561 8 
82450 3556 11 
82500 3548 7 
82550 3534 258 
82600 3541 797 
82650 3554 1267 
82700 3546 1718 
82750 3565 2122 
82800 3543 2469 
82850 3526 2770 
82900 3527 2983 
82950 3542 3174 
83000 3553 3303 
83050 3268 2358 
83100 3374 1497 
83150 3447 960 
83200 3456 654 
83250 3514 503 
83300 3522 362 
83350 3540 235 
83400 3544 142 
83450 3563 81 
83500 3556 39 
83550 3556 414 
83600 3551 955 
83650 3528 1422 
83700 3545 1812 
83750 3541 2162 
83800 3521 2460 
83850 3533 2735 
83900 3531 2942 
83950 3535 3093 
84000 3533 3221 
84050 3293 2370 
84100 3384 1462 
84150 3441 901 
84200 3480 521 
84250 3514 300 
84300 3514 180 
84350 3523 81 
84400 3534 28 
84450 3536 7 
84500 3542 3 
84550 3546 326 
84600 3536 894 
84650 3536 1317 
84700 3533 1683 
84750 3537 2028 
84800 3548 2356 
84850 3554 2646 
84900 3533 2856 
84950 3546 2996 
85000 3544 3115 
85050 3338 2261 
85100 3425 1255 
85150 3491 632 
85200 3508 302 
85250 3534 105 
85300 3544 43 
85350 3538 11 
85400 3524 10 
85450 3526 7 
85500 3543 9 
85550 3549 270 
85600 3553 837 
85650 3554 1264 
85700 3546 1638 
85750 3550 1985 
85800 3547 2388 
85850 3547 2692 
85900 3549 2948 
85950 3541 3110 
86000 3541 3221 
86050 3317 2270 
86100 3428 1323 
86150 3477 684 
86200 3477 324 
86250 3516 132 
86300 3531 56 
86350 3528 18 
86400 3546 3 
86450 3539 8 
86500 3559 7 
86550 3538 214 
86600 3535 826 
86650 3536 1233 
86700 3550 1691 
86750 3537 2090 
86800 3548 2516 
86850 3558 2838 
86900 3524 3056 
86950 3544 3248 
87000 3543 3399 
87050 3319 2413 
87100 3398 1483 
87150 3470 916 
87200 3491 545 
87250 3523 332 
87300 3518 179 
87350 3512 70 
87400 3511 22 
87450 3541 7 
87500 3542 4 
87550 3534 1 
87600 3528 100 
87650 3537 778 
87700 3528 1301 
87750 3531 1719 
87800 3527 2069 
87850 3533 2395 
87900 3545 2660 
87950 3553 2912 
88000 3532 3079 
88050 3376 2292 
88100 3464 1253 
88150 3489 604 
88200 3506 211 
88250 3540 56 
88300 3534 15 
88350 3547 3 
88400 3522 11 
88450 3540 3 
88500 3525 5 
88550 3538 0 
88600 3541 340 
88650 3539 903 
88700 3539 1430 
88750 3530 1865 
88800 3522 2223 
88850 3543 2578 
88900 3541 2865 
88950 3536 3055 
89000 3546 3205 
89050 3282 2308 
89100 3396 1350 
89150 3462 720 
89200 3488 369 
89250 3532 207 
89300 3514 127 
89350 3545 43 
89400 3541 9 
89450 3542 10 
89500 3526 8 
89550 3547 85 
89600 3541 750 
89650 3529 1258 
89700 3532 1713 
89750 3537 2115 
89800 3562 2478 
89850 3555 2765 
89900 3531 2960 
89950 3553 3126 
90000 3544 3245 
90050 3340 2228 
90100 3465 1240 
90150 3506 668 
90200 3517 318 
90250 3538 147 
90300 3547 52 
90350 3541 24 
90400 3530 14 
90450 3540 17 
90500 3533 4 
90550 3542 3 
90600 3546 89 
90650 3548 852 
90700 3554 1371 
90750 3553 1811 
90800 3555 2258 
90850 3539 2605 
90900 3537 2854 
90950 3551 3062 
91000 3545 3272 
91050 3315 2192 
91100 3423 1248 
91150 3497 657 
91200 3514 396 
91250 3537 220 
91300 3548 126 
91350 3530 52 
91400 3541 10 
91450 3538 5 
91500 3546 6 
91550 3543 279 
91600 3547 824 
91650 3550 1251 
91700 3539 1661 
91750 3540 2010 
91800 3553 2374 
91850 3556 2659 
91900 3540 2865 
91950 3544 3044 
92000 3538 3189 
92050 3340 2181 
92100 3448 1200 
92150 3502 633 
92200 3537 288 
92250 3529 107 
92300 3552 45 
92350 3545 13 
92400 3547 3 
92450 3554 2 
92500 3549 0 
92550 3528 178 
92600 3524 1045 
92650 3541 1736 
92700 3539 2306 
92750 3550 2757 
92800 3561 3081 
92850 3556 3293 
92900 3553 3406 
92950 3546 3491 
93000 3559 3528 
93050 3404 1696 
93100 3497 605 
93150 3523 158 
93200 3559 30 
93250 3546 8 
93300 3561 2 
93350 3554 3 
93400 3545 6 
93450 3551 7 
93500 3546 4 
93550 3530 33 
93600 3490 828 
93650 3494 1491 
93700 3533 2054 
93750 3549 2520 
93800 3537 2852 
93850 3556 3060 
93900 3550 3231 
93950 3549 3367 
94000 3545 3458 
94050 3348 1866 
94100 3481 783 
94150 3523 295 
94200 3538 115 
94250 3549 55 
94300 3540 22 
94350 3562 5 
94400 3556 8 
94450 3562 8 
94500 3550 5 
94550 3520 151 
94600 3555 1054 
94650 3562 1637 
94700 3555 2190 
94750 3540 2670 
94800 3560 3039 
94850 3552 3243 
94900 3532 3399 
94950 3541 3464 
95000 3550 3518 
95050 3354 1732 
95100 3482 693 
95150 3520 260 
95200 3558 66 
95250 3554 14 
95300 3544 6 
95350 3543 8 
95400 3543 6 
95450 3560 9 
95500 3536 7 
95550 3541 677 
95600 3535 1362 
95650 3529 1929 
95700 3520 2472 
95750 3532 2954 
95800 3533 3256 
95850 3537 3391 
95900 3540 3476 
95950 3537 3500 
96000 3546 3519 
96050 3417 1701 
96100 3496 589 
96150 3521 151 
96200 3557 33 
96250 3550 14 
96300 3539 6 
96350 3541 6 
96400 3567 6 
96450 3538 6 
96500 3549 9 
96550 3539 777 
96600 3535 1649 
96650 3544 2363 
96700 3548 2908 
96750 3545 3244 
96800 3551 3440 
96850 3547 3506 
96900 3540 3502 
96950 3546 3522 
97000 3545 3520 
97050 3389 1643 
97100 3514 488 
97150 3543 78 
97200 3542 11 
97250 3542 5 
97300 3537 3 
97350 3546 11 
97400 3539 9 
97450 3545 5 
97500 3528 4 
97550 3534 689 
97600 3540 1555 
97650 3541 2414 
97700 3544 2967 
97750 3545 3298 
97800 3557 3457 
97850 3559 3520 
97900 3540 3500 
97950 3542 3503 
98000 3542 3503 
98050 3401 1637 
98100 3467 528 
98150 3546 121 
98200 3554 27 
98250 3552 4 
98300 3537 5 
98350 3542 3 
98400 3536 5 
98450 3540 4 
98500 3558 7 
98550 3546 679 
98600 3551 1331 
98650 3548 1952 
98700 3546 2469 
98750 3549 2928 
98800 3547 3233 
98850 3543 3411 
98900 3538 3483 
98950 3547 3511 
99000 3552 3506 
99050 3347 1858 
99100 3457 886 
99150 3509 387 
99200 3533 169 
99250 3535 57 
99300 3515 14 
99350 3552 2 
99400 3535 4 
99450 3546 4 
99500 3555 1 
99550 3542 484 
99600 3544 1209 
99650 3544 1889 
99700 3543 2359 
99750 3533 2783 
99800 3545 3071 
99850 3515 3234 
99900 3549 3380 
99950 3550 3473 
100000 3556 3517 
100050 3348 1875 
100100 3454 902 
100150 3511 515 
100200 3540 319 
100250 3549 159 
100300 3523 60 
100350 3542 8 
100400 3560 6 
100450 3536 5 
100500 3550 4 
100550 3544 701 
100600 3547 1417 
100650 3554 1994 
100700 3541 2465 
100750 3512 2860 
100800 3533 3173 
100850 3558 3395 
100900 3541 3497 
100950 3558 3521 
101000 3545 3528 
101050 3316 1910 
101100 3453 824 
101150 3520 409 
101200 3544 168 
101250 3570 64 
101300 3559 15 
101350 3538 4 
101400 3546 3 
101450 3546 2 
101500 3534 4 
101550 3529 615 
101600 3525 1385 
101650 3540 2004 
101700 3534 2475 
101750 3550 2910 
101800 3546 3191 
101850 3534 3390 
101900 3545 3515 
101950 3577 3550 
102000 3548 3526 
102050 3392 1805 
102100 3512 634 
102150 3537 159 
102200 3548 36 
102250 3555 5 
102300 3551 5 
102350 3545 1 
102400 3534 5 
102450 3536 3 
102500 3557 4 
102550 3552 268 
102600 3525 1073 
102650 3506 1748 
102700 3509 2300 
102750 3533 2706 
102800 3547 3032 
102850 3547 3265 
102900 3557 3458 
102950 3559 3525 
103000 3562 3532 
103050 3356 1809 
103100 3478 744 
103150 3532 326 
103200 3535 126 
103250 3557 24 
103300 3559 12 
103350 3555 2 
103400 3558 1 
103450 3541 4 
103500 3539 3 
103550 3549 647 
103600 3550 1437 
103650 3537 2039 
103700 3546 2441 
103750 3541 2755 
103800 3541 3052 
103850 3547 3281 
103900 3553 3410 
103950 3562 3507 
104000 3558 3542 
104050 3398 1785 
104100 3504 649 
104150 3543 159 
104200 3543 21 
104250 3545 8 
104300 3541 9 
104350 3535 4 
104400 3550 9 
104450 3544 8 
104500 3555 8 
104550 3546 778 
104600 3561 1448 
104650 3560 2014 
104700 3538 2550 
104750 3557 2927 
104800 3547 3156 
104850 3544 3342 
104900 3555 3472 
104950 3550 3502 
105000 3552 3511 
105050 3405 1723 
105100 3504 679 
105150 3525 234 
105200 3522 75 
105250 3538 18 
105300 3552 7 
105350 3543 4 
105400 3547 1 
105450 3539 3 
105500 3559 4 
105550 3532 849 
105600 3539 1557 
105650 3535 2083 
105700 3540 2549 
105750 3545 2890 
105800 3549 3162 
105850 3558 3380 
105900 3542 3476 
105950 3566 3532 
106000 3558 3541 
106050 3275 2004 
106100 3381 1156 
106150 3504 668 
106200 3504 285 
106250 3530 70 
106300 3539 17 
106350 3537 2 
106400 3543 0 
106450 3557 0 
106500 3540 6 
106550 3531 415 
106600 3539 1058 
106650 3549 1626 
106700 3534 2079 
106750 3542 2534 
106800 3536 2858 
106850 3533 3110 
106900 3522 3295 
106950 3540 3431 
107000 3545 3497 
107050 3361 1949 
107100 3452 868 
107150 3523 351 
107200 3548 119 
107250 3554 37 
107300 3560 8 
107350 3556 2 
107400 3557 0 
107450 3563 2 
107500 3560 5 
107550 3548 815 
107600 3539 1620 
107650 3530 2178 
107700 3539 2639 
107750 3553 2990 
107800 3537 3228 
107850 3551 3388 
107900 3533 3444 
107950 3526 3495 
108000 3550 3517 
108050 3334 1997 
108100 3472 879 
108150 3519 281 
108200 3532 58 
108250 3541 6 
108300 3545 3 
108350 3557 11 
108400 3548 3 
108450 3541 2 
108500 3557 3 
108550 3540 890 
108600 3541 1804 
108650 3535 2391 
108700 3533 2769 
108750 3547 3043 
108800 3553 3268 
108850 3529 3390 
108900 3541 3493 
108950 3532 3505 
109000 3544 3515 
109050 3372 1779 
109100 3504 734 
109150 3526 289 
109200 3540 100 
109250 3543 21 
109300 3547 3 
109350 3551 1 
109400 3549 0 
109450 3546 0 
109500 3550 2 
109550 3553 738 
109600 3543 1478 
109650 3547 2141 
109700 3548 2674 
109750 3530 2983 
109800 3568 3233 
109850 3533 3324 
109900 3548 3442 
109950 3552 3494 
110000 3564 3544 
110050 3381 1891 
110100 3490 787 
110150 3543 295 
110200 3531 74 
110250 3549 8 
110300 3542 3 
110350 3538 6 
110400 3558 1 
110450 3538 0 
110500 3540 3 
110550 3529 362 
110600 3545 1198 
110650 3539 1762 
110700 3551 2272 
110750 3518 2702 
110800 3541 3023 
110850 3548 3288 
110900 3552 3405 
110950 3566 3500 
111000 3554 3534 
111050 3357 1839 
111100 3468 769 
111150 3512 266 
111200 3548 75 
111250 3547 20 
111300 3539 10 
111350 3558 10 
111400 3545 17 
111450 3548 9 
111500 3554 1 
111550 3549 753 
111600 3535 1619 
111650 3544 2218 
111700 3548 2641 
111750 3554 2960 
111800 3537 3184 
111850 3548 3351 
111900 3548 3453 
111950 3541 3504 
112000 3552 3523 
112050 3373 1806 
112100 3482 731 
112150 3521 234 
112200 3548 60 
112250 3541 8 
112300 3555 9 
112350 3538 11 
112400 3525 9 
112450 3547 7 
112500 3536 1 
112550 3519 379 
112600 3498 1286 
112650 3493 1921 
112700 3503 2407 
112750 3515 2858 
112800 3511 3201 
112850 3509 3371 
112900 3531 3477 
112950 3534 3498 
113000 3542 3518 
113050 3391 1763 
113100 3514 648 
113150 3547 168 
113200 3554 33 
113250 3546 4 
113300 3545 0 
113350 3554 2 
113400 3546 0 
113450 3538 5 
113500 3549 5 
113550 3542 709 
113600 3551 1418 
113650 3540 1930 
113700 3555 2479 
113750 3545 2920 
113800 3550 3252 
113850 3539 3440 
113900 3553 3519 
113950 3564 3550 
114000 3541 3526 
114050 3301 2026 
114100 3440 958 
114150 3516 478 
114200 3538 129 
114250 3544 24 
114300 3548 4 
114350 3525 4 
114400 3535 1 
114450 3532 0 
114500 3548 2 
114550 3524 21 
114600 3488 946 
114650 3513 1840 
114700 3530 2431 
114750 3561 2822 
114800 3557 3180 
114850 3548 3400 
114900 3537 3490 
114950 3540 3522 
115000 3537 3527 
115050 3330 1888 
115100 3459 791 
115150 3546 270 
115200 3546 54 
115250 3530 8 
115300 3548 4 
115350 3555 4 
115400 3552 3 
115450 3544 7 
115500 3540 9 
115550 3550 850 
115600 3552 1648 
115650 3544 2205 
115700 3555 2672 
115750 3541 3028 
115800 3540 3263 
115850 3550 3447 
115900 3539 3494 
115950 3545 3536 
116000 3538 3533 
116050 3270 2001 
116100 3384 1128 
116150 3459 745 
116200 3476 366 
116250 3517 183 
116300 3541 68 
116350 3542 21 
116400 3548 6 
116450 3555 1 
116500 3552 1 
116550 3555 326 
116600 3534 1032 
116650 3540 1569 
116700 3535 1991 
116750 3520 2407 
116800 3513 2699 
116850 3540 2986 
116900 3553 3218 
116950 3539 3395 
117000 3537 3481 
117050 3341 2031 
117100 3435 1022 
117150 3495 581 
117200 3507 303 
117250 3534 135 
117300 3541 37 
117350 3531 6 
117400 3547 3 
117450 3548 0 
117500 3549 3 
117550 3539 432 
117600 3544 1236 
117650 3545 1857 
117700 3546 2396 
117750 3549 2860 
117800 3537 3140 
117850 3540 3366 
117900 3563 3488 
117950 3558 3527 
118000 3540 3524 
118050 3362 1841 
118100 3458 860 
118150 3517 368 
118200 3550 93 
118250 3534 9 
118300 3546 3 
118350 3553 5 
118400 3550 7 
118450 3545 4 
118500 3549 3 
118550 3557 387 
118600 3571 1159 
118650 3568 1749 
118700 3547 2262 
118750 3541 2711 
118800 3555 3044 
118850 3550 3278 
118900 3547 3423 
118950 3548 3508 
119000 3536 3527 
119050 3355 1833 
119100 3478 651 
119150 3533 176 
119200 3534 40 
119250 3541 11 
119300 3537 6 
119350 3538 6 
119400 3536 11 
119450 3554 10 
119500 3550 2 
119550 3543 708 
119600 3541 1497 
119650 3546 2106 
119700 3542 2541 
119750 3529 2913 
119800 3543 3221 
119850 3542 3410 
119900 3559 3532 
119950 3542 3523 
120000 3548 3530 
120050 3297 1980 
120100 3367 1077 
120150 3508 766 
120200 3522 475 
120250 3538 300 
120300 3547 147 
120350 3545 54 
120400 3546 6 
120450 3549 1 
120500 3551 2 
120550 3551 655 
120600 3539 1702 
120650 3556 2445 
120700 3542 2936 
120750 3549 3268 
120800 3554 3476 
120850 3544 3527 
120900 3538 3515 
120950 3528 3511 
121000 3553 3538 
121050 3287 2143 
121100 3390 1308 
121150 3510 829 
121200 3516 373 
121250 3531 144 
121300 3534 38 
121350 3557 7 
121400 3551 6 
121450 3555 3 
121500 3553 7 
121550 3564 810 
121600 3563 1665 
121650 3550 2257 
121700 3545 2651 
121750 3555 2967 
121800 3558 3194 
121850 3552 3360 
121900 3546 3466 
121950 3566 3523 
122000 3558 3535 
122050 3321 1980 
122100 3441 936 
122150 3537 478 
122200 3537 178 
122250 3563 34 
122300 3549 2 
122350 3559 0 
122400 3545 0 
122450 3545 5 
122500 3559 5 
122550 3554 45 
122600 3537 1009 
122650 3553 1642 
122700 3553 2193 
122750 3556 2674 
122800 3543 3041 
122850 3539 3273 
122900 3546 3417 
122950 3542 3476 
123000 3537 3519 
123050 3286 2087 
123100 3395 1238 
123150 3507 853 
123200 3539 488 
123250 3531 267 
123300 3539 129 
123350 3549 36 
123400 3547 12 
123450 3544 5 
123500 3552 1 
123550 3562 733 
123600 3555 1600 
123650 3547 2155 
123700 3542 2530 
123750 3562 2921 
123800 3530 3167 
123850 3550 3337 
123900 3553 3455 
123950 3547 3505 
124000 3556 3546 
124050 3335 2116 
124100 3476 1258 
124150 3542 706 
124200 3546 328 
124250 3542 136 
124300 3537 32 
124350 3553 7 
124400 3544 2 
124450 3558 3 
124500 3552 0 
124550 3556 97 
124600 3549 944 
124650 3557 1596 
124700 3546 2187 
124750 3547 2648 
124800 3547 3014 
124850 3534 3258 
124900 3549 3419 
124950 3555 3490 
125000 3534 3518 
125050 3369 1835 
125100 3473 714 
125150 3544 267 
125200 3540 92 
125250 3538 20 
125300 3532 3 
125350 3544 2 
125400 3566 5 
125450 3547 2 
125500 3538 2 
125550 3547 664 
125600 3529 1377 
125650 3534 1993 
125700 3553 2510 
125750 3537 2935 
125800 3543 3218 
125850 3541 3353 
125900 3548 3438 
125950 3549 3530 
126000 3562 3544 
126050 3381 1823 
126100 3463 683 
126150 3528 176 
126200 3545 37 
126250 3544 2 
126300 3530 0 
126350 3559 1 
126400 3538 2 
126450 3540 0 
126500 3543 3 
126550 3543 0 
126600 3551 373 
126650 3544 1282 
126700 3541 1947 
126750 3551 2485 
126800 3541 2908 
126850 3546 3235 
126900 3557 3455 
126950 3542 3529 
127000 3572 3560 
127050 3322 2061 
127100 3425 1089 
127150 3513 686 
127200 3516 369 
127250 3536 201 
127300 3543 103 
127350 3553 33 
127400 3542 16 
127450 3547 3 
127500 3549 5 
127550 3550 657 
127600 3549 1396 
127650 3551 1999 
127700 3552 2512 
127750 3551 2918 
127800 3541 3188 
127850 3524 3337 
127900 3539 3426 
127950 3543 3493 
128000 3549 3551 
128050 3335 1934 
128100 3469 832 
128150 3526 353 
128200 3528 123 
128250 3523 37 
128300 3527 3 
128350 3554 1 
128400 3536 0 
128450 3548 0 
128500 3542 2 
128550 3564 558 
128600 3552 1294 
128650 3548 1887 
128700 3552 2450 
128750 3547 2877 
128800 3545 3166 
128850 3553 3356 
128900 3549 3449 
128950 3542 3514 
129000 3552 3533 
129050 3366 1885 
129100 3465 884 
129150 3515 434 
129200 3518 258 
129250 3539 151 
129300 3545 84 
129350 3541 27 
129400 3551 14 
129450 3560 3 
129500 3563 5 
129550 3562 0 
129600 3545 790 
129650 3542 1474 
129700 3540 2039 
129750 3544 2492 
129800 3543 2826 
129850 3545 3093 
129900 3527 3260 
129950 3560 3404 
130000 3540 3466 
130050 3349 2030 
130100 3475 929 
130150 3528 343 
130200 3539 113 
130250 3551 23 
130300 3555 9 
130350 3564 6 
130400 3552 8 
130450 3546 2 
130500 3551 11 
130550 3543 616 
130600 3542 1291 
130650 3542 1806 
130700 3540 2332 
130750 3554 2759 
130800 3538 3019 
130850 3545 3197 
130900 3540 3324 
130950 3538 3429 
131000 3559 3496 
131050 3361 2013 
131100 3460 964 
131150 3526 405 
131200 3541 127 
131250 3542 34 
131300 3540 8 
131350 3556 8 
131400 3529 3 
131450 3541 4 
131500 3545 7 
131550 3527 383 
131600 3512 1115 
131650 3518 1620 
131700 3508 2104 
131750 3504 2525 
131800 3530 2875 
131850 3523 3075 
131900 3525 3235 
131950 3556 3370 
132000 3543 3451 
132050 3287 2084 
132100 3398 1107 
132150 3438 590 
132200 3499 287 
132250 3537 143 
132300 3544 69 
132350 3546 25 
132400 3538 10 
132450 3550 5 
132500 3559 2 
132550 3551 249 
132600 3540 1063 
132650 3546 1644 
132700 3539 2099 
132750 3562 2574 
132800 3540 2892 
132850 3548 3122 
132900 3543 3288 
132950 3564 3404 
133000 3556 3483 
133050 3257 2214 
133100 3326 1371 
133150 3484 917 
133200 3501 524 
133250 3492 252 
133300 3538 114 
133350 3537 37 
133400 3546 5 
133450 3546 0 
133500 3553 3 
133550 3544 655 
133600 3540 1306 
133650 3543 1822 
133700 3548 2301 
133750 3544 2682 
133800 3559 2973 
133850 3546 3153 
133900 3552 3281 
133950 3553 3381 
134000 3547 3460 
134050 3345 2082 
134100 3478 892 
134150 3518 350 
134200 3542 132 
134250 3542 44 
134300 3551 8 
134350 3541 2 
134400 3528 0 
134450 3561 0 
134500 3527 0 
134550 3544 498 
134600 3538 1153 
134650 3533 1735 
134700 3558 2291 
134750 3548 2693 
134800 3552 2998 
134850 3534 3203 
134900 3536 3370 
134950 3533 3456 
135000 3540 3498 
135050 3321 2052 
135100 3436 985 
135150 3509 404 
135200 3528 195 
135250 3543 51 
135300 3537 11 
135350 3544 0 
135400 3544 3 
135450 3551 0 
135500 3547 1 
135550 3546 0 
135600 3552 538 
135650 3541 1190 
135700 3542 1752 
135750 3558 2262 
135800 3538 2594 
135850 3558 2971 
135900 3538 3192 
135950 3553 3397 
136000 3556 3517 
136050 3262 2217 
136100 3392 1156 
136150 3521 699 
136200 3528 411 
136250 3542 227 
136300 3542 109 
136350 3530 48 
136400 3550 12 
136450 3530 3 
136500 3550 2 
136550 3500 46 
136600 3302 231 
136650 2892 660 
136700 2371 1168 
136750 1852 1682 
136800 1403 2139 
136850 1054 2465 
136900 802 2728 
136950 558 2989 
137000 418 3107 
137050 1140 2195 
137100 2067 1344 
137150 2659 814 
137200 3121 396 
137250 3389 164 
137300 3477 46 
137350 3542 10 
137400 3541 0 
137450 3552 0 
137500 3557 0 
137550 3553 0 
137600 3549 525 
137650 3538 1304 
137700 3559 1975 
137750 3555 2458 
137800 3548 2844 
137850 3534 3137 
137900 3552 3321 
137950 3560 3442 
138000 3559 3517 
138050 3346 1903 
138100 3424 916 
138150 3472 507 
138200 3523 279 
138250 3527 144 
138300 3532 67 
138350 3537 14 
138400 3539 1 
138450 3544 0 
138500 3548 1 
138550 3557 357 
138600 3557 1185 
138650 3552 1837 
138700 3533 2358 
138750 3543 2852 
138800 3548 3179 
138850 3548 3401 
138900 3560 3513 
138950 3538 3520 
139000 3550 3535 
139050 3297 1917 
139100 3418 891 
139150 3502 459 
139200 3530 148 
139250 3538 29 
139300 3552 4 
139350 3532 2 
139400 3555 0 
139450 3559 5 
139500 3544 3 
139550 3555 591 
139600 3558 1285 
139650 3540 1830 
139700 3554 2334 
139750 3545 2795 
139800 3542 3129 
139850 3551 3363 
139900 3569 3511 
139950 3559 3527 
140000 3557 3553 
140050 3329 2017 
140100 3427 1056 
140150 3529 517 
140200 3539 224 
140250 3544 63 
140300 3558 7 
140350 3547 1 
140400 3549 2 
140450 3553 1 
140500 3543 5 
140550 3542 0 
140600 3554 0 
140650 3536 403 
140700 3558 1157 
140750 3558 1676 
140800 3552 2190 
140850 3537 2582 
140900 3546 2884 
140950 3561 3171 
141000 3541 3302 
141050 3357 1915 
141100 3448 903 
141150 3458 403 
141200 3509 205 
141250 3502 61 
141300 3535 11 
141350 3552 5 
141400 3538 5 
141450 3545 3 
141500 3558 0 
141550 3554 306 
141600 3552 1114 
141650 3558 1760 
141700 3556 2258 
141750 3540 2648 
141800 3541 2895 
141850 3544 3100 
141900 3545 3254 
141950 3551 3358 
142000 3555 3442 
142050 3357 1827 
142100 3478 807 
142150 3519 337 
142200 3552 159 
142250 3549 52 
142300 3557 12 
142350 3549 2 
142400 3553 1 
142450 3543 4 
142500 3543 1 
142550 3548 381 
142600 3563 1480 
142650 3555 2182 
142700 3523 2642 
142750 3553 3037 
142800 3534 3248 
142850 3550 3423 
142900 3540 3499 
142950 3543 3519 
143000 3555 3550 
143050 3272 2007 
143100 3422 935 
143150 3518 453 
143200 3550 181 
143250 3551 47 
143300 3555 8 
143350 3547 2 
143400 3549 0 
143450 3540 3 
143500 3546 1 
143550 3563 2 
143600 3560 817 
143650 3568 1463 
143700 3550 2137 
143750 3561 2711 
143800 3558 3127 
143850 3540 3346 
143900 3549 3467 
143950 3570 3547 
144000 3550 3536 
144050 3337 2042 
144100 3434 1112 
144150 3532 646 
144200 3557 263 
144250 3545 101 
144300 3545 29 
144350 3555 7 
144400 3565 1 
144450 3556 0 
144500 3570 2 
144550 3551 542 
144600 3562 1282 
144650 3559 1911 
144700 3562 2416 
144750 3566 2880 
144800 3554 3214 
144850 3560 3378 
144900 3555 3480 
144950 3568 3535 
145000 3565 3551 
145050 3320 1982 
145100 3425 1005 
145150 3502 520 
145200 3545 211 
145250 3544 41 
145300 3553 4 
145350 3544 3 
145400 3549 1 
145450 3549 2 
145500 3565 3 
145550 3552 810 
145600 3550 1674 
145650 3553 2229 
145700 3562 2700 
145750 3555 3061 
145800 3554 3323 
145850 3551 3471 
145900 3555 3526 
145950 3553 3536 
146000 3521 3515 
146050 3341 1933 
146100 3465 899 
146150 3524 289 
146200 3552 67 
146250 3541 11 
146300 3552 2 
146350 3546 1 
146400 3535 7 
146450 3552 0 
146500 3544 1 
146550 3548 0 
146600 3565 796 
146650 3553 1546 
146700 3545 2203 
146750 3555 2649 
146800 3559 2998 
146850 3551 3234 
146900 3556 3400 
146950 3553 3512 
147000 3549 3542 
147050 3299 2056 
147100 3407 1058 
147150 3519 616 
147200 3531 272 
147250 3546 112 
147300 3546 25 
147350 3557 4 
147400 3552 2 
147450 3568 1 
147500 3567 0 
147550 3548 152 
147600 3554 950 
147650 3562 1550 
147700 3557 2085 
147750 3551 2532 
147800 3558 2898 
147850 3561 3202 
147900 3548 3337 
147950 3566 3481 
148000 3551 3506 
148050 3363 1868 
148100 3480 731 
148150 3525 185 
148200 3546 49 
148250 3542 11 
148300 3562 2 
148350 3566 0 
148400 3546 1 
148450 3551 2 
148500 3544 0 
148550 3476 135 
148600 3493 957 
148650 3498 1558 
148700 3536 2088 
148750 3549 2555 
148800 3547 2881 
148850 3544 3149 
148900 3536 3334 
148950 3543 3434 
149000 3547 3495 
149050 3378 1816 
149100 3508 661 
149150 3526 193 
149200 3555 50 
149250 3546 9 
149300 3546 0 
149350 3540 1 
149400 3550 3 
149450 3560 1 
149500 3548 1 
149550 3538 312 
149600 3561 1288 
149650 3549 1911 
149700 3570 2494 
149750 3554 2873 
149800 3547 3150 
149850 3542 3342 
149900 3539 3449 
149950 3535 3503 
150000 3551 3547 
150050 3343 2005 
150100 3438 978 
150150 3527 493 
150200 3536 213 
150250 3560 81 
150300 3547 31 
150350 3547 11 
150400 3543 0 
150450 3541 2 
150500 3542 2 
150550 3558 1 
150600 3555 772 
150650 3558 1403 
150700 3544 2023 
150750 3567 2509 
150800 3548 2857 
150850 3543 3125 
150900 3541 3312 
150950 3534 3402 
151000 3553 3487 
151050 3417 1829 
151100 3485 752 
151150 3518 260 
151200 3532 98 
151250 3543 21 
151300 3555 2 
151350 3552 3 
151400 3551 2 
151450 3549 4 
151500 3551 5 
151550 3550 406 
151600 3551 1099 
151650 3559 1667 
151700 3555 2194 
151750 3543 2616 
151800 3532 2896 
151850 3553 3111 
151900 3560 3319 
151950 3539 3407 
152000 3543 3487 
152050 3395 1662 
152100 3498 609 
152150 3539 200 
152200 3537 48 
152250 3546 3 
152300 3546 1 
152350 3559 4 
152400 3559 1 
152450 3564 1 
152500 3551 3 
152550 3535 291 
152600 3528 1067 
152650 3523 1689 
152700 3534 2202 
152750 3547 2611 
152800 3537 2918 
152850 3549 3176 
152900 3544 3326 
152950 3538 3413 
153000 3554 3483 
153050 3417 1682 
153100 3504 652 
153150 3524 148 
153200 3549 30 
153250 3548 2 
153300 3548 10 
153350 3552 2 
153400 3540 6 
153450 3558 2 
153500 3547 2 
153550 3544 658 
153600 3542 1340 
153650 3543 1922 
153700 3560 2458 
153750 3532 2839 
153800 3540 3111 
153850 3543 3294 
153900 3550 3427 
153950 3541 3490 
154000 3553 3525 
154050 3381 1791 
154100 3495 793 
154150 3536 328 
154200 3538 138 
154250 3555 50 
154300 3552 17 
154350 3544 6 
154400 3548 4 
154450 3543 3 
154500 3562 3 
154550 3526 295 
154600 3511 1042 
154650 3524 1695 
154700 3522 2204 
154750 3533 2742 
154800 3555 3115 
154850 3525 3324 
154900 3546 3418 
154950 3540 3500 
155000 3532 3507 
155050 3375 1767 
155100 3502 630 
155150 3543 193 
155200 3550 60 
155250 3543 6 
155300 3558 7 
155350 3553 7 
155400 3548 6 
155450 3550 15 
155500 3554 10 
155550 3492 128 
155600 3485 1021 
155650 3463 1654 
155700 3471 2166 
155750 3516 2611 
155800 3535 2957 
155850 3549 3213 
155900 3542 3369 
155950 3536 3445 
156000 3552 3489 
156050 3343 1940 
156100 3472 954 
156150 3532 450 
156200 3556 201 
156250 3553 57 
156300 3558 10 
156350 3548 5 
156400 3558 4 
156450 3550 0 
156500 3548 0 
156550 3550 481 
156600 3542 1134 
156650 3542 1761 
156700 3536 2295 
156750 3536 2732 
156800 3542 3058 
156850 3549 3260 
156900 3544 3394 
156950 3542 3496 
157000 3530 3515 
157050 3355 1953 
157100 3482 845 
157150 3532 302 
157200 3555 85 
157250 3543 13 
157300 3554 0 
157350 3548 1 
157400 3547 2 
157450 3543 6 
157500 3548 0 
157550 3542 643 
157600 3545 1330 
157650 3543 1908 
157700 3541 2385 
157750 3541 2854 
157800 3550 3145 
157850 3559 3356 
157900 3546 3460 
157950 3550 3517 
158000 3558 3542 
158050 3344 1980 
158100 3445 922 
158150 3532 411 
158200 3544 110 
158250 3553 20 
158300 3542 5 
158350 3554 2 
158400 3557 7 
158450 3540 5 
158500 3556 1 
158550 3548 731 
158600 3521 1407 
158650 3545 1986 
158700 3543 2455 
158750 3558 2879 
158800 3571 3136 
158850 3551 3336 
158900 3542 3424 
158950 3555 3525 
159000 3545 3519 
159050 3374 1878 
159100 3496 799 
159150 3518 323 
159200 3540 145 
159250 3549 30 
159300 3558 3 
159350 3545 10 
159400 3549 1 
159450 3548 5 
159500 3557 2 
159550 3526 668 
159600 3527 1461 
159650 3532 2039 
159700 3550 2515 
159750 3544 2848 
159800 3545 3193 
159850 3541 3402 
159900 3544 3492 
159950 3566 3527 
160000 3548 3512 
160050 3369 1877 
160100 3491 723 
160150 3518 244 
160200 3546 79 
160250 3562 15 
160300 3545 3 
160350 3553 0 
160400 3547 2 
160450 3551 3 
160500 3549 2 
160550 3554 558 
160600 3556 1275 
160650 3555 1871 
160700 3542 2371 
160750 3534 2750 
160800 3547 3036 
160850 3540 3208 
160900 3559 3374 
160950 3547 3436 
161000 3530 3459 
161050 3310 2037 
161100 3405 1068 
161150 3505 594 
161200 3549 273 
161250 3537 95 
161300 3549 26 
161350 3562 9 
161400 3540 5 
161450 3547 7 
161500 3558 3 
161550 3553 521 
161600 3545 1200 
161650 3546 1815 
161700 3547 2360 
161750 3553 2767 
161800 3552 3016 
161850 3541 3182 
161900 3549 3319 
161950 3555 3427 
162000 3558 3516 
162050 3396 1785 
162100 3465 744 
162150 3504 370 
162200 3532 217 
162250 3563 108 
162300 3535 46 
162350 3540 8 
162400 3546 0 
162450 3547 4 
162500 3529 5 
162550 3527 405 
162600 3547 1142 
162650 3548 1743 
162700 3537 2273 
162750 3527 2720 
162800 3550 3055 
162850 3560 3268 
162900 3547 3377 
162950 3547 3468 
163000 3559 3532 
163050 3324 1949 
163100 3433 969 
163150 3515 495 
163200 3522 278 
163250 3518 122 
163300 3555 41 
163350 3549 7 
163400 3538 2 
163450 3553 0 
163500 3551 0 
163550 3556 23 
163600 3547 917 
163650 3550 1560 
163700 3534 2103 
163750 3553 2659 
163800 3549 2986 
163850 3546 3218 
163900 3567 3421 
163950 3556 3488 
164000 3561 3522 
164050 3362 2051 
164100 3450 1001 
164150 3515 566 
164200 3544 296 
164250 3557 125 
164300 3557 38 
164350 3546 20 
164400 3557 21 
164450 3542 15 
164500 3555 20 
164550 3552 652 
164600 3558 1331 
164650 3562 1890 
164700 3559 2353 
164750 3561 2808 
164800 3567 3099 
164850 3563 3244 
164900 3573 3397 
164950 3566 3461 
165000 3565 3515 
165050 3344 2043 
165100 3437 1041 
165150 3547 629 
165200 3554 363 
165250 3535 165 
165300 3549 50 
165350 3547 22 
165400 3569 16 
165450 3565 21 
165500 3559 10 
165550 3559 530 
165600 3554 1458 
165650 3556 2117 
165700 3565 2631 
165750 3569 3038 
165800 3574 3346 
165850 3575 3493 
165900 3569 3552 
165950 3565 3547 
166000 3566 3541 
166050 3332 2137 
166100 3435 1185 
166150 3544 699 
166200 3558 339 
166250 3561 167 
166300 3568 70 
166350 3558 31 
166400 3553 30 
166450 3564 15 
166500 3575 14 
166550 3570 561 
166600 3571 1393 
166650 3572 1998 
166700 3570 2537 
166750 3563 2993 
166800 3571 3285 
166850 3571 3442 
166900 3566 3511 
166950 3569 3527 
167000 3566 3551 
167050 3368 1989 
167100 3505 933 
167150 3566 541 
167200 3580 254 
167250 3578 118 
167300 3563 41 
167350 3574 5 
167400 3567 3 
167450 3567 6 
167500 3571 6 
167550 3572 540 
167600 3576 1322 
167650 3585 2025 
167700 3587 2548 
167750 3584 2935 
167800 3585 3234 
167850 3578 3411 
167900 3581 3505 
167950 3576 3551 
168000 3582 3558 
168050 3359 2023 
168100 3484 1003 
168150 3560 528 
168200 3567 236 
168250 3565 90 
168300 3563 33 
168350 3552 21 
168400 3570 25 
168450 3571 16 
168500 3562 22 
168550 3568 464 
168600 3572 1226 
168650 3575 1863 
168700 3575 2358 
168750 3575 2687 
168800 3568 2992 
168850 3585 3206 
168900 3577 3361 
168950 3577 3490 
169000 3570 3548 
169050 3340 2004 
169100 3449 1015 
169150 3554 571 
169200 3578 292 
169250 3579 77 
169300 3581 9 
169350 3572 16 
169400 3576 9 
169450 3579 6 
169500 3571 7 
169550 3580 656 
169600 3576 1347 
169650 3576 1941 
169700 3579 2455 
169750 3582 2944 
169800 3581 3248 
169850 3593 3390 
169900 3580 3461 
169950 3577 3525 
170000 3576 3567 
170050 3352 2136 
170100 3486 1214 
170150 3580 775 
170200 3571 422 
170250 3580 218 
170300 3567 100 
170350 3574 38 
170400 3580 12 
170450 3556 0 
170500 3571 0 
170550 3574 462 
170600 3578 1342 
170650 3580 1963 
170700 3584 2457 
170750 3564 2793 
170800 3572 3088 
170850 3575 3277 
170900 3572 3407 
170950 3572 3510 
171000 3583 3558 
171050 3300 2267 
171100 3503 1630 
171150 3572 1215 
171200 3570 734 
171250 3558 363 
171300 3577 80 
171350 3584 21 
171400 3577 3 
171450 3583 3 
171500 3577 0 
171550 3585 179 
171600 3582 1051 
171650 3585 1682 
171700 3578 2150 
171750 3584 2635 
171800 3584 3008 
171850 3584 3276 
171900 3584 3427 
171950 3571 3502 
172000 3581 3556 
172050 3390 2019 
172100 3513 924 
172150 3578 397 
172200 3574 102 
172250 3581 16 
172300 3576 1 
172350 3573 1 
172400 3575 3 
172450 3581 2 
172500 3580 3 
172550 3564 551 
172600 3577 1253 
172650 3579 1817 
172700 3574 2296 
172750 3577 2673 
172800 3573 2987 
172850 3574 3173 
172900 3583 3325 
172950 3574 3457 
173000 3573 3513 
173050 3376 2072 
173100 3496 996 
173150 3554 468 
173200 3568 195 
173250 3562 51 
173300 3575 19 
173350 3572 15 
173400 3567 11 
173450 3561 3 
173500 3578 6 
173550 3576 493 
173600 3553 1267 
173650 3562 1911 
173700 3552 2441 
173750 3532 2842 
173800 3542 3139 
173850 3550 3352 
173900 3535 3465 
173950 3534 3529 
174000 3537 3542 
174050 3316 2006 
174100 3420 963 
174150 3480 470 
174200 3545 172 
174250 3535 47 
174300 3549 8 
174350 3528 2 
174400 3536 7 
174450 3542 4 
174500 3550 1 
174550 3537 123 
174600 3534 945 
174650 3537 1590 
174700 3526 2100 
174750 3526 2582 
174800 3507 2970 
174850 3546 3227 
174900 3516 3357 
174950 3541 3476 
175000 3536 3538 
175050 3298 2212 
175100 3434 1366 
175150 3497 892 
175200 3518 562 
175250 3535 340 
175300 3528 186 
175350 3555 77 
175400 3534 29 
175450 3534 7 
175500 3541 3 
175550 3542 342 
175600 3549 1059 
175650 3545 1715 
175700 3543 2283 
175750 3531 2694 
175800 3547 3073 
175850 3533 3263 
175900 3532 3397 
175950 3511 3481 
176000 3517 3532 
176050 3274 2078 
176100 3398 1091 
176150 3526 664 
176200 3532 370 
176250 3534 202 
176300 3533 106 
176350 3516 55 
176400 3528 25 
176450 3536 6 
176500 3551 5 
176550 3527 10 
176600 3417 120 
176650 3129 416 
176700 2771 937 
176750 2824 1562 
176800 2916 2030 
176850 3087 2363 
176900 3237 2625 
176950 3366 2924 
177000 3473 3189 
177050 3370 1918 
177100 3475 844 
177150 3533 311 
177200 3535 94 
177250 3544 32 
177300 3547 13 
177350 3545 15 
177400 3549 6 
177450 3540 9 
177500 3541 12 
177550 3551 846 
177600 3549 1560 
177650 3558 2139 
177700 3542 2526 
177750 3547 2859 
177800 3548 3168 
177850 3540 3396 
177900 3536 3503 
177950 3546 3529 
178000 3551 3542 
178050 3306 2151 
178100 3400 1254 
178150 3511 934 
178200 3534 556 
178250 3529 313 
178300 3543 146 
178350 3556 70 
178400 3541 22 
178450 3543 10 
178500 3557 13 
178550 3564 600 
178600 3547 1308 
178650 3563 1852 
178700 3560 2403 
178750 3547 2860 
178800 3546 3207 
178850 3548 3374 
178900 3553 3496 
178950 3545 3529 
179000 3562 3554 
179050 3253 2270 
179100 3448 1524 
179150 3512 972 
179200 3535 593 
179250 3548 294 
179300 3545 86 
179350 3537 20 
179400 3531 13 
179450 3550 9 
179500 3525 14 
179550 3549 591 
179600 3558 1284 
179650 3544 1849 
179700 3551 2409 
179750 3564 2879 
179800 3552 3213 
179850 3558 3411 
179900 3559 3509 
179950 3553 3535 
180000 3557 3551 
180050 3316 2196 
180100 3395 1280 
180150 3495 841 
180200 3504 532 
180250 3539 297 
180300 3544 127 
180350 3563 35 
180400 3559 15 
180450 3567 3 
180500 3564 13 
180550 3558 838 
180600 3554 1715 
180650 3562 2395 
180700 3570 2816 
180750 3559 3118 
180800 3565 3344 
180850 3551 3472 
180900 3567 3553 
180950 3569 3561 
181000 3560 3562 
181050 3324 2067 
181100 3452 1135 
181150 3562 705 
181200 3548 311 
181250 3560 101 
181300 3565 30 
181350 3560 4 
181400 3567 4 
181450 3562 2 
181500 3559 1 
181550 3562 657 
181600 3572 1315 
181650 3571 1876 
181700 3567 2398 
181750 3565 2795 
181800 3557 3112 
181850 3555 3355 
181900 3549 3467 
181950 3561 3532 
182000 3562 3551 
182050 3343 2084 
182100 3458 1040 
182150 3545 573 
182200 3557 270 
182250 3561 85 
182300 3549 16 
182350 3552 7 
182400 3556 3 
182450 3574 3 
182500 3565 4 
182550 3542 392 
182600 3546 1150 
182650 3558 1694 
182700 3554 2215 
182750 3549 2622 
182800 3571 2945 
182850 3562 3190 
182900 3569 3343 
182950 3566 3437 
183000 3569 3503 
183050 3374 2085 
183100 3497 987 
183150 3563 415 
183200 3564 165 
183250 3564 45 
183300 3547 17 
183350 3557 10 
183400 3566 7 
183450 3573 4 
183500 3557 4 
183550 3560 626 
183600 3562 1383 
183650 3564 1922 
183700 3572 2472 
183750 3570 2854 
183800 3573 3149 
183850 3559 3315 
183900 3572 3455 
183950 3559 3527 
184000 3577 3555 
184050 3345 2085 
184100 3435 1074 
184150 3552 641 
184200 3555 281 
184250 3550 105 
184300 3554 26 
184350 3563 1 
184400 3573 3 
184450 3562 3 
184500 3574 1 
184550 3563 1 
184600 3511 653 
184650 3504 1390 
184700 3520 1913 
184750 3531 2418 
184800 3548 2821 
184850 3557 3083 
184900 3547 3298 
184950 3545 3412 
185000 3538 3498 
185050 3381 1890 
185100 3476 884 
185150 3518 400 
185200 3537 168 
185250 3559 33 
185300 3564 10 
185350 3571 2 
185400 3540 3 
185450 3556 3 
185500 3553 2 
185550 3565 684 
185600 3557 1538 
185650 3572 2211 
185700 3561 2704 
185750 3566 3070 
185800 3569 3310 
185850 3559 3457 
185900 3561 3528 
185950 3560 3543 
186000 3571 3560 
186050 3339 2128 
186100 3448 1136 
186150 3548 691 
186200 3550 311 
186250 3564 119 
186300 3548 23 
186350 3560 2 
186400 3558 1 
186450 3572 3 
186500 3563 5 
186550 3559 550 
186600 3562 1287 
186650 3557 1873 
186700 3555 2381 
186750 3559 2768 
186800 3567 3034 
186850 3554 3232 
186900 3553 3383 
186950 3554 3469 
187000 3554 3540 
187050 3265 2388 
187100 3490 1670 
187150 3499 968 
187200 3517 513 
187250 3542 215 
187300 3547 50 
187350 3575 7 
187400 3556 3 
187450 3566 3 
187500 3564 4 
187550 3559 354 
187600 3555 1057 
187650 3547 1662 
187700 3552 2193 
187750 3560 2620 
187800 3546 2939 
187850 3548 3192 
187900 3564 3335 
187950 3554 3447 
188000 3557 3527 
188050 3244 2283 
188100 3456 1475 
188150 3500 873 
188200 3510 439 
188250 3508 164 
188300 3524 41 
188350 3561 3 
188400 3559 5 
188450 3551 1 
188500 3550 6 
188550 3548 424 
188600 3550 1166 
188650 3549 1867 
188700 3550 2481 
188750 3569 2983 
188800 3559 3338 
188850 3555 3480 
188900 3552 3537 
188950 3565 3558 
189000 3548 3548 
189050 3274 2199 
189100 3434 1307 
189150 3522 808 
189200 3523 420 
189250 3533 194 
189300 3544 75 
189350 3554 12 
189400 3559 1 
189450 3550 0 
189500 3573 0 
189550 3568 0 
189600 3486 78 
189650 3260 303 
189700 2887 679 
189750 2461 1095 
189800 2044 1519 
189850 1685 1877 
189900 1301 2268 
189950 939 2618 
190000 676 2877 
190050 1472 1867 
190100 2211 1183 
190150 2693 714 
190200 3071 399 
190250 3337 179 
190300 3489 54 
190350 3550 13 
190400 3560 5 
190450 3558 2 
190500 3563 1 
190550 3566 705 
190600 3580 1567 
190650 3569 2223 
190700 3560 2672 
190750 3550 3067 
190800 3551 3309 
190850 3555 3462 
190900 3567 3545 
190950 3563 3547 
191000 3556 3547 
191050 3299 2246 
191100 3478 1268 
191150 3535 681 
191200 3535 241 
191250 3547 91 
191300 3554 28 
191350 3544 5 
191400 3564 4 
191450 3564 5 
191500 3560 2 
191550 3498 54 
191600 3354 712 
191650 3336 1444 
191700 3410 1955 
191750 3460 2370 
191800 3482 2757 
191850 3531 3046 
191900 3549 3254 
191950 3556 3372 
192000 3538 3462 
192050 3323 2108 
192100 3409 1082 
192150 3523 639 
192200 3540 339 
192250 3557 184 
192300 3551 74 
192350 3551 32 
192400 3542 8 
192450 3559 0 
192500 3547 3 
192550 3549 677 
192600 3550 1504 
192650 3559 2169 
192700 3544 2638 
192750 3549 3013 
192800 3546 3239 
192850 3559 3394 
192900 3554 3491 
192950 3558 3539 
193000 3541 3539 
193050 3278 2227 
193100 3445 1207 
193150 3534 666 
193200 3542 324 
193250 3545 160 
193300 3561 59 
193350 3556 21 
193400 3555 3 
193450 3561 6 
193500 3557 2 
193550 3560 0 
193600 3567 763 
193650 3566 1430 
193700 3564 1978 
193750 3555 2469 
193800 3567 2878 
193850 3573 3129 
193900 3564 3281 
193950 3557 3419 
194000 3569 3485 
194050 3290 2254 
194100 3410 1354 
194150 3547 884 
194200 3546 425 
194250 3551 148 
194300 3553 32 
194350 3568 3 
194400 3556 2 
194450 3565 6 
194500 3563 2 
194550 3575 795 
194600 3569 1591 
194650 3570 2163 
194700 3560 2624 
194750 3554 2963 
194800 3568 3271 
194850 3564 3402 
194900 3574 3512 
194950 3574 3551 
195000 3553 3537 
195050 3349 2166 
195100 3462 1119 
195150 3539 636 
195200 3561 282 
195250 3534 83 
195300 3544 17 
195350 3559 22 
195400 3552 11 
195450 3560 18 
195500 3567 6 
195550 3565 687 
195600 3542 1371 
195650 3554 1962 
195700 3550 2428 
195750 3549 2803 
195800 3565 3056 
195850 3544 3225 
195900 3552 3351 
195950 3548 3447 
196000 3533 3497 
196050 3322 2022 
196100 3446 947 
196150 3512 435 
196200 3523 222 
196250 3554 92 
196300 3552 32 
196350 3538 10 
196400 3572 8 
196450 3558 2 
196500 3548 6 
196550 3551 66 
196600 3544 1002 
196650 3545 1788 
196700 3528 2409 
196750 3533 2881 
196800 3552 3260 
196850 3552 3468 
196900 3552 3526 
196950 3549 3543 
197000 3549 3526 
197050 3339 1959 
197100 3439 886 
197150 3520 417 
197200 3541 184 
197250 3547 35 
197300 3549 7 
197350 3552 6 
197400 3541 8 
197450 3548 3 
197500 3560 5 
197550 3555 790 
197600 3537 1409 
197650 3541 1920 
197700 3554 2403 
197750 3544 2792 
197800 3546 3078 
197850 3555 3298 
197900 3549 3379 
197950 3535 3450 
198000 3545 3498 
198050 3318 2027 
198100 3447 873 
198150 3526 322 
198200 3538 94 
198250 3543 20 
198300 3540 10 
198350 3547 12 
198400 3552 3 
198450 3545 1 
198500 3543 4 
198550 3564 388 
198600 3564 1148 
198650 3561 1803 
198700 3559 2281 
198750 3558 2711 
198800 3566 3012 
198850 3561 3212 
198900 3549 3329 
198950 3560 3447 
199000 3545 3500 
199050 3300 2282 
199100 3422 1451 
199150 3498 992 
199200 3509 579 
199250 3503 375 
199300 3528 206 
199350 3515 99 
199400 3537 29 
199450 3542 7 
199500 3551 8 
199550 3557 207 
199600 3546 1382 
199650 3551 2040 
199700 3543 2544 
199750 3542 2860 
199800 3552 3151 
199850 3538 3303 
199900 3560 3417 
199950 3554 3486 
200000 3546 3521 
