# Avida tasks data
# Sat Apr  7 05:28:12 2012
# First column gives the current update, next columns give the number
# of organisms that have the particular task as a component of their merit
#  1: Update
#  2: Xor
#  3: Equals

0 0 0 
50 8 8 
100 39 39 
150 112 112 
200 247 247 
250 427 428 
300 655 655 
350 945 945 
400 1323 1320 
450 1712 1713 
500 2139 2139 
550 2668 2669 
600 3144 3144 
650 3390 3389 
700 3516 3512 
750 3532 3524 
800 3538 3534 
850 3536 3535 
900 3536 3535 
950 3551 3550 
1000 3553 3550 
1050 3542 3537 
1100 3546 3553 
1150 3546 3546 
1200 3529 3531 
1250 3537 3537 
1300 3556 3551 
1350 3541 3541 
1400 3544 3542 
1450 3547 3543 
1500 3559 3558 
1550 3551 3554 
1600 3560 3559 
1650 3534 3541 
1700 3527 3528 
1750 3554 3553 
1800 3564 3565 
1850 3526 3523 
1900 3546 3547 
1950 3544 3550 
2000 3539 3537 
2050 3528 3520 
2100 3542 3534 
2150 3543 3540 
2200 3543 3543 
2250 3538 3535 
2300 3556 3557 
2350 3532 3527 
2400 3542 3539 
2450 3556 3557 
2500 3528 3531 
2550 3540 3540 
2600 3548 3544 
2650 3539 3545 
2700 3522 3514 
2750 3537 3539 
2800 3541 3544 
2850 3531 3536 
2900 3543 3551 
2950 3540 3539 
3000 3545 3541 
3050 3555 3552 
3100 3558 3551 
3150 3551 3546 
3200 3561 3551 
3250 3556 3556 
3300 3539 3541 
3350 3543 3549 
3400 3531 3533 
3450 3537 3538 
3500 3553 3555 
3550 3555 3559 
3600 3555 3553 
3650 3540 3551 
3700 3546 3551 
3750 3527 3529 
3800 3546 3539 
3850 3564 3561 
3900 3558 3557 
3950 3556 3556 
4000 3554 3557 
4050 3549 3552 
4100 3560 3554 
4150 3543 3538 
4200 3530 3536 
4250 3557 3559 
4300 3546 3540 
4350 3548 3542 
4400 3533 3533 
4450 3557 3554 
4500 3546 3544 
4550 3551 3549 
4600 3558 3560 
4650 3558 3555 
4700 3545 3547 
4750 3539 3539 
4800 3547 3544 
4850 3539 3537 
4900 3545 3544 
4950 3540 3543 
5000 3542 3548 
5050 3550 3548 
5100 3548 3550 
5150 3543 3544 
5200 3533 3530 
5250 3544 3548 
5300 3548 3547 
5350 3544 3544 
5400 3550 3545 
5450 3530 3530 
5500 3548 3547 
5550 3545 3547 
5600 3540 3539 
5650 3544 3551 
5700 3531 3534 
5750 3533 3537 
5800 3559 3564 
5850 3556 3559 
5900 3551 3548 
5950 3552 3553 
6000 3551 3555 
6050 3546 3548 
6100 3543 3545 
6150 3533 3539 
6200 3548 3548 
6250 3534 3534 
6300 3534 3534 
6350 3540 3538 
6400 3543 3529 
6450 3547 3537 
6500 3539 3540 
6550 3541 3542 
6600 3541 3545 
6650 3544 3543 
6700 3547 3551 
6750 3532 3540 
6800 3532 3528 
6850 3552 3560 
6900 3547 3549 
6950 3547 3551 
7000 3538 3540 
7050 3536 3537 
7100 3541 3543 
7150 3563 3559 
7200 3545 3549 
7250 3546 3553 
7300 3543 3552 
7350 3543 3541 
7400 3542 3540 
7450 3540 3539 
7500 3530 3534 
7550 3536 3535 
7600 3547 3544 
7650 3536 3541 
7700 3541 3545 
7750 3529 3525 
7800 3539 3536 
7850 3544 3534 
7900 3532 3528 
7950 3534 3533 
8000 3541 3539 
8050 3549 3544 
8100 3547 3543 
8150 3545 3546 
8200 3531 3535 
8250 3520 3524 
8300 3540 3545 
8350 3545 3541 
8400 3550 3543 
8450 3553 3555 
8500 3555 3558 
8550 3546 3546 
8600 3536 3540 
8650 3522 3525 
8700 3544 3546 
8750 3558 3555 
8800 3555 3552 
8850 3537 3532 
8900 3547 3548 
8950 3537 3545 
9000 3536 3534 
9050 3544 3546 
9100 3550 3547 
9150 3537 3535 
9200 3541 3539 
9250 3529 3538 
9300 3527 3522 
9350 3536 3539 
9400 3548 3544 
9450 3551 3542 
9500 3544 3546 
9550 3531 3531 
9600 3540 3544 
9650 3527 3532 
9700 3543 3546 
9750 3557 3551 
9800 3538 3544 
9850 3545 3540 
9900 3542 3550 
9950 3534 3537 
10000 3544 3544 
10050 3556 3553 
10100 3527 3526 
10150 3533 3532 
10200 3540 3538 
10250 3546 3549 
10300 3533 3539 
10350 3557 3556 
10400 3522 3522 
10450 3542 3546 
10500 3538 3543 
10550 3551 3553 
10600 3537 3537 
10650 3538 3542 
10700 3539 3540 
10750 3529 3531 
10800 3544 3533 
10850 3544 3537 
10900 3542 3543 
10950 3557 3551 
11000 3554 3552 
11050 3553 3555 
11100 3548 3551 
11150 3550 3545 
11200 3544 3541 
11250 3552 3550 
11300 3546 3546 
11350 3539 3539 
11400 3555 3552 
11450 3549 3544 
11500 3541 3541 
11550 3552 3550 
11600 3551 3549 
11650 3529 3528 
11700 3541 3538 
11750 3539 3541 
11800 3531 3535 
11850 3552 3551 
11900 3541 3538 
11950 3523 3525 
12000 3539 3544 
12050 3544 3545 
12100 3517 3515 
12150 3536 3529 
12200 3529 3521 
12250 3531 3528 
12300 3540 3536 
12350 3548 3553 
12400 3557 3556 
12450 3564 3558 
12500 3552 3551 
12550 3546 3545 
12600 3539 3542 
12650 3550 3552 
12700 3545 3545 
12750 3554 3548 
12800 3547 3549 
12850 3561 3558 
12900 3539 3549 
12950 3528 3531 
13000 3544 3543 
13050 3552 3550 
13100 3542 3543 
13150 3551 3550 
13200 3540 3541 
13250 3552 3557 
13300 3545 3551 
13350 3548 3543 
13400 3551 3540 
13450 3548 3544 
13500 3536 3530 
13550 3547 3549 
13600 3548 3546 
13650 3536 3539 
13700 3555 3557 
13750 3538 3540 
13800 3529 3530 
13850 3524 3528 
13900 3541 3550 
13950 3543 3543 
14000 3555 3554 
14050 3551 3552 
14100 3555 3552 
14150 3548 3544 
14200 3547 3547 
14250 3552 3555 
14300 3529 3538 
14350 3541 3539 
14400 3552 3556 
14450 3564 3563 
14500 3559 3556 
14550 3539 3544 
14600 3553 3551 
14650 3546 3552 
14700 3538 3538 
14750 3548 3550 
14800 3543 3538 
14850 3539 3539 
14900 3548 3542 
14950 3541 3538 
15000 3546 3545 
15050 3538 3538 
15100 3535 3538 
15150 3563 3561 
15200 3565 3564 
15250 3549 3545 
15300 3554 3551 
15350 3556 3555 
15400 3538 3538 
15450 3549 3548 
15500 3533 3532 
15550 3543 3543 
15600 3560 3557 
15650 3548 3548 
15700 3564 3558 
15750 3549 3545 
15800 3547 3554 
15850 3549 3547 
15900 3545 3542 
15950 3547 3545 
16000 3559 3562 
16050 3540 3537 
16100 3558 3558 
16150 3538 3542 
16200 3532 3539 
16250 3546 3547 
16300 3535 3535 
16350 3534 3534 
16400 3545 3541 
16450 3553 3551 
16500 3545 3543 
16550 3554 3549 
16600 3548 3538 
16650 3562 3558 
16700 3548 3549 
16750 3543 3542 
16800 3535 3533 
16850 3548 3555 
16900 3538 3537 
16950 3534 3544 
17000 3542 3551 
17050 3553 3555 
17100 3534 3532 
17150 3557 3550 
17200 3540 3546 
17250 3546 3547 
17300 3538 3538 
17350 3537 3542 
17400 3540 3539 
17450 3535 3540 
17500 3567 3564 
17550 3551 3548 
17600 3562 3560 
17650 3552 3549 
17700 3535 3534 
17750 3544 3549 
17800 3550 3557 
17850 3547 3551 
17900 3552 3553 
17950 3549 3549 
18000 3556 3562 
18050 3548 3545 
18100 3552 3556 
18150 3563 3564 
18200 3543 3540 
18250 3551 3548 
18300 3542 3547 
18350 3558 3561 
18400 3551 3550 
18450 3555 3549 
18500 3547 3548 
18550 3548 3543 
18600 3539 3550 
18650 3557 3554 
18700 3545 3547 
18750 3562 3558 
18800 3555 3554 
18850 3559 3560 
18900 3560 3561 
18950 3536 3536 
19000 3538 3541 
19050 3548 3555 
19100 3552 3553 
19150 3559 3562 
19200 3555 3558 
19250 3548 3550 
19300 3558 3562 
19350 3569 3572 
19400 3557 3555 
19450 3561 3556 
19500 3547 3544 
19550 3545 3547 
19600 3552 3554 
19650 3555 3553 
19700 3557 3561 
19750 3544 3541 
19800 3548 3552 
19850 3546 3544 
19900 3554 3553 
19950 3544 3543 
20000 3558 3548 
20050 3552 3549 
20100 3554 3552 
20150 3564 3559 
20200 3545 3543 
20250 3546 3545 
20300 3557 3560 
20350 3540 3545 
20400 3540 3546 
20450 3542 3549 
20500 3538 3544 
20550 3553 3558 
20600 3539 3539 
20650 3566 3564 
20700 3543 3540 
20750 3539 3539 
20800 3551 3553 
20850 3547 3539 
20900 3551 3549 
20950 3552 3547 
21000 3540 3542 
21050 3550 3549 
21100 3549 3551 
21150 3536 3525 
21200 3550 3556 
21250 3551 3551 
21300 3544 3546 
21350 3558 3556 
21400 3553 3551 
21450 3550 3547 
21500 3553 3553 
21550 3538 3540 
21600 3545 3547 
21650 3546 3543 
21700 3554 3559 
21750 3545 3541 
21800 3553 3550 
21850 3547 3549 
21900 3534 3538 
21950 3555 3556 
22000 3552 3553 
22050 3551 3551 
22100 3554 3547 
22150 3550 3550 
22200 3542 3540 
22250 3538 3537 
22300 3544 3545 
22350 3528 3533 
22400 3532 3535 
22450 3538 3538 
22500 3548 3543 
22550 3547 3542 
22600 3538 3540 
22650 3550 3549 
22700 3539 3541 
22750 3540 3539 
22800 3554 3543 
22850 3553 3554 
22900 3538 3543 
22950 3553 3557 
23000 3543 3547 
23050 3530 3533 
23100 3553 3546 
23150 3561 3554 
23200 3553 3549 
23250 3546 3534 
23300 3563 3560 
23350 3569 3563 
23400 3547 3549 
23450 3544 3541 
23500 3565 3565 
23550 3563 3563 
23600 3562 3564 
23650 3564 3564 
23700 3554 3557 
23750 3544 3542 
23800 3558 3552 
23850 3565 3558 
23900 3549 3551 
23950 3549 3545 
24000 3545 3543 
24050 3542 3540 
24100 3552 3556 
24150 3557 3555 
24200 3549 3552 
24250 3544 3545 
24300 3532 3547 
24350 3546 3543 
24400 3536 3536 
24450 3544 3545 
24500 3549 3547 
24550 3554 3555 
24600 3557 3555 
24650 3560 3561 
24700 3545 3547 
24750 3552 3550 
24800 3562 3559 
24850 3551 3547 
24900 3547 3550 
24950 3544 3546 
25000 3548 3547 
25050 3552 3541 
25100 3545 3546 
25150 3559 3553 
25200 3555 3549 
25250 3543 3547 
25300 3539 3546 
25350 3555 3551 
25400 3548 3544 
25450 3559 3561 
25500 3536 3535 
25550 3537 3538 
25600 3545 3551 
25650 3562 3560 
25700 3554 3552 
25750 3554 3560 
25800 3540 3534 
25850 3548 3546 
25900 3535 3537 
25950 3556 3558 
26000 3544 3545 
26050 3549 3545 
26100 3554 3555 
26150 3555 3556 
26200 3560 3562 
26250 3551 3544 
26300 3549 3545 
26350 3541 3541 
26400 3549 3556 
26450 3557 3558 
26500 3545 3546 
26550 3545 3540 
26600 3540 3540 
26650 3543 3542 
26700 3551 3551 
26750 3561 3566 
26800 3558 3557 
26850 3552 3554 
26900 3557 3556 
26950 3537 3541 
27000 3541 3540 
27050 3571 3573 
27100 3568 3568 
27150 3562 3559 
27200 3548 3552 
27250 3560 3557 
27300 3559 3561 
27350 3558 3554 
27400 3545 3549 
27450 3544 3543 
27500 3537 3535 
27550 3543 3540 
27600 3549 3550 
27650 3541 3537 
27700 3541 3545 
27750 3557 3554 
27800 3552 3550 
27850 3556 3555 
27900 3552 3553 
27950 3553 3554 
28000 3555 3558 
28050 3548 3545 
28100 3555 3547 
28150 3556 3557 
28200 3557 3558 
28250 3540 3538 
28300 3552 3554 
28350 3552 3552 
28400 3550 3551 
28450 3561 3556 
28500 3567 3568 
28550 3534 3536 
28600 3560 3556 
28650 3544 3540 
28700 3558 3557 
28750 3551 3552 
28800 3546 3547 
28850 3557 3555 
28900 3574 3572 
28950 3547 3550 
29000 3541 3543 
29050 3542 3545 
29100 3561 3558 
29150 3557 3561 
29200 3556 3551 
29250 3540 3544 
29300 3556 3559 
29350 3542 3545 
29400 3548 3553 
29450 3541 3528 
29500 3544 3542 
29550 3552 3551 
29600 3554 3547 
29650 3557 3554 
29700 3546 3542 
29750 3553 3560 
29800 3549 3552 
29850 3551 3550 
29900 3555 3553 
29950 3552 3551 
30000 3538 3539 
30050 3562 3560 
30100 3549 3545 
30150 3555 3560 
30200 3549 3548 
30250 3559 3562 
30300 3563 3557 
30350 3551 3555 
30400 3556 3558 
30450 3559 3560 
30500 3564 3564 
30550 3553 3554 
30600 3548 3553 
30650 3554 3553 
30700 3554 3554 
30750 3542 3542 
30800 3553 3542 
30850 3553 3551 
30900 3560 3554 
30950 3552 3543 
31000 3556 3558 
31050 3545 3543 
31100 3540 3538 
31150 3556 3551 
31200 3559 3557 
31250 3545 3544 
31300 3553 3547 
31350 3548 3544 
31400 3553 3552 
31450 3530 3525 
31500 3556 3558 
31550 3549 3553 
31600 3552 3549 
31650 3541 3544 
31700 3552 3547 
31750 3552 3557 
31800 3551 3550 
31850 3563 3563 
31900 3541 3542 
31950 3549 3553 
32000 3555 3556 
32050 3552 3549 
32100 3542 3537 
32150 3557 3555 
32200 3544 3550 
32250 3554 3555 
32300 3542 3542 
32350 3563 3561 
32400 3576 3568 
32450 3562 3559 
32500 3551 3551 
32550 3574 3568 
32600 3556 3555 
32650 3548 3543 
32700 3539 3543 
32750 3560 3558 
32800 3551 3550 
32850 3559 3559 
32900 3561 3555 
32950 3555 3551 
33000 3550 3546 
33050 3549 3544 
33100 3554 3545 
33150 3545 3543 
33200 3550 3554 
33250 3547 3543 
33300 3561 3560 
33350 3555 3546 
33400 3549 3556 
33450 3550 3545 
33500 3546 3542 
33550 3551 3555 
33600 3545 3537 
33650 3557 3556 
33700 3555 3553 
33750 3565 3560 
33800 3543 3537 
33850 3529 3530 
33900 3538 3541 
33950 3546 3545 
34000 3556 3555 
34050 3564 3561 
34100 3557 3556 
34150 3557 3556 
34200 3546 3551 
34250 3539 3540 
34300 3551 3552 
34350 3552 3558 
34400 3555 3556 
34450 3565 3567 
34500 3557 3555 
34550 3568 3561 
34600 3543 3541 
34650 3534 3535 
34700 3544 3547 
34750 3545 3546 
34800 3554 3551 
34850 3549 3554 
34900 3556 3548 
34950 3560 3559 
35000 3555 3553 
35050 3551 3547 
35100 3560 3558 
35150 3546 3551 
35200 3549 3548 
35250 3551 3551 
35300 3550 3550 
35350 3559 3555 
35400 3548 3550 
35450 3558 3563 
35500 3540 3544 
35550 3546 3544 
35600 3562 3564 
35650 3560 3558 
35700 3554 3552 
35750 3550 3547 
35800 3544 3548 
35850 3552 3552 
35900 3548 3560 
35950 3552 3558 
36000 3539 3537 
36050 3552 3549 
36100 3549 3549 
36150 3551 3547 
36200 3550 3555 
36250 3565 3561 
36300 3555 3563 
36350 3553 3550 
36400 3551 3553 
36450 3553 3556 
36500 3564 3561 
36550 3559 3562 
36600 3544 3550 
36650 3548 3545 
36700 3545 3543 
36750 3557 3562 
36800 3566 3567 
36850 3550 3551 
36900 3543 3538 
36950 3555 3558 
37000 3532 3532 
37050 3559 3558 
37100 3541 3540 
37150 3544 3544 
37200 3550 3552 
37250 3546 3545 
37300 3556 3560 
37350 3542 3549 
37400 3546 3548 
37450 3557 3553 
37500 3563 3562 
37550 3543 3549 
37600 3548 3548 
37650 3549 3544 
37700 3553 3552 
37750 3541 3543 
37800 3552 3550 
37850 3537 3542 
37900 3557 3558 
37950 3557 3560 
38000 3546 3540 
38050 3548 3549 
38100 3555 3555 
38150 3551 3544 
38200 3542 3537 
38250 3543 3541 
38300 3555 3552 
38350 3545 3550 
38400 3544 3543 
38450 3541 3542 
38500 3547 3546 
38550 3550 3552 
38600 3529 3536 
38650 3546 3546 
38700 3553 3553 
38750 3553 3553 
38800 3548 3549 
38850 3539 3537 
38900 3563 3558 
38950 3557 3557 
39000 3540 3541 
39050 3549 3540 
39100 3561 3557 
39150 3544 3540 
39200 3567 3566 
39250 3544 3543 
39300 3575 3571 
39350 3558 3559 
39400 3561 3563 
39450 3536 3536 
39500 3542 3536 
39550 3546 3546 
39600 3533 3528 
39650 3555 3554 
39700 3536 3533 
39750 3541 3542 
39800 3532 3525 
39850 3543 3546 
39900 3546 3548 
39950 3551 3549 
40000 3541 3542 
40050 3556 3561 
40100 3560 3559 
40150 3555 3551 
40200 3558 3554 
40250 3543 3538 
40300 3553 3555 
40350 3542 3548 
40400 3537 3541 
40450 3543 3547 
40500 3557 3557 
40550 3544 3539 
40600 3536 3529 
40650 3546 3541 
40700 3557 3562 
40750 3557 3559 
40800 3551 3551 
40850 3534 3528 
40900 3548 3545 
40950 3562 3562 
41000 3558 3556 
41050 3557 3559 
41100 3548 3550 
41150 3558 3555 
41200 3549 3543 
41250 3564 3558 
41300 3551 3547 
41350 3567 3563 
41400 3549 3545 
41450 3556 3559 
41500 3554 3555 
41550 3555 3552 
41600 3546 3547 
41650 3555 3546 
41700 3555 3556 
41750 3544 3550 
41800 3554 3555 
41850 3534 3541 
41900 3576 3571 
41950 3547 3548 
42000 3551 3555 
42050 3551 3552 
42100 3559 3562 
42150 3554 3556 
42200 3551 3549 
42250 3546 3549 
42300 3557 3557 
42350 3553 3556 
42400 3531 3532 
42450 3550 3551 
42500 3560 3551 
42550 3524 3526 
42600 3545 3542 
42650 3559 3560 
42700 3529 3531 
42750 3546 3549 
42800 3552 3549 
42850 3539 3537 
42900 3542 3544 
42950 3558 3553 
43000 3550 3543 
43050 3564 3559 
43100 3540 3542 
43150 3558 3561 
43200 3561 3555 
43250 3560 3561 
43300 3545 3548 
43350 3565 3566 
43400 3564 3556 
43450 3554 3553 
43500 3557 3554 
43550 3553 3551 
43600 3557 3558 
43650 3552 3546 
43700 3548 3543 
43750 3546 3545 
43800 3561 3556 
43850 3549 3542 
43900 3550 3546 
43950 3543 3549 
44000 3549 3555 
44050 3553 3548 
44100 3565 3560 
44150 3552 3557 
44200 3545 3546 
44250 3561 3565 
44300 3551 3548 
44350 3553 3554 
44400 3559 3552 
44450 3552 3552 
44500 3559 3558 
44550 3561 3556 
44600 3544 3551 
44650 3558 3559 
44700 3546 3545 
44750 3535 3533 
44800 3540 3543 
44850 3543 3548 
44900 3545 3544 
44950 3540 3539 
45000 3546 3551 
45050 3552 3552 
45100 3545 3549 
45150 3541 3542 
45200 3545 3540 
45250 3556 3560 
45300 3544 3543 
45350 3546 3545 
45400 3545 3541 
45450 3557 3554 
45500 3548 3545 
45550 3546 3546 
45600 3549 3554 
45650 3554 3556 
45700 3551 3551 
45750 3560 3559 
45800 3536 3525 
45850 3537 3534 
45900 3558 3560 
45950 3547 3543 
46000 3547 3548 
46050 3557 3555 
46100 3548 3546 
46150 3549 3550 
46200 3547 3549 
46250 3553 3552 
46300 3550 3558 
46350 3555 3556 
46400 3558 3558 
46450 3555 3550 
46500 3554 3558 
46550 3553 3557 
46600 3535 3542 
46650 3552 3550 
46700 3543 3542 
46750 3555 3555 
46800 3549 3544 
46850 3533 3536 
46900 3555 3552 
46950 3539 3530 
47000 3549 3543 
47050 3554 3556 
47100 3550 3554 
47150 3548 3545 
47200 3544 3542 
47250 3544 3545 
47300 3552 3552 
47350 3551 3548 
47400 3554 3548 
47450 3559 3561 
47500 3558 3565 
47550 3551 3554 
47600 3547 3555 
47650 3542 3543 
47700 3560 3553 
47750 3552 3550 
47800 3549 3550 
47850 3548 3551 
47900 3545 3544 
47950 3544 3548 
48000 3561 3559 
48050 3560 3562 
48100 3546 3546 
48150 3559 3561 
48200 3548 3548 
48250 3550 3549 
48300 3561 3558 
48350 3549 3549 
48400 3545 3552 
48450 3540 3543 
48500 3551 3553 
48550 3550 3547 
48600 3552 3550 
48650 3553 3550 
48700 3561 3558 
48750 3548 3548 
48800 3564 3558 
48850 3541 3546 
48900 3550 3552 
48950 3549 3546 
49000 3559 3556 
49050 3557 3563 
49100 3547 3543 
49150 3548 3557 
49200 3546 3554 
49250 3556 3556 
49300 3548 3550 
49350 3553 3555 
49400 3553 3559 
49450 3554 3549 
49500 3546 3540 
49550 3552 3550 
49600 3539 3539 
49650 3543 3544 
49700 3554 3553 
49750 3529 3536 
49800 3563 3563 
49850 3556 3553 
49900 3541 3541 
49950 3546 3544 
50000 3548 3541 
50050 3558 3554 
50100 3547 3546 
50150 3547 3549 
50200 3553 3552 
50250 3547 3545 
50300 3547 3547 
50350 3540 3537 
50400 3553 3554 
50450 3553 3548 
50500 3555 3555 
50550 3545 3549 
50600 3551 3560 
50650 3544 3550 
50700 3555 3559 
50750 3540 3545 
50800 3531 3536 
50850 3546 3541 
50900 3551 3548 
50950 3546 3551 
51000 3561 3553 
51050 3555 3554 
51100 3546 3545 
51150 3552 3560 
51200 3568 3571 
51250 3553 3552 
51300 3552 3554 
51350 3551 3555 
51400 3541 3544 
51450 3554 3554 
51500 3552 3553 
51550 3558 3558 
51600 3542 3546 
51650 3547 3535 
51700 3554 3554 
51750 3551 3553 
51800 3552 3554 
51850 3546 3549 
51900 3544 3543 
51950 3548 3546 
52000 3554 3552 
52050 3554 3552 
52100 3546 3550 
52150 3560 3566 
52200 3546 3548 
52250 3561 3562 
52300 3549 3554 
52350 3546 3541 
52400 3553 3555 
52450 3550 3556 
52500 3557 3556 
52550 3554 3549 
52600 3551 3548 
52650 3553 3553 
52700 3545 3551 
52750 3551 3546 
52800 3539 3540 
52850 3557 3561 
52900 3544 3538 
52950 3544 3541 
53000 3560 3556 
53050 3547 3542 
53100 3528 3529 
53150 3549 3548 
53200 3542 3542 
53250 3565 3565 
53300 3553 3554 
53350 3557 3554 
53400 3543 3547 
53450 3558 3561 
53500 3571 3572 
53550 3531 3534 
53600 3545 3547 
53650 3547 3542 
53700 3557 3558 
53750 3538 3537 
53800 3548 3549 
53850 3541 3543 
53900 3552 3550 
53950 3548 3542 
54000 3540 3539 
54050 3540 3540 
54100 3555 3551 
54150 3563 3562 
54200 3550 3548 
54250 3550 3546 
54300 3558 3553 
54350 3563 3559 
54400 3561 3561 
54450 3541 3538 
54500 3549 3552 
54550 3544 3546 
54600 3556 3556 
54650 3554 3552 
54700 3542 3540 
54750 3552 3548 
54800 3563 3558 
54850 3556 3551 
54900 3545 3546 
54950 3561 3562 
55000 3542 3545 
55050 3556 3557 
55100 3549 3557 
55150 3542 3538 
55200 3551 3546 
55250 3567 3569 
55300 3534 3539 
55350 3555 3555 
55400 3564 3559 
55450 3549 3545 
55500 3537 3536 
55550 3553 3558 
55600 3554 3552 
55650 3552 3554 
55700 3553 3555 
55750 3552 3556 
55800 3539 3542 
55850 3555 3563 
55900 3546 3542 
55950 3541 3541 
56000 3549 3551 
56050 3527 3532 
56100 3553 3554 
56150 3553 3557 
56200 3571 3570 
56250 3556 3552 
56300 3554 3556 
56350 3545 3538 
56400 3546 3541 
56450 3544 3542 
56500 3559 3558 
56550 3552 3557 
56600 3554 3550 
56650 3539 3534 
56700 3557 3551 
56750 3555 3558 
56800 3559 3558 
56850 3547 3543 
56900 3547 3543 
56950 3545 3556 
57000 3543 3538 
57050 3553 3548 
57100 3543 3544 
57150 3545 3549 
57200 3544 3544 
57250 3555 3556 
57300 3558 3555 
57350 3548 3545 
57400 3536 3540 
57450 3545 3545 
57500 3539 3543 
57550 3546 3544 
57600 3554 3548 
57650 3573 3569 
57700 3569 3573 
57750 3555 3562 
57800 3555 3554 
57850 3550 3552 
57900 3556 3558 
57950 3543 3549 
58000 3545 3554 
58050 3544 3550 
58100 3548 3550 
58150 3551 3553 
58200 3538 3547 
58250 3541 3540 
58300 3556 3557 
58350 3545 3551 
58400 3548 3552 
58450 3553 3552 
58500 3545 3545 
58550 3565 3569 
58600 3557 3563 
58650 3546 3546 
58700 3544 3546 
58750 3549 3548 
58800 3561 3558 
58850 3554 3551 
58900 3541 3546 
58950 3541 3546 
59000 3547 3552 
59050 3550 3553 
59100 3542 3546 
59150 3556 3555 
59200 3551 3553 
59250 3545 3546 
59300 3551 3547 
59350 3564 3558 
59400 3563 3566 
59450 3550 3550 
59500 3550 3548 
59550 3538 3540 
59600 3546 3541 
59650 3553 3555 
59700 3550 3555 
59750 3562 3564 
59800 3557 3559 
59850 3545 3550 
59900 3551 3561 
59950 3563 3558 
60000 3524 3529 
60050 3550 3546 
60100 3561 3552 
60150 3542 3542 
60200 3547 3548 
60250 3561 3556 
60300 3557 3557 
60350 3555 3558 
60400 3542 3544 
60450 3552 3554 
60500 3540 3543 
60550 3554 3554 
60600 3543 3547 
60650 3544 3544 
60700 3557 3559 
60750 3545 3545 
60800 3552 3551 
60850 3546 3543 
60900 3548 3548 
60950 3572 3570 
61000 3551 3543 
61050 3548 3550 
61100 3532 3528 
61150 3554 3551 
61200 3558 3552 
61250 3558 3551 
61300 3558 3552 
61350 3548 3547 
61400 3546 3541 
61450 3553 3552 
61500 3558 3563 
61550 3551 3558 
61600 3556 3557 
61650 3536 3539 
61700 3551 3548 
61750 3564 3565 
61800 3567 3564 
61850 3548 3547 
61900 3555 3558 
61950 3556 3553 
62000 3548 3549 
62050 3549 3539 
62100 3557 3554 
62150 3531 3538 
62200 3557 3562 
62250 3557 3556 
62300 3564 3563 
62350 3558 3557 
62400 3545 3550 
62450 3538 3540 
62500 3556 3558 
62550 3551 3549 
62600 3550 3557 
62650 3557 3554 
62700 3546 3541 
62750 3557 3559 
62800 3555 3555 
62850 3556 3553 
62900 3524 3525 
62950 3542 3540 
63000 3548 3551 
63050 3542 3548 
63100 3564 3565 
63150 3563 3555 
63200 3540 3534 
63250 3556 3559 
63300 3536 3540 
63350 3544 3544 
63400 3544 3547 
63450 3554 3549 
63500 3559 3553 
63550 3549 3548 
63600 3541 3544 
63650 3543 3549 
63700 3545 3545 
63750 3552 3553 
63800 3553 3557 
63850 3559 3560 
63900 3556 3555 
63950 3550 3555 
64000 3540 3538 
64050 3538 3535 
64100 3546 3545 
64150 3546 3541 
64200 3553 3550 
64250 3558 3556 
64300 3555 3558 
64350 3538 3544 
64400 3555 3557 
64450 3560 3561 
64500 3545 3544 
64550 3557 3559 
64600 3567 3564 
64650 3555 3554 
64700 3540 3539 
64750 3563 3557 
64800 3549 3552 
64850 3562 3562 
64900 3556 3556 
64950 3531 3532 
65000 3547 3547 
65050 3548 3547 
65100 3545 3543 
65150 3555 3554 
65200 3544 3547 
65250 3541 3544 
65300 3550 3552 
65350 3544 3541 
65400 3538 3543 
65450 3540 3535 
65500 3544 3539 
65550 3564 3564 
65600 3557 3560 
65650 3560 3562 
65700 3553 3549 
65750 3552 3553 
65800 3549 3556 
65850 3557 3556 
65900 3562 3555 
65950 3545 3545 
66000 3561 3564 
66050 3549 3547 
66100 3541 3539 
66150 3562 3569 
66200 3526 3522 
66250 3549 3546 
66300 3553 3556 
66350 3543 3541 
66400 3552 3554 
66450 3557 3558 
66500 3538 3540 
66550 3557 3547 
66600 3561 3558 
66650 3561 3557 
66700 3547 3547 
66750 3553 3551 
66800 3557 3557 
66850 3556 3557 
66900 3556 3552 
66950 3548 3553 
67000 3544 3537 
67050 3562 3552 
67100 3549 3547 
67150 3560 3563 
67200 3546 3547 
67250 3550 3548 
67300 3538 3538 
67350 3547 3547 
67400 3570 3567 
67450 3554 3558 
67500 3546 3542 
67550 3547 3541 
67600 3541 3552 
67650 3548 3546 
67700 3555 3552 
67750 3564 3560 
67800 3564 3560 
67850 3574 3571 
67900 3560 3559 
67950 3562 3562 
68000 3551 3547 
68050 3556 3558 
68100 3563 3568 
68150 3566 3561 
68200 3563 3560 
68250 3551 3547 
68300 3558 3559 
68350 3541 3536 
68400 3562 3561 
68450 3557 3553 
68500 3549 3552 
68550 3535 3542 
68600 3543 3540 
68650 3571 3567 
68700 3546 3549 
68750 3549 3538 
68800 3546 3549 
68850 3563 3561 
68900 3550 3546 
68950 3550 3545 
69000 3542 3543 
69050 3559 3558 
69100 3547 3553 
69150 3546 3543 
69200 3556 3558 
69250 3549 3547 
69300 3539 3540 
69350 3542 3540 
69400 3559 3550 
69450 3551 3554 
69500 3552 3550 
69550 3545 3542 
69600 3541 3543 
69650 3547 3550 
69700 3550 3544 
69750 3557 3552 
69800 3535 3540 
69850 3541 3546 
69900 3545 3545 
69950 3559 3556 
70000 3553 3555 
70050 3555 3553 
70100 3545 3552 
70150 3551 3547 
70200 3539 3537 
70250 3546 3550 
70300 3543 3546 
70350 3564 3558 
70400 3565 3559 
70450 3542 3550 
70500 3549 3543 
70550 3557 3558 
70600 3554 3557 
70650 3551 3556 
70700 3558 3560 
70750 3543 3543 
70800 3545 3549 
70850 3559 3559 
70900 3556 3560 
70950 3557 3556 
71000 3554 3554 
71050 3538 3545 
71100 3551 3548 
71150 3560 3564 
71200 3548 3546 
71250 3545 3546 
71300 3550 3554 
71350 3554 3549 
71400 3557 3552 
71450 3546 3538 
71500 3558 3561 
71550 3556 3557 
71600 3552 3551 
71650 3566 3565 
71700 3539 3537 
71750 3533 3544 
71800 3554 3553 
71850 3548 3547 
71900 3547 3546 
71950 3556 3557 
72000 3570 3571 
72050 3553 3554 
72100 3552 3547 
72150 3561 3551 
72200 3552 3558 
72250 3542 3547 
72300 3556 3556 
72350 3538 3545 
72400 3570 3566 
72450 3558 3553 
72500 3557 3557 
72550 3538 3547 
72600 3555 3554 
72650 3551 3555 
72700 3577 3572 
72750 3554 3550 
72800 3553 3554 
72850 3557 3553 
72900 3545 3547 
72950 3549 3548 
73000 3553 3548 
73050 3553 3548 
73100 3542 3541 
73150 3548 3551 
73200 3556 3564 
73250 3541 3548 
73300 3554 3558 
73350 3557 3553 
73400 3543 3540 
73450 3545 3544 
73500 3562 3558 
73550 3557 3561 
73600 3546 3544 
73650 3547 3555 
73700 3538 3545 
73750 3555 3555 
73800 3545 3548 
73850 3540 3530 
73900 3558 3555 
73950 3547 3551 
74000 3550 3554 
74050 3560 3554 
74100 3550 3546 
74150 3562 3561 
74200 3556 3559 
74250 3542 3549 
74300 3550 3549 
74350 3545 3549 
74400 3543 3549 
74450 3556 3553 
74500 3551 3561 
74550 3557 3553 
74600 3535 3539 
74650 3548 3548 
74700 3547 3557 
74750 3544 3541 
74800 3552 3556 
74850 3551 3553 
74900 3549 3549 
74950 3556 3551 
75000 3561 3560 
75050 3543 3545 
75100 3554 3553 
75150 3549 3549 
75200 3553 3554 
75250 3554 3553 
75300 3554 3556 
75350 3551 3554 
75400 3551 3548 
75450 3549 3552 
75500 3545 3543 
75550 3535 3534 
75600 3559 3556 
75650 3560 3561 
75700 3544 3545 
75750 3547 3547 
75800 3537 3530 
75850 3556 3556 
75900 3555 3544 
75950 3544 3538 
76000 3545 3544 
76050 3559 3567 
76100 3556 3554 
76150 3558 3563 
76200 3553 3557 
76250 3555 3552 
76300 3555 3557 
76350 3546 3544 
76400 3543 3547 
76450 3540 3539 
76500 3536 3539 
76550 3550 3556 
76600 3558 3556 
76650 3557 3556 
76700 3564 3555 
76750 3555 3557 
76800 3560 3559 
76850 3548 3548 
76900 3554 3550 
76950 3564 3558 
77000 3548 3546 
77050 3551 3547 
77100 3568 3568 
77150 3545 3538 
77200 3549 3555 
77250 3557 3562 
77300 3558 3559 
77350 3556 3559 
77400 3551 3553 
77450 3549 3548 
77500 3559 3555 
77550 3551 3548 
77600 3550 3547 
77650 3557 3558 
77700 3524 3524 
77750 3537 3538 
77800 3556 3555 
77850 3546 3548 
77900 3546 3541 
77950 3543 3543 
78000 3543 3551 
78050 3556 3555 
78100 3554 3556 
78150 3535 3536 
78200 3552 3547 
78250 3543 3544 
78300 3548 3554 
78350 3565 3565 
78400 3549 3546 
78450 3559 3556 
78500 3557 3555 
78550 3545 3542 
78600 3548 3547 
78650 3558 3559 
78700 3552 3549 
78750 3547 3548 
78800 3555 3553 
78850 3537 3530 
78900 3533 3530 
78950 3541 3541 
79000 3547 3549 
79050 3556 3555 
79100 3546 3552 
79150 3551 3546 
79200 3550 3546 
79250 3550 3550 
79300 3544 3550 
79350 3552 3560 
79400 3544 3543 
79450 3541 3544 
79500 3569 3572 
79550 3567 3564 
79600 3547 3550 
79650 3564 3563 
79700 3541 3540 
79750 3559 3562 
79800 3555 3553 
79850 3549 3546 
79900 3549 3549 
79950 3546 3558 
80000 3538 3539 
80050 3549 3551 
80100 3545 3552 
80150 3556 3555 
80200 3556 3552 
80250 3560 3555 
80300 3552 3546 
80350 3558 3557 
80400 3564 3565 
80450 3556 3556 
80500 3557 3562 
80550 3570 3569 
80600 3546 3548 
80650 3557 3555 
80700 3560 3565 
80750 3557 3561 
80800 3563 3567 
80850 3561 3564 
80900 3545 3547 
80950 3566 3567 
81000 3544 3550 
81050 3536 3539 
81100 3543 3545 
81150 3547 3550 
81200 3543 3545 
81250 3556 3557 
81300 3537 3547 
81350 3567 3564 
81400 3559 3558 
81450 3557 3551 
81500 3552 3552 
81550 3546 3547 
81600 3536 3540 
81650 3563 3565 
81700 3539 3539 
81750 3538 3539 
81800 3538 3539 
81850 3561 3563 
81900 3546 3547 
81950 3554 3554 
82000 3557 3559 
82050 3552 3556 
82100 3568 3566 
82150 3547 3542 
82200 3555 3556 
82250 3548 3553 
82300 3539 3537 
82350 3551 3556 
82400 3568 3560 
82450 3554 3549 
82500 3545 3546 
82550 3553 3543 
82600 3546 3549 
82650 3543 3542 
82700 3559 3560 
82750 3552 3548 
82800 3548 3553 
82850 3551 3549 
82900 3555 3557 
82950 3550 3547 
83000 3538 3541 
83050 3554 3559 
83100 3533 3532 
83150 3541 3541 
83200 3547 3546 
83250 3563 3561 
83300 3552 3551 
83350 3566 3566 
83400 3557 3552 
83450 3555 3556 
83500 3551 3547 
83550 3547 3547 
83600 3552 3547 
83650 3539 3537 
83700 3542 3543 
83750 3556 3556 
83800 3540 3535 
83850 3546 3550 
83900 3553 3554 
83950 3557 3564 
84000 3546 3545 
84050 3545 3549 
84100 3547 3550 
84150 3548 3553 
84200 3562 3561 
84250 3550 3551 
84300 3557 3557 
84350 3562 3558 
84400 3559 3565 
84450 3550 3545 
84500 3544 3542 
84550 3542 3541 
84600 3550 3552 
84650 3539 3539 
84700 3568 3561 
84750 3545 3544 
84800 3560 3560 
84850 3553 3549 
84900 3563 3561 
84950 3556 3555 
85000 3555 3553 
85050 3542 3543 
85100 3556 3564 
85150 3563 3558 
85200 3557 3554 
85250 3551 3544 
85300 3561 3564 
85350 3552 3552 
85400 3550 3552 
85450 3564 3561 
85500 3544 3544 
85550 3542 3542 
85600 3545 3549 
85650 3556 3559 
85700 3549 3548 
85750 3551 3553 
85800 3566 3568 
85850 3544 3540 
85900 3565 3565 
85950 3558 3556 
86000 3556 3558 
86050 3548 3545 
86100 3564 3562 
86150 3561 3564 
86200 3553 3555 
86250 3553 3557 
86300 3541 3550 
86350 3544 3545 
86400 3561 3556 
86450 3564 3560 
86500 3555 3556 
86550 3548 3549 
86600 3552 3549 
86650 3551 3551 
86700 3552 3549 
86750 3544 3545 
86800 3553 3560 
86850 3557 3557 
86900 3546 3546 
86950 3554 3557 
87000 3548 3547 
87050 3539 3535 
87100 3554 3546 
87150 3558 3565 
87200 3551 3555 
87250 3568 3567 
87300 3554 3557 
87350 3559 3560 
87400 3540 3547 
87450 3552 3553 
87500 3553 3555 
87550 3549 3541 
87600 3548 3543 
87650 3569 3566 
87700 3540 3535 
87750 3542 3542 
87800 3550 3553 
87850 3545 3543 
87900 3533 3542 
87950 3558 3551 
88000 3534 3535 
88050 3564 3563 
88100 3547 3548 
88150 3543 3543 
88200 3544 3541 
88250 3564 3565 
88300 3560 3555 
88350 3552 3548 
88400 3539 3542 
88450 3520 3522 
88500 3567 3566 
88550 3573 3573 
88600 3549 3547 
88650 3552 3557 
88700 3569 3567 
88750 3536 3541 
88800 3563 3562 
88850 3558 3556 
88900 3570 3565 
88950 3543 3549 
89000 3557 3556 
89050 3550 3557 
89100 3556 3556 
89150 3561 3560 
89200 3558 3562 
89250 3549 3548 
89300 3556 3546 
89350 3557 3554 
89400 3566 3560 
89450 3558 3557 
89500 3560 3559 
89550 3552 3547 
89600 3537 3539 
89650 3555 3553 
89700 3542 3538 
89750 3561 3559 
89800 3540 3545 
89850 3560 3561 
89900 3565 3566 
89950 3551 3553 
90000 3545 3548 
90050 3549 3540 
90100 3534 3534 
90150 3528 3532 
90200 3546 3556 
90250 3555 3556 
90300 3542 3539 
90350 3541 3538 
90400 3546 3540 
90450 3557 3557 
90500 3569 3567 
90550 3550 3553 
90600 3539 3538 
90650 3556 3554 
90700 3543 3543 
90750 3556 3561 
90800 3549 3542 
90850 3558 3561 
90900 3551 3553 
90950 3554 3556 
91000 3560 3557 
91050 3553 3549 
91100 3556 3553 
91150 3549 3550 
91200 3538 3538 
91250 3544 3542 
91300 3550 3548 
91350 3551 3552 
91400 3537 3546 
91450 3551 3557 
91500 3568 3562 
91550 3558 3561 
91600 3556 3555 
91650 3550 3541 
91700 3541 3545 
91750 3544 3541 
91800 3540 3546 
91850 3544 3544 
91900 3541 3542 
91950 3564 3562 
92000 3546 3547 
92050 3547 3545 
92100 3544 3554 
92150 3561 3568 
92200 3558 3558 
92250 3546 3549 
92300 3557 3563 
92350 3543 3550 
92400 3542 3549 
92450 3546 3548 
92500 3565 3561 
92550 3553 3549 
92600 3556 3554 
92650 3559 3555 
92700 3559 3557 
92750 3552 3557 
92800 3546 3556 
92850 3549 3549 
92900 3540 3532 
92950 3556 3554 
93000 3550 3548 
93050 3554 3558 
93100 3561 3560 
93150 3559 3564 
93200 3543 3539 
93250 3561 3558 
93300 3565 3564 
93350 3549 3550 
93400 3567 3556 
93450 3553 3552 
93500 3565 3558 
93550 3550 3550 
93600 3547 3545 
93650 3551 3554 
93700 3550 3546 
93750 3534 3534 
93800 3554 3557 
93850 3560 3560 
93900 3554 3553 
93950 3544 3539 
94000 3558 3552 
94050 3563 3560 
94100 3554 3562 
94150 3551 3546 
94200 3550 3543 
94250 3542 3541 
94300 3552 3553 
94350 3545 3547 
94400 3559 3552 
94450 3551 3552 
94500 3546 3550 
94550 3551 3545 
94600 3556 3552 
94650 3559 3563 
94700 3557 3553 
94750 3541 3542 
94800 3538 3545 
94850 3549 3548 
94900 3546 3551 
94950 3562 3559 
95000 3552 3551 
95050 3560 3556 
95100 3545 3548 
95150 3561 3563 
95200 3564 3559 
95250 3550 3551 
95300 3568 3562 
95350 3552 3551 
95400 3553 3554 
95450 3526 3530 
95500 3549 3550 
95550 3555 3552 
95600 3543 3543 
95650 3551 3552 
95700 3551 3559 
95750 3548 3552 
95800 3544 3539 
95850 3558 3559 
95900 3551 3551 
95950 3547 3543 
96000 3554 3552 
96050 3549 3550 
96100 3569 3564 
96150 3558 3564 
96200 3560 3566 
96250 3565 3565 
96300 3551 3552 
96350 3545 3544 
96400 3545 3550 
96450 3533 3534 
96500 3541 3545 
96550 3551 3552 
96600 3553 3555 
96650 3558 3559 
96700 3559 3561 
96750 3559 3554 
96800 3555 3551 
96850 3545 3548 
96900 3558 3553 
96950 3565 3563 
97000 3569 3571 
97050 3559 3556 
97100 3551 3548 
97150 3535 3541 
97200 3534 3539 
97250 3545 3543 
97300 3543 3543 
97350 3531 3531 
97400 3555 3551 
97450 3566 3562 
97500 3562 3562 
97550 3539 3539 
97600 3549 3544 
97650 3557 3554 
97700 3557 3559 
97750 3541 3545 
97800 3559 3557 
97850 3546 3543 
97900 3564 3565 
97950 3546 3553 
98000 3547 3548 
98050 3565 3566 
98100 3540 3546 
98150 3570 3569 
98200 3544 3541 
98250 3544 3547 
98300 3568 3574 
98350 3558 3558 
98400 3541 3536 
98450 3562 3560 
98500 3548 3545 
98550 3551 3547 
98600 3556 3553 
98650 3545 3543 
98700 3541 3542 
98750 3553 3556 
98800 3544 3538 
98850 3559 3566 
98900 3537 3539 
98950 3549 3551 
99000 3555 3557 
99050 3563 3562 
99100 3549 3551 
99150 3549 3552 
99200 3540 3539 
99250 3548 3553 
99300 3547 3550 
99350 3568 3565 
99400 3548 3550 
99450 3544 3548 
99500 3550 3547 
99550 3548 3547 
99600 3550 3553 
99650 3555 3555 
99700 3551 3551 
99750 3546 3550 
99800 3552 3559 
99850 3554 3560 
99900 3543 3539 
99950 3531 3533 
100000 3555 3554 
100050 3569 3563 
100100 3563 3564 
100150 3539 3544 
100200 3548 3552 
100250 3539 3541 
100300 3564 3564 
100350 3558 3556 
100400 3550 3552 
100450 3555 3560 
100500 3559 3562 
100550 3545 3545 
100600 3565 3563 
100650 3544 3546 
100700 3546 3551 
100750 3558 3559 
100800 3552 3555 
100850 3545 3547 
100900 3562 3562 
100950 3552 3552 
101000 3550 3551 
101050 3557 3558 
101100 3540 3544 
101150 3545 3549 
101200 3555 3555 
101250 3535 3538 
101300 3548 3554 
101350 3559 3559 
101400 3547 3546 
101450 3550 3551 
101500 3528 3536 
101550 3546 3546 
101600 3541 3547 
101650 3522 3531 
101700 3552 3554 
101750 3553 3565 
101800 3544 3551 
101850 3537 3542 
101900 3554 3558 
101950 3558 3562 
102000 3563 3566 
102050 3557 3558 
102100 3555 3555 
102150 3555 3552 
102200 3552 3550 
102250 3539 3539 
102300 3554 3551 
102350 3556 3556 
102400 3548 3551 
102450 3541 3545 
102500 3551 3545 
102550 3549 3551 
102600 3562 3564 
102650 3534 3536 
102700 3551 3552 
102750 3554 3550 
102800 3550 3547 
102850 3550 3547 
102900 3561 3561 
102950 3535 3543 
103000 3547 3545 
103050 3555 3558 
103100 3542 3543 
103150 3530 3534 
103200 3540 3540 
103250 3547 3547 
103300 3541 3545 
103350 3556 3562 
103400 3558 3557 
103450 3555 3558 
103500 3567 3565 
103550 3538 3536 
103600 3547 3553 
103650 3547 3551 
103700 3552 3555 
103750 3546 3543 
103800 3553 3554 
103850 3562 3564 
103900 3554 3553 
103950 3560 3565 
104000 3565 3564 
104050 3532 3534 
104100 3551 3558 
104150 3553 3548 
104200 3556 3557 
104250 3564 3559 
104300 3560 3559 
104350 3546 3541 
104400 3553 3559 
104450 3554 3542 
104500 3553 3561 
104550 3548 3545 
104600 3554 3557 
104650 3552 3549 
104700 3547 3548 
104750 3557 3557 
104800 3538 3546 
104850 3552 3550 
104900 3544 3551 
104950 3551 3549 
105000 3546 3542 
105050 3549 3550 
105100 3553 3559 
105150 3547 3537 
105200 3559 3561 
105250 3565 3566 
105300 3545 3543 
105350 3558 3560 
105400 3547 3549 
105450 3543 3544 
105500 3534 3535 
105550 3551 3556 
105600 3545 3551 
105650 3555 3559 
105700 3554 3557 
105750 3550 3548 
105800 3555 3553 
105850 3563 3562 
105900 3546 3552 
105950 3554 3552 
106000 3555 3554 
106050 3556 3560 
106100 3560 3558 
106150 3565 3568 
106200 3524 3524 
106250 3543 3554 
106300 3551 3550 
106350 3539 3536 
106400 3556 3555 
106450 3545 3547 
106500 3557 3560 
106550 3558 3557 
106600 3559 3562 
106650 3545 3546 
106700 3528 3531 
106750 3542 3551 
106800 3544 3546 
106850 3562 3562 
106900 3536 3534 
106950 3552 3553 
107000 3559 3563 
107050 3560 3560 
107100 3550 3542 
107150 3554 3551 
107200 3543 3544 
107250 3559 3558 
107300 3545 3550 
107350 3551 3556 
107400 3552 3548 
107450 3553 3549 
107500 3557 3560 
107550 3549 3551 
107600 3565 3560 
107650 3564 3563 
107700 3544 3542 
107750 3557 3556 
107800 3546 3548 
107850 3542 3542 
107900 3542 3545 
107950 3554 3558 
108000 3548 3551 
108050 3542 3545 
108100 3546 3548 
108150 3543 3543 
108200 3539 3533 
108250 3544 3544 
108300 3551 3554 
108350 3542 3536 
108400 3540 3543 
108450 3555 3552 
108500 3541 3543 
108550 3547 3548 
108600 3556 3550 
108650 3555 3558 
108700 3553 3547 
108750 3542 3548 
108800 3548 3550 
108850 3561 3561 
108900 3549 3547 
108950 3559 3559 
109000 3551 3551 
109050 3558 3558 
109100 3555 3554 
109150 3568 3563 
109200 3559 3559 
109250 3552 3543 
109300 3535 3536 
109350 3557 3552 
109400 3563 3567 
109450 3556 3558 
109500 3560 3557 
109550 3548 3549 
109600 3544 3546 
109650 3551 3551 
109700 3557 3556 
109750 3557 3555 
109800 3551 3555 
109850 3536 3534 
109900 3548 3548 
109950 3551 3551 
110000 3533 3540 
110050 3551 3551 
110100 3555 3555 
110150 3544 3546 
110200 3553 3552 
110250 3545 3542 
110300 3544 3544 
110350 3550 3545 
110400 3543 3545 
110450 3547 3551 
110500 3562 3558 
110550 3560 3561 
110600 3552 3551 
110650 3556 3560 
110700 3545 3547 
110750 3552 3560 
110800 3553 3554 
110850 3551 3558 
110900 3560 3547 
110950 3551 3551 
111000 3566 3559 
111050 3559 3550 
111100 3552 3550 
111150 3554 3555 
111200 3559 3564 
111250 3550 3545 
111300 3551 3553 
111350 3555 3549 
111400 3568 3569 
111450 3558 3554 
111500 3544 3551 
111550 3559 3562 
111600 3553 3557 
111650 3545 3547 
111700 3558 3556 
111750 3549 3547 
111800 3549 3550 
111850 3563 3561 
111900 3562 3556 
111950 3564 3564 
112000 3547 3543 
112050 3547 3547 
112100 3551 3550 
112150 3562 3558 
112200 3561 3559 
112250 3547 3549 
112300 3550 3556 
112350 3539 3539 
112400 3554 3554 
112450 3549 3548 
112500 3550 3555 
112550 3553 3556 
112600 3545 3545 
112650 3549 3547 
112700 3561 3562 
112750 3535 3535 
112800 3556 3558 
112850 3548 3549 
112900 3552 3557 
112950 3553 3555 
113000 3549 3552 
113050 3545 3541 
113100 3549 3554 
113150 3557 3552 
113200 3553 3557 
113250 3565 3570 
113300 3559 3562 
113350 3563 3565 
113400 3561 3560 
113450 3555 3552 
113500 3551 3550 
113550 3541 3547 
113600 3550 3548 
113650 3549 3551 
113700 3557 3560 
113750 3561 3557 
113800 3559 3560 
113850 3555 3559 
113900 3543 3547 
113950 3537 3546 
114000 3548 3545 
114050 3537 3536 
114100 3539 3554 
114150 3547 3550 
114200 3546 3547 
114250 3543 3537 
114300 3554 3546 
114350 3544 3549 
114400 3556 3554 
114450 3557 3555 
114500 3569 3565 
114550 3572 3574 
114600 3548 3553 
114650 3553 3557 
114700 3560 3559 
114750 3547 3544 
114800 3544 3545 
114850 3561 3563 
114900 3545 3547 
114950 3560 3566 
115000 3551 3545 
115050 3553 3549 
115100 3548 3552 
115150 3558 3554 
115200 3536 3538 
115250 3549 3554 
115300 3548 3549 
115350 3543 3542 
115400 3537 3540 
115450 3561 3565 
115500 3561 3558 
115550 3540 3542 
115600 3561 3563 
115650 3558 3556 
115700 3557 3553 
115750 3556 3563 
115800 3563 3559 
115850 3549 3549 
115900 3547 3552 
115950 3550 3549 
116000 3551 3552 
116050 3559 3554 
116100 3566 3565 
116150 3561 3561 
116200 3544 3545 
116250 3538 3538 
116300 3550 3548 
116350 3545 3544 
116400 3547 3542 
116450 3551 3551 
116500 3553 3552 
116550 3558 3555 
116600 3549 3554 
116650 3550 3547 
116700 3549 3553 
116750 3554 3557 
116800 3546 3547 
116850 3548 3551 
116900 3563 3558 
116950 3550 3555 
117000 3546 3550 
117050 3541 3539 
117100 3568 3568 
117150 3566 3562 
117200 3559 3558 
117250 3549 3553 
117300 3556 3553 
117350 3559 3554 
117400 3554 3552 
117450 3553 3551 
117500 3568 3564 
117550 3558 3555 
117600 3536 3531 
117650 3544 3543 
117700 3561 3561 
117750 3553 3562 
117800 3539 3542 
117850 3554 3550 
117900 3554 3554 
117950 3551 3554 
118000 3541 3548 
118050 3538 3551 
118100 3547 3555 
118150 3544 3547 
118200 3554 3551 
118250 3539 3542 
118300 3566 3562 
118350 3547 3542 
118400 3552 3548 
118450 3553 3549 
118500 3555 3560 
118550 3545 3542 
118600 3553 3551 
118650 3553 3553 
118700 3545 3546 
118750 3532 3535 
118800 3550 3550 
118850 3554 3558 
118900 3558 3558 
118950 3569 3564 
119000 3555 3556 
119050 3543 3554 
119100 3562 3557 
119150 3554 3555 
119200 3555 3555 
119250 3562 3562 
119300 3561 3564 
119350 3549 3551 
119400 3558 3562 
119450 3548 3547 
119500 3543 3546 
119550 3556 3557 
119600 3544 3545 
119650 3546 3544 
119700 3552 3558 
119750 3574 3570 
119800 3548 3548 
119850 3539 3533 
119900 3562 3552 
119950 3546 3551 
120000 3544 3548 
120050 3555 3552 
120100 3561 3559 
120150 3548 3554 
120200 3540 3538 
120250 3556 3557 
120300 3549 3553 
120350 3556 3550 
120400 3563 3562 
120450 3555 3554 
120500 3560 3555 
120550 3552 3553 
120600 3562 3557 
120650 3555 3563 
120700 3559 3557 
120750 3551 3552 
120800 3561 3562 
120850 3551 3543 
120900 3539 3537 
120950 3540 3537 
121000 3541 3544 
121050 3547 3545 
121100 3549 3549 
121150 3535 3545 
121200 3556 3555 
121250 3562 3568 
121300 3554 3560 
121350 3548 3556 
121400 3553 3545 
121450 3550 3554 
121500 3551 3549 
121550 3559 3554 
121600 3564 3561 
121650 3548 3550 
121700 3547 3552 
121750 3561 3560 
121800 3572 3569 
121850 3557 3557 
121900 3548 3549 
121950 3548 3548 
122000 3529 3534 
122050 3547 3547 
122100 3555 3557 
122150 3561 3560 
122200 3562 3559 
122250 3540 3543 
122300 3551 3553 
122350 3556 3555 
122400 3546 3538 
122450 3529 3525 
122500 3562 3567 
122550 3548 3550 
122600 3541 3550 
122650 3558 3558 
122700 3558 3562 
122750 3555 3556 
122800 3547 3553 
122850 3550 3551 
122900 3566 3564 
122950 3561 3558 
123000 3558 3556 
123050 3560 3555 
123100 3549 3544 
123150 3564 3564 
123200 3563 3556 
123250 3564 3568 
123300 3562 3555 
123350 3556 3549 
123400 3554 3559 
123450 3555 3551 
123500 3551 3550 
123550 3552 3553 
123600 3557 3551 
123650 3554 3554 
123700 3563 3561 
123750 3543 3536 
123800 3543 3543 
123850 3540 3545 
123900 3550 3549 
123950 3568 3569 
124000 3554 3556 
124050 3525 3532 
124100 3562 3568 
124150 3562 3564 
124200 3536 3535 
124250 3530 3537 
124300 3546 3551 
124350 3551 3552 
124400 3546 3541 
124450 3554 3552 
124500 3525 3529 
124550 3545 3548 
124600 3546 3548 
124650 3538 3543 
124700 3560 3558 
124750 3547 3545 
124800 3561 3556 
124850 3564 3564 
124900 3550 3548 
124950 3568 3565 
125000 3558 3556 
125050 3548 3551 
125100 3551 3551 
125150 3548 3548 
125200 3565 3567 
125250 3543 3538 
125300 3553 3554 
125350 3534 3538 
125400 3560 3559 
125450 3554 3554 
125500 3562 3559 
125550 3547 3546 
125600 3552 3556 
125650 3543 3547 
125700 3545 3544 
125750 3551 3548 
125800 3545 3545 
125850 3562 3562 
125900 3547 3539 
125950 3545 3544 
126000 3549 3553 
126050 3550 3546 
126100 3542 3546 
126150 3557 3561 
126200 3542 3551 
126250 3543 3553 
126300 3555 3558 
126350 3549 3554 
126400 3539 3544 
126450 3545 3543 
126500 3543 3544 
126550 3561 3558 
126600 3550 3552 
126650 3547 3551 
126700 3545 3542 
126750 3556 3562 
126800 3557 3563 
126850 3552 3548 
126900 3557 3558 
126950 3551 3553 
127000 3550 3550 
127050 3550 3544 
127100 3545 3541 
127150 3552 3546 
127200 3546 3546 
127250 3555 3551 
127300 3534 3538 
127350 3562 3561 
127400 3542 3547 
127450 3541 3537 
127500 3542 3541 
127550 3559 3552 
127600 3538 3548 
127650 3550 3545 
127700 3545 3541 
127750 3549 3551 
127800 3558 3554 
127850 3536 3538 
127900 3565 3567 
127950 3556 3552 
128000 3556 3556 
128050 3544 3543 
128100 3543 3540 
128150 3545 3542 
128200 3555 3554 
128250 3537 3539 
128300 3549 3551 
128350 3543 3538 
128400 3550 3547 
128450 3544 3547 
128500 3555 3551 
128550 3550 3544 
128600 3548 3547 
128650 3567 3567 
128700 3560 3560 
128750 3548 3547 
128800 3566 3558 
128850 3557 3561 
128900 3536 3539 
128950 3549 3551 
129000 3546 3550 
129050 3561 3556 
129100 3546 3546 
129150 3538 3538 
129200 3554 3554 
129250 3536 3532 
129300 3548 3545 
129350 3537 3535 
129400 3552 3556 
129450 3554 3554 
129500 3551 3548 
129550 3563 3561 
129600 3550 3541 
129650 3547 3543 
129700 3575 3575 
129750 3563 3562 
129800 3550 3548 
129850 3556 3559 
129900 3546 3550 
129950 3539 3545 
130000 3551 3552 
130050 3545 3538 
130100 3548 3546 
130150 3543 3548 
130200 3559 3558 
130250 3556 3556 
130300 3550 3553 
130350 3568 3567 
130400 3548 3547 
130450 3547 3540 
130500 3545 3548 
130550 3551 3553 
130600 3548 3549 
130650 3559 3557 
130700 3558 3560 
130750 3562 3563 
130800 3557 3555 
130850 3547 3547 
130900 3542 3543 
130950 3551 3552 
131000 3537 3539 
131050 3573 3571 
131100 3567 3566 
131150 3556 3555 
131200 3544 3544 
131250 3554 3550 
131300 3544 3548 
131350 3568 3562 
131400 3560 3561 
131450 3532 3534 
131500 3547 3539 
131550 3555 3555 
131600 3541 3545 
131650 3557 3558 
131700 3544 3543 
131750 3543 3538 
131800 3539 3544 
131850 3547 3548 
131900 3560 3565 
131950 3547 3551 
132000 3544 3547 
132050 3554 3554 
132100 3545 3540 
132150 3557 3552 
132200 3560 3561 
132250 3541 3543 
132300 3557 3553 
132350 3544 3546 
132400 3544 3544 
132450 3562 3560 
132500 3565 3563 
132550 3537 3535 
132600 3543 3551 
132650 3558 3558 
132700 3560 3557 
132750 3549 3550 
132800 3550 3547 
132850 3559 3556 
132900 3553 3552 
132950 3551 3555 
133000 3553 3553 
133050 3553 3553 
133100 3562 3563 
133150 3554 3554 
133200 3547 3547 
133250 3552 3555 
133300 3551 3546 
133350 3545 3542 
133400 3557 3558 
133450 3556 3551 
133500 3552 3549 
133550 3552 3551 
133600 3556 3549 
133650 3558 3552 
133700 3551 3552 
133750 3543 3545 
133800 3550 3547 
133850 3559 3563 
133900 3550 3553 
133950 3549 3546 
134000 3542 3544 
134050 3552 3550 
134100 3560 3561 
134150 3546 3548 
134200 3542 3539 
134250 3546 3539 
134300 3548 3541 
134350 3551 3550 
134400 3552 3556 
134450 3544 3544 
134500 3558 3556 
134550 3555 3555 
134600 3550 3546 
134650 3552 3549 
134700 3546 3547 
134750 3549 3551 
134800 3546 3540 
134850 3553 3549 
134900 3544 3550 
134950 3548 3551 
135000 3544 3541 
135050 3545 3547 
135100 3541 3541 
135150 3545 3549 
135200 3552 3550 
135250 3548 3545 
135300 3551 3557 
135350 3540 3545 
135400 3565 3564 
135450 3552 3560 
135500 3555 3563 
135550 3550 3553 
135600 3536 3536 
135650 3553 3552 
135700 3551 3555 
135750 3551 3548 
135800 3572 3567 
135850 3546 3548 
135900 3551 3551 
135950 3549 3543 
136000 3538 3535 
136050 3553 3555 
136100 3558 3551 
136150 3545 3544 
136200 3561 3556 
136250 3567 3566 
136300 3566 3558 
136350 3556 3555 
136400 3548 3550 
136450 3560 3559 
136500 3557 3560 
136550 3559 3558 
136600 3554 3557 
136650 3556 3554 
136700 3535 3534 
136750 3557 3553 
136800 3543 3551 
136850 3567 3562 
136900 3556 3554 
136950 3543 3547 
137000 3570 3571 
137050 3559 3558 
137100 3536 3541 
137150 3558 3555 
137200 3553 3553 
137250 3567 3562 
137300 3549 3546 
137350 3562 3560 
137400 3550 3554 
137450 3552 3553 
137500 3552 3547 
137550 3566 3564 
137600 3569 3570 
137650 3562 3558 
137700 3550 3544 
137750 3548 3551 
137800 3554 3551 
137850 3547 3543 
137900 3563 3565 
137950 3558 3556 
138000 3532 3538 
138050 3555 3560 
138100 3559 3556 
138150 3564 3565 
138200 3546 3549 
138250 3551 3554 
138300 3569 3566 
138350 3542 3545 
138400 3552 3547 
138450 3549 3547 
138500 3569 3567 
138550 3548 3546 
138600 3558 3555 
138650 3556 3551 
138700 3560 3550 
138750 3564 3557 
138800 3564 3566 
138850 3560 3556 
138900 3551 3550 
138950 3561 3563 
139000 3560 3563 
139050 3538 3544 
139100 3551 3544 
139150 3554 3552 
139200 3561 3559 
139250 3547 3542 
139300 3561 3557 
139350 3551 3545 
139400 3564 3563 
139450 3553 3547 
139500 3564 3559 
139550 3556 3550 
139600 3564 3563 
139650 3547 3545 
139700 3553 3558 
139750 3544 3547 
139800 3569 3567 
139850 3551 3546 
139900 3550 3557 
139950 3537 3533 
140000 3554 3555 
140050 3553 3555 
140100 3546 3554 
140150 3554 3552 
140200 3553 3558 
140250 3536 3543 
140300 3561 3561 
140350 3551 3552 
140400 3550 3553 
140450 3547 3551 
140500 3563 3563 
140550 3559 3565 
140600 3546 3548 
140650 3563 3564 
140700 3545 3549 
140750 3533 3535 
140800 3550 3553 
140850 3548 3549 
140900 3561 3563 
140950 3553 3553 
141000 3541 3545 
141050 3557 3553 
141100 3547 3553 
141150 3560 3557 
141200 3550 3551 
141250 3550 3549 
141300 3537 3535 
141350 3557 3563 
141400 3553 3550 
141450 3548 3552 
141500 3551 3555 
141550 3553 3555 
141600 3552 3550 
141650 3553 3553 
141700 3555 3548 
141750 3559 3555 
141800 3541 3538 
141850 3542 3540 
141900 3543 3546 
141950 3559 3554 
142000 3562 3564 
142050 3557 3559 
142100 3543 3546 
142150 3553 3552 
142200 3565 3567 
142250 3550 3550 
142300 3555 3552 
142350 3538 3538 
142400 3557 3556 
142450 3554 3543 
142500 3539 3541 
142550 3552 3546 
142600 3550 3545 
142650 3560 3562 
142700 3550 3548 
142750 3548 3547 
142800 3567 3566 
142850 3558 3565 
142900 3552 3555 
142950 3559 3562 
143000 3542 3543 
143050 3548 3540 
143100 3562 3561 
143150 3540 3541 
143200 3555 3549 
143250 3555 3558 
143300 3554 3560 
143350 3536 3540 
143400 3558 3558 
143450 3550 3542 
143500 3554 3558 
143550 3559 3554 
143600 3545 3550 
143650 3555 3557 
143700 3539 3542 
143750 3533 3533 
143800 3557 3552 
143850 3547 3550 
143900 3553 3555 
143950 3553 3558 
144000 3543 3544 
144050 3553 3554 
144100 3551 3549 
144150 3545 3547 
144200 3548 3552 
144250 3549 3552 
144300 3540 3544 
144350 3550 3552 
144400 3561 3560 
144450 3551 3543 
144500 3547 3543 
144550 3536 3529 
144600 3533 3535 
144650 3548 3552 
144700 3556 3552 
144750 3551 3557 
144800 3545 3543 
144850 3549 3552 
144900 3549 3552 
144950 3553 3550 
145000 3562 3563 
145050 3555 3552 
145100 3548 3546 
145150 3556 3560 
145200 3544 3542 
145250 3551 3551 
145300 3528 3532 
145350 3560 3558 
145400 3546 3542 
145450 3557 3549 
145500 3541 3540 
145550 3566 3560 
145600 3544 3542 
145650 3567 3563 
145700 3554 3547 
145750 3539 3539 
145800 3555 3552 
145850 3552 3553 
145900 3553 3552 
145950 3545 3541 
146000 3537 3539 
146050 3557 3558 
146100 3549 3554 
146150 3538 3534 
146200 3552 3552 
146250 3555 3561 
146300 3564 3566 
146350 3562 3560 
146400 3566 3568 
146450 3555 3553 
146500 3556 3558 
146550 3561 3561 
146600 3545 3547 
146650 3554 3554 
146700 3565 3564 
146750 3562 3555 
146800 3553 3546 
146850 3563 3558 
146900 3558 3553 
146950 3550 3546 
147000 3559 3563 
147050 3554 3551 
147100 3564 3561 
147150 3553 3546 
147200 3547 3549 
147250 3557 3555 
147300 3553 3556 
147350 3544 3541 
147400 3565 3563 
147450 3559 3553 
147500 3533 3537 
147550 3534 3541 
147600 3558 3553 
147650 3553 3555 
147700 3549 3550 
147750 3571 3567 
147800 3531 3542 
147850 3546 3546 
147900 3546 3550 
147950 3559 3566 
148000 3559 3560 
148050 3567 3569 
148100 3562 3563 
148150 3565 3557 
148200 3553 3551 
148250 3551 3551 
148300 3561 3559 
148350 3561 3552 
148400 3563 3559 
148450 3559 3553 
148500 3549 3556 
148550 3566 3562 
148600 3546 3539 
148650 3543 3545 
148700 3553 3555 
148750 3550 3543 
148800 3548 3544 
148850 3551 3551 
148900 3555 3557 
148950 3558 3558 
149000 3561 3555 
149050 3558 3557 
149100 3546 3543 
149150 3550 3554 
149200 3562 3562 
149250 3538 3532 
149300 3564 3555 
149350 3544 3548 
149400 3550 3543 
149450 3552 3547 
149500 3555 3552 
149550 3552 3551 
149600 3556 3553 
149650 3556 3555 
149700 3566 3563 
149750 3551 3544 
149800 3555 3555 
149850 3563 3549 
149900 3553 3555 
149950 3554 3554 
150000 3549 3549 
150050 3563 3561 
150100 3546 3550 
150150 3544 3541 
150200 3566 3570 
150250 3558 3557 
150300 3560 3558 
150350 3558 3554 
150400 3550 3541 
150450 3543 3550 
150500 3566 3559 
150550 3561 3565 
150600 3552 3555 
150650 3556 3557 
150700 3563 3560 
150750 3555 3562 
150800 3555 3551 
150850 3545 3546 
150900 3557 3558 
150950 3558 3562 
151000 3544 3548 
151050 3532 3533 
151100 3547 3550 
151150 3554 3548 
151200 3545 3551 
151250 3555 3551 
151300 3549 3545 
151350 3546 3548 
151400 3567 3573 
151450 3553 3558 
151500 3557 3555 
151550 3542 3550 
151600 3552 3551 
151650 3562 3554 
151700 3544 3542 
151750 3556 3556 
151800 3554 3558 
151850 3552 3547 
151900 3541 3539 
151950 3552 3549 
152000 3540 3536 
152050 3550 3549 
152100 3557 3554 
152150 3562 3562 
152200 3546 3543 
152250 3554 3550 
152300 3535 3539 
152350 3537 3535 
152400 3544 3539 
152450 3533 3526 
152500 3549 3549 
152550 3564 3560 
152600 3541 3546 
152650 3543 3543 
152700 3567 3563 
152750 3547 3542 
152800 3558 3557 
152850 3559 3547 
152900 3542 3546 
152950 3551 3551 
153000 3562 3555 
153050 3547 3539 
153100 3562 3558 
153150 3558 3561 
153200 3549 3555 
153250 3551 3551 
153300 3541 3545 
153350 3553 3558 
153400 3545 3551 
153450 3545 3544 
153500 3548 3548 
153550 3559 3559 
153600 3558 3546 
153650 3554 3544 
153700 3553 3555 
153750 3550 3552 
153800 3559 3553 
153850 3544 3541 
153900 3550 3539 
153950 3559 3553 
154000 3551 3550 
154050 3544 3540 
154100 3542 3538 
154150 3555 3552 
154200 3558 3553 
154250 3550 3547 
154300 3561 3561 
154350 3552 3553 
154400 3562 3555 
154450 3562 3562 
154500 3562 3557 
154550 3546 3548 
154600 3553 3557 
154650 3562 3560 
154700 3558 3562 
154750 3573 3568 
154800 3556 3554 
154850 3554 3550 
154900 3552 3556 
154950 3539 3542 
155000 3568 3565 
155050 3562 3559 
155100 3549 3553 
155150 3553 3555 
155200 3556 3558 
155250 3550 3560 
155300 3567 3573 
155350 3539 3541 
155400 3567 3562 
155450 3552 3549 
155500 3547 3549 
155550 3548 3551 
155600 3554 3549 
155650 3560 3554 
155700 3556 3557 
155750 3562 3556 
155800 3548 3543 
155850 3546 3549 
155900 3537 3534 
155950 3565 3567 
156000 3553 3555 
156050 3540 3537 
156100 3562 3560 
156150 3542 3543 
156200 3550 3547 
156250 3550 3552 
156300 3561 3560 
156350 3558 3556 
156400 3544 3542 
156450 3557 3554 
156500 3547 3552 
156550 3546 3545 
156600 3531 3530 
156650 3542 3545 
156700 3553 3549 
156750 3552 3550 
156800 3548 3550 
156850 3545 3547 
156900 3544 3545 
156950 3571 3563 
157000 3551 3548 
157050 3548 3549 
157100 3548 3553 
157150 3552 3547 
157200 3555 3551 
157250 3545 3546 
157300 3562 3562 
157350 3562 3558 
157400 3546 3544 
157450 3554 3554 
157500 3558 3563 
157550 3553 3555 
157600 3537 3540 
157650 3551 3563 
157700 3537 3539 
157750 3552 3557 
157800 3551 3547 
157850 3561 3560 
157900 3541 3540 
157950 3533 3533 
158000 3550 3557 
158050 3550 3551 
158100 3543 3549 
158150 3531 3530 
158200 3559 3559 
158250 3561 3558 
158300 3542 3552 
158350 3546 3551 
158400 3560 3554 
158450 3552 3545 
158500 3551 3549 
158550 3541 3547 
158600 3532 3529 
158650 3559 3557 
158700 3553 3552 
158750 3546 3549 
158800 3553 3552 
158850 3552 3552 
158900 3554 3554 
158950 3557 3551 
159000 3555 3551 
159050 3537 3541 
159100 3555 3556 
159150 3549 3556 
159200 3565 3567 
159250 3547 3544 
159300 3554 3559 
159350 3552 3546 
159400 3544 3546 
159450 3546 3552 
159500 3538 3535 
159550 3543 3538 
159600 3558 3551 
159650 3542 3546 
159700 3546 3547 
159750 3557 3550 
159800 3555 3551 
159850 3527 3517 
159900 3553 3552 
159950 3558 3560 
160000 3549 3547 
160050 3556 3556 
160100 3567 3563 
160150 3554 3553 
160200 3548 3552 
160250 3558 3552 
160300 3556 3557 
160350 3560 3561 
160400 3552 3557 
160450 3535 3532 
160500 3552 3550 
160550 3557 3557 
160600 3545 3545 
160650 3558 3556 
160700 3557 3554 
160750 3556 3563 
160800 3561 3560 
160850 3550 3549 
160900 3558 3555 
160950 3573 3559 
161000 3545 3546 
161050 3555 3553 
161100 3545 3546 
161150 3561 3556 
161200 3549 3549 
161250 3548 3551 
161300 3543 3541 
161350 3553 3551 
161400 3566 3572 
161450 3554 3552 
161500 3556 3549 
161550 3544 3542 
161600 3539 3536 
161650 3557 3556 
161700 3562 3556 
161750 3562 3561 
161800 3555 3557 
161850 3554 3552 
161900 3544 3537 
161950 3562 3559 
162000 3547 3549 
162050 3545 3540 
162100 3539 3543 
162150 3561 3556 
162200 3552 3558 
162250 3537 3541 
162300 3536 3529 
162350 3561 3562 
162400 3540 3540 
162450 3556 3556 
162500 3560 3560 
162550 3553 3553 
162600 3563 3563 
162650 3549 3556 
162700 3561 3561 
162750 3565 3570 
162800 3546 3544 
162850 3552 3551 
162900 3554 3552 
162950 3548 3549 
163000 3555 3551 
163050 3558 3554 
163100 3547 3549 
163150 3540 3552 
163200 3562 3560 
163250 3565 3563 
163300 3559 3560 
163350 3549 3549 
163400 3547 3545 
163450 3553 3547 
163500 3556 3550 
163550 3561 3556 
163600 3556 3556 
163650 3555 3554 
163700 3561 3562 
163750 3572 3569 
163800 3553 3554 
163850 3541 3540 
163900 3555 3559 
163950 3565 3565 
164000 3543 3544 
164050 3555 3554 
164100 3549 3549 
164150 3555 3557 
164200 3559 3555 
164250 3532 3535 
164300 3556 3553 
164350 3546 3538 
164400 3545 3542 
164450 3537 3545 
164500 3538 3543 
164550 3550 3550 
164600 3553 3551 
164650 3554 3553 
164700 3546 3545 
164750 3557 3561 
164800 3552 3554 
164850 3551 3547 
164900 3554 3554 
164950 3557 3563 
165000 3542 3542 
165050 3542 3548 
165100 3557 3554 
165150 3549 3552 
165200 3561 3565 
165250 3562 3556 
165300 3554 3546 
165350 3558 3557 
165400 3560 3558 
165450 3540 3537 
165500 3551 3550 
165550 3548 3551 
165600 3561 3560 
165650 3536 3547 
165700 3536 3540 
165750 3560 3561 
165800 3553 3560 
165850 3557 3558 
165900 3558 3557 
165950 3547 3554 
166000 3538 3544 
166050 3551 3547 
166100 3561 3557 
166150 3552 3546 
166200 3543 3538 
166250 3555 3555 
166300 3567 3571 
166350 3539 3541 
166400 3564 3561 
166450 3541 3541 
166500 3527 3527 
166550 3551 3548 
166600 3557 3556 
166650 3552 3554 
166700 3558 3560 
166750 3554 3552 
166800 3547 3548 
166850 3547 3547 
166900 3540 3535 
166950 3562 3564 
167000 3541 3540 
167050 3560 3554 
167100 3561 3563 
167150 3552 3547 
167200 3544 3537 
167250 3555 3551 
167300 3553 3557 
167350 3541 3546 
167400 3547 3543 
167450 3539 3535 
167500 3533 3528 
167550 3562 3560 
167600 3543 3548 
167650 3550 3551 
167700 3544 3546 
167750 3555 3555 
167800 3557 3553 
167850 3532 3535 
167900 3549 3555 
167950 3552 3550 
168000 3555 3555 
168050 3544 3544 
168100 3564 3563 
168150 3532 3534 
168200 3541 3544 
168250 3554 3557 
168300 3526 3533 
168350 3562 3563 
168400 3563 3560 
168450 3543 3541 
168500 3554 3553 
168550 3554 3556 
168600 3554 3553 
168650 3548 3549 
168700 3558 3562 
168750 3550 3555 
168800 3546 3546 
168850 3550 3547 
168900 3539 3537 
168950 3558 3553 
169000 3561 3556 
169050 3554 3557 
169100 3565 3564 
169150 3567 3570 
169200 3548 3550 
169250 3549 3549 
169300 3549 3544 
169350 3549 3547 
169400 3540 3535 
169450 3550 3546 
169500 3551 3555 
169550 3548 3546 
169600 3548 3555 
169650 3563 3556 
169700 3546 3549 
169750 3558 3551 
169800 3549 3546 
169850 3544 3543 
169900 3553 3554 
169950 3553 3552 
170000 3531 3536 
170050 3540 3539 
170100 3554 3551 
170150 3542 3539 
170200 3515 3523 
170250 3564 3561 
170300 3552 3552 
170350 3556 3554 
170400 3552 3559 
170450 3547 3545 
170500 3556 3558 
170550 3537 3546 
170600 3536 3544 
170650 3550 3552 
170700 3542 3547 
170750 3541 3539 
170800 3551 3555 
170850 3568 3569 
170900 3553 3554 
170950 3562 3565 
171000 3565 3566 
171050 3550 3553 
171100 3556 3559 
171150 3552 3554 
171200 3558 3547 
171250 3556 3561 
171300 3544 3547 
171350 3565 3565 
171400 3548 3553 
171450 3544 3552 
171500 3569 3570 
171550 3557 3557 
171600 3563 3560 
171650 3557 3558 
171700 3557 3550 
171750 3549 3557 
171800 3558 3555 
171850 3542 3539 
171900 3557 3557 
171950 3560 3561 
172000 3541 3544 
172050 3550 3546 
172100 3539 3534 
172150 3538 3538 
172200 3569 3564 
172250 3560 3560 
172300 3527 3530 
172350 3557 3554 
172400 3563 3559 
172450 3557 3549 
172500 3551 3558 
172550 3542 3538 
172600 3549 3554 
172650 3546 3545 
172700 3551 3546 
172750 3568 3571 
172800 3561 3563 
172850 3548 3548 
172900 3551 3550 
172950 3544 3544 
173000 3546 3543 
173050 3557 3552 
173100 3550 3550 
173150 3567 3565 
173200 3552 3553 
173250 3560 3555 
173300 3542 3545 
173350 3557 3552 
173400 3548 3548 
173450 3552 3551 
173500 3557 3554 
173550 3555 3555 
173600 3549 3548 
173650 3544 3539 
173700 3535 3530 
173750 3546 3548 
173800 3549 3543 
173850 3554 3556 
173900 3550 3557 
173950 3551 3549 
174000 3558 3554 
174050 3557 3560 
174100 3553 3552 
174150 3547 3551 
174200 3547 3545 
174250 3551 3553 
174300 3548 3547 
174350 3554 3554 
174400 3540 3547 
174450 3557 3554 
174500 3546 3545 
174550 3570 3575 
174600 3552 3548 
174650 3540 3548 
174700 3554 3557 
174750 3546 3546 
174800 3550 3549 
174850 3553 3551 
174900 3560 3556 
174950 3556 3557 
175000 3543 3542 
175050 3549 3548 
175100 3550 3550 
175150 3570 3571 
175200 3543 3541 
175250 3558 3553 
175300 3539 3541 
175350 3551 3545 
175400 3540 3548 
175450 3555 3553 
175500 3555 3554 
175550 3554 3553 
175600 3549 3550 
175650 3546 3551 
175700 3546 3543 
175750 3549 3550 
175800 3558 3554 
175850 3547 3551 
175900 3547 3551 
175950 3544 3544 
176000 3556 3553 
176050 3548 3545 
176100 3561 3551 
176150 3561 3561 
176200 3572 3567 
176250 3545 3545 
176300 3529 3534 
176350 3551 3554 
176400 3570 3574 
176450 3550 3553 
176500 3567 3564 
176550 3550 3549 
176600 3568 3562 
176650 3542 3536 
176700 3544 3540 
176750 3549 3551 
176800 3553 3552 
176850 3548 3547 
176900 3534 3536 
176950 3546 3546 
177000 3563 3574 
177050 3568 3572 
177100 3549 3558 
177150 3545 3544 
177200 3544 3542 
177250 3552 3549 
177300 3546 3550 
177350 3545 3545 
177400 3550 3545 
177450 3545 3544 
177500 3541 3541 
177550 3532 3533 
177600 3550 3546 
177650 3554 3553 
177700 3540 3544 
177750 3534 3539 
177800 3559 3559 
177850 3556 3548 
177900 3548 3546 
177950 3549 3555 
178000 3546 3549 
178050 3543 3541 
178100 3546 3540 
178150 3567 3568 
178200 3558 3558 
178250 3558 3563 
178300 3570 3561 
178350 3538 3542 
178400 3558 3560 
178450 3565 3567 
178500 3567 3568 
178550 3541 3544 
178600 3555 3559 
178650 3559 3554 
178700 3550 3555 
178750 3548 3551 
178800 3537 3533 
178850 3565 3561 
178900 3556 3557 
178950 3556 3564 
179000 3556 3560 
179050 3550 3553 
179100 3541 3546 
179150 3545 3552 
179200 3551 3556 
179250 3565 3565 
179300 3532 3539 
179350 3526 3531 
179400 3548 3553 
179450 3546 3546 
179500 3547 3552 
179550 3551 3545 
179600 3549 3542 
179650 3542 3549 
179700 3552 3556 
179750 3548 3546 
179800 3537 3535 
179850 3551 3556 
179900 3566 3562 
179950 3560 3555 
180000 3562 3559 
180050 3553 3554 
180100 3561 3556 
180150 3556 3555 
180200 3560 3559 
180250 3546 3546 
180300 3548 3551 
180350 3547 3552 
180400 3547 3543 
180450 3543 3547 
180500 3547 3554 
180550 3567 3566 
180600 3561 3560 
180650 3555 3559 
180700 3564 3565 
180750 3540 3549 
180800 3561 3565 
180850 3542 3543 
180900 3559 3563 
180950 3542 3547 
181000 3558 3560 
181050 3565 3565 
181100 3556 3550 
181150 3556 3557 
181200 3550 3551 
181250 3534 3541 
181300 3553 3551 
181350 3561 3560 
181400 3552 3547 
181450 3545 3545 
181500 3540 3540 
181550 3558 3560 
181600 3531 3534 
181650 3554 3553 
181700 3556 3559 
181750 3554 3561 
181800 3551 3553 
181850 3545 3545 
181900 3553 3548 
181950 3556 3556 
182000 3557 3563 
182050 3554 3547 
182100 3551 3547 
182150 3542 3549 
182200 3550 3557 
182250 3552 3554 
182300 3547 3552 
182350 3536 3533 
182400 3548 3550 
182450 3555 3557 
182500 3564 3559 
182550 3550 3555 
182600 3562 3554 
182650 3553 3555 
182700 3557 3550 
182750 3559 3556 
182800 3554 3550 
182850 3564 3567 
182900 3543 3544 
182950 3553 3552 
183000 3560 3549 
183050 3557 3557 
183100 3556 3556 
183150 3563 3559 
183200 3543 3542 
183250 3555 3555 
183300 3544 3546 
183350 3541 3537 
183400 3554 3554 
183450 3544 3548 
183500 3568 3561 
183550 3540 3549 
183600 3557 3557 
183650 3560 3555 
183700 3552 3551 
183750 3560 3563 
183800 3535 3542 
183850 3553 3551 
183900 3560 3559 
183950 3543 3550 
184000 3551 3548 
184050 3549 3556 
184100 3547 3549 
184150 3549 3552 
184200 3554 3556 
184250 3557 3552 
184300 3565 3563 
184350 3544 3543 
184400 3549 3535 
184450 3546 3545 
184500 3550 3561 
184550 3542 3539 
184600 3550 3548 
184650 3544 3549 
184700 3556 3561 
184750 3549 3546 
184800 3557 3557 
184850 3558 3555 
184900 3557 3560 
184950 3551 3547 
185000 3571 3569 
185050 3538 3539 
185100 3545 3550 
185150 3541 3540 
185200 3546 3551 
185250 3558 3558 
185300 3546 3542 
185350 3554 3552 
185400 3542 3543 
185450 3557 3560 
185500 3558 3557 
185550 3559 3561 
185600 3549 3552 
185650 3549 3559 
185700 3537 3534 
185750 3546 3542 
185800 3549 3547 
185850 3563 3568 
185900 3556 3553 
185950 3565 3566 
186000 3553 3554 
186050 3554 3553 
186100 3553 3557 
186150 3549 3551 
186200 3574 3573 
186250 3558 3559 
186300 3556 3553 
186350 3550 3553 
186400 3550 3553 
186450 3562 3559 
186500 3562 3559 
186550 3535 3534 
186600 3540 3546 
186650 3553 3556 
186700 3563 3567 
186750 3552 3549 
186800 3552 3554 
186850 3557 3557 
186900 3562 3563 
186950 3562 3563 
187000 3544 3544 
187050 3554 3551 
187100 3552 3553 
187150 3560 3557 
187200 3561 3558 
187250 3543 3531 
187300 3543 3550 
187350 3562 3551 
187400 3547 3547 
187450 3540 3539 
187500 3561 3561 
187550 3556 3553 
187600 3555 3548 
187650 3550 3544 
187700 3557 3552 
187750 3558 3558 
187800 3560 3558 
187850 3564 3562 
187900 3545 3544 
187950 3559 3561 
188000 3550 3552 
188050 3552 3545 
188100 3548 3544 
188150 3541 3544 
188200 3552 3548 
188250 3552 3553 
188300 3573 3569 
188350 3541 3537 
188400 3559 3564 
188450 3538 3544 
188500 3563 3561 
188550 3558 3552 
188600 3550 3546 
188650 3553 3553 
188700 3558 3554 
188750 3557 3554 
188800 3567 3568 
188850 3543 3538 
188900 3552 3553 
188950 3552 3552 
189000 3548 3546 
189050 3559 3559 
189100 3560 3552 
189150 3551 3547 
189200 3556 3551 
189250 3567 3562 
189300 3549 3546 
189350 3549 3549 
189400 3546 3551 
189450 3557 3562 
189500 3558 3557 
189550 3550 3551 
189600 3548 3552 
189650 3554 3552 
189700 3532 3532 
189750 3545 3548 
189800 3560 3566 
189850 3541 3539 
189900 3559 3555 
189950 3534 3534 
190000 3547 3545 
190050 3543 3547 
190100 3554 3554 
190150 3561 3562 
190200 3563 3565 
190250 3564 3566 
190300 3582 3575 
190350 3538 3539 
190400 3534 3536 
190450 3558 3564 
190500 3558 3556 
190550 3559 3553 
190600 3549 3544 
190650 3563 3561 
190700 3557 3557 
190750 3550 3548 
190800 3547 3548 
190850 3552 3553 
190900 3569 3566 
190950 3568 3572 
191000 3561 3563 
191050 3542 3544 
191100 3537 3537 
191150 3558 3562 
191200 3553 3556 
191250 3543 3546 
191300 3552 3555 
191350 3557 3554 
191400 3556 3549 
191450 3559 3558 
191500 3558 3563 
191550 3563 3566 
191600 3555 3550 
191650 3561 3561 
191700 3546 3553 
191750 3545 3544 
191800 3552 3545 
191850 3561 3561 
191900 3539 3531 
191950 3551 3552 
192000 3552 3549 
192050 3540 3540 
192100 3551 3555 
192150 3558 3561 
192200 3552 3545 
192250 3533 3532 
192300 3558 3550 
192350 3563 3561 
192400 3549 3541 
192450 3564 3560 
192500 3561 3557 
192550 3556 3553 
192600 3561 3555 
192650 3554 3550 
192700 3550 3544 
192750 3551 3557 
192800 3566 3562 
192850 3554 3555 
192900 3551 3552 
192950 3552 3553 
193000 3550 3546 
193050 3557 3557 
193100 3560 3562 
193150 3559 3552 
193200 3552 3554 
193250 3559 3562 
193300 3534 3537 
193350 3539 3549 
193400 3545 3548 
193450 3563 3563 
193500 3559 3560 
193550 3544 3541 
193600 3559 3556 
193650 3554 3549 
193700 3546 3550 
193750 3551 3557 
193800 3555 3551 
193850 3541 3542 
193900 3541 3542 
193950 3549 3547 
194000 3546 3549 
194050 3562 3561 
194100 3545 3554 
194150 3560 3563 
194200 3555 3551 
194250 3553 3556 
194300 3566 3563 
194350 3561 3560 
194400 3559 3560 
194450 3541 3540 
194500 3551 3559 
194550 3555 3555 
194600 3547 3548 
194650 3550 3553 
194700 3544 3548 
194750 3539 3542 
194800 3548 3556 
194850 3545 3542 
194900 3542 3540 
194950 3558 3549 
195000 3555 3560 
195050 3567 3564 
195100 3551 3550 
195150 3547 3542 
195200 3540 3541 
195250 3566 3569 
195300 3551 3554 
195350 3556 3559 
195400 3551 3552 
195450 3557 3555 
195500 3547 3549 
195550 3542 3546 
195600 3566 3565 
195650 3553 3556 
195700 3538 3541 
195750 3548 3546 
195800 3551 3558 
195850 3546 3552 
195900 3543 3542 
195950 3545 3548 
196000 3547 3550 
196050 3557 3562 
196100 3557 3557 
196150 3551 3549 
196200 3535 3537 
196250 3547 3550 
196300 3565 3559 
196350 3561 3552 
196400 3558 3564 
196450 3557 3551 
196500 3553 3552 
196550 3554 3552 
196600 3532 3536 
196650 3549 3552 
196700 3568 3562 
196750 3547 3552 
196800 3538 3533 
196850 3549 3549 
196900 3557 3551 
196950 3550 3554 
197000 3553 3555 
197050 3547 3549 
197100 3566 3567 
197150 3559 3563 
197200 3548 3554 
197250 3551 3551 
197300 3567 3560 
197350 3552 3547 
197400 3541 3539 
197450 3547 3554 
197500 3532 3540 
197550 3549 3551 
197600 3546 3555 
197650 3565 3560 
197700 3550 3550 
197750 3557 3556 
197800 3561 3559 
197850 3555 3552 
197900 3544 3545 
197950 3548 3544 
198000 3553 3546 
198050 3553 3547 
198100 3549 3556 
198150 3541 3543 
198200 3551 3546 
198250 3560 3562 
198300 3548 3551 
198350 3564 3565 
198400 3541 3540 
198450 3552 3554 
198500 3549 3551 
198550 3555 3556 
198600 3545 3542 
198650 3539 3546 
198700 3553 3555 
198750 3557 3551 
198800 3550 3544 
198850 3564 3563 
198900 3551 3559 
198950 3543 3543 
199000 3555 3556 
199050 3568 3564 
199100 3549 3547 
199150 3555 3553 
199200 3555 3549 
199250 3544 3547 
199300 3544 3553 
199350 3557 3556 
199400 3556 3561 
199450 3556 3559 
199500 3548 3548 
199550 3546 3537 
199600 3548 3546 
199650 3555 3561 
199700 3557 3557 
199750 3552 3553 
199800 3554 3558 
199850 3551 3552 
199900 3552 3544 
199950 3566 3563 
200000 3543 3540 
