# Avida tasks data
# Sat Apr  7 05:50:20 2012
# First column gives the current update, next columns give the number
# of organisms that have the particular task as a component of their merit
#  1: Update
#  2: Xor
#  3: Equals

0 0 0 
50 8 8 
100 43 42 
150 128 128 
200 261 261 
250 474 474 
300 716 713 
350 1002 1001 
400 1372 1370 
450 1760 1760 
500 2188 2191 
550 2721 2720 
600 3233 3238 
650 3428 3432 
700 3525 3527 
750 3556 3561 
800 3548 3555 
850 3529 3536 
900 3530 3533 
950 3530 3529 
1000 3533 3532 
1050 3543 3545 
1100 3541 3532 
1150 3545 3532 
1200 3540 3522 
1250 3521 3489 
1300 3546 3500 
1350 3554 3501 
1400 3523 3455 
1450 3533 3482 
1500 3545 3500 
1550 3545 3512 
1600 3536 3525 
1650 3546 3542 
1700 3544 3548 
1750 3545 3555 
1800 3556 3557 
1850 3552 3550 
1900 3548 3548 
1950 3551 3551 
2000 3546 3544 
2050 3551 3545 
2100 3560 3544 
2150 3533 3514 
2200 3518 3488 
2250 3545 3495 
2300 3536 3470 
2350 3530 3462 
2400 3551 3468 
2450 3557 3477 
2500 3560 3473 
2550 3543 3484 
2600 3548 3531 
2650 3534 3526 
2700 3545 3544 
2750 3534 3531 
2800 3549 3551 
2850 3527 3528 
2900 3548 3549 
2950 3562 3556 
3000 3541 3538 
3050 3547 3538 
3100 3543 3516 
3150 3534 3508 
3200 3540 3495 
3250 3546 3492 
3300 3546 3479 
3350 3543 3472 
3400 3537 3469 
3450 3553 3478 
3500 3543 3477 
3550 3530 3495 
3600 3525 3522 
3650 3547 3545 
3700 3550 3546 
3750 3559 3562 
3800 3547 3545 
3850 3552 3549 
3900 3553 3549 
3950 3543 3544 
4000 3547 3547 
4050 3546 3551 
4100 3543 3537 
4150 3545 3530 
4200 3543 3530 
4250 3538 3524 
4300 3543 3538 
4350 3546 3543 
4400 3548 3543 
4450 3538 3525 
4500 3542 3530 
4550 3542 3547 
4600 3560 3560 
4650 3560 3563 
4700 3545 3546 
4750 3536 3533 
4800 3541 3537 
4850 3546 3547 
4900 3543 3546 
4950 3551 3552 
5000 3555 3553 
5050 3542 3539 
5100 3557 3532 
5150 3565 3519 
5200 3524 3482 
5250 3557 3501 
5300 3557 3495 
5350 3542 3478 
5400 3546 3465 
5450 3537 3444 
5500 3553 3449 
5550 3548 3484 
5600 3542 3511 
5650 3550 3535 
5700 3546 3535 
5750 3534 3534 
5800 3525 3526 
5850 3544 3544 
5900 3543 3539 
5950 3552 3551 
6000 3547 3547 
6050 3536 3537 
6100 3554 3542 
6150 3553 3536 
6200 3542 3523 
6250 3542 3535 
6300 3540 3534 
6350 3553 3522 
6400 3542 3509 
6450 3540 3481 
6500 3551 3474 
6550 3547 3494 
6600 3558 3533 
6650 3558 3542 
6700 3554 3551 
6750 3557 3557 
6800 3555 3551 
6850 3545 3548 
6900 3548 3555 
6950 3562 3560 
7000 3563 3555 
7050 3546 3540 
7100 3548 3540 
7150 3545 3514 
7200 3546 3497 
7250 3557 3489 
7300 3548 3472 
7350 3554 3470 
7400 3554 3455 
7450 3532 3419 
7500 3539 3415 
7550 3546 3471 
7600 3523 3492 
7650 3531 3531 
7700 3540 3544 
7750 3550 3551 
7800 3559 3560 
7850 3541 3547 
7900 3553 3548 
7950 3534 3534 
8000 3543 3542 
8050 3552 3555 
8100 3548 3541 
8150 3546 3512 
8200 3526 3496 
8250 3553 3521 
8300 3519 3472 
8350 3546 3483 
8400 3549 3495 
8450 3557 3489 
8500 3558 3479 
8550 3557 3514 
8600 3564 3548 
8650 3529 3530 
8700 3533 3539 
8750 3534 3531 
8800 3539 3536 
8850 3541 3538 
8900 3535 3536 
8950 3534 3532 
9000 3531 3525 
9050 3548 3546 
9100 3547 3537 
9150 3553 3523 
9200 3534 3501 
9250 3542 3504 
9300 3537 3499 
9350 3526 3478 
9400 3551 3500 
9450 3547 3464 
9500 3546 3437 
9550 3552 3493 
9600 3541 3528 
9650 3536 3531 
9700 3537 3535 
9750 3535 3536 
9800 3537 3540 
9850 3534 3535 
9900 3532 3534 
9950 3537 3539 
10000 3539 3536 
10050 3547 3538 
10100 3544 3529 
10150 3549 3518 
10200 3535 3489 
10250 3551 3482 
10300 3544 3473 
10350 3543 3455 
10400 3524 3408 
10450 3541 3433 
10500 3536 3436 
10550 3549 3498 
10600 3538 3529 
10650 3531 3526 
10700 3531 3532 
10750 3543 3541 
10800 3541 3538 
10850 3538 3537 
10900 3541 3544 
10950 3541 3542 
11000 3547 3547 
11050 3537 3539 
11100 3547 3539 
11150 3549 3529 
11200 3548 3520 
11250 3552 3520 
11300 3548 3510 
11350 3554 3497 
11400 3529 3440 
11450 3524 3429 
11500 3542 3411 
11550 3547 3429 
11600 3545 3490 
11650 3534 3512 
11700 3547 3533 
11750 3564 3562 
11800 3563 3562 
11850 3543 3542 
11900 3558 3556 
11950 3545 3546 
12000 3550 3547 
12050 3551 3542 
12100 3552 3537 
12150 3545 3518 
12200 3524 3503 
12250 3557 3535 
12300 3539 3507 
12350 3544 3500 
12400 3555 3516 
12450 3540 3505 
12500 3547 3513 
12550 3533 3526 
12600 3552 3545 
12650 3542 3536 
12700 3548 3548 
12750 3541 3537 
12800 3542 3540 
12850 3557 3553 
12900 3554 3555 
12950 3551 3545 
13000 3558 3556 
13050 3543 3544 
13100 3538 3532 
13150 3546 3541 
13200 3554 3528 
13250 3554 3506 
13300 3548 3499 
13350 3525 3486 
13400 3535 3496 
13450 3564 3499 
13500 3549 3472 
13550 3532 3498 
13600 3546 3534 
13650 3543 3527 
13700 3550 3547 
13750 3545 3550 
13800 3552 3552 
13850 3545 3547 
13900 3537 3539 
13950 3556 3560 
14000 3536 3540 
14050 3532 3531 
14100 3538 3540 
14150 3533 3527 
14200 3538 3520 
14250 3545 3510 
14300 3539 3488 
14350 3541 3473 
14400 3551 3481 
14450 3545 3470 
14500 3552 3459 
14550 3548 3510 
14600 3541 3525 
14650 3562 3553 
14700 3561 3560 
14750 3554 3549 
14800 3551 3555 
14850 3546 3544 
14900 3541 3544 
14950 3539 3541 
15000 3553 3556 
15050 3547 3538 
15100 3565 3542 
15150 3562 3530 
15200 3554 3520 
15250 3554 3527 
15300 3558 3539 
15350 3543 3516 
15400 3554 3525 
15450 3548 3526 
15500 3552 3529 
15550 3539 3536 
15600 3535 3531 
15650 3541 3541 
15700 3561 3562 
15750 3563 3566 
15800 3556 3549 
15850 3547 3543 
15900 3536 3541 
15950 3563 3564 
16000 3567 3561 
16050 3550 3543 
16100 3557 3534 
16150 3538 3502 
16200 3539 3502 
16250 3559 3531 
16300 3558 3537 
16350 3546 3518 
16400 3541 3522 
16450 3562 3539 
16500 3546 3517 
16550 3542 3522 
16600 3554 3541 
16650 3558 3540 
16700 3547 3548 
16750 3546 3548 
16800 3545 3544 
16850 3551 3552 
16900 3532 3536 
16950 3563 3558 
17000 3545 3552 
17050 3542 3545 
17100 3540 3540 
17150 3540 3526 
17200 3554 3518 
17250 3546 3504 
17300 3556 3506 
17350 3565 3506 
17400 3547 3488 
17450 3540 3471 
17500 3552 3466 
17550 3544 3487 
17600 3536 3507 
17650 3552 3544 
17700 3533 3530 
17750 3558 3554 
17800 3556 3555 
17850 3546 3545 
17900 3560 3554 
17950 3555 3550 
18000 3548 3542 
18050 3555 3543 
18100 3560 3536 
18150 3542 3521 
18200 3541 3507 
18250 3552 3511 
18300 3535 3484 
18350 3549 3487 
18400 3544 3496 
18450 3536 3472 
18500 3562 3479 
18550 3554 3512 
18600 3541 3520 
18650 3546 3541 
18700 3547 3546 
18750 3562 3563 
18800 3544 3544 
18850 3554 3551 
18900 3542 3542 
18950 3536 3537 
19000 3549 3552 
19050 3545 3539 
19100 3542 3527 
19150 3526 3515 
19200 3551 3530 
19250 3563 3535 
19300 3542 3495 
19350 3546 3494 
19400 3537 3486 
19450 3543 3468 
19500 3539 3489 
19550 3535 3483 
19600 3550 3524 
19650 3526 3522 
19700 3552 3545 
19750 3535 3538 
19800 3550 3552 
19850 3537 3536 
19900 3543 3540 
19950 3539 3539 
20000 3543 3545 
20050 3521 3513 
20100 3540 3539 
20150 3535 3525 
20200 3530 3510 
20250 3553 3524 
20300 3553 3523 
20350 3556 3513 
20400 3537 3468 
20450 3555 3466 
20500 3535 3454 
20550 3545 3499 
20600 3553 3532 
20650 3546 3543 
20700 3536 3534 
20750 3536 3539 
20800 3553 3554 
20850 3540 3541 
20900 3533 3536 
20950 3541 3542 
21000 3541 3543 
21050 3553 3555 
21100 3554 3542 
21150 3558 3544 
21200 3553 3540 
21250 3537 3520 
21300 3546 3495 
21350 3542 3475 
21400 3544 3466 
21450 3554 3478 
21500 3548 3455 
21550 3553 3505 
21600 3542 3521 
21650 3542 3547 
21700 3530 3530 
21750 3546 3549 
21800 3542 3539 
21850 3539 3538 
21900 3549 3556 
21950 3533 3531 
22000 3545 3541 
22050 3543 3547 
22100 3542 3531 
22150 3542 3521 
22200 3555 3511 
22250 3557 3522 
22300 3551 3513 
22350 3539 3492 
22400 3539 3499 
22450 3548 3497 
22500 3535 3481 
22550 3533 3491 
22600 3546 3530 
22650 3562 3553 
22700 3557 3556 
22750 3530 3526 
22800 3537 3543 
22850 3528 3535 
22900 3558 3560 
22950 3562 3565 
23000 3547 3550 
23050 3554 3546 
23100 3552 3523 
23150 3537 3508 
23200 3546 3513 
23250 3553 3507 
23300 3553 3507 
23350 3533 3461 
23400 3532 3464 
23450 3547 3471 
23500 3558 3454 
23550 3535 3497 
23600 3544 3534 
23650 3550 3546 
23700 3546 3549 
23750 3530 3534 
23800 3562 3563 
23850 3550 3548 
23900 3531 3534 
23950 3531 3535 
24000 3537 3546 
24050 3528 3531 
24100 3539 3535 
24150 3545 3540 
24200 3542 3527 
24250 3548 3513 
24300 3543 3512 
24350 3544 3494 
24400 3564 3496 
24450 3549 3484 
24500 3534 3446 
24550 3530 3496 
24600 3532 3528 
24650 3552 3549 
24700 3542 3541 
24750 3549 3549 
24800 3551 3546 
24850 3549 3550 
24900 3553 3548 
24950 3550 3548 
25000 3541 3542 
25050 3533 3532 
25100 3544 3525 
25150 3565 3523 
25200 3551 3490 
25250 3544 3454 
25300 3550 3433 
25350 3555 3451 
25400 3553 3447 
25450 3540 3402 
25500 3532 3384 
25550 3537 3504 
25600 3545 3545 
25650 3549 3552 
25700 3552 3550 
25750 3536 3539 
25800 3543 3540 
25850 3553 3554 
25900 3543 3542 
25950 3552 3544 
26000 3563 3562 
26050 3547 3531 
26100 3563 3549 
26150 3562 3547 
26200 3549 3525 
26250 3543 3508 
26300 3546 3518 
26350 3530 3497 
26400 3542 3498 
26450 3531 3469 
26500 3555 3489 
26550 3544 3523 
26600 3548 3544 
26650 3553 3544 
26700 3552 3549 
26750 3526 3531 
26800 3547 3554 
26850 3536 3528 
26900 3549 3552 
26950 3545 3539 
27000 3533 3529 
27050 3561 3554 
27100 3547 3533 
27150 3551 3528 
27200 3542 3498 
27250 3547 3487 
27300 3552 3460 
27350 3542 3439 
27400 3555 3432 
27450 3550 3449 
27500 3557 3434 
27550 3539 3487 
27600 3544 3526 
27650 3549 3546 
27700 3552 3558 
27750 3558 3561 
27800 3554 3554 
27850 3564 3563 
27900 3554 3558 
27950 3550 3551 
28000 3556 3556 
28050 3543 3543 
28100 3537 3526 
28150 3531 3489 
28200 3534 3481 
28250 3544 3498 
28300 3546 3507 
28350 3543 3493 
28400 3558 3506 
28450 3558 3508 
28500 3549 3477 
28550 3541 3502 
28600 3551 3548 
28650 3555 3553 
28700 3560 3557 
28750 3563 3555 
28800 3550 3541 
28850 3537 3542 
28900 3554 3552 
28950 3554 3556 
29000 3547 3551 
29050 3545 3540 
29100 3555 3551 
29150 3541 3518 
29200 3547 3512 
29250 3546 3496 
29300 3554 3501 
29350 3533 3479 
29400 3556 3474 
29450 3555 3456 
29500 3550 3450 
29550 3540 3508 
29600 3531 3529 
29650 3545 3536 
29700 3541 3542 
29750 3548 3546 
29800 3541 3536 
29850 3557 3554 
29900 3550 3550 
29950 3544 3538 
30000 3539 3540 
30050 3534 3535 
30100 3525 3520 
30150 3557 3538 
30200 3548 3518 
30250 3555 3525 
30300 3554 3516 
30350 3539 3505 
30400 3557 3519 
30450 3552 3498 
30500 3533 3478 
30550 3517 3496 
30600 3555 3553 
30650 3556 3554 
30700 3554 3554 
30750 3556 3550 
30800 3547 3545 
30850 3540 3544 
30900 3551 3555 
30950 3554 3558 
31000 3541 3536 
31050 3529 3523 
31100 3552 3534 
31150 3545 3515 
31200 3549 3520 
31250 3553 3517 
31300 3542 3504 
31350 3538 3509 
31400 3533 3479 
31450 3542 3471 
31500 3548 3469 
31550 3553 3489 
31600 3539 3531 
31650 3535 3536 
31700 3564 3568 
31750 3562 3565 
31800 3548 3552 
31850 3542 3543 
31900 3541 3542 
31950 3569 3571 
32000 3535 3535 
32050 3534 3540 
32100 3547 3549 
32150 3548 3533 
32200 3551 3532 
32250 3542 3512 
32300 3549 3497 
32350 3552 3501 
32400 3538 3472 
32450 3539 3465 
32500 3547 3446 
32550 3550 3511 
32600 3541 3536 
32650 3552 3553 
32700 3538 3550 
32750 3556 3556 
32800 3554 3563 
32850 3547 3550 
32900 3547 3544 
32950 3551 3552 
33000 3536 3539 
33050 3538 3526 
33100 3562 3551 
33150 3548 3528 
33200 3554 3534 
33250 3554 3517 
33300 3554 3494 
33350 3557 3478 
33400 3551 3468 
33450 3552 3471 
33500 3551 3456 
33550 3549 3503 
33600 3550 3538 
33650 3547 3544 
33700 3571 3569 
33750 3561 3558 
33800 3550 3545 
33850 3557 3554 
33900 3553 3552 
33950 3542 3546 
34000 3547 3544 
34050 3558 3541 
34100 3550 3533 
34150 3538 3524 
34200 3552 3529 
34250 3542 3514 
34300 3538 3499 
34350 3553 3507 
34400 3532 3486 
34450 3544 3497 
34500 3529 3476 
34550 3534 3512 
34600 3543 3544 
34650 3548 3544 
34700 3551 3551 
34750 3551 3554 
34800 3542 3544 
34850 3542 3543 
34900 3545 3544 
34950 3524 3523 
35000 3553 3551 
35050 3562 3559 
35100 3555 3548 
35150 3548 3536 
35200 3547 3538 
35250 3562 3538 
35300 3552 3514 
35350 3556 3518 
35400 3548 3485 
35450 3535 3463 
35500 3529 3448 
35550 3553 3517 
35600 3550 3543 
35650 3546 3542 
35700 3553 3553 
35750 3553 3558 
35800 3550 3551 
35850 3539 3543 
35900 3548 3543 
35950 3550 3543 
36000 3543 3545 
36050 3536 3528 
36100 3552 3532 
36150 3531 3496 
36200 3552 3510 
36250 3539 3489 
36300 3552 3471 
36350 3552 3472 
36400 3546 3475 
36450 3540 3463 
36500 3539 3456 
36550 3559 3536 
36600 3551 3543 
36650 3551 3548 
36700 3548 3548 
36750 3540 3540 
36800 3549 3543 
36850 3547 3549 
36900 3541 3539 
36950 3544 3540 
37000 3556 3557 
37050 3542 3534 
37100 3547 3528 
37150 3549 3527 
37200 3555 3527 
37250 3547 3516 
37300 3542 3507 
37350 3543 3497 
37400 3545 3504 
37450 3556 3491 
37500 3548 3451 
37550 3550 3498 
37600 3549 3535 
37650 3538 3540 
37700 3547 3551 
37750 3544 3544 
37800 3562 3553 
37850 3557 3554 
37900 3540 3536 
37950 3540 3534 
38000 3570 3567 
38050 3546 3544 
38100 3556 3549 
38150 3555 3539 
38200 3562 3531 
38250 3559 3517 
38300 3545 3486 
38350 3524 3457 
38400 3560 3455 
38450 3550 3411 
38500 3546 3418 
38550 3544 3471 
38600 3531 3514 
38650 3532 3533 
38700 3540 3527 
38750 3552 3553 
38800 3542 3546 
38850 3554 3557 
38900 3545 3542 
38950 3557 3550 
39000 3556 3554 
39050 3562 3562 
39100 3557 3542 
39150 3544 3534 
39200 3557 3538 
39250 3554 3528 
39300 3534 3501 
39350 3549 3507 
39400 3542 3484 
39450 3549 3494 
39500 3548 3480 
39550 3541 3516 
39600 3543 3538 
39650 3547 3550 
39700 3541 3549 
39750 3561 3560 
39800 3558 3559 
39850 3554 3555 
39900 3547 3550 
39950 3544 3544 
40000 3543 3545 
40050 3545 3546 
40100 3567 3549 
40150 3552 3527 
40200 3552 3513 
40250 3545 3509 
40300 3531 3488 
40350 3563 3497 
40400 3556 3454 
40450 3556 3421 
40500 3546 3358 
40550 3542 3433 
40600 3551 3523 
40650 3548 3550 
40700 3540 3543 
40750 3564 3565 
40800 3550 3550 
40850 3551 3550 
40900 3557 3554 
40950 3549 3544 
41000 3558 3560 
41050 3559 3560 
41100 3560 3555 
41150 3537 3519 
41200 3551 3535 
41250 3544 3491 
41300 3547 3470 
41350 3540 3446 
41400 3528 3429 
41450 3541 3405 
41500 3541 3399 
41550 3550 3495 
41600 3552 3541 
41650 3552 3551 
41700 3541 3541 
41750 3543 3540 
41800 3549 3544 
41850 3528 3529 
41900 3560 3559 
41950 3550 3550 
42000 3561 3561 
42050 3544 3558 
42100 3562 3538 
42150 3547 3518 
42200 3547 3519 
42250 3567 3534 
42300 3566 3511 
42350 3539 3445 
42400 3549 3465 
42450 3557 3462 
42500 3563 3456 
42550 3543 3511 
42600 3554 3543 
42650 3542 3538 
42700 3533 3536 
42750 3557 3558 
42800 3536 3535 
42850 3561 3558 
42900 3558 3559 
42950 3558 3555 
43000 3554 3551 
43050 3541 3542 
43100 3529 3522 
43150 3552 3546 
43200 3553 3532 
43250 3545 3524 
43300 3543 3518 
43350 3556 3506 
43400 3562 3509 
43450 3573 3522 
43500 3552 3485 
43550 3530 3511 
43600 3555 3553 
43650 3553 3554 
43700 3537 3541 
43750 3537 3538 
43800 3563 3567 
43850 3554 3555 
43900 3550 3552 
43950 3537 3540 
44000 3542 3538 
44050 3552 3552 
44100 3554 3549 
44150 3530 3514 
44200 3548 3515 
44250 3541 3495 
44300 3550 3500 
44350 3546 3495 
44400 3525 3480 
44450 3554 3497 
44500 3538 3480 
44550 3549 3516 
44600 3543 3528 
44650 3552 3553 
44700 3540 3545 
44750 3543 3544 
44800 3552 3555 
44850 3552 3545 
44900 3559 3558 
44950 3545 3552 
45000 3548 3548 
45050 3554 3552 
45100 3561 3538 
45150 3571 3538 
45200 3554 3518 
45250 3563 3514 
45300 3531 3481 
45350 3564 3489 
45400 3548 3466 
45450 3558 3479 
45500 3551 3485 
45550 3547 3519 
45600 3554 3554 
45650 3534 3540 
45700 3545 3542 
45750 3555 3557 
45800 3554 3553 
45850 3542 3541 
45900 3544 3545 
45950 3554 3551 
46000 3548 3547 
46050 3543 3544 
46100 3552 3539 
46150 3556 3538 
46200 3548 3517 
46250 3551 3481 
46300 3550 3478 
46350 3548 3467 
46400 3554 3450 
46450 3555 3410 
46500 3530 3397 
46550 3531 3463 
46600 3540 3517 
46650 3546 3536 
46700 3546 3558 
46750 3546 3542 
46800 3541 3544 
46850 3542 3544 
46900 3547 3547 
46950 3540 3540 
47000 3551 3551 
47050 3561 3546 
47100 3569 3554 
47150 3551 3537 
47200 3546 3520 
47250 3536 3512 
47300 3550 3516 
47350 3539 3501 
47400 3541 3509 
47450 3541 3502 
47500 3561 3506 
47550 3546 3529 
47600 3550 3539 
47650 3540 3539 
47700 3544 3540 
47750 3547 3539 
47800 3539 3539 
47850 3534 3541 
47900 3539 3541 
47950 3535 3532 
48000 3529 3532 
48050 3543 3536 
48100 3540 3517 
48150 3540 3509 
48200 3542 3497 
48250 3547 3485 
48300 3536 3469 
48350 3552 3454 
48400 3544 3445 
48450 3548 3448 
48500 3547 3439 
48550 3545 3494 
48600 3554 3546 
48650 3559 3556 
48700 3556 3565 
48750 3559 3564 
48800 3557 3554 
48850 3553 3548 
48900 3552 3555 
48950 3548 3548 
49000 3552 3546 
49050 3563 3559 
49100 3554 3548 
49150 3561 3544 
49200 3559 3541 
49250 3559 3530 
49300 3523 3478 
49350 3537 3463 
49400 3552 3466 
49450 3554 3456 
49500 3556 3458 
49550 3540 3507 
49600 3534 3531 
49650 3552 3549 
49700 3546 3549 
49750 3543 3552 
49800 3546 3547 
49850 3549 3546 
49900 3557 3553 
49950 3549 3552 
50000 3569 3567 
50050 3554 3549 
50100 3549 3538 
50150 3559 3540 
50200 3563 3536 
50250 3550 3521 
50300 3536 3516 
50350 3548 3504 
50400 3542 3499 
50450 3548 3507 
50500 3543 3494 
50550 3538 3520 
50600 3540 3535 
50650 3551 3550 
50700 3548 3550 
50750 3554 3548 
50800 3562 3561 
50850 3552 3548 
50900 3548 3544 
50950 3555 3560 
51000 3540 3532 
51050 3548 3536 
51100 3545 3519 
51150 3542 3500 
51200 3547 3499 
51250 3533 3498 
51300 3561 3520 
51350 3556 3486 
51400 3557 3464 
51450 3544 3413 
51500 3563 3390 
51550 3559 3459 
51600 3539 3513 
51650 3546 3537 
51700 3557 3554 
51750 3560 3563 
51800 3540 3541 
51850 3555 3554 
51900 3548 3551 
51950 3562 3561 
52000 3556 3557 
52050 3546 3559 
52100 3553 3549 
52150 3552 3546 
52200 3568 3553 
52250 3549 3523 
52300 3543 3514 
52350 3546 3510 
52400 3532 3495 
52450 3540 3517 
52500 3536 3504 
52550 3548 3525 
52600 3541 3541 
52650 3556 3554 
52700 3554 3547 
52750 3550 3541 
52800 3553 3560 
52850 3546 3542 
52900 3549 3548 
52950 3562 3558 
53000 3552 3547 
53050 3551 3542 
53100 3546 3536 
53150 3546 3518 
53200 3547 3511 
53250 3539 3507 
53300 3560 3524 
53350 3548 3504 
53400 3553 3490 
53450 3554 3497 
53500 3554 3500 
53550 3548 3518 
53600 3561 3561 
53650 3549 3545 
53700 3547 3542 
53750 3552 3548 
53800 3548 3552 
53850 3555 3551 
53900 3558 3554 
53950 3539 3545 
54000 3539 3541 
54050 3558 3552 
54100 3563 3549 
54150 3538 3517 
54200 3544 3511 
54250 3526 3492 
54300 3545 3488 
54350 3542 3491 
54400 3554 3518 
54450 3538 3499 
54500 3542 3504 
54550 3532 3505 
54600 3559 3542 
54650 3545 3539 
54700 3545 3549 
54750 3551 3556 
54800 3543 3544 
54850 3554 3550 
54900 3544 3537 
54950 3553 3550 
55000 3567 3561 
55050 3549 3545 
55100 3550 3547 
55150 3541 3525 
55200 3548 3518 
55250 3542 3510 
55300 3553 3486 
55350 3544 3470 
55400 3546 3454 
55450 3529 3426 
55500 3557 3420 
55550 3539 3450 
55600 3533 3524 
55650 3547 3542 
55700 3554 3555 
55750 3558 3561 
55800 3551 3555 
55850 3556 3555 
55900 3543 3539 
55950 3553 3553 
56000 3551 3551 
56050 3543 3546 
56100 3551 3530 
56150 3552 3511 
56200 3556 3513 
56250 3541 3492 
56300 3548 3499 
56350 3541 3478 
56400 3548 3490 
56450 3545 3473 
56500 3548 3466 
56550 3542 3502 
56600 3543 3534 
56650 3548 3549 
56700 3537 3540 
56750 3557 3557 
56800 3555 3552 
56850 3551 3548 
56900 3567 3565 
56950 3548 3548 
57000 3562 3550 
57050 3550 3542 
57100 3552 3530 
57150 3540 3512 
57200 3551 3529 
57250 3540 3525 
57300 3555 3525 
57350 3533 3503 
57400 3535 3490 
57450 3539 3485 
57500 3553 3492 
57550 3546 3512 
57600 3543 3546 
57650 3550 3548 
57700 3553 3548 
57750 3543 3543 
57800 3541 3547 
57850 3544 3546 
57900 3547 3548 
57950 3542 3541 
58000 3558 3556 
58050 3543 3541 
58100 3552 3534 
58150 3542 3500 
58200 3542 3485 
58250 3553 3469 
58300 3549 3461 
58350 3542 3452 
58400 3546 3443 
58450 3536 3430 
58500 3546 3404 
58550 3532 3477 
58600 3550 3544 
58650 3533 3534 
58700 3554 3553 
58750 3544 3535 
58800 3569 3566 
58850 3545 3547 
58900 3555 3553 
58950 3554 3546 
59000 3560 3559 
59050 3543 3539 
59100 3545 3532 
59150 3545 3510 
59200 3552 3501 
59250 3560 3490 
59300 3548 3494 
59350 3541 3502 
59400 3548 3501 
59450 3560 3482 
59500 3538 3470 
59550 3523 3493 
59600 3541 3529 
59650 3546 3547 
59700 3550 3550 
59750 3570 3569 
59800 3555 3554 
59850 3551 3552 
59900 3568 3564 
59950 3548 3549 
60000 3552 3551 
60050 3535 3524 
60100 3553 3533 
60150 3539 3510 
60200 3551 3520 
60250 3563 3514 
60300 3559 3481 
60350 3549 3460 
60400 3536 3438 
60450 3527 3404 
60500 3533 3414 
60550 3546 3473 
60600 3536 3504 
60650 3549 3543 
60700 3564 3560 
60750 3552 3550 
60800 3551 3547 
60850 3549 3552 
60900 3552 3547 
60950 3548 3553 
61000 3546 3541 
61050 3543 3538 
61100 3563 3539 
61150 3534 3507 
61200 3556 3515 
61250 3541 3502 
61300 3569 3491 
61350 3555 3452 
61400 3547 3462 
61450 3544 3474 
61500 3550 3489 
61550 3556 3516 
61600 3558 3552 
61650 3553 3559 
61700 3555 3560 
61750 3545 3548 
61800 3552 3553 
61850 3539 3543 
61900 3540 3545 
61950 3548 3542 
62000 3540 3543 
62050 3548 3549 
62100 3553 3532 
62150 3554 3509 
62200 3532 3512 
62250 3559 3522 
62300 3551 3512 
62350 3553 3495 
62400 3565 3515 
62450 3552 3481 
62500 3550 3475 
62550 3552 3518 
62600 3554 3549 
62650 3518 3519 
62700 3552 3553 
62750 3551 3548 
62800 3561 3556 
62850 3567 3559 
62900 3546 3556 
62950 3551 3549 
63000 3553 3552 
63050 3565 3562 
63100 3542 3539 
63150 3560 3530 
63200 3545 3487 
63250 3557 3497 
63300 3544 3475 
63350 3549 3465 
63400 3538 3467 
63450 3552 3464 
63500 3528 3428 
63550 3530 3481 
63600 3528 3514 
63650 3544 3547 
63700 3561 3560 
63750 3553 3553 
63800 3555 3556 
63850 3559 3564 
63900 3543 3540 
63950 3546 3544 
64000 3539 3535 
64050 3549 3548 
64100 3546 3536 
64150 3552 3519 
64200 3540 3504 
64250 3557 3497 
64300 3548 3490 
64350 3550 3477 
64400 3550 3474 
64450 3548 3469 
64500 3536 3460 
64550 3534 3506 
64600 3539 3524 
64650 3542 3538 
64700 3547 3550 
64750 3551 3546 
64800 3559 3555 
64850 3551 3546 
64900 3558 3560 
64950 3555 3558 
65000 3552 3552 
65050 3550 3545 
65100 3553 3531 
65150 3563 3522 
65200 3551 3511 
65250 3558 3517 
65300 3540 3478 
65350 3542 3468 
65400 3553 3476 
65450 3538 3422 
65500 3551 3394 
65550 3548 3443 
65600 3548 3507 
65650 3551 3542 
65700 3543 3546 
65750 3540 3548 
65800 3558 3556 
65850 3562 3563 
65900 3567 3561 
65950 3548 3543 
66000 3562 3552 
66050 3556 3547 
66100 3551 3525 
66150 3558 3514 
66200 3549 3506 
66250 3531 3469 
66300 3551 3495 
66350 3554 3477 
66400 3538 3447 
66450 3548 3458 
66500 3544 3442 
66550 3570 3511 
66600 3550 3527 
66650 3547 3543 
66700 3552 3548 
66750 3567 3573 
66800 3554 3554 
66850 3544 3543 
66900 3541 3542 
66950 3558 3557 
67000 3536 3526 
67050 3544 3534 
67100 3561 3549 
67150 3550 3530 
67200 3552 3532 
67250 3559 3535 
67300 3559 3551 
67350 3564 3545 
67400 3561 3519 
67450 3553 3500 
67500 3558 3512 
67550 3543 3516 
67600 3558 3556 
67650 3570 3565 
67700 3556 3555 
67750 3558 3554 
67800 3548 3549 
67850 3557 3559 
67900 3544 3541 
67950 3554 3552 
68000 3554 3550 
68050 3551 3539 
68100 3552 3533 
68150 3548 3523 
68200 3561 3536 
68250 3542 3515 
68300 3547 3505 
68350 3562 3506 
68400 3550 3452 
68450 3534 3415 
68500 3545 3404 
68550 3544 3484 
68600 3532 3520 
68650 3538 3531 
68700 3547 3556 
68750 3546 3547 
68800 3546 3534 
68850 3561 3555 
68900 3546 3548 
68950 3537 3534 
69000 3551 3553 
69050 3554 3548 
69100 3536 3506 
69150 3550 3500 
69200 3549 3493 
69250 3546 3486 
69300 3550 3484 
69350 3553 3466 
69400 3568 3480 
69450 3545 3434 
69500 3551 3419 
69550 3550 3492 
69600 3553 3540 
69650 3542 3533 
69700 3544 3550 
69750 3536 3539 
69800 3536 3530 
69850 3544 3540 
69900 3550 3547 
69950 3551 3545 
70000 3561 3560 
70050 3558 3555 
70100 3558 3542 
70150 3543 3501 
70200 3542 3516 
70250 3562 3527 
70300 3553 3533 
70350 3558 3529 
70400 3546 3509 
70450 3560 3489 
70500 3542 3484 
70550 3544 3517 
70600 3562 3559 
70650 3544 3533 
70700 3552 3541 
70750 3546 3544 
70800 3570 3571 
70850 3556 3558 
70900 3542 3539 
70950 3549 3543 
71000 3540 3538 
71050 3542 3526 
71100 3548 3523 
71150 3553 3514 
71200 3556 3496 
71250 3567 3491 
71300 3562 3466 
71350 3547 3436 
71400 3548 3406 
71450 3555 3410 
71500 3545 3388 
71550 3557 3476 
71600 3565 3531 
71650 3565 3553 
71700 3557 3556 
71750 3547 3546 
71800 3537 3540 
71850 3552 3552 
71900 3561 3557 
71950 3543 3539 
72000 3553 3551 
72050 3555 3551 
72100 3572 3563 
72150 3547 3535 
72200 3542 3525 
72250 3552 3514 
72300 3552 3516 
72350 3542 3508 
72400 3544 3494 
72450 3547 3467 
72500 3565 3466 
72550 3558 3522 
72600 3558 3552 
72650 3524 3526 
72700 3556 3554 
72750 3554 3555 
72800 3552 3553 
72850 3527 3531 
72900 3555 3557 
72950 3537 3536 
73000 3569 3565 
73050 3557 3550 
73100 3562 3525 
73150 3532 3506 
73200 3542 3497 
73250 3552 3504 
73300 3549 3494 
73350 3556 3488 
73400 3556 3461 
73450 3556 3445 
73500 3546 3426 
73550 3552 3502 
73600 3540 3522 
73650 3557 3550 
73700 3555 3554 
73750 3549 3546 
73800 3546 3548 
73850 3550 3552 
73900 3546 3549 
73950 3562 3560 
74000 3558 3555 
74050 3560 3559 
74100 3552 3541 
74150 3535 3516 
74200 3553 3518 
74250 3539 3500 
74300 3538 3493 
74350 3541 3485 
74400 3551 3484 
74450 3552 3492 
74500 3550 3479 
74550 3548 3523 
74600 3532 3528 
74650 3558 3563 
74700 3545 3546 
74750 3554 3559 
74800 3535 3536 
74850 3550 3554 
74900 3552 3555 
74950 3555 3549 
75000 3559 3552 
75050 3551 3546 
75100 3555 3549 
75150 3574 3548 
75200 3559 3513 
75250 3560 3497 
75300 3549 3475 
75350 3548 3465 
75400 3543 3436 
75450 3541 3436 
75500 3545 3439 
75550 3548 3476 
75600 3549 3533 
75650 3552 3549 
75700 3558 3557 
75750 3562 3556 
75800 3554 3545 
75850 3546 3539 
75900 3550 3551 
75950 3551 3559 
76000 3540 3541 
76050 3540 3547 
76100 3533 3530 
76150 3535 3520 
76200 3552 3522 
76250 3547 3484 
76300 3548 3474 
76350 3551 3483 
76400 3533 3469 
76450 3554 3497 
76500 3544 3500 
76550 3553 3535 
76600 3543 3533 
76650 3524 3527 
76700 3549 3547 
76750 3540 3539 
76800 3545 3544 
76850 3540 3534 
76900 3538 3535 
76950 3551 3546 
77000 3548 3547 
77050 3563 3561 
77100 3551 3547 
77150 3545 3537 
77200 3546 3533 
77250 3537 3530 
77300 3546 3511 
77350 3552 3509 
77400 3547 3492 
77450 3538 3489 
77500 3536 3488 
77550 3540 3533 
77600 3515 3516 
77650 3538 3537 
77700 3546 3543 
77750 3564 3558 
77800 3567 3565 
77850 3564 3556 
77900 3556 3551 
77950 3541 3542 
78000 3559 3559 
78050 3544 3535 
78100 3550 3527 
78150 3558 3512 
78200 3543 3492 
78250 3539 3474 
78300 3530 3455 
78350 3553 3445 
78400 3551 3427 
78450 3539 3400 
78500 3550 3402 
78550 3556 3477 
78600 3542 3522 
78650 3547 3541 
78700 3522 3527 
78750 3536 3534 
78800 3556 3552 
78850 3552 3549 
78900 3554 3552 
78950 3537 3535 
79000 3562 3559 
79050 3540 3540 
79100 3555 3535 
79150 3543 3514 
79200 3549 3507 
79250 3556 3497 
79300 3540 3482 
79350 3554 3477 
79400 3556 3476 
79450 3561 3477 
79500 3540 3485 
79550 3542 3515 
79600 3563 3547 
79650 3554 3553 
79700 3545 3541 
79750 3553 3556 
79800 3559 3553 
79850 3553 3555 
79900 3546 3547 
79950 3547 3546 
80000 3555 3552 
80050 3557 3551 
80100 3540 3526 
80150 3548 3516 
80200 3545 3490 
80250 3552 3489 
80300 3550 3492 
80350 3546 3499 
80400 3556 3509 
80450 3547 3496 
80500 3561 3498 
80550 3545 3518 
80600 3546 3541 
80650 3553 3557 
80700 3555 3553 
80750 3533 3534 
80800 3531 3535 
80850 3530 3532 
80900 3550 3551 
80950 3551 3545 
81000 3556 3550 
81050 3551 3537 
81100 3561 3535 
81150 3550 3533 
81200 3562 3539 
81250 3560 3534 
81300 3539 3503 
81350 3538 3507 
81400 3545 3506 
81450 3547 3490 
81500 3562 3519 
81550 3543 3523 
81600 3554 3547 
81650 3546 3541 
81700 3553 3550 
81750 3533 3532 
81800 3547 3549 
81850 3555 3563 
81900 3540 3545 
81950 3557 3554 
82000 3540 3540 
82050 3562 3551 
82100 3559 3546 
82150 3556 3536 
82200 3551 3532 
82250 3553 3532 
82300 3561 3535 
82350 3553 3507 
82400 3548 3480 
82450 3560 3474 
82500 3554 3451 
82550 3548 3498 
82600 3551 3534 
82650 3540 3542 
82700 3546 3533 
82750 3548 3543 
82800 3556 3552 
82850 3562 3559 
82900 3565 3567 
82950 3555 3557 
83000 3545 3551 
83050 3548 3548 
83100 3544 3531 
83150 3542 3532 
83200 3528 3491 
83250 3554 3533 
83300 3540 3524 
83350 3555 3519 
83400 3535 3461 
83450 3556 3466 
83500 3552 3421 
83550 3546 3487 
83600 3533 3520 
83650 3540 3539 
83700 3540 3546 
83750 3537 3541 
83800 3550 3550 
83850 3538 3535 
83900 3543 3546 
83950 3544 3542 
84000 3553 3549 
84050 3552 3553 
84100 3553 3539 
84150 3537 3500 
84200 3553 3505 
84250 3542 3488 
84300 3542 3489 
84350 3554 3476 
84400 3540 3442 
84450 3543 3433 
84500 3529 3414 
84550 3550 3487 
84600 3545 3525 
84650 3550 3554 
84700 3567 3564 
84750 3555 3559 
84800 3542 3551 
84850 3544 3549 
84900 3558 3562 
84950 3555 3556 
85000 3559 3555 
85050 3552 3554 
85100 3554 3537 
85150 3540 3516 
85200 3565 3528 
85250 3556 3537 
85300 3570 3520 
85350 3547 3481 
85400 3541 3465 
85450 3542 3425 
85500 3562 3433 
85550 3545 3503 
85600 3537 3523 
85650 3545 3541 
85700 3542 3552 
85750 3551 3555 
85800 3548 3546 
85850 3559 3553 
85900 3549 3553 
85950 3560 3560 
86000 3556 3558 
86050 3552 3552 
86100 3555 3552 
86150 3539 3526 
86200 3545 3532 
86250 3560 3529 
86300 3559 3524 
86350 3556 3511 
86400 3536 3474 
86450 3551 3492 
86500 3543 3471 
86550 3561 3510 
86600 3556 3542 
86650 3542 3540 
86700 3556 3554 
86750 3550 3548 
86800 3543 3538 
86850 3546 3552 
86900 3558 3562 
86950 3554 3551 
87000 3559 3558 
87050 3547 3554 
87100 3558 3552 
87150 3539 3519 
87200 3542 3501 
87250 3552 3514 
87300 3552 3510 
87350 3559 3533 
87400 3541 3494 
87450 3539 3479 
87500 3542 3431 
87550 3542 3486 
87600 3550 3527 
87650 3560 3553 
87700 3550 3549 
87750 3546 3547 
87800 3561 3552 
87850 3556 3563 
87900 3534 3534 
87950 3545 3540 
88000 3544 3539 
88050 3550 3551 
88100 3553 3531 
88150 3534 3504 
88200 3561 3535 
88250 3554 3529 
88300 3534 3487 
88350 3534 3464 
88400 3536 3437 
88450 3559 3449 
88500 3543 3403 
88550 3549 3500 
88600 3563 3542 
88650 3541 3543 
88700 3549 3551 
88750 3552 3556 
88800 3538 3542 
88850 3544 3545 
88900 3540 3537 
88950 3537 3536 
89000 3548 3547 
89050 3548 3539 
89100 3559 3535 
89150 3542 3512 
89200 3555 3518 
89250 3552 3517 
89300 3549 3508 
89350 3540 3473 
89400 3537 3487 
89450 3550 3491 
89500 3562 3482 
89550 3551 3517 
89600 3556 3543 
89650 3548 3546 
89700 3547 3550 
89750 3549 3550 
89800 3554 3553 
89850 3556 3554 
89900 3559 3560 
89950 3559 3560 
90000 3533 3546 
90050 3533 3545 
90100 3546 3551 
90150 3534 3533 
90200 3553 3538 
90250 3564 3538 
90300 3562 3529 
90350 3534 3488 
90400 3537 3496 
90450 3556 3516 
90500 3546 3488 
90550 3523 3503 
90600 3551 3541 
90650 3543 3541 
90700 3543 3542 
90750 3546 3536 
90800 3553 3551 
90850 3557 3558 
90900 3555 3554 
90950 3550 3549 
91000 3544 3549 
91050 3531 3529 
91100 3547 3532 
91150 3555 3518 
91200 3548 3487 
91250 3552 3499 
91300 3543 3500 
91350 3557 3488 
91400 3548 3462 
91450 3555 3450 
91500 3550 3441 
91550 3557 3513 
91600 3545 3538 
91650 3543 3543 
91700 3558 3565 
91750 3528 3536 
91800 3551 3550 
91850 3553 3560 
91900 3563 3565 
91950 3544 3552 
92000 3562 3564 
92050 3554 3548 
92100 3544 3528 
92150 3555 3527 
92200 3535 3495 
92250 3554 3501 
92300 3544 3501 
92350 3538 3505 
92400 3539 3501 
92450 3558 3521 
92500 3561 3530 
92550 3541 3521 
92600 3547 3541 
92650 3541 3539 
92700 3557 3559 
92750 3568 3560 
92800 3545 3546 
92850 3568 3568 
92900 3563 3556 
92950 3566 3565 
93000 3561 3564 
93050 3551 3541 
93100 3552 3537 
93150 3557 3531 
93200 3550 3501 
93250 3546 3474 
93300 3526 3449 
93350 3542 3452 
93400 3558 3458 
93450 3555 3431 
93500 3563 3426 
93550 3548 3484 
93600 3547 3528 
93650 3548 3540 
93700 3561 3558 
93750 3560 3562 
93800 3558 3555 
93850 3558 3556 
93900 3542 3542 
93950 3551 3545 
94000 3558 3552 
94050 3546 3537 
94100 3549 3536 
94150 3541 3518 
94200 3559 3536 
94250 3542 3524 
94300 3535 3506 
94350 3553 3520 
94400 3542 3499 
94450 3547 3505 
94500 3551 3494 
94550 3552 3505 
94600 3551 3537 
94650 3566 3560 
94700 3554 3554 
94750 3547 3544 
94800 3542 3548 
94850 3538 3541 
94900 3546 3540 
94950 3540 3544 
95000 3551 3555 
95050 3535 3540 
95100 3559 3548 
95150 3567 3536 
95200 3544 3501 
95250 3543 3494 
95300 3556 3511 
95350 3561 3505 
95400 3555 3482 
95450 3532 3456 
95500 3559 3473 
95550 3560 3514 
95600 3547 3548 
95650 3540 3539 
95700 3543 3540 
95750 3562 3557 
95800 3552 3554 
95850 3559 3546 
95900 3556 3553 
95950 3560 3555 
96000 3533 3531 
96050 3555 3551 
96100 3545 3499 
96150 3550 3501 
96200 3540 3496 
96250 3552 3478 
96300 3534 3436 
96350 3549 3447 
96400 3533 3436 
96450 3539 3418 
96500 3546 3404 
96550 3539 3470 
96600 3566 3539 
96650 3555 3543 
96700 3541 3539 
96750 3548 3544 
96800 3544 3542 
96850 3550 3540 
96900 3553 3549 
96950 3550 3550 
97000 3553 3550 
97050 3559 3552 
97100 3547 3538 
97150 3548 3529 
97200 3564 3527 
97250 3550 3500 
97300 3547 3473 
97350 3544 3461 
97400 3557 3462 
97450 3554 3431 
97500 3551 3429 
97550 3553 3464 
97600 3551 3522 
97650 3558 3542 
97700 3556 3553 
97750 3542 3543 
97800 3553 3544 
97850 3556 3545 
97900 3558 3555 
97950 3545 3553 
98000 3535 3544 
98050 3547 3546 
98100 3550 3536 
98150 3550 3525 
98200 3541 3508 
98250 3536 3471 
98300 3554 3472 
98350 3548 3445 
98400 3554 3459 
98450 3548 3443 
98500 3546 3427 
98550 3553 3501 
98600 3538 3538 
98650 3558 3561 
98700 3555 3554 
98750 3544 3541 
98800 3555 3550 
98850 3553 3555 
98900 3556 3554 
98950 3558 3557 
99000 3547 3549 
99050 3572 3561 
99100 3558 3523 
99150 3566 3512 
99200 3554 3493 
99250 3559 3478 
99300 3553 3469 
99350 3549 3441 
99400 3542 3427 
99450 3546 3421 
99500 3557 3407 
99550 3545 3484 
99600 3557 3542 
99650 3545 3549 
99700 3538 3536 
99750 3534 3535 
99800 3561 3561 
99850 3544 3541 
99900 3557 3557 
99950 3550 3551 
100000 3540 3542 
100050 3549 3552 
100100 3538 3541 
100150 3539 3528 
100200 3541 3531 
100250 3551 3527 
100300 3560 3527 
100350 3563 3528 
100400 3543 3501 
100450 3551 3524 
100500 3546 3510 
100550 3548 3531 
100600 3556 3555 
100650 3554 3555 
100700 3543 3541 
100750 3550 3547 
100800 3551 3557 
100850 3543 3542 
100900 3572 3576 
100950 3553 3549 
101000 3557 3547 
101050 3535 3521 
101100 3555 3534 
101150 3538 3513 
101200 3550 3520 
101250 3547 3508 
101300 3549 3513 
101350 3549 3523 
101400 3558 3532 
101450 3554 3519 
101500 3569 3526 
101550 3561 3536 
101600 3550 3546 
101650 3559 3555 
101700 3548 3546 
101750 3544 3547 
101800 3535 3533 
101850 3543 3543 
101900 3547 3546 
101950 3544 3548 
102000 3544 3542 
102050 3564 3552 
102100 3552 3531 
102150 3534 3508 
102200 3540 3520 
102250 3525 3492 
102300 3553 3506 
102350 3552 3509 
102400 3550 3494 
102450 3544 3483 
102500 3550 3493 
102550 3548 3509 
102600 3544 3536 
102650 3553 3550 
102700 3549 3548 
102750 3559 3559 
102800 3557 3557 
102850 3542 3539 
102900 3533 3529 
102950 3528 3532 
103000 3546 3544 
103050 3548 3547 
103100 3549 3554 
103150 3536 3522 
103200 3536 3519 
103250 3534 3502 
103300 3548 3500 
103350 3557 3505 
103400 3545 3467 
103450 3569 3464 
103500 3548 3432 
103550 3540 3481 
103600 3540 3518 
103650 3552 3547 
103700 3550 3547 
103750 3544 3548 
103800 3554 3553 
103850 3538 3542 
103900 3559 3554 
103950 3550 3562 
104000 3553 3554 
104050 3572 3565 
104100 3560 3548 
104150 3553 3533 
104200 3539 3509 
104250 3557 3525 
104300 3552 3526 
104350 3538 3519 
104400 3546 3508 
104450 3548 3508 
104500 3556 3513 
104550 3541 3503 
104600 3553 3518 
104650 3548 3538 
104700 3528 3526 
104750 3553 3549 
104800 3545 3544 
104850 3562 3560 
104900 3548 3547 
104950 3560 3556 
105000 3555 3554 
105050 3550 3548 
105100 3545 3533 
105150 3558 3538 
105200 3554 3520 
105250 3548 3508 
105300 3541 3492 
105350 3549 3483 
105400 3552 3449 
105450 3555 3430 
105500 3571 3439 
105550 3549 3474 
105600 3540 3518 
105650 3524 3521 
105700 3552 3549 
105750 3563 3557 
105800 3523 3527 
105850 3539 3541 
105900 3558 3559 
105950 3548 3555 
106000 3558 3559 
106050 3555 3550 
106100 3565 3545 
106150 3556 3530 
106200 3547 3499 
106250 3557 3495 
106300 3533 3469 
106350 3532 3459 
106400 3539 3469 
106450 3543 3469 
106500 3543 3439 
106550 3562 3509 
106600 3538 3522 
106650 3551 3545 
106700 3551 3548 
106750 3547 3546 
106800 3550 3547 
106850 3564 3562 
106900 3549 3543 
106950 3545 3543 
107000 3564 3566 
107050 3538 3542 
107100 3556 3554 
107150 3555 3548 
107200 3539 3535 
107250 3564 3555 
107300 3555 3534 
107350 3559 3517 
107400 3547 3491 
107450 3547 3475 
107500 3555 3476 
107550 3551 3512 
107600 3550 3539 
107650 3544 3549 
107700 3547 3541 
107750 3544 3544 
107800 3552 3549 
107850 3541 3534 
107900 3546 3546 
107950 3553 3546 
108000 3550 3547 
108050 3550 3551 
108100 3564 3552 
108150 3543 3519 
108200 3552 3522 
108250 3545 3496 
108300 3552 3492 
108350 3552 3495 
108400 3556 3507 
108450 3548 3492 
108500 3558 3489 
108550 3551 3508 
108600 3544 3532 
108650 3540 3542 
108700 3542 3537 
108750 3541 3544 
108800 3539 3545 
108850 3554 3553 
108900 3547 3549 
108950 3554 3556 
109000 3553 3550 
109050 3558 3555 
109100 3554 3551 
109150 3537 3525 
109200 3540 3505 
109250 3561 3525 
109300 3561 3527 
109350 3543 3504 
109400 3543 3494 
109450 3555 3492 
109500 3563 3479 
109550 3548 3527 
109600 3541 3532 
109650 3558 3551 
109700 3550 3546 
109750 3547 3554 
109800 3556 3554 
109850 3545 3547 
109900 3543 3541 
109950 3525 3522 
110000 3547 3547 
110050 3541 3552 
110100 3546 3541 
110150 3537 3507 
110200 3532 3507 
110250 3551 3517 
110300 3558 3523 
110350 3553 3507 
110400 3549 3523 
110450 3566 3530 
110500 3566 3511 
110550 3543 3510 
110600 3548 3539 
110650 3547 3543 
110700 3535 3532 
110750 3541 3541 
110800 3559 3555 
110850 3540 3539 
110900 3542 3539 
110950 3549 3544 
111000 3544 3541 
111050 3554 3540 
111100 3564 3541 
111150 3553 3521 
111200 3552 3513 
111250 3550 3516 
111300 3538 3505 
111350 3534 3512 
111400 3550 3505 
111450 3560 3488 
111500 3560 3474 
111550 3543 3500 
111600 3543 3535 
111650 3540 3541 
111700 3534 3529 
111750 3550 3549 
111800 3533 3537 
111850 3547 3545 
111900 3547 3543 
111950 3551 3545 
112000 3564 3562 
112050 3551 3551 
112100 3536 3539 
112150 3562 3548 
112200 3549 3539 
112250 3540 3511 
112300 3537 3496 
112350 3542 3501 
112400 3560 3502 
112450 3551 3493 
112500 3552 3473 
112550 3536 3515 
112600 3552 3549 
112650 3536 3537 
112700 3533 3546 
112750 3537 3537 
112800 3543 3542 
112850 3544 3542 
112900 3549 3555 
112950 3555 3548 
113000 3548 3549 
113050 3543 3547 
113100 3537 3526 
113150 3560 3522 
113200 3554 3506 
113250 3540 3499 
113300 3545 3502 
113350 3559 3503 
113400 3556 3488 
113450 3551 3470 
113500 3541 3459 
113550 3550 3501 
113600 3544 3527 
113650 3549 3543 
113700 3550 3543 
113750 3549 3547 
113800 3547 3543 
113850 3559 3558 
113900 3556 3562 
113950 3558 3552 
114000 3553 3546 
114050 3541 3540 
114100 3555 3541 
114150 3557 3532 
114200 3549 3510 
114250 3535 3497 
114300 3539 3504 
114350 3545 3490 
114400 3543 3465 
114450 3558 3481 
114500 3550 3445 
114550 3545 3499 
114600 3547 3542 
114650 3542 3542 
114700 3546 3545 
114750 3540 3540 
114800 3551 3558 
114850 3546 3548 
114900 3553 3553 
114950 3534 3535 
115000 3539 3543 
115050 3548 3545 
115100 3538 3536 
115150 3557 3549 
115200 3545 3528 
115250 3545 3521 
115300 3545 3526 
115350 3540 3514 
115400 3554 3521 
115450 3537 3503 
115500 3555 3508 
115550 3550 3529 
115600 3544 3540 
115650 3545 3549 
115700 3555 3562 
115750 3556 3552 
115800 3542 3544 
115850 3544 3548 
115900 3552 3552 
115950 3550 3548 
116000 3555 3547 
116050 3541 3533 
116100 3548 3516 
116150 3566 3488 
116200 3558 3485 
116250 3551 3457 
116300 3545 3446 
116350 3536 3428 
116400 3556 3400 
116450 3537 3382 
116500 3556 3401 
116550 3551 3472 
116600 3555 3528 
116650 3555 3551 
116700 3544 3541 
116750 3525 3529 
116800 3562 3565 
116850 3551 3553 
116900 3544 3548 
116950 3541 3541 
117000 3548 3544 
117050 3539 3536 
117100 3544 3542 
117150 3553 3536 
117200 3554 3532 
117250 3546 3522 
117300 3547 3536 
117350 3538 3508 
117400 3555 3502 
117450 3571 3491 
117500 3536 3423 
117550 3542 3469 
117600 3542 3532 
117650 3548 3543 
117700 3549 3547 
117750 3546 3545 
117800 3540 3541 
117850 3539 3542 
117900 3546 3554 
117950 3547 3553 
118000 3557 3562 
118050 3543 3549 
118100 3558 3549 
118150 3540 3527 
118200 3544 3531 
118250 3533 3503 
118300 3536 3509 
118350 3548 3510 
118400 3545 3486 
118450 3543 3472 
118500 3560 3469 
118550 3553 3509 
118600 3542 3527 
118650 3541 3543 
118700 3551 3544 
118750 3538 3538 
118800 3537 3546 
118850 3552 3557 
118900 3555 3551 
118950 3557 3552 
119000 3547 3551 
119050 3550 3542 
119100 3542 3528 
119150 3544 3520 
119200 3546 3491 
119250 3543 3490 
119300 3550 3458 
119350 3553 3433 
119400 3544 3421 
119450 3562 3422 
119500 3534 3362 
119550 3538 3476 
119600 3542 3523 
119650 3560 3556 
119700 3550 3552 
119750 3551 3552 
119800 3537 3541 
119850 3536 3536 
119900 3550 3546 
119950 3543 3536 
120000 3549 3548 
120050 3554 3540 
120100 3552 3511 
120150 3546 3504 
120200 3558 3498 
120250 3551 3489 
120300 3543 3476 
120350 3539 3446 
120400 3545 3450 
120450 3552 3435 
120500 3545 3449 
120550 3544 3494 
120600 3540 3533 
120650 3531 3532 
120700 3539 3537 
120750 3554 3553 
120800 3540 3538 
120850 3547 3550 
120900 3538 3538 
120950 3541 3541 
121000 3559 3562 
121050 3554 3560 
121100 3548 3539 
121150 3541 3515 
121200 3549 3501 
121250 3556 3501 
121300 3563 3489 
121350 3541 3455 
121400 3535 3394 
121450 3540 3408 
121500 3534 3368 
121550 3544 3472 
121600 3546 3524 
121650 3560 3553 
121700 3538 3534 
121750 3552 3553 
121800 3544 3539 
121850 3554 3552 
121900 3541 3548 
121950 3556 3553 
122000 3561 3558 
122050 3541 3520 
122100 3544 3515 
122150 3551 3516 
122200 3547 3494 
122250 3524 3460 
122300 3556 3467 
122350 3544 3434 
122400 3547 3407 
122450 3548 3430 
122500 3539 3416 
122550 3526 3471 
122600 3533 3533 
122650 3532 3531 
122700 3542 3544 
122750 3549 3547 
122800 3563 3561 
122850 3548 3545 
122900 3555 3559 
122950 3553 3550 
123000 3548 3543 
123050 3546 3539 
123100 3539 3515 
123150 3551 3505 
123200 3545 3488 
123250 3564 3508 
123300 3552 3482 
123350 3553 3482 
123400 3545 3457 
123450 3556 3460 
123500 3553 3440 
123550 3550 3500 
123600 3544 3528 
123650 3560 3561 
123700 3542 3543 
123750 3556 3554 
123800 3545 3543 
123850 3554 3554 
123900 3555 3555 
123950 3549 3549 
124000 3550 3555 
124050 3534 3541 
124100 3559 3553 
124150 3539 3518 
124200 3552 3519 
124250 3545 3505 
124300 3523 3470 
124350 3550 3478 
124400 3542 3478 
124450 3548 3456 
124500 3544 3434 
124550 3550 3495 
124600 3543 3532 
124650 3556 3549 
124700 3565 3562 
124750 3547 3548 
124800 3553 3553 
124850 3544 3544 
124900 3542 3546 
124950 3545 3546 
125000 3544 3546 
125050 3549 3546 
125100 3553 3544 
125150 3553 3546 
125200 3556 3536 
125250 3552 3532 
125300 3553 3513 
125350 3539 3503 
125400 3538 3500 
125450 3543 3494 
125500 3545 3481 
125550 3549 3529 
125600 3540 3538 
125650 3557 3558 
125700 3536 3545 
125750 3553 3546 
125800 3553 3556 
125850 3541 3547 
125900 3550 3554 
125950 3551 3554 
126000 3539 3541 
126050 3550 3548 
126100 3542 3533 
126150 3551 3532 
126200 3530 3493 
126250 3552 3464 
126300 3533 3446 
126350 3553 3453 
126400 3553 3443 
126450 3542 3402 
126500 3528 3339 
126550 3529 3429 
126600 3538 3509 
126650 3566 3556 
126700 3542 3533 
126750 3538 3536 
126800 3542 3548 
126850 3541 3550 
126900 3532 3535 
126950 3533 3540 
127000 3544 3544 
127050 3547 3549 
127100 3545 3533 
127150 3554 3524 
127200 3547 3471 
127250 3557 3475 
127300 3551 3455 
127350 3557 3456 
127400 3532 3420 
127450 3532 3407 
127500 3542 3401 
127550 3541 3492 
127600 3560 3552 
127650 3545 3547 
127700 3544 3539 
127750 3553 3552 
127800 3539 3547 
127850 3551 3553 
127900 3548 3549 
127950 3555 3557 
128000 3557 3553 
128050 3545 3538 
128100 3538 3513 
128150 3548 3523 
128200 3548 3510 
128250 3524 3461 
128300 3547 3461 
128350 3552 3448 
128400 3552 3437 
128450 3551 3453 
128500 3544 3453 
128550 3543 3513 
128600 3541 3531 
128650 3545 3551 
128700 3535 3547 
128750 3540 3536 
128800 3555 3557 
128850 3547 3539 
128900 3542 3540 
128950 3560 3556 
129000 3554 3556 
129050 3550 3552 
129100 3523 3518 
129150 3552 3551 
129200 3546 3530 
129250 3538 3499 
129300 3542 3503 
129350 3551 3505 
129400 3544 3463 
129450 3550 3438 
129500 3546 3405 
129550 3560 3487 
129600 3549 3536 
129650 3556 3550 
129700 3542 3542 
129750 3535 3535 
129800 3537 3541 
129850 3535 3532 
129900 3548 3546 
129950 3551 3550 
130000 3544 3541 
130050 3562 3562 
130100 3560 3550 
130150 3538 3521 
130200 3535 3519 
130250 3545 3526 
130300 3548 3507 
130350 3557 3503 
130400 3547 3500 
130450 3550 3498 
130500 3560 3512 
130550 3535 3523 
130600 3548 3552 
130650 3551 3545 
130700 3547 3546 
130750 3558 3557 
130800 3549 3551 
130850 3555 3554 
130900 3541 3546 
130950 3542 3539 
131000 3550 3542 
131050 3552 3532 
131100 3561 3530 
131150 3540 3486 
131200 3549 3485 
131250 3542 3445 
131300 3545 3465 
131350 3550 3459 
131400 3548 3445 
131450 3535 3417 
131500 3547 3433 
131550 3536 3494 
131600 3556 3545 
131650 3547 3545 
131700 3535 3528 
131750 3543 3539 
131800 3556 3555 
131850 3558 3559 
131900 3554 3552 
131950 3559 3562 
132000 3549 3549 
132050 3545 3537 
132100 3534 3506 
132150 3559 3525 
132200 3535 3506 
132250 3550 3499 
132300 3544 3462 
132350 3540 3458 
132400 3555 3464 
132450 3545 3440 
132500 3549 3432 
132550 3547 3502 
132600 3551 3536 
132650 3550 3547 
132700 3549 3548 
132750 3559 3555 
132800 3548 3554 
132850 3526 3534 
132900 3525 3521 
132950 3549 3556 
133000 3561 3561 
133050 3544 3535 
133100 3544 3524 
133150 3542 3507 
133200 3544 3519 
133250 3533 3509 
133300 3532 3515 
133350 3547 3510 
133400 3559 3489 
133450 3551 3483 
133500 3537 3457 
133550 3545 3518 
133600 3545 3541 
133650 3545 3543 
133700 3548 3549 
133750 3554 3551 
133800 3562 3562 
133850 3557 3558 
133900 3550 3555 
133950 3545 3539 
134000 3536 3534 
134050 3530 3539 
134100 3546 3536 
134150 3549 3532 
134200 3535 3502 
134250 3539 3492 
134300 3519 3464 
134350 3552 3472 
134400 3547 3474 
134450 3558 3463 
134500 3549 3422 
134550 3555 3502 
134600 3544 3533 
134650 3544 3535 
134700 3541 3538 
134750 3551 3554 
134800 3552 3549 
134850 3554 3558 
134900 3542 3544 
134950 3547 3553 
135000 3547 3551 
135050 3537 3545 
135100 3535 3524 
135150 3536 3509 
135200 3540 3498 
135250 3549 3481 
135300 3546 3472 
135350 3551 3455 
135400 3543 3452 
135450 3534 3430 
135500 3530 3383 
135550 3532 3485 
135600 3541 3531 
135650 3518 3524 
135700 3559 3565 
135750 3566 3568 
135800 3549 3555 
135850 3549 3540 
135900 3549 3551 
135950 3551 3549 
136000 3557 3556 
136050 3553 3547 
136100 3549 3521 
136150 3546 3500 
136200 3537 3481 
136250 3554 3497 
136300 3544 3484 
136350 3565 3489 
136400 3563 3479 
136450 3559 3462 
136500 3547 3464 
136550 3554 3520 
136600 3535 3532 
136650 3539 3539 
136700 3537 3537 
136750 3528 3533 
136800 3547 3551 
136850 3557 3559 
136900 3551 3552 
136950 3551 3555 
137000 3545 3544 
137050 3541 3544 
137100 3550 3551 
137150 3565 3555 
137200 3563 3553 
137250 3545 3513 
137300 3558 3496 
137350 3541 3490 
137400 3559 3484 
137450 3548 3459 
137500 3561 3449 
137550 3556 3511 
137600 3539 3533 
137650 3554 3549 
137700 3561 3563 
137750 3542 3538 
137800 3538 3537 
137850 3568 3567 
137900 3554 3562 
137950 3548 3550 
138000 3551 3554 
138050 3543 3530 
138100 3538 3509 
138150 3552 3508 
138200 3558 3508 
138250 3553 3488 
138300 3553 3483 
138350 3551 3463 
138400 3553 3464 
138450 3554 3476 
138500 3553 3455 
138550 3542 3500 
138600 3545 3545 
138650 3547 3541 
138700 3555 3554 
138750 3542 3543 
138800 3566 3566 
138850 3552 3559 
138900 3553 3554 
138950 3554 3548 
139000 3543 3546 
139050 3557 3549 
139100 3563 3540 
139150 3550 3535 
139200 3548 3515 
139250 3552 3504 
139300 3556 3505 
139350 3550 3480 
139400 3540 3482 
139450 3537 3452 
139500 3547 3432 
139550 3536 3500 
139600 3547 3545 
139650 3545 3544 
139700 3567 3567 
139750 3555 3558 
139800 3552 3543 
139850 3552 3551 
139900 3545 3545 
139950 3546 3538 
140000 3526 3527 
140050 3541 3541 
140100 3533 3533 
140150 3554 3524 
140200 3564 3539 
140250 3566 3515 
140300 3546 3464 
140350 3531 3424 
140400 3536 3449 
140450 3541 3471 
140500 3547 3456 
140550 3542 3505 
140600 3546 3542 
140650 3546 3543 
140700 3563 3561 
140750 3551 3548 
140800 3549 3547 
140850 3550 3545 
140900 3520 3520 
140950 3539 3542 
141000 3559 3560 
141050 3564 3571 
141100 3542 3537 
141150 3561 3549 
141200 3549 3525 
141250 3537 3512 
141300 3541 3505 
141350 3554 3493 
141400 3551 3491 
141450 3557 3491 
141500 3562 3485 
141550 3538 3505 
141600 3549 3551 
141650 3533 3541 
141700 3559 3558 
141750 3550 3554 
141800 3556 3559 
141850 3549 3553 
141900 3543 3543 
141950 3542 3546 
142000 3541 3546 
142050 3546 3545 
142100 3543 3518 
142150 3539 3505 
142200 3563 3513 
142250 3555 3483 
142300 3552 3440 
142350 3558 3431 
142400 3554 3434 
142450 3544 3398 
142500 3552 3421 
142550 3521 3463 
142600 3538 3524 
142650 3547 3546 
142700 3556 3555 
142750 3556 3550 
142800 3549 3543 
142850 3552 3549 
142900 3551 3553 
142950 3546 3548 
143000 3539 3549 
143050 3548 3542 
143100 3553 3523 
143150 3555 3516 
143200 3552 3514 
143250 3560 3514 
143300 3549 3490 
143350 3542 3474 
143400 3542 3463 
143450 3535 3443 
143500 3558 3456 
143550 3559 3535 
143600 3556 3553 
143650 3567 3570 
143700 3540 3537 
143750 3549 3549 
143800 3546 3541 
143850 3540 3540 
143900 3547 3544 
143950 3552 3552 
144000 3544 3548 
144050 3538 3528 
144100 3555 3518 
144150 3558 3509 
144200 3562 3496 
144250 3538 3469 
144300 3557 3503 
144350 3544 3495 
144400 3546 3478 
144450 3545 3476 
144500 3553 3462 
144550 3533 3498 
144600 3544 3533 
144650 3558 3558 
144700 3548 3551 
144750 3553 3560 
144800 3537 3543 
144850 3547 3548 
144900 3549 3554 
144950 3555 3553 
145000 3551 3548 
145050 3538 3529 
145100 3543 3525 
145150 3558 3522 
145200 3544 3490 
145250 3554 3483 
145300 3536 3468 
145350 3544 3458 
145400 3546 3414 
145450 3551 3399 
145500 3548 3351 
145550 3545 3450 
145600 3539 3510 
145650 3540 3526 
145700 3555 3546 
145750 3538 3537 
145800 3539 3547 
145850 3538 3539 
145900 3549 3548 
145950 3536 3537 
146000 3554 3548 
146050 3545 3544 
146100 3542 3525 
146150 3544 3495 
146200 3547 3480 
146250 3561 3495 
146300 3550 3484 
146350 3521 3452 
146400 3559 3478 
146450 3545 3454 
146500 3549 3446 
146550 3558 3518 
146600 3532 3522 
146650 3541 3537 
146700 3559 3558 
146750 3547 3545 
146800 3554 3553 
146850 3546 3548 
146900 3562 3564 
146950 3532 3529 
147000 3547 3545 
147050 3549 3540 
147100 3557 3560 
147150 3552 3539 
147200 3535 3528 
147250 3542 3511 
147300 3553 3501 
147350 3568 3514 
147400 3547 3479 
147450 3540 3462 
147500 3551 3452 
147550 3551 3520 
147600 3557 3553 
147650 3565 3565 
147700 3543 3541 
147750 3544 3545 
147800 3539 3533 
147850 3558 3563 
147900 3546 3550 
147950 3550 3550 
148000 3549 3549 
148050 3541 3541 
148100 3547 3508 
148150 3518 3469 
148200 3543 3465 
148250 3553 3429 
148300 3537 3405 
148350 3540 3402 
148400 3560 3397 
148450 3546 3356 
148500 3549 3318 
148550 3549 3439 
148600 3562 3536 
148650 3560 3558 
148700 3546 3546 
148750 3538 3535 
148800 3546 3550 
148850 3558 3561 
148900 3555 3555 
148950 3544 3544 
149000 3544 3538 
149050 3559 3544 
149100 3540 3491 
149150 3537 3472 
149200 3545 3455 
149250 3541 3431 
149300 3553 3436 
149350 3550 3391 
149400 3548 3330 
149450 3555 3322 
149500 3557 3285 
149550 3555 3492 
149600 3533 3531 
149650 3541 3541 
149700 3550 3546 
149750 3555 3556 
149800 3544 3549 
149850 3543 3543 
149900 3546 3552 
149950 3548 3548 
150000 3535 3537 
150050 3539 3526 
150100 3549 3502 
150150 3561 3505 
150200 3543 3477 
150250 3536 3434 
150300 3550 3391 
150350 3551 3369 
150400 3559 3394 
150450 3544 3330 
150500 3557 3302 
150550 3549 3497 
150600 3551 3550 
150650 3553 3549 
150700 3539 3533 
150750 3549 3547 
150800 3561 3556 
150850 3533 3535 
150900 3549 3546 
150950 3553 3546 
151000 3548 3551 
151050 3546 3550 
151100 3545 3538 
151150 3562 3540 
151200 3555 3515 
151250 3547 3476 
151300 3545 3455 
151350 3548 3443 
151400 3549 3464 
151450 3541 3433 
151500 3547 3415 
151550 3546 3523 
151600 3539 3539 
151650 3564 3562 
151700 3542 3543 
151750 3557 3555 
151800 3563 3564 
151850 3547 3543 
151900 3549 3555 
151950 3544 3550 
152000 3551 3553 
152050 3560 3551 
152100 3548 3525 
152150 3551 3535 
152200 3534 3521 
152250 3558 3533 
152300 3554 3513 
152350 3559 3494 
152400 3557 3455 
152450 3558 3438 
152500 3561 3421 
152550 3538 3488 
152600 3536 3533 
152650 3554 3550 
152700 3544 3543 
152750 3547 3546 
152800 3555 3553 
152850 3559 3562 
152900 3557 3555 
152950 3546 3546 
153000 3558 3556 
153050 3551 3541 
153100 3544 3516 
153150 3550 3516 
153200 3558 3502 
153250 3560 3486 
153300 3557 3453 
153350 3542 3411 
153400 3548 3374 
153450 3559 3379 
153500 3549 3325 
153550 3544 3470 
153600 3549 3533 
153650 3529 3532 
153700 3559 3559 
153750 3546 3549 
153800 3540 3543 
153850 3549 3547 
153900 3556 3560 
153950 3546 3555 
154000 3537 3537 
154050 3535 3533 
154100 3550 3511 
154150 3555 3515 
154200 3541 3504 
154250 3550 3484 
154300 3543 3480 
154350 3564 3494 
154400 3548 3461 
154450 3549 3472 
154500 3551 3459 
154550 3546 3511 
154600 3560 3559 
154650 3557 3555 
154700 3557 3550 
154750 3550 3538 
154800 3543 3541 
154850 3552 3547 
154900 3530 3534 
154950 3539 3545 
155000 3558 3560 
155050 3538 3527 
155100 3555 3516 
155150 3544 3485 
155200 3550 3466 
155250 3552 3483 
155300 3563 3481 
155350 3543 3424 
155400 3556 3424 
155450 3538 3394 
155500 3551 3373 
155550 3548 3476 
155600 3546 3524 
155650 3556 3552 
155700 3559 3561 
155750 3551 3550 
155800 3556 3559 
155850 3548 3548 
155900 3542 3541 
155950 3555 3555 
156000 3534 3535 
156050 3556 3554 
156100 3570 3547 
156150 3556 3525 
156200 3563 3524 
156250 3551 3475 
156300 3557 3430 
156350 3549 3402 
156400 3548 3384 
156450 3542 3364 
156500 3547 3369 
156550 3558 3501 
156600 3556 3554 
156650 3537 3538 
156700 3561 3564 
156750 3537 3544 
156800 3558 3555 
156850 3548 3550 
156900 3558 3553 
156950 3536 3528 
157000 3554 3542 
157050 3549 3540 
157100 3542 3509 
157150 3540 3501 
157200 3546 3483 
157250 3540 3469 
157300 3563 3489 
157350 3542 3458 
157400 3564 3440 
157450 3545 3403 
157500 3557 3389 
157550 3565 3522 
157600 3559 3552 
157650 3548 3550 
157700 3557 3546 
157750 3542 3543 
157800 3564 3560 
157850 3546 3542 
157900 3534 3539 
157950 3546 3544 
158000 3550 3548 
158050 3547 3541 
158100 3558 3539 
158150 3561 3540 
158200 3546 3532 
158250 3535 3504 
158300 3549 3501 
158350 3540 3488 
158400 3559 3512 
158450 3540 3479 
158500 3561 3475 
158550 3536 3519 
158600 3541 3541 
158650 3550 3554 
158700 3551 3549 
158750 3552 3551 
158800 3554 3552 
158850 3546 3540 
158900 3547 3553 
158950 3542 3539 
159000 3545 3542 
159050 3552 3542 
159100 3553 3530 
159150 3550 3516 
159200 3538 3471 
159250 3546 3461 
159300 3543 3443 
159350 3554 3460 
159400 3550 3464 
159450 3559 3454 
159500 3531 3425 
159550 3560 3525 
159600 3548 3551 
159650 3554 3556 
159700 3550 3553 
159750 3564 3564 
159800 3557 3556 
159850 3547 3546 
159900 3542 3542 
159950 3546 3550 
160000 3555 3564 
160050 3545 3538 
160100 3543 3524 
160150 3559 3536 
160200 3549 3507 
160250 3548 3495 
160300 3548 3459 
160350 3554 3468 
160400 3552 3461 
160450 3540 3449 
160500 3530 3452 
160550 3548 3525 
160600 3542 3545 
160650 3546 3548 
160700 3544 3547 
160750 3555 3559 
160800 3543 3542 
160850 3535 3534 
160900 3552 3553 
160950 3562 3561 
161000 3544 3542 
161050 3541 3543 
161100 3543 3534 
161150 3536 3504 
161200 3563 3514 
161250 3552 3512 
161300 3559 3521 
161350 3537 3493 
161400 3552 3490 
161450 3546 3476 
161500 3562 3464 
161550 3546 3513 
161600 3550 3542 
161650 3560 3555 
161700 3550 3551 
161750 3539 3537 
161800 3555 3551 
161850 3553 3549 
161900 3559 3564 
161950 3552 3548 
162000 3553 3549 
162050 3549 3543 
162100 3531 3515 
162150 3544 3528 
162200 3569 3525 
162250 3559 3507 
162300 3561 3482 
162350 3539 3430 
162400 3541 3428 
162450 3546 3396 
162500 3553 3383 
162550 3540 3465 
162600 3555 3548 
162650 3547 3545 
162700 3553 3551 
162750 3558 3561 
162800 3535 3537 
162850 3552 3557 
162900 3560 3559 
162950 3551 3545 
163000 3558 3555 
163050 3533 3528 
163100 3547 3538 
163150 3566 3520 
163200 3547 3498 
163250 3556 3476 
163300 3558 3457 
163350 3542 3434 
163400 3546 3443 
163450 3557 3410 
163500 3560 3413 
163550 3553 3509 
163600 3554 3549 
163650 3547 3543 
163700 3546 3545 
163750 3533 3531 
163800 3552 3550 
163850 3546 3542 
163900 3553 3553 
163950 3541 3542 
164000 3541 3541 
164050 3542 3538 
164100 3545 3530 
164150 3551 3493 
164200 3565 3472 
164250 3543 3457 
164300 3557 3469 
164350 3529 3429 
164400 3558 3434 
164450 3553 3423 
164500 3545 3413 
164550 3552 3507 
164600 3552 3544 
164650 3553 3548 
164700 3556 3551 
164750 3536 3537 
164800 3549 3546 
164850 3544 3545 
164900 3561 3560 
164950 3556 3559 
165000 3551 3552 
165050 3539 3533 
165100 3554 3540 
165150 3567 3543 
165200 3544 3517 
165250 3546 3483 
165300 3567 3483 
165350 3543 3456 
165400 3550 3462 
165450 3544 3448 
165500 3555 3458 
165550 3559 3533 
165600 3546 3545 
165650 3557 3550 
165700 3547 3547 
165750 3556 3555 
165800 3548 3551 
165850 3555 3552 
165900 3554 3553 
165950 3535 3531 
166000 3541 3545 
166050 3546 3545 
166100 3550 3528 
166150 3556 3537 
166200 3558 3515 
166250 3555 3495 
166300 3538 3502 
166350 3547 3479 
166400 3543 3472 
166450 3552 3432 
166500 3560 3438 
166550 3543 3507 
166600 3541 3534 
166650 3548 3545 
166700 3540 3539 
166750 3546 3546 
166800 3547 3540 
166850 3553 3542 
166900 3543 3540 
166950 3535 3535 
167000 3549 3547 
167050 3547 3549 
167100 3561 3557 
167150 3552 3536 
167200 3548 3535 
167250 3553 3520 
167300 3533 3500 
167350 3547 3514 
167400 3556 3506 
167450 3547 3472 
167500 3530 3428 
167550 3558 3529 
167600 3542 3541 
167650 3549 3544 
167700 3553 3547 
167750 3557 3553 
167800 3557 3556 
167850 3555 3559 
167900 3547 3550 
167950 3537 3538 
168000 3541 3533 
168050 3543 3541 
168100 3540 3504 
168150 3552 3480 
168200 3544 3427 
168250 3548 3401 
168300 3554 3390 
168350 3550 3356 
168400 3551 3340 
168450 3564 3316 
168500 3561 3277 
168550 3561 3490 
168600 3555 3537 
168650 3553 3550 
168700 3546 3547 
168750 3552 3546 
168800 3556 3548 
168850 3546 3543 
168900 3543 3545 
168950 3556 3550 
169000 3555 3547 
169050 3548 3536 
169100 3544 3523 
169150 3536 3503 
169200 3549 3520 
169250 3551 3474 
169300 3551 3475 
169350 3551 3461 
169400 3534 3465 
169450 3543 3463 
169500 3547 3469 
169550 3550 3527 
169600 3552 3546 
169650 3542 3548 
169700 3541 3543 
169750 3557 3554 
169800 3555 3550 
169850 3554 3550 
169900 3549 3548 
169950 3550 3553 
170000 3554 3559 
170050 3537 3533 
170100 3544 3535 
170150 3568 3535 
170200 3566 3516 
170250 3533 3478 
170300 3545 3489 
170350 3545 3470 
170400 3563 3457 
170450 3553 3429 
170500 3543 3429 
170550 3534 3501 
170600 3548 3543 
170650 3567 3565 
170700 3566 3559 
170750 3549 3555 
170800 3547 3537 
170850 3547 3546 
170900 3548 3547 
170950 3547 3550 
171000 3556 3559 
171050 3570 3573 
171100 3564 3548 
171150 3543 3507 
171200 3554 3519 
171250 3558 3477 
171300 3551 3453 
171350 3546 3430 
171400 3556 3395 
171450 3549 3355 
171500 3549 3343 
171550 3543 3486 
171600 3548 3544 
171650 3536 3540 
171700 3554 3547 
171750 3552 3556 
171800 3564 3562 
171850 3563 3565 
171900 3554 3554 
171950 3541 3548 
172000 3547 3548 
172050 3570 3562 
172100 3540 3513 
172150 3547 3506 
172200 3544 3481 
172250 3548 3499 
172300 3553 3486 
172350 3550 3458 
172400 3560 3439 
172450 3562 3400 
172500 3556 3359 
172550 3540 3495 
172600 3546 3535 
172650 3554 3552 
172700 3556 3562 
172750 3547 3551 
172800 3566 3565 
172850 3547 3546 
172900 3556 3558 
172950 3551 3555 
173000 3562 3561 
173050 3543 3536 
173100 3570 3557 
173150 3548 3531 
173200 3540 3511 
173250 3549 3513 
173300 3547 3497 
173350 3555 3502 
173400 3555 3494 
173450 3551 3479 
173500 3560 3498 
173550 3558 3553 
173600 3548 3552 
173650 3542 3542 
173700 3540 3543 
173750 3549 3548 
173800 3555 3548 
173850 3550 3549 
173900 3544 3545 
173950 3556 3559 
174000 3556 3551 
174050 3546 3545 
174100 3545 3544 
174150 3562 3546 
174200 3556 3517 
174250 3553 3502 
174300 3541 3484 
174350 3546 3464 
174400 3546 3448 
174450 3541 3446 
174500 3556 3458 
174550 3554 3530 
174600 3546 3553 
174650 3542 3544 
174700 3547 3551 
174750 3558 3556 
174800 3548 3550 
174850 3576 3576 
174900 3560 3561 
174950 3559 3557 
175000 3558 3555 
175050 3545 3540 
175100 3547 3533 
175150 3562 3531 
175200 3541 3489 
175250 3541 3462 
175300 3545 3439 
175350 3545 3430 
175400 3532 3396 
175450 3543 3380 
175500 3553 3370 
175550 3561 3518 
175600 3542 3532 
175650 3548 3546 
175700 3543 3542 
175750 3546 3543 
175800 3558 3551 
175850 3546 3547 
175900 3557 3561 
175950 3555 3553 
176000 3557 3558 
176050 3544 3541 
176100 3565 3555 
176150 3564 3555 
176200 3560 3534 
176250 3535 3505 
176300 3530 3481 
176350 3551 3496 
176400 3546 3469 
176450 3537 3463 
176500 3554 3399 
176550 3544 3517 
176600 3566 3558 
176650 3552 3560 
176700 3557 3566 
176750 3558 3558 
176800 3552 3550 
176850 3551 3554 
176900 3532 3530 
176950 3545 3543 
177000 3558 3555 
177050 3553 3547 
177100 3558 3539 
177150 3551 3522 
177200 3530 3488 
177250 3558 3514 
177300 3547 3477 
177350 3549 3454 
177400 3550 3404 
177450 3553 3372 
177500 3533 3386 
177550 3557 3516 
177600 3552 3549 
177650 3551 3553 
177700 3539 3543 
177750 3543 3543 
177800 3549 3546 
177850 3539 3537 
177900 3533 3538 
177950 3557 3556 
178000 3562 3567 
178050 3546 3555 
178100 3565 3566 
178150 3539 3524 
178200 3546 3504 
178250 3544 3500 
178300 3550 3496 
178350 3555 3479 
178400 3547 3469 
178450 3553 3428 
178500 3549 3395 
178550 3552 3509 
178600 3553 3552 
178650 3557 3560 
178700 3534 3538 
178750 3533 3542 
178800 3548 3548 
178850 3550 3549 
178900 3544 3542 
178950 3548 3553 
179000 3560 3560 
179050 3552 3546 
179100 3556 3533 
179150 3530 3474 
179200 3541 3453 
179250 3556 3445 
179300 3561 3462 
179350 3537 3452 
179400 3542 3462 
179450 3557 3467 
179500 3554 3439 
179550 3550 3519 
179600 3546 3543 
179650 3549 3550 
179700 3548 3548 
179750 3566 3562 
179800 3550 3553 
179850 3551 3548 
179900 3546 3553 
179950 3547 3544 
180000 3547 3552 
180050 3541 3530 
180100 3551 3519 
180150 3550 3467 
180200 3556 3476 
180250 3555 3467 
180300 3553 3451 
180350 3558 3460 
180400 3556 3462 
180450 3558 3449 
180500 3556 3454 
180550 3541 3502 
180600 3541 3538 
180650 3554 3548 
180700 3538 3532 
180750 3552 3553 
180800 3544 3546 
180850 3548 3547 
180900 3545 3539 
180950 3539 3539 
181000 3558 3554 
181050 3561 3546 
181100 3539 3506 
181150 3548 3512 
181200 3540 3490 
181250 3555 3499 
181300 3560 3466 
181350 3555 3441 
181400 3534 3401 
181450 3547 3395 
181500 3537 3405 
181550 3558 3508 
181600 3547 3536 
181650 3548 3543 
181700 3538 3542 
181750 3548 3551 
181800 3547 3542 
181850 3540 3538 
181900 3548 3547 
181950 3545 3551 
182000 3552 3553 
182050 3554 3545 
182100 3545 3519 
182150 3555 3496 
182200 3557 3478 
182250 3543 3447 
182300 3555 3457 
182350 3540 3463 
182400 3554 3458 
182450 3542 3432 
182500 3547 3404 
182550 3554 3526 
182600 3562 3563 
182650 3547 3543 
182700 3548 3554 
182750 3557 3562 
182800 3550 3542 
182850 3553 3550 
182900 3566 3567 
182950 3562 3554 
183000 3548 3548 
183050 3538 3540 
183100 3549 3546 
183150 3552 3518 
183200 3560 3517 
183250 3527 3471 
183300 3564 3481 
183350 3557 3395 
183400 3550 3367 
183450 3550 3331 
183500 3557 3301 
183550 3568 3509 
183600 3553 3548 
183650 3547 3546 
183700 3531 3528 
183750 3546 3544 
183800 3548 3548 
183850 3556 3561 
183900 3546 3551 
183950 3555 3559 
184000 3554 3554 
184050 3557 3553 
184100 3542 3535 
184150 3545 3509 
184200 3548 3517 
184250 3550 3513 
184300 3544 3503 
184350 3554 3515 
184400 3536 3505 
184450 3562 3507 
184500 3554 3493 
184550 3550 3536 
184600 3554 3555 
184650 3551 3551 
184700 3563 3559 
184750 3547 3543 
184800 3545 3543 
184850 3559 3550 
184900 3546 3557 
184950 3540 3537 
185000 3552 3546 
185050 3557 3548 
185100 3549 3533 
185150 3560 3513 
185200 3543 3480 
185250 3551 3472 
185300 3556 3464 
185350 3553 3457 
185400 3541 3431 
185450 3543 3412 
185500 3524 3395 
185550 3542 3516 
185600 3551 3549 
185650 3543 3534 
185700 3552 3548 
185750 3555 3552 
185800 3550 3547 
185850 3552 3549 
185900 3552 3550 
185950 3546 3551 
186000 3555 3548 
186050 3558 3537 
186100 3556 3508 
186150 3562 3475 
186200 3552 3483 
186250 3532 3413 
186300 3550 3429 
186350 3561 3383 
186400 3553 3406 
186450 3549 3416 
186500 3543 3363 
186550 3557 3513 
186600 3547 3541 
186650 3546 3548 
186700 3545 3545 
186750 3550 3548 
186800 3547 3547 
186850 3541 3540 
186900 3550 3550 
186950 3541 3543 
187000 3556 3558 
187050 3553 3530 
187100 3555 3509 
187150 3562 3491 
187200 3548 3467 
187250 3564 3484 
187300 3539 3463 
187350 3553 3469 
187400 3539 3429 
187450 3546 3410 
187500 3546 3407 
187550 3548 3490 
187600 3552 3538 
187650 3542 3537 
187700 3545 3544 
187750 3545 3539 
187800 3546 3547 
187850 3547 3545 
187900 3547 3548 
187950 3556 3539 
188000 3542 3540 
188050 3544 3527 
188100 3544 3489 
188150 3543 3471 
188200 3552 3503 
188250 3559 3513 
188300 3565 3519 
188350 3562 3519 
188400 3552 3485 
188450 3550 3479 
188500 3564 3468 
188550 3548 3545 
188600 3558 3549 
188650 3547 3544 
188700 3543 3541 
188750 3535 3538 
188800 3550 3540 
188850 3571 3567 
188900 3546 3538 
188950 3548 3545 
189000 3542 3538 
189050 3538 3523 
189100 3544 3495 
189150 3539 3469 
189200 3544 3433 
189250 3561 3438 
189300 3542 3412 
189350 3543 3376 
189400 3555 3330 
189450 3537 3265 
189500 3532 3220 
189550 3552 3456 
189600 3540 3517 
189650 3558 3555 
189700 3552 3547 
189750 3561 3564 
189800 3553 3547 
189850 3537 3538 
189900 3553 3546 
189950 3558 3557 
190000 3549 3545 
190050 3548 3546 
190100 3554 3529 
190150 3559 3510 
190200 3547 3485 
190250 3555 3456 
190300 3557 3448 
190350 3552 3427 
190400 3544 3401 
190450 3553 3378 
190500 3548 3322 
190550 3551 3484 
190600 3567 3562 
190650 3559 3554 
190700 3557 3549 
190750 3547 3548 
190800 3543 3528 
190850 3544 3546 
190900 3532 3531 
190950 3542 3533 
191000 3549 3550 
191050 3551 3533 
191100 3542 3510 
191150 3551 3498 
191200 3557 3478 
191250 3548 3405 
191300 3543 3376 
191350 3542 3369 
191400 3556 3358 
191450 3559 3295 
191500 3557 3305 
191550 3550 3482 
191600 3537 3536 
191650 3547 3539 
191700 3552 3552 
191750 3553 3555 
191800 3535 3524 
191850 3558 3549 
191900 3552 3551 
191950 3555 3544 
192000 3547 3548 
192050 3558 3559 
192100 3543 3517 
192150 3564 3521 
192200 3542 3487 
192250 3559 3472 
192300 3558 3423 
192350 3562 3371 
192400 3552 3348 
192450 3541 3263 
192500 3544 3221 
192550 3543 3436 
192600 3540 3524 
192650 3542 3537 
192700 3548 3543 
192750 3557 3548 
192800 3553 3547 
192850 3565 3555 
192900 3543 3540 
192950 3553 3548 
193000 3542 3543 
193050 3540 3525 
193100 3546 3499 
193150 3538 3476 
193200 3557 3483 
193250 3547 3452 
193300 3547 3432 
193350 3561 3415 
193400 3550 3334 
193450 3566 3283 
193500 3546 3226 
193550 3538 3431 
193600 3538 3519 
193650 3551 3540 
193700 3543 3543 
193750 3563 3560 
193800 3564 3557 
193850 3556 3549 
193900 3549 3547 
193950 3564 3561 
194000 3540 3530 
194050 3546 3541 
194100 3554 3530 
194150 3561 3508 
194200 3554 3466 
194250 3542 3422 
194300 3547 3375 
194350 3554 3363 
194400 3558 3325 
194450 3548 3246 
194500 3560 3225 
194550 3546 3437 
194600 3550 3525 
194650 3542 3539 
194700 3551 3542 
194750 3547 3538 
194800 3544 3542 
194850 3557 3556 
194900 3545 3540 
194950 3537 3536 
195000 3554 3546 
195050 3546 3533 
195100 3558 3508 
195150 3536 3468 
195200 3533 3427 
195250 3548 3416 
195300 3550 3379 
195350 3543 3385 
195400 3561 3391 
195450 3552 3348 
195500 3556 3362 
195550 3552 3500 
195600 3556 3550 
195650 3561 3550 
195700 3551 3539 
195750 3551 3548 
195800 3541 3531 
195850 3530 3524 
195900 3538 3539 
195950 3552 3555 
196000 3546 3543 
196050 3538 3533 
196100 3560 3510 
196150 3550 3467 
196200 3554 3455 
196250 3554 3453 
196300 3543 3403 
196350 3549 3379 
196400 3555 3383 
196450 3540 3343 
196500 3548 3332 
196550 3551 3473 
196600 3534 3520 
196650 3553 3542 
196700 3552 3557 
196750 3556 3548 
196800 3561 3554 
196850 3546 3541 
196900 3549 3545 
196950 3554 3549 
197000 3552 3547 
197050 3548 3549 
197100 3545 3530 
197150 3552 3509 
197200 3544 3484 
197250 3550 3451 
197300 3545 3417 
197350 3554 3389 
197400 3555 3390 
197450 3547 3353 
197500 3554 3327 
197550 3550 3478 
197600 3554 3553 
197650 3545 3539 
197700 3543 3550 
197750 3543 3542 
197800 3559 3563 
197850 3569 3571 
197900 3544 3539 
197950 3553 3551 
198000 3551 3549 
198050 3538 3541 
198100 3556 3545 
198150 3540 3496 
198200 3552 3451 
198250 3547 3461 
198300 3541 3452 
198350 3539 3456 
198400 3532 3431 
198450 3561 3419 
198500 3546 3369 
198550 3560 3521 
198600 3567 3572 
198650 3571 3568 
198700 3545 3548 
198750 3549 3551 
198800 3554 3553 
198850 3552 3545 
198900 3548 3542 
198950 3548 3544 
199000 3549 3547 
199050 3552 3532 
199100 3532 3503 
199150 3539 3495 
199200 3549 3504 
199250 3560 3493 
199300 3551 3464 
199350 3556 3462 
199400 3541 3467 
199450 3543 3463 
199500 3542 3450 
199550 3555 3521 
199600 3559 3556 
199650 3551 3553 
199700 3530 3526 
199750 3551 3557 
199800 3567 3561 
199850 3554 3552 
199900 3548 3541 
199950 3539 3535 
200000 3566 3557 
