# Avida tasks data
# Sat Apr  7 02:02:31 2012
# First column gives the current update, next columns give the number
# of organisms that have the particular task as a component of their merit
#  1: Update
#  2: Xor
#  3: Equals

0 0 0 
50 8 8 
100 34 34 
150 106 106 
200 234 234 
250 417 417 
300 646 646 
350 930 927 
400 1285 1282 
450 1679 1682 
500 2124 2124 
550 2662 2664 
600 3149 3148 
650 3413 3411 
700 3525 3525 
750 3541 3536 
800 3553 3547 
850 3513 3515 
900 3531 3529 
950 3526 3525 
1000 3543 3541 
1050 3553 3555 
1100 3538 3527 
1150 3554 3528 
1200 3544 3523 
1250 3531 3506 
1300 3555 3504 
1350 3543 3501 
1400 3545 3515 
1450 3541 3499 
1500 3528 3461 
1550 3529 3489 
1600 3540 3526 
1650 3526 3521 
1700 3548 3544 
1750 3540 3545 
1800 3535 3539 
1850 3544 3540 
1900 3536 3540 
1950 3546 3552 
2000 3546 3547 
2050 3551 3546 
2100 3548 3544 
2150 3546 3535 
2200 3536 3507 
2250 3515 3480 
2300 3538 3498 
2350 3547 3497 
2400 3536 3472 
2450 3557 3475 
2500 3541 3412 
2550 3538 3461 
2600 3529 3506 
2650 3540 3538 
2700 3526 3524 
2750 3545 3547 
2800 3561 3562 
2850 3535 3541 
2900 3535 3535 
2950 3559 3553 
3000 3535 3536 
3050 3529 3523 
3100 3553 3537 
3150 3559 3537 
3200 3537 3505 
3250 3545 3503 
3300 3551 3502 
3350 3553 3500 
3400 3538 3467 
3450 3554 3466 
3500 3558 3469 
3550 3542 3480 
3600 3538 3517 
3650 3525 3521 
3700 3540 3545 
3750 3548 3549 
3800 3553 3545 
3850 3552 3549 
3900 3534 3533 
3950 3565 3559 
4000 3558 3558 
4050 3559 3554 
4100 3540 3534 
4150 3538 3528 
4200 3529 3522 
4250 3545 3535 
4300 3536 3523 
4350 3537 3521 
4400 3532 3525 
4450 3546 3534 
4500 3553 3524 
4550 3537 3523 
4600 3544 3538 
4650 3531 3537 
4700 3547 3544 
4750 3547 3551 
4800 3539 3541 
4850 3541 3540 
4900 3537 3538 
4950 3534 3531 
5000 3550 3554 
5050 3542 3538 
5100 3545 3533 
5150 3543 3518 
5200 3529 3475 
5250 3526 3457 
5300 3545 3468 
5350 3551 3452 
5400 3546 3429 
5450 3554 3429 
5500 3536 3412 
5550 3540 3467 
5600 3559 3519 
5650 3556 3547 
5700 3539 3532 
5750 3554 3550 
5800 3556 3550 
5850 3539 3540 
5900 3550 3547 
5950 3540 3543 
6000 3551 3548 
6050 3544 3537 
6100 3539 3533 
6150 3546 3528 
6200 3534 3498 
6250 3543 3513 
6300 3557 3518 
6350 3539 3512 
6400 3542 3497 
6450 3546 3506 
6500 3533 3496 
6550 3540 3520 
6600 3546 3546 
6650 3549 3546 
6700 3548 3547 
6750 3558 3559 
6800 3538 3541 
6850 3540 3542 
6900 3562 3561 
6950 3547 3549 
7000 3548 3547 
7050 3543 3543 
7100 3548 3541 
7150 3553 3542 
7200 3550 3539 
7250 3563 3547 
7300 3558 3529 
7350 3543 3497 
7400 3541 3494 
7450 3539 3504 
7500 3540 3481 
7550 3549 3511 
7600 3540 3525 
7650 3521 3517 
7700 3528 3530 
7750 3553 3552 
7800 3539 3540 
7850 3539 3538 
7900 3547 3545 
7950 3543 3545 
8000 3549 3551 
8050 3549 3547 
8100 3546 3547 
8150 3525 3521 
8200 3536 3534 
8250 3543 3545 
8300 3532 3529 
8350 3522 3519 
8400 3550 3522 
8450 3541 3512 
8500 3528 3493 
8550 3543 3511 
8600 3540 3523 
8650 3547 3542 
8700 3544 3542 
8750 3541 3544 
8800 3536 3536 
8850 3545 3545 
8900 3541 3542 
8950 3540 3541 
9000 3550 3550 
9050 3547 3552 
9100 3554 3546 
9150 3537 3509 
9200 3531 3493 
9250 3543 3503 
9300 3541 3502 
9350 3537 3485 
9400 3541 3457 
9450 3537 3426 
9500 3545 3439 
9550 3539 3477 
9600 3552 3528 
9650 3546 3543 
9700 3551 3555 
9750 3554 3553 
9800 3529 3539 
9850 3545 3542 
9900 3536 3536 
9950 3546 3547 
10000 3537 3539 
10050 3537 3546 
10100 3547 3539 
10150 3534 3514 
10200 3534 3510 
10250 3552 3511 
10300 3543 3486 
10350 3537 3474 
10400 3536 3469 
10450 3542 3469 
10500 3542 3435 
10550 3546 3490 
10600 3546 3533 
10650 3543 3543 
10700 3532 3537 
10750 3547 3544 
10800 3546 3546 
10850 3542 3536 
10900 3552 3551 
10950 3541 3543 
11000 3546 3545 
11050 3530 3535 
11100 3551 3540 
11150 3549 3523 
11200 3547 3516 
11250 3531 3491 
11300 3547 3506 
11350 3544 3481 
11400 3557 3513 
11450 3539 3491 
11500 3549 3505 
11550 3533 3508 
11600 3558 3556 
11650 3549 3545 
11700 3550 3551 
11750 3533 3534 
11800 3541 3529 
11850 3537 3538 
11900 3544 3544 
11950 3547 3541 
12000 3554 3553 
12050 3542 3548 
12100 3552 3553 
12150 3549 3552 
12200 3531 3533 
12250 3546 3545 
12300 3545 3532 
12350 3550 3519 
12400 3553 3507 
12450 3542 3494 
12500 3535 3490 
12550 3530 3504 
12600 3550 3545 
12650 3527 3523 
12700 3530 3532 
12750 3561 3562 
12800 3533 3531 
12850 3532 3534 
12900 3542 3542 
12950 3546 3544 
13000 3551 3551 
13050 3541 3551 
13100 3556 3545 
13150 3555 3541 
13200 3544 3522 
13250 3550 3514 
13300 3531 3476 
13350 3556 3482 
13400 3545 3443 
13450 3540 3426 
13500 3551 3439 
13550 3552 3479 
13600 3547 3518 
13650 3540 3524 
13700 3542 3545 
13750 3539 3537 
13800 3545 3544 
13850 3560 3561 
13900 3542 3538 
13950 3545 3543 
14000 3523 3527 
14050 3528 3532 
14100 3544 3527 
14150 3550 3523 
14200 3536 3506 
14250 3543 3507 
14300 3553 3471 
14350 3556 3474 
14400 3524 3437 
14450 3541 3467 
14500 3550 3447 
14550 3546 3496 
14600 3539 3521 
14650 3557 3555 
14700 3545 3540 
14750 3537 3541 
14800 3535 3532 
14850 3531 3545 
14900 3552 3553 
14950 3546 3538 
15000 3564 3562 
15050 3540 3545 
15100 3558 3548 
15150 3542 3536 
15200 3543 3523 
15250 3538 3528 
15300 3537 3521 
15350 3547 3518 
15400 3564 3507 
15450 3541 3492 
15500 3557 3499 
15550 3533 3500 
15600 3526 3521 
15650 3530 3535 
15700 3542 3546 
15750 3553 3553 
15800 3537 3539 
15850 3553 3552 
15900 3544 3549 
15950 3519 3511 
16000 3526 3524 
16050 3532 3532 
16100 3548 3543 
16150 3547 3516 
16200 3544 3508 
16250 3550 3502 
16300 3559 3517 
16350 3551 3492 
16400 3544 3460 
16450 3545 3442 
16500 3568 3439 
16550 3548 3480 
16600 3532 3515 
16650 3545 3532 
16700 3559 3554 
16750 3537 3533 
16800 3541 3543 
16850 3548 3544 
16900 3543 3542 
16950 3544 3545 
17000 3557 3556 
17050 3540 3549 
17100 3569 3559 
17150 3550 3536 
17200 3539 3507 
17250 3550 3491 
17300 3550 3492 
17350 3526 3457 
17400 3544 3490 
17450 3548 3483 
17500 3555 3469 
17550 3556 3513 
17600 3537 3531 
17650 3544 3553 
17700 3551 3552 
17750 3540 3536 
17800 3563 3562 
17850 3561 3560 
17900 3559 3554 
17950 3545 3545 
18000 3556 3557 
18050 3545 3548 
18100 3545 3537 
18150 3548 3536 
18200 3540 3522 
18250 3560 3515 
18300 3546 3482 
18350 3545 3477 
18400 3546 3476 
18450 3548 3449 
18500 3551 3414 
18550 3564 3477 
18600 3528 3498 
18650 3532 3519 
18700 3546 3537 
18750 3547 3542 
18800 3551 3546 
18850 3547 3548 
18900 3528 3526 
18950 3566 3564 
19000 3544 3546 
19050 3533 3530 
19100 3553 3547 
19150 3548 3541 
19200 3554 3540 
19250 3558 3518 
19300 3543 3495 
19350 3534 3454 
19400 3535 3445 
19450 3542 3445 
19500 3553 3445 
19550 3533 3476 
19600 3534 3519 
19650 3542 3528 
19700 3546 3550 
19750 3544 3546 
19800 3540 3534 
19850 3533 3531 
19900 3555 3557 
19950 3546 3541 
20000 3547 3545 
20050 3552 3554 
20100 3565 3551 
20150 3557 3525 
20200 3546 3520 
20250 3552 3518 
20300 3564 3528 
20350 3554 3487 
20400 3549 3447 
20450 3549 3414 
20500 3554 3425 
20550 3520 3451 
20600 3535 3509 
20650 3532 3534 
20700 3539 3536 
20750 3548 3549 
20800 3557 3558 
20850 3547 3545 
20900 3530 3536 
20950 3543 3544 
21000 3518 3522 
21050 3554 3551 
21100 3560 3543 
21150 3544 3519 
21200 3554 3533 
21250 3550 3523 
21300 3537 3489 
21350 3550 3513 
21400 3552 3499 
21450 3551 3484 
21500 3568 3488 
21550 3527 3472 
21600 3552 3522 
21650 3559 3546 
21700 3555 3553 
21750 3541 3544 
21800 3544 3545 
21850 3534 3534 
21900 3546 3546 
21950 3544 3545 
22000 3538 3534 
22050 3539 3538 
22100 3547 3522 
22150 3520 3484 
22200 3528 3483 
22250 3541 3487 
22300 3544 3495 
22350 3554 3502 
22400 3556 3500 
22450 3543 3484 
22500 3536 3486 
22550 3538 3503 
22600 3549 3541 
22650 3542 3541 
22700 3549 3551 
22750 3537 3540 
22800 3533 3539 
22850 3535 3536 
22900 3533 3527 
22950 3545 3539 
23000 3539 3534 
23050 3532 3529 
23100 3565 3548 
23150 3533 3506 
23200 3553 3523 
23250 3542 3505 
23300 3527 3474 
23350 3544 3469 
23400 3554 3455 
23450 3543 3451 
23500 3535 3427 
23550 3529 3481 
23600 3523 3504 
23650 3542 3534 
23700 3547 3542 
23750 3542 3542 
23800 3544 3545 
23850 3551 3552 
23900 3545 3550 
23950 3549 3549 
24000 3555 3560 
24050 3552 3548 
24100 3552 3541 
24150 3522 3514 
24200 3547 3527 
24250 3536 3504 
24300 3548 3508 
24350 3534 3465 
24400 3538 3480 
24450 3553 3489 
24500 3524 3442 
24550 3547 3506 
24600 3546 3531 
24650 3543 3540 
24700 3536 3536 
24750 3546 3544 
24800 3529 3530 
24850 3536 3537 
24900 3545 3547 
24950 3539 3542 
25000 3543 3545 
25050 3538 3549 
25100 3546 3535 
25150 3548 3528 
25200 3555 3536 
25250 3553 3519 
25300 3538 3492 
25350 3545 3481 
25400 3544 3475 
25450 3543 3459 
25500 3556 3460 
25550 3533 3483 
25600 3540 3517 
25650 3539 3529 
25700 3545 3543 
25750 3524 3531 
25800 3544 3549 
25850 3553 3554 
25900 3545 3540 
25950 3532 3539 
26000 3547 3549 
26050 3561 3554 
26100 3548 3524 
26150 3531 3505 
26200 3544 3501 
26250 3539 3489 
26300 3543 3483 
26350 3541 3456 
26400 3538 3440 
26450 3528 3449 
26500 3532 3462 
26550 3523 3474 
26600 3525 3514 
26650 3559 3551 
26700 3543 3538 
26750 3537 3540 
26800 3544 3540 
26850 3549 3546 
26900 3549 3545 
26950 3549 3557 
27000 3547 3549 
27050 3521 3523 
27100 3545 3536 
27150 3548 3524 
27200 3544 3498 
27250 3560 3494 
27300 3551 3471 
27350 3532 3462 
27400 3547 3481 
27450 3533 3462 
27500 3530 3455 
27550 3535 3493 
27600 3539 3535 
27650 3537 3533 
27700 3553 3554 
27750 3536 3540 
27800 3558 3559 
27850 3545 3549 
27900 3549 3554 
27950 3555 3551 
28000 3542 3543 
28050 3534 3537 
28100 3552 3543 
28150 3533 3518 
28200 3544 3517 
28250 3542 3505 
28300 3540 3499 
28350 3550 3499 
28400 3521 3476 
28450 3534 3476 
28500 3545 3480 
28550 3540 3497 
28600 3543 3524 
28650 3556 3552 
28700 3523 3526 
28750 3543 3545 
28800 3550 3551 
28850 3546 3547 
28900 3533 3530 
28950 3541 3547 
29000 3545 3548 
29050 3539 3544 
29100 3541 3531 
29150 3542 3522 
29200 3552 3532 
29250 3565 3529 
29300 3550 3514 
29350 3537 3502 
29400 3549 3510 
29450 3555 3508 
29500 3558 3510 
29550 3549 3510 
29600 3533 3515 
29650 3548 3543 
29700 3542 3544 
29750 3527 3528 
29800 3535 3530 
29850 3545 3541 
29900 3529 3530 
29950 3554 3548 
30000 3540 3537 
30050 3545 3542 
30100 3539 3529 
30150 3537 3520 
30200 3546 3515 
30250 3539 3505 
30300 3526 3507 
30350 3528 3492 
30400 3541 3476 
30450 3543 3473 
30500 3546 3479 
30550 3541 3506 
30600 3554 3540 
30650 3544 3542 
30700 3545 3539 
30750 3548 3549 
30800 3561 3553 
30850 3546 3546 
30900 3544 3546 
30950 3546 3544 
31000 3548 3545 
31050 3539 3526 
31100 3541 3511 
31150 3517 3481 
31200 3538 3489 
31250 3535 3469 
31300 3561 3470 
31350 3551 3468 
31400 3548 3454 
31450 3539 3421 
31500 3546 3436 
31550 3545 3494 
31600 3552 3536 
31650 3550 3537 
31700 3552 3554 
31750 3538 3539 
31800 3546 3550 
31850 3531 3531 
31900 3551 3550 
31950 3543 3545 
32000 3551 3554 
32050 3543 3541 
32100 3549 3534 
32150 3537 3525 
32200 3547 3527 
32250 3560 3537 
32300 3543 3518 
32350 3541 3514 
32400 3543 3509 
32450 3531 3491 
32500 3526 3476 
32550 3547 3536 
32600 3544 3541 
32650 3550 3552 
32700 3537 3537 
32750 3551 3555 
32800 3559 3561 
32850 3547 3552 
32900 3546 3545 
32950 3540 3539 
33000 3542 3540 
33050 3546 3538 
33100 3546 3517 
33150 3541 3512 
33200 3567 3534 
33250 3531 3488 
33300 3533 3492 
33350 3542 3497 
33400 3540 3484 
33450 3552 3496 
33500 3536 3453 
33550 3548 3484 
33600 3549 3530 
33650 3540 3540 
33700 3548 3546 
33750 3549 3554 
33800 3546 3548 
33850 3556 3555 
33900 3550 3551 
33950 3550 3547 
34000 3546 3547 
34050 3554 3556 
34100 3545 3530 
34150 3546 3524 
34200 3540 3520 
34250 3545 3512 
34300 3556 3533 
34350 3537 3507 
34400 3523 3496 
34450 3534 3506 
34500 3546 3522 
34550 3543 3521 
34600 3549 3540 
34650 3544 3544 
34700 3543 3546 
34750 3551 3547 
34800 3545 3546 
34850 3541 3548 
34900 3557 3558 
34950 3549 3551 
35000 3565 3558 
35050 3552 3553 
35100 3548 3536 
35150 3527 3497 
35200 3561 3521 
35250 3547 3509 
35300 3541 3504 
35350 3529 3486 
35400 3535 3497 
35450 3553 3513 
35500 3547 3513 
35550 3545 3524 
35600 3547 3541 
35650 3556 3550 
35700 3547 3536 
35750 3534 3541 
35800 3534 3534 
35850 3531 3540 
35900 3554 3554 
35950 3544 3540 
36000 3530 3531 
36050 3533 3530 
36100 3559 3541 
36150 3540 3531 
36200 3561 3530 
36250 3546 3525 
36300 3536 3511 
36350 3549 3522 
36400 3551 3528 
36450 3540 3503 
36500 3539 3497 
36550 3537 3510 
36600 3535 3533 
36650 3542 3539 
36700 3534 3537 
36750 3548 3544 
36800 3537 3539 
36850 3545 3546 
36900 3558 3557 
36950 3531 3531 
37000 3558 3554 
37050 3530 3530 
37100 3552 3534 
37150 3527 3485 
37200 3553 3501 
37250 3564 3490 
37300 3536 3461 
37350 3556 3480 
37400 3559 3454 
37450 3556 3435 
37500 3558 3418 
37550 3533 3475 
37600 3547 3527 
37650 3531 3524 
37700 3542 3539 
37750 3538 3534 
37800 3547 3556 
37850 3528 3521 
37900 3535 3533 
37950 3548 3543 
38000 3548 3544 
38050 3550 3547 
38100 3551 3527 
38150 3544 3496 
38200 3558 3493 
38250 3545 3501 
38300 3545 3508 
38350 3555 3520 
38400 3544 3493 
38450 3529 3459 
38500 3544 3489 
38550 3541 3511 
38600 3536 3510 
38650 3542 3533 
38700 3550 3552 
38750 3543 3540 
38800 3546 3547 
38850 3551 3548 
38900 3544 3541 
38950 3549 3560 
39000 3543 3546 
39050 3537 3544 
39100 3565 3553 
39150 3548 3537 
39200 3562 3532 
39250 3548 3526 
39300 3557 3537 
39350 3549 3538 
39400 3549 3525 
39450 3521 3501 
39500 3547 3517 
39550 3532 3527 
39600 3546 3538 
39650 3550 3547 
39700 3559 3553 
39750 3555 3556 
39800 3552 3545 
39850 3539 3540 
39900 3538 3541 
39950 3554 3552 
40000 3545 3547 
40050 3552 3548 
40100 3557 3523 
40150 3553 3521 
40200 3550 3499 
40250 3537 3475 
40300 3564 3478 
40350 3540 3454 
40400 3561 3460 
40450 3555 3436 
40500 3545 3418 
40550 3541 3472 
40600 3541 3530 
40650 3554 3553 
40700 3540 3536 
40750 3539 3535 
40800 3550 3541 
40850 3552 3542 
40900 3541 3547 
40950 3545 3545 
41000 3543 3538 
41050 3538 3546 
41100 3546 3520 
41150 3548 3522 
41200 3559 3520 
41250 3542 3492 
41300 3551 3484 
41350 3544 3476 
41400 3536 3452 
41450 3537 3445 
41500 3538 3446 
41550 3550 3524 
41600 3549 3537 
41650 3535 3528 
41700 3543 3535 
41750 3537 3525 
41800 3547 3537 
41850 3563 3559 
41900 3538 3530 
41950 3562 3551 
42000 3544 3536 
42050 3536 3533 
42100 3525 3506 
42150 3519 3481 
42200 3544 3505 
42250 3529 3471 
42300 3537 3442 
42350 3557 3453 
42400 3550 3408 
42450 3544 3404 
42500 3551 3367 
42550 3544 3425 
42600 3540 3489 
42650 3533 3521 
42700 3549 3534 
42750 3559 3547 
42800 3543 3531 
42850 3547 3542 
42900 3547 3545 
42950 3553 3549 
43000 3542 3541 
43050 3544 3543 
43100 3560 3548 
43150 3551 3515 
43200 3550 3483 
43250 3546 3470 
43300 3547 3450 
43350 3557 3428 
43400 3553 3418 
43450 3553 3404 
43500 3553 3413 
43550 3553 3472 
43600 3552 3523 
43650 3555 3540 
43700 3551 3544 
43750 3564 3555 
43800 3554 3547 
43850 3544 3520 
43900 3546 3537 
43950 3550 3546 
44000 3546 3540 
44050 3544 3519 
44100 3544 3512 
44150 3551 3508 
44200 3556 3502 
44250 3561 3491 
44300 3545 3469 
44350 3563 3433 
44400 3551 3405 
44450 3554 3358 
44500 3538 3293 
44550 3546 3393 
44600 3548 3494 
44650 3551 3524 
44700 3552 3537 
44750 3538 3529 
44800 3554 3536 
44850 3561 3546 
44900 3551 3535 
44950 3559 3555 
45000 3556 3546 
45050 3544 3518 
45100 3549 3510 
45150 3537 3468 
45200 3555 3467 
45250 3537 3439 
45300 3536 3378 
45350 3536 3321 
45400 3550 3346 
45450 3561 3346 
45500 3558 3337 
45550 3547 3439 
45600 3554 3513 
45650 3551 3537 
45700 3569 3561 
45750 3557 3546 
45800 3548 3531 
45850 3539 3528 
45900 3551 3526 
45950 3546 3522 
46000 3564 3547 
46050 3551 3533 
46100 3563 3530 
46150 3540 3478 
46200 3554 3480 
46250 3550 3464 
46300 3554 3462 
46350 3553 3435 
46400 3554 3402 
46450 3555 3399 
46500 3542 3357 
46550 3548 3442 
46600 3543 3508 
46650 3546 3525 
46700 3553 3544 
46750 3561 3555 
46800 3552 3541 
46850 3567 3555 
46900 3556 3544 
46950 3546 3539 
47000 3553 3546 
47050 3551 3535 
47100 3558 3520 
47150 3552 3481 
47200 3558 3468 
47250 3549 3434 
47300 3555 3430 
47350 3545 3428 
47400 3545 3437 
47450 3555 3453 
47500 3541 3445 
47550 3558 3515 
47600 3548 3528 
47650 3550 3540 
47700 3541 3532 
47750 3541 3537 
47800 3543 3532 
47850 3556 3544 
47900 3552 3539 
47950 3558 3547 
48000 3563 3549 
48050 3559 3530 
48100 3559 3474 
48150 3558 3419 
48200 3536 3373 
48250 3558 3376 
48300 3548 3319 
48350 3551 3291 
48400 3555 3320 
48450 3556 3284 
48500 3564 3245 
48550 3552 3401 
48600 3557 3501 
48650 3543 3526 
48700 3549 3533 
48750 3571 3552 
48800 3569 3564 
48850 3557 3544 
48900 3549 3545 
48950 3548 3537 
49000 3564 3547 
49050 3561 3523 
49100 3565 3512 
49150 3549 3473 
49200 3564 3454 
49250 3562 3406 
49300 3557 3368 
49350 3563 3338 
49400 3553 3311 
49450 3556 3333 
49500 3570 3327 
49550 3555 3443 
49600 3565 3511 
49650 3562 3537 
49700 3556 3548 
49750 3561 3544 
49800 3564 3548 
49850 3572 3571 
49900 3573 3562 
49950 3560 3548 
50000 3539 3532 
50050 3544 3514 
50100 3560 3436 
50150 3554 3353 
50200 3549 3300 
50250 3557 3255 
50300 3556 3260 
50350 3560 3282 
50400 3566 3233 
50450 3564 3193 
50500 3577 3151 
50550 3561 3442 
50600 3547 3529 
50650 3547 3525 
50700 3560 3553 
50750 3565 3552 
50800 3553 3543 
50850 3552 3543 
50900 3549 3541 
50950 3549 3539 
51000 3555 3544 
51050 3559 3536 
51100 3558 3503 
51150 3560 3483 
51200 3563 3454 
51250 3568 3371 
51300 3557 3341 
51350 3567 3325 
51400 3556 3247 
51450 3559 3219 
51500 3562 3177 
51550 3558 3444 
51600 3567 3548 
51650 3545 3532 
51700 3559 3547 
51750 3557 3542 
51800 3543 3529 
51850 3560 3546 
51900 3549 3536 
51950 3567 3553 
52000 3565 3549 
52050 3555 3530 
52100 3562 3513 
52150 3568 3436 
52200 3558 3398 
52250 3563 3372 
52300 3562 3333 
52350 3559 3266 
52400 3565 3278 
52450 3560 3270 
52500 3545 3225 
52550 3555 3456 
52600 3567 3543 
52650 3569 3559 
52700 3551 3548 
52750 3554 3551 
52800 3570 3555 
52850 3553 3542 
52900 3566 3554 
52950 3563 3556 
53000 3557 3539 
53050 3550 3511 
53100 3563 3463 
53150 3558 3431 
53200 3553 3414 
53250 3548 3388 
53300 3546 3363 
53350 3568 3355 
53400 3556 3275 
53450 3559 3218 
53500 3556 3199 
53550 3549 3450 
53600 3566 3540 
53650 3565 3555 
53700 3564 3545 
53750 3562 3553 
53800 3550 3542 
53850 3567 3559 
53900 3558 3549 
53950 3543 3535 
54000 3556 3548 
54050 3577 3520 
54100 3560 3440 
54150 3561 3403 
54200 3568 3366 
54250 3559 3353 
54300 3548 3275 
54350 3545 3261 
54400 3564 3156 
54450 3547 3069 
54500 3566 3106 
54550 3551 3425 
54600 3573 3544 
54650 3567 3569 
54700 3574 3564 
54750 3567 3554 
54800 3552 3545 
54850 3549 3546 
54900 3561 3545 
54950 3553 3539 
55000 3561 3552 
55050 3581 3548 
55100 3569 3480 
55150 3557 3410 
55200 3556 3360 
55250 3566 3357 
55300 3561 3304 
55350 3552 3269 
55400 3548 3265 
55450 3562 3265 
55500 3570 3248 
55550 3557 3471 
55600 3538 3519 
55650 3554 3548 
55700 3549 3529 
55750 3547 3545 
55800 3553 3543 
55850 3559 3545 
55900 3561 3541 
55950 3552 3526 
56000 3545 3535 
56050 3559 3523 
56100 3554 3494 
56150 3568 3459 
56200 3567 3408 
56250 3565 3339 
56300 3564 3278 
56350 3570 3216 
56400 3568 3192 
56450 3559 3167 
56500 3556 3120 
56550 3571 3436 
56600 3561 3525 
56650 3558 3544 
56700 3566 3553 
56750 3564 3549 
56800 3550 3538 
56850 3572 3561 
56900 3565 3550 
56950 3558 3544 
57000 3562 3543 
57050 3569 3544 
57100 3551 3486 
57150 3553 3434 
57200 3557 3470 
57250 3572 3448 
57300 3564 3438 
57350 3568 3385 
57400 3550 3374 
57450 3579 3371 
57500 3548 3333 
57550 3565 3487 
57600 3562 3548 
57650 3567 3564 
57700 3560 3552 
57750 3567 3541 
57800 3566 3537 
57850 3579 3558 
57900 3556 3543 
57950 3540 3528 
58000 3564 3558 
58050 3569 3534 
58100 3555 3462 
58150 3564 3411 
58200 3565 3344 
58250 3569 3352 
58300 3563 3345 
58350 3542 3290 
58400 3555 3248 
58450 3561 3166 
58500 3563 3160 
58550 3561 3449 
58600 3567 3552 
58650 3570 3556 
58700 3550 3557 
58750 3564 3553 
58800 3557 3546 
58850 3547 3551 
58900 3570 3553 
58950 3562 3549 
59000 3557 3558 
59050 3558 3538 
59100 3566 3517 
59150 3555 3470 
59200 3558 3411 
59250 3563 3414 
59300 3548 3358 
59350 3560 3335 
59400 3558 3269 
59450 3548 3275 
59500 3546 3230 
59550 3549 3451 
59600 3564 3550 
59650 3551 3530 
59700 3561 3538 
59750 3565 3551 
59800 3555 3541 
59850 3557 3549 
59900 3559 3556 
59950 3548 3539 
60000 3569 3548 
60050 3559 3526 
60100 3561 3478 
60150 3547 3443 
60200 3567 3423 
60250 3568 3418 
60300 3557 3354 
60350 3557 3343 
60400 3577 3303 
60450 3562 3292 
60500 3565 3274 
60550 3544 3438 
60600 3559 3535 
60650 3552 3542 
60700 3565 3559 
60750 3546 3535 
60800 3559 3549 
60850 3555 3536 
60900 3557 3548 
60950 3567 3555 
61000 3557 3547 
61050 3558 3524 
61100 3574 3495 
61150 3556 3461 
61200 3564 3428 
61250 3555 3387 
61300 3568 3335 
61350 3564 3293 
61400 3555 3271 
61450 3553 3270 
61500 3583 3233 
61550 3559 3466 
61600 3544 3520 
61650 3559 3548 
61700 3572 3561 
61750 3562 3554 
61800 3562 3542 
61850 3569 3555 
61900 3552 3540 
61950 3560 3551 
62000 3562 3550 
62050 3555 3509 
62100 3563 3500 
62150 3568 3436 
62200 3536 3395 
62250 3545 3427 
62300 3563 3442 
62350 3559 3420 
62400 3559 3383 
62450 3548 3327 
62500 3560 3319 
62550 3551 3472 
62600 3557 3548 
62650 3554 3558 
62700 3559 3553 
62750 3552 3543 
62800 3560 3547 
62850 3570 3562 
62900 3551 3530 
62950 3547 3530 
63000 3558 3547 
63050 3572 3532 
63100 3568 3472 
63150 3560 3439 
63200 3560 3415 
63250 3555 3331 
63300 3564 3291 
63350 3558 3279 
63400 3564 3269 
63450 3558 3240 
63500 3564 3189 
63550 3548 3462 
63600 3555 3541 
63650 3564 3551 
63700 3566 3557 
63750 3554 3542 
63800 3555 3551 
63850 3563 3548 
63900 3563 3533 
63950 3565 3555 
64000 3568 3562 
64050 3565 3546 
64100 3549 3482 
64150 3549 3424 
64200 3571 3452 
64250 3566 3428 
64300 3547 3375 
64350 3565 3343 
64400 3556 3266 
64450 3555 3210 
64500 3563 3160 
64550 3562 3425 
64600 3558 3540 
64650 3550 3538 
64700 3558 3554 
64750 3572 3562 
64800 3575 3571 
64850 3561 3552 
64900 3568 3553 
64950 3558 3545 
65000 3560 3554 
65050 3570 3530 
65100 3560 3476 
65150 3557 3441 
65200 3566 3373 
65250 3556 3348 
65300 3554 3294 
65350 3540 3244 
65400 3568 3125 
65450 3564 3108 
65500 3570 3041 
65550 3551 3392 
65600 3553 3527 
65650 3543 3537 
65700 3568 3549 
65750 3556 3550 
65800 3561 3545 
65850 3571 3574 
65900 3558 3556 
65950 3564 3560 
66000 3567 3561 
66050 3578 3549 
66100 3548 3477 
66150 3570 3471 
66200 3565 3419 
66250 3562 3382 
66300 3552 3327 
66350 3546 3272 
66400 3546 3198 
66450 3566 3196 
66500 3546 3126 
66550 3560 3415 
66600 3568 3543 
66650 3550 3548 
66700 3558 3551 
66750 3548 3531 
66800 3566 3555 
66850 3571 3558 
66900 3566 3557 
66950 3556 3546 
67000 3564 3557 
67050 3561 3531 
67100 3564 3519 
67150 3561 3450 
67200 3561 3439 
67250 3557 3423 
67300 3557 3376 
67350 3565 3326 
67400 3565 3348 
67450 3558 3286 
67500 3547 3241 
67550 3550 3461 
67600 3562 3551 
67650 3566 3563 
67700 3561 3555 
67750 3548 3536 
67800 3564 3563 
67850 3562 3557 
67900 3563 3548 
67950 3571 3555 
68000 3575 3568 
68050 3561 3556 
68100 3559 3522 
68150 3548 3473 
68200 3566 3496 
68250 3548 3412 
68300 3562 3402 
68350 3540 3336 
68400 3558 3323 
68450 3571 3295 
68500 3560 3232 
68550 3563 3438 
68600 3545 3520 
68650 3555 3545 
68700 3569 3549 
68750 3569 3555 
68800 3562 3545 
68850 3562 3556 
68900 3552 3548 
68950 3556 3538 
69000 3553 3547 
69050 3559 3534 
69100 3553 3494 
69150 3544 3449 
69200 3555 3416 
69250 3559 3424 
69300 3571 3422 
69350 3556 3375 
69400 3570 3338 
69450 3556 3318 
69500 3547 3309 
69550 3545 3442 
69600 3568 3547 
69650 3565 3551 
69700 3550 3544 
69750 3564 3549 
69800 3561 3557 
69850 3557 3540 
69900 3568 3559 
69950 3556 3553 
70000 3552 3542 
70050 3557 3532 
70100 3567 3521 
70150 3566 3506 
70200 3558 3439 
70250 3561 3395 
70300 3567 3357 
70350 3554 3303 
70400 3565 3271 
70450 3555 3183 
70500 3563 3137 
70550 3564 3451 
70600 3561 3510 
70650 3565 3559 
70700 3561 3542 
70750 3550 3538 
70800 3556 3545 
70850 3571 3561 
70900 3556 3546 
70950 3555 3538 
71000 3544 3537 
71050 3571 3527 
71100 3556 3497 
71150 3560 3459 
71200 3577 3444 
71250 3550 3380 
71300 3567 3381 
71350 3563 3369 
71400 3558 3335 
71450 3545 3273 
71500 3580 3198 
71550 3563 3453 
71600 3549 3529 
71650 3558 3554 
71700 3561 3554 
71750 3561 3555 
71800 3555 3538 
71850 3565 3555 
71900 3570 3566 
71950 3567 3560 
72000 3564 3555 
72050 3564 3538 
72100 3550 3474 
72150 3556 3428 
72200 3538 3386 
72250 3563 3381 
72300 3565 3362 
72350 3545 3315 
72400 3563 3236 
72450 3566 3229 
72500 3552 3178 
72550 3560 3476 
72600 3559 3540 
72650 3565 3553 
72700 3562 3557 
72750 3558 3551 
72800 3565 3550 
72850 3568 3549 
72900 3561 3552 
72950 3575 3561 
73000 3566 3557 
73050 3557 3540 
73100 3572 3528 
73150 3577 3494 
73200 3553 3424 
73250 3567 3393 
73300 3567 3388 
73350 3552 3330 
73400 3541 3230 
73450 3570 3282 
73500 3558 3248 
73550 3559 3481 
73600 3570 3556 
73650 3563 3544 
73700 3563 3544 
73750 3565 3556 
73800 3569 3557 
73850 3568 3561 
73900 3562 3558 
73950 3567 3560 
74000 3562 3551 
74050 3568 3537 
74100 3560 3488 
74150 3554 3453 
74200 3555 3443 
74250 3557 3361 
74300 3548 3338 
74350 3568 3332 
74400 3561 3338 
74450 3559 3258 
74500 3552 3210 
74550 3558 3458 
74600 3541 3522 
74650 3568 3560 
74700 3564 3548 
74750 3557 3545 
74800 3558 3551 
74850 3553 3541 
74900 3553 3548 
74950 3553 3544 
75000 3550 3536 
75050 3555 3531 
75100 3561 3476 
75150 3569 3428 
75200 3566 3408 
75250 3563 3356 
75300 3554 3331 
75350 3555 3273 
75400 3555 3240 
75450 3562 3191 
75500 3553 3135 
75550 3548 3398 
75600 3554 3516 
75650 3554 3538 
75700 3555 3539 
75750 3555 3547 
75800 3552 3547 
75850 3555 3545 
75900 3561 3543 
75950 3552 3544 
76000 3570 3555 
76050 3561 3529 
76100 3564 3508 
76150 3552 3456 
76200 3566 3444 
76250 3567 3425 
76300 3569 3459 
76350 3565 3410 
76400 3548 3400 
76450 3556 3437 
76500 3558 3430 
76550 3555 3518 
76600 3555 3533 
76650 3559 3541 
76700 3567 3552 
76750 3555 3550 
76800 3562 3551 
76850 3571 3564 
76900 3568 3553 
76950 3546 3528 
77000 3560 3544 
77050 3564 3537 
77100 3555 3502 
77150 3552 3454 
77200 3557 3407 
77250 3557 3354 
77300 3560 3285 
77350 3566 3275 
77400 3563 3271 
77450 3554 3196 
77500 3555 3148 
77550 3563 3442 
77600 3562 3537 
77650 3563 3548 
77700 3544 3531 
77750 3556 3549 
77800 3565 3546 
77850 3553 3533 
77900 3541 3535 
77950 3547 3537 
78000 3565 3543 
78050 3557 3506 
78100 3557 3485 
78150 3549 3468 
78200 3557 3442 
78250 3563 3359 
78300 3556 3362 
78350 3553 3335 
78400 3556 3260 
78450 3563 3182 
78500 3570 3159 
78550 3563 3457 
78600 3570 3552 
78650 3565 3543 
78700 3569 3556 
78750 3558 3539 
78800 3563 3546 
78850 3563 3545 
78900 3553 3542 
78950 3574 3557 
79000 3573 3555 
79050 3560 3517 
79100 3550 3437 
79150 3555 3423 
79200 3566 3407 
79250 3557 3315 
79300 3573 3238 
79350 3564 3195 
79400 3547 3134 
79450 3563 3116 
79500 3565 3104 
79550 3561 3420 
79600 3553 3521 
79650 3555 3546 
79700 3556 3537 
79750 3550 3533 
79800 3561 3552 
79850 3558 3544 
79900 3563 3550 
79950 3560 3538 
80000 3572 3551 
80050 3555 3523 
80100 3547 3479 
80150 3533 3418 
80200 3548 3373 
80250 3555 3324 
80300 3572 3299 
80350 3572 3307 
80400 3552 3202 
80450 3556 3175 
80500 3557 3154 
80550 3554 3444 
80600 3565 3544 
80650 3563 3548 
80700 3563 3545 
80750 3556 3541 
80800 3567 3559 
80850 3571 3551 
80900 3546 3536 
80950 3561 3550 
81000 3554 3535 
81050 3567 3513 
81100 3543 3444 
81150 3552 3378 
81200 3562 3332 
81250 3569 3323 
81300 3551 3299 
81350 3566 3287 
81400 3577 3212 
81450 3575 3084 
81500 3566 3081 
81550 3565 3410 
81600 3563 3528 
81650 3558 3540 
81700 3559 3539 
81750 3543 3526 
81800 3551 3542 
81850 3547 3526 
81900 3572 3555 
81950 3561 3540 
82000 3564 3531 
82050 3561 3480 
82100 3567 3421 
82150 3544 3352 
82200 3570 3256 
82250 3553 3239 
82300 3551 3251 
82350 3543 3145 
82400 3560 3131 
82450 3577 3123 
82500 3549 3036 
82550 3561 3430 
82600 3575 3539 
82650 3563 3543 
82700 3551 3531 
82750 3561 3547 
82800 3567 3549 
82850 3546 3522 
82900 3568 3537 
82950 3547 3515 
83000 3542 3529 
83050 3560 3503 
83100 3548 3446 
83150 3556 3356 
83200 3553 3322 
83250 3562 3302 
83300 3563 3246 
83350 3555 3219 
83400 3554 3179 
83450 3542 3126 
83500 3556 3083 
83550 3559 3433 
83600 3548 3523 
83650 3561 3533 
83700 3563 3545 
83750 3560 3547 
83800 3570 3561 
83850 3567 3543 
83900 3552 3541 
83950 3554 3546 
84000 3556 3533 
84050 3565 3532 
84100 3563 3492 
84150 3564 3407 
84200 3546 3345 
84250 3562 3329 
84300 3550 3315 
84350 3549 3295 
84400 3558 3233 
84450 3559 3164 
84500 3549 3105 
84550 3555 3440 
84600 3554 3532 
84650 3560 3533 
84700 3561 3546 
84750 3564 3552 
84800 3553 3534 
84850 3553 3535 
84900 3562 3542 
84950 3559 3539 
85000 3555 3532 
85050 3549 3489 
85100 3551 3417 
85150 3571 3391 
85200 3554 3338 
85250 3558 3318 
85300 3554 3272 
85350 3555 3224 
85400 3550 3161 
85450 3545 3118 
85500 3550 3038 
85550 3560 3385 
85600 3564 3510 
85650 3563 3537 
85700 3556 3541 
85750 3546 3526 
85800 3556 3545 
85850 3571 3556 
85900 3560 3537 
85950 3564 3544 
86000 3558 3537 
86050 3549 3496 
86100 3554 3439 
86150 3557 3401 
86200 3558 3346 
86250 3559 3324 
86300 3554 3252 
86350 3558 3228 
86400 3562 3115 
86450 3546 3039 
86500 3557 3016 
86550 3542 3401 
86600 3555 3522 
86650 3545 3530 
86700 3557 3527 
86750 3562 3545 
86800 3560 3554 
86850 3559 3538 
86900 3553 3533 
86950 3548 3530 
87000 3551 3540 
87050 3567 3498 
87100 3559 3393 
87150 3565 3336 
87200 3546 3284 
87250 3558 3252 
87300 3563 3215 
87350 3554 3182 
87400 3556 3151 
87450 3564 3103 
87500 3569 3030 
87550 3561 3425 
87600 3566 3527 
87650 3561 3533 
87700 3562 3545 
87750 3558 3540 
87800 3569 3557 
87850 3549 3529 
87900 3564 3542 
87950 3570 3547 
88000 3572 3554 
88050 3559 3516 
88100 3557 3460 
88150 3568 3379 
88200 3562 3323 
88250 3555 3281 
88300 3553 3245 
88350 3559 3178 
88400 3550 3158 
88450 3543 3088 
88500 3553 3065 
88550 3546 3413 
88600 3565 3533 
88650 3559 3548 
88700 3567 3549 
88750 3564 3542 
88800 3556 3543 
88850 3549 3532 
88900 3558 3540 
88950 3570 3548 
89000 3568 3549 
89050 3566 3499 
89100 3564 3448 
89150 3566 3395 
89200 3580 3303 
89250 3550 3248 
89300 3575 3214 
89350 3560 3177 
89400 3561 3139 
89450 3564 3076 
89500 3567 3032 
89550 3562 3429 
89600 3571 3549 
89650 3540 3520 
89700 3573 3551 
89750 3566 3551 
89800 3557 3545 
89850 3554 3543 
89900 3563 3550 
89950 3562 3550 
90000 3561 3545 
90050 3576 3522 
90100 3554 3412 
90150 3568 3368 
90200 3563 3258 
90250 3575 3193 
90300 3548 3057 
90350 3558 3049 
90400 3556 3031 
90450 3559 2967 
90500 3565 2892 
90550 3543 3382 
90600 3557 3522 
90650 3548 3541 
90700 3552 3526 
90750 3564 3550 
90800 3566 3552 
90850 3564 3541 
90900 3574 3562 
90950 3546 3535 
91000 3541 3517 
91050 3555 3509 
91100 3566 3450 
91150 3555 3403 
91200 3568 3386 
91250 3557 3349 
91300 3548 3261 
91350 3563 3224 
91400 3555 3124 
91450 3561 3124 
91500 3545 3094 
91550 3566 3454 
91600 3553 3530 
91650 3563 3543 
91700 3572 3559 
91750 3573 3549 
91800 3575 3556 
91850 3556 3533 
91900 3566 3556 
91950 3564 3531 
92000 3566 3547 
92050 3555 3495 
92100 3564 3409 
92150 3539 3359 
92200 3551 3346 
92250 3557 3273 
92300 3571 3200 
92350 3544 3101 
92400 3560 3131 
92450 3552 2998 
92500 3556 2929 
92550 3533 3346 
92600 3558 3523 
92650 3552 3534 
92700 3563 3554 
92750 3556 3530 
92800 3564 3539 
92850 3554 3536 
92900 3550 3535 
92950 3560 3547 
93000 3562 3531 
93050 3549 3454 
93100 3546 3432 
93150 3565 3383 
93200 3559 3342 
93250 3548 3246 
93300 3558 3179 
93350 3564 3162 
93400 3575 3117 
93450 3555 3030 
93500 3541 2908 
93550 3556 3378 
93600 3559 3530 
93650 3561 3545 
93700 3553 3537 
93750 3558 3539 
93800 3576 3544 
93850 3561 3542 
93900 3559 3551 
93950 3557 3531 
94000 3560 3544 
94050 3568 3517 
94100 3562 3414 
94150 3559 3358 
94200 3556 3324 
94250 3552 3235 
94300 3561 3215 
94350 3575 3203 
94400 3565 3155 
94450 3561 3084 
94500 3563 3008 
94550 3566 3399 
94600 3561 3519 
94650 3563 3545 
94700 3577 3567 
94750 3562 3533 
94800 3556 3544 
94850 3560 3539 
94900 3569 3547 
94950 3558 3540 
95000 3562 3556 
95050 3554 3523 
95100 3557 3441 
95150 3568 3386 
95200 3562 3328 
95250 3551 3296 
95300 3555 3204 
95350 3555 3142 
95400 3555 3137 
95450 3572 3039 
95500 3559 2995 
95550 3560 3415 
95600 3562 3544 
95650 3558 3540 
95700 3562 3541 
95750 3564 3543 
95800 3552 3520 
95850 3558 3537 
95900 3556 3549 
95950 3563 3548 
96000 3574 3561 
96050 3568 3522 
96100 3562 3457 
96150 3573 3459 
96200 3560 3397 
96250 3567 3355 
96300 3566 3339 
96350 3564 3359 
96400 3570 3300 
96450 3566 3217 
96500 3566 3203 
96550 3568 3453 
96600 3553 3526 
96650 3567 3552 
96700 3566 3557 
96750 3561 3551 
96800 3541 3526 
96850 3571 3555 
96900 3563 3537 
96950 3563 3550 
97000 3564 3543 
97050 3548 3492 
97100 3558 3480 
97150 3562 3424 
97200 3556 3365 
97250 3565 3341 
97300 3557 3256 
97350 3569 3235 
97400 3564 3188 
97450 3564 3163 
97500 3559 3120 
97550 3570 3468 
97600 3547 3513 
97650 3572 3558 
97700 3560 3543 
97750 3555 3542 
97800 3557 3536 
97850 3551 3534 
97900 3564 3548 
97950 3564 3544 
98000 3557 3541 
98050 3551 3491 
98100 3562 3472 
98150 3565 3439 
98200 3565 3397 
98250 3552 3382 
98300 3561 3371 
98350 3546 3315 
98400 3558 3324 
98450 3556 3264 
98500 3572 3207 
98550 3560 3460 
98600 3553 3534 
98650 3566 3549 
98700 3556 3548 
98750 3552 3539 
98800 3550 3533 
98850 3559 3542 
98900 3544 3524 
98950 3568 3543 
99000 3556 3534 
99050 3558 3513 
99100 3554 3447 
99150 3565 3390 
99200 3564 3342 
99250 3573 3329 
99300 3555 3284 
99350 3538 3283 
99400 3565 3275 
99450 3567 3229 
99500 3570 3160 
99550 3557 3462 
99600 3561 3531 
99650 3567 3546 
99700 3553 3542 
99750 3563 3542 
99800 3570 3554 
99850 3567 3560 
99900 3560 3552 
99950 3567 3559 
100000 3548 3537 
100050 3571 3508 
100100 3565 3469 
100150 3549 3414 
100200 3544 3341 
100250 3547 3324 
100300 3554 3307 
100350 3562 3258 
100400 3554 3203 
100450 3563 3109 
100500 3570 3060 
100550 3564 3417 
100600 3551 3533 
100650 3560 3547 
100700 3565 3545 
100750 3559 3542 
100800 3539 3531 
100850 3562 3542 
100900 3556 3540 
100950 3570 3559 
101000 3562 3551 
101050 3567 3517 
101100 3568 3450 
101150 3553 3390 
101200 3550 3313 
101250 3557 3290 
101300 3555 3237 
101350 3575 3181 
101400 3567 3110 
101450 3554 3023 
101500 3566 3054 
101550 3544 3372 
101600 3571 3547 
101650 3562 3541 
101700 3564 3551 
101750 3558 3538 
101800 3550 3535 
101850 3556 3547 
101900 3557 3541 
101950 3553 3538 
102000 3563 3531 
102050 3565 3508 
102100 3542 3438 
102150 3560 3389 
102200 3537 3298 
102250 3549 3243 
102300 3558 3231 
102350 3539 3170 
102400 3560 3118 
102450 3567 3062 
102500 3564 3056 
102550 3551 3420 
102600 3562 3541 
102650 3555 3542 
102700 3558 3542 
102750 3554 3536 
102800 3564 3549 
102850 3556 3546 
102900 3557 3547 
102950 3562 3549 
103000 3551 3539 
103050 3542 3507 
103100 3556 3453 
103150 3543 3401 
103200 3564 3382 
103250 3554 3326 
103300 3569 3310 
103350 3565 3239 
103400 3568 3162 
103450 3566 3072 
103500 3564 3060 
103550 3547 3438 
103600 3559 3529 
103650 3558 3543 
103700 3558 3537 
103750 3566 3557 
103800 3552 3543 
103850 3546 3528 
103900 3556 3531 
103950 3550 3533 
104000 3560 3536 
104050 3552 3503 
104100 3544 3432 
104150 3567 3399 
104200 3560 3362 
104250 3574 3343 
104300 3567 3264 
104350 3564 3167 
104400 3569 3177 
104450 3562 3100 
104500 3554 3073 
104550 3559 3405 
104600 3551 3523 
104650 3565 3543 
104700 3568 3549 
104750 3558 3536 
104800 3564 3550 
104850 3545 3527 
104900 3557 3538 
104950 3553 3530 
105000 3550 3538 
105050 3572 3541 
105100 3549 3458 
105150 3568 3406 
105200 3561 3327 
105250 3551 3321 
105300 3562 3245 
105350 3546 3174 
105400 3540 3140 
105450 3560 3146 
105500 3568 3112 
105550 3564 3451 
105600 3548 3523 
105650 3562 3535 
105700 3565 3545 
105750 3560 3547 
105800 3558 3548 
105850 3559 3537 
105900 3566 3545 
105950 3561 3550 
106000 3570 3559 
106050 3561 3487 
106100 3559 3461 
106150 3564 3442 
106200 3552 3361 
106250 3552 3279 
106300 3555 3257 
106350 3547 3175 
106400 3563 3148 
106450 3550 3050 
106500 3557 3015 
106550 3550 3388 
106600 3559 3524 
106650 3564 3545 
106700 3565 3556 
106750 3564 3546 
106800 3564 3534 
106850 3561 3548 
106900 3566 3554 
106950 3558 3538 
107000 3572 3562 
107050 3575 3531 
107100 3560 3477 
107150 3560 3429 
107200 3563 3386 
107250 3571 3356 
107300 3565 3330 
107350 3558 3301 
107400 3563 3262 
107450 3567 3226 
107500 3555 3205 
107550 3564 3445 
107600 3558 3535 
107650 3558 3551 
107700 3564 3543 
107750 3555 3539 
107800 3552 3544 
107850 3557 3540 
107900 3551 3526 
107950 3551 3533 
108000 3570 3543 
108050 3573 3516 
108100 3566 3435 
108150 3560 3345 
108200 3576 3321 
108250 3564 3319 
108300 3560 3294 
108350 3572 3246 
108400 3545 3189 
108450 3560 3120 
108500 3551 3037 
108550 3562 3439 
108600 3558 3531 
108650 3561 3551 
108700 3544 3528 
108750 3556 3543 
108800 3564 3553 
108850 3573 3547 
108900 3570 3545 
108950 3564 3549 
109000 3551 3534 
109050 3544 3495 
109100 3565 3449 
109150 3554 3411 
109200 3570 3353 
109250 3568 3296 
109300 3563 3278 
109350 3570 3286 
109400 3546 3200 
109450 3555 3189 
109500 3569 3161 
109550 3563 3453 
109600 3558 3522 
109650 3530 3510 
109700 3567 3556 
109750 3559 3546 
109800 3559 3523 
109850 3560 3542 
109900 3552 3535 
109950 3552 3536 
110000 3552 3537 
110050 3556 3508 
110100 3564 3474 
110150 3559 3420 
110200 3559 3362 
110250 3567 3345 
110300 3533 3297 
110350 3551 3227 
110400 3551 3214 
110450 3561 3147 
110500 3563 3172 
110550 3561 3456 
110600 3556 3539 
110650 3562 3549 
110700 3552 3526 
110750 3560 3544 
110800 3558 3541 
110850 3560 3532 
110900 3556 3540 
110950 3555 3542 
111000 3559 3542 
111050 3560 3516 
111100 3555 3469 
111150 3561 3414 
111200 3530 3312 
111250 3547 3254 
111300 3566 3232 
111350 3562 3165 
111400 3561 3128 
111450 3565 3086 
111500 3550 3011 
111550 3554 3354 
111600 3556 3517 
111650 3557 3539 
111700 3567 3544 
111750 3557 3533 
111800 3566 3559 
111850 3567 3549 
111900 3573 3557 
111950 3559 3542 
112000 3563 3538 
112050 3567 3503 
112100 3573 3424 
112150 3566 3392 
112200 3570 3339 
112250 3564 3299 
112300 3553 3274 
112350 3549 3290 
112400 3562 3264 
112450 3563 3190 
112500 3550 3150 
112550 3556 3436 
112600 3552 3524 
112650 3556 3532 
112700 3566 3544 
112750 3566 3546 
112800 3548 3520 
112850 3544 3525 
112900 3559 3536 
112950 3569 3559 
113000 3571 3560 
113050 3558 3500 
113100 3553 3430 
113150 3551 3389 
113200 3561 3336 
113250 3564 3285 
113300 3563 3205 
113350 3552 3193 
113400 3563 3115 
113450 3553 3084 
113500 3570 3041 
113550 3554 3408 
113600 3564 3540 
113650 3564 3536 
113700 3547 3540 
113750 3556 3533 
113800 3558 3530 
113850 3559 3540 
113900 3556 3541 
113950 3563 3546 
114000 3560 3536 
114050 3569 3521 
114100 3552 3436 
114150 3564 3407 
114200 3577 3389 
114250 3555 3288 
114300 3561 3257 
114350 3568 3232 
114400 3560 3178 
114450 3552 3197 
114500 3559 3184 
114550 3556 3472 
114600 3563 3542 
114650 3565 3558 
114700 3564 3541 
114750 3564 3547 
114800 3551 3526 
114850 3565 3551 
114900 3558 3536 
114950 3568 3547 
115000 3560 3537 
115050 3572 3514 
115100 3557 3468 
115150 3563 3387 
115200 3567 3299 
115250 3558 3203 
115300 3569 3109 
115350 3556 3041 
115400 3569 3032 
115450 3558 2951 
115500 3555 2918 
115550 3573 3339 
115600 3562 3497 
115650 3570 3548 
115700 3567 3550 
115750 3557 3540 
115800 3551 3540 
115850 3566 3545 
115900 3566 3565 
115950 3575 3563 
116000 3558 3532 
116050 3547 3501 
116100 3555 3447 
116150 3563 3408 
116200 3566 3351 
116250 3567 3323 
116300 3562 3287 
116350 3553 3253 
116400 3551 3197 
116450 3558 3207 
116500 3565 3125 
116550 3572 3436 
116600 3564 3528 
116650 3546 3531 
116700 3553 3540 
116750 3559 3539 
116800 3561 3543 
116850 3557 3536 
116900 3559 3544 
116950 3537 3512 
117000 3568 3551 
117050 3576 3521 
117100 3552 3444 
117150 3564 3392 
117200 3557 3364 
117250 3550 3295 
117300 3569 3274 
117350 3563 3209 
117400 3551 3160 
117450 3567 3205 
117500 3565 3183 
117550 3558 3407 
117600 3556 3509 
117650 3549 3524 
117700 3561 3549 
117750 3558 3531 
117800 3568 3551 
117850 3568 3550 
117900 3553 3541 
117950 3562 3544 
118000 3542 3516 
118050 3556 3488 
118100 3571 3466 
118150 3554 3412 
118200 3558 3370 
118250 3555 3302 
118300 3545 3227 
118350 3564 3173 
118400 3555 3118 
118450 3552 3069 
118500 3567 3040 
118550 3541 3405 
118600 3559 3517 
118650 3557 3530 
118700 3566 3542 
118750 3564 3542 
118800 3564 3540 
118850 3571 3554 
118900 3566 3555 
118950 3578 3548 
119000 3565 3547 
119050 3562 3508 
119100 3552 3482 
119150 3560 3455 
119200 3552 3415 
119250 3558 3371 
119300 3569 3262 
119350 3561 3158 
119400 3545 3082 
119450 3548 3077 
119500 3560 3027 
119550 3569 3414 
119600 3570 3551 
119650 3557 3531 
119700 3556 3542 
119750 3554 3539 
119800 3556 3544 
119850 3562 3546 
119900 3555 3526 
119950 3568 3554 
120000 3559 3545 
120050 3581 3545 
120100 3562 3485 
120150 3549 3454 
120200 3570 3426 
120250 3570 3341 
120300 3567 3246 
120350 3546 3230 
120400 3546 3097 
120450 3548 3037 
120500 3561 2975 
120550 3553 3393 
120600 3565 3533 
120650 3559 3538 
120700 3556 3542 
120750 3560 3542 
120800 3561 3546 
120850 3561 3559 
120900 3557 3550 
120950 3556 3550 
121000 3561 3544 
121050 3552 3527 
121100 3571 3479 
121150 3562 3417 
121200 3558 3367 
121250 3553 3316 
121300 3555 3271 
121350 3573 3149 
121400 3571 3130 
121450 3571 3155 
121500 3567 3053 
121550 3557 3422 
121600 3574 3548 
121650 3565 3539 
121700 3542 3527 
121750 3558 3537 
121800 3561 3551 
121850 3553 3524 
121900 3555 3532 
121950 3560 3537 
122000 3561 3554 
122050 3556 3519 
122100 3572 3490 
122150 3560 3431 
122200 3551 3365 
122250 3548 3332 
122300 3569 3332 
122350 3564 3251 
122400 3560 3157 
122450 3565 3105 
122500 3556 3080 
122550 3555 3431 
122600 3563 3535 
122650 3564 3545 
122700 3549 3525 
122750 3566 3544 
122800 3561 3548 
122850 3564 3551 
122900 3560 3548 
122950 3559 3536 
123000 3549 3539 
123050 3557 3502 
123100 3563 3430 
123150 3558 3393 
123200 3549 3336 
123250 3557 3252 
123300 3552 3215 
123350 3560 3129 
123400 3562 3143 
123450 3563 3156 
123500 3556 3094 
123550 3541 3424 
123600 3560 3522 
123650 3565 3550 
123700 3561 3548 
123750 3561 3549 
123800 3555 3543 
123850 3561 3553 
123900 3556 3542 
123950 3546 3536 
124000 3551 3540 
124050 3559 3508 
124100 3554 3438 
124150 3558 3373 
124200 3547 3287 
124250 3560 3210 
124300 3569 3181 
124350 3560 3177 
124400 3565 3133 
124450 3563 3102 
124500 3554 3052 
124550 3557 3408 
124600 3565 3536 
124650 3569 3548 
124700 3557 3543 
124750 3561 3551 
124800 3569 3547 
124850 3559 3533 
124900 3559 3531 
124950 3549 3527 
125000 3560 3541 
125050 3567 3481 
125100 3563 3411 
125150 3565 3338 
125200 3563 3308 
125250 3561 3235 
125300 3550 3095 
125350 3552 3009 
125400 3557 2989 
125450 3556 2970 
125500 3546 2948 
125550 3543 3359 
125600 3556 3510 
125650 3546 3515 
125700 3565 3545 
125750 3553 3543 
125800 3570 3541 
125850 3563 3542 
125900 3563 3543 
125950 3566 3547 
126000 3562 3542 
126050 3556 3464 
126100 3556 3419 
126150 3560 3357 
126200 3563 3373 
126250 3559 3353 
126300 3556 3316 
126350 3552 3278 
126400 3562 3215 
126450 3573 3117 
126500 3569 3095 
126550 3562 3431 
126600 3553 3510 
126650 3563 3540 
126700 3564 3547 
126750 3566 3548 
126800 3556 3531 
126850 3562 3538 
126900 3569 3552 
126950 3561 3548 
127000 3556 3539 
127050 3561 3524 
127100 3557 3464 
127150 3566 3414 
127200 3563 3357 
127250 3560 3342 
127300 3564 3291 
127350 3567 3222 
127400 3557 3184 
127450 3561 3203 
127500 3549 3121 
127550 3544 3442 
127600 3552 3518 
127650 3564 3551 
127700 3564 3544 
127750 3572 3551 
127800 3566 3542 
127850 3558 3542 
127900 3549 3527 
127950 3551 3534 
128000 3558 3545 
128050 3550 3482 
128100 3553 3392 
128150 3558 3349 
128200 3562 3295 
128250 3546 3166 
128300 3564 3122 
128350 3562 3006 
128400 3545 2973 
128450 3560 2928 
128500 3561 2867 
128550 3555 3401 
128600 3550 3526 
128650 3568 3551 
128700 3568 3546 
128750 3569 3551 
128800 3552 3538 
128850 3564 3544 
128900 3576 3562 
128950 3565 3548 
129000 3562 3539 
129050 3559 3493 
129100 3557 3445 
129150 3555 3395 
129200 3567 3354 
129250 3560 3313 
129300 3552 3295 
129350 3563 3209 
129400 3567 3124 
129450 3575 3071 
129500 3542 3028 
129550 3559 3429 
129600 3554 3524 
129650 3570 3542 
129700 3564 3550 
129750 3553 3527 
129800 3557 3539 
129850 3563 3543 
129900 3553 3540 
129950 3549 3538 
130000 3550 3534 
130050 3555 3492 
130100 3557 3431 
130150 3570 3382 
130200 3574 3369 
130250 3555 3299 
130300 3547 3235 
130350 3555 3197 
130400 3561 3163 
130450 3567 3133 
130500 3562 3079 
130550 3554 3434 
130600 3561 3528 
130650 3559 3536 
130700 3571 3556 
130750 3562 3537 
130800 3558 3543 
130850 3551 3530 
130900 3553 3527 
130950 3564 3547 
131000 3558 3542 
131050 3560 3517 
131100 3545 3470 
131150 3570 3434 
131200 3566 3363 
131250 3558 3346 
131300 3542 3235 
131350 3544 3187 
131400 3553 3093 
131450 3570 3050 
131500 3561 3017 
131550 3550 3400 
131600 3559 3522 
131650 3558 3540 
131700 3560 3543 
131750 3562 3546 
131800 3555 3529 
131850 3550 3532 
131900 3541 3524 
131950 3563 3548 
132000 3566 3556 
132050 3563 3508 
132100 3551 3453 
132150 3548 3370 
132200 3553 3294 
132250 3567 3249 
132300 3559 3208 
132350 3545 3094 
132400 3544 3070 
132450 3563 2962 
132500 3551 2920 
132550 3561 3408 
132600 3572 3543 
132650 3565 3556 
132700 3552 3526 
132750 3562 3534 
132800 3560 3531 
132850 3561 3540 
132900 3554 3542 
132950 3558 3545 
133000 3566 3540 
133050 3563 3481 
133100 3553 3425 
133150 3548 3394 
133200 3563 3345 
133250 3558 3267 
133300 3550 3202 
133350 3555 3192 
133400 3545 3088 
133450 3557 3040 
133500 3564 3012 
133550 3564 3418 
133600 3542 3521 
133650 3558 3538 
133700 3548 3533 
133750 3553 3529 
133800 3554 3541 
133850 3555 3534 
133900 3561 3539 
133950 3563 3547 
134000 3558 3537 
134050 3561 3499 
134100 3555 3449 
134150 3560 3364 
134200 3563 3330 
134250 3559 3285 
134300 3559 3194 
134350 3564 3155 
134400 3549 3046 
134450 3552 3072 
134500 3551 3048 
134550 3555 3439 
134600 3557 3534 
134650 3563 3536 
134700 3564 3546 
134750 3570 3550 
134800 3555 3540 
134850 3565 3551 
134900 3562 3555 
134950 3544 3537 
135000 3560 3544 
135050 3556 3477 
135100 3558 3460 
135150 3567 3390 
135200 3565 3360 
135250 3564 3288 
135300 3563 3281 
135350 3555 3229 
135400 3558 3162 
135450 3564 3070 
135500 3544 3054 
135550 3555 3405 
135600 3551 3505 
135650 3546 3540 
135700 3546 3529 
135750 3568 3558 
135800 3564 3546 
135850 3550 3536 
135900 3563 3538 
135950 3557 3532 
136000 3551 3519 
136050 3564 3496 
136100 3558 3435 
136150 3559 3391 
136200 3552 3335 
136250 3555 3268 
136300 3558 3264 
136350 3563 3206 
136400 3555 3160 
136450 3565 3070 
136500 3565 2989 
136550 3553 3361 
136600 3551 3508 
136650 3561 3546 
136700 3563 3542 
136750 3552 3530 
136800 3566 3536 
136850 3562 3541 
136900 3574 3553 
136950 3554 3532 
137000 3558 3544 
137050 3544 3478 
137100 3569 3467 
137150 3547 3388 
137200 3561 3332 
137250 3535 3222 
137300 3558 3201 
137350 3549 3112 
137400 3569 3105 
137450 3569 3056 
137500 3567 3023 
137550 3558 3416 
137600 3570 3553 
137650 3566 3543 
137700 3559 3537 
137750 3563 3539 
137800 3561 3540 
137850 3560 3541 
137900 3554 3533 
137950 3550 3520 
138000 3560 3540 
138050 3561 3513 
138100 3552 3469 
138150 3553 3392 
138200 3566 3375 
138250 3563 3319 
138300 3563 3311 
138350 3570 3226 
138400 3566 3162 
138450 3565 3070 
138500 3549 2972 
138550 3565 3385 
138600 3566 3516 
138650 3552 3519 
138700 3568 3545 
138750 3541 3522 
138800 3552 3529 
138850 3565 3540 
138900 3554 3539 
138950 3554 3527 
139000 3557 3535 
139050 3549 3480 
139100 3556 3405 
139150 3559 3355 
139200 3545 3270 
139250 3557 3159 
139300 3547 3081 
139350 3559 3019 
139400 3558 2996 
139450 3559 2949 
139500 3557 2956 
139550 3549 3346 
139600 3550 3516 
139650 3549 3522 
139700 3555 3535 
139750 3566 3550 
139800 3563 3538 
139850 3543 3519 
139900 3548 3524 
139950 3530 3513 
140000 3546 3524 
140050 3565 3494 
140100 3565 3448 
140150 3541 3386 
140200 3565 3388 
140250 3565 3339 
140300 3576 3337 
140350 3552 3252 
140400 3558 3170 
140450 3560 3120 
140500 3552 2961 
140550 3566 3394 
140600 3552 3501 
140650 3565 3540 
140700 3563 3551 
140750 3558 3544 
140800 3549 3530 
140850 3563 3544 
140900 3576 3565 
140950 3566 3544 
141000 3572 3560 
141050 3552 3498 
141100 3569 3465 
141150 3560 3437 
141200 3562 3391 
141250 3560 3349 
141300 3570 3303 
141350 3567 3329 
141400 3564 3267 
141450 3563 3229 
141500 3559 3190 
141550 3564 3458 
141600 3569 3534 
141650 3566 3538 
141700 3560 3544 
141750 3568 3546 
141800 3567 3551 
141850 3560 3533 
141900 3551 3525 
141950 3567 3544 
142000 3558 3533 
142050 3559 3505 
142100 3554 3448 
142150 3569 3380 
142200 3559 3326 
142250 3569 3312 
142300 3569 3239 
142350 3559 3223 
142400 3540 3148 
142450 3571 3123 
142500 3557 3049 
142550 3559 3398 
142600 3559 3520 
142650 3567 3548 
142700 3570 3560 
142750 3555 3538 
142800 3564 3551 
142850 3560 3549 
142900 3560 3544 
142950 3569 3552 
143000 3563 3545 
143050 3553 3496 
143100 3561 3433 
143150 3548 3360 
143200 3549 3304 
143250 3564 3201 
143300 3550 3103 
143350 3568 3024 
143400 3540 2929 
143450 3548 2903 
143500 3542 2840 
143550 3548 3355 
143600 3576 3534 
143650 3568 3558 
143700 3549 3540 
143750 3556 3532 
143800 3550 3541 
143850 3563 3547 
143900 3561 3543 
143950 3554 3543 
144000 3555 3526 
144050 3562 3511 
144100 3558 3472 
144150 3555 3401 
144200 3554 3348 
144250 3551 3318 
144300 3552 3314 
144350 3559 3241 
144400 3565 3184 
144450 3556 3159 
144500 3569 3058 
144550 3556 3430 
144600 3564 3538 
144650 3572 3560 
144700 3558 3531 
144750 3558 3536 
144800 3542 3517 
144850 3558 3538 
144900 3561 3538 
144950 3552 3538 
145000 3552 3535 
145050 3568 3520 
145100 3548 3448 
145150 3545 3377 
145200 3557 3284 
145250 3562 3259 
145300 3548 3202 
145350 3549 3099 
145400 3572 3123 
145450 3554 3100 
145500 3554 3034 
145550 3561 3433 
145600 3546 3513 
145650 3563 3538 
145700 3559 3551 
145750 3568 3545 
145800 3557 3535 
145850 3560 3533 
145900 3543 3519 
145950 3551 3536 
146000 3572 3546 
146050 3566 3514 
146100 3559 3468 
146150 3564 3389 
146200 3566 3320 
146250 3561 3236 
146300 3565 3264 
146350 3540 3220 
146400 3555 3148 
146450 3557 3091 
146500 3553 3103 
146550 3555 3415 
146600 3576 3549 
146650 3554 3539 
146700 3566 3551 
146750 3563 3546 
146800 3563 3546 
146850 3565 3560 
146900 3568 3548 
146950 3550 3536 
147000 3553 3535 
147050 3556 3526 
147100 3562 3491 
147150 3553 3437 
147200 3569 3369 
147250 3546 3327 
147300 3568 3335 
147350 3560 3248 
147400 3568 3241 
147450 3556 3232 
147500 3556 3182 
147550 3565 3458 
147600 3565 3535 
147650 3560 3550 
147700 3561 3548 
147750 3571 3554 
147800 3553 3529 
147850 3555 3532 
147900 3558 3535 
147950 3557 3538 
148000 3558 3533 
148050 3556 3506 
148100 3558 3423 
148150 3563 3404 
148200 3567 3311 
148250 3548 3185 
148300 3546 3165 
148350 3561 3100 
148400 3562 3004 
148450 3561 2931 
148500 3562 2912 
148550 3550 3381 
148600 3552 3529 
148650 3561 3548 
148700 3553 3534 
148750 3561 3545 
148800 3563 3553 
148850 3563 3543 
148900 3561 3547 
148950 3572 3563 
149000 3578 3563 
149050 3567 3538 
149100 3560 3483 
149150 3549 3395 
149200 3566 3388 
149250 3554 3335 
149300 3552 3276 
149350 3553 3222 
149400 3553 3128 
149450 3562 3069 
149500 3559 3018 
149550 3544 3389 
149600 3527 3493 
149650 3558 3536 
149700 3576 3552 
149750 3558 3538 
149800 3548 3528 
149850 3548 3531 
149900 3549 3536 
149950 3562 3541 
150000 3557 3545 
150050 3554 3517 
150100 3556 3441 
150150 3540 3374 
150200 3553 3320 
150250 3567 3256 
150300 3565 3196 
150350 3556 3144 
150400 3569 3073 
150450 3557 3040 
150500 3558 2986 
150550 3551 3404 
150600 3565 3542 
150650 3550 3544 
150700 3559 3538 
150750 3562 3548 
150800 3567 3546 
150850 3557 3541 
150900 3571 3551 
150950 3571 3542 
151000 3554 3537 
151050 3567 3479 
151100 3560 3361 
151150 3555 3301 
151200 3559 3189 
151250 3551 3099 
151300 3557 3055 
151350 3552 3046 
151400 3551 2956 
151450 3557 2951 
151500 3561 2918 
151550 3560 3376 
151600 3562 3535 
151650 3557 3538 
151700 3559 3548 
151750 3555 3530 
151800 3568 3538 
151850 3561 3542 
151900 3567 3554 
151950 3547 3535 
152000 3541 3524 
152050 3564 3514 
152100 3552 3456 
152150 3558 3402 
152200 3549 3362 
152250 3567 3334 
152300 3570 3307 
152350 3558 3168 
152400 3552 3112 
152450 3562 3044 
152500 3562 2999 
152550 3560 3409 
152600 3565 3531 
152650 3563 3543 
152700 3553 3527 
152750 3576 3551 
152800 3557 3536 
152850 3557 3548 
152900 3570 3545 
152950 3571 3541 
153000 3551 3523 
153050 3573 3517 
153100 3557 3463 
153150 3567 3396 
153200 3567 3320 
153250 3553 3252 
153300 3543 3215 
153350 3572 3155 
153400 3554 3106 
153450 3558 3065 
153500 3556 2987 
153550 3549 3431 
153600 3553 3510 
153650 3563 3538 
153700 3572 3549 
153750 3561 3548 
153800 3554 3542 
153850 3567 3551 
153900 3569 3544 
153950 3556 3539 
154000 3559 3534 
154050 3548 3496 
154100 3556 3464 
154150 3559 3437 
154200 3555 3419 
154250 3542 3357 
154300 3550 3308 
154350 3559 3297 
154400 3562 3202 
154450 3553 3158 
154500 3559 3099 
154550 3553 3441 
154600 3546 3517 
154650 3558 3554 
154700 3558 3535 
154750 3575 3553 
154800 3545 3535 
154850 3566 3547 
154900 3565 3546 
154950 3567 3560 
155000 3563 3534 
155050 3560 3510 
155100 3549 3410 
155150 3567 3357 
155200 3563 3347 
155250 3558 3265 
155300 3550 3193 
155350 3557 3128 
155400 3568 3117 
155450 3553 3097 
155500 3538 3032 
155550 3566 3394 
155600 3562 3542 
155650 3560 3535 
155700 3544 3529 
155750 3560 3541 
155800 3556 3539 
155850 3560 3532 
155900 3563 3557 
155950 3569 3551 
156000 3562 3526 
156050 3564 3495 
156100 3568 3447 
156150 3559 3383 
156200 3545 3344 
156250 3552 3306 
156300 3560 3254 
156350 3547 3194 
156400 3568 3135 
156450 3555 3033 
156500 3554 2953 
156550 3556 3382 
156600 3558 3516 
156650 3560 3553 
156700 3569 3543 
156750 3563 3548 
156800 3566 3543 
156850 3571 3551 
156900 3539 3521 
156950 3547 3520 
157000 3555 3541 
157050 3561 3515 
157100 3567 3453 
157150 3562 3422 
157200 3560 3339 
157250 3573 3286 
157300 3535 3214 
157350 3562 3173 
157400 3562 3145 
157450 3556 3079 
157500 3568 3091 
157550 3559 3398 
157600 3555 3517 
157650 3559 3541 
157700 3553 3528 
157750 3571 3552 
157800 3575 3549 
157850 3548 3528 
157900 3559 3542 
157950 3559 3540 
158000 3557 3549 
158050 3548 3475 
158100 3557 3427 
158150 3560 3381 
158200 3555 3340 
158250 3549 3270 
158300 3564 3239 
158350 3556 3179 
158400 3566 3176 
158450 3563 3118 
158500 3565 3061 
158550 3558 3404 
158600 3568 3542 
158650 3568 3547 
158700 3562 3550 
158750 3555 3537 
158800 3550 3534 
158850 3560 3541 
158900 3549 3521 
158950 3557 3541 
159000 3561 3552 
159050 3563 3518 
159100 3571 3477 
159150 3564 3433 
159200 3568 3375 
159250 3570 3345 
159300 3562 3283 
159350 3559 3248 
159400 3552 3174 
159450 3553 3154 
159500 3540 3101 
159550 3555 3439 
159600 3559 3528 
159650 3544 3525 
159700 3567 3551 
159750 3552 3535 
159800 3569 3548 
159850 3550 3528 
159900 3553 3526 
159950 3565 3544 
160000 3561 3544 
160050 3560 3500 
160100 3563 3456 
160150 3547 3423 
160200 3561 3408 
160250 3555 3361 
160300 3559 3289 
160350 3577 3211 
160400 3552 3177 
160450 3567 3150 
160500 3559 3018 
160550 3556 3417 
160600 3558 3526 
160650 3557 3531 
160700 3555 3536 
160750 3554 3543 
160800 3560 3537 
160850 3575 3548 
160900 3557 3537 
160950 3570 3551 
161000 3560 3544 
161050 3556 3507 
161100 3553 3447 
161150 3557 3387 
161200 3552 3363 
161250 3551 3313 
161300 3575 3304 
161350 3555 3261 
161400 3536 3218 
161450 3556 3125 
161500 3547 3146 
161550 3556 3429 
161600 3563 3542 
161650 3568 3554 
161700 3554 3542 
161750 3572 3554 
161800 3557 3534 
161850 3567 3530 
161900 3553 3539 
161950 3560 3539 
162000 3554 3528 
162050 3545 3487 
162100 3556 3445 
162150 3563 3394 
162200 3553 3311 
162250 3565 3228 
162300 3564 3182 
162350 3575 3125 
162400 3566 3045 
162450 3562 2980 
162500 3574 2969 
162550 3552 3410 
162600 3556 3546 
162650 3551 3538 
162700 3548 3533 
162750 3561 3537 
162800 3560 3543 
162850 3558 3542 
162900 3541 3514 
162950 3555 3539 
163000 3551 3534 
163050 3554 3496 
163100 3555 3474 
163150 3563 3440 
163200 3559 3344 
163250 3550 3233 
163300 3558 3191 
163350 3568 3203 
163400 3556 3092 
163450 3562 3026 
163500 3540 2941 
163550 3550 3365 
163600 3545 3510 
163650 3553 3534 
163700 3544 3535 
163750 3551 3526 
163800 3563 3546 
163850 3564 3548 
163900 3561 3528 
163950 3561 3537 
164000 3551 3539 
164050 3551 3510 
164100 3558 3471 
164150 3567 3437 
164200 3560 3358 
164250 3562 3323 
164300 3569 3282 
164350 3561 3231 
164400 3548 3172 
164450 3576 3173 
164500 3550 3093 
164550 3544 3413 
164600 3559 3530 
164650 3553 3541 
164700 3561 3543 
164750 3565 3534 
164800 3559 3542 
164850 3570 3547 
164900 3547 3522 
164950 3564 3538 
165000 3571 3560 
165050 3567 3530 
165100 3566 3449 
165150 3558 3364 
165200 3557 3335 
165250 3569 3297 
165300 3544 3260 
165350 3547 3235 
165400 3553 3182 
165450 3550 3162 
165500 3544 3167 
165550 3555 3442 
165600 3571 3544 
165650 3561 3550 
165700 3542 3527 
165750 3547 3540 
165800 3557 3531 
165850 3558 3542 
165900 3567 3534 
165950 3558 3540 
166000 3563 3543 
166050 3547 3476 
166100 3538 3435 
166150 3542 3367 
166200 3550 3331 
166250 3569 3289 
166300 3568 3257 
166350 3563 3219 
166400 3565 3139 
166450 3559 3073 
166500 3558 3052 
166550 3569 3425 
166600 3555 3521 
166650 3573 3544 
166700 3569 3548 
166750 3564 3560 
166800 3559 3539 
166850 3551 3532 
166900 3561 3537 
166950 3555 3526 
167000 3550 3524 
167050 3562 3522 
167100 3550 3460 
167150 3556 3411 
167200 3547 3292 
167250 3558 3215 
167300 3555 3177 
167350 3549 3100 
167400 3540 3040 
167450 3554 2967 
167500 3564 2943 
167550 3547 3338 
167600 3557 3517 
167650 3562 3533 
167700 3566 3541 
167750 3563 3539 
167800 3561 3539 
167850 3566 3548 
167900 3564 3545 
167950 3563 3543 
168000 3561 3542 
168050 3559 3508 
168100 3566 3485 
168150 3557 3418 
168200 3545 3366 
168250 3550 3280 
168300 3561 3249 
168350 3550 3176 
168400 3547 3075 
168450 3562 3058 
168500 3565 3062 
168550 3556 3453 
168600 3565 3543 
168650 3562 3542 
168700 3556 3535 
168750 3561 3548 
168800 3547 3530 
168850 3529 3518 
168900 3553 3535 
168950 3553 3534 
169000 3563 3542 
169050 3557 3497 
169100 3558 3440 
169150 3553 3387 
169200 3559 3326 
169250 3555 3281 
169300 3566 3315 
169350 3562 3223 
169400 3553 3172 
169450 3553 3150 
169500 3570 3124 
169550 3547 3426 
169600 3563 3525 
169650 3575 3550 
169700 3545 3533 
169750 3568 3555 
169800 3558 3547 
169850 3544 3521 
169900 3556 3539 
169950 3563 3533 
170000 3550 3536 
170050 3552 3501 
170100 3564 3456 
170150 3544 3363 
170200 3556 3334 
170250 3563 3296 
170300 3557 3241 
170350 3569 3217 
170400 3565 3190 
170450 3547 3137 
170500 3563 3103 
170550 3557 3407 
170600 3561 3518 
170650 3567 3541 
170700 3555 3528 
170750 3546 3533 
170800 3570 3551 
170850 3558 3541 
170900 3556 3529 
170950 3551 3540 
171000 3552 3535 
171050 3556 3509 
171100 3559 3420 
171150 3555 3308 
171200 3563 3319 
171250 3556 3281 
171300 3560 3220 
171350 3557 3171 
171400 3563 3143 
171450 3539 3154 
171500 3562 3102 
171550 3577 3430 
171600 3569 3536 
171650 3574 3546 
171700 3554 3531 
171750 3554 3536 
171800 3557 3538 
171850 3566 3547 
171900 3560 3546 
171950 3560 3544 
172000 3567 3551 
172050 3564 3501 
172100 3549 3402 
172150 3560 3305 
172200 3549 3242 
172250 3557 3221 
172300 3549 3204 
172350 3558 3161 
172400 3566 3098 
172450 3556 3061 
172500 3564 3021 
172550 3559 3426 
172600 3547 3519 
172650 3555 3543 
172700 3570 3547 
172750 3549 3532 
172800 3565 3534 
172850 3559 3538 
172900 3562 3547 
172950 3561 3551 
173000 3539 3515 
173050 3546 3481 
173100 3572 3441 
173150 3569 3364 
173200 3555 3283 
173250 3549 3199 
173300 3566 3168 
173350 3548 3079 
173400 3564 3053 
173450 3567 3031 
173500 3556 3013 
173550 3546 3418 
173600 3561 3531 
173650 3571 3549 
173700 3558 3542 
173750 3565 3542 
173800 3546 3528 
173850 3558 3532 
173900 3565 3546 
173950 3563 3543 
174000 3558 3535 
174050 3557 3514 
174100 3556 3464 
174150 3570 3431 
174200 3547 3358 
174250 3561 3333 
174300 3549 3252 
174350 3550 3201 
174400 3559 3222 
174450 3552 3158 
174500 3557 3014 
174550 3564 3373 
174600 3552 3506 
174650 3560 3539 
174700 3575 3555 
174750 3553 3536 
174800 3546 3533 
174850 3560 3532 
174900 3544 3525 
174950 3548 3537 
175000 3561 3552 
175050 3555 3513 
175100 3559 3453 
175150 3550 3431 
175200 3556 3380 
175250 3549 3295 
175300 3559 3263 
175350 3559 3256 
175400 3559 3230 
175450 3552 3128 
175500 3558 3079 
175550 3562 3450 
175600 3557 3540 
175650 3565 3549 
175700 3558 3540 
175750 3553 3542 
175800 3561 3547 
175850 3549 3545 
175900 3553 3537 
175950 3555 3545 
176000 3558 3539 
176050 3557 3503 
176100 3555 3457 
176150 3556 3356 
176200 3561 3307 
176250 3564 3257 
176300 3558 3223 
176350 3564 3252 
176400 3552 3174 
176450 3561 3179 
176500 3566 3136 
176550 3555 3458 
176600 3558 3533 
176650 3559 3547 
176700 3575 3559 
176750 3564 3549 
176800 3568 3542 
176850 3546 3528 
176900 3546 3523 
176950 3548 3531 
177000 3568 3540 
177050 3568 3502 
177100 3566 3437 
177150 3564 3435 
177200 3555 3397 
177250 3554 3328 
177300 3567 3300 
177350 3546 3235 
177400 3562 3163 
177450 3553 3126 
177500 3547 3083 
177550 3566 3458 
177600 3558 3522 
177650 3560 3543 
177700 3559 3531 
177750 3567 3549 
177800 3542 3527 
177850 3551 3540 
177900 3562 3533 
177950 3556 3536 
178000 3553 3524 
178050 3550 3491 
178100 3556 3446 
178150 3549 3418 
178200 3559 3373 
178250 3568 3367 
178300 3557 3328 
178350 3556 3288 
178400 3554 3239 
178450 3558 3255 
178500 3555 3212 
178550 3552 3482 
178600 3554 3519 
178650 3562 3539 
178700 3559 3546 
178750 3551 3541 
178800 3550 3534 
178850 3564 3541 
178900 3560 3541 
178950 3555 3539 
179000 3549 3539 
179050 3558 3509 
179100 3575 3497 
179150 3566 3413 
179200 3568 3347 
179250 3557 3258 
179300 3562 3214 
179350 3570 3185 
179400 3550 3164 
179450 3544 3103 
179500 3545 3089 
179550 3561 3447 
179600 3562 3541 
179650 3572 3551 
179700 3554 3535 
179750 3560 3535 
179800 3559 3545 
179850 3544 3535 
179900 3563 3541 
179950 3561 3530 
180000 3559 3540 
180050 3569 3515 
180100 3552 3468 
180150 3558 3392 
180200 3559 3321 
180250 3556 3307 
180300 3559 3247 
180350 3562 3207 
180400 3562 3151 
180450 3565 3014 
180500 3553 3022 
180550 3560 3393 
180600 3561 3517 
180650 3547 3538 
180700 3551 3535 
180750 3540 3527 
180800 3549 3531 
180850 3547 3526 
180900 3550 3539 
180950 3554 3545 
181000 3559 3553 
181050 3547 3504 
181100 3556 3467 
181150 3559 3398 
181200 3554 3365 
181250 3545 3318 
181300 3571 3288 
181350 3563 3275 
181400 3544 3198 
181450 3558 3160 
181500 3576 3145 
181550 3559 3451 
181600 3565 3536 
181650 3556 3528 
181700 3559 3544 
181750 3560 3542 
181800 3546 3527 
181850 3571 3539 
181900 3553 3545 
181950 3564 3534 
182000 3560 3536 
182050 3558 3496 
182100 3553 3447 
182150 3561 3404 
182200 3569 3339 
182250 3549 3200 
182300 3556 3152 
182350 3542 3058 
182400 3557 3033 
182450 3555 2909 
182500 3560 2864 
182550 3566 3393 
182600 3538 3518 
182650 3567 3547 
182700 3556 3529 
182750 3555 3529 
182800 3556 3536 
182850 3553 3529 
182900 3557 3542 
182950 3560 3547 
183000 3556 3547 
183050 3553 3501 
183100 3556 3447 
183150 3571 3406 
183200 3544 3285 
183250 3553 3208 
183300 3553 3193 
183350 3563 3173 
183400 3556 3152 
183450 3556 3116 
183500 3551 3113 
183550 3557 3451 
183600 3543 3525 
183650 3560 3529 
183700 3542 3521 
183750 3550 3531 
183800 3560 3539 
183850 3557 3538 
183900 3542 3527 
183950 3564 3543 
184000 3549 3535 
184050 3550 3490 
184100 3566 3459 
184150 3559 3390 
184200 3556 3329 
184250 3551 3214 
184300 3559 3155 
184350 3555 3115 
184400 3563 3108 
184450 3567 3041 
184500 3549 2960 
184550 3562 3437 
184600 3559 3518 
184650 3579 3557 
184700 3549 3539 
184750 3557 3541 
184800 3557 3540 
184850 3566 3550 
184900 3562 3542 
184950 3575 3554 
185000 3561 3542 
185050 3546 3481 
185100 3548 3438 
185150 3558 3418 
185200 3555 3305 
185250 3546 3184 
185300 3557 3141 
185350 3558 3081 
185400 3558 3013 
185450 3540 2957 
185500 3554 2893 
185550 3555 3406 
185600 3559 3527 
185650 3557 3535 
185700 3572 3549 
185750 3556 3526 
185800 3558 3533 
185850 3563 3535 
185900 3551 3525 
185950 3558 3545 
186000 3543 3524 
186050 3571 3519 
186100 3551 3419 
186150 3562 3316 
186200 3560 3313 
186250 3561 3231 
186300 3554 3207 
186350 3557 3134 
186400 3557 3048 
186450 3558 2978 
186500 3563 2952 
186550 3571 3408 
186600 3562 3533 
186650 3562 3550 
186700 3561 3534 
186750 3551 3530 
186800 3554 3536 
186850 3559 3551 
186900 3573 3537 
186950 3553 3546 
187000 3560 3545 
187050 3564 3501 
187100 3557 3442 
187150 3549 3330 
187200 3562 3244 
187250 3559 3194 
187300 3548 3186 
187350 3548 3146 
187400 3546 3055 
187450 3547 3020 
187500 3556 2970 
187550 3551 3414 
187600 3560 3538 
187650 3556 3527 
187700 3571 3554 
187750 3547 3531 
187800 3558 3541 
187850 3565 3549 
187900 3564 3551 
187950 3564 3541 
188000 3558 3540 
188050 3557 3522 
188100 3557 3477 
188150 3559 3448 
188200 3546 3404 
188250 3563 3387 
188300 3569 3346 
188350 3563 3238 
188400 3558 3209 
188450 3551 3196 
188500 3560 3207 
188550 3552 3456 
188600 3558 3543 
188650 3554 3536 
188700 3540 3507 
188750 3568 3553 
188800 3566 3548 
188850 3551 3531 
188900 3550 3540 
188950 3550 3531 
189000 3562 3546 
189050 3556 3492 
189100 3547 3421 
189150 3560 3365 
189200 3568 3377 
189250 3541 3335 
189300 3546 3296 
189350 3563 3208 
189400 3559 3241 
189450 3556 3172 
189500 3566 3098 
189550 3545 3440 
189600 3556 3536 
189650 3556 3526 
189700 3561 3542 
189750 3571 3555 
189800 3568 3547 
189850 3559 3548 
189900 3547 3530 
189950 3557 3543 
190000 3549 3531 
190050 3550 3509 
190100 3572 3479 
190150 3574 3422 
190200 3562 3332 
190250 3555 3311 
190300 3552 3271 
190350 3558 3153 
190400 3564 3126 
190450 3543 3023 
190500 3558 3048 
190550 3541 3409 
190600 3562 3539 
190650 3557 3538 
190700 3577 3564 
190750 3568 3544 
190800 3563 3553 
190850 3564 3551 
190900 3549 3533 
190950 3551 3541 
191000 3569 3541 
191050 3567 3489 
191100 3562 3385 
191150 3565 3314 
191200 3560 3260 
191250 3560 3202 
191300 3553 3138 
191350 3558 3091 
191400 3562 3067 
191450 3543 3014 
191500 3554 2975 
191550 3555 3388 
191600 3559 3518 
191650 3541 3524 
191700 3573 3543 
191750 3565 3544 
191800 3558 3543 
191850 3562 3546 
191900 3563 3546 
191950 3550 3536 
192000 3566 3549 
192050 3564 3526 
192100 3569 3477 
192150 3561 3434 
192200 3553 3362 
192250 3558 3309 
192300 3570 3258 
192350 3558 3147 
192400 3549 2986 
192450 3562 2897 
192500 3553 2821 
192550 3543 3288 
192600 3548 3490 
192650 3543 3515 
192700 3546 3526 
192750 3570 3554 
192800 3562 3542 
192850 3556 3534 
192900 3556 3544 
192950 3558 3547 
193000 3552 3539 
193050 3567 3526 
193100 3556 3445 
193150 3562 3419 
193200 3547 3376 
193250 3550 3343 
193300 3556 3321 
193350 3542 3303 
193400 3552 3272 
193450 3560 3238 
193500 3551 3131 
193550 3563 3431 
193600 3556 3521 
193650 3549 3516 
193700 3566 3536 
193750 3552 3539 
193800 3542 3529 
193850 3551 3525 
193900 3554 3539 
193950 3559 3543 
194000 3572 3559 
194050 3554 3518 
194100 3547 3516 
194150 3565 3436 
194200 3560 3382 
194250 3565 3365 
194300 3561 3281 
194350 3562 3191 
194400 3554 3102 
194450 3564 2998 
194500 3562 2927 
194550 3564 3409 
194600 3560 3519 
194650 3552 3533 
194700 3561 3545 
194750 3541 3518 
194800 3552 3533 
194850 3561 3540 
194900 3549 3533 
194950 3542 3529 
195000 3556 3542 
195050 3556 3521 
195100 3558 3442 
195150 3558 3407 
195200 3556 3341 
195250 3551 3277 
195300 3557 3197 
195350 3558 3213 
195400 3563 3193 
195450 3558 3162 
195500 3559 3171 
195550 3548 3453 
195600 3579 3561 
195650 3560 3547 
195700 3562 3546 
195750 3541 3525 
195800 3560 3541 
195850 3552 3529 
195900 3554 3535 
195950 3557 3543 
196000 3548 3534 
196050 3553 3495 
196100 3546 3455 
196150 3561 3437 
196200 3549 3350 
196250 3562 3320 
196300 3553 3246 
196350 3553 3251 
196400 3561 3252 
196450 3564 3195 
196500 3559 3120 
196550 3560 3432 
196600 3549 3516 
196650 3567 3551 
196700 3560 3552 
196750 3561 3544 
196800 3565 3549 
196850 3562 3542 
196900 3551 3534 
196950 3554 3547 
197000 3551 3535 
197050 3571 3538 
197100 3560 3471 
197150 3572 3409 
197200 3565 3338 
197250 3552 3315 
197300 3561 3284 
197350 3568 3226 
197400 3547 3181 
197450 3562 3149 
197500 3559 3075 
197550 3539 3394 
197600 3550 3520 
197650 3553 3531 
197700 3561 3541 
197750 3555 3534 
197800 3565 3545 
197850 3570 3557 
197900 3562 3532 
197950 3564 3538 
198000 3559 3537 
198050 3556 3516 
198100 3543 3414 
198150 3561 3339 
198200 3556 3311 
198250 3555 3235 
198300 3534 3193 
198350 3573 3205 
198400 3555 3142 
198450 3561 3060 
198500 3563 2992 
198550 3545 3397 
198600 3568 3538 
198650 3562 3548 
198700 3565 3554 
198750 3558 3536 
198800 3558 3529 
198850 3549 3525 
198900 3555 3536 
198950 3558 3536 
199000 3540 3528 
199050 3559 3512 
199100 3559 3451 
199150 3553 3363 
199200 3561 3299 
199250 3554 3257 
199300 3554 3204 
199350 3569 3180 
199400 3550 3061 
199450 3559 3038 
199500 3571 3047 
199550 3552 3392 
199600 3565 3528 
199650 3576 3563 
199700 3563 3550 
199750 3539 3523 
199800 3559 3542 
199850 3562 3526 
199900 3550 3543 
199950 3568 3539 
200000 3562 3546 
