# Avida tasks data
# Sat Apr  7 00:28:35 2012
# First column gives the current update, next columns give the number
# of organisms that have the particular task as a component of their merit
#  1: Update
#  2: Xor
#  3: Equals

0 0 0 
50 8 8 
100 36 36 
150 116 116 
200 248 248 
250 416 416 
300 639 639 
350 919 917 
400 1295 1293 
450 1647 1646 
500 2105 2105 
550 2635 2635 
600 3165 3169 
650 3409 3415 
700 3527 3523 
750 3546 3542 
800 3540 3539 
850 3550 3543 
900 3559 3553 
950 3538 3529 
1000 3543 3543 
1050 3545 3540 
1100 3553 3552 
1150 3532 3535 
1200 3540 3540 
1250 3545 3543 
1300 3551 3557 
1350 3539 3535 
1400 3542 3538 
1450 3540 3541 
1500 3561 3564 
1550 3533 3537 
1600 3545 3553 
1650 3561 3559 
1700 3539 3537 
1750 3536 3533 
1800 3544 3538 
1850 3551 3554 
1900 3563 3566 
1950 3531 3530 
2000 3543 3544 
2050 3555 3555 
2100 3535 3537 
2150 3537 3537 
2200 3538 3541 
2250 3543 3545 
2300 3548 3548 
2350 3531 3528 
2400 3527 3530 
2450 3545 3542 
2500 3547 3554 
2550 3541 3541 
2600 3532 3539 
2650 3552 3550 
2700 3549 3547 
2750 3540 3536 
2800 3545 3544 
2850 3545 3546 
2900 3545 3546 
2950 3548 3542 
3000 3533 3530 
3050 3535 3539 
3100 3544 3549 
3150 3532 3530 
3200 3528 3531 
3250 3537 3539 
3300 3538 3534 
3350 3538 3543 
3400 3555 3550 
3450 3562 3562 
3500 3550 3554 
3550 3545 3548 
3600 3539 3545 
3650 3546 3538 
3700 3541 3541 
3750 3521 3517 
3800 3540 3541 
3850 3532 3535 
3900 3556 3549 
3950 3541 3535 
4000 3545 3544 
4050 3553 3551 
4100 3543 3539 
4150 3567 3565 
4200 3520 3527 
4250 3534 3535 
4300 3558 3554 
4350 3550 3551 
4400 3543 3545 
4450 3552 3546 
4500 3549 3546 
4550 3540 3534 
4600 3540 3537 
4650 3553 3551 
4700 3544 3544 
4750 3536 3544 
4800 3539 3542 
4850 3546 3546 
4900 3545 3549 
4950 3533 3538 
5000 3550 3550 
5050 3529 3531 
5100 3550 3548 
5150 3550 3555 
5200 3548 3547 
5250 3537 3541 
5300 3528 3525 
5350 3546 3548 
5400 3535 3532 
5450 3550 3541 
5500 3545 3542 
5550 3557 3557 
5600 3545 3545 
5650 3548 3541 
5700 3537 3534 
5750 3535 3532 
5800 3541 3541 
5850 3549 3555 
5900 3541 3536 
5950 3541 3547 
6000 3552 3550 
6050 3550 3553 
6100 3550 3550 
6150 3523 3525 
6200 3550 3549 
6250 3545 3541 
6300 3542 3538 
6350 3535 3533 
6400 3544 3537 
6450 3532 3526 
6500 3536 3534 
6550 3546 3546 
6600 3543 3541 
6650 3547 3549 
6700 3540 3545 
6750 3538 3549 
6800 3532 3532 
6850 3547 3545 
6900 3536 3538 
6950 3540 3536 
7000 3547 3551 
7050 3543 3545 
7100 3530 3538 
7150 3527 3528 
7200 3547 3545 
7250 3531 3530 
7300 3545 3540 
7350 3541 3544 
7400 3548 3538 
7450 3547 3539 
7500 3553 3550 
7550 3556 3555 
7600 3556 3560 
7650 3548 3545 
7700 3541 3544 
7750 3530 3531 
7800 3547 3550 
7850 3533 3531 
7900 3554 3557 
7950 3543 3549 
8000 3536 3540 
8050 3552 3552 
8100 3530 3526 
8150 3541 3541 
8200 3541 3544 
8250 3547 3548 
8300 3555 3553 
8350 3554 3552 
8400 3558 3558 
8450 3548 3545 
8500 3548 3545 
8550 3544 3541 
8600 3548 3550 
8650 3548 3550 
8700 3540 3545 
8750 3552 3551 
8800 3543 3537 
8850 3544 3542 
8900 3560 3558 
8950 3542 3534 
9000 3535 3534 
9050 3552 3553 
9100 3556 3556 
9150 3547 3548 
9200 3560 3563 
9250 3535 3533 
9300 3541 3537 
9350 3536 3530 
9400 3538 3539 
9450 3542 3542 
9500 3544 3543 
9550 3540 3533 
9600 3539 3534 
9650 3544 3549 
9700 3544 3544 
9750 3538 3535 
9800 3541 3535 
9850 3545 3543 
9900 3550 3548 
9950 3523 3520 
10000 3536 3526 
10050 3524 3524 
10100 3553 3549 
10150 3538 3533 
10200 3549 3548 
10250 3541 3542 
10300 3550 3550 
10350 3557 3556 
10400 3533 3532 
10450 3540 3546 
10500 3544 3552 
10550 3532 3530 
10600 3539 3547 
10650 3535 3527 
10700 3545 3545 
10750 3544 3539 
10800 3543 3543 
10850 3554 3549 
10900 3547 3549 
10950 3537 3537 
11000 3536 3539 
11050 3546 3549 
11100 3537 3533 
11150 3536 3533 
11200 3542 3545 
11250 3532 3538 
11300 3538 3542 
11350 3548 3546 
11400 3545 3549 
11450 3539 3536 
11500 3538 3533 
11550 3549 3554 
11600 3562 3563 
11650 3539 3548 
11700 3548 3546 
11750 3542 3545 
11800 3553 3548 
11850 3541 3539 
11900 3542 3539 
11950 3550 3549 
12000 3547 3549 
12050 3562 3556 
12100 3543 3544 
12150 3542 3543 
12200 3551 3550 
12250 3552 3551 
12300 3542 3546 
12350 3546 3556 
12400 3539 3543 
12450 3550 3545 
12500 3549 3549 
12550 3548 3547 
12600 3539 3540 
12650 3540 3540 
12700 3543 3540 
12750 3545 3542 
12800 3540 3545 
12850 3552 3549 
12900 3554 3560 
12950 3545 3542 
13000 3531 3534 
13050 3543 3548 
13100 3545 3542 
13150 3527 3528 
13200 3549 3549 
13250 3554 3556 
13300 3559 3555 
13350 3554 3555 
13400 3552 3548 
13450 3538 3536 
13500 3541 3534 
13550 3525 3527 
13600 3537 3538 
13650 3544 3541 
13700 3551 3545 
13750 3548 3552 
13800 3540 3536 
13850 3565 3557 
13900 3536 3544 
13950 3532 3532 
14000 3536 3532 
14050 3543 3545 
14100 3545 3542 
14150 3532 3532 
14200 3543 3544 
14250 3557 3558 
14300 3545 3551 
14350 3536 3546 
14400 3562 3554 
14450 3544 3546 
14500 3542 3536 
14550 3529 3533 
14600 3547 3548 
14650 3551 3556 
14700 3554 3556 
14750 3543 3536 
14800 3543 3537 
14850 3545 3541 
14900 3548 3553 
14950 3532 3527 
15000 3529 3521 
15050 3540 3541 
15100 3553 3550 
15150 3549 3555 
15200 3535 3532 
15250 3537 3534 
15300 3548 3547 
15350 3537 3537 
15400 3534 3534 
15450 3541 3539 
15500 3559 3557 
15550 3544 3537 
15600 3543 3540 
15650 3548 3548 
15700 3536 3538 
15750 3554 3550 
15800 3549 3548 
15850 3536 3536 
15900 3543 3545 
15950 3565 3563 
16000 3538 3540 
16050 3540 3533 
16100 3551 3544 
16150 3542 3536 
16200 3536 3534 
16250 3550 3555 
16300 3547 3547 
16350 3557 3562 
16400 3546 3547 
16450 3557 3561 
16500 3541 3544 
16550 3534 3542 
16600 3543 3544 
16650 3524 3516 
16700 3538 3545 
16750 3546 3548 
16800 3540 3541 
16850 3549 3548 
16900 3560 3558 
16950 3550 3552 
17000 3546 3547 
17050 3546 3546 
17100 3560 3558 
17150 3558 3550 
17200 3541 3543 
17250 3537 3539 
17300 3542 3543 
17350 3543 3538 
17400 3543 3546 
17450 3543 3542 
17500 3540 3537 
17550 3531 3536 
17600 3535 3534 
17650 3539 3541 
17700 3549 3556 
17750 3539 3543 
17800 3528 3519 
17850 3551 3549 
17900 3548 3547 
17950 3554 3558 
18000 3548 3546 
18050 3532 3538 
18100 3548 3539 
18150 3534 3531 
18200 3542 3543 
18250 3567 3569 
18300 3563 3567 
18350 3527 3524 
18400 3544 3543 
18450 3534 3536 
18500 3548 3552 
18550 3533 3538 
18600 3540 3542 
18650 3532 3531 
18700 3553 3553 
18750 3552 3552 
18800 3547 3549 
18850 3549 3544 
18900 3553 3552 
18950 3546 3547 
19000 3557 3555 
19050 3536 3539 
19100 3553 3554 
19150 3549 3551 
19200 3545 3544 
19250 3554 3558 
19300 3528 3534 
19350 3553 3553 
19400 3554 3551 
19450 3541 3537 
19500 3557 3555 
19550 3545 3553 
19600 3557 3556 
19650 3531 3529 
19700 3545 3543 
19750 3558 3554 
19800 3531 3527 
19850 3547 3548 
19900 3548 3549 
19950 3544 3543 
20000 3543 3542 
20050 3554 3553 
20100 3554 3557 
20150 3541 3535 
20200 3557 3551 
20250 3535 3536 
20300 3554 3553 
20350 3531 3534 
20400 3531 3537 
20450 3561 3559 
20500 3548 3544 
20550 3546 3541 
20600 3553 3555 
20650 3542 3544 
20700 3556 3565 
20750 3545 3547 
20800 3545 3545 
20850 3549 3550 
20900 3537 3537 
20950 3546 3548 
21000 3547 3545 
21050 3545 3540 
21100 3554 3553 
21150 3546 3543 
21200 3557 3560 
21250 3543 3547 
21300 3542 3541 
21350 3533 3531 
21400 3533 3538 
21450 3551 3546 
21500 3535 3531 
21550 3554 3546 
21600 3558 3552 
21650 3553 3552 
21700 3543 3544 
21750 3565 3563 
21800 3553 3557 
21850 3547 3548 
21900 3552 3558 
21950 3546 3553 
22000 3542 3545 
22050 3540 3544 
22100 3559 3560 
22150 3560 3555 
22200 3556 3552 
22250 3548 3546 
22300 3544 3547 
22350 3546 3554 
22400 3538 3540 
22450 3543 3545 
22500 3556 3558 
22550 3534 3539 
22600 3535 3536 
22650 3548 3548 
22700 3545 3546 
22750 3560 3555 
22800 3551 3543 
22850 3549 3548 
22900 3554 3553 
22950 3552 3544 
23000 3548 3547 
23050 3556 3556 
23100 3552 3554 
23150 3565 3550 
23200 3553 3553 
23250 3545 3545 
23300 3529 3524 
23350 3536 3534 
23400 3549 3543 
23450 3550 3545 
23500 3553 3555 
23550 3548 3547 
23600 3553 3555 
23650 3534 3535 
23700 3546 3552 
23750 3538 3541 
23800 3556 3554 
23850 3546 3551 
23900 3551 3548 
23950 3547 3555 
24000 3537 3533 
24050 3550 3552 
24100 3529 3534 
24150 3554 3550 
24200 3542 3546 
24250 3549 3556 
24300 3538 3537 
24350 3564 3563 
24400 3535 3527 
24450 3550 3550 
24500 3529 3527 
24550 3541 3541 
24600 3535 3527 
24650 3555 3548 
24700 3542 3546 
24750 3548 3547 
24800 3557 3556 
24850 3552 3551 
24900 3547 3543 
24950 3556 3561 
25000 3563 3565 
25050 3541 3542 
25100 3561 3555 
25150 3552 3555 
25200 3537 3538 
25250 3546 3544 
25300 3553 3553 
25350 3555 3561 
25400 3560 3556 
25450 3549 3555 
25500 3533 3539 
25550 3544 3539 
25600 3553 3553 
25650 3539 3538 
25700 3546 3543 
25750 3561 3559 
25800 3545 3545 
25850 3541 3541 
25900 3546 3543 
25950 3527 3531 
26000 3549 3550 
26050 3565 3564 
26100 3559 3558 
26150 3560 3562 
26200 3559 3561 
26250 3528 3530 
26300 3544 3547 
26350 3530 3531 
26400 3552 3551 
26450 3546 3551 
26500 3553 3552 
26550 3537 3539 
26600 3538 3546 
26650 3545 3554 
26700 3549 3545 
26750 3543 3546 
26800 3550 3553 
26850 3543 3538 
26900 3542 3542 
26950 3545 3548 
27000 3553 3546 
27050 3525 3523 
27100 3533 3535 
27150 3527 3534 
27200 3532 3531 
27250 3551 3548 
27300 3538 3543 
27350 3541 3543 
27400 3536 3536 
27450 3548 3553 
27500 3538 3543 
27550 3555 3554 
27600 3558 3561 
27650 3548 3556 
27700 3540 3541 
27750 3546 3544 
27800 3536 3534 
27850 3544 3543 
27900 3542 3544 
27950 3557 3559 
28000 3551 3545 
28050 3552 3548 
28100 3559 3559 
28150 3556 3561 
28200 3544 3545 
28250 3546 3543 
28300 3539 3542 
28350 3559 3562 
28400 3551 3553 
28450 3553 3556 
28500 3555 3556 
28550 3555 3551 
28600 3538 3539 
28650 3549 3546 
28700 3546 3546 
28750 3547 3551 
28800 3548 3556 
28850 3543 3543 
28900 3550 3555 
28950 3552 3551 
29000 3543 3538 
29050 3546 3547 
29100 3558 3557 
29150 3539 3538 
29200 3546 3540 
29250 3560 3554 
29300 3558 3556 
29350 3544 3548 
29400 3547 3552 
29450 3544 3548 
29500 3549 3553 
29550 3544 3545 
29600 3552 3552 
29650 3540 3550 
29700 3552 3554 
29750 3553 3554 
29800 3542 3541 
29850 3545 3543 
29900 3547 3547 
29950 3536 3534 
30000 3559 3559 
30050 3564 3564 
30100 3545 3545 
30150 3547 3548 
30200 3537 3532 
30250 3548 3552 
30300 3550 3544 
30350 3551 3556 
30400 3544 3545 
30450 3544 3544 
30500 3554 3552 
30550 3552 3553 
30600 3558 3559 
30650 3557 3552 
30700 3546 3544 
30750 3544 3542 
30800 3551 3553 
30850 3541 3548 
30900 3554 3559 
30950 3533 3541 
31000 3542 3551 
31050 3539 3547 
31100 3548 3554 
31150 3536 3538 
31200 3548 3543 
31250 3541 3543 
31300 3548 3554 
31350 3547 3547 
31400 3543 3543 
31450 3556 3550 
31500 3540 3542 
31550 3538 3532 
31600 3556 3548 
31650 3554 3547 
31700 3543 3548 
31750 3549 3547 
31800 3547 3554 
31850 3542 3549 
31900 3540 3546 
31950 3547 3549 
32000 3562 3562 
32050 3545 3544 
32100 3520 3522 
32150 3544 3541 
32200 3549 3549 
32250 3544 3541 
32300 3543 3548 
32350 3542 3545 
32400 3557 3555 
32450 3544 3544 
32500 3543 3545 
32550 3554 3555 
32600 3537 3533 
32650 3541 3541 
32700 3544 3545 
32750 3538 3543 
32800 3564 3564 
32850 3550 3557 
32900 3528 3525 
32950 3556 3557 
33000 3554 3554 
33050 3557 3561 
33100 3540 3547 
33150 3557 3559 
33200 3544 3549 
33250 3555 3561 
33300 3535 3536 
33350 3542 3544 
33400 3552 3549 
33450 3548 3545 
33500 3545 3547 
33550 3553 3554 
33600 3548 3551 
33650 3548 3549 
33700 3552 3557 
33750 3553 3558 
33800 3541 3539 
33850 3550 3548 
33900 3555 3549 
33950 3557 3556 
34000 3551 3547 
34050 3539 3532 
34100 3554 3550 
34150 3563 3559 
34200 3562 3562 
34250 3536 3537 
34300 3557 3556 
34350 3539 3536 
34400 3537 3542 
34450 3556 3560 
34500 3554 3558 
34550 3557 3561 
34600 3539 3533 
34650 3553 3549 
34700 3547 3543 
34750 3547 3546 
34800 3542 3544 
34850 3546 3547 
34900 3557 3559 
34950 3542 3546 
35000 3554 3551 
35050 3554 3546 
35100 3552 3556 
35150 3559 3565 
35200 3539 3546 
35250 3538 3540 
35300 3544 3547 
35350 3543 3543 
35400 3559 3558 
35450 3549 3548 
35500 3552 3552 
35550 3546 3542 
35600 3546 3551 
35650 3550 3544 
35700 3553 3551 
35750 3548 3554 
35800 3553 3550 
35850 3552 3552 
35900 3553 3550 
35950 3551 3550 
36000 3541 3549 
36050 3549 3547 
36100 3530 3535 
36150 3546 3543 
36200 3534 3531 
36250 3537 3535 
36300 3553 3553 
36350 3552 3545 
36400 3544 3542 
36450 3556 3552 
36500 3554 3550 
36550 3551 3550 
36600 3552 3558 
36650 3543 3536 
36700 3545 3546 
36750 3537 3531 
36800 3562 3559 
36850 3542 3545 
36900 3545 3553 
36950 3535 3539 
37000 3540 3547 
37050 3554 3554 
37100 3549 3545 
37150 3559 3558 
37200 3546 3549 
37250 3554 3557 
37300 3559 3558 
37350 3557 3552 
37400 3543 3541 
37450 3543 3542 
37500 3540 3542 
37550 3545 3541 
37600 3550 3545 
37650 3554 3557 
37700 3540 3539 
37750 3541 3542 
37800 3555 3552 
37850 3546 3548 
37900 3551 3550 
37950 3546 3541 
38000 3552 3552 
38050 3553 3548 
38100 3560 3558 
38150 3545 3544 
38200 3559 3553 
38250 3559 3557 
38300 3555 3547 
38350 3558 3550 
38400 3542 3540 
38450 3543 3538 
38500 3551 3551 
38550 3550 3548 
38600 3550 3545 
38650 3556 3560 
38700 3551 3547 
38750 3562 3559 
38800 3549 3547 
38850 3540 3540 
38900 3555 3561 
38950 3541 3549 
39000 3547 3551 
39050 3541 3541 
39100 3548 3552 
39150 3560 3562 
39200 3548 3550 
39250 3538 3540 
39300 3547 3547 
39350 3540 3546 
39400 3544 3549 
39450 3534 3534 
39500 3545 3541 
39550 3550 3548 
39600 3536 3538 
39650 3559 3552 
39700 3550 3547 
39750 3538 3547 
39800 3536 3538 
39850 3551 3545 
39900 3546 3541 
39950 3535 3540 
40000 3548 3548 
40050 3537 3543 
40100 3533 3534 
40150 3542 3544 
40200 3540 3542 
40250 3561 3561 
40300 3557 3558 
40350 3538 3539 
40400 3527 3528 
40450 3534 3546 
40500 3552 3556 
40550 3549 3545 
40600 3545 3542 
40650 3561 3557 
40700 3551 3558 
40750 3559 3558 
40800 3559 3561 
40850 3560 3564 
40900 3542 3548 
40950 3552 3556 
41000 3533 3535 
41050 3531 3532 
41100 3551 3553 
41150 3526 3534 
41200 3547 3549 
41250 3548 3544 
41300 3540 3537 
41350 3564 3559 
41400 3558 3558 
41450 3549 3554 
41500 3537 3537 
41550 3531 3537 
41600 3556 3545 
41650 3557 3556 
41700 3547 3548 
41750 3561 3559 
41800 3563 3554 
41850 3553 3554 
41900 3552 3549 
41950 3549 3548 
42000 3539 3531 
42050 3558 3555 
42100 3544 3538 
42150 3549 3544 
42200 3545 3545 
42250 3546 3549 
42300 3549 3544 
42350 3533 3534 
42400 3549 3545 
42450 3548 3551 
42500 3539 3546 
42550 3547 3550 
42600 3543 3544 
42650 3564 3567 
42700 3560 3559 
42750 3547 3545 
42800 3542 3541 
42850 3541 3539 
42900 3540 3538 
42950 3542 3547 
43000 3536 3531 
43050 3545 3545 
43100 3538 3534 
43150 3550 3546 
43200 3552 3551 
43250 3544 3544 
43300 3532 3534 
43350 3550 3543 
43400 3561 3550 
43450 3550 3545 
43500 3551 3544 
43550 3538 3536 
43600 3543 3545 
43650 3556 3551 
43700 3526 3526 
43750 3532 3535 
43800 3554 3548 
43850 3560 3558 
43900 3545 3546 
43950 3543 3548 
44000 3542 3549 
44050 3557 3555 
44100 3549 3544 
44150 3542 3546 
44200 3548 3544 
44250 3543 3538 
44300 3554 3554 
44350 3550 3552 
44400 3558 3551 
44450 3557 3551 
44500 3546 3545 
44550 3540 3534 
44600 3544 3541 
44650 3555 3549 
44700 3560 3558 
44750 3545 3546 
44800 3541 3537 
44850 3520 3523 
44900 3543 3544 
44950 3565 3566 
45000 3561 3557 
45050 3542 3537 
45100 3553 3550 
45150 3543 3543 
45200 3547 3546 
45250 3555 3546 
45300 3539 3537 
45350 3546 3542 
45400 3546 3551 
45450 3539 3540 
45500 3554 3554 
45550 3554 3555 
45600 3520 3522 
45650 3547 3546 
45700 3546 3547 
45750 3533 3533 
45800 3540 3535 
45850 3555 3547 
45900 3534 3525 
45950 3562 3555 
46000 3561 3550 
46050 3555 3560 
46100 3538 3544 
46150 3534 3535 
46200 3545 3545 
46250 3545 3550 
46300 3535 3543 
46350 3534 3531 
46400 3554 3551 
46450 3553 3554 
46500 3562 3557 
46550 3540 3538 
46600 3544 3542 
46650 3565 3565 
46700 3540 3546 
46750 3539 3547 
46800 3553 3549 
46850 3551 3550 
46900 3546 3549 
46950 3559 3558 
47000 3551 3550 
47050 3535 3536 
47100 3553 3551 
47150 3537 3542 
47200 3551 3557 
47250 3561 3557 
47300 3538 3539 
47350 3553 3556 
47400 3544 3545 
47450 3552 3555 
47500 3553 3550 
47550 3545 3541 
47600 3536 3534 
47650 3544 3545 
47700 3555 3556 
47750 3547 3545 
47800 3539 3530 
47850 3537 3531 
47900 3559 3559 
47950 3543 3544 
48000 3540 3537 
48050 3540 3539 
48100 3554 3557 
48150 3541 3538 
48200 3552 3551 
48250 3556 3555 
48300 3547 3545 
48350 3542 3547 
48400 3537 3534 
48450 3557 3561 
48500 3546 3547 
48550 3546 3541 
48600 3542 3541 
48650 3555 3551 
48700 3537 3530 
48750 3543 3540 
48800 3546 3545 
48850 3553 3551 
48900 3542 3537 
48950 3556 3561 
49000 3556 3558 
49050 3545 3546 
49100 3552 3558 
49150 3552 3558 
49200 3545 3550 
49250 3543 3549 
49300 3540 3537 
49350 3550 3546 
49400 3540 3541 
49450 3548 3539 
49500 3541 3534 
49550 3559 3557 
49600 3553 3553 
49650 3540 3541 
49700 3546 3545 
49750 3532 3533 
49800 3547 3546 
49850 3554 3551 
49900 3558 3557 
49950 3541 3542 
50000 3554 3552 
50050 3559 3559 
50100 3553 3558 
50150 3544 3540 
50200 3571 3560 
50250 3537 3541 
50300 3556 3559 
50350 3560 3559 
50400 3549 3546 
50450 3548 3547 
50500 3533 3537 
50550 3572 3573 
50600 3544 3544 
50650 3543 3534 
50700 3536 3532 
50750 3546 3544 
50800 3541 3543 
50850 3541 3541 
50900 3537 3533 
50950 3544 3544 
51000 3551 3549 
51050 3531 3532 
51100 3560 3559 
51150 3537 3539 
51200 3550 3549 
51250 3545 3549 
51300 3538 3536 
51350 3537 3537 
51400 3556 3556 
51450 3558 3558 
51500 3549 3541 
51550 3559 3558 
51600 3560 3559 
51650 3571 3568 
51700 3550 3552 
51750 3533 3536 
51800 3545 3545 
51850 3530 3531 
51900 3562 3560 
51950 3545 3548 
52000 3539 3536 
52050 3565 3567 
52100 3545 3544 
52150 3554 3561 
52200 3539 3540 
52250 3554 3547 
52300 3553 3551 
52350 3555 3556 
52400 3541 3547 
52450 3536 3537 
52500 3550 3551 
52550 3546 3539 
52600 3566 3563 
52650 3549 3555 
52700 3536 3547 
52750 3541 3542 
52800 3558 3555 
52850 3554 3552 
52900 3527 3529 
52950 3544 3544 
53000 3537 3540 
53050 3551 3548 
53100 3551 3553 
53150 3543 3543 
53200 3546 3551 
53250 3551 3552 
53300 3561 3559 
53350 3533 3530 
53400 3543 3538 
53450 3557 3560 
53500 3532 3532 
53550 3532 3536 
53600 3553 3552 
53650 3545 3545 
53700 3546 3546 
53750 3541 3541 
53800 3559 3557 
53850 3568 3560 
53900 3551 3547 
53950 3536 3533 
54000 3564 3554 
54050 3554 3554 
54100 3538 3540 
54150 3551 3548 
54200 3565 3564 
54250 3553 3554 
54300 3547 3547 
54350 3572 3575 
54400 3549 3548 
54450 3538 3534 
54500 3539 3537 
54550 3547 3545 
54600 3547 3548 
54650 3539 3543 
54700 3538 3538 
54750 3550 3547 
54800 3562 3564 
54850 3546 3549 
54900 3547 3548 
54950 3546 3546 
55000 3556 3555 
55050 3553 3551 
55100 3558 3553 
55150 3545 3546 
55200 3542 3538 
55250 3544 3541 
55300 3558 3555 
55350 3538 3538 
55400 3559 3559 
55450 3552 3552 
55500 3565 3558 
55550 3549 3543 
55600 3554 3552 
55650 3549 3548 
55700 3542 3545 
55750 3554 3548 
55800 3556 3551 
55850 3541 3539 
55900 3556 3561 
55950 3559 3558 
56000 3552 3560 
56050 3549 3555 
56100 3553 3546 
56150 3559 3559 
56200 3544 3545 
56250 3560 3561 
56300 3557 3560 
56350 3551 3544 
56400 3539 3533 
56450 3540 3542 
56500 3553 3554 
56550 3555 3563 
56600 3557 3559 
56650 3541 3547 
56700 3545 3542 
56750 3564 3558 
56800 3558 3563 
56850 3551 3558 
56900 3545 3540 
56950 3554 3548 
57000 3554 3558 
57050 3556 3545 
57100 3538 3538 
57150 3539 3540 
57200 3548 3547 
57250 3547 3543 
57300 3548 3543 
57350 3553 3554 
57400 3536 3547 
57450 3537 3538 
57500 3549 3550 
57550 3549 3541 
57600 3546 3547 
57650 3544 3549 
57700 3547 3553 
57750 3557 3556 
57800 3554 3554 
57850 3555 3556 
57900 3552 3547 
57950 3571 3567 
58000 3537 3544 
58050 3550 3554 
58100 3543 3538 
58150 3553 3553 
58200 3548 3548 
58250 3549 3545 
58300 3532 3526 
58350 3548 3544 
58400 3550 3551 
58450 3559 3559 
58500 3530 3534 
58550 3539 3542 
58600 3552 3549 
58650 3550 3552 
58700 3551 3561 
58750 3557 3552 
58800 3556 3560 
58850 3549 3545 
58900 3553 3548 
58950 3549 3547 
59000 3541 3545 
59050 3554 3552 
59100 3546 3551 
59150 3537 3547 
59200 3549 3554 
59250 3553 3552 
59300 3549 3550 
59350 3530 3535 
59400 3543 3539 
59450 3545 3543 
59500 3547 3546 
59550 3545 3539 
59600 3547 3546 
59650 3551 3550 
59700 3543 3541 
59750 3544 3538 
59800 3545 3543 
59850 3548 3549 
59900 3563 3561 
59950 3559 3558 
60000 3529 3532 
60050 3559 3559 
60100 3555 3563 
60150 3526 3523 
60200 3553 3555 
60250 3547 3547 
60300 3553 3550 
60350 3558 3553 
60400 3553 3554 
60450 3559 3559 
60500 3538 3542 
60550 3539 3536 
60600 3550 3552 
60650 3555 3558 
60700 3553 3549 
60750 3558 3565 
60800 3561 3568 
60850 3551 3550 
60900 3546 3545 
60950 3542 3549 
61000 3535 3532 
61050 3556 3557 
61100 3540 3540 
61150 3556 3559 
61200 3551 3550 
61250 3544 3542 
61300 3557 3555 
61350 3544 3545 
61400 3537 3542 
61450 3559 3557 
61500 3542 3541 
61550 3541 3542 
61600 3562 3559 
61650 3545 3543 
61700 3543 3539 
61750 3535 3533 
61800 3557 3559 
61850 3556 3558 
61900 3543 3545 
61950 3537 3540 
62000 3555 3554 
62050 3561 3556 
62100 3556 3556 
62150 3564 3563 
62200 3559 3558 
62250 3541 3549 
62300 3543 3547 
62350 3536 3540 
62400 3547 3544 
62450 3548 3545 
62500 3547 3552 
62550 3555 3554 
62600 3552 3549 
62650 3541 3546 
62700 3542 3541 
62750 3557 3559 
62800 3535 3540 
62850 3553 3551 
62900 3541 3547 
62950 3533 3538 
63000 3548 3548 
63050 3560 3558 
63100 3538 3538 
63150 3553 3555 
63200 3557 3553 
63250 3545 3544 
63300 3551 3555 
63350 3558 3556 
63400 3542 3541 
63450 3541 3541 
63500 3554 3545 
63550 3543 3541 
63600 3543 3542 
63650 3553 3552 
63700 3547 3543 
63750 3549 3545 
63800 3547 3540 
63850 3572 3571 
63900 3546 3545 
63950 3545 3540 
64000 3552 3553 
64050 3548 3545 
64100 3566 3566 
64150 3551 3542 
64200 3541 3537 
64250 3541 3538 
64300 3557 3562 
64350 3542 3544 
64400 3544 3544 
64450 3556 3556 
64500 3544 3552 
64550 3550 3549 
64600 3567 3564 
64650 3561 3560 
64700 3548 3544 
64750 3543 3548 
64800 3557 3561 
64850 3559 3559 
64900 3552 3548 
64950 3547 3550 
65000 3555 3559 
65050 3553 3554 
65100 3539 3540 
65150 3552 3550 
65200 3549 3546 
65250 3546 3542 
65300 3555 3556 
65350 3549 3552 
65400 3557 3554 
65450 3556 3558 
65500 3555 3555 
65550 3550 3547 
65600 3559 3565 
65650 3539 3544 
65700 3550 3550 
65750 3569 3568 
65800 3553 3550 
65850 3546 3539 
65900 3556 3551 
65950 3549 3543 
66000 3555 3551 
66050 3533 3535 
66100 3556 3555 
66150 3554 3546 
66200 3537 3542 
66250 3548 3551 
66300 3542 3538 
66350 3561 3555 
66400 3552 3549 
66450 3546 3550 
66500 3556 3552 
66550 3552 3554 
66600 3538 3543 
66650 3547 3550 
66700 3554 3550 
66750 3561 3558 
66800 3552 3550 
66850 3553 3551 
66900 3536 3543 
66950 3554 3555 
67000 3547 3543 
67050 3541 3533 
67100 3548 3548 
67150 3542 3545 
67200 3553 3556 
67250 3567 3563 
67300 3540 3536 
67350 3560 3558 
67400 3556 3552 
67450 3541 3547 
67500 3555 3559 
67550 3557 3559 
67600 3543 3544 
67650 3548 3546 
67700 3541 3545 
67750 3546 3545 
67800 3553 3550 
67850 3540 3544 
67900 3555 3557 
67950 3551 3540 
68000 3560 3566 
68050 3548 3541 
68100 3545 3543 
68150 3556 3559 
68200 3551 3559 
68250 3536 3537 
68300 3556 3555 
68350 3554 3556 
68400 3551 3553 
68450 3540 3540 
68500 3540 3548 
68550 3539 3537 
68600 3560 3554 
68650 3551 3557 
68700 3559 3557 
68750 3554 3552 
68800 3550 3554 
68850 3545 3548 
68900 3531 3527 
68950 3554 3557 
69000 3544 3544 
69050 3551 3547 
69100 3542 3540 
69150 3541 3545 
69200 3535 3527 
69250 3561 3561 
69300 3541 3549 
69350 3549 3548 
69400 3552 3555 
69450 3563 3563 
69500 3544 3549 
69550 3556 3551 
69600 3554 3552 
69650 3540 3544 
69700 3542 3538 
69750 3544 3545 
69800 3544 3547 
69850 3540 3541 
69900 3555 3555 
69950 3557 3560 
70000 3544 3543 
70050 3553 3553 
70100 3561 3559 
70150 3555 3557 
70200 3557 3556 
70250 3563 3562 
70300 3548 3554 
70350 3552 3543 
70400 3560 3556 
70450 3539 3544 
70500 3543 3546 
70550 3569 3567 
70600 3551 3544 
70650 3562 3562 
70700 3546 3552 
70750 3537 3535 
70800 3541 3541 
70850 3544 3539 
70900 3554 3548 
70950 3548 3549 
71000 3546 3547 
71050 3550 3550 
71100 3552 3545 
71150 3549 3553 
71200 3557 3550 
71250 3537 3543 
71300 3544 3542 
71350 3546 3541 
71400 3551 3556 
71450 3552 3550 
71500 3545 3545 
71550 3540 3541 
71600 3560 3563 
71650 3553 3553 
71700 3542 3541 
71750 3550 3547 
71800 3553 3541 
71850 3553 3557 
71900 3542 3542 
71950 3546 3541 
72000 3543 3540 
72050 3551 3550 
72100 3561 3563 
72150 3566 3564 
72200 3545 3559 
72250 3558 3558 
72300 3547 3555 
72350 3529 3539 
72400 3554 3555 
72450 3539 3533 
72500 3557 3549 
72550 3543 3545 
72600 3557 3557 
72650 3538 3534 
72700 3535 3534 
72750 3560 3562 
72800 3548 3542 
72850 3557 3555 
72900 3544 3548 
72950 3553 3548 
73000 3552 3540 
73050 3548 3545 
73100 3541 3537 
73150 3539 3538 
73200 3524 3533 
73250 3549 3551 
73300 3538 3534 
73350 3537 3535 
73400 3536 3533 
73450 3541 3542 
73500 3553 3553 
73550 3534 3541 
73600 3559 3566 
73650 3552 3557 
73700 3548 3544 
73750 3545 3546 
73800 3543 3541 
73850 3535 3541 
73900 3552 3551 
73950 3542 3550 
74000 3548 3549 
74050 3542 3546 
74100 3549 3552 
74150 3548 3545 
74200 3566 3561 
74250 3539 3540 
74300 3536 3540 
74350 3536 3539 
74400 3527 3529 
74450 3545 3544 
74500 3543 3539 
74550 3555 3553 
74600 3559 3560 
74650 3565 3561 
74700 3566 3569 
74750 3555 3556 
74800 3546 3547 
74850 3556 3555 
74900 3535 3539 
74950 3550 3547 
75000 3535 3530 
75050 3537 3533 
75100 3550 3549 
75150 3568 3567 
75200 3531 3538 
75250 3546 3544 
75300 3551 3552 
75350 3539 3540 
75400 3537 3537 
75450 3550 3542 
75500 3563 3561 
75550 3548 3547 
75600 3554 3555 
75650 3562 3560 
75700 3555 3557 
75750 3538 3539 
75800 3533 3529 
75850 3553 3559 
75900 3557 3558 
75950 3562 3564 
76000 3527 3526 
76050 3549 3549 
76100 3556 3548 
76150 3560 3562 
76200 3547 3555 
76250 3544 3552 
76300 3543 3544 
76350 3530 3528 
76400 3549 3548 
76450 3556 3550 
76500 3550 3550 
76550 3531 3521 
76600 3563 3563 
76650 3562 3561 
76700 3555 3554 
76750 3549 3546 
76800 3558 3559 
76850 3567 3566 
76900 3548 3545 
76950 3546 3543 
77000 3544 3552 
77050 3533 3535 
77100 3552 3554 
77150 3540 3538 
77200 3551 3548 
77250 3546 3538 
77300 3542 3542 
77350 3553 3554 
77400 3551 3543 
77450 3545 3540 
77500 3544 3536 
77550 3553 3548 
77600 3537 3534 
77650 3550 3549 
77700 3560 3560 
77750 3545 3544 
77800 3538 3534 
77850 3556 3554 
77900 3560 3559 
77950 3562 3565 
78000 3558 3553 
78050 3563 3558 
78100 3549 3543 
78150 3541 3537 
78200 3535 3532 
78250 3543 3542 
78300 3545 3539 
78350 3554 3551 
78400 3552 3550 
78450 3548 3551 
78500 3555 3552 
78550 3545 3548 
78600 3555 3555 
78650 3543 3539 
78700 3552 3556 
78750 3537 3538 
78800 3561 3560 
78850 3551 3550 
78900 3567 3569 
78950 3552 3550 
79000 3540 3547 
79050 3534 3537 
79100 3548 3556 
79150 3524 3525 
79200 3548 3550 
79250 3550 3556 
79300 3556 3550 
79350 3546 3539 
79400 3561 3559 
79450 3543 3541 
79500 3551 3553 
79550 3544 3547 
79600 3538 3553 
79650 3562 3558 
79700 3560 3555 
79750 3550 3555 
79800 3538 3534 
79850 3538 3542 
79900 3531 3536 
79950 3540 3546 
80000 3546 3547 
80050 3543 3541 
80100 3549 3545 
80150 3545 3538 
80200 3553 3547 
80250 3558 3554 
80300 3550 3549 
80350 3546 3546 
80400 3537 3538 
80450 3557 3558 
80500 3550 3552 
80550 3559 3555 
80600 3533 3531 
80650 3535 3540 
80700 3536 3534 
80750 3546 3549 
80800 3554 3558 
80850 3551 3550 
80900 3546 3550 
80950 3546 3549 
81000 3556 3556 
81050 3539 3541 
81100 3552 3550 
81150 3553 3548 
81200 3548 3547 
81250 3553 3558 
81300 3542 3543 
81350 3544 3538 
81400 3548 3547 
81450 3548 3544 
81500 3544 3542 
81550 3546 3549 
81600 3543 3547 
81650 3565 3562 
81700 3557 3556 
81750 3552 3549 
81800 3537 3532 
81850 3527 3521 
81900 3543 3546 
81950 3547 3548 
82000 3556 3557 
82050 3550 3544 
82100 3544 3548 
82150 3550 3547 
82200 3553 3555 
82250 3545 3544 
82300 3548 3543 
82350 3543 3547 
82400 3550 3556 
82450 3543 3551 
82500 3540 3541 
82550 3528 3536 
82600 3555 3562 
82650 3542 3543 
82700 3559 3559 
82750 3555 3550 
82800 3560 3558 
82850 3549 3550 
82900 3540 3543 
82950 3547 3543 
83000 3538 3538 
83050 3547 3545 
83100 3559 3559 
83150 3555 3550 
83200 3558 3552 
83250 3560 3551 
83300 3544 3545 
83350 3551 3551 
83400 3557 3560 
83450 3553 3553 
83500 3558 3554 
83550 3538 3535 
83600 3541 3538 
83650 3556 3557 
83700 3540 3539 
83750 3543 3546 
83800 3545 3545 
83850 3561 3564 
83900 3541 3541 
83950 3549 3550 
84000 3558 3555 
84050 3555 3550 
84100 3547 3555 
84150 3557 3559 
84200 3553 3549 
84250 3565 3565 
84300 3555 3553 
84350 3532 3537 
84400 3555 3553 
84450 3541 3542 
84500 3560 3553 
84550 3558 3554 
84600 3572 3570 
84650 3547 3540 
84700 3538 3544 
84750 3544 3540 
84800 3531 3536 
84850 3550 3547 
84900 3546 3544 
84950 3540 3544 
85000 3540 3548 
85050 3551 3552 
85100 3557 3562 
85150 3547 3558 
85200 3553 3555 
85250 3548 3553 
85300 3540 3546 
85350 3555 3559 
85400 3547 3550 
85450 3542 3541 
85500 3551 3551 
85550 3541 3545 
85600 3548 3542 
85650 3551 3548 
85700 3549 3543 
85750 3552 3552 
85800 3547 3551 
85850 3548 3548 
85900 3557 3563 
85950 3539 3536 
86000 3548 3547 
86050 3551 3547 
86100 3553 3544 
86150 3569 3563 
86200 3556 3549 
86250 3555 3556 
86300 3545 3549 
86350 3526 3527 
86400 3542 3546 
86450 3554 3556 
86500 3548 3547 
86550 3556 3555 
86600 3545 3545 
86650 3554 3551 
86700 3561 3556 
86750 3562 3563 
86800 3567 3569 
86850 3542 3539 
86900 3532 3528 
86950 3537 3537 
87000 3560 3551 
87050 3547 3545 
87100 3559 3560 
87150 3563 3558 
87200 3531 3539 
87250 3539 3543 
87300 3556 3555 
87350 3540 3536 
87400 3532 3531 
87450 3541 3544 
87500 3543 3541 
87550 3562 3563 
87600 3567 3563 
87650 3556 3552 
87700 3562 3558 
87750 3553 3551 
87800 3534 3536 
87850 3543 3544 
87900 3551 3549 
87950 3551 3562 
88000 3546 3548 
88050 3542 3545 
88100 3547 3548 
88150 3540 3547 
88200 3544 3547 
88250 3539 3533 
88300 3541 3537 
88350 3557 3558 
88400 3549 3553 
88450 3544 3548 
88500 3549 3549 
88550 3526 3528 
88600 3548 3550 
88650 3541 3538 
88700 3547 3545 
88750 3548 3549 
88800 3547 3547 
88850 3549 3542 
88900 3544 3538 
88950 3541 3540 
89000 3547 3547 
89050 3560 3556 
89100 3544 3541 
89150 3558 3564 
89200 3553 3551 
89250 3540 3545 
89300 3553 3554 
89350 3557 3557 
89400 3545 3548 
89450 3555 3562 
89500 3550 3546 
89550 3533 3528 
89600 3554 3553 
89650 3549 3549 
89700 3551 3547 
89750 3546 3550 
89800 3555 3554 
89850 3548 3544 
89900 3554 3542 
89950 3547 3550 
90000 3548 3547 
90050 3541 3538 
90100 3543 3539 
90150 3543 3540 
90200 3542 3539 
90250 3544 3546 
90300 3548 3544 
90350 3538 3539 
90400 3557 3559 
90450 3540 3546 
90500 3552 3554 
90550 3532 3534 
90600 3524 3525 
90650 3537 3534 
90700 3544 3537 
90750 3555 3551 
90800 3562 3559 
90850 3553 3548 
90900 3546 3547 
90950 3564 3562 
91000 3542 3548 
91050 3544 3547 
91100 3550 3558 
91150 3553 3554 
91200 3557 3551 
91250 3547 3542 
91300 3538 3530 
91350 3534 3530 
91400 3559 3560 
91450 3544 3539 
91500 3542 3545 
91550 3542 3541 
91600 3545 3545 
91650 3536 3532 
91700 3531 3531 
91750 3539 3541 
91800 3546 3546 
91850 3557 3557 
91900 3526 3528 
91950 3546 3552 
92000 3546 3539 
92050 3553 3549 
92100 3546 3551 
92150 3552 3555 
92200 3534 3534 
92250 3542 3541 
92300 3555 3560 
92350 3545 3545 
92400 3539 3536 
92450 3545 3544 
92500 3560 3560 
92550 3559 3562 
92600 3547 3545 
92650 3557 3550 
92700 3553 3547 
92750 3535 3531 
92800 3540 3542 
92850 3543 3543 
92900 3547 3546 
92950 3555 3552 
93000 3550 3545 
93050 3549 3549 
93100 3557 3551 
93150 3532 3540 
93200 3544 3545 
93250 3565 3562 
93300 3545 3542 
93350 3545 3548 
93400 3560 3563 
93450 3550 3544 
93500 3550 3550 
93550 3537 3533 
93600 3555 3556 
93650 3544 3547 
93700 3538 3535 
93750 3525 3525 
93800 3538 3534 
93850 3548 3548 
93900 3555 3555 
93950 3544 3542 
94000 3559 3553 
94050 3560 3556 
94100 3546 3548 
94150 3547 3547 
94200 3547 3549 
94250 3552 3547 
94300 3552 3549 
94350 3552 3548 
94400 3543 3548 
94450 3551 3551 
94500 3535 3539 
94550 3556 3564 
94600 3537 3544 
94650 3538 3537 
94700 3557 3560 
94750 3534 3537 
94800 3546 3550 
94850 3561 3560 
94900 3559 3549 
94950 3544 3546 
95000 3546 3536 
95050 3547 3540 
95100 3551 3550 
95150 3553 3552 
95200 3551 3553 
95250 3538 3538 
95300 3556 3559 
95350 3534 3538 
95400 3534 3534 
95450 3536 3531 
95500 3552 3551 
95550 3540 3538 
95600 3544 3549 
95650 3538 3541 
95700 3562 3559 
95750 3555 3554 
95800 3535 3536 
95850 3530 3535 
95900 3535 3533 
95950 3562 3553 
96000 3553 3546 
96050 3550 3549 
96100 3548 3538 
96150 3549 3549 
96200 3545 3547 
96250 3543 3544 
96300 3563 3565 
96350 3548 3547 
96400 3533 3532 
96450 3549 3542 
96500 3561 3565 
96550 3548 3543 
96600 3536 3537 
96650 3523 3526 
96700 3552 3549 
96750 3552 3549 
96800 3554 3554 
96850 3559 3559 
96900 3545 3543 
96950 3563 3561 
97000 3551 3550 
97050 3547 3549 
97100 3545 3546 
97150 3550 3546 
97200 3553 3558 
97250 3558 3556 
97300 3556 3555 
97350 3552 3555 
97400 3550 3544 
97450 3544 3549 
97500 3529 3530 
97550 3534 3533 
97600 3558 3553 
97650 3549 3543 
97700 3537 3542 
97750 3545 3546 
97800 3555 3560 
97850 3541 3544 
97900 3529 3527 
97950 3542 3542 
98000 3553 3553 
98050 3563 3563 
98100 3556 3551 
98150 3540 3543 
98200 3551 3548 
98250 3551 3555 
98300 3544 3547 
98350 3552 3553 
98400 3549 3552 
98450 3551 3555 
98500 3558 3555 
98550 3547 3547 
98600 3552 3547 
98650 3562 3560 
98700 3559 3558 
98750 3553 3547 
98800 3552 3550 
98850 3560 3555 
98900 3541 3545 
98950 3536 3536 
99000 3556 3555 
99050 3553 3553 
99100 3562 3554 
99150 3561 3561 
99200 3549 3546 
99250 3549 3547 
99300 3555 3549 
99350 3548 3548 
99400 3550 3547 
99450 3542 3543 
99500 3546 3546 
99550 3555 3555 
99600 3545 3549 
99650 3529 3532 
99700 3550 3547 
99750 3559 3553 
99800 3543 3541 
99850 3528 3527 
99900 3545 3542 
99950 3548 3551 
100000 3562 3560 
100050 3542 3543 
100100 3537 3536 
100150 3561 3556 
100200 3550 3550 
100250 3543 3547 
100300 3559 3556 
100350 3563 3563 
100400 3544 3547 
100450 3550 3544 
100500 3549 3548 
100550 3560 3560 
100600 3559 3555 
100650 3551 3544 
100700 3558 3560 
100750 3562 3564 
100800 3559 3555 
100850 3553 3552 
100900 3554 3556 
100950 3558 3557 
101000 3547 3545 
101050 3555 3549 
101100 3547 3551 
101150 3538 3539 
101200 3548 3549 
101250 3545 3546 
101300 3549 3552 
101350 3559 3560 
101400 3544 3548 
101450 3540 3546 
101500 3536 3536 
101550 3530 3529 
101600 3540 3544 
101650 3550 3558 
101700 3563 3563 
101750 3546 3538 
101800 3551 3550 
101850 3566 3569 
101900 3569 3570 
101950 3547 3551 
102000 3537 3543 
102050 3553 3550 
102100 3548 3545 
102150 3538 3540 
102200 3559 3555 
102250 3552 3555 
102300 3538 3543 
102350 3554 3561 
102400 3561 3555 
102450 3554 3555 
102500 3547 3544 
102550 3535 3537 
102600 3543 3539 
102650 3561 3557 
102700 3554 3551 
102750 3552 3548 
102800 3554 3548 
102850 3559 3560 
102900 3548 3543 
102950 3552 3552 
103000 3549 3550 
103050 3554 3554 
103100 3544 3548 
103150 3554 3551 
103200 3555 3556 
103250 3549 3547 
103300 3562 3555 
103350 3541 3538 
103400 3556 3556 
103450 3555 3547 
103500 3540 3548 
103550 3537 3541 
103600 3556 3555 
103650 3543 3539 
103700 3542 3537 
103750 3549 3554 
103800 3541 3541 
103850 3556 3557 
103900 3558 3559 
103950 3542 3538 
104000 3546 3549 
104050 3553 3552 
104100 3538 3548 
104150 3527 3528 
104200 3553 3553 
104250 3543 3540 
104300 3544 3546 
104350 3570 3570 
104400 3562 3557 
104450 3547 3546 
104500 3545 3541 
104550 3546 3544 
104600 3559 3555 
104650 3541 3542 
104700 3527 3532 
104750 3553 3561 
104800 3553 3558 
104850 3549 3552 
104900 3536 3536 
104950 3563 3558 
105000 3549 3538 
105050 3553 3550 
105100 3542 3543 
105150 3537 3535 
105200 3547 3546 
105250 3564 3567 
105300 3549 3555 
105350 3547 3552 
105400 3553 3552 
105450 3542 3544 
105500 3552 3552 
105550 3563 3553 
105600 3548 3545 
105650 3540 3544 
105700 3555 3559 
105750 3544 3543 
105800 3554 3556 
105850 3538 3539 
105900 3553 3549 
105950 3555 3557 
106000 3544 3548 
106050 3544 3546 
106100 3558 3561 
106150 3558 3547 
106200 3563 3559 
106250 3544 3546 
106300 3544 3544 
106350 3548 3548 
106400 3540 3540 
106450 3558 3559 
106500 3556 3558 
106550 3540 3545 
106600 3553 3550 
106650 3549 3551 
106700 3540 3537 
106750 3543 3542 
106800 3550 3551 
106850 3538 3544 
106900 3561 3558 
106950 3561 3563 
107000 3563 3561 
107050 3540 3543 
107100 3539 3538 
107150 3545 3546 
107200 3551 3555 
107250 3558 3560 
107300 3540 3545 
107350 3559 3567 
107400 3564 3566 
107450 3548 3551 
107500 3547 3546 
107550 3552 3550 
107600 3550 3546 
107650 3548 3543 
107700 3544 3546 
107750 3548 3554 
107800 3547 3551 
107850 3549 3544 
107900 3557 3551 
107950 3553 3552 
108000 3555 3561 
108050 3538 3545 
108100 3541 3540 
108150 3546 3548 
108200 3550 3555 
108250 3542 3538 
108300 3545 3541 
108350 3551 3553 
108400 3542 3537 
108450 3559 3559 
108500 3544 3540 
108550 3558 3553 
108600 3543 3543 
108650 3551 3550 
108700 3544 3549 
108750 3544 3547 
108800 3537 3540 
108850 3540 3532 
108900 3559 3555 
108950 3552 3552 
109000 3534 3538 
109050 3552 3558 
109100 3537 3539 
109150 3557 3563 
109200 3540 3542 
109250 3542 3551 
109300 3551 3552 
109350 3546 3539 
109400 3543 3547 
109450 3540 3543 
109500 3542 3548 
109550 3539 3546 
109600 3551 3546 
109650 3540 3540 
109700 3536 3538 
109750 3554 3553 
109800 3554 3554 
109850 3541 3545 
109900 3560 3561 
109950 3558 3556 
110000 3546 3543 
110050 3559 3551 
110100 3539 3544 
110150 3551 3549 
110200 3552 3546 
110250 3556 3555 
110300 3540 3544 
110350 3553 3557 
110400 3541 3538 
110450 3536 3540 
110500 3550 3551 
110550 3529 3531 
110600 3548 3551 
110650 3539 3550 
110700 3533 3532 
110750 3537 3541 
110800 3558 3551 
110850 3560 3560 
110900 3555 3556 
110950 3550 3551 
111000 3554 3562 
111050 3555 3554 
111100 3548 3548 
111150 3552 3558 
111200 3556 3548 
111250 3550 3551 
111300 3561 3565 
111350 3557 3565 
111400 3552 3554 
111450 3555 3554 
111500 3556 3557 
111550 3555 3554 
111600 3540 3544 
111650 3540 3540 
111700 3542 3543 
111750 3554 3550 
111800 3554 3554 
111850 3537 3539 
111900 3546 3546 
111950 3556 3555 
112000 3556 3556 
112050 3534 3538 
112100 3543 3544 
112150 3540 3542 
112200 3560 3562 
112250 3549 3547 
112300 3542 3543 
112350 3554 3558 
112400 3555 3555 
112450 3541 3540 
112500 3565 3563 
112550 3550 3550 
112600 3549 3552 
112650 3535 3536 
112700 3531 3534 
112750 3535 3535 
112800 3538 3536 
112850 3543 3545 
112900 3549 3543 
112950 3546 3545 
113000 3544 3544 
113050 3557 3555 
113100 3565 3568 
113150 3545 3541 
113200 3552 3546 
113250 3553 3548 
113300 3542 3544 
113350 3543 3539 
113400 3539 3533 
113450 3558 3560 
113500 3548 3550 
113550 3545 3547 
113600 3544 3544 
113650 3541 3536 
113700 3544 3543 
113750 3546 3550 
113800 3544 3545 
113850 3537 3535 
113900 3543 3542 
113950 3546 3549 
114000 3558 3556 
114050 3556 3557 
114100 3562 3560 
114150 3538 3541 
114200 3545 3554 
114250 3551 3545 
114300 3549 3550 
114350 3547 3542 
114400 3538 3539 
114450 3539 3541 
114500 3539 3540 
114550 3541 3542 
114600 3541 3537 
114650 3553 3559 
114700 3557 3556 
114750 3535 3538 
114800 3525 3524 
114850 3540 3540 
114900 3543 3544 
114950 3532 3542 
115000 3560 3560 
115050 3539 3538 
115100 3556 3556 
115150 3548 3549 
115200 3559 3557 
115250 3541 3541 
115300 3540 3545 
115350 3539 3540 
115400 3558 3558 
115450 3563 3563 
115500 3547 3547 
115550 3530 3532 
115600 3554 3554 
115650 3557 3554 
115700 3551 3557 
115750 3554 3556 
115800 3552 3552 
115850 3546 3553 
115900 3551 3540 
115950 3556 3553 
116000 3561 3558 
116050 3558 3551 
116100 3536 3534 
116150 3558 3551 
116200 3550 3537 
116250 3554 3556 
116300 3542 3545 
116350 3527 3532 
116400 3546 3544 
116450 3550 3550 
116500 3534 3533 
116550 3554 3550 
116600 3555 3551 
116650 3548 3552 
116700 3533 3533 
116750 3536 3538 
116800 3558 3560 
116850 3544 3544 
116900 3536 3540 
116950 3548 3553 
117000 3551 3554 
117050 3563 3568 
117100 3564 3561 
117150 3542 3541 
117200 3562 3559 
117250 3542 3536 
117300 3552 3552 
117350 3537 3537 
117400 3545 3540 
117450 3539 3536 
117500 3554 3547 
117550 3543 3543 
117600 3556 3552 
117650 3541 3539 
117700 3552 3546 
117750 3541 3535 
117800 3562 3564 
117850 3561 3566 
117900 3552 3551 
117950 3557 3555 
118000 3538 3539 
118050 3558 3557 
118100 3536 3536 
118150 3544 3540 
118200 3564 3561 
118250 3546 3547 
118300 3550 3547 
118350 3550 3551 
118400 3562 3556 
118450 3552 3556 
118500 3542 3536 
118550 3553 3559 
118600 3555 3552 
118650 3553 3555 
118700 3553 3557 
118750 3553 3550 
118800 3565 3562 
118850 3529 3532 
118900 3558 3561 
118950 3544 3544 
119000 3537 3534 
119050 3555 3555 
119100 3540 3544 
119150 3550 3558 
119200 3549 3543 
119250 3553 3552 
119300 3546 3547 
119350 3547 3550 
119400 3555 3554 
119450 3545 3546 
119500 3545 3548 
119550 3543 3548 
119600 3549 3546 
119650 3542 3545 
119700 3544 3543 
119750 3529 3530 
119800 3556 3560 
119850 3545 3543 
119900 3539 3538 
119950 3538 3538 
120000 3548 3542 
120050 3556 3552 
120100 3552 3545 
120150 3554 3558 
120200 3559 3561 
120250 3540 3540 
120300 3546 3543 
120350 3544 3542 
120400 3548 3546 
120450 3566 3559 
120500 3536 3529 
120550 3558 3560 
120600 3561 3559 
120650 3549 3542 
120700 3544 3541 
120750 3545 3545 
120800 3557 3557 
120850 3541 3546 
120900 3540 3542 
120950 3541 3545 
121000 3560 3562 
121050 3561 3563 
121100 3545 3545 
121150 3534 3533 
121200 3550 3548 
121250 3545 3547 
121300 3544 3544 
121350 3539 3542 
121400 3551 3555 
121450 3554 3549 
121500 3550 3546 
121550 3545 3550 
121600 3544 3546 
121650 3550 3550 
121700 3551 3556 
121750 3544 3555 
121800 3545 3545 
121850 3544 3549 
121900 3550 3557 
121950 3536 3533 
122000 3559 3554 
122050 3535 3534 
122100 3543 3550 
122150 3528 3527 
122200 3547 3542 
122250 3555 3557 
122300 3540 3537 
122350 3559 3550 
122400 3548 3549 
122450 3546 3546 
122500 3545 3542 
122550 3552 3550 
122600 3560 3559 
122650 3534 3538 
122700 3560 3553 
122750 3539 3533 
122800 3549 3553 
122850 3537 3540 
122900 3544 3544 
122950 3560 3551 
123000 3543 3536 
123050 3552 3552 
123100 3545 3546 
123150 3542 3548 
123200 3542 3548 
123250 3540 3549 
123300 3566 3566 
123350 3547 3552 
123400 3551 3551 
123450 3551 3549 
123500 3556 3559 
123550 3555 3553 
123600 3543 3554 
123650 3552 3553 
123700 3540 3546 
123750 3551 3552 
123800 3559 3553 
123850 3558 3555 
123900 3527 3526 
123950 3557 3558 
124000 3555 3554 
124050 3561 3565 
124100 3534 3531 
124150 3558 3563 
124200 3541 3543 
124250 3557 3554 
124300 3551 3548 
124350 3546 3545 
124400 3538 3538 
124450 3531 3528 
124500 3556 3555 
124550 3543 3541 
124600 3549 3550 
124650 3547 3550 
124700 3569 3565 
124750 3549 3546 
124800 3550 3552 
124850 3548 3545 
124900 3560 3553 
124950 3559 3558 
125000 3543 3550 
125050 3550 3558 
125100 3541 3540 
125150 3536 3540 
125200 3557 3547 
125250 3549 3556 
125300 3541 3543 
125350 3547 3542 
125400 3552 3550 
125450 3565 3565 
125500 3563 3569 
125550 3553 3554 
125600 3552 3546 
125650 3544 3548 
125700 3557 3554 
125750 3542 3546 
125800 3551 3548 
125850 3541 3544 
125900 3555 3557 
125950 3549 3547 
126000 3555 3557 
126050 3551 3552 
126100 3552 3553 
126150 3551 3542 
126200 3546 3549 
126250 3563 3556 
126300 3553 3551 
126350 3549 3551 
126400 3544 3558 
126450 3549 3550 
126500 3551 3552 
126550 3552 3553 
126600 3531 3533 
126650 3564 3563 
126700 3552 3551 
126750 3544 3542 
126800 3544 3551 
126850 3538 3538 
126900 3548 3556 
126950 3555 3558 
127000 3543 3543 
127050 3539 3536 
127100 3548 3548 
127150 3554 3557 
127200 3556 3558 
127250 3559 3555 
127300 3555 3555 
127350 3552 3550 
127400 3559 3556 
127450 3539 3541 
127500 3543 3545 
127550 3549 3548 
127600 3565 3565 
127650 3559 3557 
127700 3555 3549 
127750 3563 3556 
127800 3552 3557 
127850 3536 3537 
127900 3554 3557 
127950 3566 3567 
128000 3533 3534 
128050 3541 3540 
128100 3551 3549 
128150 3552 3548 
128200 3536 3537 
128250 3542 3542 
128300 3559 3558 
128350 3560 3559 
128400 3552 3547 
128450 3534 3534 
128500 3547 3552 
128550 3556 3559 
128600 3549 3538 
128650 3555 3549 
128700 3556 3554 
128750 3554 3551 
128800 3557 3555 
128850 3563 3568 
128900 3540 3544 
128950 3536 3537 
129000 3555 3559 
129050 3547 3546 
129100 3543 3540 
129150 3541 3544 
129200 3542 3549 
129250 3544 3548 
129300 3541 3540 
129350 3538 3540 
129400 3540 3541 
129450 3546 3549 
129500 3545 3538 
129550 3544 3547 
129600 3541 3543 
129650 3552 3553 
129700 3565 3566 
129750 3556 3556 
129800 3550 3553 
129850 3552 3554 
129900 3567 3566 
129950 3560 3557 
130000 3546 3550 
130050 3553 3547 
130100 3548 3549 
130150 3545 3544 
130200 3538 3536 
130250 3544 3548 
130300 3548 3547 
130350 3551 3557 
130400 3556 3560 
130450 3543 3542 
130500 3557 3561 
130550 3543 3544 
130600 3546 3549 
130650 3544 3552 
130700 3558 3554 
130750 3556 3557 
130800 3541 3548 
130850 3542 3540 
130900 3560 3559 
130950 3566 3564 
131000 3545 3547 
131050 3556 3555 
131100 3541 3544 
131150 3548 3554 
131200 3557 3556 
131250 3542 3536 
131300 3562 3558 
131350 3554 3548 
131400 3537 3541 
131450 3554 3556 
131500 3547 3546 
131550 3556 3552 
131600 3545 3546 
131650 3549 3550 
131700 3558 3559 
131750 3548 3540 
131800 3545 3546 
131850 3565 3563 
131900 3559 3561 
131950 3548 3542 
132000 3554 3551 
132050 3560 3559 
132100 3557 3553 
132150 3563 3561 
132200 3550 3547 
132250 3539 3539 
132300 3531 3533 
132350 3550 3553 
132400 3548 3552 
132450 3555 3556 
132500 3555 3553 
132550 3541 3540 
132600 3563 3566 
132650 3545 3551 
132700 3549 3547 
132750 3552 3548 
132800 3553 3555 
132850 3545 3548 
132900 3557 3551 
132950 3544 3551 
133000 3562 3556 
133050 3553 3552 
133100 3542 3539 
133150 3538 3538 
133200 3551 3553 
133250 3553 3555 
133300 3555 3555 
133350 3545 3548 
133400 3549 3553 
133450 3539 3538 
133500 3552 3549 
133550 3551 3546 
133600 3556 3556 
133650 3558 3560 
133700 3551 3548 
133750 3570 3572 
133800 3557 3554 
133850 3538 3540 
133900 3549 3546 
133950 3545 3544 
134000 3551 3551 
134050 3544 3541 
134100 3553 3548 
134150 3560 3559 
134200 3560 3559 
134250 3554 3552 
134300 3546 3540 
134350 3558 3555 
134400 3551 3551 
134450 3551 3552 
134500 3546 3543 
134550 3564 3559 
134600 3541 3539 
134650 3549 3546 
134700 3548 3549 
134750 3557 3556 
134800 3556 3553 
134850 3538 3537 
134900 3550 3560 
134950 3527 3534 
135000 3552 3558 
135050 3546 3545 
135100 3547 3545 
135150 3561 3557 
135200 3526 3526 
135250 3556 3552 
135300 3569 3565 
135350 3551 3551 
135400 3550 3554 
135450 3555 3549 
135500 3564 3567 
135550 3550 3549 
135600 3548 3538 
135650 3560 3559 
135700 3553 3553 
135750 3556 3555 
135800 3547 3548 
135850 3563 3556 
135900 3560 3558 
135950 3549 3551 
136000 3548 3547 
136050 3553 3555 
136100 3551 3552 
136150 3542 3542 
136200 3559 3567 
136250 3546 3548 
136300 3532 3532 
136350 3562 3559 
136400 3540 3542 
136450 3545 3544 
136500 3554 3553 
136550 3548 3552 
136600 3547 3545 
136650 3524 3528 
136700 3555 3549 
136750 3574 3570 
136800 3552 3549 
136850 3547 3548 
136900 3530 3537 
136950 3537 3539 
137000 3559 3559 
137050 3546 3539 
137100 3547 3545 
137150 3544 3543 
137200 3555 3559 
137250 3545 3550 
137300 3547 3550 
137350 3545 3545 
137400 3546 3545 
137450 3538 3545 
137500 3542 3542 
137550 3552 3556 
137600 3571 3566 
137650 3556 3555 
137700 3561 3561 
137750 3538 3543 
137800 3538 3547 
137850 3557 3557 
137900 3560 3561 
137950 3561 3559 
138000 3558 3557 
138050 3551 3552 
138100 3546 3551 
138150 3554 3555 
138200 3555 3553 
138250 3549 3552 
138300 3548 3550 
138350 3544 3546 
138400 3555 3550 
138450 3549 3554 
138500 3567 3561 
138550 3524 3523 
138600 3558 3549 
138650 3534 3541 
138700 3557 3561 
138750 3559 3558 
138800 3530 3526 
138850 3561 3563 
138900 3555 3552 
138950 3552 3557 
139000 3565 3565 
139050 3552 3553 
139100 3539 3546 
139150 3537 3532 
139200 3544 3537 
139250 3553 3553 
139300 3552 3548 
139350 3558 3561 
139400 3545 3548 
139450 3552 3554 
139500 3548 3549 
139550 3540 3542 
139600 3560 3560 
139650 3555 3561 
139700 3560 3563 
139750 3550 3555 
139800 3558 3559 
139850 3553 3556 
139900 3552 3542 
139950 3557 3559 
140000 3562 3562 
140050 3552 3552 
140100 3544 3544 
140150 3564 3563 
140200 3548 3550 
140250 3549 3555 
140300 3538 3532 
140350 3548 3549 
140400 3562 3563 
140450 3551 3552 
140500 3543 3548 
140550 3542 3541 
140600 3553 3553 
140650 3533 3538 
140700 3534 3538 
140750 3547 3545 
140800 3543 3545 
140850 3553 3554 
140900 3549 3539 
140950 3560 3553 
141000 3546 3548 
141050 3540 3546 
141100 3551 3550 
141150 3558 3559 
141200 3559 3559 
141250 3551 3550 
141300 3543 3543 
141350 3556 3555 
141400 3548 3546 
141450 3560 3565 
141500 3543 3545 
141550 3549 3551 
141600 3546 3541 
141650 3552 3554 
141700 3561 3562 
141750 3552 3553 
141800 3552 3547 
141850 3527 3530 
141900 3561 3556 
141950 3545 3544 
142000 3561 3558 
142050 3545 3548 
142100 3553 3557 
142150 3553 3548 
142200 3544 3539 
142250 3546 3553 
142300 3556 3551 
142350 3540 3546 
142400 3545 3555 
142450 3549 3547 
142500 3547 3547 
142550 3531 3534 
142600 3548 3555 
142650 3540 3544 
142700 3538 3551 
142750 3531 3536 
142800 3568 3569 
142850 3553 3556 
142900 3569 3561 
142950 3548 3551 
143000 3548 3541 
143050 3547 3549 
143100 3550 3548 
143150 3543 3534 
143200 3551 3549 
143250 3537 3539 
143300 3534 3535 
143350 3555 3555 
143400 3545 3543 
143450 3543 3542 
143500 3574 3575 
143550 3536 3539 
143600 3538 3546 
143650 3545 3549 
143700 3540 3546 
143750 3546 3547 
143800 3539 3540 
143850 3550 3557 
143900 3541 3543 
143950 3543 3551 
144000 3549 3544 
144050 3546 3550 
144100 3537 3536 
144150 3559 3561 
144200 3544 3543 
144250 3549 3547 
144300 3561 3560 
144350 3540 3538 
144400 3556 3553 
144450 3545 3541 
144500 3551 3548 
144550 3549 3552 
144600 3558 3554 
144650 3541 3540 
144700 3540 3539 
144750 3540 3547 
144800 3559 3560 
144850 3540 3536 
144900 3547 3543 
144950 3556 3553 
145000 3555 3555 
145050 3556 3557 
145100 3544 3544 
145150 3535 3536 
145200 3548 3544 
145250 3534 3538 
145300 3549 3553 
145350 3559 3557 
145400 3558 3552 
145450 3547 3545 
145500 3536 3540 
145550 3538 3540 
145600 3541 3544 
145650 3547 3549 
145700 3535 3530 
145750 3542 3548 
145800 3535 3539 
145850 3563 3568 
145900 3545 3546 
145950 3556 3556 
146000 3559 3560 
146050 3549 3547 
146100 3554 3553 
146150 3527 3533 
146200 3551 3551 
146250 3550 3548 
146300 3540 3538 
146350 3560 3560 
146400 3549 3550 
146450 3561 3564 
146500 3534 3536 
146550 3560 3556 
146600 3553 3555 
146650 3561 3560 
146700 3551 3547 
146750 3553 3555 
146800 3564 3564 
146850 3557 3558 
146900 3551 3554 
146950 3556 3555 
147000 3552 3548 
147050 3554 3561 
147100 3540 3540 
147150 3551 3556 
147200 3552 3553 
147250 3566 3564 
147300 3563 3566 
147350 3543 3549 
147400 3540 3538 
147450 3560 3565 
147500 3562 3562 
147550 3559 3559 
147600 3559 3560 
147650 3555 3544 
147700 3568 3565 
147750 3556 3559 
147800 3559 3555 
147850 3538 3544 
147900 3540 3544 
147950 3556 3553 
148000 3558 3556 
148050 3544 3548 
148100 3547 3547 
148150 3549 3550 
148200 3536 3541 
148250 3552 3552 
148300 3548 3547 
148350 3547 3554 
148400 3550 3545 
148450 3540 3539 
148500 3550 3552 
148550 3553 3547 
148600 3543 3547 
148650 3545 3547 
148700 3541 3541 
148750 3546 3552 
148800 3546 3541 
148850 3553 3562 
148900 3544 3546 
148950 3537 3538 
149000 3536 3537 
149050 3563 3564 
149100 3550 3547 
149150 3544 3536 
149200 3551 3552 
149250 3558 3560 
149300 3550 3559 
149350 3545 3543 
149400 3543 3543 
149450 3544 3547 
149500 3534 3534 
149550 3556 3556 
149600 3565 3564 
149650 3553 3553 
149700 3544 3548 
149750 3550 3541 
149800 3570 3567 
149850 3549 3546 
149900 3548 3547 
149950 3557 3560 
150000 3543 3546 
150050 3573 3571 
150100 3547 3542 
150150 3539 3538 
150200 3541 3552 
150250 3546 3545 
150300 3551 3559 
150350 3538 3538 
150400 3561 3562 
150450 3560 3552 
150500 3540 3539 
150550 3534 3540 
150600 3548 3555 
150650 3548 3549 
150700 3543 3542 
150750 3549 3543 
150800 3547 3551 
150850 3546 3547 
150900 3550 3546 
150950 3539 3537 
151000 3552 3553 
151050 3539 3541 
151100 3545 3548 
151150 3546 3539 
151200 3548 3546 
151250 3539 3537 
151300 3544 3543 
151350 3548 3548 
151400 3537 3541 
151450 3549 3549 
151500 3542 3542 
151550 3568 3563 
151600 3541 3551 
151650 3546 3545 
151700 3543 3541 
151750 3554 3553 
151800 3547 3552 
151850 3550 3550 
151900 3550 3555 
151950 3543 3545 
152000 3546 3538 
152050 3545 3548 
152100 3552 3556 
152150 3551 3541 
152200 3556 3561 
152250 3554 3550 
152300 3548 3543 
152350 3553 3555 
152400 3556 3557 
152450 3550 3550 
152500 3562 3559 
152550 3553 3553 
152600 3537 3534 
152650 3553 3553 
152700 3549 3552 
152750 3533 3535 
152800 3539 3537 
152850 3548 3551 
152900 3548 3551 
152950 3550 3545 
153000 3556 3556 
153050 3564 3565 
153100 3559 3556 
153150 3543 3543 
153200 3542 3542 
153250 3558 3561 
153300 3556 3553 
153350 3542 3544 
153400 3551 3551 
153450 3534 3539 
153500 3540 3544 
153550 3564 3561 
153600 3549 3547 
153650 3545 3541 
153700 3550 3547 
153750 3555 3551 
153800 3555 3555 
153850 3553 3553 
153900 3559 3550 
153950 3553 3558 
154000 3561 3562 
154050 3541 3546 
154100 3547 3551 
154150 3554 3560 
154200 3554 3559 
154250 3555 3555 
154300 3534 3535 
154350 3539 3531 
154400 3559 3564 
154450 3555 3557 
154500 3543 3541 
154550 3553 3550 
154600 3549 3544 
154650 3541 3541 
154700 3548 3554 
154750 3561 3566 
154800 3553 3552 
154850 3537 3533 
154900 3541 3545 
154950 3547 3542 
155000 3553 3555 
155050 3549 3548 
155100 3556 3549 
155150 3558 3559 
155200 3553 3555 
155250 3556 3552 
155300 3551 3552 
155350 3553 3547 
155400 3550 3540 
155450 3552 3550 
155500 3554 3553 
155550 3562 3557 
155600 3546 3548 
155650 3560 3561 
155700 3542 3538 
155750 3534 3537 
155800 3550 3551 
155850 3540 3543 
155900 3563 3561 
155950 3555 3558 
156000 3537 3539 
156050 3565 3561 
156100 3560 3560 
156150 3561 3559 
156200 3543 3541 
156250 3548 3552 
156300 3546 3547 
156350 3552 3542 
156400 3547 3550 
156450 3537 3545 
156500 3548 3551 
156550 3563 3558 
156600 3551 3553 
156650 3553 3551 
156700 3560 3556 
156750 3549 3549 
156800 3549 3549 
156850 3555 3550 
156900 3552 3549 
156950 3547 3545 
157000 3552 3559 
157050 3550 3550 
157100 3554 3552 
157150 3566 3564 
157200 3567 3564 
157250 3553 3553 
157300 3555 3549 
157350 3538 3539 
157400 3560 3559 
157450 3552 3556 
157500 3564 3565 
157550 3550 3548 
157600 3543 3545 
157650 3542 3549 
157700 3559 3558 
157750 3541 3539 
157800 3550 3548 
157850 3553 3557 
157900 3551 3546 
157950 3544 3540 
158000 3544 3543 
158050 3560 3561 
158100 3555 3557 
158150 3548 3547 
158200 3536 3541 
158250 3556 3552 
158300 3551 3550 
158350 3556 3557 
158400 3557 3553 
158450 3544 3532 
158500 3527 3526 
158550 3560 3560 
158600 3556 3555 
158650 3548 3549 
158700 3549 3559 
158750 3547 3537 
158800 3546 3546 
158850 3563 3559 
158900 3553 3551 
158950 3552 3555 
159000 3562 3563 
159050 3546 3540 
159100 3553 3549 
159150 3545 3549 
159200 3547 3552 
159250 3553 3554 
159300 3558 3559 
159350 3546 3547 
159400 3558 3556 
159450 3547 3548 
159500 3553 3552 
159550 3546 3551 
159600 3527 3528 
159650 3545 3545 
159700 3545 3541 
159750 3547 3547 
159800 3541 3543 
159850 3540 3544 
159900 3534 3533 
159950 3543 3547 
160000 3552 3552 
160050 3550 3550 
160100 3555 3551 
160150 3553 3553 
160200 3545 3536 
160250 3553 3546 
160300 3543 3541 
160350 3550 3558 
160400 3544 3545 
160450 3551 3547 
160500 3553 3557 
160550 3534 3529 
160600 3540 3541 
160650 3561 3567 
160700 3547 3552 
160750 3560 3561 
160800 3548 3545 
160850 3541 3543 
160900 3566 3565 
160950 3560 3561 
161000 3551 3551 
161050 3553 3555 
161100 3547 3542 
161150 3549 3550 
161200 3554 3559 
161250 3551 3555 
161300 3538 3536 
161350 3555 3561 
161400 3539 3540 
161450 3535 3535 
161500 3546 3549 
161550 3559 3561 
161600 3554 3550 
161650 3553 3555 
161700 3566 3565 
161750 3539 3538 
161800 3553 3556 
161850 3561 3557 
161900 3551 3547 
161950 3549 3549 
162000 3521 3523 
162050 3547 3541 
162100 3543 3545 
162150 3532 3540 
162200 3553 3554 
162250 3547 3549 
162300 3565 3567 
162350 3554 3547 
162400 3545 3549 
162450 3556 3550 
162500 3555 3544 
162550 3547 3542 
162600 3561 3557 
162650 3570 3567 
162700 3553 3554 
162750 3560 3556 
162800 3547 3549 
162850 3536 3535 
162900 3551 3555 
162950 3555 3556 
163000 3551 3551 
163050 3549 3549 
163100 3563 3557 
163150 3545 3549 
163200 3544 3549 
163250 3549 3545 
163300 3548 3546 
163350 3558 3557 
163400 3559 3551 
163450 3543 3543 
163500 3556 3555 
163550 3567 3565 
163600 3538 3536 
163650 3556 3549 
163700 3551 3551 
163750 3555 3554 
163800 3553 3554 
163850 3567 3565 
163900 3558 3552 
163950 3558 3556 
164000 3550 3558 
164050 3545 3544 
164100 3563 3565 
164150 3556 3559 
164200 3556 3558 
164250 3563 3563 
164300 3557 3558 
164350 3566 3556 
164400 3518 3514 
164450 3540 3535 
164500 3561 3555 
164550 3561 3558 
164600 3556 3549 
164650 3542 3544 
164700 3560 3559 
164750 3543 3542 
164800 3563 3562 
164850 3559 3557 
164900 3548 3551 
164950 3556 3552 
165000 3553 3553 
165050 3563 3561 
165100 3557 3549 
165150 3551 3554 
165200 3557 3558 
165250 3545 3547 
165300 3553 3554 
165350 3549 3545 
165400 3546 3548 
165450 3544 3544 
165500 3556 3564 
165550 3547 3547 
165600 3566 3561 
165650 3558 3559 
165700 3548 3554 
165750 3570 3568 
165800 3555 3547 
165850 3566 3552 
165900 3562 3559 
165950 3545 3542 
166000 3553 3553 
166050 3547 3539 
166100 3560 3559 
166150 3539 3535 
166200 3558 3553 
166250 3539 3539 
166300 3556 3558 
166350 3554 3546 
166400 3559 3560 
166450 3544 3541 
166500 3550 3548 
166550 3546 3552 
166600 3551 3546 
166650 3559 3559 
166700 3565 3560 
166750 3549 3549 
166800 3552 3553 
166850 3532 3539 
166900 3543 3536 
166950 3543 3541 
167000 3562 3562 
167050 3538 3529 
167100 3555 3558 
167150 3552 3546 
167200 3544 3541 
167250 3547 3550 
167300 3553 3551 
167350 3543 3553 
167400 3553 3558 
167450 3548 3542 
167500 3541 3542 
167550 3547 3543 
167600 3542 3546 
167650 3557 3552 
167700 3548 3546 
167750 3554 3550 
167800 3562 3570 
167850 3550 3542 
167900 3553 3553 
167950 3560 3564 
168000 3546 3545 
168050 3554 3555 
168100 3556 3551 
168150 3559 3557 
168200 3558 3561 
168250 3547 3552 
168300 3544 3544 
168350 3529 3535 
168400 3556 3559 
168450 3545 3547 
168500 3560 3554 
168550 3548 3547 
168600 3537 3538 
168650 3550 3548 
168700 3545 3544 
168750 3554 3554 
168800 3550 3545 
168850 3546 3548 
168900 3546 3546 
168950 3566 3565 
169000 3547 3546 
169050 3561 3559 
169100 3541 3543 
169150 3541 3543 
169200 3552 3558 
169250 3530 3532 
169300 3549 3548 
169350 3547 3550 
169400 3554 3550 
169450 3548 3544 
169500 3560 3561 
169550 3556 3553 
169600 3544 3550 
169650 3556 3552 
169700 3550 3548 
169750 3553 3559 
169800 3545 3544 
169850 3537 3531 
169900 3557 3561 
169950 3556 3556 
170000 3557 3556 
170050 3539 3540 
170100 3542 3538 
170150 3541 3537 
170200 3550 3541 
170250 3542 3538 
170300 3550 3558 
170350 3560 3566 
170400 3552 3550 
170450 3554 3552 
170500 3533 3533 
170550 3543 3541 
170600 3549 3552 
170650 3556 3553 
170700 3533 3536 
170750 3549 3548 
170800 3566 3570 
170850 3548 3548 
170900 3544 3546 
170950 3551 3549 
171000 3555 3557 
171050 3568 3563 
171100 3560 3549 
171150 3554 3560 
171200 3539 3537 
171250 3539 3540 
171300 3552 3549 
171350 3563 3557 
171400 3554 3555 
171450 3537 3537 
171500 3538 3540 
171550 3556 3557 
171600 3546 3546 
171650 3549 3547 
171700 3560 3554 
171750 3552 3550 
171800 3553 3554 
171850 3556 3552 
171900 3534 3526 
171950 3561 3564 
172000 3549 3548 
172050 3544 3543 
172100 3544 3543 
172150 3557 3560 
172200 3549 3550 
172250 3546 3543 
172300 3559 3559 
172350 3546 3544 
172400 3540 3541 
172450 3550 3549 
172500 3551 3545 
172550 3559 3558 
172600 3547 3548 
172650 3557 3551 
172700 3549 3551 
172750 3559 3560 
172800 3558 3550 
172850 3559 3558 
172900 3553 3558 
172950 3548 3548 
173000 3538 3537 
173050 3560 3555 
173100 3543 3542 
173150 3542 3535 
173200 3535 3535 
173250 3550 3548 
173300 3556 3559 
173350 3551 3549 
173400 3547 3551 
173450 3556 3556 
173500 3542 3542 
173550 3554 3548 
173600 3550 3552 
173650 3540 3538 
173700 3549 3558 
173750 3562 3559 
173800 3559 3557 
173850 3554 3556 
173900 3551 3548 
173950 3551 3551 
174000 3551 3545 
174050 3536 3537 
174100 3550 3551 
174150 3562 3562 
174200 3548 3542 
174250 3559 3557 
174300 3566 3556 
174350 3536 3535 
174400 3552 3548 
174450 3550 3545 
174500 3569 3562 
174550 3546 3547 
174600 3542 3539 
174650 3551 3552 
174700 3535 3536 
174750 3549 3554 
174800 3539 3537 
174850 3548 3543 
174900 3542 3536 
174950 3558 3556 
175000 3555 3559 
175050 3562 3558 
175100 3558 3557 
175150 3542 3543 
175200 3552 3555 
175250 3534 3540 
175300 3547 3545 
175350 3558 3562 
175400 3546 3551 
175450 3556 3559 
175500 3549 3549 
175550 3531 3529 
175600 3558 3554 
175650 3557 3553 
175700 3546 3545 
175750 3559 3557 
175800 3560 3555 
175850 3544 3543 
175900 3563 3559 
175950 3549 3544 
176000 3538 3525 
176050 3553 3549 
176100 3538 3542 
176150 3553 3547 
176200 3566 3558 
176250 3558 3555 
176300 3537 3540 
176350 3538 3540 
176400 3565 3565 
176450 3557 3556 
176500 3538 3538 
176550 3553 3555 
176600 3538 3533 
176650 3542 3540 
176700 3559 3553 
176750 3567 3565 
176800 3546 3547 
176850 3550 3544 
176900 3543 3540 
176950 3554 3553 
177000 3555 3557 
177050 3549 3550 
177100 3550 3550 
177150 3541 3537 
177200 3552 3552 
177250 3566 3569 
177300 3551 3550 
177350 3548 3551 
177400 3546 3543 
177450 3557 3556 
177500 3548 3549 
177550 3538 3541 
177600 3536 3540 
177650 3540 3537 
177700 3554 3550 
177750 3559 3554 
177800 3564 3560 
177850 3545 3545 
177900 3552 3547 
177950 3547 3545 
178000 3541 3543 
178050 3555 3554 
178100 3544 3539 
178150 3546 3550 
178200 3544 3546 
178250 3538 3537 
178300 3567 3567 
178350 3550 3539 
178400 3556 3550 
178450 3539 3545 
178500 3540 3537 
178550 3554 3546 
178600 3538 3547 
178650 3560 3555 
178700 3546 3544 
178750 3539 3537 
178800 3569 3566 
178850 3543 3544 
178900 3557 3560 
178950 3553 3552 
179000 3558 3554 
179050 3548 3541 
179100 3533 3540 
179150 3558 3559 
179200 3543 3538 
179250 3554 3558 
179300 3548 3556 
179350 3545 3550 
179400 3548 3542 
179450 3554 3559 
179500 3537 3534 
179550 3541 3547 
179600 3559 3561 
179650 3541 3548 
179700 3536 3533 
179750 3536 3543 
179800 3536 3539 
179850 3553 3557 
179900 3561 3552 
179950 3536 3533 
180000 3560 3563 
180050 3555 3558 
180100 3542 3548 
180150 3549 3553 
180200 3548 3548 
180250 3556 3552 
180300 3543 3540 
180350 3557 3551 
180400 3552 3551 
180450 3567 3559 
180500 3542 3551 
180550 3535 3533 
180600 3545 3542 
180650 3549 3557 
180700 3546 3545 
180750 3554 3546 
180800 3553 3550 
180850 3550 3555 
180900 3546 3544 
180950 3554 3557 
181000 3561 3568 
181050 3543 3543 
181100 3556 3547 
181150 3547 3547 
181200 3537 3534 
181250 3567 3559 
181300 3553 3547 
181350 3565 3562 
181400 3560 3556 
181450 3549 3548 
181500 3559 3558 
181550 3558 3560 
181600 3541 3540 
181650 3562 3557 
181700 3552 3551 
181750 3556 3551 
181800 3561 3555 
181850 3556 3552 
181900 3558 3559 
181950 3550 3542 
182000 3542 3540 
182050 3548 3555 
182100 3547 3549 
182150 3561 3564 
182200 3543 3551 
182250 3539 3536 
182300 3543 3541 
182350 3537 3543 
182400 3550 3555 
182450 3562 3563 
182500 3564 3569 
182550 3562 3559 
182600 3539 3532 
182650 3553 3554 
182700 3562 3561 
182750 3557 3555 
182800 3536 3540 
182850 3548 3547 
182900 3542 3539 
182950 3546 3542 
183000 3545 3536 
183050 3547 3540 
183100 3561 3561 
183150 3552 3551 
183200 3544 3548 
183250 3526 3533 
183300 3539 3540 
183350 3562 3558 
183400 3552 3544 
183450 3549 3539 
183500 3559 3559 
183550 3531 3537 
183600 3537 3540 
183650 3565 3560 
183700 3554 3554 
183750 3554 3554 
183800 3556 3558 
183850 3548 3549 
183900 3540 3539 
183950 3548 3549 
184000 3534 3541 
184050 3532 3532 
184100 3545 3542 
184150 3549 3547 
184200 3553 3549 
184250 3558 3560 
184300 3533 3538 
184350 3557 3556 
184400 3541 3541 
184450 3562 3559 
184500 3560 3555 
184550 3530 3528 
184600 3557 3556 
184650 3547 3540 
184700 3539 3537 
184750 3552 3553 
184800 3549 3556 
184850 3543 3547 
184900 3528 3536 
184950 3546 3547 
185000 3537 3541 
185050 3534 3537 
185100 3550 3547 
185150 3545 3549 
185200 3550 3558 
185250 3535 3534 
185300 3555 3561 
185350 3543 3546 
185400 3547 3547 
185450 3552 3551 
185500 3533 3531 
185550 3561 3562 
185600 3566 3565 
185650 3554 3558 
185700 3542 3541 
185750 3568 3572 
185800 3543 3554 
185850 3537 3534 
185900 3537 3540 
185950 3548 3549 
186000 3553 3551 
186050 3529 3526 
186100 3546 3554 
186150 3556 3555 
186200 3552 3552 
186250 3557 3556 
186300 3565 3567 
186350 3551 3550 
186400 3562 3559 
186450 3553 3549 
186500 3568 3565 
186550 3563 3558 
186600 3552 3555 
186650 3551 3549 
186700 3553 3556 
186750 3547 3549 
186800 3552 3549 
186850 3561 3566 
186900 3535 3536 
186950 3544 3547 
187000 3550 3552 
187050 3560 3561 
187100 3563 3563 
187150 3546 3553 
187200 3537 3549 
187250 3536 3534 
187300 3540 3541 
187350 3563 3564 
187400 3552 3553 
187450 3556 3552 
187500 3553 3552 
187550 3553 3555 
187600 3548 3554 
187650 3557 3558 
187700 3556 3542 
187750 3533 3529 
187800 3540 3543 
187850 3551 3554 
187900 3549 3560 
187950 3551 3550 
188000 3557 3560 
188050 3551 3550 
188100 3557 3560 
188150 3539 3543 
188200 3556 3559 
188250 3554 3558 
188300 3554 3552 
188350 3544 3548 
188400 3547 3540 
188450 3551 3548 
188500 3548 3541 
188550 3546 3538 
188600 3557 3556 
188650 3537 3534 
188700 3546 3546 
188750 3553 3552 
188800 3546 3545 
188850 3546 3548 
188900 3563 3564 
188950 3544 3544 
189000 3555 3554 
189050 3545 3543 
189100 3539 3546 
189150 3527 3526 
189200 3572 3568 
189250 3549 3554 
189300 3551 3553 
189350 3536 3538 
189400 3545 3549 
189450 3559 3557 
189500 3556 3554 
189550 3541 3542 
189600 3547 3549 
189650 3528 3535 
189700 3542 3543 
189750 3560 3559 
189800 3552 3548 
189850 3548 3540 
189900 3553 3553 
189950 3560 3554 
190000 3554 3553 
190050 3549 3547 
190100 3549 3551 
190150 3550 3548 
190200 3552 3550 
190250 3561 3554 
190300 3552 3557 
190350 3549 3550 
190400 3554 3552 
190450 3540 3551 
190500 3546 3547 
190550 3546 3547 
190600 3539 3528 
190650 3546 3548 
190700 3553 3545 
190750 3537 3537 
190800 3564 3558 
190850 3538 3531 
190900 3562 3564 
190950 3548 3546 
191000 3549 3549 
191050 3544 3544 
191100 3563 3564 
191150 3536 3535 
191200 3556 3557 
191250 3547 3542 
191300 3548 3551 
191350 3573 3570 
191400 3546 3546 
191450 3535 3537 
191500 3538 3538 
191550 3564 3558 
191600 3555 3550 
191650 3564 3568 
191700 3540 3541 
191750 3545 3547 
191800 3548 3542 
191850 3551 3542 
191900 3557 3553 
191950 3557 3559 
192000 3549 3546 
192050 3548 3549 
192100 3548 3547 
192150 3545 3547 
192200 3557 3555 
192250 3560 3558 
192300 3537 3544 
192350 3554 3556 
192400 3557 3556 
192450 3568 3566 
192500 3554 3556 
192550 3538 3541 
192600 3560 3564 
192650 3559 3553 
192700 3548 3550 
192750 3545 3545 
192800 3542 3544 
192850 3554 3549 
192900 3553 3555 
192950 3560 3555 
193000 3544 3544 
193050 3544 3538 
193100 3547 3538 
193150 3548 3545 
193200 3555 3552 
193250 3550 3562 
193300 3563 3564 
193350 3564 3557 
193400 3548 3550 
193450 3545 3544 
193500 3539 3545 
193550 3547 3545 
193600 3546 3548 
193650 3539 3542 
193700 3561 3556 
193750 3559 3563 
193800 3543 3546 
193850 3555 3558 
193900 3544 3546 
193950 3550 3553 
194000 3542 3547 
194050 3538 3539 
194100 3539 3544 
194150 3548 3539 
194200 3552 3553 
194250 3549 3548 
194300 3537 3540 
194350 3558 3561 
194400 3541 3546 
194450 3542 3543 
194500 3553 3553 
194550 3550 3547 
194600 3554 3550 
194650 3546 3550 
194700 3543 3548 
194750 3529 3530 
194800 3556 3549 
194850 3560 3561 
194900 3557 3557 
194950 3549 3546 
195000 3563 3559 
195050 3544 3552 
195100 3542 3547 
195150 3550 3551 
195200 3557 3559 
195250 3544 3547 
195300 3547 3550 
195350 3554 3557 
195400 3568 3565 
195450 3551 3548 
195500 3542 3541 
195550 3552 3552 
195600 3558 3560 
195650 3528 3528 
195700 3563 3563 
195750 3553 3557 
195800 3563 3564 
195850 3549 3552 
195900 3544 3554 
195950 3535 3537 
196000 3544 3542 
196050 3556 3555 
196100 3556 3558 
196150 3542 3546 
196200 3539 3540 
196250 3554 3557 
196300 3548 3550 
196350 3550 3556 
196400 3549 3541 
196450 3547 3546 
196500 3557 3555 
196550 3564 3565 
196600 3560 3560 
196650 3563 3566 
196700 3551 3554 
196750 3541 3539 
196800 3553 3545 
196850 3556 3555 
196900 3544 3538 
196950 3553 3549 
197000 3552 3547 
197050 3555 3552 
197100 3540 3540 
197150 3552 3548 
197200 3525 3529 
197250 3542 3542 
197300 3549 3544 
197350 3546 3549 
197400 3525 3522 
197450 3537 3539 
197500 3548 3555 
197550 3546 3552 
197600 3556 3553 
197650 3551 3552 
197700 3551 3551 
197750 3547 3547 
197800 3560 3557 
197850 3559 3557 
197900 3543 3544 
197950 3549 3549 
198000 3543 3544 
198050 3551 3551 
198100 3564 3564 
198150 3556 3562 
198200 3544 3549 
198250 3559 3556 
198300 3544 3545 
198350 3551 3550 
198400 3552 3546 
198450 3554 3555 
198500 3533 3529 
198550 3562 3564 
198600 3546 3551 
198650 3553 3556 
198700 3561 3557 
198750 3555 3553 
198800 3557 3564 
198850 3543 3540 
198900 3553 3553 
198950 3552 3549 
199000 3542 3540 
199050 3550 3547 
199100 3562 3555 
199150 3545 3543 
199200 3557 3558 
199250 3560 3554 
199300 3558 3559 
199350 3554 3554 
199400 3559 3554 
199450 3547 3550 
199500 3518 3526 
199550 3544 3543 
199600 3543 3544 
199650 3546 3546 
199700 3560 3555 
199750 3553 3557 
199800 3550 3549 
199850 3540 3537 
199900 3552 3557 
199950 3561 3561 
200000 3558 3560 
