# Avida tasks data
# Sat Apr  7 12:51:20 2012
# First column gives the current update, next columns give the number
# of organisms that have the particular task as a component of their merit
#  1: Update
#  2: Xor
#  3: Equals

0 0 0 
50 8 8 
100 45 45 
150 128 128 
200 252 252 
250 458 458 
300 699 700 
350 989 992 
400 1365 1366 
450 1768 1769 
500 2229 2230 
550 2757 2756 
600 3257 3255 
650 3461 3458 
700 3545 3544 
750 3543 3548 
800 3549 3549 
850 3549 3551 
900 3538 3532 
950 3533 3524 
1000 3543 3538 
1050 3179 2912 
1100 3414 2556 
1150 3385 1990 
1200 3378 1455 
1250 3400 1077 
1300 3434 740 
1350 3449 465 
1400 3478 281 
1450 3506 152 
1500 3505 77 
1550 3512 63 
1600 3319 229 
1650 3050 497 
1700 2712 830 
1750 2404 1139 
1800 2137 1416 
1850 1891 1664 
1900 1616 1934 
1950 1343 2205 
2000 1101 2446 
2050 1439 1921 
2100 2021 1385 
2150 2513 934 
2200 2805 663 
2250 3059 445 
2300 3205 307 
2350 3334 181 
2400 3461 79 
2450 3520 31 
2500 3545 6 
2550 3523 0 
2600 3540 0 
2650 3556 0 
2700 3560 0 
2750 3551 0 
2800 3552 0 
2850 3541 0 
2900 3548 0 
2950 3548 4 
3000 3487 52 
3050 3490 50 
3100 3525 21 
3150 3536 6 
3200 3552 4 
3250 3549 1 
3300 3552 0 
3350 3557 0 
3400 3549 0 
3450 3557 0 
3500 3551 0 
3550 3549 0 
3600 3540 0 
3650 3555 0 
3700 3549 0 
3750 3559 0 
3800 3546 0 
3850 3542 0 
3900 3544 0 
3950 3554 0 
4000 3548 0 
4050 3553 0 
4100 3545 0 
4150 3549 0 
4200 3550 1 
4250 3541 0 
4300 3536 0 
4350 3553 0 
4400 3549 2 
4450 3544 0 
4500 3544 0 
4550 3537 0 
4600 3520 27 
4650 3418 137 
4700 3209 336 
4750 2962 589 
4800 2725 836 
4850 2455 1093 
4900 2173 1369 
4950 1904 1639 
5000 1654 1887 
5050 1868 1553 
5100 2241 1203 
5150 2497 951 
5200 2724 745 
5250 2884 588 
5300 3031 453 
5350 3136 342 
5400 3243 259 
5450 3327 191 
5500 3409 112 
5550 3469 66 
5600 3484 37 
5650 3470 70 
5700 3304 226 
5750 3069 477 
5800 3076 733 
5850 3295 1046 
5900 3423 1365 
5950 3492 1693 
6000 3523 2043 
6050 3379 1586 
6100 3441 1054 
6150 3492 684 
6200 3521 417 
6250 3513 244 
6300 3527 148 
6350 3540 66 
6400 3535 25 
6450 3535 5 
6500 3544 0 
6550 3547 0 
6600 3533 401 
6650 3534 981 
6700 3524 1395 
6750 3521 1808 
6800 3523 2159 
6850 3538 2465 
6900 3523 2744 
6950 3552 2958 
7000 3535 3087 
7050 3306 2327 
7100 3381 1549 
7150 3430 1110 
7200 3454 752 
7250 3506 522 
7300 3521 388 
7350 3529 244 
7400 3536 142 
7450 3546 73 
7500 3540 32 
7550 3538 271 
7600 3539 866 
7650 3536 1365 
7700 3544 1763 
7750 3541 2097 
7800 3542 2402 
7850 3552 2665 
7900 3558 2884 
7950 3546 3043 
8000 3547 3158 
8050 3279 2452 
8100 3348 1630 
8150 3424 1084 
8200 3481 637 
8250 3520 384 
8300 3526 230 
8350 3522 77 
8400 3543 25 
8450 3528 11 
8500 3550 3 
8550 3541 0 
8600 3550 389 
8650 3553 881 
8700 3558 1315 
8750 3548 1701 
8800 3546 2074 
8850 3550 2451 
8900 3548 2790 
8950 3534 3059 
9000 3540 3227 
9050 3290 2500 
9100 3359 1697 
9150 3406 1154 
9200 3455 759 
9250 3495 578 
9300 3532 370 
9350 3525 213 
9400 3544 87 
9450 3537 32 
9500 3535 9 
9550 3523 239 
9600 3502 977 
9650 3502 1535 
9700 3516 2034 
9750 3544 2383 
9800 3536 2628 
9850 3541 2881 
9900 3547 3116 
9950 3545 3266 
10000 3534 3379 
10050 3352 2248 
10100 3471 1188 
10150 3497 644 
10200 3530 309 
10250 3536 138 
10300 3541 43 
10350 3543 22 
10400 3540 7 
10450 3545 6 
10500 3545 11 
10550 3565 3 
10600 3566 753 
10650 3542 1434 
10700 3542 1991 
10750 3545 2487 
10800 3543 2800 
10850 3548 3095 
10900 3553 3309 
10950 3536 3401 
11000 3552 3472 
11050 3327 2291 
11100 3451 1088 
11150 3505 543 
11200 3521 224 
11250 3547 88 
11300 3547 28 
11350 3543 12 
11400 3552 12 
11450 3555 15 
11500 3537 13 
11550 3539 225 
11600 3549 897 
11650 3560 1465 
11700 3556 1923 
11750 3567 2284 
11800 3561 2586 
11850 3556 2794 
11900 3550 3003 
11950 3546 3144 
12000 3564 3278 
12050 3376 2173 
12100 3455 1222 
12150 3515 671 
12200 3550 382 
12250 3546 185 
12300 3556 70 
12350 3559 28 
12400 3544 12 
12450 3550 9 
12500 3568 19 
12550 3548 427 
12600 3556 1065 
12650 3551 1555 
12700 3548 1952 
12750 3545 2272 
12800 3557 2576 
12850 3556 2816 
12900 3549 3005 
12950 3551 3174 
13000 3552 3319 
13050 3342 2297 
13100 3465 1284 
13150 3497 671 
13200 3524 349 
13250 3555 170 
13300 3565 75 
13350 3558 31 
13400 3557 13 
13450 3553 5 
13500 3568 10 
13550 3554 545 
13600 3553 1182 
13650 3552 1680 
13700 3555 2114 
13750 3551 2482 
13800 3565 2814 
13850 3558 3074 
13900 3548 3239 
13950 3548 3370 
14000 3552 3465 
14050 3330 2331 
14100 3433 1236 
14150 3499 637 
14200 3517 264 
14250 3543 90 
14300 3539 32 
14350 3551 14 
14400 3545 9 
14450 3556 10 
14500 3547 7 
14550 3543 406 
14600 3558 942 
14650 3557 1377 
14700 3569 1810 
14750 3560 2211 
14800 3562 2581 
14850 3560 2888 
14900 3556 3101 
14950 3560 3265 
15000 3550 3372 
15050 3374 2135 
15100 3469 1122 
15150 3511 590 
15200 3539 314 
15250 3553 133 
15300 3558 53 
15350 3565 14 
15400 3565 3 
15450 3560 4 
15500 3559 5 
15550 3555 297 
15600 3559 866 
15650 3561 1377 
15700 3549 1794 
15750 3543 2227 
15800 3554 2551 
15850 3556 2814 
15900 3565 3027 
15950 3560 3146 
16000 3531 3199 
16050 3430 1907 
16100 3508 835 
16150 3535 306 
16200 3543 91 
16250 3547 24 
16300 3541 7 
16350 3549 14 
16400 3554 19 
16450 3554 4 
16500 3547 8 
16550 3542 535 
16600 3554 1195 
16650 3563 1723 
16700 3558 2101 
16750 3563 2392 
16800 3567 2665 
16850 3555 2917 
16900 3541 3103 
16950 3548 3267 
17000 3552 3362 
17050 3330 2309 
17100 3400 1320 
17150 3473 768 
17200 3486 470 
17250 3525 290 
17300 3537 194 
17350 3551 114 
17400 3566 78 
17450 3534 31 
17500 3546 15 
17550 3546 323 
17600 3552 1138 
17650 3547 1678 
17700 3536 2060 
17750 3534 2378 
17800 3550 2688 
17850 3554 2907 
17900 3561 3117 
17950 3554 3283 
18000 3562 3393 
18050 3406 2034 
18100 3534 819 
18150 3550 315 
18200 3549 119 
18250 3566 55 
18300 3558 28 
18350 3552 25 
18400 3543 19 
18450 3546 8 
18500 3544 15 
18550 3545 407 
18600 3531 1067 
18650 3539 1680 
18700 3541 2184 
18750 3533 2625 
18800 3543 2957 
18850 3543 3194 
18900 3556 3329 
18950 3545 3435 
19000 3543 3485 
19050 3373 2230 
19100 3471 1200 
19150 3515 624 
19200 3540 296 
19250 3544 120 
19300 3543 58 
19350 3550 22 
19400 3541 10 
19450 3561 12 
19500 3540 7 
19550 3546 505 
19600 3536 1217 
19650 3543 1741 
19700 3549 2149 
19750 3540 2479 
19800 3537 2763 
19850 3530 2958 
19900 3543 3141 
19950 3551 3232 
20000 3558 3360 
20050 3358 2222 
20100 3479 1150 
20150 3533 564 
20200 3541 230 
20250 3543 69 
20300 3549 23 
20350 3549 4 
20400 3576 1 
20450 3535 7 
20500 3537 4 
20550 3548 294 
20600 3561 981 
20650 3547 1596 
20700 3547 2113 
20750 3548 2529 
20800 3541 2854 
20850 3544 3110 
20900 3556 3324 
20950 3554 3441 
21000 3542 3491 
21050 3339 2419 
21100 3435 1401 
21150 3481 876 
21200 3514 559 
21250 3537 402 
21300 3545 269 
21350 3541 176 
21400 3532 80 
21450 3549 31 
21500 3549 9 
21550 3539 6 
21600 3512 266 
21650 3508 954 
21700 3483 1380 
21750 3473 1811 
21800 3504 2195 
21850 3513 2461 
21900 3512 2703 
21950 3538 2930 
22000 3543 3129 
22050 3337 2270 
22100 3422 1385 
22150 3434 886 
22200 3479 604 
22250 3511 407 
22300 3541 344 
22350 3531 239 
22400 3551 139 
22450 3556 75 
22500 3547 37 
22550 3568 164 
22600 3568 755 
22650 3551 1255 
22700 3552 1624 
22750 3543 2018 
22800 3544 2375 
22850 3558 2738 
22900 3544 2977 
22950 3553 3190 
23000 3554 3312 
23050 3324 2494 
23100 3418 1628 
23150 3441 1135 
23200 3450 788 
23250 3516 597 
23300 3513 377 
23350 3529 228 
23400 3547 133 
23450 3522 80 
23500 3535 32 
23550 3539 190 
23600 3526 863 
23650 3526 1414 
23700 3535 1859 
23750 3535 2249 
23800 3529 2563 
23850 3519 2796 
23900 3542 3024 
23950 3549 3186 
24000 3546 3342 
24050 3372 2226 
24100 3458 1286 
24150 3465 739 
24200 3502 450 
24250 3525 304 
24300 3519 214 
24350 3531 135 
24400 3551 71 
24450 3547 23 
24500 3555 8 
24550 3540 350 
24600 3535 1005 
24650 3547 1573 
24700 3543 2016 
24750 3557 2447 
24800 3542 2813 
24850 3551 3117 
24900 3551 3324 
24950 3554 3449 
25000 3543 3508 
25050 3311 2366 
25100 3432 1312 
25150 3483 736 
25200 3519 378 
25250 3534 203 
25300 3538 116 
25350 3535 51 
25400 3558 17 
25450 3562 5 
25500 3543 0 
25550 3555 8 
25600 3544 642 
25650 3545 1152 
25700 3546 1591 
25750 3552 1974 
25800 3558 2318 
25850 3548 2601 
25900 3557 2874 
25950 3557 3115 
26000 3551 3275 
26050 3329 2289 
26100 3462 1322 
26150 3527 726 
26200 3545 363 
26250 3544 157 
26300 3542 83 
26350 3542 31 
26400 3541 4 
26450 3542 5 
26500 3546 2 
26550 3542 344 
26600 3541 916 
26650 3546 1367 
26700 3531 1761 
26750 3542 2122 
26800 3547 2403 
26850 3542 2679 
26900 3535 2899 
26950 3544 3085 
27000 3537 3204 
27050 3361 2216 
27100 3428 1233 
27150 3460 711 
27200 3507 367 
27250 3546 146 
27300 3545 39 
27350 3539 10 
27400 3549 9 
27450 3550 7 
27500 3549 6 
27550 3517 182 
27600 3524 844 
27650 3523 1341 
27700 3531 1800 
27750 3517 2164 
27800 3527 2523 
27850 3548 2825 
27900 3543 3008 
27950 3533 3171 
28000 3537 3337 
28050 3258 2439 
28100 3367 1576 
28150 3399 1017 
28200 3453 648 
28250 3482 410 
28300 3531 227 
28350 3541 132 
28400 3542 60 
28450 3555 21 
28500 3528 5 
28550 3557 0 
28600 3546 87 
28650 3533 723 
28700 3546 1292 
28750 3542 1686 
28800 3539 2091 
28850 3561 2419 
28900 3554 2722 
28950 3548 2975 
29000 3547 3168 
29050 3299 2386 
29100 3389 1507 
29150 3468 866 
29200 3479 410 
29250 3506 177 
29300 3537 77 
29350 3533 27 
29400 3527 8 
29450 3537 1 
29500 3560 2 
29550 3562 55 
29600 3540 729 
29650 3543 1203 
29700 3530 1573 
29750 3522 1940 
29800 3534 2318 
29850 3552 2661 
29900 3541 2886 
29950 3527 3103 
30000 3540 3264 
30050 3293 2352 
30100 3407 1410 
30150 3466 825 
30200 3499 470 
30250 3538 238 
30300 3549 134 
30350 3529 54 
30400 3552 20 
30450 3540 4 
30500 3546 3 
30550 3553 386 
30600 3546 973 
30650 3547 1510 
30700 3555 1984 
30750 3542 2341 
30800 3556 2668 
30850 3555 2989 
30900 3555 3232 
30950 3534 3372 
31000 3553 3473 
31050 3322 2336 
31100 3454 1219 
31150 3500 550 
31200 3524 196 
31250 3516 62 
31300 3546 18 
31350 3556 8 
31400 3538 6 
31450 3562 4 
31500 3556 1 
31550 3537 67 
31600 3528 737 
31650 3521 1219 
31700 3514 1617 
31750 3518 1990 
31800 3527 2360 
31850 3518 2707 
31900 3538 2977 
31950 3534 3132 
32000 3535 3258 
32050 3366 2297 
32100 3478 1288 
32150 3513 711 
32200 3530 360 
32250 3524 175 
32300 3543 74 
32350 3548 26 
32400 3542 6 
32450 3541 3 
32500 3552 2 
32550 3533 2 
32600 3531 487 
32650 3519 963 
32700 3507 1407 
32750 3502 1828 
32800 3512 2191 
32850 3524 2531 
32900 3511 2750 
32950 3532 2987 
33000 3529 3142 
33050 3313 2382 
33100 3388 1531 
33150 3459 933 
33200 3497 527 
33250 3535 263 
33300 3522 130 
33350 3539 51 
33400 3552 12 
33450 3552 4 
33500 3554 3 
33550 3545 255 
33600 3550 961 
33650 3535 1489 
33700 3545 1897 
33750 3545 2283 
33800 3536 2548 
33850 3540 2871 
33900 3540 3064 
33950 3545 3215 
34000 3551 3338 
34050 3254 2399 
34100 3372 1473 
34150 3440 935 
34200 3467 579 
34250 3515 420 
34300 3532 295 
34350 3535 183 
34400 3525 99 
34450 3533 56 
34500 3529 34 
34550 3540 11 
34600 3511 333 
34650 3486 916 
34700 3492 1410 
34750 3491 1807 
34800 3482 2198 
34850 3476 2529 
34900 3473 2815 
34950 3480 3090 
35000 3478 3227 
35050 3277 2260 
35100 3390 1355 
35150 3429 799 
35200 3457 494 
35250 3485 313 
35300 3516 207 
35350 3509 134 
35400 3510 70 
35450 3540 33 
35500 3534 8 
35550 3545 4 
35600 3539 721 
35650 3536 1295 
35700 3547 1823 
35750 3537 2288 
35800 3524 2666 
35850 3536 2995 
35900 3547 3209 
35950 3559 3388 
36000 3542 3448 
36050 3321 2343 
36100 3437 1312 
36150 3493 756 
36200 3502 421 
36250 3523 229 
36300 3543 127 
36350 3537 51 
36400 3546 16 
36450 3558 7 
36500 3540 1 
36550 3532 1 
36600 3526 521 
36650 3525 1048 
36700 3536 1496 
36750 3524 1884 
36800 3524 2197 
36850 3529 2562 
36900 3537 2851 
36950 3544 3100 
37000 3540 3255 
37050 3310 2400 
37100 3392 1503 
37150 3441 916 
37200 3479 569 
37250 3509 334 
37300 3524 203 
37350 3520 97 
37400 3535 44 
37450 3546 16 
37500 3544 9 
37550 3557 462 
37600 3553 1279 
37650 3540 1801 
37700 3554 2252 
37750 3542 2609 
37800 3520 2899 
37850 3543 3134 
37900 3553 3280 
37950 3565 3375 
38000 3565 3451 
38050 3329 2443 
38100 3422 1466 
38150 3464 849 
38200 3493 471 
38250 3547 298 
38300 3531 160 
38350 3558 80 
38400 3540 27 
38450 3549 8 
38500 3540 1 
38550 3518 11 
38600 3393 150 
38650 3219 850 
38700 3186 1570 
38750 3153 2040 
38800 3155 2381 
38850 3209 2658 
38900 3251 2912 
38950 3301 3088 
39000 3387 3241 
39050 3248 2158 
39100 3399 1174 
39150 3460 581 
39200 3495 224 
39250 3533 83 
39300 3527 24 
39350 3529 8 
39400 3537 8 
39450 3556 14 
39500 3550 6 
39550 3548 553 
39600 3530 1101 
39650 3527 1550 
39700 3534 1934 
39750 3540 2321 
39800 3551 2656 
39850 3552 2915 
39900 3555 3127 
39950 3549 3279 
40000 3529 3372 
40050 3373 2176 
40100 3470 1053 
40150 3520 489 
40200 3537 221 
40250 3530 86 
40300 3535 32 
40350 3550 27 
40400 3549 21 
40450 3557 8 
40500 3529 6 
40550 3524 404 
40600 3551 1008 
40650 3544 1493 
40700 3539 1934 
40750 3539 2318 
40800 3549 2677 
40850 3547 2896 
40900 3551 3129 
40950 3544 3276 
41000 3526 3390 
41050 3347 2192 
41100 3474 1077 
41150 3497 554 
41200 3547 229 
41250 3530 100 
41300 3539 47 
41350 3524 22 
41400 3539 14 
41450 3555 9 
41500 3549 14 
41550 3546 570 
41600 3535 1325 
41650 3536 1894 
41700 3543 2276 
41750 3558 2711 
41800 3554 2952 
41850 3544 3139 
41900 3542 3300 
41950 3542 3403 
42000 3542 3474 
42050 3383 2148 
42100 3484 963 
42150 3539 404 
42200 3521 141 
42250 3541 48 
42300 3561 23 
42350 3527 20 
42400 3523 17 
42450 3526 13 
42500 3549 14 
42550 3552 320 
42600 3549 1056 
42650 3544 1552 
42700 3542 1955 
42750 3547 2230 
42800 3540 2425 
42850 3536 2625 
42900 3533 2832 
42950 3534 2984 
43000 3543 3137 
43050 3329 2126 
43100 3479 1129 
43150 3523 517 
43200 3540 199 
43250 3548 65 
43300 3544 16 
43350 3553 6 
43400 3547 6 
43450 3553 14 
43500 3549 7 
43550 3538 322 
43600 3543 986 
43650 3532 1477 
43700 3531 1935 
43750 3528 2291 
43800 3545 2601 
43850 3542 2819 
43900 3541 3029 
43950 3548 3227 
44000 3544 3363 
44050 3373 2241 
44100 3464 1278 
44150 3503 635 
44200 3529 278 
44250 3530 102 
44300 3538 52 
44350 3549 29 
44400 3539 14 
44450 3545 9 
44500 3551 12 
44550 3568 551 
44600 3541 1082 
44650 3543 1555 
44700 3536 1973 
44750 3535 2395 
44800 3539 2696 
44850 3546 2946 
44900 3529 3130 
44950 3535 3283 
45000 3565 3388 
45050 3361 2268 
45100 3453 1250 
45150 3515 665 
45200 3524 312 
45250 3543 159 
45300 3544 83 
45350 3545 37 
45400 3555 17 
45450 3547 9 
45500 3537 9 
45550 3540 603 
45600 3541 1282 
45650 3538 1808 
45700 3544 2168 
45750 3540 2467 
45800 3531 2773 
45850 3546 3018 
45900 3533 3174 
45950 3546 3267 
46000 3555 3350 
46050 3348 2301 
46100 3439 1274 
46150 3475 746 
46200 3481 429 
46250 3496 251 
46300 3523 147 
46350 3555 65 
46400 3553 38 
46450 3553 13 
46500 3542 14 
46550 3551 617 
46600 3530 1332 
46650 3541 1867 
46700 3542 2285 
46750 3538 2592 
46800 3550 2861 
46850 3533 3052 
46900 3551 3244 
46950 3552 3362 
47000 3551 3436 
47050 3345 2258 
47100 3455 1265 
47150 3477 753 
47200 3502 433 
47250 3512 270 
47300 3533 209 
47350 3518 139 
47400 3540 76 
47450 3535 29 
47500 3552 16 
47550 3563 354 
47600 3567 926 
47650 3557 1430 
47700 3548 1904 
47750 3552 2350 
47800 3550 2708 
47850 3563 2970 
47900 3550 3160 
47950 3557 3278 
48000 3549 3359 
48050 3373 2222 
48100 3465 1181 
48150 3519 515 
48200 3552 203 
48250 3551 74 
48300 3567 33 
48350 3545 19 
48400 3560 14 
48450 3553 10 
48500 3557 12 
48550 3559 563 
48600 3545 1113 
48650 3551 1643 
48700 3548 2107 
48750 3553 2449 
48800 3545 2677 
48850 3537 2871 
48900 3561 3112 
48950 3545 3213 
49000 3540 3336 
49050 3329 2234 
49100 3444 1180 
49150 3489 581 
49200 3523 274 
49250 3532 118 
49300 3536 54 
49350 3553 19 
49400 3553 9 
49450 3555 15 
49500 3552 7 
49550 3557 569 
49600 3545 1243 
49650 3554 1756 
49700 3540 2118 
49750 3542 2424 
49800 3545 2699 
49850 3546 2936 
49900 3548 3147 
49950 3552 3296 
50000 3555 3389 
50050 3365 2187 
50100 3434 1189 
50150 3497 555 
50200 3523 224 
50250 3540 63 
50300 3559 23 
50350 3545 16 
50400 3557 14 
50450 3540 11 
50500 3549 7 
50550 3553 552 
50600 3552 1451 
50650 3537 2082 
50700 3526 2569 
50750 3531 2885 
50800 3552 3109 
50850 3546 3246 
50900 3538 3335 
50950 3535 3400 
51000 3544 3471 
51050 3345 2336 
51100 3451 1262 
51150 3515 662 
51200 3506 317 
51250 3520 133 
51300 3548 47 
51350 3539 17 
51400 3536 9 
51450 3542 14 
51500 3550 19 
51550 3548 728 
51600 3549 1462 
51650 3541 1919 
51700 3543 2277 
51750 3542 2545 
51800 3540 2757 
51850 3550 2936 
51900 3558 3124 
51950 3550 3266 
52000 3543 3357 
52050 3348 2226 
52100 3451 1129 
52150 3472 590 
52200 3509 320 
52250 3532 158 
52300 3552 65 
52350 3546 37 
52400 3541 18 
52450 3544 16 
52500 3528 6 
52550 3535 418 
52600 3545 1033 
52650 3542 1519 
52700 3552 1963 
52750 3545 2357 
52800 3540 2721 
52850 3535 2985 
52900 3551 3200 
52950 3542 3352 
53000 3531 3446 
53050 3337 2399 
53100 3413 1433 
53150 3477 928 
53200 3472 631 
53250 3531 445 
53300 3545 323 
53350 3557 196 
53400 3541 99 
53450 3555 49 
53500 3555 19 
53550 3547 479 
53600 3550 1081 
53650 3540 1516 
53700 3541 1961 
53750 3534 2356 
53800 3548 2725 
53850 3552 3005 
53900 3551 3193 
53950 3538 3319 
54000 3570 3445 
54050 3343 2472 
54100 3401 1631 
54150 3428 1070 
54200 3497 789 
54250 3532 615 
54300 3538 416 
54350 3531 252 
54400 3556 136 
54450 3552 59 
54500 3532 30 
54550 3561 689 
54600 3555 1394 
54650 3554 1888 
54700 3562 2325 
54750 3542 2608 
54800 3549 2891 
54850 3555 3093 
54900 3549 3253 
54950 3540 3381 
55000 3561 3461 
55050 3348 2279 
55100 3435 1265 
55150 3512 646 
55200 3530 281 
55250 3544 102 
55300 3550 39 
55350 3549 28 
55400 3548 10 
55450 3542 7 
55500 3549 16 
55550 3534 635 
55600 3545 1311 
55650 3555 1844 
55700 3543 2281 
55750 3563 2573 
55800 3549 2797 
55850 3561 3031 
55900 3550 3173 
55950 3557 3261 
56000 3559 3352 
56050 3348 2296 
56100 3439 1401 
56150 3475 862 
56200 3490 560 
56250 3505 393 
56300 3536 266 
56350 3536 164 
56400 3546 78 
56450 3540 35 
56500 3550 23 
56550 3542 405 
56600 3552 920 
56650 3542 1354 
56700 3548 1795 
56750 3551 2283 
56800 3536 2698 
56850 3538 3017 
56900 3546 3229 
56950 3544 3358 
57000 3548 3427 
57050 3374 2139 
57100 3494 1046 
57150 3504 493 
57200 3520 203 
57250 3543 73 
57300 3547 21 
57350 3547 16 
57400 3537 13 
57450 3561 15 
57500 3556 10 
57550 3548 341 
57600 3546 930 
57650 3550 1382 
57700 3544 1744 
57750 3524 2095 
57800 3543 2430 
57850 3529 2714 
57900 3548 2954 
57950 3550 3131 
58000 3552 3264 
58050 3277 2384 
58100 3359 1540 
58150 3446 956 
58200 3482 610 
58250 3514 383 
58300 3541 256 
58350 3542 115 
58400 3549 41 
58450 3533 9 
58500 3554 11 
58550 3544 14 
58600 3547 1037 
58650 3527 1733 
58700 3537 2215 
58750 3552 2578 
58800 3550 2828 
58850 3535 3000 
58900 3547 3149 
58950 3560 3304 
59000 3540 3389 
59050 3344 2236 
59100 3441 1194 
59150 3477 668 
59200 3528 359 
59250 3530 167 
59300 3515 69 
59350 3542 33 
59400 3562 28 
59450 3539 8 
59500 3546 15 
59550 3563 450 
59600 3552 954 
59650 3547 1424 
59700 3543 1805 
59750 3545 2208 
59800 3543 2546 
59850 3546 2885 
59900 3549 3116 
59950 3555 3270 
60000 3546 3388 
60050 3372 2108 
60100 3466 1084 
60150 3510 533 
60200 3537 213 
60250 3558 67 
60300 3555 22 
60350 3563 32 
60400 3561 21 
60450 3560 16 
60500 3524 12 
60550 3534 371 
60600 3546 867 
60650 3544 1328 
60700 3548 1776 
60750 3548 2157 
60800 3543 2459 
60850 3554 2795 
60900 3544 3037 
60950 3546 3191 
61000 3545 3311 
61050 3424 2031 
61100 3506 851 
61150 3524 343 
61200 3542 143 
61250 3536 45 
61300 3559 20 
61350 3561 15 
61400 3549 17 
61450 3539 16 
61500 3553 20 
61550 3543 636 
61600 3544 1307 
61650 3547 1806 
61700 3529 2175 
61750 3531 2452 
61800 3546 2705 
61850 3551 2935 
61900 3558 3089 
61950 3547 3252 
62000 3539 3369 
62050 3301 2194 
62100 3454 1064 
62150 3504 474 
62200 3526 183 
62250 3541 63 
62300 3554 25 
62350 3552 16 
62400 3557 9 
62450 3546 16 
62500 3537 22 
62550 3555 527 
62600 3555 1209 
62650 3548 1797 
62700 3542 2289 
62750 3550 2696 
62800 3548 2982 
62850 3542 3236 
62900 3544 3366 
62950 3529 3456 
63000 3555 3512 
63050 3303 2380 
63100 3431 1448 
63150 3478 862 
63200 3515 522 
63250 3540 380 
63300 3549 239 
63350 3530 154 
63400 3555 80 
63450 3551 39 
63500 3553 17 
63550 3539 667 
63600 3546 1315 
63650 3556 1765 
63700 3547 2157 
63750 3560 2502 
63800 3566 2791 
63850 3549 2964 
63900 3532 3100 
63950 3545 3248 
64000 3564 3396 
64050 3395 2101 
64100 3486 1016 
64150 3532 500 
64200 3542 234 
64250 3533 131 
64300 3548 58 
64350 3546 19 
64400 3559 10 
64450 3541 10 
64500 3561 7 
64550 3543 423 
64600 3533 1200 
64650 3547 1847 
64700 3535 2351 
64750 3549 2759 
64800 3553 2990 
64850 3548 3185 
64900 3544 3298 
64950 3551 3366 
65000 3540 3408 
65050 3349 2084 
65100 3486 1004 
65150 3517 478 
65200 3540 243 
65250 3542 123 
65300 3551 62 
65350 3546 26 
65400 3548 24 
65450 3537 38 
65500 3544 19 
65550 3544 729 
65600 3556 1537 
65650 3541 2056 
65700 3560 2441 
65750 3550 2724 
65800 3550 2904 
65850 3544 3083 
65900 3548 3215 
65950 3541 3319 
66000 3554 3410 
66050 3370 2191 
66100 3476 1045 
66150 3516 479 
66200 3536 209 
66250 3542 94 
66300 3548 45 
66350 3537 12 
66400 3532 14 
66450 3553 10 
66500 3535 13 
66550 3536 484 
66600 3540 1142 
66650 3542 1646 
66700 3540 2104 
66750 3549 2456 
66800 3560 2742 
66850 3553 2980 
66900 3549 3170 
66950 3533 3272 
67000 3552 3377 
67050 3355 2190 
67100 3465 1198 
67150 3500 602 
67200 3526 280 
67250 3555 125 
67300 3547 52 
67350 3545 25 
67400 3532 15 
67450 3537 22 
67500 3543 9 
67550 3533 356 
67600 3535 1239 
67650 3528 1908 
67700 3532 2402 
67750 3530 2769 
67800 3545 3059 
67850 3539 3259 
67900 3541 3387 
67950 3552 3473 
68000 3539 3481 
68050 3397 2221 
68100 3457 1051 
68150 3508 539 
68200 3550 255 
68250 3539 110 
68300 3532 40 
68350 3524 21 
68400 3555 13 
68450 3545 10 
68500 3553 10 
68550 3552 134 
68600 3542 838 
68650 3541 1423 
68700 3543 1845 
68750 3534 2199 
68800 3541 2516 
68850 3529 2792 
68900 3526 3012 
68950 3537 3205 
69000 3546 3326 
69050 3337 2215 
69100 3463 1145 
69150 3498 581 
69200 3523 266 
69250 3524 118 
69300 3541 66 
69350 3539 47 
69400 3549 18 
69450 3546 11 
69500 3531 6 
69550 3534 437 
69600 3532 1058 
69650 3545 1544 
69700 3532 1973 
69750 3542 2342 
69800 3545 2624 
69850 3546 2853 
69900 3543 3074 
69950 3548 3245 
70000 3549 3363 
70050 3321 2237 
70100 3421 1285 
70150 3471 718 
70200 3510 389 
70250 3514 198 
70300 3539 88 
70350 3544 39 
70400 3538 21 
70450 3547 8 
70500 3552 10 
70550 3553 647 
70600 3558 1322 
70650 3540 1802 
70700 3535 2182 
70750 3544 2483 
70800 3536 2711 
70850 3525 2895 
70900 3546 3124 
70950 3550 3285 
71000 3531 3389 
71050 3388 2119 
71100 3479 1042 
71150 3514 486 
71200 3528 231 
71250 3547 123 
71300 3556 43 
71350 3534 14 
71400 3542 9 
71450 3551 8 
71500 3545 8 
71550 3559 327 
71600 3560 935 
71650 3554 1405 
71700 3552 1862 
71750 3543 2175 
71800 3541 2452 
71850 3540 2649 
71900 3529 2865 
71950 3536 3011 
72000 3545 3184 
72050 3387 2191 
72100 3509 1053 
72150 3523 439 
72200 3551 148 
72250 3546 46 
72300 3528 20 
72350 3530 15 
72400 3542 11 
72450 3565 6 
72500 3551 7 
72550 3553 349 
72600 3535 1138 
72650 3530 1721 
72700 3539 2177 
72750 3538 2595 
72800 3540 2848 
72850 3542 3066 
72900 3533 3181 
72950 3550 3355 
73000 3554 3435 
73050 3334 2268 
73100 3441 1189 
73150 3491 639 
73200 3517 290 
73250 3536 131 
73300 3536 62 
73350 3533 25 
73400 3548 12 
73450 3530 10 
73500 3561 5 
73550 3559 501 
73600 3541 1326 
73650 3555 1937 
73700 3538 2339 
73750 3546 2732 
73800 3540 3003 
73850 3552 3254 
73900 3549 3369 
73950 3548 3434 
74000 3539 3456 
74050 3358 2127 
74100 3478 1066 
74150 3512 542 
74200 3533 236 
74250 3548 82 
74300 3546 24 
74350 3547 24 
74400 3543 8 
74450 3554 4 
74500 3541 10 
74550 3548 538 
74600 3544 1157 
74650 3550 1667 
74700 3537 2022 
74750 3561 2367 
74800 3546 2645 
74850 3549 2873 
74900 3545 3045 
74950 3550 3183 
75000 3556 3282 
75050 3371 2254 
75100 3473 1205 
75150 3491 703 
75200 3512 375 
75250 3528 160 
75300 3561 47 
75350 3549 24 
75400 3560 12 
75450 3560 8 
75500 3544 5 
75550 3544 405 
75600 3541 1200 
75650 3542 1808 
75700 3529 2261 
75750 3540 2583 
75800 3544 2830 
75850 3526 3023 
75900 3537 3156 
75950 3533 3288 
76000 3536 3373 
76050 3335 2160 
76100 3433 1059 
76150 3469 534 
76200 3506 238 
76250 3520 84 
76300 3535 33 
76350 3553 17 
76400 3547 13 
76450 3550 13 
76500 3551 8 
76550 3550 209 
76600 3543 1126 
76650 3547 1779 
76700 3552 2223 
76750 3551 2535 
76800 3562 2773 
76850 3545 2910 
76900 3545 3074 
76950 3533 3187 
77000 3548 3309 
77050 3367 2197 
77100 3434 1233 
77150 3489 708 
77200 3513 355 
77250 3543 169 
77300 3539 75 
77350 3537 51 
77400 3550 22 
77450 3556 15 
77500 3545 3 
77550 3554 546 
77600 3546 1164 
77650 3548 1686 
77700 3563 2142 
77750 3548 2565 
77800 3550 2903 
77850 3556 3138 
77900 3547 3266 
77950 3546 3382 
78000 3552 3469 
78050 3350 2159 
78100 3432 1139 
78150 3496 556 
78200 3534 256 
78250 3542 120 
78300 3553 46 
78350 3547 23 
78400 3545 3 
78450 3545 1 
78500 3562 7 
78550 3544 384 
78600 3547 1164 
78650 3554 1784 
78700 3536 2253 
78750 3556 2652 
78800 3545 2965 
78850 3556 3244 
78900 3544 3389 
78950 3556 3515 
79000 3533 3506 
79050 3304 2224 
79100 3416 1184 
79150 3450 606 
79200 3516 329 
79250 3541 174 
79300 3527 74 
79350 3537 40 
79400 3536 7 
79450 3541 4 
79500 3553 12 
79550 3528 50 
79600 3513 858 
79650 3526 1493 
79700 3524 1954 
79750 3517 2372 
79800 3521 2754 
79850 3541 3064 
79900 3536 3240 
79950 3536 3399 
80000 3550 3488 
80050 3324 2144 
80100 3453 1056 
80150 3489 467 
80200 3506 195 
80250 3526 70 
80300 3543 32 
80350 3550 8 
80400 3544 10 
80450 3553 5 
80500 3553 13 
80550 3550 139 
80600 3550 1153 
80650 3538 1853 
80700 3529 2230 
80750 3542 2563 
80800 3530 2784 
80850 3555 3072 
80900 3560 3251 
80950 3554 3379 
81000 3563 3471 
81050 3325 2264 
81100 3404 1314 
81150 3459 787 
81200 3519 500 
81250 3539 313 
81300 3542 180 
81350 3547 85 
81400 3545 32 
81450 3559 13 
81500 3544 16 
81550 3551 583 
81600 3559 1327 
81650 3552 1884 
81700 3547 2361 
81750 3542 2701 
81800 3543 2971 
81850 3544 3225 
81900 3557 3377 
81950 3556 3444 
82000 3568 3508 
82050 3351 2147 
82100 3467 1099 
82150 3504 576 
82200 3542 304 
82250 3525 163 
82300 3537 85 
82350 3536 39 
82400 3533 13 
82450 3542 11 
82500 3551 11 
82550 3555 625 
82600 3540 1335 
82650 3531 1861 
82700 3530 2292 
82750 3528 2653 
82800 3560 3012 
82850 3552 3236 
82900 3548 3400 
82950 3562 3496 
83000 3555 3507 
83050 3319 2240 
83100 3437 1212 
83150 3474 698 
83200 3529 398 
83250 3539 227 
83300 3546 104 
83350 3549 44 
83400 3542 28 
83450 3546 9 
83500 3554 9 
83550 3546 449 
83600 3546 1176 
83650 3546 1717 
83700 3547 2146 
83750 3556 2466 
83800 3543 2741 
83850 3550 3018 
83900 3554 3241 
83950 3542 3344 
84000 3549 3437 
84050 3362 2059 
84100 3462 1002 
84150 3504 465 
84200 3525 266 
84250 3554 127 
84300 3559 47 
84350 3549 11 
84400 3558 5 
84450 3536 7 
84500 3545 7 
84550 3537 202 
84600 3539 883 
84650 3557 1455 
84700 3537 1936 
84750 3538 2394 
84800 3557 2763 
84850 3545 3063 
84900 3548 3263 
84950 3543 3387 
85000 3540 3479 
85050 3247 2422 
85100 3358 1495 
85150 3476 908 
85200 3501 494 
85250 3516 228 
85300 3518 106 
85350 3521 35 
85400 3545 8 
85450 3538 7 
85500 3549 5 
85550 3555 670 
85600 3550 1557 
85650 3553 2178 
85700 3548 2605 
85750 3548 2934 
85800 3555 3188 
85850 3560 3381 
85900 3544 3492 
85950 3557 3554 
86000 3551 3549 
86050 3285 2201 
86100 3446 1115 
86150 3494 590 
86200 3522 317 
86250 3540 171 
86300 3541 76 
86350 3564 30 
86400 3550 5 
86450 3542 1 
86500 3546 1 
86550 3559 780 
86600 3529 1501 
86650 3528 2160 
86700 3519 2646 
86750 3523 3038 
86800 3539 3277 
86850 3554 3418 
86900 3553 3494 
86950 3560 3554 
87000 3553 3553 
87050 3251 2256 
87100 3451 1449 
87150 3487 773 
87200 3513 375 
87250 3534 100 
87300 3572 25 
87350 3557 4 
87400 3549 4 
87450 3532 7 
87500 3543 8 
87550 3546 456 
87600 3552 1281 
87650 3547 2000 
87700 3549 2573 
87750 3545 2972 
87800 3552 3260 
87850 3554 3409 
87900 3555 3492 
87950 3554 3529 
88000 3565 3549 
88050 3333 2038 
88100 3493 1217 
88150 3543 785 
88200 3537 487 
88250 3529 294 
88300 3542 171 
88350 3535 66 
88400 3557 28 
88450 3535 4 
88500 3551 1 
88550 3543 30 
88600 3546 1210 
88650 3556 1967 
88700 3524 2457 
88750 3545 2933 
88800 3563 3229 
88850 3560 3406 
88900 3560 3502 
88950 3557 3533 
89000 3559 3553 
89050 3280 2229 
89100 3462 1631 
89150 3440 1035 
89200 3453 633 
89250 3462 306 
89300 3487 162 
89350 3531 67 
89400 3560 14 
89450 3555 8 
89500 3550 8 
89550 3546 418 
89600 3560 1407 
89650 3548 2048 
89700 3555 2479 
89750 3559 2847 
89800 3556 3161 
89850 3558 3354 
89900 3551 3455 
89950 3556 3516 
90000 3551 3533 
90050 3324 1878 
90100 3462 834 
90150 3546 433 
90200 3554 159 
90250 3553 44 
90300 3558 10 
90350 3538 3 
90400 3550 1 
90450 3567 0 
90500 3556 2 
90550 3535 462 
90600 3532 1337 
90650 3533 1979 
90700 3554 2549 
90750 3554 2979 
90800 3555 3261 
90850 3545 3439 
90900 3554 3521 
90950 3549 3502 
91000 3563 3538 
91050 3374 1768 
91100 3465 770 
91150 3534 397 
91200 3545 161 
91250 3524 52 
91300 3539 10 
91350 3556 11 
91400 3556 7 
91450 3558 10 
91500 3545 5 
91550 3527 387 
91600 3521 1220 
91650 3537 1941 
91700 3535 2500 
91750 3545 2958 
91800 3529 3211 
91850 3544 3370 
91900 3549 3486 
91950 3545 3528 
92000 3546 3551 
92050 3312 2169 
92100 3453 1353 
92150 3472 763 
92200 3507 391 
92250 3519 183 
92300 3534 80 
92350 3548 35 
92400 3558 15 
92450 3544 3 
92500 3554 2 
92550 3563 541 
92600 3540 1306 
92650 3564 1961 
92700 3555 2518 
92750 3544 2930 
92800 3552 3228 
92850 3542 3386 
92900 3550 3495 
92950 3557 3546 
93000 3551 3539 
93050 3373 1815 
93100 3453 693 
93150 3528 282 
93200 3533 107 
93250 3567 32 
93300 3530 13 
93350 3545 6 
93400 3549 1 
93450 3544 2 
93500 3552 8 
93550 3526 716 
93600 3540 1469 
93650 3528 2114 
93700 3531 2657 
93750 3542 3044 
93800 3528 3242 
93850 3555 3381 
93900 3561 3481 
93950 3544 3518 
94000 3547 3537 
94050 3301 2168 
94100 3482 1420 
94150 3494 754 
94200 3504 349 
94250 3533 90 
94300 3530 15 
94350 3538 2 
94400 3532 0 
94450 3545 0 
94500 3559 1 
94550 3564 173 
94600 3550 1160 
94650 3557 1790 
94700 3547 2329 
94750 3557 2761 
94800 3542 3109 
94850 3554 3290 
94900 3550 3382 
94950 3553 3461 
95000 3549 3522 
95050 3336 1959 
95100 3451 852 
95150 3532 412 
95200 3553 175 
95250 3534 53 
95300 3549 7 
95350 3553 1 
95400 3543 2 
95450 3545 1 
95500 3548 0 
95550 3553 701 
95600 3555 1419 
95650 3555 1969 
95700 3569 2549 
95750 3553 2980 
95800 3568 3250 
95850 3566 3396 
95900 3549 3480 
95950 3573 3555 
96000 3552 3556 
96050 3320 2079 
96100 3487 1137 
96150 3527 581 
96200 3540 284 
96250 3554 132 
96300 3555 52 
96350 3569 4 
96400 3557 2 
96450 3561 0 
96500 3561 0 
96550 3564 0 
96600 3549 0 
96650 3540 473 
96700 3554 1304 
96750 3558 1926 
96800 3556 2450 
96850 3548 2887 
96900 3561 3169 
96950 3562 3349 
97000 3550 3435 
97050 3327 1921 
97100 3420 815 
97150 3518 348 
97200 3549 106 
97250 3551 23 
97300 3548 2 
97350 3548 0 
97400 3559 0 
97450 3540 6 
97500 3563 1 
97550 3505 42 
97600 3420 824 
97650 3451 1565 
97700 3504 2163 
97750 3548 2686 
97800 3551 3054 
97850 3558 3253 
97900 3551 3385 
97950 3550 3482 
98000 3542 3534 
98050 3295 1953 
98100 3453 977 
98150 3538 498 
98200 3556 201 
98250 3561 59 
98300 3559 11 
98350 3563 0 
98400 3561 0 
98450 3552 1 
98500 3548 0 
98550 3560 0 
98600 3560 755 
98650 3549 1402 
98700 3563 2015 
98750 3558 2507 
98800 3555 2898 
98850 3568 3188 
98900 3538 3336 
98950 3547 3435 
99000 3548 3497 
99050 3318 1894 
99100 3465 839 
99150 3535 353 
99200 3527 118 
99250 3544 36 
99300 3565 11 
99350 3550 7 
99400 3560 2 
99450 3548 8 
99500 3574 6 
99550 3537 493 
99600 3517 1279 
99650 3524 1925 
99700 3522 2447 
99750 3540 2913 
99800 3553 3188 
99850 3550 3372 
99900 3546 3456 
99950 3564 3511 
100000 3574 3526 
100050 3394 1765 
100100 3492 803 
100150 3547 345 
100200 3544 99 
100250 3557 13 
100300 3553 4 
100350 3553 7 
100400 3552 3 
100450 3570 3 
100500 3555 5 
100550 3533 841 
100600 3530 1826 
100650 3518 2468 
100700 3535 3011 
100750 3517 3334 
100800 3533 3477 
100850 3549 3536 
100900 3552 3524 
100950 3551 3529 
101000 3556 3543 
101050 3358 1950 
101100 3476 997 
101150 3554 519 
101200 3545 196 
101250 3542 30 
101300 3554 9 
101350 3551 5 
101400 3549 4 
101450 3550 5 
101500 3550 2 
101550 3562 922 
101600 3549 1718 
101650 3560 2429 
101700 3558 2889 
101750 3544 3169 
101800 3533 3392 
101850 3536 3512 
101900 3548 3534 
101950 3542 3537 
102000 3539 3532 
102050 3345 1899 
102100 3499 723 
102150 3534 278 
102200 3541 62 
102250 3555 8 
102300 3534 2 
102350 3551 3 
102400 3533 5 
102450 3561 0 
102500 3547 2 
102550 3511 559 
102600 3508 1531 
102650 3520 2143 
102700 3534 2663 
102750 3528 3068 
102800 3545 3290 
102850 3539 3434 
102900 3534 3507 
102950 3545 3537 
103000 3536 3533 
103050 3323 1836 
103100 3409 845 
103150 3497 537 
103200 3521 306 
103250 3544 146 
103300 3541 47 
103350 3548 11 
103400 3535 3 
103450 3537 5 
103500 3541 2 
103550 3551 7 
103600 3546 968 
103650 3559 1668 
103700 3546 2273 
103750 3536 2822 
103800 3551 3196 
103850 3550 3410 
103900 3541 3487 
103950 3537 3520 
104000 3554 3541 
104050 3363 1805 
104100 3434 723 
104150 3521 265 
104200 3544 59 
104250 3551 3 
104300 3546 3 
104350 3562 3 
104400 3547 3 
104450 3539 6 
104500 3551 1 
104550 3536 486 
104600 3529 1548 
104650 3546 2227 
104700 3516 2767 
104750 3534 3217 
104800 3526 3459 
104850 3531 3534 
104900 3549 3549 
104950 3549 3539 
105000 3543 3542 
105050 3320 1877 
105100 3455 726 
105150 3519 303 
105200 3540 73 
105250 3559 6 
105300 3553 5 
105350 3550 2 
105400 3566 2 
105450 3544 7 
105500 3554 3 
105550 3563 4 
105600 3552 756 
105650 3555 1517 
105700 3541 2175 
105750 3550 2642 
105800 3554 3059 
105850 3558 3320 
105900 3545 3457 
105950 3549 3515 
106000 3546 3532 
106050 3382 1792 
106100 3482 783 
106150 3535 371 
106200 3542 137 
106250 3547 33 
106300 3537 12 
106350 3548 7 
106400 3559 5 
106450 3544 4 
106500 3559 4 
106550 3531 825 
106600 3518 1535 
106650 3526 2155 
106700 3542 2606 
106750 3550 2990 
106800 3545 3223 
106850 3561 3393 
106900 3548 3484 
106950 3547 3531 
107000 3552 3542 
107050 3346 1961 
107100 3479 948 
107150 3524 524 
107200 3531 267 
107250 3524 128 
107300 3544 53 
107350 3561 21 
107400 3543 11 
107450 3565 1 
107500 3574 7 
107550 3548 611 
107600 3548 1460 
107650 3551 2121 
107700 3546 2566 
107750 3542 2878 
107800 3548 3181 
107850 3547 3417 
107900 3539 3503 
107950 3548 3526 
108000 3554 3541 
108050 3347 1946 
108100 3456 956 
108150 3503 516 
108200 3506 191 
108250 3535 48 
108300 3530 2 
108350 3543 3 
108400 3540 2 
108450 3534 5 
108500 3541 3 
108550 3538 600 
108600 3552 1542 
108650 3540 2158 
108700 3545 2583 
108750 3538 2901 
108800 3536 3207 
108850 3543 3419 
108900 3540 3527 
108950 3553 3534 
109000 3537 3535 
109050 3337 1951 
109100 3497 845 
109150 3521 326 
109200 3534 87 
109250 3540 18 
109300 3539 2 
109350 3530 4 
109400 3545 3 
109450 3539 2 
109500 3549 3 
109550 3546 1042 
109600 3532 1899 
109650 3540 2571 
109700 3541 2984 
109750 3553 3282 
109800 3547 3452 
109850 3548 3524 
109900 3545 3539 
109950 3542 3539 
110000 3528 3513 
110050 3360 1853 
110100 3477 659 
110150 3526 235 
110200 3548 43 
110250 3551 5 
110300 3557 6 
110350 3547 1 
110400 3538 2 
110450 3547 1 
110500 3538 4 
110550 3528 953 
110600 3539 1862 
110650 3552 2500 
110700 3539 2940 
110750 3537 3299 
110800 3545 3470 
110850 3542 3521 
110900 3549 3546 
110950 3555 3540 
111000 3518 3510 
111050 3305 1937 
111100 3417 836 
111150 3525 344 
111200 3534 89 
111250 3547 21 
111300 3553 10 
111350 3548 16 
111400 3531 6 
111450 3548 10 
111500 3545 10 
111550 3527 574 
111600 3508 1535 
111650 3552 2211 
111700 3540 2731 
111750 3539 3138 
111800 3542 3393 
111850 3558 3499 
111900 3555 3539 
111950 3540 3525 
112000 3560 3547 
112050 3350 2087 
112100 3504 1165 
112150 3540 682 
112200 3554 384 
112250 3559 174 
112300 3548 37 
112350 3563 7 
112400 3545 2 
112450 3543 6 
112500 3554 4 
112550 3545 609 
112600 3547 1226 
112650 3564 1797 
112700 3545 2264 
112750 3556 2690 
112800 3544 2996 
112850 3530 3177 
112900 3545 3327 
112950 3533 3417 
113000 3561 3508 
113050 3333 2131 
113100 3448 1117 
113150 3532 603 
113200 3560 310 
113250 3542 99 
113300 3550 14 
113350 3545 3 
113400 3553 5 
113450 3543 2 
113500 3541 4 
113550 3550 450 
113600 3537 1086 
113650 3541 1707 
113700 3548 2223 
113750 3550 2664 
113800 3550 2956 
113850 3537 3169 
113900 3532 3348 
113950 3555 3436 
114000 3551 3503 
114050 3325 2238 
114100 3435 1224 
114150 3532 622 
114200 3550 337 
114250 3543 148 
114300 3550 34 
114350 3544 9 
114400 3525 2 
114450 3537 1 
114500 3535 2 
114550 3519 368 
114600 3545 1064 
114650 3537 1642 
114700 3554 2206 
114750 3556 2617 
114800 3527 2933 
114850 3550 3177 
114900 3546 3327 
114950 3542 3416 
115000 3552 3478 
115050 3356 2044 
115100 3467 994 
115150 3489 451 
115200 3519 217 
115250 3553 105 
115300 3546 45 
115350 3542 16 
115400 3541 2 
115450 3539 4 
115500 3557 3 
115550 3546 838 
115600 3543 1553 
115650 3548 2057 
115700 3544 2420 
115750 3533 2723 
115800 3554 3059 
115850 3528 3263 
115900 3546 3436 
115950 3550 3517 
116000 3547 3539 
116050 3280 2222 
116100 3374 1284 
116150 3501 882 
116200 3515 522 
116250 3550 267 
116300 3542 129 
116350 3543 53 
116400 3551 6 
116450 3554 3 
116500 3554 2 
116550 3553 22 
116600 3561 896 
116650 3558 1486 
116700 3550 1946 
116750 3553 2422 
116800 3555 2799 
116850 3552 3074 
116900 3550 3266 
116950 3557 3398 
117000 3557 3480 
117050 3339 2063 
117100 3427 999 
117150 3461 511 
117200 3513 315 
117250 3539 161 
117300 3543 75 
117350 3547 23 
117400 3539 12 
117450 3546 4 
117500 3546 6 
117550 3538 524 
117600 3528 1213 
117650 3546 1732 
117700 3549 2235 
117750 3541 2661 
117800 3541 3008 
117850 3554 3226 
117900 3557 3351 
117950 3520 3396 
118000 3553 3500 
118050 3288 2333 
118100 3395 1345 
118150 3529 925 
118200 3506 593 
118250 3541 347 
118300 3542 197 
118350 3536 96 
118400 3563 33 
118450 3527 15 
118500 3534 3 
118550 3555 322 
118600 3554 1073 
118650 3540 1659 
118700 3546 2223 
118750 3560 2592 
118800 3546 2891 
118850 3538 3094 
118900 3549 3292 
118950 3555 3389 
119000 3533 3495 
119050 3228 2382 
119100 3398 1438 
119150 3516 963 
119200 3511 585 
119250 3523 269 
119300 3540 92 
119350 3542 24 
119400 3539 4 
119450 3553 0 
119500 3551 0 
119550 3548 203 
119600 3548 959 
119650 3531 1542 
119700 3531 2001 
119750 3545 2494 
119800 3534 2873 
119850 3555 3159 
119900 3549 3340 
119950 3541 3445 
120000 3524 3471 
120050 3328 2195 
120100 3403 1227 
120150 3516 786 
120200 3519 431 
120250 3555 172 
120300 3544 57 
120350 3541 10 
120400 3548 1 
120450 3545 1 
120500 3540 2 
120550 3534 720 
120600 3546 1504 
120650 3546 2136 
120700 3542 2700 
120750 3554 3116 
120800 3547 3354 
120850 3536 3473 
120900 3548 3529 
120950 3531 3526 
121000 3552 3551 
121050 3306 2024 
121100 3452 1055 
121150 3508 524 
121200 3536 182 
121250 3547 36 
121300 3543 5 
121350 3554 1 
121400 3547 0 
121450 3548 3 
121500 3555 2 
121550 3559 668 
121600 3551 1631 
121650 3555 2236 
121700 3546 2740 
121750 3544 3139 
121800 3538 3409 
121850 3546 3518 
121900 3530 3520 
121950 3548 3546 
122000 3544 3546 
122050 3330 2054 
122100 3535 1250 
122150 3522 646 
122200 3536 289 
122250 3559 103 
122300 3568 53 
122350 3557 37 
122400 3561 23 
122450 3550 28 
122500 3547 22 
122550 3554 779 
122600 3553 1523 
122650 3560 2121 
122700 3570 2669 
122750 3555 2995 
122800 3554 3222 
122850 3555 3385 
122900 3542 3489 
122950 3557 3547 
123000 3544 3542 
123050 3324 2098 
123100 3517 1223 
123150 3532 595 
123200 3538 235 
123250 3558 70 
123300 3545 9 
123350 3566 0 
123400 3541 0 
123450 3556 2 
123500 3554 3 
123550 3538 541 
123600 3549 1421 
123650 3548 2072 
123700 3547 2570 
123750 3555 2953 
123800 3549 3224 
123850 3543 3407 
123900 3556 3523 
123950 3556 3552 
124000 3550 3545 
124050 3312 2096 
124100 3486 1312 
124150 3532 818 
124200 3542 473 
124250 3537 236 
124300 3540 115 
124350 3558 80 
124400 3546 68 
124450 3538 68 
124500 3536 65 
124550 3554 764 
124600 3547 1510 
124650 3559 2184 
124700 3534 2678 
124750 3550 3073 
124800 3541 3303 
124850 3563 3472 
124900 3540 3519 
124950 3518 3522 
125000 3552 3546 
125050 3317 1992 
125100 3490 1052 
125150 3518 526 
125200 3517 158 
125250 3533 25 
125300 3544 6 
125350 3551 2 
125400 3557 3 
125450 3549 1 
125500 3550 8 
125550 3551 442 
125600 3563 1299 
125650 3546 1890 
125700 3564 2456 
125750 3546 2848 
125800 3552 3127 
125850 3553 3318 
125900 3554 3489 
125950 3558 3531 
126000 3549 3541 
126050 3323 1766 
126100 3427 679 
126150 3552 287 
126200 3537 72 
126250 3528 8 
126300 3537 1 
126350 3529 3 
126400 3556 1 
126450 3557 1 
126500 3528 9 
126550 3562 557 
126600 3563 1330 
126650 3558 2045 
126700 3553 2632 
126750 3565 3026 
126800 3556 3213 
126850 3546 3331 
126900 3545 3432 
126950 3548 3515 
127000 3561 3549 
127050 3330 1922 
127100 3454 854 
127150 3521 427 
127200 3552 175 
127250 3548 75 
127300 3540 22 
127350 3531 4 
127400 3556 4 
127450 3544 3 
127500 3540 1 
127550 3549 828 
127600 3550 1676 
127650 3538 2236 
127700 3552 2717 
127750 3544 3102 
127800 3537 3361 
127850 3556 3518 
127900 3564 3536 
127950 3558 3544 
128000 3543 3540 
128050 3310 1899 
128100 3420 923 
128150 3526 527 
128200 3549 237 
128250 3553 87 
128300 3549 19 
128350 3540 4 
128400 3558 4 
128450 3542 11 
128500 3528 8 
128550 3547 811 
128600 3521 1568 
128650 3541 2245 
128700 3538 2742 
128750 3541 3037 
128800 3547 3248 
128850 3534 3411 
128900 3555 3514 
128950 3534 3511 
129000 3539 3532 
129050 3299 1957 
129100 3384 1167 
129150 3488 755 
129200 3495 403 
129250 3531 187 
129300 3542 51 
129350 3550 17 
129400 3535 19 
129450 3552 4 
129500 3552 4 
129550 3548 872 
129600 3544 1768 
129650 3555 2396 
129700 3543 2804 
129750 3537 3088 
129800 3541 3343 
129850 3548 3478 
129900 3551 3510 
129950 3534 3513 
130000 3541 3526 
130050 3330 1878 
130100 3458 825 
130150 3499 379 
130200 3514 161 
130250 3542 62 
130300 3538 12 
130350 3556 6 
130400 3542 7 
130450 3539 9 
130500 3545 8 
130550 3548 733 
130600 3555 1741 
130650 3554 2421 
130700 3546 2990 
130750 3554 3320 
130800 3569 3458 
130850 3555 3510 
130900 3566 3545 
130950 3549 3518 
131000 3549 3526 
131050 3383 1767 
131100 3495 653 
131150 3542 220 
131200 3552 60 
131250 3554 11 
131300 3547 2 
131350 3549 11 
131400 3557 7 
131450 3557 7 
131500 3563 0 
131550 3533 814 
131600 3533 1591 
131650 3549 2262 
131700 3566 2703 
131750 3561 3031 
131800 3556 3272 
131850 3568 3398 
131900 3561 3503 
131950 3567 3538 
132000 3564 3539 
132050 3298 2051 
132100 3464 990 
132150 3544 435 
132200 3554 117 
132250 3562 12 
132300 3552 4 
132350 3563 3 
132400 3552 4 
132450 3547 2 
132500 3564 2 
132550 3545 905 
132600 3542 1723 
132650 3542 2330 
132700 3556 2723 
132750 3554 3140 
132800 3547 3396 
132850 3549 3503 
132900 3557 3533 
132950 3562 3554 
133000 3573 3553 
133050 3408 1800 
133100 3511 709 
133150 3557 208 
133200 3581 63 
133250 3560 11 
133300 3565 3 
133350 3570 1 
133400 3561 4 
133450 3574 9 
133500 3562 7 
133550 3559 801 
133600 3567 1608 
133650 3574 2214 
133700 3575 2729 
133750 3557 3112 
133800 3572 3404 
133850 3565 3501 
133900 3569 3551 
133950 3579 3566 
134000 3563 3546 
134050 3315 2011 
134100 3463 958 
134150 3537 418 
134200 3564 157 
134250 3573 54 
134300 3565 11 
134350 3557 3 
134400 3565 10 
134450 3565 1 
134500 3572 3 
134550 3548 171 
134600 3532 1075 
134650 3537 1765 
134700 3555 2316 
134750 3571 2750 
134800 3563 3025 
134850 3564 3274 
134900 3564 3440 
134950 3573 3535 
135000 3571 3540 
135050 3373 1857 
135100 3511 770 
135150 3556 277 
135200 3565 76 
135250 3563 19 
135300 3545 3 
135350 3570 2 
135400 3560 3 
135450 3574 5 
135500 3555 7 
135550 3566 710 
135600 3565 1472 
135650 3558 2089 
135700 3558 2555 
135750 3559 2905 
135800 3556 3111 
135850 3567 3303 
135900 3568 3435 
135950 3566 3531 
136000 3560 3551 
136050 3361 1953 
136100 3505 862 
136150 3548 438 
136200 3568 154 
136250 3572 18 
136300 3584 6 
136350 3569 2 
136400 3567 3 
136450 3565 5 
136500 3560 6 
136550 3547 893 
136600 3551 1801 
136650 3558 2320 
136700 3551 2667 
136750 3562 3047 
136800 3564 3311 
136850 3571 3494 
136900 3562 3530 
136950 3576 3561 
137000 3568 3555 
137050 3398 1893 
137100 3505 776 
137150 3571 260 
137200 3570 62 
137250 3566 18 
137300 3569 9 
137350 3572 7 
137400 3570 2 
137450 3568 5 
137500 3564 0 
137550 3560 669 
137600 3562 1453 
137650 3568 2099 
137700 3560 2597 
137750 3567 2965 
137800 3566 3209 
137850 3559 3410 
137900 3556 3503 
137950 3562 3537 
138000 3560 3542 
138050 3388 1746 
138100 3526 610 
138150 3561 178 
138200 3560 37 
138250 3552 11 
138300 3544 6 
138350 3559 8 
138400 3563 5 
138450 3559 3 
138500 3562 2 
138550 3584 707 
138600 3562 1574 
138650 3562 2324 
138700 3564 2952 
138750 3555 3306 
138800 3562 3489 
138850 3568 3547 
138900 3571 3547 
138950 3561 3548 
139000 3562 3559 
139050 3329 2055 
139100 3472 1233 
139150 3507 725 
139200 3520 422 
139250 3523 201 
139300 3535 64 
139350 3554 15 
139400 3562 2 
139450 3562 4 
139500 3558 3 
139550 3550 713 
139600 3559 1599 
139650 3566 2230 
139700 3563 2791 
139750 3564 3182 
139800 3575 3392 
139850 3569 3516 
139900 3577 3551 
139950 3565 3541 
140000 3553 3548 
140050 3336 1879 
140100 3454 851 
140150 3534 471 
140200 3554 175 
140250 3557 40 
140300 3568 8 
140350 3565 7 
140400 3568 6 
140450 3561 9 
140500 3553 8 
140550 3572 545 
140600 3574 1195 
140650 3552 1707 
140700 3563 2186 
140750 3557 2627 
140800 3551 2876 
140850 3562 3078 
140900 3561 3238 
140950 3569 3373 
141000 3549 3434 
141050 3305 2162 
141100 3445 1208 
141150 3487 679 
141200 3526 417 
141250 3543 239 
141300 3541 118 
141350 3532 27 
141400 3554 3 
141450 3550 6 
141500 3547 1 
141550 3549 626 
141600 3564 1387 
141650 3564 1991 
141700 3562 2522 
141750 3559 2859 
141800 3559 3115 
141850 3553 3274 
141900 3563 3414 
141950 3553 3504 
142000 3565 3531 
142050 3323 2214 
142100 3450 1221 
142150 3555 607 
142200 3543 265 
142250 3563 85 
142300 3556 19 
142350 3555 5 
142400 3554 6 
142450 3566 4 
142500 3565 0 
142550 3562 645 
142600 3565 1523 
142650 3568 2068 
142700 3560 2463 
142750 3571 2833 
142800 3560 3093 
142850 3568 3285 
142900 3563 3422 
142950 3571 3516 
143000 3553 3543 
143050 3268 2312 
143100 3405 1546 
143150 3492 1070 
143200 3500 709 
143250 3509 500 
143300 3528 347 
143350 3517 207 
143400 3532 139 
143450 3549 72 
143500 3546 28 
143550 3550 488 
143600 3547 1224 
143650 3568 1787 
143700 3564 2365 
143750 3572 2829 
143800 3563 3172 
143850 3556 3381 
143900 3548 3492 
143950 3545 3521 
144000 3564 3547 
144050 3316 2207 
144100 3443 1228 
144150 3535 717 
144200 3566 351 
144250 3561 148 
144300 3554 41 
144350 3561 11 
144400 3552 8 
144450 3560 16 
144500 3557 5 
144550 3569 505 
144600 3576 1228 
144650 3579 1754 
144700 3562 2236 
144750 3552 2646 
144800 3556 2988 
144850 3547 3194 
144900 3549 3339 
144950 3567 3442 
145000 3555 3486 
145050 3311 2224 
145100 3390 1383 
145150 3520 967 
145200 3525 614 
145250 3541 337 
145300 3552 177 
145350 3556 64 
145400 3569 18 
145450 3559 5 
145500 3565 5 
145550 3531 552 
145600 3539 1341 
145650 3562 1954 
145700 3561 2410 
145750 3564 2744 
145800 3547 3009 
145850 3563 3242 
145900 3555 3387 
145950 3555 3484 
146000 3570 3554 
146050 3334 2213 
146100 3429 1196 
146150 3535 701 
146200 3532 339 
146250 3547 123 
146300 3550 34 
146350 3551 8 
146400 3560 2 
146450 3548 3 
146500 3560 1 
146550 3535 16 
146600 3550 913 
146650 3551 1567 
146700 3553 2117 
146750 3571 2530 
146800 3558 2860 
146850 3555 3111 
146900 3554 3273 
146950 3551 3393 
147000 3552 3476 
147050 3331 2195 
147100 3393 1176 
147150 3478 661 
147200 3514 380 
147250 3520 165 
147300 3563 49 
147350 3561 20 
147400 3542 12 
147450 3562 8 
147500 3569 5 
147550 3554 561 
147600 3550 1290 
147650 3543 1952 
147700 3550 2443 
147750 3530 2807 
147800 3548 3124 
147850 3548 3294 
147900 3549 3420 
147950 3551 3498 
148000 3542 3525 
148050 3262 2216 
148100 3400 1303 
148150 3489 741 
148200 3499 279 
148250 3549 105 
148300 3549 25 
148350 3560 7 
148400 3541 1 
148450 3546 3 
148500 3555 3 
148550 3562 2 
148600 3541 0 
148650 3547 864 
148700 3549 1677 
148750 3524 2240 
148800 3548 2707 
148850 3548 3043 
148900 3550 3263 
148950 3548 3396 
149000 3545 3486 
149050 3291 2221 
149100 3392 1297 
149150 3518 813 
149200 3540 474 
149250 3530 221 
149300 3553 59 
149350 3548 13 
149400 3549 2 
149450 3557 5 
149500 3541 4 
149550 3548 386 
149600 3548 1173 
149650 3557 1744 
149700 3546 2226 
149750 3557 2677 
149800 3564 3014 
149850 3537 3180 
149900 3563 3343 
149950 3564 3459 
150000 3553 3505 
150050 3365 2154 
150100 3459 1072 
150150 3496 581 
150200 3547 296 
150250 3550 119 
150300 3551 38 
150350 3550 6 
150400 3543 1 
150450 3552 4 
150500 3546 1 
150550 3525 39 
150600 3217 335 
150650 2733 808 
150700 2248 1296 
150750 1755 1794 
150800 1284 2264 
150850 912 2639 
150900 596 2955 
150950 381 3163 
151000 231 3313 
151050 903 2364 
151100 1588 1659 
151150 2146 1169 
151200 2593 770 
151250 2974 460 
151300 3184 269 
151350 3325 158 
151400 3423 79 
151450 3502 29 
151500 3542 4 
151550 3550 515 
151600 3551 1230 
151650 3534 1810 
151700 3547 2334 
151750 3561 2753 
151800 3554 3029 
151850 3548 3269 
151900 3565 3434 
151950 3554 3497 
152000 3562 3535 
152050 3335 2153 
152100 3479 1034 
152150 3523 386 
152200 3557 164 
152250 3546 36 
152300 3574 10 
152350 3569 7 
152400 3550 3 
152450 3563 4 
152500 3560 6 
152550 3555 727 
152600 3555 1376 
152650 3553 1911 
152700 3557 2407 
152750 3562 2838 
152800 3571 3141 
152850 3564 3315 
152900 3554 3448 
152950 3571 3520 
153000 3573 3542 
153050 3354 2222 
153100 3458 1113 
153150 3558 602 
153200 3565 292 
153250 3562 130 
153300 3565 50 
153350 3565 17 
153400 3559 9 
153450 3546 1 
153500 3554 3 
153550 3550 76 
153600 3560 1027 
153650 3565 1735 
153700 3562 2310 
153750 3557 2798 
153800 3574 3137 
153850 3569 3387 
153900 3566 3518 
153950 3566 3545 
154000 3553 3545 
154050 3270 2366 
154100 3421 1567 
154150 3514 1103 
154200 3504 717 
154250 3524 420 
154300 3542 269 
154350 3544 153 
154400 3553 87 
154450 3570 32 
154500 3569 9 
154550 3572 622 
154600 3565 1320 
154650 3561 1939 
154700 3571 2429 
154750 3570 2796 
154800 3576 3032 
154850 3559 3200 
154900 3565 3343 
154950 3569 3463 
155000 3585 3548 
155050 3350 2082 
155100 3463 1051 
155150 3531 507 
155200 3553 286 
155250 3560 141 
155300 3573 67 
155350 3571 20 
155400 3579 5 
155450 3568 7 
155500 3564 2 
155550 3567 194 
155600 3566 952 
155650 3564 1571 
155700 3566 2098 
155750 3567 2506 
155800 3565 2828 
155850 3573 3104 
155900 3565 3264 
155950 3571 3398 
156000 3567 3469 
156050 3297 2344 
156100 3392 1489 
156150 3525 1046 
156200 3526 568 
156250 3538 306 
156300 3563 136 
156350 3554 66 
156400 3562 27 
156450 3573 9 
156500 3557 5 
156550 3558 582 
156600 3571 1268 
156650 3568 1920 
156700 3580 2447 
156750 3577 2807 
156800 3572 3023 
156850 3567 3241 
156900 3566 3355 
156950 3572 3443 
157000 3574 3521 
157050 3296 2294 
157100 3419 1357 
157150 3542 1014 
157200 3548 618 
157250 3541 351 
157300 3552 184 
157350 3558 80 
157400 3568 41 
157450 3575 22 
157500 3568 7 
157550 3574 543 
157600 3576 1337 
157650 3569 1928 
157700 3571 2381 
157750 3558 2767 
157800 3570 3051 
157850 3569 3277 
157900 3567 3407 
157950 3566 3497 
158000 3577 3542 
158050 3331 2063 
158100 3484 1005 
158150 3561 420 
158200 3563 176 
158250 3566 49 
158300 3567 10 
158350 3577 2 
158400 3567 2 
158450 3562 2 
158500 3564 1 
158550 3546 584 
158600 3545 1234 
158650 3554 1853 
158700 3561 2429 
158750 3567 2830 
158800 3572 3134 
158850 3558 3306 
158900 3566 3420 
158950 3579 3488 
159000 3571 3534 
159050 3320 2246 
159100 3423 1277 
159150 3546 862 
159200 3559 471 
159250 3544 214 
159300 3555 100 
159350 3571 41 
159400 3552 12 
159450 3554 3 
159500 3576 5 
159550 3573 690 
159600 3576 1658 
159650 3574 2342 
159700 3563 2846 
159750 3562 3275 
159800 3566 3474 
159850 3574 3543 
159900 3563 3557 
159950 3567 3550 
160000 3556 3539 
160050 3409 1868 
160100 3515 737 
160150 3571 327 
160200 3572 107 
160250 3562 20 
160300 3571 0 
160350 3565 0 
160400 3573 3 
160450 3569 3 
160500 3577 1 
160550 3557 746 
160600 3570 1624 
160650 3567 2339 
160700 3561 2848 
160750 3562 3171 
160800 3569 3360 
160850 3573 3495 
160900 3560 3531 
160950 3571 3541 
161000 3566 3545 
161050 3354 1972 
161100 3500 1116 
161150 3555 704 
161200 3553 355 
161250 3574 171 
161300 3574 42 
161350 3572 9 
161400 3573 4 
161450 3564 2 
161500 3570 2 
161550 3577 703 
161600 3573 1433 
161650 3575 2107 
161700 3569 2658 
161750 3567 3072 
161800 3571 3294 
161850 3568 3421 
161900 3575 3518 
161950 3585 3563 
162000 3580 3561 
162050 3350 1932 
162100 3456 958 
162150 3544 623 
162200 3551 361 
162250 3557 182 
162300 3552 75 
162350 3558 17 
162400 3571 5 
162450 3562 2 
162500 3571 2 
162550 3569 0 
162600 3572 861 
162650 3568 1817 
162700 3574 2506 
162750 3566 2981 
162800 3563 3296 
162850 3570 3483 
162900 3576 3549 
162950 3572 3546 
163000 3581 3553 
163050 3331 1874 
163100 3479 802 
163150 3545 419 
163200 3561 175 
163250 3558 52 
163300 3569 12 
163350 3561 6 
163400 3573 2 
163450 3571 3 
163500 3559 4 
163550 3556 676 
163600 3569 1406 
163650 3575 2010 
163700 3559 2514 
163750 3577 2922 
163800 3567 3223 
163850 3567 3416 
163900 3575 3505 
163950 3568 3547 
164000 3576 3558 
164050 3367 2002 
164100 3486 1039 
164150 3543 625 
164200 3548 333 
164250 3549 179 
164300 3557 77 
164350 3562 26 
164400 3564 10 
164450 3570 5 
164500 3549 2 
164550 3571 358 
164600 3581 1146 
164650 3565 1803 
164700 3578 2378 
164750 3569 2793 
164800 3576 3081 
164850 3557 3276 
164900 3577 3462 
164950 3566 3521 
165000 3571 3556 
165050 3367 2074 
165100 3540 1158 
165150 3568 627 
165200 3558 301 
165250 3565 101 
165300 3556 16 
165350 3571 4 
165400 3567 2 
165450 3564 1 
165500 3560 0 
165550 3556 587 
165600 3553 1445 
165650 3559 2118 
165700 3550 2630 
165750 3553 3011 
165800 3556 3236 
165850 3553 3379 
165900 3559 3490 
165950 3553 3531 
166000 3535 3519 
166050 3334 1897 
166100 3433 966 
166150 3518 535 
166200 3517 210 
166250 3546 58 
166300 3544 8 
166350 3550 3 
166400 3543 0 
166450 3563 4 
166500 3556 1 
166550 3552 193 
166600 3550 1114 
166650 3547 1779 
166700 3560 2362 
166750 3546 2833 
166800 3549 3169 
166850 3541 3387 
166900 3554 3500 
166950 3560 3555 
167000 3533 3537 
167050 3319 2034 
167100 3459 1128 
167150 3496 526 
167200 3532 183 
167250 3549 39 
167300 3541 9 
167350 3545 5 
167400 3561 0 
167450 3549 3 
167500 3555 5 
167550 3540 813 
167600 3542 1661 
167650 3533 2386 
167700 3541 2940 
167750 3542 3353 
167800 3556 3501 
167850 3550 3537 
167900 3539 3531 
167950 3547 3541 
168000 3544 3532 
168050 3305 1978 
168100 3445 1011 
168150 3535 566 
168200 3527 256 
168250 3558 91 
168300 3558 26 
168350 3558 9 
168400 3560 6 
168450 3567 9 
168500 3558 8 
168550 3550 446 
168600 3553 1230 
168650 3538 1824 
168700 3555 2418 
168750 3550 2922 
168800 3557 3255 
168850 3555 3421 
168900 3561 3515 
168950 3547 3539 
169000 3547 3533 
169050 3316 1980 
169100 3477 1020 
169150 3505 529 
169200 3527 205 
169250 3540 52 
169300 3554 14 
169350 3543 4 
169400 3548 3 
169450 3544 3 
169500 3544 7 
169550 3531 666 
169600 3530 1442 
169650 3529 2110 
169700 3557 2629 
169750 3555 2981 
169800 3539 3220 
169850 3542 3390 
169900 3548 3485 
169950 3542 3506 
170000 3553 3542 
170050 3354 1842 
170100 3476 699 
170150 3514 227 
170200 3530 62 
170250 3530 12 
170300 3552 6 
170350 3544 4 
170400 3542 7 
170450 3548 12 
170500 3557 2 
170550 3524 1072 
170600 3549 2080 
170650 3555 2727 
170700 3547 3167 
170750 3551 3433 
170800 3548 3510 
170850 3528 3522 
170900 3536 3535 
170950 3539 3534 
171000 3535 3531 
171050 3322 1887 
171100 3474 851 
171150 3521 349 
171200 3533 126 
171250 3542 31 
171300 3551 3 
171350 3551 3 
171400 3543 1 
171450 3556 2 
171500 3552 4 
171550 3541 732 
171600 3543 1523 
171650 3543 2100 
171700 3552 2624 
171750 3548 2990 
171800 3551 3219 
171850 3562 3396 
171900 3542 3460 
171950 3541 3496 
172000 3535 3500 
172050 3358 1742 
172100 3449 625 
172150 3526 170 
172200 3545 17 
172250 3546 3 
172300 3548 3 
172350 3550 3 
172400 3556 2 
172450 3557 6 
172500 3548 3 
172550 3480 371 
172600 3469 1230 
172650 3450 1876 
172700 3467 2461 
172750 3480 2893 
172800 3512 3141 
172850 3509 3282 
172900 3513 3369 
172950 3522 3440 
173000 3551 3525 
173050 3301 2039 
173100 3502 1220 
173150 3503 647 
173200 3512 293 
173250 3526 76 
173300 3548 13 
173350 3538 8 
173400 3536 10 
173450 3542 10 
173500 3551 4 
173550 3547 1009 
173600 3535 1900 
173650 3543 2474 
173700 3530 2870 
173750 3544 3177 
173800 3532 3363 
173850 3547 3499 
173900 3526 3510 
173950 3543 3542 
174000 3542 3541 
174050 3339 1970 
174100 3493 976 
174150 3518 450 
174200 3523 162 
174250 3555 25 
174300 3538 6 
174350 3547 1 
174400 3533 5 
174450 3539 5 
174500 3540 2 
174550 3530 489 
174600 3532 1604 
174650 3547 2348 
174700 3542 2912 
174750 3555 3268 
174800 3537 3431 
174850 3531 3503 
174900 3545 3522 
174950 3537 3505 
175000 3556 3534 
175050 3390 1630 
175100 3478 685 
175150 3540 292 
175200 3561 85 
175250 3553 14 
175300 3538 1 
175350 3544 4 
175400 3531 1 
175450 3548 0 
175500 3540 4 
175550 3471 71 
175600 3384 874 
175650 3415 1684 
175700 3493 2288 
175750 3533 2733 
175800 3534 3105 
175850 3540 3326 
175900 3550 3454 
175950 3546 3504 
176000 3551 3513 
176050 3434 1585 
176100 3503 475 
176150 3534 82 
176200 3554 10 
176250 3542 11 
176300 3559 10 
176350 3546 4 
176400 3525 5 
176450 3535 3 
176500 3562 6 
176550 3541 37 
176600 3514 977 
176650 3527 1663 
176700 3523 2241 
176750 3503 2667 
176800 3538 3026 
176850 3542 3227 
176900 3550 3368 
176950 3538 3458 
177000 3538 3500 
177050 3368 1704 
177100 3479 638 
177150 3530 232 
177200 3538 47 
177250 3529 7 
177300 3545 5 
177350 3547 5 
177400 3539 5 
177450 3538 3 
177500 3536 2 
177550 3558 617 
177600 3533 1635 
177650 3542 2351 
177700 3551 2886 
177750 3533 3257 
177800 3553 3458 
177850 3535 3514 
177900 3521 3520 
177950 3547 3543 
178000 3555 3554 
178050 3329 2021 
178100 3505 1022 
178150 3540 373 
178200 3545 83 
178250 3531 7 
178300 3532 6 
178350 3557 7 
178400 3548 8 
178450 3548 6 
178500 3546 4 
178550 3554 213 
178600 3549 1170 
178650 3567 1829 
178700 3551 2365 
178750 3529 2865 
178800 3550 3197 
178850 3550 3354 
178900 3541 3435 
178950 3545 3497 
179000 3546 3531 
179050 3311 1748 
179100 3451 670 
179150 3552 229 
179200 3557 39 
179250 3539 4 
179300 3547 3 
179350 3561 0 
179400 3562 0 
179450 3535 3 
179500 3532 0 
179550 3558 714 
179600 3545 1510 
179650 3552 2200 
179700 3551 2730 
179750 3537 3021 
179800 3543 3232 
179850 3549 3380 
179900 3544 3484 
179950 3529 3511 
180000 3518 3487 
180050 3355 1713 
180100 3474 700 
180150 3532 259 
180200 3515 85 
180250 3537 25 
180300 3558 5 
180350 3544 1 
180400 3535 2 
180450 3550 3 
180500 3535 1 
180550 3543 820 
180600 3549 1594 
180650 3526 2149 
180700 3539 2640 
180750 3543 2982 
180800 3527 3181 
180850 3542 3360 
180900 3552 3472 
180950 3561 3531 
181000 3553 3539 
181050 3299 2107 
181100 3471 1287 
181150 3534 721 
181200 3535 355 
181250 3545 161 
181300 3529 65 
181350 3541 18 
181400 3531 6 
181450 3551 1 
181500 3557 1 
181550 3546 650 
181600 3543 1352 
181650 3526 1930 
181700 3550 2479 
181750 3550 2927 
181800 3543 3185 
181850 3568 3393 
181900 3559 3475 
181950 3551 3507 
182000 3550 3532 
182050 3286 2180 
182100 3484 1471 
182150 3497 818 
182200 3556 427 
182250 3557 159 
182300 3537 27 
182350 3536 5 
182400 3531 1 
182450 3537 4 
182500 3552 2 
182550 3523 622 
182600 3537 1392 
182650 3541 2046 
182700 3538 2656 
182750 3552 3057 
182800 3541 3298 
182850 3550 3444 
182900 3549 3517 
182950 3547 3525 
183000 3545 3528 
183050 3337 1801 
183100 3450 704 
183150 3516 295 
183200 3520 114 
183250 3537 29 
183300 3549 6 
183350 3533 3 
183400 3547 5 
183450 3542 2 
183500 3544 3 
183550 3557 663 
183600 3544 1440 
183650 3562 2142 
183700 3551 2744 
183750 3564 3174 
183800 3552 3409 
183850 3555 3503 
183900 3538 3530 
183950 3566 3541 
184000 3553 3530 
184050 3318 1894 
184100 3428 851 
184150 3533 416 
184200 3553 119 
184250 3540 33 
184300 3543 8 
184350 3561 0 
184400 3548 0 
184450 3556 0 
184500 3549 1 
184550 3536 0 
184600 3554 757 
184650 3552 1483 
184700 3558 2028 
184750 3559 2511 
184800 3554 2874 
184850 3556 3139 
184900 3546 3288 
184950 3552 3423 
185000 3556 3505 
185050 3356 1711 
185100 3468 708 
185150 3511 315 
185200 3542 107 
185250 3549 26 
185300 3553 4 
185350 3557 6 
185400 3549 4 
185450 3549 1 
185500 3549 2 
185550 3516 43 
185600 3443 932 
185650 3457 1650 
185700 3485 2172 
185750 3545 2644 
185800 3550 2976 
185850 3555 3221 
185900 3556 3390 
185950 3562 3487 
186000 3538 3507 
186050 3432 1648 
186100 3519 552 
186150 3551 147 
186200 3555 25 
186250 3557 8 
186300 3559 4 
186350 3560 3 
186400 3557 1 
186450 3553 5 
186500 3556 1 
186550 3482 68 
186600 3220 435 
186650 3157 1473 
186700 3208 2022 
186750 3292 2550 
186800 3345 2921 
186850 3445 3240 
186900 3491 3397 
186950 3536 3460 
187000 3535 3489 
187050 3355 1714 
187100 3463 657 
187150 3518 235 
187200 3547 95 
187250 3556 17 
187300 3545 3 
187350 3560 3 
187400 3549 1 
187450 3546 1 
187500 3548 2 
187550 3558 568 
187600 3559 1384 
187650 3573 2098 
187700 3561 2615 
187750 3561 3020 
187800 3567 3291 
187850 3561 3412 
187900 3553 3480 
187950 3566 3531 
188000 3555 3521 
188050 3370 1804 
188100 3476 724 
188150 3540 294 
188200 3555 113 
188250 3549 30 
188300 3557 3 
188350 3557 2 
188400 3547 2 
188450 3535 2 
188500 3562 3 
188550 3555 139 
188600 3544 1451 
188650 3535 2255 
188700 3551 2794 
188750 3541 3137 
188800 3542 3395 
188850 3558 3510 
188900 3562 3534 
188950 3561 3539 
189000 3559 3534 
189050 3398 1799 
189100 3506 707 
189150 3543 239 
189200 3556 54 
189250 3544 5 
189300 3547 5 
189350 3558 1 
189400 3540 3 
189450 3547 4 
189500 3556 5 
189550 3510 547 
189600 3505 1287 
189650 3503 1971 
189700 3504 2505 
189750 3524 2875 
189800 3521 3161 
189850 3557 3380 
189900 3554 3473 
189950 3573 3536 
190000 3538 3519 
190050 3395 1725 
190100 3486 655 
190150 3531 221 
190200 3555 75 
190250 3554 14 
190300 3557 2 
190350 3573 0 
190400 3563 1 
190450 3553 2 
190500 3577 1 
190550 3570 487 
190600 3549 1528 
190650 3548 2211 
190700 3561 2679 
190750 3555 3016 
190800 3555 3329 
190850 3544 3460 
190900 3556 3524 
190950 3548 3530 
191000 3548 3534 
191050 3343 1783 
191100 3461 672 
191150 3524 273 
191200 3553 61 
191250 3559 14 
191300 3562 6 
191350 3564 3 
191400 3554 2 
191450 3563 3 
191500 3551 4 
191550 3549 476 
191600 3536 1367 
191650 3527 2023 
191700 3515 2569 
191750 3528 2955 
191800 3515 3199 
191850 3511 3350 
191900 3510 3467 
191950 3525 3522 
192000 3555 3554 
192050 3384 1915 
192100 3467 852 
192150 3532 418 
192200 3554 136 
192250 3548 32 
192300 3544 10 
192350 3559 6 
192400 3555 2 
192450 3550 2 
192500 3562 9 
192550 3539 17 
192600 3402 560 
192650 3472 1565 
192700 3530 2207 
192750 3544 2685 
192800 3549 2979 
192850 3559 3223 
192900 3558 3409 
192950 3553 3483 
193000 3554 3523 
193050 3334 1935 
193100 3489 847 
193150 3539 338 
193200 3569 83 
193250 3547 10 
193300 3550 5 
193350 3561 3 
193400 3555 3 
193450 3564 1 
193500 3565 6 
193550 3563 949 
193600 3575 1944 
193650 3569 2575 
193700 3568 3066 
193750 3573 3389 
193800 3564 3526 
193850 3549 3534 
193900 3542 3524 
193950 3558 3540 
194000 3559 3536 
194050 3341 1928 
194100 3488 955 
194150 3544 508 
194200 3541 240 
194250 3544 106 
194300 3558 29 
194350 3566 1 
194400 3570 0 
194450 3553 2 
194500 3565 0 
194550 3559 753 
194600 3558 1507 
194650 3559 2140 
194700 3558 2645 
194750 3567 3047 
194800 3567 3263 
194850 3561 3382 
194900 3560 3472 
194950 3559 3514 
195000 3551 3531 
195050 3389 1888 
195100 3484 763 
195150 3553 367 
195200 3564 137 
195250 3566 31 
195300 3567 5 
195350 3551 0 
195400 3562 3 
195450 3574 1 
195500 3565 2 
195550 3563 0 
195600 3565 837 
195650 3567 1567 
195700 3551 2172 
195750 3555 2698 
195800 3540 3064 
195850 3569 3325 
195900 3558 3447 
195950 3530 3478 
196000 3557 3531 
196050 3353 1926 
196100 3444 898 
196150 3536 392 
196200 3566 75 
196250 3555 6 
196300 3553 0 
196350 3560 0 
196400 3558 2 
196450 3571 0 
196500 3567 2 
196550 3547 637 
196600 3531 1362 
196650 3553 1886 
196700 3538 2376 
196750 3553 2814 
196800 3537 3088 
196850 3565 3332 
196900 3551 3417 
196950 3558 3489 
197000 3555 3518 
197050 3333 1796 
197100 3456 795 
197150 3511 430 
197200 3548 213 
197250 3565 88 
197300 3554 17 
197350 3559 5 
197400 3552 1 
197450 3550 2 
197500 3555 7 
197550 3553 5 
197600 3553 849 
197650 3551 1563 
197700 3552 2162 
197750 3550 2598 
197800 3547 2866 
197850 3551 3123 
197900 3566 3323 
197950 3555 3399 
198000 3555 3471 
198050 3380 1848 
198100 3507 648 
198150 3541 175 
198200 3543 62 
198250 3537 30 
198300 3534 3 
198350 3538 4 
198400 3555 6 
198450 3557 3 
198500 3555 4 
198550 3550 697 
198600 3551 1383 
198650 3549 1936 
198700 3549 2454 
198750 3538 2894 
198800 3548 3183 
198850 3534 3336 
198900 3530 3431 
198950 3548 3492 
199000 3559 3522 
199050 3411 1718 
199100 3534 523 
199150 3535 109 
199200 3558 13 
199250 3546 4 
199300 3545 2 
199350 3546 4 
199400 3542 5 
199450 3540 2 
199500 3552 2 
199550 3544 276 
199600 3542 1294 
199650 3564 2073 
199700 3555 2624 
199750 3560 3026 
199800 3553 3296 
199850 3546 3475 
199900 3550 3524 
199950 3538 3519 
200000 3549 3520 
