# Avida tasks data
# Sat Apr  7 23:33:36 2012
# First column gives the current update, next columns give the number
# of organisms that have the particular task as a component of their merit
#  1: Update
#  2: Xor
#  3: Equals

0 0 0 
50 7 7 
100 34 34 
150 103 103 
200 231 231 
250 399 399 
300 616 611 
350 926 922 
400 1258 1258 
450 1662 1662 
500 2130 2134 
550 2652 2650 
600 3181 3175 
650 3409 3412 
700 3524 3521 
750 3548 3549 
800 3542 3545 
850 3552 3556 
900 3545 3544 
950 3548 3549 
1000 3537 3539 
1050 3253 2706 
1100 3293 1888 
1150 3432 1467 
1200 3449 1027 
1250 3453 671 
1300 3494 482 
1350 3511 312 
1400 3533 201 
1450 3537 130 
1500 3535 82 
1550 3544 42 
1600 3556 25 
1650 3555 5 
1700 3541 461 
1750 3533 955 
1800 3551 1383 
1850 3549 1777 
1900 3539 2130 
1950 3553 2411 
2000 3548 2652 
2050 3336 2146 
2100 3389 1572 
2150 3409 1186 
2200 3442 867 
2250 3443 650 
2300 3481 501 
2350 3500 354 
2400 3516 224 
2450 3527 126 
2500 3529 65 
2550 3542 30 
2600 3522 16 
2650 3498 60 
2700 3395 177 
2750 3302 814 
2800 3295 1343 
2850 3324 1743 
2900 3349 2017 
2950 3388 2285 
3000 3415 2527 
3050 3249 2006 
3100 3329 1527 
3150 3380 1163 
3200 3442 864 
3250 3461 648 
3300 3496 511 
3350 3529 410 
3400 3526 291 
3450 3517 196 
3500 3534 115 
3550 3520 90 
3600 3482 113 
3650 3338 220 
3700 3118 435 
3750 2929 713 
3800 3227 987 
3850 3364 1307 
3900 3434 1633 
3950 3489 1944 
4000 3519 2276 
4050 3391 1838 
4100 3424 1395 
4150 3433 1109 
4200 3463 888 
4250 3471 686 
4300 3492 531 
4350 3521 435 
4400 3529 302 
4450 3523 197 
4500 3518 117 
4550 3532 61 
4600 3541 467 
4650 3541 1029 
4700 3533 1407 
4750 3541 1820 
4800 3548 2152 
4850 3548 2452 
4900 3549 2729 
4950 3545 2961 
5000 3536 3143 
5050 3321 2423 
5100 3406 1603 
5150 3468 993 
5200 3503 551 
5250 3525 293 
5300 3548 153 
5350 3542 64 
5400 3544 11 
5450 3551 3 
5500 3553 1 
5550 3540 247 
5600 3545 793 
5650 3544 1265 
5700 3550 1673 
5750 3553 2037 
5800 3533 2351 
5850 3539 2621 
5900 3549 2892 
5950 3547 3084 
6000 3541 3243 
6050 3368 2279 
6100 3430 1384 
6150 3460 814 
6200 3495 401 
6250 3539 162 
6300 3529 67 
6350 3546 31 
6400 3544 9 
6450 3557 9 
6500 3560 2 
6550 3547 355 
6600 3520 919 
6650 3518 1452 
6700 3508 1869 
6750 3499 2181 
6800 3520 2440 
6850 3525 2650 
6900 3540 2873 
6950 3524 3053 
7000 3548 3206 
7050 3269 2430 
7100 3354 1600 
7150 3433 1042 
7200 3433 708 
7250 3486 525 
7300 3497 388 
7350 3514 262 
7400 3530 144 
7450 3526 75 
7500 3549 30 
7550 3541 273 
7600 3555 801 
7650 3548 1258 
7700 3537 1652 
7750 3547 2004 
7800 3550 2352 
7850 3539 2664 
7900 3549 2916 
7950 3529 3056 
8000 3546 3165 
8050 3370 2121 
8100 3461 1037 
8150 3503 447 
8200 3536 161 
8250 3524 49 
8300 3539 27 
8350 3558 16 
8400 3527 14 
8450 3513 8 
8500 3535 8 
8550 3532 18 
8600 3514 727 
8650 3511 1293 
8700 3507 1760 
8750 3498 2122 
8800 3491 2505 
8850 3499 2896 
8900 3522 3184 
8950 3540 3333 
9000 3536 3390 
9050 3348 2083 
9100 3462 994 
9150 3503 439 
9200 3527 138 
9250 3544 36 
9300 3542 10 
9350 3537 10 
9400 3545 15 
9450 3534 15 
9500 3539 12 
9550 3521 168 
9600 3546 693 
9650 3533 1195 
9700 3531 1624 
9750 3544 2013 
9800 3528 2302 
9850 3531 2561 
9900 3540 2799 
9950 3540 2960 
10000 3523 3115 
10050 3377 2125 
10100 3472 1144 
10150 3537 573 
10200 3526 293 
10250 3530 136 
10300 3528 63 
10350 3539 32 
10400 3563 14 
10450 3564 8 
10500 3542 9 
10550 3532 0 
10600 3541 660 
10650 3542 1309 
10700 3554 1851 
10750 3544 2232 
10800 3557 2526 
10850 3561 2762 
10900 3552 2994 
10950 3527 3164 
11000 3538 3292 
11050 3275 2381 
11100 3356 1543 
11150 3421 1064 
11200 3471 687 
11250 3535 472 
11300 3536 321 
11350 3555 205 
11400 3549 108 
11450 3556 59 
11500 3556 20 
11550 3542 531 
11600 3543 1117 
11650 3537 1560 
11700 3536 2006 
11750 3544 2365 
11800 3545 2628 
11850 3566 2846 
11900 3560 3028 
11950 3562 3201 
12000 3557 3314 
12050 3339 2300 
12100 3421 1383 
12150 3461 853 
12200 3488 552 
12250 3500 373 
12300 3548 257 
12350 3539 137 
12400 3542 72 
12450 3547 39 
12500 3537 13 
12550 3526 378 
12600 3531 967 
12650 3532 1405 
12700 3546 1810 
12750 3544 2171 
12800 3544 2518 
12850 3532 2761 
12900 3526 2969 
12950 3541 3133 
13000 3534 3222 
13050 3366 2187 
13100 3479 1015 
13150 3534 377 
13200 3552 125 
13250 3554 32 
13300 3556 12 
13350 3555 11 
13400 3558 3 
13450 3542 7 
13500 3550 3 
13550 3535 288 
13600 3529 853 
13650 3532 1325 
13700 3518 1715 
13750 3528 2085 
13800 3517 2410 
13850 3515 2666 
13900 3506 2892 
13950 3546 3073 
14000 3562 3229 
14050 3301 2321 
14100 3423 1399 
14150 3472 880 
14200 3492 535 
14250 3530 293 
14300 3543 162 
14350 3540 64 
14400 3556 25 
14450 3539 13 
14500 3544 16 
14550 3546 445 
14600 3543 1263 
14650 3539 1856 
14700 3546 2284 
14750 3551 2633 
14800 3541 2864 
14850 3550 3077 
14900 3542 3223 
14950 3537 3322 
15000 3543 3432 
15050 3352 2260 
15100 3472 1157 
15150 3499 584 
15200 3517 281 
15250 3538 99 
15300 3528 55 
15350 3534 26 
15400 3539 12 
15450 3548 10 
15500 3548 6 
15550 3550 3 
15600 3527 63 
15650 3510 710 
15700 3512 1145 
15750 3526 1540 
15800 3522 1837 
15850 3531 2138 
15900 3546 2387 
15950 3544 2633 
16000 3545 2817 
16050 3376 1901 
16100 3462 1050 
16150 3517 546 
16200 3542 279 
16250 3533 121 
16300 3527 38 
16350 3556 13 
16400 3543 7 
16450 3540 5 
16500 3546 10 
16550 3541 478 
16600 3545 1133 
16650 3535 1646 
16700 3539 2071 
16750 3534 2409 
16800 3544 2714 
16850 3545 3020 
16900 3543 3199 
16950 3548 3335 
17000 3553 3409 
17050 3372 2173 
17100 3465 1195 
17150 3518 642 
17200 3531 312 
17250 3543 123 
17300 3532 53 
17350 3534 22 
17400 3541 11 
17450 3540 10 
17500 3542 18 
17550 3524 100 
17600 3524 868 
17650 3525 1362 
17700 3524 1754 
17750 3529 2127 
17800 3528 2413 
17850 3519 2655 
17900 3521 2886 
17950 3530 3083 
18000 3522 3237 
18050 3298 2367 
18100 3392 1433 
18150 3416 957 
18200 3427 642 
18250 3477 472 
18300 3487 360 
18350 3522 239 
18400 3533 151 
18450 3534 81 
18500 3545 38 
18550 3567 483 
18600 3565 1054 
18650 3570 1502 
18700 3560 1919 
18750 3568 2290 
18800 3563 2616 
18850 3558 2874 
18900 3550 3109 
18950 3550 3272 
19000 3545 3418 
19050 3316 2310 
19100 3417 1326 
19150 3491 687 
19200 3518 368 
19250 3517 169 
19300 3523 87 
19350 3554 28 
19400 3541 12 
19450 3548 7 
19500 3566 7 
19550 3561 317 
19600 3557 877 
19650 3551 1298 
19700 3547 1689 
19750 3557 2045 
19800 3521 2372 
19850 3536 2666 
19900 3530 2912 
19950 3540 3088 
20000 3538 3220 
20050 3267 2439 
20100 3316 1754 
20150 3358 1330 
20200 3428 1057 
20250 3517 903 
20300 3521 673 
20350 3512 452 
20400 3527 295 
20450 3547 169 
20500 3544 89 
20550 3550 29 
20600 3514 601 
20650 3513 1143 
20700 3503 1594 
20750 3470 1996 
20800 3483 2448 
20850 3488 2764 
20900 3501 3021 
20950 3488 3183 
21000 3497 3346 
21050 3333 2414 
21100 3420 1413 
21150 3466 874 
21200 3487 516 
21250 3521 283 
21300 3542 177 
21350 3543 95 
21400 3533 51 
21450 3538 18 
21500 3548 6 
21550 3514 17 
21600 3418 121 
21650 3308 571 
21700 3349 1059 
21750 3422 1474 
21800 3474 1831 
21850 3478 2163 
21900 3501 2517 
21950 3511 2795 
22000 3534 3059 
22050 3332 2321 
22100 3386 1667 
22150 3440 1185 
22200 3451 858 
22250 3495 635 
22300 3506 458 
22350 3531 287 
22400 3522 157 
22450 3540 75 
22500 3535 26 
22550 3540 6 
22600 3558 5 
22650 3507 44 
22700 3341 210 
22750 3041 507 
22800 2939 924 
22850 3147 1212 
22900 3297 1548 
22950 3351 1896 
23000 3390 2240 
23050 3291 1764 
23100 3409 1270 
23150 3443 907 
23200 3489 630 
23250 3493 413 
23300 3519 254 
23350 3539 155 
23400 3536 83 
23450 3556 35 
23500 3566 13 
23550 3542 4 
23600 3525 0 
23650 3529 0 
23700 3516 27 
23750 3451 116 
23800 3521 667 
23850 3538 1166 
23900 3536 1618 
23950 3538 1999 
24000 3554 2392 
24050 3380 1856 
24100 3389 1290 
24150 3439 899 
24200 3464 632 
24250 3481 424 
24300 3507 287 
24350 3534 198 
24400 3542 125 
24450 3550 69 
24500 3547 28 
24550 3539 7 
24600 3553 2 
24650 3534 25 
24700 3533 555 
24750 3538 1074 
24800 3545 1532 
24850 3541 1916 
24900 3535 2274 
24950 3539 2615 
25000 3558 2912 
25050 3351 2225 
25100 3426 1504 
25150 3469 1029 
25200 3511 710 
25250 3532 455 
25300 3557 241 
25350 3555 116 
25400 3553 54 
25450 3538 22 
25500 3557 10 
25550 3549 423 
25600 3546 930 
25650 3554 1382 
25700 3555 1789 
25750 3548 2129 
25800 3536 2437 
25850 3551 2718 
25900 3554 2927 
25950 3553 3105 
26000 3551 3256 
26050 3302 2523 
26100 3386 1747 
26150 3451 1176 
26200 3476 766 
26250 3499 535 
26300 3516 311 
26350 3505 172 
26400 3504 67 
26450 3532 28 
26500 3544 6 
26550 3551 1 
26600 3536 2 
26650 3526 351 
26700 3523 944 
26750 3512 1458 
26800 3508 1842 
26850 3504 2208 
26900 3533 2530 
26950 3541 2801 
27000 3546 2991 
27050 3329 2209 
27100 3415 1328 
27150 3462 848 
27200 3507 516 
27250 3528 262 
27300 3545 130 
27350 3554 46 
27400 3553 9 
27450 3553 3 
27500 3560 4 
27550 3546 6 
27600 3508 59 
27650 3516 648 
27700 3511 1099 
27750 3514 1504 
27800 3520 1889 
27850 3529 2250 
27900 3528 2564 
27950 3535 2848 
28000 3526 3034 
28050 3328 2321 
28100 3381 1602 
28150 3405 1102 
28200 3446 701 
28250 3508 384 
28300 3530 223 
28350 3537 79 
28400 3553 22 
28450 3543 6 
28500 3531 0 
28550 3552 262 
28600 3545 842 
28650 3547 1290 
28700 3559 1687 
28750 3535 2039 
28800 3536 2362 
28850 3523 2610 
28900 3536 2875 
28950 3554 3068 
29000 3544 3203 
29050 3236 2598 
29100 3295 2041 
29150 3307 1621 
29200 3469 1449 
29250 3487 1127 
29300 3466 820 
29350 3473 601 
29400 3472 450 
29450 3471 321 
29500 3502 207 
29550 3517 134 
29600 3468 151 
29650 3249 335 
29700 2837 724 
29750 2464 1146 
29800 2670 1418 
29850 2891 1672 
29900 3078 1908 
29950 3236 2177 
30000 3325 2428 
30050 3211 1905 
30100 3365 1342 
30150 3421 929 
30200 3471 614 
30250 3472 386 
30300 3488 249 
30350 3519 166 
30400 3536 102 
30450 3543 57 
30500 3525 22 
30550 3543 384 
30600 3543 908 
30650 3549 1384 
30700 3534 1767 
30750 3534 2140 
30800 3544 2401 
30850 3538 2712 
30900 3530 2900 
30950 3546 3067 
31000 3541 3160 
31050 3301 2538 
31100 3401 1781 
31150 3438 1215 
31200 3464 815 
31250 3524 572 
31300 3517 380 
31350 3539 223 
31400 3529 137 
31450 3534 62 
31500 3540 22 
31550 3560 355 
31600 3554 940 
31650 3575 1403 
31700 3553 1819 
31750 3546 2192 
31800 3533 2461 
31850 3535 2737 
31900 3526 2928 
31950 3537 3116 
32000 3543 3260 
32050 3303 2552 
32100 3365 1786 
32150 3417 1248 
32200 3498 839 
32250 3529 611 
32300 3552 368 
32350 3542 200 
32400 3544 88 
32450 3548 37 
32500 3534 17 
32550 3542 320 
32600 3548 932 
32650 3546 1353 
32700 3555 1766 
32750 3542 2101 
32800 3529 2431 
32850 3542 2713 
32900 3544 2989 
32950 3524 3160 
33000 3552 3272 
33050 3297 2504 
33100 3400 1705 
33150 3454 1142 
33200 3456 769 
33250 3519 574 
33300 3527 323 
33350 3540 165 
33400 3548 83 
33450 3530 29 
33500 3554 12 
33550 3544 4 
33600 3550 663 
33650 3542 1276 
33700 3533 1754 
33750 3546 2128 
33800 3537 2471 
33850 3536 2781 
33900 3534 3026 
33950 3523 3182 
34000 3545 3314 
34050 3309 2444 
34100 3400 1503 
34150 3464 894 
34200 3469 535 
34250 3502 334 
34300 3506 211 
34350 3539 71 
34400 3546 28 
34450 3553 9 
34500 3552 1 
34550 3552 3 
34600 3540 212 
34650 3519 840 
34700 3527 1293 
34750 3529 1736 
34800 3521 2112 
34850 3514 2433 
34900 3514 2727 
34950 3510 2971 
35000 3510 3132 
35050 3275 2394 
35100 3402 1493 
35150 3468 831 
35200 3479 389 
35250 3525 142 
35300 3540 54 
35350 3550 16 
35400 3551 8 
35450 3523 3 
35500 3529 2 
35550 3551 0 
35600 3545 272 
35650 3550 784 
35700 3548 1233 
35750 3544 1677 
35800 3550 2099 
35850 3537 2437 
35900 3540 2709 
35950 3530 2913 
36000 3528 3076 
36050 3274 2487 
36100 3331 1857 
36150 3377 1373 
36200 3437 1000 
36250 3495 741 
36300 3493 513 
36350 3490 344 
36400 3515 209 
36450 3513 130 
36500 3527 59 
36550 3526 32 
36600 3495 76 
36650 3554 725 
36700 3550 1187 
36750 3545 1628 
36800 3554 2059 
36850 3544 2403 
36900 3557 2776 
36950 3549 3049 
37000 3534 3253 
37050 3309 2406 
37100 3389 1601 
37150 3430 1077 
37200 3435 727 
37250 3492 536 
37300 3528 377 
37350 3541 236 
37400 3540 137 
37450 3551 62 
37500 3550 20 
37550 3548 396 
37600 3545 1067 
37650 3546 1598 
37700 3548 2018 
37750 3527 2374 
37800 3539 2630 
37850 3536 2852 
37900 3551 3071 
37950 3536 3255 
38000 3543 3379 
38050 3302 2481 
38100 3365 1683 
38150 3418 1125 
38200 3459 818 
38250 3488 616 
38300 3518 413 
38350 3494 280 
38400 3525 195 
38450 3535 117 
38500 3521 71 
38550 3550 474 
38600 3536 1035 
38650 3542 1514 
38700 3544 1895 
38750 3556 2217 
38800 3564 2577 
38850 3551 2835 
38900 3542 3033 
38950 3545 3169 
39000 3547 3312 
39050 3304 2373 
39100 3408 1382 
39150 3476 737 
39200 3496 332 
39250 3527 165 
39300 3516 86 
39350 3531 41 
39400 3556 13 
39450 3567 2 
39500 3552 6 
39550 3550 1 
39600 3536 22 
39650 3467 501 
39700 3445 1056 
39750 3435 1476 
39800 3452 1857 
39850 3478 2158 
39900 3514 2474 
39950 3539 2741 
40000 3548 2950 
40050 3319 2239 
40100 3398 1514 
40150 3432 1067 
40200 3477 681 
40250 3518 403 
40300 3536 234 
40350 3534 122 
40400 3548 43 
40450 3551 17 
40500 3555 3 
40550 3553 5 
40600 3552 610 
40650 3553 1184 
40700 3561 1626 
40750 3548 1994 
40800 3558 2343 
40850 3546 2657 
40900 3564 2915 
40950 3558 3115 
41000 3554 3257 
41050 3289 2362 
41100 3370 1573 
41150 3433 1052 
41200 3464 633 
41250 3534 394 
41300 3544 226 
41350 3549 112 
41400 3538 47 
41450 3546 22 
41500 3539 13 
41550 3523 26 
41600 3481 598 
41650 3493 1104 
41700 3491 1547 
41750 3499 1910 
41800 3487 2245 
41850 3490 2560 
41900 3492 2840 
41950 3518 3055 
42000 3539 3225 
42050 3285 2414 
42100 3381 1628 
42150 3456 968 
42200 3487 504 
42250 3515 292 
42300 3538 177 
42350 3529 92 
42400 3541 39 
42450 3544 10 
42500 3553 4 
42550 3533 22 
42600 3490 516 
42650 3510 1030 
42700 3543 1453 
42750 3546 1814 
42800 3542 2175 
42850 3552 2536 
42900 3556 2825 
42950 3543 3010 
43000 3547 3130 
43050 3290 2391 
43100 3374 1611 
43150 3440 1017 
43200 3477 580 
43250 3538 339 
43300 3548 164 
43350 3550 53 
43400 3570 23 
43450 3555 7 
43500 3566 1 
43550 3559 324 
43600 3561 828 
43650 3561 1273 
43700 3554 1658 
43750 3555 2048 
43800 3549 2419 
43850 3556 2720 
43900 3553 2975 
43950 3547 3172 
44000 3546 3317 
44050 3290 2468 
44100 3380 1628 
44150 3431 1048 
44200 3483 618 
44250 3524 382 
44300 3546 211 
44350 3545 108 
44400 3545 41 
44450 3556 12 
44500 3556 4 
44550 3552 0 
44600 3570 0 
44650 3554 0 
44700 3554 570 
44750 3552 1081 
44800 3562 1519 
44850 3557 1860 
44900 3548 2237 
44950 3551 2558 
45000 3541 2798 
45050 3339 2187 
45100 3393 1617 
45150 3426 1231 
45200 3431 930 
45250 3480 726 
45300 3538 599 
45350 3549 461 
45400 3545 302 
45450 3543 220 
45500 3528 152 
45550 3525 87 
45600 3535 49 
45650 3488 71 
45700 3323 229 
45750 3023 527 
45800 2602 946 
45850 2282 1401 
45900 2440 1787 
45950 2570 2117 
46000 2666 2438 
46050 2807 1858 
46100 3130 1237 
46150 3347 805 
46200 3473 480 
46250 3520 265 
46300 3516 171 
46350 3538 111 
46400 3552 62 
46450 3557 22 
46500 3538 2 
46550 3545 2 
46600 3560 0 
46650 3551 0 
46700 3549 0 
46750 3535 0 
46800 3540 0 
46850 3541 572 
46900 3556 1072 
46950 3545 1543 
47000 3553 1979 
47050 3396 1554 
47100 3460 1084 
47150 3492 703 
47200 3529 400 
47250 3563 182 
47300 3539 63 
47350 3538 20 
47400 3540 7 
47450 3546 1 
47500 3536 3 
47550 3554 0 
47600 3512 22 
47650 3448 431 
47700 3480 982 
47750 3480 1410 
47800 3478 1818 
47850 3469 2208 
47900 3458 2545 
47950 3495 2838 
48000 3522 3081 
48050 3345 2206 
48100 3454 1362 
48150 3496 785 
48200 3506 413 
48250 3532 194 
48300 3547 99 
48350 3533 55 
48400 3550 20 
48450 3549 7 
48500 3550 2 
48550 3551 238 
48600 3548 860 
48650 3563 1349 
48700 3558 1762 
48750 3565 2194 
48800 3566 2534 
48850 3547 2797 
48900 3556 3020 
48950 3538 3155 
49000 3535 3275 
49050 3338 2302 
49100 3429 1334 
49150 3496 761 
49200 3507 393 
49250 3534 192 
49300 3525 112 
49350 3533 39 
49400 3529 11 
49450 3548 3 
49500 3546 5 
49550 3528 22 
49600 3488 550 
49650 3453 1082 
49700 3489 1434 
49750 3521 1753 
49800 3530 2073 
49850 3537 2383 
49900 3538 2653 
49950 3549 2882 
50000 3541 3086 
50050 3339 2387 
50100 3424 1557 
50150 3475 995 
50200 3502 590 
50250 3541 287 
50300 3542 152 
50350 3542 67 
50400 3561 21 
50450 3550 8 
50500 3545 2 
50550 3541 102 
50600 3533 776 
50650 3536 1248 
50700 3535 1660 
50750 3541 2041 
50800 3559 2436 
50850 3551 2735 
50900 3545 2987 
50950 3547 3157 
51000 3553 3317 
51050 3307 2442 
51100 3394 1497 
51150 3464 944 
51200 3481 555 
51250 3530 360 
51300 3529 188 
51350 3528 88 
51400 3530 25 
51450 3546 4 
51500 3543 1 
51550 3542 11 
51600 3453 182 
51650 3559 764 
51700 3556 1260 
51750 3544 1659 
51800 3544 2042 
51850 3550 2386 
51900 3542 2626 
51950 3558 2912 
52000 3549 3117 
52050 3306 2357 
52100 3418 1521 
52150 3483 912 
52200 3513 474 
52250 3536 216 
52300 3550 114 
52350 3530 43 
52400 3548 17 
52450 3552 4 
52500 3547 5 
52550 3555 508 
52600 3541 1130 
52650 3553 1641 
52700 3557 2060 
52750 3566 2405 
52800 3544 2627 
52850 3562 2874 
52900 3559 3076 
52950 3551 3189 
53000 3560 3333 
53050 3346 2354 
53100 3433 1354 
53150 3502 752 
53200 3489 344 
53250 3530 123 
53300 3545 44 
53350 3546 12 
53400 3560 8 
53450 3551 3 
53500 3540 3 
53550 3531 28 
53600 3498 589 
53650 3476 1135 
53700 3470 1608 
53750 3462 2032 
53800 3471 2411 
53850 3484 2736 
53900 3502 2929 
53950 3518 3100 
54000 3516 3210 
54050 3279 2584 
54100 3349 1928 
54150 3369 1403 
54200 3467 1110 
54250 3483 699 
54300 3505 351 
54350 3533 164 
54400 3524 73 
54450 3541 13 
54500 3529 7 
54550 3534 5 
54600 3517 538 
54650 3503 1105 
54700 3509 1618 
54750 3501 2020 
54800 3507 2369 
54850 3517 2658 
54900 3512 2837 
54950 3534 3030 
55000 3543 3166 
55050 3305 2305 
55100 3436 1351 
55150 3480 705 
55200 3523 324 
55250 3533 115 
55300 3540 42 
55350 3543 17 
55400 3563 11 
55450 3567 13 
55500 3549 6 
55550 3497 50 
55600 3407 678 
55650 3363 1277 
55700 3377 1720 
55750 3395 2077 
55800 3423 2418 
55850 3470 2744 
55900 3489 2979 
55950 3475 3166 
56000 3487 3321 
56050 3324 2292 
56100 3435 1341 
56150 3492 782 
56200 3495 461 
56250 3516 276 
56300 3518 175 
56350 3513 119 
56400 3534 59 
56450 3548 28 
56500 3549 17 
56550 3546 433 
56600 3544 974 
56650 3555 1413 
56700 3552 1839 
56750 3555 2176 
56800 3555 2513 
56850 3552 2746 
56900 3544 2958 
56950 3551 3128 
57000 3561 3246 
57050 3358 2342 
57100 3432 1352 
57150 3462 822 
57200 3509 507 
57250 3526 300 
57300 3532 170 
57350 3552 70 
57400 3531 35 
57450 3544 4 
57500 3555 1 
57550 3539 557 
57600 3529 1238 
57650 3538 1728 
57700 3550 2134 
57750 3565 2511 
57800 3555 2771 
57850 3542 3025 
57900 3546 3186 
57950 3542 3320 
58000 3544 3441 
58050 3315 2469 
58100 3373 1619 
58150 3427 1027 
58200 3502 640 
58250 3535 394 
58300 3531 202 
58350 3549 69 
58400 3551 18 
58450 3551 4 
58500 3552 1 
58550 3536 276 
58600 3541 889 
58650 3532 1341 
58700 3554 1796 
58750 3552 2211 
58800 3546 2532 
58850 3558 2827 
58900 3552 3055 
58950 3550 3229 
59000 3539 3330 
59050 3330 2451 
59100 3428 1509 
59150 3490 862 
59200 3522 478 
59250 3522 260 
59300 3517 130 
59350 3529 43 
59400 3524 18 
59450 3531 3 
59500 3545 3 
59550 3554 320 
59600 3548 884 
59650 3537 1286 
59700 3545 1725 
59750 3548 2114 
59800 3532 2503 
59850 3557 2837 
59900 3547 3038 
59950 3557 3200 
60000 3560 3334 
60050 3317 2323 
60100 3402 1451 
60150 3472 949 
60200 3503 595 
60250 3509 374 
60300 3563 226 
60350 3539 107 
60400 3553 42 
60450 3564 12 
60500 3548 7 
60550 3545 15 
60600 3542 881 
60650 3552 1603 
60700 3548 2139 
60750 3566 2551 
60800 3555 2864 
60850 3569 3133 
60900 3541 3320 
60950 3549 3438 
61000 3558 3505 
61050 3270 2234 
61100 3418 1198 
61150 3511 694 
61200 3524 395 
61250 3532 198 
61300 3545 85 
61350 3550 25 
61400 3539 11 
61450 3542 5 
61500 3555 3 
61550 3551 461 
61600 3559 1194 
61650 3554 1755 
61700 3542 2199 
61750 3555 2614 
61800 3551 2960 
61850 3542 3134 
61900 3546 3262 
61950 3551 3366 
62000 3563 3460 
62050 3310 2154 
62100 3466 1063 
62150 3508 443 
62200 3543 163 
62250 3550 37 
62300 3540 7 
62350 3538 8 
62400 3551 8 
62450 3544 12 
62500 3561 12 
62550 3554 980 
62600 3556 1913 
62650 3554 2510 
62700 3553 2900 
62750 3550 3144 
62800 3551 3300 
62850 3556 3408 
62900 3573 3492 
62950 3550 3529 
63000 3551 3546 
63050 3295 2344 
63100 3421 1403 
63150 3506 1025 
63200 3503 628 
63250 3524 352 
63300 3533 136 
63350 3553 43 
63400 3553 5 
63450 3555 4 
63500 3555 9 
63550 3558 604 
63600 3538 1282 
63650 3549 1838 
63700 3558 2366 
63750 3549 2771 
63800 3541 3090 
63850 3549 3305 
63900 3566 3457 
63950 3554 3505 
64000 3556 3516 
64050 3414 1878 
64100 3493 800 
64150 3532 315 
64200 3545 110 
64250 3553 34 
64300 3552 11 
64350 3553 1 
64400 3549 6 
64450 3532 3 
64500 3550 8 
64550 3547 565 
64600 3555 1229 
64650 3562 1831 
64700 3550 2316 
64750 3544 2785 
64800 3555 3107 
64850 3547 3358 
64900 3531 3447 
64950 3553 3510 
65000 3546 3512 
65050 3373 1840 
65100 3465 785 
65150 3500 320 
65200 3520 150 
65250 3523 54 
65300 3553 13 
65350 3546 7 
65400 3550 11 
65450 3556 9 
65500 3554 5 
65550 3530 392 
65600 3513 1178 
65650 3512 1732 
65700 3536 2259 
65750 3526 2684 
65800 3547 3076 
65850 3550 3313 
65900 3543 3455 
65950 3551 3524 
66000 3561 3551 
66050 3226 2481 
66100 3487 2045 
66150 3496 1421 
66200 3504 850 
66250 3520 512 
66300 3531 253 
66350 3547 124 
66400 3542 44 
66450 3547 9 
66500 3537 6 
66550 3552 610 
66600 3562 1262 
66650 3552 1765 
66700 3545 2213 
66750 3563 2611 
66800 3560 2886 
66850 3559 3160 
66900 3569 3337 
66950 3546 3429 
67000 3552 3502 
67050 3376 2015 
67100 3468 975 
67150 3537 411 
67200 3548 185 
67250 3556 70 
67300 3559 18 
67350 3560 9 
67400 3559 12 
67450 3555 5 
67500 3551 7 
67550 3542 789 
67600 3540 1832 
67650 3558 2468 
67700 3564 2869 
67750 3560 3107 
67800 3561 3280 
67850 3553 3390 
67900 3545 3438 
67950 3566 3515 
68000 3549 3530 
68050 3339 2170 
68100 3416 1236 
68150 3520 832 
68200 3527 553 
68250 3536 312 
68300 3543 172 
68350 3540 82 
68400 3546 28 
68450 3556 16 
68500 3545 3 
68550 3554 618 
68600 3559 1375 
68650 3542 1941 
68700 3534 2395 
68750 3545 2826 
68800 3558 3128 
68850 3543 3302 
68900 3556 3431 
68950 3556 3499 
69000 3545 3530 
69050 3262 2240 
69100 3332 1434 
69150 3488 1021 
69200 3480 697 
69250 3522 482 
69300 3534 285 
69350 3547 137 
69400 3555 52 
69450 3561 5 
69500 3551 0 
69550 3559 0 
69600 3472 68 
69650 3293 348 
69700 3219 1125 
69750 3203 1765 
69800 3193 2264 
69850 3199 2720 
69900 3255 3031 
69950 3345 3271 
70000 3387 3350 
70050 3353 1783 
70100 3505 561 
70150 3555 116 
70200 3558 16 
70250 3552 5 
70300 3548 1 
70350 3552 1 
70400 3566 3 
70450 3549 0 
70500 3552 0 
70550 3556 147 
70600 3541 962 
70650 3545 1608 
70700 3545 2157 
70750 3541 2594 
70800 3554 2927 
70850 3555 3168 
70900 3550 3275 
70950 3565 3434 
71000 3554 3508 
71050 3315 2138 
71100 3413 1208 
71150 3524 799 
71200 3544 487 
71250 3548 252 
71300 3536 101 
71350 3557 39 
71400 3551 12 
71450 3565 3 
71500 3551 9 
71550 3575 28 
71600 3556 1067 
71650 3554 1853 
71700 3543 2464 
71750 3555 2906 
71800 3561 3212 
71850 3550 3397 
71900 3539 3501 
71950 3562 3561 
72000 3544 3547 
72050 3223 2454 
72100 3440 1824 
72150 3450 1273 
72200 3450 778 
72250 3462 445 
72300 3488 262 
72350 3525 121 
72400 3549 39 
72450 3558 13 
72500 3551 6 
72550 3560 0 
72600 3544 0 
72650 3548 582 
72700 3552 1146 
72750 3560 1640 
72800 3554 2087 
72850 3526 2417 
72900 3544 2768 
72950 3549 3011 
73000 3541 3173 
73050 3364 2107 
73100 3460 1155 
73150 3513 564 
73200 3517 231 
73250 3540 88 
73300 3539 42 
73350 3545 6 
73400 3556 5 
73450 3554 3 
73500 3562 5 
73550 3539 277 
73600 3552 1165 
73650 3558 1711 
73700 3547 2150 
73750 3556 2551 
73800 3547 2859 
73850 3543 3072 
73900 3560 3245 
73950 3547 3363 
74000 3566 3489 
74050 3342 2112 
74100 3448 996 
74150 3496 535 
74200 3553 315 
74250 3557 157 
74300 3550 81 
74350 3562 20 
74400 3564 6 
74450 3557 9 
74500 3552 7 
74550 3547 702 
74600 3548 1593 
74650 3538 2215 
74700 3549 2702 
74750 3533 3059 
74800 3553 3340 
74850 3549 3472 
74900 3565 3536 
74950 3553 3530 
75000 3554 3544 
75050 3276 2139 
75100 3399 1130 
75150 3483 650 
75200 3492 310 
75250 3540 131 
75300 3542 38 
75350 3565 17 
75400 3551 6 
75450 3551 3 
75500 3536 3 
75550 3537 328 
75600 3537 1137 
75650 3542 1713 
75700 3552 2169 
75750 3537 2508 
75800 3547 2840 
75850 3553 3107 
75900 3548 3281 
75950 3564 3413 
76000 3570 3474 
76050 3340 1971 
76100 3463 953 
76150 3519 450 
76200 3548 218 
76250 3549 72 
76300 3528 22 
76350 3561 5 
76400 3555 4 
76450 3571 4 
76500 3571 5 
76550 3532 315 
76600 3528 1077 
76650 3534 1591 
76700 3528 2093 
76750 3537 2524 
76800 3543 2921 
76850 3534 3206 
76900 3566 3378 
76950 3548 3450 
77000 3556 3508 
77050 3347 2069 
77100 3491 1000 
77150 3534 447 
77200 3538 176 
77250 3557 28 
77300 3545 2 
77350 3551 8 
77400 3554 3 
77450 3548 7 
77500 3544 14 
77550 3542 473 
77600 3550 1601 
77650 3547 2365 
77700 3552 2908 
77750 3555 3246 
77800 3543 3442 
77850 3549 3517 
77900 3554 3538 
77950 3559 3559 
78000 3548 3544 
78050 3341 2062 
78100 3459 1064 
78150 3516 545 
78200 3546 288 
78250 3549 120 
78300 3565 48 
78350 3549 14 
78400 3542 12 
78450 3555 6 
78500 3540 8 
78550 3537 552 
78600 3536 1315 
78650 3529 2010 
78700 3520 2531 
78750 3537 2937 
78800 3560 3238 
78850 3544 3411 
78900 3546 3512 
78950 3545 3539 
79000 3550 3551 
79050 3286 2239 
79100 3419 1206 
79150 3522 696 
79200 3545 343 
79250 3537 126 
79300 3552 44 
79350 3555 10 
79400 3542 2 
79450 3547 6 
79500 3538 5 
79550 3514 24 
79600 3449 849 
79650 3497 1612 
79700 3499 2146 
79750 3531 2504 
79800 3525 2797 
79850 3530 3103 
79900 3542 3288 
79950 3561 3433 
80000 3560 3514 
80050 3312 2071 
80100 3415 1051 
80150 3480 546 
80200 3532 284 
80250 3535 136 
80300 3548 65 
80350 3539 25 
80400 3522 9 
80450 3525 5 
80500 3544 6 
80550 3536 778 
80600 3532 1431 
80650 3538 2084 
80700 3555 2573 
80750 3553 2914 
80800 3539 3183 
80850 3536 3362 
80900 3541 3450 
80950 3539 3510 
81000 3562 3546 
81050 3263 2285 
81100 3403 1328 
81150 3511 784 
81200 3536 355 
81250 3551 156 
81300 3551 32 
81350 3554 10 
81400 3545 7 
81450 3559 3 
81500 3554 3 
81550 3545 745 
81600 3525 1576 
81650 3534 2186 
81700 3555 2694 
81750 3548 3044 
81800 3544 3298 
81850 3565 3491 
81900 3543 3510 
81950 3558 3536 
82000 3547 3530 
82050 3318 2114 
82100 3401 1120 
82150 3510 596 
82200 3542 278 
82250 3554 72 
82300 3538 14 
82350 3554 4 
82400 3554 4 
82450 3549 12 
82500 3555 8 
82550 3561 725 
82600 3557 1513 
82650 3554 2026 
82700 3539 2430 
82750 3550 2797 
82800 3553 3081 
82850 3565 3317 
82900 3534 3412 
82950 3545 3471 
83000 3545 3528 
83050 3331 2212 
83100 3424 1201 
83150 3512 745 
83200 3506 444 
83250 3522 248 
83300 3532 130 
83350 3530 40 
83400 3556 6 
83450 3525 4 
83500 3561 8 
83550 3558 724 
83600 3559 1528 
83650 3539 2110 
83700 3547 2590 
83750 3569 3012 
83800 3565 3311 
83850 3564 3472 
83900 3550 3522 
83950 3549 3529 
84000 3565 3552 
84050 3283 2161 
84100 3420 1150 
84150 3536 621 
84200 3545 253 
84250 3553 52 
84300 3537 11 
84350 3562 3 
84400 3541 2 
84450 3549 0 
84500 3573 6 
84550 3566 776 
84600 3563 1575 
84650 3560 2165 
84700 3556 2584 
84750 3548 2925 
84800 3558 3188 
84850 3552 3365 
84900 3547 3467 
84950 3538 3515 
85000 3545 3535 
85050 3276 2201 
85100 3397 1186 
85150 3505 758 
85200 3536 435 
85250 3531 216 
85300 3535 114 
85350 3541 53 
85400 3554 19 
85450 3545 2 
85500 3554 2 
85550 3546 194 
85600 3526 906 
85650 3538 1525 
85700 3520 2020 
85750 3521 2451 
85800 3518 2827 
85850 3536 3099 
85900 3540 3284 
85950 3548 3443 
86000 3564 3524 
86050 3242 2290 
86100 3363 1273 
86150 3510 726 
86200 3538 284 
86250 3540 109 
86300 3559 29 
86350 3554 13 
86400 3565 4 
86450 3553 0 
86500 3544 3 
86550 3547 641 
86600 3546 1350 
86650 3533 1940 
86700 3539 2397 
86750 3534 2742 
86800 3536 3061 
86850 3522 3274 
86900 3530 3416 
86950 3551 3518 
87000 3548 3541 
87050 3296 2181 
87100 3386 1173 
87150 3503 599 
87200 3529 231 
87250 3544 55 
87300 3551 10 
87350 3558 5 
87400 3552 4 
87450 3551 1 
87500 3563 1 
87550 3566 520 
87600 3553 1215 
87650 3561 1747 
87700 3546 2190 
87750 3539 2577 
87800 3556 2899 
87850 3551 3086 
87900 3542 3233 
87950 3545 3359 
88000 3533 3468 
88050 3249 2255 
88100 3341 1405 
88150 3485 1032 
88200 3473 666 
88250 3461 407 
88300 3499 219 
88350 3528 109 
88400 3533 51 
88450 3546 19 
88500 3551 3 
88550 3544 16 
88600 3545 798 
88650 3551 1414 
88700 3548 1873 
88750 3562 2296 
88800 3548 2734 
88850 3552 3043 
88900 3530 3213 
88950 3545 3364 
89000 3554 3471 
89050 3319 2208 
89100 3410 1268 
89150 3506 835 
89200 3526 507 
89250 3521 242 
89300 3545 96 
89350 3549 26 
89400 3542 3 
89450 3549 1 
89500 3551 2 
89550 3555 139 
89600 3543 916 
89650 3559 1577 
89700 3528 2047 
89750 3545 2462 
89800 3543 2807 
89850 3549 3100 
89900 3536 3263 
89950 3543 3375 
90000 3551 3482 
90050 3248 2555 
90100 3477 2027 
90150 3512 1362 
90200 3506 860 
90250 3526 504 
90300 3512 286 
90350 3537 148 
90400 3551 58 
90450 3549 9 
90500 3548 1 
90550 3538 526 
90600 3530 1149 
90650 3517 1663 
90700 3519 2162 
90750 3498 2579 
90800 3509 2911 
90850 3519 3164 
90900 3530 3326 
90950 3549 3432 
91000 3552 3520 
91050 3360 2112 
91100 3458 966 
91150 3509 373 
91200 3526 137 
91250 3562 42 
91300 3541 7 
91350 3549 3 
91400 3556 4 
91450 3537 2 
91500 3554 5 
91550 3547 0 
91600 3545 683 
91650 3553 1353 
91700 3550 1908 
91750 3553 2408 
91800 3545 2791 
91850 3552 3056 
91900 3569 3297 
91950 3563 3393 
92000 3544 3457 
92050 3332 2084 
92100 3433 1089 
92150 3511 586 
92200 3544 342 
92250 3553 138 
92300 3557 50 
92350 3554 17 
92400 3561 7 
92450 3546 2 
92500 3540 0 
92550 3554 217 
92600 3542 1176 
92650 3548 1830 
92700 3555 2384 
92750 3549 2784 
92800 3553 3121 
92850 3530 3341 
92900 3544 3517 
92950 3547 3535 
93000 3538 3534 
93050 3328 2222 
93100 3413 1274 
93150 3536 846 
93200 3548 468 
93250 3547 178 
93300 3559 44 
93350 3527 10 
93400 3553 1 
93450 3561 0 
93500 3559 0 
93550 3552 11 
93600 3330 220 
93650 2908 636 
93700 2442 1096 
93750 2074 1554 
93800 2294 1992 
93850 2659 2204 
93900 2915 2408 
93950 3157 2667 
94000 3344 2905 
94050 3257 1996 
94100 3407 1156 
94150 3484 599 
94200 3541 239 
94250 3536 87 
94300 3564 20 
94350 3539 1 
94400 3552 2 
94450 3530 3 
94500 3545 1 
94550 3546 404 
94600 3562 1109 
94650 3567 1655 
94700 3550 2178 
94750 3562 2581 
94800 3549 2947 
94850 3538 3175 
94900 3561 3377 
94950 3548 3449 
95000 3554 3508 
95050 3348 2056 
95100 3456 946 
95150 3519 401 
95200 3547 193 
95250 3546 75 
95300 3557 23 
95350 3550 5 
95400 3550 2 
95450 3571 2 
95500 3550 1 
95550 3554 232 
95600 3549 1294 
95650 3536 1977 
95700 3541 2589 
95750 3540 3039 
95800 3552 3360 
95850 3552 3494 
95900 3543 3520 
95950 3545 3534 
96000 3545 3545 
96050 3325 2160 
96100 3427 1152 
96150 3511 610 
96200 3535 330 
96250 3542 132 
96300 3542 30 
96350 3555 9 
96400 3548 4 
96450 3556 1 
96500 3555 1 
96550 3548 569 
96600 3549 1217 
96650 3540 1778 
96700 3540 2213 
96750 3551 2593 
96800 3555 2911 
96850 3556 3138 
96900 3566 3301 
96950 3563 3421 
97000 3543 3468 
97050 3344 2011 
97100 3438 979 
97150 3487 465 
97200 3525 221 
97250 3539 85 
97300 3544 23 
97350 3552 4 
97400 3546 3 
97450 3552 1 
97500 3544 3 
97550 3545 12 
97600 3518 643 
97650 3519 1323 
97700 3542 1866 
97750 3562 2309 
97800 3558 2644 
97850 3545 2884 
97900 3555 3086 
97950 3545 3236 
98000 3563 3388 
98050 3382 2082 
98100 3487 1034 
98150 3517 516 
98200 3551 315 
98250 3553 146 
98300 3560 31 
98350 3554 10 
98400 3553 5 
98450 3553 6 
98500 3552 0 
98550 3562 321 
98600 3553 1108 
98650 3548 1689 
98700 3548 2222 
98750 3563 2695 
98800 3549 3049 
98850 3538 3306 
98900 3547 3442 
98950 3537 3506 
99000 3523 3513 
99050 3311 2113 
99100 3432 1113 
99150 3505 599 
99200 3538 334 
99250 3556 149 
99300 3560 47 
99350 3551 16 
99400 3536 3 
99450 3544 1 
99500 3541 3 
99550 3545 76 
99600 3546 920 
99650 3545 1544 
99700 3547 2052 
99750 3529 2456 
99800 3556 2826 
99850 3531 3066 
99900 3545 3263 
99950 3543 3390 
100000 3567 3506 
100050 3300 2244 
100100 3386 1503 
100150 3499 1126 
100200 3505 727 
100250 3505 474 
100300 3510 324 
100350 3513 177 
100400 3531 99 
100450 3547 45 
100500 3542 14 
100550 3564 2 
100600 3553 0 
100650 3568 30 
100700 3560 828 
100750 3559 1453 
100800 3564 1965 
100850 3556 2380 
100900 3544 2759 
100950 3549 3038 
101000 3559 3239 
101050 3329 2280 
101100 3407 1340 
101150 3483 715 
101200 3545 336 
101250 3541 110 
101300 3540 20 
101350 3559 5 
101400 3554 1 
101450 3553 0 
101500 3566 1 
101550 3549 543 
101600 3554 1220 
101650 3542 1728 
101700 3560 2169 
101750 3560 2558 
101800 3539 2852 
101850 3550 3082 
101900 3548 3255 
101950 3540 3393 
102000 3554 3476 
102050 3395 1916 
102100 3472 826 
102150 3526 415 
102200 3549 230 
102250 3548 112 
102300 3533 53 
102350 3556 10 
102400 3541 5 
102450 3550 2 
102500 3543 0 
102550 3534 0 
102600 3533 0 
102650 3542 0 
102700 3554 42 
102750 3546 874 
102800 3549 1504 
102850 3550 2026 
102900 3558 2493 
102950 3542 2839 
103000 3553 3100 
103050 3299 2077 
103100 3403 1116 
103150 3481 525 
103200 3539 193 
103250 3552 71 
103300 3548 14 
103350 3556 1 
103400 3552 1 
103450 3548 1 
103500 3555 0 
103550 3505 36 
103600 3424 610 
103650 3395 1343 
103700 3394 1861 
103750 3439 2377 
103800 3475 2848 
103850 3478 3146 
103900 3492 3328 
103950 3526 3427 
104000 3545 3501 
104050 3359 2009 
104100 3463 856 
104150 3529 306 
104200 3550 121 
104250 3551 23 
104300 3559 2 
104350 3557 4 
104400 3547 2 
104450 3552 0 
104500 3543 0 
104550 3547 0 
104600 3554 807 
104650 3553 1550 
104700 3540 2120 
104750 3536 2648 
104800 3565 3035 
104850 3557 3255 
104900 3540 3423 
104950 3554 3527 
105000 3556 3549 
105050 3346 2076 
105100 3466 970 
105150 3512 469 
105200 3542 287 
105250 3547 140 
105300 3554 74 
105350 3544 19 
105400 3560 5 
105450 3550 5 
105500 3556 1 
105550 3548 534 
105600 3535 1171 
105650 3548 1741 
105700 3544 2250 
105750 3542 2655 
105800 3556 2984 
105850 3541 3198 
105900 3569 3389 
105950 3564 3501 
106000 3542 3518 
106050 3313 2051 
106100 3409 968 
106150 3507 454 
106200 3561 235 
106250 3559 91 
106300 3557 23 
106350 3553 2 
106400 3542 4 
106450 3547 1 
106500 3553 0 
106550 3556 488 
106600 3561 1169 
106650 3542 1727 
106700 3550 2189 
106750 3562 2625 
106800 3569 2961 
106850 3542 3174 
106900 3553 3322 
106950 3545 3436 
107000 3564 3519 
107050 3377 2039 
107100 3500 957 
107150 3525 434 
107200 3530 204 
107250 3549 58 
107300 3561 10 
107350 3559 2 
107400 3543 0 
107450 3551 2 
107500 3543 1 
107550 3536 20 
107600 3537 674 
107650 3556 1330 
107700 3553 1805 
107750 3540 2221 
107800 3535 2626 
107850 3535 2957 
107900 3550 3209 
107950 3558 3345 
108000 3546 3446 
108050 3373 1962 
108100 3461 931 
108150 3496 387 
108200 3556 150 
108250 3553 59 
108300 3552 13 
108350 3567 1 
108400 3555 2 
108450 3548 2 
108500 3549 2 
108550 3550 1 
108600 3534 649 
108650 3523 1298 
108700 3521 1874 
108750 3538 2346 
108800 3539 2681 
108850 3548 3008 
108900 3523 3212 
108950 3542 3372 
109000 3557 3453 
109050 3340 2013 
109100 3453 878 
109150 3490 292 
109200 3534 82 
109250 3539 16 
109300 3546 2 
109350 3544 4 
109400 3535 0 
109450 3536 2 
109500 3562 1 
109550 3534 0 
109600 3542 697 
109650 3548 1307 
109700 3547 1816 
109750 3562 2338 
109800 3554 2763 
109850 3547 3060 
109900 3550 3303 
109950 3547 3449 
110000 3550 3507 
110050 3299 2139 
110100 3395 1205 
110150 3493 767 
110200 3524 487 
110250 3540 257 
110300 3559 92 
110350 3526 13 
110400 3545 3 
110450 3545 3 
110500 3538 1 
110550 3534 253 
110600 3520 992 
110650 3525 1546 
110700 3531 2023 
110750 3527 2485 
110800 3542 2861 
110850 3539 3094 
110900 3527 3248 
110950 3511 3380 
111000 3531 3487 
111050 3285 2166 
111100 3399 1106 
111150 3513 548 
111200 3534 246 
111250 3523 88 
111300 3523 19 
111350 3544 10 
111400 3545 1 
111450 3556 2 
111500 3527 6 
111550 3527 9 
111600 3506 738 
111650 3493 1425 
111700 3508 1954 
111750 3535 2451 
111800 3519 2787 
111850 3531 3070 
111900 3540 3240 
111950 3540 3386 
112000 3536 3484 
112050 3302 2113 
112100 3427 1144 
112150 3465 745 
112200 3517 564 
112250 3524 357 
112300 3530 199 
112350 3532 102 
112400 3526 43 
112450 3544 14 
112500 3552 0 
112550 3531 397 
112600 3521 1121 
112650 3527 1661 
112700 3530 2170 
112750 3514 2600 
112800 3536 2959 
112850 3543 3188 
112900 3535 3334 
112950 3536 3446 
113000 3555 3542 
113050 3334 2142 
113100 3440 1012 
113150 3497 435 
113200 3540 196 
113250 3545 45 
113300 3547 11 
113350 3550 11 
113400 3557 1 
113450 3555 0 
113500 3560 0 
113550 3535 0 
113600 3527 262 
113650 3540 1173 
113700 3537 1689 
113750 3550 2162 
113800 3537 2526 
113850 3528 2788 
113900 3537 3031 
113950 3555 3267 
114000 3540 3369 
114050 3311 2137 
114100 3464 1037 
114150 3498 459 
114200 3531 203 
114250 3558 63 
114300 3555 14 
114350 3550 2 
114400 3533 2 
114450 3534 2 
114500 3540 0 
114550 3536 563 
114600 3552 1237 
114650 3542 1709 
114700 3531 2178 
114750 3548 2643 
114800 3545 2923 
114850 3551 3163 
114900 3540 3296 
114950 3542 3414 
115000 3524 3485 
115050 3305 2212 
115100 3384 1180 
115150 3480 688 
115200 3500 399 
115250 3503 192 
115300 3521 56 
115350 3538 6 
115400 3546 2 
115450 3542 0 
115500 3553 0 
115550 3543 335 
115600 3544 1012 
115650 3544 1646 
115700 3541 2170 
115750 3533 2631 
115800 3549 2995 
115850 3553 3223 
115900 3545 3374 
115950 3545 3491 
116000 3555 3532 
116050 3284 2164 
116100 3420 1197 
116150 3525 634 
116200 3530 277 
116250 3546 103 
116300 3524 29 
116350 3527 5 
116400 3554 2 
116450 3544 2 
116500 3531 0 
116550 3540 252 
116600 3553 1031 
116650 3548 1570 
116700 3532 2097 
116750 3543 2540 
116800 3544 2863 
116850 3536 3123 
116900 3552 3293 
116950 3540 3385 
117000 3541 3476 
117050 3371 2019 
117100 3479 881 
117150 3519 351 
117200 3552 117 
117250 3551 41 
117300 3551 5 
117350 3548 3 
117400 3543 3 
117450 3559 0 
117500 3537 0 
117550 3524 639 
117600 3511 1490 
117650 3530 2109 
117700 3529 2615 
117750 3529 2994 
117800 3528 3240 
117850 3549 3438 
117900 3555 3529 
117950 3566 3545 
118000 3548 3558 
118050 3326 2173 
118100 3421 1113 
118150 3525 599 
118200 3536 284 
118250 3532 102 
118300 3536 23 
118350 3524 7 
118400 3555 1 
118450 3553 2 
118500 3563 2 
118550 3550 626 
118600 3546 1245 
118650 3546 1714 
118700 3542 2181 
118750 3541 2594 
118800 3553 2963 
118850 3541 3185 
118900 3540 3299 
118950 3550 3373 
119000 3554 3458 
119050 3304 2209 
119100 3383 1255 
119150 3520 722 
119200 3536 383 
119250 3530 129 
119300 3539 35 
119350 3534 2 
119400 3540 2 
119450 3540 6 
119500 3541 6 
119550 3538 311 
119600 3550 993 
119650 3557 1580 
119700 3558 2076 
119750 3549 2477 
119800 3546 2821 
119850 3538 3085 
119900 3549 3274 
119950 3546 3372 
120000 3518 3434 
120050 3301 2173 
120100 3428 1143 
120150 3508 560 
120200 3544 280 
120250 3547 114 
120300 3545 33 
120350 3540 16 
120400 3514 5 
120450 3539 1 
120500 3548 1 
120550 3536 387 
120600 3539 1254 
120650 3536 1930 
120700 3543 2418 
120750 3544 2788 
120800 3552 3137 
120850 3546 3375 
120900 3551 3502 
120950 3535 3516 
121000 3549 3533 
121050 3271 2150 
121100 3403 1129 
121150 3501 689 
121200 3520 336 
121250 3520 101 
121300 3516 21 
121350 3554 3 
121400 3536 3 
121450 3554 0 
121500 3535 0 
121550 3551 0 
121600 3544 0 
121650 3548 904 
121700 3539 1642 
121750 3539 2191 
121800 3548 2703 
121850 3526 3014 
121900 3555 3307 
121950 3542 3460 
122000 3542 3517 
122050 3279 2232 
122100 3384 1254 
122150 3498 736 
122200 3500 344 
122250 3516 110 
122300 3534 30 
122350 3538 2 
122400 3539 2 
122450 3545 1 
122500 3551 2 
122550 3523 498 
122600 3526 1185 
122650 3521 1708 
122700 3530 2181 
122750 3548 2600 
122800 3537 2960 
122850 3527 3198 
122900 3543 3372 
122950 3539 3458 
123000 3557 3522 
123050 3280 2245 
123100 3388 1262 
123150 3485 715 
123200 3522 329 
123250 3514 117 
123300 3538 34 
123350 3529 9 
123400 3546 1 
123450 3541 0 
123500 3542 4 
123550 3541 348 
123600 3539 1148 
123650 3533 1730 
123700 3546 2241 
123750 3546 2759 
123800 3546 3166 
123850 3545 3397 
123900 3552 3514 
123950 3548 3533 
124000 3533 3535 
124050 3326 2011 
124100 3437 889 
124150 3498 367 
124200 3533 178 
124250 3538 42 
124300 3543 4 
124350 3543 1 
124400 3526 2 
124450 3543 1 
124500 3542 1 
124550 3511 29 
124600 3517 458 
124650 3537 1248 
124700 3535 1935 
124750 3543 2498 
124800 3541 2873 
124850 3546 3193 
124900 3537 3400 
124950 3533 3510 
125000 3541 3522 
125050 3352 1904 
125100 3485 786 
125150 3508 202 
125200 3533 28 
125250 3550 7 
125300 3540 3 
125350 3531 5 
125400 3536 3 
125450 3538 0 
125500 3519 3 
125550 3525 17 
125600 3519 73 
125650 3510 527 
125700 3505 1134 
125750 3511 1557 
125800 3508 1991 
125850 3543 2375 
125900 3530 2743 
125950 3519 2960 
126000 3525 3170 
126050 3303 2277 
126100 3408 1319 
126150 3480 693 
126200 3528 360 
126250 3533 89 
126300 3559 8 
126350 3547 0 
126400 3529 2 
126450 3531 0 
126500 3536 0 
126550 3515 650 
126600 3545 1469 
126650 3513 2006 
126700 3532 2487 
126750 3537 2877 
126800 3522 3165 
126850 3520 3341 
126900 3522 3481 
126950 3511 3525 
127000 3523 3525 
127050 3277 2136 
127100 3391 1079 
127150 3470 541 
127200 3494 248 
127250 3507 76 
127300 3496 22 
127350 3524 7 
127400 3523 5 
127450 3529 2 
127500 3541 4 
127550 3541 578 
127600 3534 1242 
127650 3540 1760 
127700 3542 2279 
127750 3545 2711 
127800 3557 3099 
127850 3523 3276 
127900 3551 3406 
127950 3548 3505 
128000 3557 3532 
128050 3319 2238 
128100 3426 1200 
128150 3544 632 
128200 3527 251 
128250 3555 49 
128300 3561 7 
128350 3557 3 
128400 3552 1 
128450 3550 1 
128500 3547 1 
128550 3548 618 
128600 3536 1229 
128650 3530 1835 
128700 3539 2343 
128750 3545 2733 
128800 3536 3014 
128850 3530 3249 
128900 3559 3379 
128950 3542 3465 
129000 3544 3514 
129050 3401 1854 
129100 3509 726 
129150 3535 233 
129200 3540 71 
129250 3534 27 
129300 3548 10 
129350 3539 5 
129400 3534 8 
129450 3535 3 
129500 3552 9 
129550 3550 566 
129600 3543 1316 
129650 3545 1888 
129700 3534 2320 
129750 3547 2675 
129800 3519 2965 
129850 3554 3195 
129900 3548 3366 
129950 3551 3486 
130000 3555 3529 
130050 3336 2018 
130100 3429 1127 
130150 3487 566 
130200 3536 306 
130250 3528 104 
130300 3541 18 
130350 3545 6 
130400 3531 4 
130450 3520 4 
130500 3544 6 
130550 3545 616 
130600 3548 1369 
130650 3545 1976 
130700 3558 2444 
130750 3549 2762 
130800 3547 3029 
130850 3542 3202 
130900 3559 3304 
130950 3538 3375 
131000 3539 3458 
131050 3396 1826 
131100 3485 684 
131150 3531 183 
131200 3538 38 
131250 3549 8 
131300 3552 5 
131350 3541 2 
131400 3533 2 
131450 3532 0 
131500 3533 5 
131550 3550 0 
131600 3545 442 
131650 3540 1146 
131700 3549 1768 
131750 3542 2339 
131800 3546 2832 
131850 3564 3194 
131900 3531 3393 
131950 3547 3487 
132000 3562 3523 
132050 3405 1945 
132100 3494 846 
132150 3541 327 
132200 3556 110 
132250 3545 41 
132300 3545 6 
132350 3540 4 
132400 3545 5 
132450 3547 4 
132500 3552 0 
132550 3542 494 
132600 3538 1142 
132650 3502 1638 
132700 3526 2080 
132750 3534 2541 
132800 3544 2839 
132850 3545 3111 
132900 3533 3283 
132950 3539 3391 
133000 3533 3463 
133050 3373 1945 
133100 3482 876 
133150 3514 341 
133200 3524 104 
133250 3541 23 
133300 3536 10 
133350 3525 4 
133400 3557 2 
133450 3546 8 
133500 3522 3 
133550 3539 555 
133600 3534 1225 
133650 3551 1771 
133700 3539 2226 
133750 3542 2651 
133800 3544 2991 
133850 3551 3261 
133900 3550 3378 
133950 3537 3444 
134000 3556 3511 
134050 3352 2046 
134100 3443 1124 
134150 3495 565 
134200 3516 330 
134250 3526 143 
134300 3537 46 
134350 3558 17 
134400 3535 5 
134450 3544 6 
134500 3542 4 
134550 3531 47 
134600 3545 848 
134650 3550 1496 
134700 3542 2055 
134750 3536 2491 
134800 3551 2847 
134850 3544 3055 
134900 3548 3203 
134950 3555 3349 
135000 3546 3433 
135050 3384 1789 
135100 3509 621 
135150 3519 210 
135200 3556 82 
135250 3549 28 
135300 3547 6 
135350 3551 0 
135400 3539 0 
135450 3546 1 
135500 3549 2 
135550 3549 229 
135600 3533 1074 
135650 3545 1762 
135700 3526 2231 
135750 3536 2709 
135800 3547 3125 
135850 3538 3352 
135900 3547 3461 
135950 3551 3484 
136000 3549 3499 
136050 3354 1964 
136100 3457 913 
136150 3494 424 
136200 3533 201 
136250 3549 92 
136300 3550 37 
136350 3547 22 
136400 3537 7 
136450 3557 2 
136500 3548 6 
136550 3545 518 
136600 3537 1141 
136650 3539 1718 
136700 3532 2185 
136750 3544 2630 
136800 3528 2982 
136850 3526 3176 
136900 3536 3336 
136950 3540 3441 
137000 3529 3500 
137050 3333 2091 
137100 3473 938 
137150 3505 380 
137200 3533 148 
137250 3541 37 
137300 3544 6 
137350 3546 2 
137400 3541 2 
137450 3533 2 
137500 3532 1 
137550 3527 433 
137600 3544 1117 
137650 3545 1636 
137700 3538 2061 
137750 3547 2536 
137800 3555 2853 
137850 3541 3083 
137900 3546 3234 
137950 3542 3352 
138000 3548 3417 
138050 3423 1824 
138100 3502 705 
138150 3536 198 
138200 3556 58 
138250 3552 16 
138300 3541 3 
138350 3538 3 
138400 3542 4 
138450 3543 8 
138500 3544 7 
138550 3546 2 
138600 3544 835 
138650 3544 1567 
138700 3547 2143 
138750 3541 2532 
138800 3554 2891 
138850 3541 3181 
138900 3533 3378 
138950 3552 3501 
139000 3550 3525 
139050 3367 1945 
139100 3464 917 
139150 3523 355 
139200 3537 135 
139250 3533 34 
139300 3531 3 
139350 3534 9 
139400 3543 8 
139450 3540 6 
139500 3540 3 
139550 3544 334 
139600 3533 1124 
139650 3516 1692 
139700 3524 2147 
139750 3514 2565 
139800 3500 2875 
139850 3505 3138 
139900 3527 3305 
139950 3529 3409 
140000 3526 3432 
140050 3374 1857 
140100 3488 760 
140150 3514 292 
140200 3512 108 
140250 3531 38 
140300 3549 7 
140350 3540 4 
140400 3541 0 
140450 3532 3 
140500 3532 1 
140550 3539 0 
140600 3549 0 
140650 3506 26 
140700 3384 522 
140750 3360 1227 
140800 3384 1760 
140850 3416 2199 
140900 3462 2547 
140950 3474 2845 
141000 3472 3067 
141050 3389 1844 
141100 3481 880 
141150 3513 330 
141200 3548 98 
141250 3553 34 
141300 3558 6 
141350 3539 0 
141400 3548 1 
141450 3552 2 
141500 3544 0 
141550 3530 0 
141600 3525 681 
141650 3535 1266 
141700 3539 1748 
141750 3542 2221 
141800 3539 2631 
141850 3543 2955 
141900 3544 3172 
141950 3537 3311 
142000 3556 3412 
142050 3387 1779 
142100 3483 762 
142150 3530 290 
142200 3533 75 
142250 3563 17 
142300 3551 3 
142350 3539 1 
142400 3542 4 
142450 3561 1 
142500 3550 10 
142550 3543 446 
142600 3547 1229 
142650 3532 1867 
142700 3531 2464 
142750 3538 2902 
142800 3538 3194 
142850 3539 3386 
142900 3555 3477 
142950 3540 3500 
143000 3555 3520 
143050 3397 1853 
143100 3475 705 
143150 3509 207 
143200 3555 51 
143250 3542 7 
143300 3553 5 
143350 3538 1 
143400 3559 1 
143450 3539 2 
143500 3534 2 
143550 3529 575 
143600 3529 1196 
143650 3536 1761 
143700 3535 2233 
143750 3546 2616 
143800 3550 2946 
143850 3548 3201 
143900 3566 3340 
143950 3546 3419 
144000 3555 3509 
144050 3321 2057 
144100 3446 999 
144150 3503 375 
144200 3530 97 
144250 3535 22 
144300 3549 6 
144350 3542 4 
144400 3546 1 
144450 3542 7 
144500 3533 2 
144550 3556 153 
144600 3555 907 
144650 3550 1525 
144700 3553 2078 
144750 3544 2594 
144800 3551 2992 
144850 3547 3206 
144900 3553 3349 
144950 3539 3442 
145000 3547 3502 
145050 3355 1911 
145100 3491 831 
145150 3525 264 
145200 3541 78 
145250 3551 15 
145300 3557 4 
145350 3538 3 
145400 3550 3 
145450 3549 0 
145500 3559 2 
145550 3548 6 
145600 3387 147 
145650 3126 504 
145700 3146 1260 
145750 3218 1733 
145800 3323 2122 
145850 3404 2491 
145900 3468 2820 
145950 3526 3071 
146000 3541 3267 
146050 3335 1890 
146100 3467 761 
146150 3508 257 
146200 3537 87 
146250 3531 26 
146300 3535 4 
146350 3553 4 
146400 3544 4 
146450 3555 3 
146500 3545 5 
146550 3543 514 
146600 3547 1293 
146650 3544 1851 
146700 3547 2329 
146750 3550 2674 
146800 3549 2913 
146850 3549 3103 
146900 3540 3244 
146950 3555 3366 
147000 3543 3404 
147050 3398 1834 
147100 3498 801 
147150 3524 328 
147200 3541 131 
147250 3546 52 
147300 3555 11 
147350 3548 9 
147400 3528 5 
147450 3550 4 
147500 3557 0 
147550 3558 489 
147600 3554 1263 
147650 3550 1895 
147700 3568 2369 
147750 3553 2754 
147800 3543 3044 
147850 3543 3278 
147900 3552 3429 
147950 3551 3494 
148000 3545 3502 
148050 3397 1802 
148100 3489 662 
148150 3505 297 
148200 3510 139 
148250 3551 62 
148300 3534 19 
148350 3547 5 
148400 3536 3 
148450 3543 11 
148500 3538 3 
148550 3548 0 
148600 3541 574 
148650 3553 1209 
148700 3556 1783 
148750 3548 2219 
148800 3549 2580 
148850 3549 2881 
148900 3538 3091 
148950 3538 3232 
149000 3550 3407 
149050 3358 1892 
149100 3490 812 
149150 3537 269 
149200 3553 76 
149250 3546 18 
149300 3543 4 
149350 3541 4 
149400 3537 0 
149450 3552 4 
149500 3552 2 
149550 3541 2 
149600 3436 121 
149650 3074 487 
149700 2655 893 
149750 2183 1395 
149800 2005 2087 
149850 2012 2568 
149900 2122 2935 
149950 2311 3181 
150000 2555 3322 
150050 2725 1974 
150100 3070 1072 
150150 3281 602 
150200 3415 314 
150250 3478 168 
150300 3527 80 
150350 3538 29 
150400 3544 1 
150450 3552 4 
150500 3542 2 
150550 3560 51 
150600 3543 912 
150650 3553 1557 
150700 3544 2086 
150750 3536 2535 
150800 3547 2904 
150850 3545 3210 
150900 3523 3324 
150950 3549 3427 
151000 3533 3463 
151050 3425 1756 
151100 3515 568 
151150 3537 161 
151200 3551 46 
151250 3557 3 
151300 3540 3 
151350 3544 5 
151400 3540 6 
151450 3555 2 
151500 3545 4 
151550 3550 437 
151600 3537 1130 
151650 3551 1678 
151700 3549 2146 
151750 3537 2592 
151800 3541 2949 
151850 3551 3201 
151900 3546 3343 
151950 3542 3433 
152000 3550 3503 
152050 3375 1831 
152100 3488 814 
152150 3510 308 
152200 3539 75 
152250 3543 11 
152300 3544 3 
152350 3552 0 
152400 3529 5 
152450 3563 2 
152500 3531 4 
152550 3540 386 
152600 3538 1063 
152650 3547 1605 
152700 3536 2125 
152750 3516 2584 
152800 3539 2939 
152850 3545 3197 
152900 3547 3351 
152950 3552 3465 
153000 3535 3482 
153050 3361 1884 
153100 3475 759 
153150 3510 303 
153200 3559 107 
153250 3558 36 
153300 3561 8 
153350 3543 5 
153400 3554 5 
153450 3537 3 
153500 3540 3 
153550 3531 547 
153600 3544 1223 
153650 3560 1766 
153700 3551 2260 
153750 3547 2689 
153800 3546 2999 
153850 3554 3198 
153900 3530 3279 
153950 3538 3424 
154000 3552 3477 
154050 3389 1767 
154100 3497 667 
154150 3539 165 
154200 3536 30 
154250 3549 6 
154300 3555 4 
154350 3540 3 
154400 3542 7 
154450 3554 4 
154500 3538 2 
154550 3552 9 
154600 3405 488 
154650 3402 1144 
154700 3463 1630 
154750 3486 2071 
154800 3524 2500 
154850 3535 2778 
154900 3538 2970 
154950 3545 3177 
155000 3548 3327 
155050 3369 1928 
155100 3445 854 
155150 3507 394 
155200 3516 195 
155250 3516 88 
155300 3533 26 
155350 3546 4 
155400 3541 0 
155450 3548 1 
155500 3537 1 
155550 3552 0 
155600 3546 792 
155650 3539 1441 
155700 3537 1967 
155750 3548 2395 
155800 3538 2745 
155850 3538 3059 
155900 3536 3266 
155950 3549 3415 
156000 3555 3490 
156050 3390 1894 
156100 3509 704 
156150 3521 203 
156200 3529 47 
156250 3531 12 
156300 3529 8 
156350 3557 3 
156400 3542 3 
156450 3544 3 
156500 3542 0 
156550 3533 837 
156600 3516 1635 
156650 3537 2165 
156700 3551 2536 
156750 3542 2827 
156800 3534 3116 
156850 3549 3348 
156900 3552 3463 
156950 3538 3498 
157000 3551 3516 
157050 3374 1901 
157100 3460 920 
157150 3506 400 
157200 3542 119 
157250 3537 21 
157300 3526 3 
157350 3551 2 
157400 3550 3 
157450 3540 1 
157500 3531 3 
157550 3526 582 
157600 3552 1431 
157650 3531 1918 
157700 3550 2272 
157750 3535 2572 
157800 3544 2904 
157850 3552 3132 
157900 3541 3270 
157950 3542 3411 
158000 3550 3472 
158050 3388 1758 
158100 3462 680 
158150 3519 205 
158200 3534 56 
158250 3540 12 
158300 3527 2 
158350 3536 1 
158400 3529 1 
158450 3546 0 
158500 3534 0 
158550 3543 645 
158600 3543 1241 
158650 3543 1785 
158700 3540 2205 
158750 3554 2666 
158800 3553 2973 
158850 3547 3143 
158900 3543 3268 
158950 3551 3403 
159000 3544 3455 
159050 3397 1837 
159100 3479 661 
159150 3523 175 
159200 3545 30 
159250 3548 10 
159300 3525 8 
159350 3545 3 
159400 3553 2 
159450 3550 1 
159500 3555 3 
159550 3560 1 
159600 3527 605 
159650 3519 1329 
159700 3502 1888 
159750 3493 2343 
159800 3499 2775 
159850 3495 3035 
159900 3511 3247 
159950 3521 3401 
160000 3527 3423 
160050 3384 1862 
160100 3473 760 
160150 3524 246 
160200 3536 49 
160250 3544 14 
160300 3532 9 
160350 3539 6 
160400 3548 4 
160450 3546 4 
160500 3554 3 
160550 3561 214 
160600 3546 884 
160650 3544 1488 
160700 3544 1952 
160750 3551 2397 
160800 3538 2731 
160850 3550 2991 
160900 3544 3164 
160950 3545 3289 
161000 3546 3410 
161050 3370 1879 
161100 3459 810 
161150 3517 304 
161200 3523 89 
161250 3539 27 
161300 3544 3 
161350 3550 1 
161400 3549 3 
161450 3541 2 
161500 3540 2 
161550 3556 605 
161600 3544 1380 
161650 3550 1988 
161700 3548 2357 
161750 3544 2668 
161800 3558 2949 
161850 3544 3192 
161900 3543 3363 
161950 3553 3477 
162000 3551 3514 
162050 3376 1865 
162100 3508 695 
162150 3536 235 
162200 3544 49 
162250 3556 16 
162300 3551 2 
162350 3543 2 
162400 3538 5 
162450 3535 4 
162500 3541 1 
162550 3543 606 
162600 3549 1260 
162650 3541 1841 
162700 3542 2398 
162750 3531 2838 
162800 3540 3184 
162850 3533 3329 
162900 3534 3431 
162950 3549 3493 
163000 3537 3518 
163050 3375 2005 
163100 3488 878 
163150 3525 292 
163200 3539 72 
163250 3533 14 
163300 3552 3 
163350 3542 1 
163400 3560 2 
163450 3537 3 
163500 3539 2 
163550 3554 0 
163600 3530 429 
163650 3545 1161 
163700 3541 1674 
163750 3543 2231 
163800 3562 2737 
163850 3553 3077 
163900 3543 3266 
163950 3537 3399 
164000 3539 3473 
164050 3349 1837 
164100 3454 856 
164150 3527 389 
164200 3544 151 
164250 3548 32 
164300 3544 1 
164350 3522 2 
164400 3533 1 
164450 3556 3 
164500 3540 2 
164550 3539 0 
164600 3537 232 
164650 3537 733 
164700 3541 1093 
164750 3533 1491 
164800 3556 1735 
164850 3547 1905 
164900 3542 2076 
164950 3537 2173 
165000 3540 2263 
165050 3466 2243 
165100 3484 1107 
165150 3518 446 
165200 3527 147 
165250 3555 25 
165300 3549 4 
165350 3543 0 
165400 3525 4 
165450 3557 3 
165500 3546 3 
165550 3552 295 
165600 3542 740 
165650 3547 1133 
165700 3545 1447 
165750 3545 1737 
165800 3538 1964 
165850 3524 2048 
165900 3537 2217 
165950 3556 2348 
166000 3534 2425 
166050 3461 2563 
166100 3467 1356 
166150 3497 684 
166200 3523 293 
166250 3544 95 
166300 3521 33 
166350 3536 6 
166400 3553 2 
166450 3557 2 
166500 3556 0 
166550 3566 0 
166600 3533 369 
166650 3528 762 
166700 3533 1092 
166750 3545 1504 
166800 3535 1705 
166850 3533 1852 
166900 3542 2155 
166950 3540 2217 
167000 3532 2298 
167050 3406 2503 
167100 3442 1525 
167150 3473 832 
167200 3544 388 
167250 3537 109 
167300 3536 24 
167350 3556 2 
167400 3561 0 
167450 3535 0 
167500 3546 4 
167550 3545 0 
167600 3546 0 
167650 3543 0 
167700 3525 16 
167750 3498 34 
167800 3435 67 
167850 3411 253 
167900 3412 603 
167950 3399 878 
168000 3395 1180 
168050 3457 1268 
168100 3483 751 
168150 3517 378 
168200 3531 94 
168250 3536 10 
168300 3548 0 
168350 3541 0 
168400 3538 0 
168450 3551 2 
168500 3547 0 
168550 3541 341 
168600 3541 1145 
168650 3529 1736 
168700 3511 2278 
168750 3542 2725 
168800 3529 3005 
168850 3526 3218 
168900 3542 3335 
168950 3521 3433 
169000 3504 3478 
169050 3271 2070 
169100 3359 1165 
169150 3435 621 
169200 3500 284 
169250 3535 100 
169300 3543 23 
169350 3541 3 
169400 3538 2 
169450 3541 0 
169500 3542 2 
169550 3525 1 
169600 3522 462 
169650 3528 1167 
169700 3533 1768 
169750 3523 2256 
169800 3532 2699 
169850 3528 3028 
169900 3520 3239 
169950 3528 3412 
170000 3518 3517 
170050 3326 1949 
170100 3387 980 
170150 3501 496 
170200 3514 237 
170250 3518 88 
170300 3529 40 
170350 3535 6 
170400 3539 3 
170450 3536 0 
170500 3523 2 
170550 3479 671 
170600 3447 1401 
170650 3451 1960 
170700 3468 2440 
170750 3475 2780 
170800 3499 2999 
170850 3535 3185 
170900 3537 3312 
170950 3558 3450 
171000 3560 3508 
171050 3379 1959 
171100 3466 926 
171150 3515 397 
171200 3545 202 
171250 3536 85 
171300 3537 21 
171350 3545 8 
171400 3543 1 
171450 3520 2 
171500 3537 0 
171550 3541 0 
171600 3544 0 
171650 3530 9 
171700 3463 478 
171750 3456 1247 
171800 3495 1825 
171850 3510 2316 
171900 3538 2792 
171950 3537 3067 
172000 3555 3266 
172050 3313 1948 
172100 3432 1062 
172150 3463 596 
172200 3546 386 
172250 3538 206 
172300 3542 89 
172350 3548 15 
172400 3548 2 
172450 3554 6 
172500 3558 3 
172550 3530 548 
172600 3534 1487 
172650 3530 2160 
172700 3525 2608 
172750 3524 2950 
172800 3568 3243 
172850 3531 3389 
172900 3522 3467 
172950 3532 3530 
173000 3547 3544 
173050 3325 1995 
173100 3438 978 
173150 3520 438 
173200 3542 144 
173250 3561 28 
173300 3553 6 
173350 3562 0 
173400 3547 0 
173450 3539 3 
173500 3563 0 
173550 3557 344 
173600 3567 1077 
173650 3548 1683 
173700 3540 2192 
173750 3546 2645 
173800 3552 3000 
173850 3547 3205 
173900 3538 3346 
173950 3548 3432 
174000 3555 3490 
174050 3303 2188 
174100 3389 1369 
174150 3513 987 
174200 3506 548 
174250 3529 308 
174300 3538 112 
174350 3544 23 
174400 3544 2 
174450 3540 3 
174500 3541 1 
174550 3552 576 
174600 3552 1291 
174650 3562 1879 
174700 3562 2388 
174750 3564 2800 
174800 3563 3070 
174850 3566 3301 
174900 3556 3442 
174950 3558 3517 
175000 3568 3539 
175050 3402 1873 
175100 3498 843 
175150 3523 371 
175200 3545 206 
175250 3541 63 
175300 3556 7 
175350 3558 0 
175400 3562 2 
175450 3556 1 
175500 3550 0 
175550 3542 505 
175600 3529 1223 
175650 3532 1843 
175700 3538 2377 
175750 3540 2831 
175800 3540 3118 
175850 3536 3297 
175900 3534 3416 
175950 3545 3509 
176000 3552 3548 
176050 3315 2094 
176100 3426 1114 
176150 3529 652 
176200 3526 371 
176250 3534 184 
176300 3547 77 
176350 3540 10 
176400 3543 1 
176450 3542 0 
176500 3537 0 
176550 3529 0 
176600 3541 628 
176650 3540 1473 
176700 3548 2073 
176750 3547 2548 
176800 3554 2928 
176850 3549 3226 
176900 3537 3424 
176950 3546 3524 
177000 3540 3527 
177050 3336 2071 
177100 3446 1084 
177150 3542 614 
177200 3541 332 
177250 3537 152 
177300 3529 61 
177350 3552 17 
177400 3539 9 
177450 3529 2 
177500 3535 6 
177550 3560 614 
177600 3556 1353 
177650 3560 1901 
177700 3525 2367 
177750 3545 2795 
177800 3548 3082 
177850 3550 3234 
177900 3537 3360 
177950 3546 3456 
178000 3535 3510 
178050 3371 1903 
178100 3458 751 
178150 3541 226 
178200 3539 54 
178250 3553 7 
178300 3561 5 
178350 3552 5 
178400 3537 2 
178450 3545 0 
178500 3559 0 
178550 3554 672 
178600 3549 1342 
178650 3548 1886 
178700 3535 2327 
178750 3536 2742 
178800 3537 3067 
178850 3544 3268 
178900 3542 3392 
178950 3530 3459 
179000 3546 3525 
179050 3315 2121 
179100 3456 1039 
179150 3534 541 
179200 3534 197 
179250 3542 50 
179300 3548 6 
179350 3556 0 
179400 3537 2 
179450 3553 2 
179500 3550 2 
179550 3545 629 
179600 3545 1335 
179650 3540 1898 
179700 3538 2356 
179750 3542 2767 
179800 3544 3115 
179850 3544 3328 
179900 3551 3474 
179950 3548 3521 
180000 3554 3552 
180050 3293 2258 
180100 3402 1302 
180150 3536 748 
180200 3530 347 
180250 3543 136 
180300 3548 37 
180350 3548 7 
180400 3535 0 
180450 3552 6 
180500 3535 3 
180550 3550 90 
180600 3557 1020 
180650 3539 1621 
180700 3557 2131 
180750 3543 2488 
180800 3546 2789 
180850 3547 3065 
180900 3539 3261 
180950 3544 3429 
181000 3535 3489 
181050 3343 2087 
181100 3425 1124 
181150 3474 596 
181200 3500 371 
181250 3520 190 
181300 3521 81 
181350 3525 27 
181400 3525 1 
181450 3546 1 
181500 3555 3 
181550 3544 30 
181600 3536 804 
181650 3537 1353 
181700 3540 1841 
181750 3537 2349 
181800 3531 2763 
181850 3545 3071 
181900 3534 3224 
181950 3539 3389 
182000 3544 3482 
182050 3289 2215 
182100 3392 1280 
182150 3495 689 
182200 3492 379 
182250 3508 171 
182300 3526 97 
182350 3549 57 
182400 3555 35 
182450 3535 30 
182500 3519 16 
182550 3543 531 
182600 3546 1404 
182650 3537 2175 
182700 3549 2802 
182750 3534 3240 
182800 3546 3450 
182850 3542 3516 
182900 3545 3536 
182950 3541 3531 
183000 3552 3553 
183050 3375 2099 
183100 3419 1037 
183150 3494 522 
183200 3533 284 
183250 3546 108 
183300 3525 25 
183350 3542 11 
183400 3553 0 
183450 3543 1 
183500 3549 2 
183550 3554 2 
183600 3542 583 
183650 3540 1231 
183700 3543 1779 
183750 3545 2241 
183800 3547 2656 
183850 3535 2980 
183900 3534 3237 
183950 3557 3421 
184000 3540 3488 
184050 3373 2057 
184100 3454 968 
184150 3500 462 
184200 3533 251 
184250 3546 98 
184300 3524 31 
184350 3526 12 
184400 3537 6 
184450 3556 0 
184500 3532 2 
184550 3500 41 
184600 3532 807 
184650 3537 1327 
184700 3531 1778 
184750 3542 2258 
184800 3551 2713 
184850 3540 3002 
184900 3529 3201 
184950 3558 3372 
185000 3542 3449 
185050 3273 2188 
185100 3401 1246 
185150 3472 703 
185200 3543 398 
185250 3538 196 
185300 3528 83 
185350 3548 26 
185400 3539 3 
185450 3544 0 
185500 3549 0 
185550 3560 0 
185600 3529 123 
185650 3526 914 
185700 3545 1517 
185750 3547 2023 
185800 3525 2427 
185850 3547 2818 
185900 3552 3156 
185950 3565 3344 
186000 3558 3456 
186050 3325 2232 
186100 3405 1338 
186150 3488 925 
186200 3505 687 
186250 3502 446 
186300 3515 264 
186350 3542 161 
186400 3535 90 
186450 3531 33 
186500 3555 8 
186550 3541 3 
186600 3535 0 
186650 3529 352 
186700 3522 739 
186750 3534 1188 
186800 3530 1570 
186850 3529 1972 
186900 3544 2297 
186950 3549 2571 
187000 3535 2768 
187050 3337 2166 
187100 3456 1173 
187150 3501 590 
187200 3513 296 
187250 3521 107 
187300 3535 26 
187350 3537 8 
187400 3520 0 
187450 3530 2 
187500 3533 2 
187550 3530 35 
187600 3544 823 
187650 3534 1451 
187700 3529 1996 
187750 3528 2401 
187800 3532 2671 
187850 3532 2948 
187900 3538 3174 
187950 3537 3329 
188000 3533 3448 
188050 3330 2218 
188100 3420 1212 
188150 3490 739 
188200 3543 421 
188250 3549 162 
188300 3542 44 
188350 3547 4 
188400 3542 1 
188450 3547 1 
188500 3546 3 
188550 3522 511 
188600 3530 1244 
188650 3549 1822 
188700 3518 2344 
188750 3531 2761 
188800 3539 3084 
188850 3547 3338 
188900 3550 3466 
188950 3539 3521 
189000 3527 3525 
189050 3261 2182 
189100 3377 1159 
189150 3510 709 
189200 3518 305 
189250 3532 80 
189300 3545 14 
189350 3548 6 
189400 3550 1 
189450 3561 2 
189500 3549 0 
189550 3552 498 
189600 3540 1385 
189650 3545 1893 
189700 3540 2283 
189750 3528 2637 
189800 3543 2954 
189850 3525 3218 
189900 3531 3426 
189950 3541 3528 
190000 3539 3522 
190050 3270 2184 
190100 3392 1166 
190150 3496 622 
190200 3526 295 
190250 3525 143 
190300 3524 43 
190350 3533 6 
190400 3542 2 
190450 3538 2 
190500 3542 1 
190550 3534 7 
190600 3510 623 
190650 3515 1235 
190700 3542 1762 
190750 3538 2284 
190800 3551 2718 
190850 3546 3027 
190900 3540 3225 
190950 3532 3367 
191000 3520 3466 
191050 3257 2212 
191100 3365 1223 
191150 3471 634 
191200 3505 295 
191250 3527 103 
191300 3549 26 
191350 3549 7 
191400 3521 0 
191450 3548 6 
191500 3554 3 
191550 3552 286 
191600 3529 962 
191650 3537 1534 
191700 3546 2082 
191750 3552 2554 
191800 3551 2848 
191850 3534 3102 
191900 3543 3281 
191950 3544 3405 
192000 3539 3485 
192050 3356 1991 
192100 3479 925 
192150 3539 356 
192200 3549 133 
192250 3534 30 
192300 3544 8 
192350 3533 0 
192400 3515 1 
192450 3550 1 
192500 3540 2 
192550 3546 526 
192600 3544 1180 
192650 3537 1730 
192700 3541 2201 
192750 3555 2641 
192800 3549 2933 
192850 3543 3154 
192900 3557 3330 
192950 3549 3427 
193000 3536 3474 
193050 3300 2150 
193100 3398 1258 
193150 3459 837 
193200 3502 552 
193250 3516 291 
193300 3529 153 
193350 3521 65 
193400 3534 18 
193450 3549 1 
193500 3538 1 
193550 3521 405 
193600 3539 1163 
193650 3538 1769 
193700 3543 2297 
193750 3532 2641 
193800 3551 2971 
193850 3536 3209 
193900 3543 3359 
193950 3533 3470 
194000 3533 3519 
194050 3276 2307 
194100 3389 1362 
194150 3499 877 
194200 3534 405 
194250 3552 155 
194300 3540 57 
194350 3534 20 
194400 3540 8 
194450 3552 2 
194500 3542 2 
194550 3468 55 
194600 3320 227 
194650 2847 919 
194700 2678 1784 
194750 2737 2333 
194800 2857 2650 
194850 2974 2908 
194900 3047 3139 
194950 3104 3301 
195000 3211 3436 
195050 3178 2132 
195100 3390 1125 
195150 3467 539 
195200 3527 278 
195250 3548 116 
195300 3548 48 
195350 3561 17 
195400 3534 3 
195450 3538 0 
195500 3554 0 
195550 3391 568 
195600 3253 1205 
195650 3180 1736 
195700 3218 2145 
195750 3235 2536 
195800 3268 2838 
195850 3315 3090 
195900 3364 3249 
195950 3422 3379 
196000 3453 3465 
196050 3216 2332 
196100 3325 1393 
196150 3460 899 
196200 3459 486 
196250 3478 251 
196300 3494 131 
196350 3510 71 
196400 3515 17 
196450 3518 7 
196500 3534 0 
196550 3531 20 
196600 3407 832 
196650 3382 1423 
196700 3404 1907 
196750 3407 2351 
196800 3421 2731 
196850 3486 3040 
196900 3496 3244 
196950 3502 3380 
197000 3497 3470 
197050 3259 2262 
197100 3386 1356 
197150 3507 885 
197200 3518 486 
197250 3530 199 
197300 3545 53 
197350 3533 7 
197400 3529 4 
197450 3530 2 
197500 3512 8 
197550 3507 637 
197600 3504 1295 
197650 3491 1806 
197700 3515 2271 
197750 3514 2737 
197800 3503 3021 
197850 3483 3221 
197900 3477 3357 
197950 3505 3461 
198000 3510 3506 
198050 3384 1829 
198100 3465 714 
198150 3498 204 
198200 3536 44 
198250 3530 11 
198300 3536 0 
198350 3525 2 
198400 3534 3 
198450 3545 5 
198500 3533 4 
198550 3535 581 
198600 3530 1163 
198650 3549 1740 
198700 3546 2221 
198750 3559 2657 
198800 3542 2967 
198850 3533 3215 
198900 3549 3401 
198950 3559 3469 
199000 3532 3500 
199050 3342 1975 
199100 3462 956 
199150 3494 432 
199200 3514 209 
199250 3529 87 
199300 3536 28 
199350 3549 12 
199400 3534 3 
199450 3551 0 
199500 3549 2 
199550 3562 224 
199600 3559 912 
199650 3553 1485 
199700 3559 2050 
199750 3545 2513 
199800 3549 2851 
199850 3555 3132 
199900 3533 3289 
199950 3562 3407 
200000 3541 3472 
