# Avida tasks data
# Sat Apr  7 02:45:24 2012
# First column gives the current update, next columns give the number
# of organisms that have the particular task as a component of their merit
#  1: Update
#  2: Xor
#  3: Equals

0 0 0 
50 8 8 
100 36 36 
150 116 116 
200 248 248 
250 416 416 
300 639 639 
350 919 917 
400 1295 1293 
450 1647 1646 
500 2105 2105 
550 2635 2635 
600 3165 3169 
650 3409 3415 
700 3527 3523 
750 3546 3542 
800 3540 3539 
850 3550 3543 
900 3559 3553 
950 3538 3529 
1000 3543 3543 
1050 3548 3549 
1100 3542 3542 
1150 3535 3532 
1200 3540 3528 
1250 3545 3532 
1300 3544 3497 
1350 3540 3502 
1400 3554 3516 
1450 3544 3509 
1500 3534 3500 
1550 3532 3498 
1600 3543 3528 
1650 3553 3552 
1700 3548 3552 
1750 3532 3527 
1800 3537 3534 
1850 3535 3537 
1900 3556 3562 
1950 3559 3561 
2000 3539 3539 
2050 3546 3546 
2100 3558 3551 
2150 3538 3518 
2200 3546 3517 
2250 3537 3515 
2300 3550 3510 
2350 3536 3498 
2400 3530 3466 
2450 3541 3460 
2500 3556 3451 
2550 3536 3478 
2600 3548 3528 
2650 3550 3541 
2700 3545 3548 
2750 3550 3542 
2800 3530 3532 
2850 3548 3547 
2900 3525 3532 
2950 3541 3537 
3000 3558 3568 
3050 3554 3539 
3100 3529 3494 
3150 3538 3481 
3200 3550 3483 
3250 3543 3486 
3300 3538 3462 
3350 3531 3472 
3400 3548 3469 
3450 3528 3435 
3500 3543 3451 
3550 3540 3487 
3600 3549 3519 
3650 3548 3531 
3700 3546 3539 
3750 3539 3539 
3800 3537 3533 
3850 3547 3546 
3900 3555 3559 
3950 3562 3558 
4000 3553 3554 
4050 3549 3553 
4100 3548 3549 
4150 3552 3536 
4200 3544 3520 
4250 3548 3513 
4300 3550 3510 
4350 3543 3474 
4400 3555 3498 
4450 3549 3468 
4500 3543 3434 
4550 3550 3512 
4600 3550 3539 
4650 3545 3540 
4700 3550 3549 
4750 3537 3539 
4800 3525 3528 
4850 3551 3556 
4900 3543 3545 
4950 3543 3548 
5000 3553 3548 
5050 3541 3538 
5100 3557 3547 
5150 3568 3553 
5200 3538 3508 
5250 3542 3499 
5300 3543 3492 
5350 3544 3483 
5400 3549 3483 
5450 3546 3475 
5500 3547 3470 
5550 3544 3459 
5600 3543 3514 
5650 3539 3537 
5700 3560 3552 
5750 3543 3543 
5800 3553 3556 
5850 3548 3548 
5900 3538 3535 
5950 3541 3534 
6000 3543 3543 
6050 3555 3550 
6100 3558 3545 
6150 3551 3536 
6200 3539 3513 
6250 3524 3494 
6300 3533 3478 
6350 3533 3469 
6400 3539 3443 
6450 3566 3443 
6500 3555 3411 
6550 3557 3463 
6600 3553 3521 
6650 3529 3508 
6700 3556 3534 
6750 3547 3542 
6800 3549 3547 
6850 3544 3544 
6900 3530 3522 
6950 3539 3541 
7000 3531 3528 
7050 3537 3540 
7100 3559 3554 
7150 3531 3532 
7200 3541 3532 
7250 3525 3524 
7300 3545 3539 
7350 3547 3538 
7400 3551 3537 
7450 3557 3536 
7500 3547 3529 
7550 3541 3525 
7600 3547 3544 
7650 3551 3555 
7700 3538 3537 
7750 3543 3540 
7800 3549 3547 
7850 3537 3541 
7900 3542 3542 
7950 3552 3551 
8000 3560 3558 
8050 3556 3554 
8100 3553 3547 
8150 3534 3520 
8200 3529 3514 
8250 3542 3535 
8300 3539 3530 
8350 3540 3519 
8400 3551 3534 
8450 3555 3536 
8500 3549 3521 
8550 3550 3535 
8600 3541 3546 
8650 3542 3544 
8700 3544 3543 
8750 3534 3534 
8800 3557 3555 
8850 3535 3544 
8900 3554 3559 
8950 3561 3563 
9000 3539 3541 
9050 3526 3522 
9100 3548 3543 
9150 3545 3530 
9200 3542 3516 
9250 3550 3515 
9300 3545 3504 
9350 3542 3484 
9400 3537 3485 
9450 3560 3485 
9500 3554 3479 
9550 3527 3501 
9600 3548 3530 
9650 3552 3548 
9700 3550 3546 
9750 3544 3535 
9800 3552 3556 
9850 3533 3538 
9900 3543 3543 
9950 3544 3531 
10000 3545 3546 
10050 3550 3548 
10100 3546 3531 
10150 3547 3509 
10200 3539 3484 
10250 3556 3494 
10300 3553 3472 
10350 3547 3466 
10400 3546 3462 
10450 3529 3419 
10500 3549 3424 
10550 3526 3464 
10600 3529 3517 
10650 3540 3540 
10700 3540 3541 
10750 3552 3548 
10800 3568 3563 
10850 3551 3552 
10900 3548 3548 
10950 3559 3561 
11000 3549 3550 
11050 3527 3525 
11100 3552 3539 
11150 3557 3541 
11200 3554 3527 
11250 3563 3537 
11300 3528 3503 
11350 3530 3500 
11400 3544 3514 
11450 3547 3510 
11500 3547 3474 
11550 3535 3481 
11600 3554 3540 
11650 3551 3545 
11700 3557 3558 
11750 3553 3553 
11800 3539 3536 
11850 3537 3535 
11900 3543 3552 
11950 3550 3549 
12000 3537 3541 
12050 3557 3551 
12100 3557 3538 
12150 3556 3534 
12200 3548 3526 
12250 3552 3530 
12300 3557 3522 
12350 3555 3499 
12400 3543 3466 
12450 3555 3461 
12500 3555 3437 
12550 3535 3432 
12600 3533 3489 
12650 3542 3528 
12700 3537 3531 
12750 3563 3556 
12800 3559 3559 
12850 3553 3552 
12900 3554 3554 
12950 3536 3538 
13000 3538 3527 
13050 3536 3537 
13100 3539 3539 
13150 3534 3527 
13200 3543 3527 
13250 3554 3532 
13300 3536 3504 
13350 3547 3497 
13400 3543 3513 
13450 3543 3510 
13500 3532 3496 
13550 3548 3528 
13600 3549 3540 
13650 3540 3539 
13700 3550 3541 
13750 3550 3546 
13800 3551 3544 
13850 3559 3554 
13900 3563 3560 
13950 3549 3545 
14000 3536 3541 
14050 3537 3536 
14100 3550 3546 
14150 3531 3513 
14200 3533 3522 
14250 3545 3527 
14300 3550 3521 
14350 3552 3520 
14400 3549 3496 
14450 3529 3454 
14500 3533 3452 
14550 3536 3496 
14600 3549 3530 
14650 3546 3544 
14700 3557 3551 
14750 3533 3537 
14800 3555 3552 
14850 3555 3552 
14900 3551 3550 
14950 3560 3557 
15000 3548 3541 
15050 3545 3544 
15100 3550 3554 
15150 3536 3518 
15200 3536 3515 
15250 3542 3525 
15300 3536 3518 
15350 3546 3510 
15400 3543 3500 
15450 3545 3504 
15500 3553 3497 
15550 3536 3512 
15600 3548 3542 
15650 3552 3548 
15700 3552 3551 
15750 3543 3551 
15800 3540 3548 
15850 3535 3541 
15900 3558 3560 
15950 3546 3547 
16000 3548 3545 
16050 3560 3561 
16100 3546 3527 
16150 3554 3541 
16200 3546 3543 
16250 3556 3528 
16300 3550 3491 
16350 3545 3488 
16400 3563 3476 
16450 3559 3480 
16500 3559 3463 
16550 3546 3479 
16600 3537 3505 
16650 3534 3524 
16700 3553 3547 
16750 3561 3558 
16800 3548 3553 
16850 3539 3535 
16900 3556 3555 
16950 3554 3550 
17000 3530 3524 
17050 3545 3538 
17100 3548 3529 
17150 3538 3523 
17200 3547 3523 
17250 3550 3505 
17300 3551 3502 
17350 3535 3476 
17400 3539 3443 
17450 3550 3438 
17500 3554 3398 
17550 3544 3440 
17600 3555 3500 
17650 3525 3516 
17700 3558 3557 
17750 3541 3536 
17800 3543 3542 
17850 3569 3569 
17900 3558 3556 
17950 3541 3545 
18000 3558 3556 
18050 3551 3549 
18100 3538 3526 
18150 3547 3528 
18200 3543 3523 
18250 3557 3519 
18300 3550 3515 
18350 3533 3498 
18400 3554 3511 
18450 3556 3497 
18500 3555 3490 
18550 3545 3510 
18600 3545 3539 
18650 3538 3538 
18700 3542 3543 
18750 3545 3543 
18800 3546 3537 
18850 3552 3547 
18900 3544 3538 
18950 3546 3541 
19000 3544 3547 
19050 3543 3542 
19100 3554 3544 
19150 3549 3525 
19200 3554 3524 
19250 3551 3493 
19300 3544 3468 
19350 3525 3453 
19400 3542 3469 
19450 3535 3461 
19500 3544 3455 
19550 3554 3514 
19600 3544 3534 
19650 3536 3542 
19700 3540 3540 
19750 3562 3566 
19800 3564 3558 
19850 3542 3544 
19900 3538 3536 
19950 3549 3546 
20000 3563 3557 
20050 3555 3557 
20100 3564 3562 
20150 3546 3549 
20200 3546 3533 
20250 3556 3540 
20300 3544 3534 
20350 3557 3547 
20400 3555 3532 
20450 3542 3521 
20500 3546 3503 
20550 3549 3519 
20600 3541 3521 
20650 3550 3549 
20700 3553 3556 
20750 3563 3559 
20800 3540 3545 
20850 3551 3548 
20900 3543 3537 
20950 3535 3530 
21000 3536 3528 
21050 3559 3552 
21100 3546 3542 
21150 3542 3521 
21200 3554 3525 
21250 3544 3515 
21300 3547 3510 
21350 3536 3502 
21400 3534 3491 
21450 3543 3501 
21500 3550 3504 
21550 3552 3529 
21600 3552 3544 
21650 3551 3547 
21700 3546 3551 
21750 3553 3552 
21800 3530 3532 
21850 3549 3555 
21900 3551 3555 
21950 3553 3555 
22000 3547 3546 
22050 3550 3551 
22100 3552 3541 
22150 3544 3521 
22200 3550 3528 
22250 3546 3519 
22300 3540 3517 
22350 3528 3501 
22400 3541 3481 
22450 3550 3473 
22500 3544 3453 
22550 3560 3494 
22600 3540 3520 
22650 3535 3532 
22700 3544 3534 
22750 3548 3550 
22800 3544 3545 
22850 3543 3544 
22900 3540 3538 
22950 3553 3551 
23000 3556 3555 
23050 3552 3552 
23100 3557 3532 
23150 3559 3536 
23200 3550 3526 
23250 3555 3528 
23300 3542 3524 
23350 3552 3512 
23400 3546 3494 
23450 3545 3468 
23500 3557 3478 
23550 3547 3517 
23600 3538 3536 
23650 3548 3553 
23700 3545 3544 
23750 3547 3547 
23800 3553 3554 
23850 3555 3551 
23900 3543 3550 
23950 3527 3529 
24000 3538 3539 
24050 3532 3535 
24100 3536 3524 
24150 3542 3524 
24200 3539 3520 
24250 3538 3510 
24300 3537 3491 
24350 3540 3494 
24400 3528 3480 
24450 3540 3489 
24500 3538 3457 
24550 3550 3501 
24600 3528 3516 
24650 3535 3533 
24700 3553 3554 
24750 3553 3555 
24800 3541 3541 
24850 3540 3542 
24900 3559 3559 
24950 3554 3554 
25000 3561 3562 
25050 3537 3539 
25100 3555 3545 
25150 3537 3507 
25200 3564 3540 
25250 3551 3522 
25300 3543 3484 
25350 3526 3477 
25400 3534 3477 
25450 3548 3480 
25500 3544 3453 
25550 3554 3485 
25600 3551 3512 
25650 3541 3528 
25700 3547 3544 
25750 3540 3539 
25800 3527 3528 
25850 3543 3550 
25900 3552 3551 
25950 3560 3557 
26000 3553 3552 
26050 3552 3553 
26100 3551 3531 
26150 3541 3516 
26200 3541 3500 
26250 3569 3520 
26300 3554 3489 
26350 3553 3459 
26400 3546 3455 
26450 3541 3466 
26500 3536 3451 
26550 3551 3510 
26600 3543 3537 
26650 3544 3542 
26700 3557 3559 
26750 3542 3544 
26800 3543 3548 
26850 3534 3528 
26900 3544 3542 
26950 3556 3560 
27000 3547 3552 
27050 3539 3541 
27100 3542 3536 
27150 3546 3533 
27200 3543 3530 
27250 3547 3524 
27300 3561 3539 
27350 3557 3511 
27400 3551 3488 
27450 3551 3493 
27500 3552 3490 
27550 3544 3503 
27600 3544 3538 
27650 3546 3542 
27700 3556 3549 
27750 3548 3546 
27800 3557 3559 
27850 3557 3556 
27900 3544 3541 
27950 3534 3534 
28000 3545 3544 
28050 3566 3561 
28100 3546 3532 
28150 3549 3524 
28200 3564 3536 
28250 3540 3514 
28300 3556 3520 
28350 3556 3491 
28400 3551 3481 
28450 3544 3473 
28500 3546 3465 
28550 3558 3525 
28600 3550 3540 
28650 3554 3553 
28700 3545 3546 
28750 3544 3546 
28800 3548 3548 
28850 3551 3551 
28900 3534 3538 
28950 3554 3556 
29000 3548 3544 
29050 3540 3540 
29100 3552 3538 
29150 3523 3508 
29200 3566 3542 
29250 3559 3516 
29300 3546 3494 
29350 3539 3471 
29400 3552 3493 
29450 3547 3479 
29500 3539 3463 
29550 3536 3504 
29600 3534 3534 
29650 3549 3552 
29700 3546 3549 
29750 3543 3542 
29800 3566 3558 
29850 3543 3540 
29900 3549 3547 
29950 3540 3543 
30000 3554 3553 
30050 3545 3542 
30100 3555 3533 
30150 3531 3505 
30200 3555 3517 
30250 3546 3492 
30300 3555 3505 
30350 3560 3508 
30400 3543 3506 
30450 3558 3510 
30500 3548 3482 
30550 3533 3487 
30600 3553 3541 
30650 3537 3526 
30700 3525 3528 
30750 3540 3540 
30800 3557 3550 
30850 3557 3555 
30900 3545 3546 
30950 3542 3548 
31000 3556 3554 
31050 3548 3551 
31100 3552 3525 
31150 3547 3489 
31200 3557 3464 
31250 3553 3434 
31300 3545 3425 
31350 3539 3404 
31400 3549 3401 
31450 3535 3391 
31500 3540 3378 
31550 3540 3485 
31600 3554 3528 
31650 3552 3541 
31700 3533 3536 
31750 3534 3543 
31800 3555 3557 
31850 3545 3543 
31900 3550 3555 
31950 3537 3545 
32000 3552 3547 
32050 3530 3526 
32100 3558 3537 
32150 3526 3507 
32200 3543 3515 
32250 3535 3506 
32300 3556 3510 
32350 3535 3479 
32400 3540 3490 
32450 3542 3481 
32500 3538 3460 
32550 3534 3512 
32600 3554 3548 
32650 3533 3540 
32700 3539 3541 
32750 3538 3542 
32800 3559 3555 
32850 3536 3540 
32900 3554 3557 
32950 3547 3552 
33000 3544 3542 
33050 3539 3543 
33100 3553 3550 
33150 3551 3548 
33200 3553 3546 
33250 3535 3513 
33300 3549 3532 
33350 3556 3530 
33400 3561 3519 
33450 3549 3517 
33500 3552 3508 
33550 3536 3513 
33600 3559 3555 
33650 3549 3540 
33700 3540 3536 
33750 3550 3550 
33800 3549 3545 
33850 3539 3539 
33900 3528 3530 
33950 3554 3554 
34000 3551 3552 
34050 3533 3539 
34100 3558 3551 
34150 3535 3522 
34200 3550 3521 
34250 3542 3513 
34300 3535 3502 
34350 3545 3505 
34400 3564 3520 
34450 3528 3473 
34500 3534 3458 
34550 3550 3515 
34600 3539 3524 
34650 3521 3524 
34700 3543 3542 
34750 3544 3545 
34800 3558 3557 
34850 3552 3554 
34900 3551 3546 
34950 3540 3535 
35000 3561 3562 
35050 3545 3535 
35100 3559 3532 
35150 3546 3510 
35200 3538 3509 
35250 3550 3513 
35300 3547 3505 
35350 3550 3476 
35400 3529 3436 
35450 3533 3402 
35500 3557 3423 
35550 3546 3459 
35600 3549 3522 
35650 3553 3542 
35700 3547 3548 
35750 3545 3549 
35800 3552 3543 
35850 3554 3549 
35900 3552 3547 
35950 3556 3549 
36000 3536 3530 
36050 3542 3534 
36100 3544 3530 
36150 3537 3513 
36200 3561 3534 
36250 3541 3509 
36300 3547 3512 
36350 3533 3500 
36400 3543 3514 
36450 3548 3505 
36500 3545 3487 
36550 3532 3514 
36600 3538 3538 
36650 3541 3548 
36700 3539 3537 
36750 3558 3553 
36800 3531 3543 
36850 3564 3570 
36900 3538 3541 
36950 3540 3543 
37000 3545 3542 
37050 3543 3549 
37100 3552 3550 
37150 3542 3525 
37200 3554 3540 
37250 3557 3539 
37300 3541 3503 
37350 3558 3508 
37400 3541 3478 
37450 3545 3473 
37500 3556 3494 
37550 3561 3530 
37600 3554 3546 
37650 3553 3549 
37700 3554 3556 
37750 3551 3549 
37800 3548 3553 
37850 3548 3543 
37900 3545 3544 
37950 3534 3534 
38000 3552 3545 
38050 3554 3559 
38100 3560 3554 
38150 3531 3514 
38200 3559 3514 
38250 3556 3482 
38300 3541 3446 
38350 3552 3452 
38400 3552 3428 
38450 3552 3443 
38500 3542 3422 
38550 3540 3463 
38600 3562 3531 
38650 3543 3539 
38700 3539 3542 
38750 3534 3537 
38800 3554 3553 
38850 3548 3550 
38900 3544 3539 
38950 3549 3551 
39000 3543 3548 
39050 3539 3539 
39100 3545 3544 
39150 3547 3534 
39200 3566 3545 
39250 3549 3525 
39300 3547 3507 
39350 3557 3518 
39400 3536 3500 
39450 3550 3499 
39500 3561 3505 
39550 3563 3535 
39600 3547 3533 
39650 3540 3536 
39700 3538 3538 
39750 3544 3545 
39800 3535 3539 
39850 3552 3561 
39900 3532 3534 
39950 3537 3538 
40000 3535 3533 
40050 3539 3540 
40100 3552 3533 
40150 3533 3500 
40200 3558 3521 
40250 3549 3515 
40300 3545 3496 
40350 3534 3480 
40400 3536 3465 
40450 3555 3484 
40500 3538 3459 
40550 3543 3485 
40600 3542 3520 
40650 3554 3545 
40700 3556 3553 
40750 3554 3556 
40800 3542 3549 
40850 3555 3559 
40900 3549 3546 
40950 3545 3543 
41000 3566 3565 
41050 3540 3539 
41100 3550 3542 
41150 3559 3547 
41200 3539 3511 
41250 3545 3498 
41300 3559 3493 
41350 3557 3475 
41400 3564 3483 
41450 3560 3456 
41500 3555 3454 
41550 3558 3509 
41600 3556 3535 
41650 3553 3544 
41700 3550 3540 
41750 3554 3551 
41800 3557 3553 
41850 3552 3556 
41900 3545 3543 
41950 3552 3551 
42000 3562 3564 
42050 3553 3557 
42100 3554 3547 
42150 3557 3529 
42200 3543 3528 
42250 3547 3532 
42300 3557 3549 
42350 3566 3546 
42400 3555 3514 
42450 3558 3472 
42500 3559 3458 
42550 3554 3509 
42600 3556 3545 
42650 3549 3549 
42700 3556 3558 
42750 3544 3545 
42800 3575 3576 
42850 3561 3568 
42900 3557 3564 
42950 3557 3552 
43000 3551 3555 
43050 3552 3547 
43100 3562 3550 
43150 3552 3528 
43200 3554 3537 
43250 3560 3546 
43300 3549 3537 
43350 3545 3510 
43400 3554 3499 
43450 3551 3495 
43500 3557 3482 
43550 3570 3542 
43600 3558 3549 
43650 3556 3558 
43700 3558 3557 
43750 3558 3554 
43800 3548 3545 
43850 3560 3564 
43900 3549 3548 
43950 3552 3552 
44000 3554 3553 
44050 3564 3554 
44100 3566 3523 
44150 3547 3514 
44200 3555 3527 
44250 3559 3500 
44300 3570 3497 
44350 3557 3457 
44400 3551 3439 
44450 3557 3414 
44500 3555 3410 
44550 3532 3493 
44600 3558 3544 
44650 3555 3554 
44700 3547 3552 
44750 3553 3554 
44800 3551 3551 
44850 3550 3554 
44900 3549 3547 
44950 3556 3561 
45000 3554 3551 
45050 3552 3542 
45100 3538 3524 
45150 3559 3535 
45200 3545 3526 
45250 3554 3518 
45300 3559 3533 
45350 3550 3504 
45400 3544 3467 
45450 3533 3465 
45500 3552 3490 
45550 3533 3498 
45600 3548 3540 
45650 3548 3540 
45700 3543 3542 
45750 3555 3558 
45800 3543 3545 
45850 3558 3561 
45900 3536 3531 
45950 3553 3555 
46000 3558 3557 
46050 3537 3537 
46100 3558 3537 
46150 3562 3546 
46200 3550 3522 
46250 3556 3517 
46300 3555 3486 
46350 3554 3471 
46400 3557 3454 
46450 3552 3436 
46500 3558 3421 
46550 3553 3518 
46600 3558 3547 
46650 3549 3552 
46700 3552 3555 
46750 3553 3549 
46800 3551 3551 
46850 3543 3541 
46900 3553 3553 
46950 3567 3564 
47000 3552 3554 
47050 3550 3550 
47100 3551 3549 
47150 3554 3545 
47200 3530 3527 
47250 3538 3514 
47300 3540 3510 
47350 3542 3492 
47400 3561 3505 
47450 3534 3476 
47500 3553 3485 
47550 3548 3509 
47600 3546 3534 
47650 3555 3546 
47700 3537 3536 
47750 3555 3556 
47800 3549 3554 
47850 3538 3539 
47900 3547 3542 
47950 3532 3533 
48000 3554 3551 
48050 3553 3545 
48100 3562 3534 
48150 3550 3510 
48200 3547 3462 
48250 3553 3480 
48300 3547 3454 
48350 3543 3413 
48400 3555 3390 
48450 3550 3430 
48500 3560 3448 
48550 3554 3475 
48600 3551 3519 
48650 3548 3544 
48700 3530 3520 
48750 3536 3533 
48800 3550 3540 
48850 3530 3533 
48900 3551 3551 
48950 3559 3561 
49000 3533 3538 
49050 3547 3547 
49100 3547 3521 
49150 3560 3505 
49200 3548 3483 
49250 3548 3473 
49300 3538 3417 
49350 3572 3424 
49400 3549 3362 
49450 3542 3348 
49500 3576 3364 
49550 3545 3453 
49600 3551 3537 
49650 3538 3536 
49700 3539 3543 
49750 3540 3541 
49800 3565 3557 
49850 3558 3557 
49900 3543 3545 
49950 3551 3550 
50000 3542 3536 
50050 3546 3538 
50100 3538 3524 
50150 3563 3525 
50200 3550 3525 
50250 3553 3487 
50300 3552 3468 
50350 3543 3438 
50400 3554 3440 
50450 3544 3390 
50500 3563 3429 
50550 3547 3511 
50600 3552 3557 
50650 3553 3549 
50700 3541 3542 
50750 3545 3542 
50800 3547 3549 
50850 3540 3535 
50900 3552 3555 
50950 3539 3538 
51000 3555 3557 
51050 3555 3555 
51100 3543 3517 
51150 3538 3500 
51200 3540 3485 
51250 3556 3489 
51300 3554 3477 
51350 3550 3457 
51400 3553 3453 
51450 3536 3392 
51500 3554 3413 
51550 3552 3495 
51600 3557 3536 
51650 3558 3557 
51700 3555 3557 
51750 3568 3561 
51800 3558 3554 
51850 3554 3556 
51900 3554 3546 
51950 3556 3554 
52000 3558 3556 
52050 3539 3525 
52100 3545 3513 
52150 3556 3511 
52200 3564 3509 
52250 3554 3481 
52300 3559 3472 
52350 3542 3439 
52400 3553 3459 
52450 3540 3417 
52500 3564 3432 
52550 3566 3520 
52600 3546 3544 
52650 3533 3535 
52700 3555 3557 
52750 3563 3563 
52800 3554 3558 
52850 3563 3567 
52900 3555 3553 
52950 3564 3561 
53000 3543 3542 
53050 3552 3544 
53100 3555 3544 
53150 3566 3545 
53200 3537 3507 
53250 3545 3514 
53300 3549 3501 
53350 3553 3501 
53400 3544 3472 
53450 3540 3457 
53500 3544 3429 
53550 3532 3497 
53600 3556 3550 
53650 3557 3554 
53700 3547 3544 
53750 3549 3539 
53800 3559 3555 
53850 3550 3553 
53900 3542 3545 
53950 3555 3547 
54000 3552 3551 
54050 3561 3550 
54100 3547 3541 
54150 3553 3535 
54200 3545 3512 
54250 3557 3490 
54300 3555 3476 
54350 3536 3445 
54400 3519 3404 
54450 3549 3443 
54500 3559 3447 
54550 3556 3504 
54600 3556 3537 
54650 3548 3543 
54700 3557 3556 
54750 3536 3533 
54800 3546 3538 
54850 3550 3549 
54900 3558 3564 
54950 3569 3562 
55000 3542 3549 
55050 3550 3548 
55100 3548 3530 
55150 3547 3518 
55200 3543 3496 
55250 3560 3509 
55300 3548 3496 
55350 3537 3441 
55400 3542 3452 
55450 3567 3464 
55500 3548 3444 
55550 3532 3480 
55600 3534 3530 
55650 3552 3551 
55700 3556 3550 
55750 3555 3556 
55800 3567 3567 
55850 3557 3552 
55900 3557 3553 
55950 3555 3551 
56000 3566 3566 
56050 3546 3546 
56100 3556 3542 
56150 3540 3506 
56200 3550 3486 
56250 3554 3455 
56300 3541 3440 
56350 3532 3413 
56400 3531 3409 
56450 3548 3403 
56500 3548 3375 
56550 3549 3472 
56600 3541 3526 
56650 3557 3550 
56700 3534 3521 
56750 3549 3552 
56800 3549 3542 
56850 3548 3523 
56900 3548 3540 
56950 3558 3547 
57000 3546 3530 
57050 3569 3535 
57100 3550 3505 
57150 3543 3458 
57200 3565 3470 
57250 3549 3422 
57300 3549 3409 
57350 3547 3397 
57400 3541 3417 
57450 3540 3425 
57500 3558 3430 
57550 3557 3510 
57600 3539 3534 
57650 3541 3548 
57700 3552 3550 
57750 3570 3573 
57800 3553 3549 
57850 3554 3555 
57900 3562 3557 
57950 3568 3560 
58000 3566 3561 
58050 3560 3541 
58100 3549 3516 
58150 3563 3485 
58200 3549 3448 
58250 3557 3453 
58300 3562 3437 
58350 3553 3425 
58400 3533 3417 
58450 3554 3438 
58500 3536 3406 
58550 3548 3489 
58600 3557 3546 
58650 3554 3544 
58700 3560 3555 
58750 3543 3540 
58800 3548 3543 
58850 3548 3551 
58900 3550 3546 
58950 3542 3529 
59000 3521 3527 
59050 3542 3528 
59100 3551 3496 
59150 3561 3490 
59200 3557 3480 
59250 3556 3469 
59300 3552 3435 
59350 3556 3430 
59400 3553 3410 
59450 3551 3381 
59500 3550 3344 
59550 3552 3438 
59600 3547 3512 
59650 3566 3559 
59700 3568 3561 
59750 3536 3534 
59800 3540 3532 
59850 3539 3546 
59900 3556 3553 
59950 3553 3550 
60000 3552 3547 
60050 3556 3537 
60100 3567 3524 
60150 3556 3490 
60200 3546 3436 
60250 3540 3398 
60300 3558 3385 
60350 3565 3370 
60400 3551 3357 
60450 3559 3369 
60500 3568 3370 
60550 3560 3484 
60600 3539 3523 
60650 3566 3549 
60700 3542 3537 
60750 3554 3550 
60800 3552 3545 
60850 3557 3544 
60900 3534 3538 
60950 3534 3538 
61000 3556 3546 
61050 3548 3549 
61100 3549 3534 
61150 3557 3542 
61200 3545 3508 
61250 3548 3495 
61300 3558 3485 
61350 3559 3445 
61400 3552 3399 
61450 3555 3378 
61500 3536 3353 
61550 3533 3473 
61600 3567 3546 
61650 3551 3548 
61700 3537 3531 
61750 3558 3555 
61800 3561 3552 
61850 3563 3558 
61900 3564 3547 
61950 3566 3556 
62000 3562 3559 
62050 3557 3553 
62100 3547 3522 
62150 3543 3488 
62200 3552 3496 
62250 3558 3471 
62300 3553 3478 
62350 3546 3435 
62400 3564 3426 
62450 3537 3410 
62500 3539 3384 
62550 3551 3507 
62600 3550 3534 
62650 3550 3543 
62700 3546 3538 
62750 3544 3539 
62800 3553 3552 
62850 3551 3549 
62900 3563 3558 
62950 3543 3530 
63000 3542 3541 
63050 3547 3537 
63100 3555 3510 
63150 3544 3517 
63200 3543 3491 
63250 3535 3475 
63300 3556 3461 
63350 3562 3480 
63400 3559 3468 
63450 3540 3429 
63500 3557 3450 
63550 3539 3481 
63600 3557 3548 
63650 3558 3546 
63700 3567 3565 
63750 3536 3539 
63800 3540 3537 
63850 3550 3554 
63900 3557 3555 
63950 3556 3551 
64000 3557 3560 
64050 3546 3545 
64100 3555 3539 
64150 3563 3532 
64200 3556 3496 
64250 3551 3493 
64300 3554 3520 
64350 3558 3511 
64400 3556 3469 
64450 3561 3468 
64500 3541 3442 
64550 3549 3501 
64600 3558 3547 
64650 3555 3550 
64700 3571 3553 
64750 3549 3538 
64800 3543 3534 
64850 3553 3544 
64900 3559 3549 
64950 3541 3532 
65000 3547 3528 
65050 3553 3530 
65100 3545 3497 
65150 3543 3489 
65200 3555 3479 
65250 3559 3449 
65300 3562 3408 
65350 3526 3339 
65400 3542 3317 
65450 3547 3300 
65500 3567 3305 
65550 3550 3436 
65600 3553 3539 
65650 3550 3538 
65700 3560 3557 
65750 3553 3538 
65800 3544 3532 
65850 3556 3556 
65900 3553 3546 
65950 3556 3552 
66000 3549 3538 
66050 3546 3519 
66100 3556 3480 
66150 3544 3440 
66200 3561 3410 
66250 3559 3405 
66300 3563 3382 
66350 3553 3325 
66400 3540 3262 
66450 3539 3262 
66500 3555 3246 
66550 3556 3437 
66600 3562 3546 
66650 3544 3535 
66700 3565 3555 
66750 3545 3541 
66800 3546 3542 
66850 3548 3547 
66900 3548 3530 
66950 3551 3547 
67000 3544 3525 
67050 3561 3524 
67100 3558 3475 
67150 3547 3407 
67200 3541 3372 
67250 3549 3335 
67300 3551 3264 
67350 3568 3279 
67400 3548 3228 
67450 3554 3207 
67500 3551 3146 
67550 3566 3391 
67600 3555 3516 
67650 3566 3550 
67700 3548 3537 
67750 3537 3524 
67800 3543 3536 
67850 3551 3544 
67900 3550 3545 
67950 3534 3527 
68000 3544 3533 
68050 3554 3533 
68100 3563 3508 
68150 3554 3503 
68200 3549 3481 
68250 3552 3485 
68300 3545 3461 
68350 3560 3480 
68400 3559 3476 
68450 3550 3461 
68500 3551 3402 
68550 3548 3502 
68600 3566 3559 
68650 3572 3561 
68700 3562 3554 
68750 3559 3552 
68800 3541 3541 
68850 3547 3539 
68900 3553 3545 
68950 3556 3550 
69000 3548 3536 
69050 3543 3524 
69100 3546 3512 
69150 3552 3498 
69200 3560 3472 
69250 3554 3418 
69300 3549 3390 
69350 3560 3383 
69400 3552 3336 
69450 3551 3282 
69500 3558 3270 
69550 3538 3435 
69600 3540 3511 
69650 3553 3546 
69700 3574 3567 
69750 3559 3551 
69800 3556 3541 
69850 3553 3548 
69900 3550 3538 
69950 3554 3547 
70000 3541 3538 
70050 3535 3523 
70100 3544 3530 
70150 3546 3505 
70200 3540 3484 
70250 3546 3468 
70300 3545 3456 
70350 3552 3411 
70400 3557 3408 
70450 3562 3371 
70500 3549 3325 
70550 3552 3482 
70600 3538 3531 
70650 3549 3541 
70700 3560 3555 
70750 3542 3532 
70800 3554 3550 
70850 3551 3548 
70900 3538 3537 
70950 3553 3546 
71000 3554 3552 
71050 3558 3544 
71100 3545 3526 
71150 3563 3533 
71200 3544 3500 
71250 3563 3513 
71300 3555 3488 
71350 3558 3453 
71400 3557 3459 
71450 3554 3451 
71500 3565 3402 
71550 3544 3503 
71600 3545 3536 
71650 3566 3554 
71700 3551 3542 
71750 3550 3539 
71800 3555 3542 
71850 3555 3555 
71900 3542 3534 
71950 3554 3549 
72000 3556 3543 
72050 3565 3550 
72100 3560 3535 
72150 3544 3497 
72200 3542 3456 
72250 3561 3433 
72300 3563 3405 
72350 3547 3327 
72400 3556 3354 
72450 3555 3343 
72500 3564 3306 
72550 3578 3479 
72600 3561 3543 
72650 3542 3540 
72700 3559 3558 
72750 3554 3545 
72800 3562 3555 
72850 3552 3544 
72900 3547 3539 
72950 3556 3551 
73000 3543 3540 
73050 3553 3541 
73100 3565 3518 
73150 3570 3493 
73200 3555 3475 
73250 3553 3436 
73300 3539 3365 
73350 3542 3372 
73400 3549 3379 
73450 3546 3377 
73500 3564 3364 
73550 3560 3458 
73600 3552 3528 
73650 3545 3529 
73700 3552 3539 
73750 3560 3549 
73800 3539 3542 
73850 3528 3523 
73900 3545 3536 
73950 3546 3537 
74000 3552 3542 
74050 3567 3548 
74100 3568 3533 
74150 3554 3509 
74200 3555 3490 
74250 3552 3465 
74300 3561 3400 
74350 3560 3345 
74400 3549 3292 
74450 3547 3252 
74500 3561 3273 
74550 3567 3436 
74600 3540 3508 
74650 3552 3545 
74700 3553 3540 
74750 3560 3546 
74800 3539 3530 
74850 3561 3550 
74900 3567 3560 
74950 3557 3550 
75000 3553 3534 
75050 3546 3515 
75100 3552 3460 
75150 3549 3453 
75200 3557 3473 
75250 3555 3463 
75300 3554 3442 
75350 3545 3423 
75400 3564 3414 
75450 3543 3372 
75500 3550 3357 
75550 3553 3500 
75600 3526 3518 
75650 3539 3535 
75700 3549 3537 
75750 3562 3553 
75800 3546 3531 
75850 3557 3552 
75900 3557 3549 
75950 3554 3544 
76000 3537 3531 
76050 3552 3519 
76100 3540 3483 
76150 3556 3476 
76200 3552 3451 
76250 3560 3452 
76300 3565 3440 
76350 3553 3339 
76400 3548 3327 
76450 3559 3269 
76500 3540 3192 
76550 3559 3431 
76600 3553 3526 
76650 3528 3530 
76700 3536 3532 
76750 3551 3547 
76800 3541 3536 
76850 3531 3536 
76900 3542 3541 
76950 3576 3564 
77000 3553 3547 
77050 3558 3538 
77100 3551 3503 
77150 3550 3478 
77200 3555 3468 
77250 3552 3404 
77300 3553 3378 
77350 3539 3339 
77400 3557 3348 
77450 3540 3309 
77500 3551 3265 
77550 3553 3405 
77600 3554 3513 
77650 3560 3553 
77700 3555 3544 
77750 3561 3553 
77800 3542 3536 
77850 3570 3567 
77900 3552 3551 
77950 3554 3545 
78000 3568 3556 
78050 3569 3553 
78100 3553 3481 
78150 3548 3450 
78200 3549 3434 
78250 3555 3411 
78300 3552 3384 
78350 3557 3397 
78400 3548 3394 
78450 3543 3363 
78500 3555 3351 
78550 3557 3476 
78600 3554 3532 
78650 3544 3527 
78700 3537 3534 
78750 3561 3549 
78800 3555 3552 
78850 3555 3555 
78900 3552 3542 
78950 3546 3539 
79000 3562 3558 
79050 3548 3505 
79100 3573 3495 
79150 3543 3432 
79200 3554 3397 
79250 3562 3402 
79300 3552 3367 
79350 3544 3378 
79400 3557 3357 
79450 3554 3345 
79500 3565 3287 
79550 3559 3423 
79600 3543 3511 
79650 3549 3534 
79700 3559 3546 
79750 3556 3551 
79800 3559 3553 
79850 3545 3550 
79900 3552 3549 
79950 3543 3525 
80000 3542 3531 
80050 3563 3534 
80100 3549 3471 
80150 3559 3472 
80200 3534 3429 
80250 3534 3391 
80300 3555 3367 
80350 3547 3347 
80400 3543 3294 
80450 3540 3272 
80500 3547 3273 
80550 3550 3446 
80600 3553 3524 
80650 3561 3558 
80700 3550 3542 
80750 3559 3555 
80800 3553 3541 
80850 3537 3540 
80900 3540 3532 
80950 3553 3544 
81000 3563 3554 
81050 3551 3518 
81100 3550 3460 
81150 3558 3422 
81200 3563 3364 
81250 3545 3355 
81300 3546 3358 
81350 3554 3334 
81400 3563 3320 
81450 3550 3263 
81500 3556 3236 
81550 3552 3411 
81600 3568 3528 
81650 3558 3538 
81700 3555 3549 
81750 3570 3558 
81800 3552 3545 
81850 3554 3546 
81900 3541 3535 
81950 3564 3561 
82000 3561 3546 
82050 3562 3534 
82100 3553 3504 
82150 3569 3491 
82200 3558 3451 
82250 3559 3425 
82300 3553 3405 
82350 3565 3392 
82400 3554 3362 
82450 3545 3329 
82500 3543 3310 
82550 3551 3485 
82600 3556 3552 
82650 3557 3551 
82700 3552 3546 
82750 3559 3552 
82800 3563 3567 
82850 3558 3547 
82900 3559 3547 
82950 3546 3548 
83000 3547 3538 
83050 3563 3551 
83100 3557 3508 
83150 3548 3500 
83200 3555 3486 
83250 3562 3482 
83300 3550 3454 
83350 3556 3420 
83400 3550 3387 
83450 3560 3371 
83500 3559 3356 
83550 3559 3468 
83600 3553 3533 
83650 3551 3532 
83700 3560 3552 
83750 3555 3540 
83800 3568 3553 
83850 3552 3540 
83900 3529 3533 
83950 3567 3545 
84000 3560 3543 
84050 3553 3538 
84100 3553 3519 
84150 3552 3493 
84200 3550 3434 
84250 3536 3390 
84300 3560 3400 
84350 3564 3370 
84400 3557 3338 
84450 3559 3322 
84500 3548 3325 
84550 3552 3457 
84600 3542 3515 
84650 3559 3545 
84700 3536 3531 
84750 3555 3545 
84800 3546 3545 
84850 3550 3548 
84900 3555 3546 
84950 3560 3551 
85000 3569 3560 
85050 3554 3534 
85100 3558 3494 
85150 3566 3503 
85200 3559 3474 
85250 3557 3439 
85300 3559 3393 
85350 3561 3343 
85400 3563 3341 
85450 3540 3333 
85500 3562 3293 
85550 3561 3444 
85600 3549 3516 
85650 3556 3539 
85700 3552 3539 
85750 3550 3534 
85800 3555 3547 
85850 3542 3530 
85900 3543 3550 
85950 3546 3543 
86000 3550 3543 
86050 3543 3527 
86100 3555 3474 
86150 3554 3429 
86200 3558 3433 
86250 3561 3388 
86300 3548 3343 
86350 3554 3322 
86400 3562 3264 
86450 3555 3193 
86500 3549 3130 
86550 3547 3360 
86600 3543 3480 
86650 3552 3546 
86700 3547 3537 
86750 3543 3538 
86800 3571 3561 
86850 3553 3551 
86900 3539 3533 
86950 3544 3541 
87000 3557 3547 
87050 3538 3522 
87100 3565 3519 
87150 3541 3479 
87200 3562 3476 
87250 3542 3421 
87300 3549 3411 
87350 3567 3349 
87400 3559 3305 
87450 3553 3310 
87500 3546 3301 
87550 3562 3472 
87600 3546 3522 
87650 3569 3559 
87700 3549 3541 
87750 3539 3532 
87800 3551 3539 
87850 3556 3547 
87900 3555 3544 
87950 3546 3538 
88000 3541 3527 
88050 3555 3532 
88100 3554 3500 
88150 3543 3449 
88200 3553 3411 
88250 3556 3358 
88300 3533 3345 
88350 3556 3348 
88400 3542 3324 
88450 3554 3311 
88500 3562 3289 
88550 3538 3447 
88600 3555 3537 
88650 3556 3550 
88700 3547 3540 
88750 3562 3549 
88800 3553 3540 
88850 3548 3537 
88900 3552 3538 
88950 3552 3541 
89000 3547 3543 
89050 3559 3551 
89100 3567 3537 
89150 3547 3463 
89200 3566 3431 
89250 3560 3378 
89300 3550 3328 
89350 3555 3258 
89400 3545 3197 
89450 3560 3175 
89500 3564 3150 
89550 3551 3406 
89600 3553 3525 
89650 3548 3541 
89700 3548 3541 
89750 3553 3545 
89800 3547 3542 
89850 3543 3544 
89900 3551 3540 
89950 3543 3533 
90000 3561 3543 
90050 3560 3543 
90100 3548 3500 
90150 3552 3487 
90200 3546 3460 
90250 3549 3461 
90300 3564 3428 
90350 3553 3380 
90400 3566 3359 
90450 3549 3300 
90500 3564 3288 
90550 3548 3422 
90600 3551 3510 
90650 3552 3535 
90700 3565 3556 
90750 3568 3548 
90800 3551 3540 
90850 3552 3540 
90900 3560 3551 
90950 3549 3537 
91000 3548 3537 
91050 3572 3519 
91100 3552 3463 
91150 3544 3414 
91200 3566 3434 
91250 3555 3388 
91300 3559 3377 
91350 3547 3349 
91400 3557 3317 
91450 3549 3268 
91500 3550 3247 
91550 3552 3430 
91600 3555 3516 
91650 3548 3542 
91700 3556 3542 
91750 3552 3544 
91800 3554 3549 
91850 3546 3535 
91900 3560 3548 
91950 3551 3541 
92000 3554 3542 
92050 3540 3513 
92100 3549 3498 
92150 3553 3462 
92200 3544 3402 
92250 3554 3340 
92300 3553 3352 
92350 3561 3307 
92400 3552 3283 
92450 3564 3271 
92500 3548 3181 
92550 3554 3436 
92600 3562 3536 
92650 3555 3550 
92700 3549 3542 
92750 3555 3555 
92800 3561 3556 
92850 3556 3550 
92900 3546 3536 
92950 3559 3536 
93000 3561 3551 
93050 3551 3501 
93100 3571 3479 
93150 3533 3425 
93200 3559 3425 
93250 3556 3401 
93300 3558 3358 
93350 3548 3301 
93400 3552 3274 
93450 3554 3261 
93500 3539 3224 
93550 3555 3461 
93600 3542 3512 
93650 3557 3547 
93700 3552 3544 
93750 3560 3556 
93800 3552 3549 
93850 3555 3550 
93900 3560 3544 
93950 3560 3548 
94000 3557 3549 
94050 3553 3518 
94100 3545 3495 
94150 3555 3459 
94200 3550 3422 
94250 3564 3401 
94300 3554 3356 
94350 3552 3337 
94400 3550 3255 
94450 3551 3165 
94500 3570 3147 
94550 3560 3429 
94600 3558 3536 
94650 3554 3543 
94700 3556 3555 
94750 3550 3544 
94800 3561 3551 
94850 3553 3545 
94900 3553 3542 
94950 3563 3559 
95000 3552 3544 
95050 3548 3509 
95100 3546 3488 
95150 3556 3456 
95200 3551 3434 
95250 3567 3412 
95300 3552 3343 
95350 3544 3316 
95400 3548 3274 
95450 3540 3270 
95500 3539 3219 
95550 3566 3473 
95600 3563 3538 
95650 3550 3532 
95700 3562 3552 
95750 3553 3542 
95800 3551 3535 
95850 3551 3540 
95900 3552 3539 
95950 3548 3544 
96000 3536 3524 
96050 3553 3530 
96100 3544 3484 
96150 3554 3446 
96200 3556 3412 
96250 3565 3322 
96300 3563 3305 
96350 3568 3306 
96400 3569 3265 
96450 3550 3218 
96500 3561 3206 
96550 3553 3467 
96600 3548 3528 
96650 3545 3542 
96700 3554 3551 
96750 3558 3546 
96800 3559 3554 
96850 3543 3532 
96900 3541 3525 
96950 3542 3528 
97000 3551 3545 
97050 3567 3522 
97100 3544 3485 
97150 3570 3491 
97200 3552 3402 
97250 3556 3330 
97300 3546 3271 
97350 3546 3251 
97400 3542 3224 
97450 3544 3210 
97500 3551 3174 
97550 3546 3425 
97600 3559 3555 
97650 3564 3555 
97700 3568 3557 
97750 3537 3531 
97800 3565 3558 
97850 3551 3540 
97900 3556 3551 
97950 3550 3544 
98000 3557 3545 
98050 3548 3497 
98100 3560 3450 
98150 3560 3416 
98200 3566 3424 
98250 3556 3387 
98300 3567 3316 
98350 3582 3300 
98400 3566 3230 
98450 3553 3205 
98500 3549 3122 
98550 3544 3443 
98600 3556 3544 
98650 3561 3552 
98700 3545 3536 
98750 3553 3548 
98800 3566 3554 
98850 3551 3529 
98900 3555 3544 
98950 3566 3557 
99000 3565 3556 
99050 3555 3535 
99100 3548 3476 
99150 3554 3444 
99200 3558 3433 
99250 3557 3340 
99300 3552 3243 
99350 3550 3211 
99400 3549 3194 
99450 3565 3128 
99500 3561 3075 
99550 3545 3455 
99600 3557 3536 
99650 3547 3535 
99700 3558 3543 
99750 3537 3538 
99800 3551 3537 
99850 3561 3555 
99900 3547 3538 
99950 3561 3546 
100000 3559 3547 
100050 3538 3509 
100100 3547 3481 
100150 3558 3449 
100200 3554 3399 
100250 3559 3344 
100300 3565 3337 
100350 3546 3320 
100400 3557 3283 
100450 3545 3237 
100500 3541 3144 
100550 3551 3449 
100600 3568 3551 
100650 3550 3543 
100700 3564 3551 
100750 3555 3537 
100800 3546 3543 
100850 3550 3536 
100900 3534 3522 
100950 3555 3551 
101000 3562 3557 
101050 3542 3507 
101100 3562 3499 
101150 3559 3433 
101200 3556 3358 
101250 3546 3297 
101300 3551 3258 
101350 3554 3197 
101400 3534 3262 
101450 3546 3235 
101500 3564 3182 
101550 3548 3391 
101600 3553 3524 
101650 3555 3539 
101700 3545 3533 
101750 3554 3544 
101800 3556 3534 
101850 3558 3553 
101900 3550 3554 
101950 3556 3552 
102000 3559 3550 
102050 3549 3533 
102100 3555 3478 
102150 3554 3434 
102200 3553 3420 
102250 3561 3382 
102300 3555 3379 
102350 3564 3336 
102400 3552 3254 
102450 3545 3149 
102500 3556 3120 
102550 3543 3448 
102600 3546 3527 
102650 3551 3539 
102700 3555 3550 
102750 3561 3554 
102800 3550 3544 
102850 3555 3538 
102900 3548 3523 
102950 3548 3540 
103000 3545 3532 
103050 3561 3519 
103100 3557 3443 
103150 3556 3376 
103200 3543 3355 
103250 3565 3272 
103300 3556 3203 
103350 3542 3191 
103400 3546 3116 
103450 3561 3048 
103500 3544 2900 
103550 3534 3327 
103600 3555 3522 
103650 3556 3552 
103700 3538 3523 
103750 3558 3556 
103800 3558 3559 
103850 3554 3546 
103900 3544 3534 
103950 3543 3539 
104000 3555 3550 
104050 3557 3535 
104100 3552 3480 
104150 3550 3460 
104200 3562 3376 
104250 3557 3326 
104300 3557 3290 
104350 3561 3288 
104400 3551 3176 
104450 3555 3175 
104500 3555 3113 
104550 3562 3431 
104600 3553 3533 
104650 3553 3538 
104700 3544 3541 
104750 3558 3542 
104800 3564 3561 
104850 3557 3550 
104900 3550 3532 
104950 3547 3539 
105000 3535 3533 
105050 3557 3532 
105100 3559 3494 
105150 3555 3449 
105200 3538 3406 
105250 3535 3335 
105300 3553 3315 
105350 3563 3257 
105400 3557 3231 
105450 3552 3193 
105500 3554 3127 
105550 3530 3437 
105600 3568 3560 
105650 3562 3542 
105700 3545 3544 
105750 3559 3547 
105800 3566 3560 
105850 3545 3538 
105900 3565 3542 
105950 3546 3535 
106000 3551 3542 
106050 3540 3468 
106100 3562 3431 
106150 3546 3399 
106200 3562 3358 
106250 3547 3267 
106300 3563 3259 
106350 3553 3169 
106400 3550 3176 
106450 3556 3091 
106500 3551 3086 
106550 3559 3431 
106600 3553 3522 
106650 3546 3536 
106700 3555 3549 
106750 3542 3528 
106800 3557 3541 
106850 3536 3517 
106900 3541 3519 
106950 3559 3559 
107000 3555 3544 
107050 3557 3531 
107100 3559 3497 
107150 3554 3443 
107200 3551 3445 
107250 3548 3377 
107300 3554 3389 
107350 3537 3328 
107400 3550 3295 
107450 3553 3196 
107500 3548 3165 
107550 3548 3466 
107600 3552 3543 
107650 3556 3537 
107700 3552 3541 
107750 3550 3549 
107800 3561 3553 
107850 3562 3554 
107900 3547 3540 
107950 3551 3534 
108000 3546 3532 
108050 3540 3516 
108100 3549 3482 
108150 3559 3430 
108200 3548 3360 
108250 3554 3268 
108300 3539 3221 
108350 3556 3205 
108400 3551 3191 
108450 3542 3186 
108500 3550 3157 
108550 3555 3464 
108600 3556 3535 
108650 3544 3533 
108700 3550 3530 
108750 3549 3541 
108800 3551 3547 
108850 3563 3554 
108900 3568 3554 
108950 3552 3539 
109000 3553 3540 
109050 3543 3517 
109100 3539 3452 
109150 3553 3452 
109200 3548 3387 
109250 3537 3328 
109300 3542 3324 
109350 3545 3306 
109400 3544 3252 
109450 3540 3197 
109500 3566 3186 
109550 3547 3443 
109600 3550 3540 
109650 3544 3525 
109700 3564 3552 
109750 3549 3537 
109800 3553 3524 
109850 3558 3534 
109900 3551 3537 
109950 3549 3534 
110000 3553 3542 
110050 3554 3521 
110100 3556 3489 
110150 3556 3419 
110200 3554 3385 
110250 3560 3338 
110300 3565 3318 
110350 3544 3290 
110400 3557 3297 
110450 3559 3277 
110500 3553 3180 
110550 3564 3483 
110600 3552 3532 
110650 3548 3540 
110700 3553 3557 
110750 3560 3552 
110800 3563 3550 
110850 3538 3525 
110900 3546 3528 
110950 3561 3547 
111000 3568 3545 
111050 3558 3514 
111100 3562 3481 
111150 3555 3437 
111200 3557 3405 
111250 3565 3387 
111300 3556 3361 
111350 3559 3326 
111400 3563 3380 
111450 3551 3306 
111500 3561 3276 
111550 3550 3492 
111600 3527 3518 
111650 3546 3537 
111700 3550 3547 
111750 3553 3541 
111800 3562 3554 
111850 3562 3547 
111900 3553 3545 
111950 3548 3534 
112000 3551 3540 
112050 3542 3515 
112100 3563 3497 
112150 3559 3440 
112200 3558 3428 
112250 3544 3378 
112300 3554 3354 
112350 3541 3253 
112400 3553 3225 
112450 3562 3202 
112500 3553 3186 
112550 3553 3451 
112600 3552 3529 
112650 3563 3557 
112700 3555 3548 
112750 3555 3533 
112800 3567 3560 
112850 3551 3545 
112900 3550 3541 
112950 3544 3538 
113000 3564 3550 
113050 3548 3512 
113100 3566 3470 
113150 3548 3420 
113200 3546 3416 
113250 3551 3392 
113300 3552 3337 
113350 3559 3285 
113400 3550 3245 
113450 3547 3203 
113500 3566 3194 
113550 3538 3436 
113600 3544 3530 
113650 3557 3543 
113700 3551 3548 
113750 3556 3550 
113800 3555 3551 
113850 3563 3557 
113900 3559 3557 
113950 3550 3531 
114000 3574 3558 
114050 3549 3516 
114100 3558 3473 
114150 3552 3414 
114200 3553 3392 
114250 3551 3375 
114300 3557 3347 
114350 3542 3272 
114400 3554 3231 
114450 3556 3219 
114500 3546 3154 
114550 3550 3437 
114600 3557 3538 
114650 3558 3545 
114700 3546 3535 
114750 3566 3559 
114800 3567 3553 
114850 3564 3558 
114900 3553 3543 
114950 3556 3543 
115000 3544 3538 
115050 3552 3523 
115100 3546 3471 
115150 3553 3459 
115200 3567 3444 
115250 3559 3408 
115300 3563 3371 
115350 3549 3336 
115400 3564 3316 
115450 3550 3240 
115500 3568 3277 
115550 3546 3467 
115600 3554 3533 
115650 3554 3550 
115700 3563 3548 
115750 3562 3547 
115800 3556 3542 
115850 3553 3541 
115900 3559 3557 
115950 3559 3548 
116000 3549 3537 
116050 3563 3536 
116100 3566 3512 
116150 3565 3485 
116200 3555 3447 
116250 3543 3423 
116300 3547 3384 
116350 3561 3373 
116400 3542 3329 
116450 3557 3263 
116500 3548 3242 
116550 3557 3458 
116600 3542 3538 
116650 3535 3519 
116700 3561 3543 
116750 3546 3538 
116800 3555 3553 
116850 3552 3541 
116900 3549 3539 
116950 3559 3548 
117000 3553 3544 
117050 3552 3513 
117100 3566 3516 
117150 3565 3485 
117200 3539 3384 
117250 3549 3348 
117300 3559 3311 
117350 3571 3294 
117400 3556 3201 
117450 3559 3162 
117500 3564 3110 
117550 3556 3410 
117600 3548 3524 
117650 3538 3526 
117700 3566 3560 
117750 3542 3532 
117800 3556 3546 
117850 3554 3538 
117900 3569 3561 
117950 3555 3549 
118000 3566 3557 
118050 3544 3526 
118100 3571 3508 
118150 3560 3409 
118200 3563 3350 
118250 3562 3330 
118300 3555 3287 
118350 3559 3233 
118400 3551 3231 
118450 3560 3184 
118500 3541 3177 
118550 3537 3432 
118600 3547 3525 
118650 3556 3550 
118700 3554 3549 
118750 3552 3542 
118800 3550 3544 
118850 3563 3547 
118900 3562 3554 
118950 3549 3543 
119000 3550 3537 
119050 3565 3525 
119100 3559 3477 
119150 3554 3443 
119200 3564 3444 
119250 3566 3428 
119300 3548 3400 
119350 3553 3385 
119400 3550 3332 
119450 3541 3278 
119500 3553 3222 
119550 3557 3476 
119600 3550 3537 
119650 3545 3531 
119700 3562 3552 
119750 3550 3540 
119800 3565 3545 
119850 3548 3538 
119900 3553 3550 
119950 3553 3547 
120000 3554 3557 
120050 3556 3524 
120100 3559 3470 
120150 3560 3434 
120200 3560 3367 
120250 3551 3335 
120300 3549 3296 
120350 3563 3256 
120400 3543 3210 
120450 3559 3169 
120500 3565 3197 
120550 3551 3453 
120600 3553 3545 
120650 3557 3550 
120700 3549 3540 
120750 3563 3545 
120800 3552 3538 
120850 3543 3537 
120900 3565 3552 
120950 3548 3539 
121000 3545 3541 
121050 3550 3522 
121100 3563 3489 
121150 3546 3465 
121200 3559 3445 
121250 3555 3401 
121300 3535 3375 
121350 3543 3369 
121400 3558 3341 
121450 3541 3352 
121500 3542 3352 
121550 3547 3520 
121600 3556 3552 
121650 3555 3555 
121700 3554 3550 
121750 3551 3555 
121800 3565 3554 
121850 3553 3546 
121900 3553 3540 
121950 3562 3550 
122000 3561 3556 
122050 3556 3532 
122100 3551 3502 
122150 3550 3459 
122200 3530 3427 
122250 3544 3414 
122300 3547 3347 
122350 3546 3307 
122400 3544 3289 
122450 3540 3328 
122500 3560 3303 
122550 3538 3441 
122600 3556 3533 
122650 3544 3533 
122700 3559 3551 
122750 3561 3555 
122800 3548 3532 
122850 3553 3553 
122900 3563 3548 
122950 3551 3542 
123000 3543 3523 
123050 3551 3519 
123100 3561 3481 
123150 3551 3445 
123200 3551 3362 
123250 3545 3315 
123300 3541 3282 
123350 3553 3235 
123400 3552 3203 
123450 3564 3202 
123500 3561 3152 
123550 3537 3428 
123600 3546 3530 
123650 3551 3549 
123700 3548 3543 
123750 3561 3557 
123800 3565 3558 
123850 3548 3539 
123900 3558 3541 
123950 3554 3543 
124000 3565 3559 
124050 3539 3510 
124100 3544 3471 
124150 3559 3451 
124200 3546 3386 
124250 3563 3378 
124300 3568 3329 
124350 3553 3263 
124400 3560 3260 
124450 3557 3276 
124500 3559 3289 
124550 3542 3467 
124600 3552 3539 
124650 3564 3550 
124700 3558 3545 
124750 3564 3546 
124800 3549 3537 
124850 3539 3529 
124900 3564 3553 
124950 3552 3546 
125000 3559 3556 
125050 3540 3512 
125100 3560 3456 
125150 3544 3426 
125200 3556 3379 
125250 3555 3376 
125300 3549 3295 
125350 3554 3230 
125400 3561 3139 
125450 3560 3118 
125500 3565 3093 
125550 3559 3443 
125600 3558 3540 
125650 3549 3543 
125700 3553 3547 
125750 3560 3555 
125800 3564 3552 
125850 3559 3545 
125900 3557 3551 
125950 3547 3550 
126000 3540 3541 
126050 3560 3537 
126100 3545 3448 
126150 3558 3448 
126200 3552 3433 
126250 3544 3415 
126300 3556 3375 
126350 3547 3343 
126400 3556 3324 
126450 3547 3309 
126500 3559 3254 
126550 3544 3484 
126600 3554 3543 
126650 3552 3548 
126700 3549 3536 
126750 3554 3542 
126800 3572 3554 
126850 3564 3556 
126900 3566 3562 
126950 3553 3544 
127000 3535 3523 
127050 3551 3497 
127100 3562 3455 
127150 3563 3430 
127200 3553 3410 
127250 3558 3372 
127300 3544 3333 
127350 3557 3298 
127400 3554 3255 
127450 3550 3241 
127500 3562 3292 
127550 3547 3499 
127600 3562 3550 
127650 3567 3564 
127700 3565 3564 
127750 3560 3546 
127800 3554 3545 
127850 3550 3543 
127900 3550 3542 
127950 3553 3543 
128000 3539 3541 
128050 3549 3526 
128100 3546 3483 
128150 3549 3434 
128200 3542 3363 
128250 3563 3396 
128300 3562 3312 
128350 3554 3286 
128400 3549 3191 
128450 3567 3148 
128500 3551 3103 
128550 3556 3380 
128600 3551 3494 
128650 3554 3538 
128700 3546 3532 
128750 3549 3540 
128800 3558 3545 
128850 3554 3545 
128900 3546 3527 
128950 3573 3558 
129000 3543 3537 
129050 3549 3518 
129100 3557 3499 
129150 3564 3481 
129200 3558 3430 
129250 3552 3353 
129300 3547 3352 
129350 3555 3343 
129400 3543 3302 
129450 3543 3274 
129500 3547 3244 
129550 3550 3496 
129600 3557 3550 
129650 3558 3552 
129700 3560 3552 
129750 3550 3539 
129800 3545 3539 
129850 3543 3530 
129900 3551 3539 
129950 3565 3553 
130000 3546 3527 
130050 3549 3518 
130100 3555 3505 
130150 3565 3464 
130200 3551 3446 
130250 3557 3424 
130300 3563 3417 
130350 3556 3311 
130400 3553 3267 
130450 3534 3223 
130500 3554 3209 
130550 3558 3413 
130600 3540 3512 
130650 3558 3541 
130700 3556 3549 
130750 3557 3553 
130800 3567 3555 
130850 3561 3565 
130900 3547 3539 
130950 3556 3549 
131000 3546 3530 
131050 3553 3520 
131100 3571 3522 
131150 3549 3469 
131200 3564 3467 
131250 3562 3408 
131300 3549 3403 
131350 3552 3365 
131400 3550 3327 
131450 3542 3202 
131500 3553 3138 
131550 3554 3426 
131600 3564 3545 
131650 3559 3550 
131700 3572 3564 
131750 3559 3545 
131800 3566 3553 
131850 3547 3547 
131900 3558 3554 
131950 3551 3544 
132000 3554 3539 
132050 3550 3524 
132100 3565 3490 
132150 3533 3374 
132200 3551 3384 
132250 3559 3328 
132300 3561 3266 
132350 3557 3179 
132400 3559 3124 
132450 3556 3097 
132500 3560 3074 
132550 3531 3406 
132600 3546 3529 
132650 3564 3562 
132700 3554 3541 
132750 3553 3542 
132800 3557 3549 
132850 3551 3546 
132900 3552 3544 
132950 3557 3539 
133000 3565 3551 
133050 3556 3523 
133100 3541 3449 
133150 3540 3403 
133200 3546 3359 
133250 3550 3305 
133300 3554 3289 
133350 3548 3251 
133400 3547 3219 
133450 3551 3186 
133500 3546 3178 
133550 3555 3474 
133600 3561 3542 
133650 3557 3551 
133700 3556 3544 
133750 3561 3552 
133800 3565 3556 
133850 3563 3545 
133900 3554 3540 
133950 3546 3538 
134000 3553 3544 
134050 3563 3521 
134100 3562 3486 
134150 3547 3443 
134200 3542 3386 
134250 3555 3368 
134300 3555 3347 
134350 3556 3278 
134400 3546 3277 
134450 3549 3255 
134500 3563 3266 
134550 3560 3483 
134600 3552 3538 
134650 3570 3553 
134700 3549 3535 
134750 3563 3551 
134800 3554 3545 
134850 3570 3558 
134900 3553 3539 
134950 3559 3541 
135000 3559 3543 
135050 3549 3503 
135100 3552 3461 
135150 3549 3419 
135200 3550 3377 
135250 3566 3373 
135300 3551 3270 
135350 3562 3243 
135400 3542 3177 
135450 3551 3200 
135500 3541 3105 
135550 3551 3451 
135600 3549 3542 
135650 3559 3550 
135700 3567 3557 
135750 3553 3548 
135800 3560 3547 
135850 3550 3543 
135900 3549 3533 
135950 3547 3534 
136000 3557 3550 
136050 3539 3524 
136100 3548 3514 
136150 3562 3469 
136200 3542 3398 
136250 3544 3331 
136300 3547 3300 
136350 3536 3237 
136400 3557 3204 
136450 3556 3243 
136500 3548 3217 
136550 3544 3459 
136600 3551 3533 
136650 3555 3545 
136700 3558 3550 
136750 3547 3537 
136800 3558 3544 
136850 3548 3547 
136900 3550 3542 
136950 3552 3541 
137000 3563 3546 
137050 3552 3516 
137100 3556 3493 
137150 3561 3446 
137200 3565 3434 
137250 3545 3431 
137300 3549 3377 
137350 3551 3349 
137400 3554 3316 
137450 3563 3317 
137500 3556 3284 
137550 3557 3475 
137600 3556 3532 
137650 3540 3529 
137700 3548 3535 
137750 3551 3534 
137800 3562 3548 
137850 3553 3544 
137900 3552 3547 
137950 3559 3545 
138000 3570 3563 
138050 3552 3513 
138100 3553 3487 
138150 3545 3439 
138200 3553 3403 
138250 3565 3368 
138300 3550 3300 
138350 3554 3284 
138400 3569 3248 
138450 3540 3173 
138500 3561 3149 
138550 3555 3413 
138600 3554 3521 
138650 3569 3555 
138700 3543 3540 
138750 3558 3539 
138800 3568 3561 
138850 3556 3546 
138900 3544 3542 
138950 3553 3546 
139000 3554 3537 
139050 3551 3520 
139100 3547 3473 
139150 3548 3404 
139200 3562 3361 
139250 3565 3320 
139300 3554 3282 
139350 3557 3247 
139400 3553 3199 
139450 3546 3084 
139500 3558 2970 
139550 3541 3382 
139600 3551 3525 
139650 3556 3546 
139700 3557 3544 
139750 3554 3540 
139800 3556 3541 
139850 3567 3558 
139900 3546 3535 
139950 3549 3545 
140000 3547 3534 
140050 3553 3510 
140100 3554 3494 
140150 3557 3484 
140200 3558 3478 
140250 3539 3433 
140300 3535 3427 
140350 3545 3373 
140400 3546 3316 
140450 3549 3296 
140500 3554 3291 
140550 3551 3481 
140600 3545 3527 
140650 3553 3543 
140700 3566 3548 
140750 3554 3545 
140800 3557 3561 
140850 3564 3552 
140900 3557 3556 
140950 3558 3552 
141000 3570 3559 
141050 3567 3524 
141100 3564 3502 
141150 3560 3457 
141200 3548 3401 
141250 3553 3336 
141300 3557 3325 
141350 3553 3329 
141400 3552 3314 
141450 3553 3268 
141500 3553 3200 
141550 3562 3491 
141600 3556 3541 
141650 3568 3556 
141700 3561 3542 
141750 3544 3532 
141800 3561 3552 
141850 3554 3547 
141900 3546 3531 
141950 3555 3551 
142000 3560 3538 
142050 3562 3512 
142100 3545 3448 
142150 3562 3444 
142200 3557 3382 
142250 3543 3349 
142300 3544 3338 
142350 3571 3346 
142400 3543 3282 
142450 3554 3254 
142500 3555 3257 
142550 3532 3440 
142600 3546 3527 
142650 3552 3545 
142700 3543 3526 
142750 3557 3545 
142800 3559 3548 
142850 3555 3542 
142900 3550 3533 
142950 3537 3522 
143000 3546 3528 
143050 3551 3518 
143100 3554 3471 
143150 3549 3430 
143200 3566 3398 
143250 3546 3327 
143300 3542 3333 
143350 3548 3333 
143400 3562 3261 
143450 3554 3212 
143500 3540 3165 
143550 3546 3435 
143600 3556 3540 
143650 3561 3545 
143700 3546 3531 
143750 3560 3553 
143800 3553 3544 
143850 3545 3533 
143900 3544 3538 
143950 3539 3528 
144000 3542 3538 
144050 3538 3520 
144100 3556 3483 
144150 3556 3441 
144200 3557 3373 
144250 3555 3337 
144300 3558 3354 
144350 3552 3332 
144400 3558 3268 
144450 3572 3253 
144500 3551 3199 
144550 3547 3456 
144600 3564 3557 
144650 3549 3532 
144700 3538 3530 
144750 3556 3544 
144800 3558 3553 
144850 3560 3550 
144900 3573 3558 
144950 3561 3548 
145000 3564 3561 
145050 3549 3523 
145100 3545 3488 
145150 3563 3446 
145200 3559 3367 
145250 3549 3281 
145300 3551 3246 
145350 3541 3221 
145400 3546 3171 
145450 3560 3080 
145500 3561 3054 
145550 3557 3435 
145600 3548 3528 
145650 3556 3536 
145700 3548 3543 
145750 3552 3546 
145800 3560 3549 
145850 3557 3545 
145900 3556 3548 
145950 3558 3546 
146000 3561 3547 
146050 3558 3534 
146100 3542 3483 
146150 3560 3471 
146200 3552 3423 
146250 3551 3392 
146300 3556 3386 
146350 3566 3363 
146400 3555 3318 
146450 3548 3238 
146500 3540 3190 
146550 3555 3472 
146600 3554 3534 
146650 3541 3542 
146700 3557 3551 
146750 3560 3549 
146800 3562 3551 
146850 3542 3541 
146900 3546 3537 
146950 3560 3552 
147000 3555 3540 
147050 3557 3515 
147100 3558 3515 
147150 3556 3472 
147200 3550 3442 
147250 3541 3372 
147300 3543 3346 
147350 3544 3303 
147400 3561 3211 
147450 3559 3172 
147500 3567 3149 
147550 3550 3443 
147600 3551 3529 
147650 3558 3551 
147700 3557 3548 
147750 3555 3534 
147800 3552 3555 
147850 3574 3561 
147900 3551 3546 
147950 3550 3542 
148000 3538 3543 
148050 3542 3528 
148100 3554 3474 
148150 3555 3425 
148200 3543 3366 
148250 3565 3361 
148300 3545 3281 
148350 3557 3252 
148400 3556 3231 
148450 3545 3255 
148500 3557 3275 
148550 3552 3485 
148600 3551 3535 
148650 3550 3540 
148700 3551 3539 
148750 3554 3547 
148800 3563 3555 
148850 3560 3554 
148900 3562 3551 
148950 3574 3567 
149000 3563 3549 
149050 3550 3523 
149100 3560 3458 
149150 3545 3408 
149200 3558 3377 
149250 3566 3367 
149300 3553 3266 
149350 3560 3153 
149400 3554 3105 
149450 3549 3060 
149500 3536 3004 
149550 3559 3378 
149600 3566 3525 
149650 3554 3541 
149700 3564 3549 
149750 3550 3543 
149800 3563 3555 
149850 3557 3550 
149900 3560 3550 
149950 3554 3552 
150000 3553 3549 
150050 3555 3526 
150100 3562 3506 
150150 3557 3436 
150200 3550 3375 
150250 3555 3337 
150300 3558 3308 
150350 3551 3298 
150400 3543 3229 
150450 3555 3205 
150500 3545 3115 
150550 3538 3462 
150600 3552 3532 
150650 3569 3555 
150700 3555 3540 
150750 3542 3539 
150800 3550 3543 
150850 3554 3546 
150900 3560 3564 
150950 3553 3540 
151000 3541 3534 
151050 3547 3528 
151100 3554 3504 
151150 3557 3487 
151200 3559 3452 
151250 3559 3421 
151300 3557 3368 
151350 3544 3275 
151400 3553 3265 
151450 3558 3213 
151500 3564 3143 
151550 3554 3439 
151600 3560 3543 
151650 3555 3548 
151700 3552 3536 
151750 3557 3551 
151800 3560 3563 
151850 3543 3532 
151900 3552 3532 
151950 3559 3550 
152000 3550 3538 
152050 3544 3530 
152100 3568 3509 
152150 3554 3471 
152200 3571 3432 
152250 3542 3370 
152300 3556 3320 
152350 3558 3244 
152400 3564 3209 
152450 3556 3136 
152500 3545 3088 
152550 3551 3424 
152600 3558 3533 
152650 3534 3532 
152700 3541 3534 
152750 3546 3541 
152800 3566 3566 
152850 3551 3543 
152900 3546 3534 
152950 3563 3561 
153000 3555 3553 
153050 3554 3519 
153100 3534 3461 
153150 3536 3429 
153200 3551 3430 
153250 3561 3408 
153300 3548 3335 
153350 3554 3320 
153400 3560 3285 
153450 3553 3240 
153500 3544 3146 
153550 3553 3421 
153600 3554 3530 
153650 3566 3546 
153700 3545 3543 
153750 3564 3550 
153800 3545 3546 
153850 3562 3554 
153900 3558 3540 
153950 3564 3548 
154000 3557 3545 
154050 3554 3507 
154100 3553 3461 
154150 3554 3395 
154200 3549 3314 
154250 3558 3346 
154300 3565 3361 
154350 3555 3329 
154400 3554 3270 
154450 3559 3271 
154500 3553 3220 
154550 3553 3440 
154600 3558 3550 
154650 3545 3525 
154700 3554 3544 
154750 3560 3561 
154800 3542 3544 
154850 3555 3544 
154900 3561 3554 
154950 3557 3550 
155000 3559 3544 
155050 3567 3521 
155100 3551 3465 
155150 3542 3409 
155200 3539 3349 
155250 3552 3272 
155300 3546 3185 
155350 3547 3197 
155400 3552 3165 
155450 3553 3168 
155500 3565 3079 
155550 3554 3440 
155600 3549 3537 
155650 3553 3547 
155700 3562 3544 
155750 3551 3542 
155800 3551 3525 
155850 3548 3521 
155900 3561 3545 
155950 3554 3542 
156000 3561 3548 
156050 3571 3519 
156100 3561 3461 
156150 3551 3418 
156200 3550 3360 
156250 3557 3317 
156300 3554 3228 
156350 3563 3220 
156400 3558 3154 
156450 3553 3057 
156500 3541 3018 
156550 3559 3417 
156600 3543 3514 
156650 3560 3553 
156700 3574 3565 
156750 3575 3559 
156800 3557 3543 
156850 3555 3545 
156900 3559 3547 
156950 3552 3545 
157000 3566 3547 
157050 3565 3526 
157100 3574 3479 
157150 3551 3373 
157200 3561 3311 
157250 3544 3304 
157300 3548 3229 
157350 3559 3221 
157400 3572 3180 
157450 3557 3196 
157500 3561 3217 
157550 3570 3478 
157600 3561 3547 
157650 3555 3540 
157700 3554 3537 
157750 3570 3552 
157800 3565 3559 
157850 3558 3551 
157900 3552 3541 
157950 3552 3532 
158000 3563 3555 
158050 3560 3530 
158100 3554 3468 
158150 3545 3371 
158200 3555 3333 
158250 3551 3328 
158300 3560 3286 
158350 3565 3232 
158400 3541 3149 
158450 3573 3082 
158500 3562 3040 
158550 3553 3404 
158600 3563 3532 
158650 3559 3550 
158700 3555 3543 
158750 3553 3539 
158800 3551 3547 
158850 3554 3537 
158900 3568 3565 
158950 3552 3543 
159000 3558 3542 
159050 3543 3494 
159100 3559 3481 
159150 3554 3427 
159200 3548 3382 
159250 3566 3328 
159300 3549 3240 
159350 3560 3228 
159400 3568 3165 
159450 3562 3110 
159500 3556 3035 
159550 3531 3421 
159600 3572 3564 
159650 3555 3546 
159700 3554 3546 
159750 3547 3541 
159800 3568 3566 
159850 3555 3549 
159900 3562 3559 
159950 3559 3548 
160000 3554 3539 
160050 3553 3496 
160100 3542 3447 
160150 3551 3416 
160200 3551 3400 
160250 3553 3326 
160300 3562 3291 
160350 3561 3209 
160400 3558 3180 
160450 3558 3130 
160500 3557 3151 
160550 3539 3433 
160600 3549 3537 
160650 3550 3543 
160700 3561 3560 
160750 3561 3556 
160800 3549 3546 
160850 3567 3568 
160900 3554 3548 
160950 3560 3553 
161000 3559 3558 
161050 3553 3540 
161100 3550 3493 
161150 3559 3468 
161200 3543 3361 
161250 3554 3336 
161300 3558 3294 
161350 3558 3244 
161400 3569 3232 
161450 3562 3145 
161500 3562 3101 
161550 3552 3432 
161600 3554 3541 
161650 3549 3550 
161700 3541 3534 
161750 3543 3548 
161800 3559 3552 
161850 3554 3548 
161900 3543 3527 
161950 3558 3538 
162000 3552 3547 
162050 3559 3542 
162100 3563 3474 
162150 3559 3440 
162200 3553 3392 
162250 3559 3354 
162300 3564 3334 
162350 3549 3268 
162400 3552 3254 
162450 3545 3153 
162500 3546 3210 
162550 3554 3492 
162600 3562 3547 
162650 3558 3546 
162700 3552 3545 
162750 3568 3562 
162800 3560 3552 
162850 3543 3534 
162900 3566 3551 
162950 3557 3545 
163000 3562 3560 
163050 3553 3518 
163100 3555 3502 
163150 3553 3427 
163200 3561 3428 
163250 3554 3414 
163300 3554 3414 
163350 3559 3361 
163400 3560 3325 
163450 3564 3295 
163500 3560 3295 
163550 3562 3482 
163600 3546 3540 
163650 3557 3541 
163700 3563 3551 
163750 3568 3557 
163800 3544 3540 
163850 3551 3542 
163900 3557 3549 
163950 3553 3552 
164000 3535 3537 
164050 3557 3498 
164100 3540 3457 
164150 3544 3420 
164200 3558 3397 
164250 3558 3339 
164300 3547 3208 
164350 3555 3208 
164400 3560 3198 
164450 3568 3182 
164500 3566 3162 
164550 3560 3460 
164600 3557 3541 
164650 3563 3558 
164700 3535 3536 
164750 3543 3533 
164800 3547 3529 
164850 3552 3542 
164900 3563 3559 
164950 3555 3546 
165000 3547 3542 
165050 3548 3531 
165100 3553 3496 
165150 3553 3451 
165200 3554 3401 
165250 3557 3323 
165300 3550 3287 
165350 3544 3301 
165400 3549 3241 
165450 3544 3229 
165500 3553 3210 
165550 3558 3480 
165600 3539 3526 
165650 3547 3544 
165700 3557 3552 
165750 3550 3551 
165800 3555 3557 
165850 3560 3558 
165900 3561 3547 
165950 3550 3553 
166000 3547 3542 
166050 3557 3545 
166100 3554 3482 
166150 3556 3425 
166200 3547 3408 
166250 3548 3377 
166300 3546 3331 
166350 3555 3313 
166400 3552 3282 
166450 3542 3263 
166500 3541 3234 
166550 3540 3454 
166600 3573 3560 
166650 3561 3549 
166700 3552 3553 
166750 3555 3536 
166800 3570 3561 
166850 3535 3536 
166900 3554 3552 
166950 3551 3551 
167000 3551 3548 
167050 3556 3550 
167100 3572 3528 
167150 3556 3487 
167200 3544 3384 
167250 3538 3391 
167300 3554 3402 
167350 3561 3354 
167400 3557 3352 
167450 3555 3318 
167500 3549 3207 
167550 3545 3449 
167600 3559 3538 
167650 3553 3543 
167700 3548 3540 
167750 3555 3554 
167800 3541 3531 
167850 3544 3535 
167900 3569 3565 
167950 3558 3549 
168000 3545 3543 
168050 3556 3527 
168100 3565 3500 
168150 3554 3446 
168200 3552 3419 
168250 3543 3397 
168300 3536 3374 
168350 3550 3312 
168400 3552 3280 
168450 3552 3245 
168500 3559 3254 
168550 3541 3481 
168600 3547 3535 
168650 3556 3538 
168700 3537 3531 
168750 3554 3546 
168800 3555 3549 
168850 3536 3541 
168900 3550 3542 
168950 3561 3564 
169000 3553 3548 
169050 3552 3518 
169100 3549 3443 
169150 3545 3429 
169200 3549 3365 
169250 3555 3344 
169300 3552 3325 
169350 3548 3291 
169400 3563 3274 
169450 3561 3254 
169500 3548 3182 
169550 3525 3428 
169600 3566 3546 
169650 3551 3543 
169700 3551 3543 
169750 3537 3535 
169800 3533 3528 
169850 3548 3535 
169900 3541 3526 
169950 3556 3547 
170000 3546 3549 
170050 3567 3550 
170100 3557 3500 
170150 3552 3464 
170200 3551 3441 
170250 3563 3403 
170300 3553 3393 
170350 3561 3341 
170400 3568 3298 
170450 3552 3244 
170500 3546 3172 
170550 3555 3459 
170600 3542 3530 
170650 3551 3546 
170700 3557 3551 
170750 3557 3541 
170800 3553 3538 
170850 3551 3548 
170900 3572 3570 
170950 3541 3537 
171000 3551 3542 
171050 3543 3515 
171100 3566 3500 
171150 3576 3482 
171200 3556 3447 
171250 3559 3419 
171300 3541 3365 
171350 3545 3348 
171400 3550 3275 
171450 3554 3203 
171500 3555 3124 
171550 3561 3459 
171600 3550 3539 
171650 3538 3539 
171700 3547 3542 
171750 3554 3549 
171800 3557 3541 
171850 3541 3537 
171900 3556 3540 
171950 3562 3547 
172000 3554 3555 
172050 3562 3537 
172100 3542 3509 
172150 3552 3502 
172200 3556 3467 
172250 3547 3436 
172300 3556 3427 
172350 3561 3369 
172400 3548 3288 
172450 3555 3255 
172500 3558 3207 
172550 3559 3450 
172600 3556 3529 
172650 3552 3544 
172700 3561 3550 
172750 3556 3548 
172800 3548 3549 
172850 3555 3546 
172900 3548 3539 
172950 3562 3549 
173000 3556 3541 
173050 3557 3509 
173100 3553 3506 
173150 3549 3470 
173200 3547 3446 
173250 3548 3390 
173300 3544 3422 
173350 3552 3399 
173400 3567 3362 
173450 3553 3311 
173500 3556 3268 
173550 3556 3472 
173600 3544 3531 
173650 3545 3547 
173700 3552 3556 
173750 3549 3542 
173800 3561 3561 
173850 3549 3540 
173900 3560 3562 
173950 3557 3552 
174000 3562 3546 
174050 3553 3529 
174100 3564 3519 
174150 3571 3524 
174200 3556 3457 
174250 3565 3412 
174300 3553 3353 
174350 3559 3306 
174400 3563 3274 
174450 3562 3294 
174500 3532 3297 
174550 3552 3475 
174600 3572 3555 
174650 3551 3542 
174700 3556 3550 
174750 3555 3551 
174800 3549 3536 
174850 3556 3551 
174900 3539 3539 
174950 3547 3532 
175000 3551 3541 
175050 3554 3510 
175100 3563 3480 
175150 3539 3439 
175200 3568 3400 
175250 3524 3373 
175300 3550 3394 
175350 3556 3338 
175400 3538 3318 
175450 3539 3278 
175500 3544 3217 
175550 3526 3443 
175600 3565 3552 
175650 3554 3541 
175700 3552 3540 
175750 3564 3555 
175800 3563 3540 
175850 3549 3535 
175900 3550 3545 
175950 3559 3555 
176000 3560 3555 
176050 3553 3515 
176100 3564 3514 
176150 3548 3403 
176200 3565 3354 
176250 3557 3316 
176300 3556 3266 
176350 3566 3249 
176400 3561 3203 
176450 3550 3223 
176500 3549 3152 
176550 3559 3456 
176600 3550 3525 
176650 3545 3541 
176700 3562 3559 
176750 3549 3546 
176800 3557 3552 
176850 3555 3549 
176900 3549 3540 
176950 3557 3550 
177000 3556 3547 
177050 3539 3500 
177100 3551 3437 
177150 3551 3417 
177200 3538 3353 
177250 3550 3311 
177300 3544 3274 
177350 3555 3243 
177400 3541 3214 
177450 3554 3232 
177500 3546 3162 
177550 3554 3456 
177600 3559 3538 
177650 3553 3545 
177700 3554 3535 
177750 3546 3542 
177800 3556 3534 
177850 3550 3537 
177900 3569 3560 
177950 3551 3536 
178000 3565 3553 
178050 3570 3535 
178100 3546 3461 
178150 3549 3413 
178200 3547 3383 
178250 3539 3353 
178300 3554 3316 
178350 3557 3289 
178400 3567 3237 
178450 3554 3213 
178500 3540 3169 
178550 3542 3429 
178600 3541 3518 
178650 3556 3534 
178700 3550 3550 
178750 3556 3542 
178800 3555 3532 
178850 3543 3532 
178900 3548 3527 
178950 3544 3539 
179000 3553 3541 
179050 3559 3515 
179100 3553 3466 
179150 3563 3450 
179200 3551 3387 
179250 3556 3305 
179300 3550 3248 
179350 3558 3186 
179400 3547 3117 
179450 3562 3095 
179500 3556 3048 
179550 3563 3399 
179600 3550 3531 
179650 3556 3552 
179700 3542 3537 
179750 3555 3545 
179800 3553 3536 
179850 3551 3537 
179900 3565 3552 
179950 3554 3535 
180000 3555 3541 
180050 3558 3509 
180100 3558 3468 
180150 3549 3403 
180200 3542 3335 
180250 3538 3283 
180300 3563 3251 
180350 3562 3231 
180400 3572 3152 
180450 3556 3111 
180500 3557 3055 
180550 3553 3422 
180600 3550 3522 
180650 3549 3534 
180700 3557 3548 
180750 3551 3543 
180800 3563 3543 
180850 3560 3539 
180900 3559 3543 
180950 3551 3546 
181000 3554 3531 
181050 3561 3493 
181100 3554 3438 
181150 3553 3374 
181200 3551 3337 
181250 3563 3304 
181300 3551 3251 
181350 3556 3185 
181400 3557 3139 
181450 3551 3056 
181500 3558 3027 
181550 3555 3418 
181600 3540 3507 
181650 3562 3551 
181700 3565 3565 
181750 3565 3546 
181800 3535 3523 
181850 3559 3537 
181900 3559 3538 
181950 3547 3532 
182000 3535 3528 
182050 3541 3474 
182100 3553 3435 
182150 3551 3385 
182200 3566 3400 
182250 3562 3364 
182300 3537 3274 
182350 3556 3252 
182400 3556 3203 
182450 3544 3112 
182500 3553 3103 
182550 3552 3448 
182600 3547 3516 
182650 3545 3532 
182700 3563 3536 
182750 3555 3524 
182800 3550 3542 
182850 3556 3542 
182900 3570 3551 
182950 3580 3555 
183000 3557 3543 
183050 3555 3487 
183100 3554 3437 
183150 3552 3383 
183200 3544 3363 
183250 3559 3302 
183300 3569 3317 
183350 3556 3227 
183400 3552 3149 
183450 3556 3126 
183500 3566 3052 
183550 3565 3447 
183600 3551 3519 
183650 3558 3537 
183700 3559 3541 
183750 3568 3542 
183800 3545 3536 
183850 3550 3526 
183900 3559 3548 
183950 3558 3544 
184000 3560 3529 
184050 3566 3495 
184100 3555 3415 
184150 3560 3352 
184200 3561 3326 
184250 3547 3272 
184300 3564 3193 
184350 3562 3160 
184400 3553 3077 
184450 3546 3082 
184500 3568 3027 
184550 3548 3422 
184600 3567 3542 
184650 3559 3548 
184700 3561 3535 
184750 3572 3547 
184800 3552 3540 
184850 3558 3532 
184900 3555 3538 
184950 3557 3537 
185000 3554 3542 
185050 3556 3489 
185100 3558 3412 
185150 3559 3367 
185200 3563 3347 
185250 3558 3346 
185300 3562 3268 
185350 3546 3222 
185400 3555 3139 
185450 3542 3037 
185500 3559 2969 
185550 3555 3438 
185600 3549 3524 
185650 3558 3529 
185700 3548 3543 
185750 3547 3531 
185800 3553 3547 
185850 3564 3541 
185900 3551 3527 
185950 3559 3542 
186000 3553 3537 
186050 3532 3456 
186100 3576 3427 
186150 3552 3355 
186200 3542 3258 
186250 3547 3220 
186300 3565 3250 
186350 3562 3134 
186400 3561 3041 
186450 3558 3022 
186500 3548 2920 
186550 3552 3357 
186600 3552 3528 
186650 3562 3536 
186700 3563 3541 
186750 3562 3541 
186800 3552 3524 
186850 3558 3524 
186900 3547 3527 
186950 3547 3528 
187000 3563 3538 
187050 3561 3494 
187100 3542 3392 
187150 3562 3312 
187200 3554 3277 
187250 3552 3190 
187300 3564 3165 
187350 3566 3110 
187400 3562 3067 
187450 3558 3064 
187500 3558 2997 
187550 3551 3396 
187600 3549 3510 
187650 3559 3537 
187700 3548 3523 
187750 3556 3529 
187800 3546 3520 
187850 3557 3539 
187900 3550 3523 
187950 3555 3528 
188000 3558 3521 
188050 3563 3462 
188100 3550 3429 
188150 3554 3395 
188200 3551 3342 
188250 3561 3302 
188300 3559 3234 
188350 3561 3187 
188400 3554 3064 
188450 3556 2912 
188500 3568 2923 
188550 3565 3400 
188600 3553 3524 
188650 3562 3540 
188700 3553 3537 
188750 3553 3518 
188800 3552 3533 
188850 3547 3524 
188900 3547 3535 
188950 3559 3543 
189000 3553 3533 
189050 3537 3452 
189100 3548 3397 
189150 3549 3377 
189200 3554 3309 
189250 3533 3254 
189300 3551 3151 
189350 3545 3109 
189400 3571 3032 
189450 3561 2944 
189500 3566 2850 
189550 3559 3383 
189600 3548 3516 
189650 3551 3521 
189700 3555 3532 
189750 3525 3510 
189800 3546 3521 
189850 3552 3533 
189900 3552 3519 
189950 3561 3544 
190000 3570 3542 
190050 3549 3458 
190100 3552 3394 
190150 3549 3244 
190200 3553 3229 
190250 3566 3196 
190300 3538 3057 
190350 3553 3044 
190400 3544 2898 
190450 3557 2866 
190500 3545 2797 
190550 3554 3381 
190600 3547 3490 
190650 3553 3520 
190700 3547 3519 
190750 3550 3519 
190800 3561 3534 
190850 3563 3541 
190900 3550 3531 
190950 3569 3552 
191000 3564 3539 
191050 3552 3479 
191100 3561 3453 
191150 3543 3351 
191200 3560 3293 
191250 3561 3266 
191300 3569 3208 
191350 3569 3162 
191400 3571 3114 
191450 3556 3005 
191500 3567 2800 
191550 3563 3283 
191600 3560 3499 
191650 3561 3535 
191700 3558 3543 
191750 3558 3527 
191800 3559 3516 
191850 3569 3543 
191900 3552 3523 
191950 3553 3524 
192000 3547 3520 
192050 3555 3493 
192100 3562 3460 
192150 3559 3387 
192200 3555 3285 
192250 3554 3175 
192300 3561 3116 
192350 3549 2990 
192400 3562 2962 
192450 3548 2927 
192500 3551 2965 
192550 3532 3336 
192600 3563 3524 
192650 3559 3525 
192700 3549 3526 
192750 3550 3532 
192800 3561 3535 
192850 3568 3527 
192900 3554 3521 
192950 3558 3524 
193000 3570 3548 
193050 3551 3469 
193100 3556 3393 
193150 3546 3310 
193200 3561 3227 
193250 3549 3068 
193300 3553 2972 
193350 3537 2899 
193400 3552 2886 
193450 3551 2796 
193500 3539 2787 
193550 3555 3370 
193600 3557 3495 
193650 3561 3532 
193700 3539 3516 
193750 3572 3535 
193800 3556 3536 
193850 3554 3525 
193900 3548 3526 
193950 3555 3538 
194000 3572 3544 
194050 3553 3487 
194100 3558 3428 
194150 3559 3343 
194200 3555 3258 
194250 3554 3146 
194300 3541 3103 
194350 3549 3004 
194400 3551 2874 
194450 3557 2904 
194500 3543 2786 
194550 3549 3334 
194600 3571 3518 
194650 3565 3551 
194700 3562 3548 
194750 3565 3552 
194800 3554 3535 
194850 3556 3539 
194900 3549 3527 
194950 3565 3541 
195000 3551 3524 
195050 3558 3498 
195100 3549 3444 
195150 3552 3384 
195200 3554 3310 
195250 3543 3244 
195300 3550 3186 
195350 3540 3107 
195400 3550 3031 
195450 3559 2905 
195500 3552 2851 
195550 3559 3373 
195600 3564 3516 
195650 3551 3524 
195700 3559 3544 
195750 3550 3528 
195800 3561 3549 
195850 3550 3535 
195900 3537 3526 
195950 3551 3524 
196000 3546 3526 
196050 3558 3508 
196100 3552 3423 
196150 3537 3372 
196200 3552 3329 
196250 3562 3247 
196300 3561 3197 
196350 3560 3191 
196400 3535 3141 
196450 3540 3164 
196500 3544 3111 
196550 3543 3437 
196600 3541 3517 
196650 3560 3547 
196700 3533 3517 
196750 3550 3526 
196800 3552 3549 
196850 3544 3530 
196900 3552 3544 
196950 3543 3530 
197000 3559 3539 
197050 3544 3497 
197100 3556 3459 
197150 3555 3391 
197200 3551 3330 
197250 3558 3245 
197300 3554 3232 
197350 3553 3246 
197400 3563 3183 
197450 3542 3085 
197500 3544 3024 
197550 3558 3434 
197600 3554 3531 
197650 3552 3533 
197700 3557 3533 
197750 3547 3519 
197800 3570 3546 
197850 3567 3551 
197900 3549 3534 
197950 3558 3538 
198000 3552 3532 
198050 3558 3501 
198100 3567 3465 
198150 3556 3387 
198200 3548 3246 
198250 3540 3206 
198300 3557 3134 
198350 3545 3122 
198400 3532 3066 
198450 3546 3035 
198500 3556 2949 
198550 3559 3420 
198600 3560 3542 
198650 3544 3533 
198700 3555 3529 
198750 3559 3540 
198800 3540 3520 
198850 3555 3535 
198900 3548 3530 
198950 3557 3544 
199000 3563 3538 
199050 3565 3500 
199100 3548 3425 
199150 3543 3368 
199200 3556 3298 
199250 3558 3285 
199300 3558 3333 
199350 3549 3246 
199400 3550 3187 
199450 3557 3163 
199500 3545 3082 
199550 3562 3440 
199600 3560 3537 
199650 3559 3547 
199700 3553 3545 
199750 3562 3552 
199800 3555 3534 
199850 3557 3541 
199900 3554 3540 
199950 3555 3533 
200000 3555 3532 
