# Avida tasks data
# Sat Apr  7 23:30:47 2012
# First column gives the current update, next columns give the number
# of organisms that have the particular task as a component of their merit
#  1: Update
#  2: Xor
#  3: Equals

0 0 0 
50 8 8 
100 36 36 
150 116 116 
200 248 248 
250 416 416 
300 639 639 
350 919 917 
400 1295 1293 
450 1647 1646 
500 2105 2105 
550 2635 2635 
600 3165 3169 
650 3409 3415 
700 3527 3523 
750 3546 3542 
800 3540 3539 
850 3550 3543 
900 3559 3553 
950 3538 3529 
1000 3543 3543 
1050 3171 2838 
1100 3430 2295 
1150 3416 1699 
1200 3429 1200 
1250 3428 791 
1300 3463 479 
1350 3503 320 
1400 3507 202 
1450 3522 99 
1500 3534 41 
1550 3530 148 
1600 3535 717 
1650 3533 1172 
1700 3522 1556 
1750 3546 1928 
1800 3531 2250 
1850 3539 2574 
1900 3524 2826 
1950 3544 2999 
2000 3534 3131 
2050 3321 2510 
2100 3374 1817 
2150 3433 1310 
2200 3451 909 
2250 3489 737 
2300 3523 542 
2350 3509 340 
2400 3531 207 
2450 3522 125 
2500 3536 68 
2550 3529 36 
2600 3547 19 
2650 3535 7 
2700 3538 3 
2750 3549 17 
2800 3560 661 
2850 3553 1135 
2900 3561 1534 
2950 3550 1847 
3000 3555 2174 
3050 3372 1765 
3100 3414 1289 
3150 3453 996 
3200 3491 732 
3250 3486 528 
3300 3517 403 
3350 3541 301 
3400 3556 215 
3450 3557 141 
3500 3558 71 
3550 3554 35 
3600 3544 14 
3650 3552 4 
3700 3552 1 
3750 3544 68 
3800 3537 668 
3850 3540 1150 
3900 3538 1542 
3950 3539 1885 
4000 3534 2250 
4050 3396 1755 
4100 3447 1261 
4150 3487 835 
4200 3493 577 
4250 3525 404 
4300 3533 235 
4350 3539 130 
4400 3552 50 
4450 3546 9 
4500 3553 3 
4550 3549 0 
4600 3534 0 
4650 3521 18 
4700 3459 95 
4750 3538 626 
4800 3547 1099 
4850 3553 1543 
4900 3566 1907 
4950 3558 2246 
5000 3540 2544 
5050 3341 1980 
5100 3396 1405 
5150 3446 1046 
5200 3466 772 
5250 3462 572 
5300 3506 453 
5350 3532 364 
5400 3535 222 
5450 3539 140 
5500 3545 80 
5550 3545 39 
5600 3546 582 
5650 3543 1102 
5700 3542 1512 
5750 3537 1863 
5800 3547 2168 
5850 3535 2475 
5900 3543 2766 
5950 3535 2951 
6000 3545 3135 
6050 3362 2286 
6100 3442 1283 
6150 3477 707 
6200 3508 351 
6250 3525 159 
6300 3522 70 
6350 3552 35 
6400 3526 20 
6450 3538 4 
6500 3546 8 
6550 3551 5 
6600 3551 67 
6650 3527 730 
6700 3531 1213 
6750 3554 1654 
6800 3546 2045 
6850 3562 2402 
6900 3542 2670 
6950 3554 2943 
7000 3563 3129 
7050 3365 2268 
7100 3455 1350 
7150 3497 751 
7200 3528 397 
7250 3535 187 
7300 3552 78 
7350 3534 31 
7400 3540 7 
7450 3562 2 
7500 3545 4 
7550 3556 469 
7600 3547 1103 
7650 3536 1623 
7700 3531 1992 
7750 3546 2352 
7800 3543 2659 
7850 3537 2885 
7900 3539 3095 
7950 3552 3278 
8000 3555 3387 
8050 3346 2250 
8100 3443 1299 
8150 3511 680 
8200 3529 332 
8250 3532 154 
8300 3531 68 
8350 3527 29 
8400 3539 8 
8450 3534 2 
8500 3550 7 
8550 3545 374 
8600 3540 1095 
8650 3544 1678 
8700 3553 2163 
8750 3539 2514 
8800 3553 2810 
8850 3554 3071 
8900 3541 3245 
8950 3560 3378 
9000 3547 3444 
9050 3303 2404 
9100 3394 1467 
9150 3436 975 
9200 3475 640 
9250 3516 479 
9300 3540 325 
9350 3540 186 
9400 3542 87 
9450 3552 42 
9500 3554 10 
9550 3520 16 
9600 3421 133 
9650 3313 812 
9700 3344 1304 
9750 3380 1686 
9800 3423 2026 
9850 3452 2343 
9900 3476 2650 
9950 3504 2877 
10000 3521 3081 
10050 3345 2141 
10100 3428 1286 
10150 3470 788 
10200 3543 406 
10250 3545 164 
10300 3546 69 
10350 3556 34 
10400 3550 23 
10450 3550 10 
10500 3531 13 
10550 3538 363 
10600 3547 886 
10650 3547 1324 
10700 3542 1704 
10750 3554 2095 
10800 3553 2419 
10850 3552 2679 
10900 3560 2920 
10950 3553 3122 
11000 3558 3258 
11050 3347 2326 
11100 3447 1327 
11150 3480 738 
11200 3504 358 
11250 3551 127 
11300 3555 42 
11350 3548 17 
11400 3553 4 
11450 3542 1 
11500 3549 3 
11550 3522 3 
11600 3540 384 
11650 3545 919 
11700 3540 1392 
11750 3544 1790 
11800 3540 2165 
11850 3544 2493 
11900 3553 2776 
11950 3537 2929 
12000 3570 3125 
12050 3354 2230 
12100 3461 1186 
12150 3484 646 
12200 3514 327 
12250 3523 150 
12300 3556 51 
12350 3550 20 
12400 3543 8 
12450 3567 2 
12500 3549 2 
12550 3551 29 
12600 3545 677 
12650 3538 1139 
12700 3537 1523 
12750 3542 1862 
12800 3539 2234 
12850 3546 2544 
12900 3541 2774 
12950 3557 2985 
13000 3551 3140 
13050 3365 2163 
13100 3474 1210 
13150 3502 604 
13200 3532 283 
13250 3517 127 
13300 3521 55 
13350 3545 24 
13400 3543 12 
13450 3554 1 
13500 3538 4 
13550 3546 401 
13600 3543 961 
13650 3538 1452 
13700 3529 1875 
13750 3550 2285 
13800 3553 2556 
13850 3554 2844 
13900 3535 3003 
13950 3547 3167 
14000 3526 3254 
14050 3346 2290 
14100 3445 1272 
14150 3482 672 
14200 3501 325 
14250 3531 173 
14300 3549 113 
14350 3547 70 
14400 3556 31 
14450 3559 10 
14500 3536 3 
14550 3547 201 
14600 3513 773 
14650 3517 1263 
14700 3522 1695 
14750 3526 2150 
14800 3532 2498 
14850 3541 2793 
14900 3553 3041 
14950 3562 3264 
15000 3546 3376 
15050 3316 2425 
15100 3406 1563 
15150 3469 991 
15200 3502 580 
15250 3539 338 
15300 3546 152 
15350 3548 40 
15400 3541 5 
15450 3553 5 
15500 3546 2 
15550 3543 230 
15600 3528 899 
15650 3538 1414 
15700 3545 1831 
15750 3538 2225 
15800 3541 2516 
15850 3557 2798 
15900 3552 3008 
15950 3544 3173 
16000 3544 3320 
16050 3362 2158 
16100 3477 1084 
16150 3508 499 
16200 3537 211 
16250 3544 83 
16300 3536 31 
16350 3546 17 
16400 3555 5 
16450 3564 2 
16500 3555 3 
16550 3534 15 
16600 3512 578 
16650 3514 1093 
16700 3502 1501 
16750 3512 1913 
16800 3486 2299 
16850 3506 2666 
16900 3467 2949 
16950 3478 3166 
17000 3502 3326 
17050 3296 2506 
17100 3400 1756 
17150 3455 1165 
17200 3511 707 
17250 3522 411 
17300 3533 163 
17350 3528 57 
17400 3553 12 
17450 3550 1 
17500 3544 2 
17550 3549 7 
17600 3534 558 
17650 3547 1221 
17700 3547 1724 
17750 3535 2169 
17800 3544 2507 
17850 3545 2808 
17900 3539 3074 
17950 3547 3236 
18000 3543 3376 
18050 3343 2314 
18100 3460 1237 
18150 3483 669 
18200 3519 337 
18250 3527 185 
18300 3539 100 
18350 3559 41 
18400 3553 15 
18450 3531 3 
18500 3533 8 
18550 3551 321 
18600 3546 874 
18650 3553 1451 
18700 3544 1879 
18750 3553 2226 
18800 3562 2581 
18850 3557 2917 
18900 3561 3202 
18950 3548 3345 
19000 3535 3429 
19050 3362 2199 
19100 3470 1171 
19150 3524 570 
19200 3537 262 
19250 3541 108 
19300 3536 41 
19350 3549 12 
19400 3557 8 
19450 3537 5 
19500 3530 10 
19550 3539 94 
19600 3530 748 
19650 3524 1269 
19700 3544 1717 
19750 3539 2110 
19800 3543 2464 
19850 3547 2793 
19900 3551 3017 
19950 3553 3164 
20000 3545 3273 
20050 3373 2066 
20100 3487 1045 
20150 3507 475 
20200 3519 205 
20250 3544 90 
20300 3540 31 
20350 3543 12 
20400 3560 7 
20450 3535 6 
20500 3554 9 
20550 3556 327 
20600 3545 975 
20650 3554 1492 
20700 3540 1887 
20750 3548 2324 
20800 3536 2646 
20850 3542 2957 
20900 3550 3158 
20950 3554 3307 
21000 3557 3387 
21050 3357 2169 
21100 3461 1025 
21150 3524 478 
21200 3540 218 
21250 3534 114 
21300 3540 60 
21350 3535 32 
21400 3536 11 
21450 3550 3 
21500 3545 3 
21550 3508 44 
21600 3517 985 
21650 3529 1695 
21700 3537 2222 
21750 3545 2623 
21800 3553 2926 
21850 3568 3138 
21900 3532 3270 
21950 3561 3418 
22000 3541 3470 
22050 3352 2319 
22100 3432 1342 
22150 3492 756 
22200 3528 427 
22250 3553 282 
22300 3558 189 
22350 3536 127 
22400 3535 79 
22450 3556 41 
22500 3549 18 
22550 3545 102 
22600 3545 1010 
22650 3547 1618 
22700 3536 2094 
22750 3540 2461 
22800 3530 2750 
22850 3550 3020 
22900 3564 3239 
22950 3564 3379 
23000 3562 3431 
23050 3356 2195 
23100 3457 1088 
23150 3502 576 
23200 3542 273 
23250 3556 120 
23300 3535 56 
23350 3547 19 
23400 3538 11 
23450 3548 5 
23500 3551 1 
23550 3544 470 
23600 3549 1108 
23650 3551 1611 
23700 3537 2063 
23750 3551 2475 
23800 3545 2798 
23850 3559 3013 
23900 3555 3196 
23950 3559 3302 
24000 3545 3385 
24050 3394 2133 
24100 3487 939 
24150 3512 377 
24200 3525 123 
24250 3529 30 
24300 3543 12 
24350 3554 3 
24400 3552 8 
24450 3543 8 
24500 3554 5 
24550 3555 442 
24600 3535 1129 
24650 3545 1701 
24700 3543 2132 
24750 3543 2442 
24800 3539 2704 
24850 3529 2906 
24900 3537 3125 
24950 3537 3256 
25000 3546 3380 
25050 3328 2180 
25100 3413 1207 
25150 3488 623 
25200 3492 329 
25250 3530 159 
25300 3526 79 
25350 3541 25 
25400 3530 9 
25450 3558 11 
25500 3544 2 
25550 3550 337 
25600 3546 900 
25650 3555 1410 
25700 3541 1791 
25750 3549 2128 
25800 3555 2500 
25850 3553 2817 
25900 3546 3065 
25950 3545 3203 
26000 3544 3331 
26050 3316 2291 
26100 3416 1384 
26150 3477 877 
26200 3510 494 
26250 3535 262 
26300 3528 126 
26350 3551 45 
26400 3553 20 
26450 3535 11 
26500 3553 4 
26550 3561 0 
26600 3475 341 
26650 3431 1090 
26700 3452 1584 
26750 3481 2007 
26800 3505 2375 
26850 3526 2655 
26900 3543 2882 
26950 3546 3089 
27000 3540 3260 
27050 3350 2254 
27100 3447 1342 
27150 3470 767 
27200 3479 452 
27250 3518 276 
27300 3534 170 
27350 3549 78 
27400 3538 30 
27450 3543 8 
27500 3550 9 
27550 3537 590 
27600 3541 1327 
27650 3529 1796 
27700 3546 2203 
27750 3540 2534 
27800 3534 2796 
27850 3541 3027 
27900 3541 3211 
27950 3545 3340 
28000 3561 3461 
28050 3343 2226 
28100 3414 1320 
28150 3487 823 
28200 3507 515 
28250 3533 350 
28300 3562 260 
28350 3560 163 
28400 3551 92 
28450 3552 55 
28500 3558 31 
28550 3488 61 
28600 3386 758 
28650 3395 1408 
28700 3417 1972 
28750 3439 2430 
28800 3450 2795 
28850 3461 3074 
28900 3486 3249 
28950 3491 3367 
29000 3511 3441 
29050 3348 2252 
29100 3448 1205 
29150 3523 644 
29200 3533 345 
29250 3549 158 
29300 3566 68 
29350 3559 22 
29400 3532 8 
29450 3543 5 
29500 3559 2 
29550 3560 406 
29600 3557 1120 
29650 3557 1651 
29700 3553 2095 
29750 3542 2431 
29800 3529 2721 
29850 3553 2982 
29900 3545 3149 
29950 3547 3302 
30000 3531 3388 
30050 3297 2451 
30100 3347 1584 
30150 3402 1019 
30200 3451 703 
30250 3472 520 
30300 3505 348 
30350 3495 203 
30400 3525 113 
30450 3524 43 
30500 3530 14 
30550 3536 9 
30600 3481 70 
30650 3257 287 
30700 2890 667 
30750 2500 1051 
30800 2074 1463 
30850 1753 1865 
30900 1946 2115 
30950 2099 2371 
31000 2279 2598 
31050 2522 1951 
31100 2947 1298 
31150 3222 807 
31200 3400 459 
31250 3473 229 
31300 3518 93 
31350 3533 46 
31400 3540 15 
31450 3554 2 
31500 3529 4 
31550 3537 280 
31600 3551 920 
31650 3547 1441 
31700 3542 1832 
31750 3540 2204 
31800 3543 2533 
31850 3560 2806 
31900 3530 2950 
31950 3551 3083 
32000 3538 3203 
32050 3329 2321 
32100 3426 1414 
32150 3481 862 
32200 3479 530 
32250 3530 313 
32300 3535 171 
32350 3540 52 
32400 3548 17 
32450 3555 3 
32500 3548 3 
32550 3546 13 
32600 3437 385 
32650 3452 940 
32700 3468 1411 
32750 3467 1857 
32800 3458 2257 
32850 3459 2612 
32900 3478 2900 
32950 3489 3083 
33000 3513 3214 
33050 3334 2252 
33100 3460 1242 
33150 3498 597 
33200 3512 258 
33250 3545 77 
33300 3532 18 
33350 3544 6 
33400 3549 0 
33450 3545 4 
33500 3545 7 
33550 3546 454 
33600 3542 1037 
33650 3544 1481 
33700 3549 1860 
33750 3529 2191 
33800 3533 2501 
33850 3540 2770 
33900 3530 2969 
33950 3534 3139 
34000 3521 3258 
34050 3328 2339 
34100 3400 1475 
34150 3471 914 
34200 3488 528 
34250 3525 278 
34300 3535 137 
34350 3548 46 
34400 3542 8 
34450 3557 12 
34500 3564 6 
34550 3560 364 
34600 3551 975 
34650 3548 1440 
34700 3540 1875 
34750 3535 2252 
34800 3549 2556 
34850 3554 2830 
34900 3534 3010 
34950 3550 3152 
35000 3550 3277 
35050 3359 2258 
35100 3460 1165 
35150 3490 593 
35200 3520 275 
35250 3549 115 
35300 3543 43 
35350 3548 9 
35400 3554 3 
35450 3546 6 
35500 3551 7 
35550 3547 1 
35600 3534 238 
35650 3528 799 
35700 3531 1287 
35750 3510 1689 
35800 3519 2047 
35850 3511 2368 
35900 3540 2676 
35950 3525 2926 
36000 3557 3137 
36050 3355 2231 
36100 3458 1283 
36150 3517 712 
36200 3537 372 
36250 3547 172 
36300 3536 59 
36350 3557 14 
36400 3540 6 
36450 3556 5 
36500 3560 4 
36550 3535 27 
36600 3463 533 
36650 3470 1344 
36700 3489 1932 
36750 3515 2355 
36800 3535 2652 
36850 3537 2860 
36900 3534 3005 
36950 3535 3145 
37000 3545 3275 
37050 3301 2315 
37100 3437 1365 
37150 3475 796 
37200 3514 500 
37250 3513 324 
37300 3534 235 
37350 3537 120 
37400 3546 50 
37450 3539 17 
37500 3541 7 
37550 3536 138 
37600 3529 833 
37650 3543 1354 
37700 3534 1745 
37750 3544 2098 
37800 3550 2441 
37850 3562 2688 
37900 3532 2914 
37950 3553 3100 
38000 3563 3218 
38050 3313 2275 
38100 3405 1290 
38150 3461 690 
38200 3506 315 
38250 3539 119 
38300 3550 43 
38350 3566 8 
38400 3562 3 
38450 3562 3 
38500 3551 2 
38550 3530 21 
38600 3399 156 
38650 3230 556 
38700 3207 1164 
38750 3215 1604 
38800 3256 1946 
38850 3333 2260 
38900 3369 2520 
38950 3441 2799 
39000 3480 3012 
39050 3351 2091 
39100 3463 1152 
39150 3490 625 
39200 3525 294 
39250 3514 109 
39300 3532 44 
39350 3542 14 
39400 3557 11 
39450 3554 5 
39500 3551 5 
39550 3544 0 
39600 3526 551 
39650 3532 1124 
39700 3543 1572 
39750 3540 1948 
39800 3534 2327 
39850 3541 2656 
39900 3542 2904 
39950 3543 3089 
40000 3543 3207 
40050 3350 2148 
40100 3466 1164 
40150 3497 644 
40200 3534 294 
40250 3540 109 
40300 3557 39 
40350 3540 15 
40400 3550 8 
40450 3539 9 
40500 3547 11 
40550 3533 2 
40600 3551 651 
40650 3549 1294 
40700 3543 1763 
40750 3546 2312 
40800 3538 2780 
40850 3545 3123 
40900 3538 3333 
40950 3552 3465 
41000 3525 3459 
41050 3362 2163 
41100 3442 1140 
41150 3490 663 
41200 3511 406 
41250 3536 235 
41300 3540 128 
41350 3548 63 
41400 3547 20 
41450 3541 10 
41500 3552 6 
41550 3549 390 
41600 3546 1073 
41650 3545 1517 
41700 3552 1917 
41750 3541 2219 
41800 3549 2508 
41850 3548 2771 
41900 3556 2947 
41950 3550 3081 
42000 3545 3232 
42050 3351 2170 
42100 3472 1096 
42150 3512 512 
42200 3535 176 
42250 3551 56 
42300 3547 20 
42350 3547 15 
42400 3553 6 
42450 3554 7 
42500 3553 8 
42550 3551 304 
42600 3552 922 
42650 3542 1481 
42700 3552 1996 
42750 3547 2428 
42800 3548 2780 
42850 3542 3042 
42900 3542 3263 
42950 3554 3414 
43000 3555 3462 
43050 3426 1989 
43100 3512 797 
43150 3544 309 
43200 3557 102 
43250 3565 29 
43300 3538 17 
43350 3549 11 
43400 3547 3 
43450 3523 13 
43500 3549 7 
43550 3559 2 
43600 3563 664 
43650 3568 1129 
43700 3568 1576 
43750 3555 1960 
43800 3553 2292 
43850 3560 2626 
43900 3565 2928 
43950 3544 3111 
44000 3552 3248 
44050 3290 2486 
44100 3391 1646 
44150 3418 1035 
44200 3474 645 
44250 3512 429 
44300 3516 232 
44350 3518 95 
44400 3525 31 
44450 3558 11 
44500 3548 6 
44550 3534 242 
44600 3533 846 
44650 3528 1299 
44700 3519 1664 
44750 3540 1997 
44800 3530 2277 
44850 3536 2616 
44900 3550 2864 
44950 3564 3028 
45000 3547 3160 
45050 3388 2148 
45100 3488 1056 
45150 3525 495 
45200 3542 198 
45250 3539 70 
45300 3541 18 
45350 3551 9 
45400 3558 9 
45450 3554 4 
45500 3546 6 
45550 3543 345 
45600 3545 919 
45650 3538 1354 
45700 3534 1750 
45750 3518 2146 
45800 3537 2518 
45850 3523 2750 
45900 3527 2976 
45950 3534 3131 
46000 3550 3254 
46050 3344 2238 
46100 3453 1208 
46150 3496 613 
46200 3517 317 
46250 3541 166 
46300 3547 87 
46350 3539 34 
46400 3530 11 
46450 3539 7 
46500 3548 5 
46550 3536 533 
46600 3543 1276 
46650 3532 1856 
46700 3530 2312 
46750 3540 2701 
46800 3523 2963 
46850 3554 3165 
46900 3544 3268 
46950 3542 3387 
47000 3526 3440 
47050 3384 2173 
47100 3473 1146 
47150 3543 536 
47200 3536 222 
47250 3537 86 
47300 3550 46 
47350 3542 17 
47400 3556 6 
47450 3545 11 
47500 3558 8 
47550 3557 205 
47600 3568 900 
47650 3573 1459 
47700 3561 1889 
47750 3556 2291 
47800 3560 2606 
47850 3541 2842 
47900 3541 3073 
47950 3545 3257 
48000 3545 3341 
48050 3332 2227 
48100 3471 1191 
48150 3499 623 
48200 3543 280 
48250 3547 99 
48300 3537 32 
48350 3551 15 
48400 3552 12 
48450 3545 10 
48500 3553 9 
48550 3556 645 
48600 3549 1195 
48650 3556 1643 
48700 3522 2010 
48750 3547 2335 
48800 3544 2588 
48850 3537 2829 
48900 3546 3017 
48950 3545 3150 
49000 3553 3254 
49050 3350 2148 
49100 3444 1165 
49150 3486 620 
49200 3534 323 
49250 3521 157 
49300 3537 53 
49350 3533 28 
49400 3545 20 
49450 3544 20 
49500 3547 7 
49550 3544 547 
49600 3535 1319 
49650 3549 1882 
49700 3547 2401 
49750 3554 2791 
49800 3556 3049 
49850 3550 3243 
49900 3548 3375 
49950 3549 3446 
50000 3539 3483 
50050 3342 2298 
50100 3483 1082 
50150 3513 480 
50200 3537 183 
50250 3549 50 
50300 3539 28 
50350 3544 17 
50400 3545 17 
50450 3539 11 
50500 3552 10 
50550 3537 525 
50600 3537 1183 
50650 3547 1697 
50700 3545 2084 
50750 3538 2422 
50800 3540 2707 
50850 3548 2959 
50900 3547 3177 
50950 3539 3293 
51000 3544 3395 
51050 3357 2180 
51100 3444 1081 
51150 3521 453 
51200 3551 167 
51250 3548 65 
51300 3537 13 
51350 3536 19 
51400 3543 27 
51450 3539 39 
51500 3536 23 
51550 3556 602 
51600 3547 1348 
51650 3543 1933 
51700 3558 2427 
51750 3552 2764 
51800 3560 3020 
51850 3565 3251 
51900 3552 3350 
51950 3546 3426 
52000 3552 3485 
52050 3338 2278 
52100 3404 1307 
52150 3472 737 
52200 3492 468 
52250 3526 291 
52300 3545 213 
52350 3543 125 
52400 3547 51 
52450 3546 25 
52500 3538 20 
52550 3554 545 
52600 3549 1255 
52650 3559 1788 
52700 3546 2193 
52750 3550 2524 
52800 3542 2776 
52850 3558 2968 
52900 3527 3087 
52950 3532 3264 
53000 3542 3364 
53050 3346 2268 
53100 3445 1275 
53150 3491 780 
53200 3496 512 
53250 3513 360 
53300 3535 266 
53350 3540 168 
53400 3558 106 
53450 3545 46 
53500 3543 20 
53550 3545 311 
53600 3559 864 
53650 3548 1279 
53700 3554 1697 
53750 3549 2042 
53800 3544 2341 
53850 3550 2641 
53900 3539 2848 
53950 3552 3049 
54000 3547 3177 
54050 3388 2139 
54100 3482 1082 
54150 3545 503 
54200 3533 169 
54250 3558 45 
54300 3537 13 
54350 3528 14 
54400 3554 6 
54450 3541 5 
54500 3546 6 
54550 3551 431 
54600 3552 1088 
54650 3557 1655 
54700 3561 2186 
54750 3552 2571 
54800 3545 2831 
54850 3565 3079 
54900 3551 3232 
54950 3550 3343 
55000 3551 3405 
55050 3353 2127 
55100 3464 1008 
55150 3507 517 
55200 3536 233 
55250 3530 128 
55300 3545 50 
55350 3545 34 
55400 3552 16 
55450 3541 12 
55500 3537 8 
55550 3537 117 
55600 3526 972 
55650 3537 1618 
55700 3552 2223 
55750 3547 2654 
55800 3552 2960 
55850 3532 3177 
55900 3531 3311 
55950 3551 3395 
56000 3555 3469 
56050 3338 2219 
56100 3470 1080 
56150 3497 453 
56200 3543 174 
56250 3543 43 
56300 3539 23 
56350 3532 15 
56400 3548 15 
56450 3545 15 
56500 3545 7 
56550 3524 572 
56600 3523 1318 
56650 3526 1872 
56700 3532 2324 
56750 3542 2694 
56800 3540 2957 
56850 3533 3169 
56900 3544 3331 
56950 3535 3435 
57000 3540 3470 
57050 3318 2354 
57100 3411 1298 
57150 3474 773 
57200 3491 433 
57250 3535 238 
57300 3542 142 
57350 3529 76 
57400 3535 37 
57450 3531 22 
57500 3525 17 
57550 3534 476 
57600 3545 1076 
57650 3547 1552 
57700 3531 1979 
57750 3541 2287 
57800 3547 2608 
57850 3533 2822 
57900 3539 2983 
57950 3539 3111 
58000 3521 3202 
58050 3371 2196 
58100 3499 1013 
58150 3539 393 
58200 3542 121 
58250 3538 32 
58300 3547 14 
58350 3551 10 
58400 3544 3 
58450 3539 7 
58500 3541 7 
58550 3545 393 
58600 3536 1014 
58650 3542 1533 
58700 3542 1954 
58750 3556 2369 
58800 3558 2691 
58850 3546 2965 
58900 3554 3216 
58950 3549 3370 
59000 3548 3461 
59050 3365 2132 
59100 3498 972 
59150 3505 404 
59200 3533 154 
59250 3538 48 
59300 3542 20 
59350 3537 10 
59400 3542 11 
59450 3543 8 
59500 3554 6 
59550 3539 341 
59600 3553 872 
59650 3526 1296 
59700 3524 1666 
59750 3546 2027 
59800 3552 2357 
59850 3554 2654 
59900 3545 2843 
59950 3539 3001 
60000 3557 3132 
60050 3363 2234 
60100 3470 1290 
60150 3496 699 
60200 3517 339 
60250 3536 140 
60300 3540 62 
60350 3548 30 
60400 3537 10 
60450 3544 12 
60500 3541 11 
60550 3545 321 
60600 3552 966 
60650 3549 1505 
60700 3549 1967 
60750 3525 2280 
60800 3536 2582 
60850 3537 2825 
60900 3550 3041 
60950 3556 3219 
61000 3541 3312 
61050 3332 2218 
61100 3456 1095 
61150 3490 505 
61200 3527 179 
61250 3527 53 
61300 3552 17 
61350 3529 6 
61400 3553 8 
61450 3541 5 
61500 3521 4 
61550 3534 385 
61600 3532 1257 
61650 3529 1818 
61700 3515 2342 
61750 3528 2704 
61800 3537 2996 
61850 3535 3177 
61900 3523 3268 
61950 3543 3346 
62000 3535 3391 
62050 3349 2088 
62100 3446 1010 
62150 3475 452 
62200 3517 155 
62250 3511 45 
62300 3531 19 
62350 3532 9 
62400 3534 11 
62450 3555 5 
62500 3537 13 
62550 3541 472 
62600 3544 1069 
62650 3538 1555 
62700 3546 1931 
62750 3549 2243 
62800 3547 2567 
62850 3531 2797 
62900 3540 3045 
62950 3550 3210 
63000 3547 3333 
63050 3356 2182 
63100 3470 1124 
63150 3518 555 
63200 3546 249 
63250 3534 113 
63300 3539 61 
63350 3552 37 
63400 3548 8 
63450 3557 6 
63500 3558 8 
63550 3556 518 
63600 3540 1262 
63650 3551 1845 
63700 3555 2257 
63750 3554 2628 
63800 3543 2858 
63850 3553 3084 
63900 3563 3295 
63950 3544 3378 
64000 3546 3438 
64050 3377 2206 
64100 3480 1044 
64150 3508 430 
64200 3510 184 
64250 3551 72 
64300 3552 34 
64350 3549 27 
64400 3524 19 
64450 3536 12 
64500 3536 13 
64550 3532 438 
64600 3543 992 
64650 3544 1415 
64700 3549 1883 
64750 3531 2190 
64800 3532 2534 
64850 3548 2835 
64900 3547 3035 
64950 3558 3209 
65000 3532 3258 
65050 3325 2213 
65100 3419 1164 
65150 3487 611 
65200 3537 252 
65250 3551 99 
65300 3564 24 
65350 3548 16 
65400 3547 10 
65450 3548 11 
65500 3522 12 
65550 3526 515 
65600 3538 1215 
65650 3523 1738 
65700 3529 2188 
65750 3531 2572 
65800 3548 2906 
65850 3552 3173 
65900 3546 3322 
65950 3545 3402 
66000 3554 3480 
66050 3324 2268 
66100 3458 1237 
66150 3508 636 
66200 3520 315 
66250 3540 159 
66300 3549 70 
66350 3538 20 
66400 3538 12 
66450 3542 10 
66500 3546 4 
66550 3513 285 
66600 3496 1166 
66650 3469 1770 
66700 3482 2356 
66750 3495 2812 
66800 3509 3119 
66850 3516 3314 
66900 3536 3408 
66950 3518 3451 
67000 3540 3492 
67050 3316 2280 
67100 3421 1221 
67150 3470 651 
67200 3489 336 
67250 3519 172 
67300 3534 93 
67350 3525 33 
67400 3537 24 
67450 3532 15 
67500 3545 15 
67550 3530 595 
67600 3539 1255 
67650 3537 1651 
67700 3531 2012 
67750 3524 2318 
67800 3514 2585 
67850 3534 2805 
67900 3542 2986 
67950 3545 3150 
68000 3549 3290 
68050 3360 2150 
68100 3467 1117 
68150 3520 514 
68200 3532 187 
68250 3545 73 
68300 3543 19 
68350 3532 8 
68400 3551 15 
68450 3546 16 
68500 3544 17 
68550 3544 419 
68600 3540 970 
68650 3533 1473 
68700 3544 1888 
68750 3543 2249 
68800 3546 2539 
68850 3538 2804 
68900 3544 2977 
68950 3537 3095 
69000 3542 3210 
69050 3340 2286 
69100 3464 1305 
69150 3506 696 
69200 3536 298 
69250 3534 112 
69300 3540 39 
69350 3545 24 
69400 3552 11 
69450 3545 16 
69500 3546 7 
69550 3538 436 
69600 3526 1255 
69650 3521 1819 
69700 3501 2247 
69750 3528 2602 
69800 3551 2894 
69850 3547 3095 
69900 3540 3241 
69950 3556 3384 
70000 3540 3423 
70050 3391 2163 
70100 3477 1152 
70150 3499 624 
70200 3533 312 
70250 3534 160 
70300 3548 75 
70350 3569 44 
70400 3542 22 
70450 3531 11 
70500 3536 10 
70550 3526 529 
70600 3530 1139 
70650 3527 1566 
70700 3533 1948 
70750 3540 2272 
70800 3555 2544 
70850 3555 2790 
70900 3549 2985 
70950 3534 3182 
71000 3546 3350 
71050 3393 2138 
71100 3484 1099 
71150 3525 498 
71200 3530 212 
71250 3545 93 
71300 3547 38 
71350 3557 12 
71400 3551 14 
71450 3550 11 
71500 3561 7 
71550 3559 435 
71600 3546 1247 
71650 3560 1995 
71700 3534 2480 
71750 3540 2895 
71800 3541 3141 
71850 3545 3331 
71900 3552 3433 
71950 3544 3483 
72000 3538 3480 
72050 3361 2179 
72100 3427 1132 
72150 3505 562 
72200 3509 281 
72250 3532 135 
72300 3550 82 
72350 3540 45 
72400 3547 20 
72450 3558 15 
72500 3546 7 
72550 3542 172 
72600 3526 880 
72650 3524 1472 
72700 3533 1919 
72750 3523 2281 
72800 3544 2670 
72850 3534 2917 
72900 3543 3167 
72950 3560 3378 
73000 3542 3437 
73050 3387 2137 
73100 3471 1083 
73150 3501 566 
73200 3540 253 
73250 3558 90 
73300 3532 30 
73350 3546 20 
73400 3537 5 
73450 3552 15 
73500 3540 7 
73550 3541 305 
73600 3529 845 
73650 3527 1331 
73700 3534 1755 
73750 3536 2125 
73800 3535 2419 
73850 3526 2691 
73900 3523 2904 
73950 3535 3096 
74000 3544 3197 
74050 3417 2103 
74100 3466 1048 
74150 3508 511 
74200 3523 237 
74250 3548 124 
74300 3547 38 
74350 3556 18 
74400 3542 15 
74450 3546 13 
74500 3538 6 
74550 3533 498 
74600 3536 1187 
74650 3547 1687 
74700 3540 2065 
74750 3547 2403 
74800 3532 2680 
74850 3533 2917 
74900 3544 3100 
74950 3549 3271 
75000 3552 3339 
75050 3369 2153 
75100 3451 1015 
75150 3498 482 
75200 3526 194 
75250 3534 81 
75300 3517 34 
75350 3537 26 
75400 3559 26 
75450 3546 12 
75500 3543 11 
75550 3548 446 
75600 3543 1127 
75650 3557 1597 
75700 3553 2011 
75750 3527 2322 
75800 3540 2629 
75850 3537 2862 
75900 3538 3056 
75950 3550 3183 
76000 3543 3299 
76050 3341 2221 
76100 3446 1216 
76150 3480 647 
76200 3521 366 
76250 3520 185 
76300 3537 90 
76350 3560 23 
76400 3546 12 
76450 3544 5 
76500 3558 4 
76550 3544 529 
76600 3543 1178 
76650 3548 1694 
76700 3541 2159 
76750 3542 2534 
76800 3552 2844 
76850 3542 3047 
76900 3519 3198 
76950 3550 3307 
77000 3541 3387 
77050 3351 2194 
77100 3457 1144 
77150 3478 619 
77200 3496 309 
77250 3504 150 
77300 3537 58 
77350 3518 27 
77400 3550 9 
77450 3552 8 
77500 3553 5 
77550 3547 325 
77600 3551 977 
77650 3547 1450 
77700 3558 1852 
77750 3552 2252 
77800 3557 2580 
77850 3552 2882 
77900 3548 3070 
77950 3561 3260 
78000 3555 3365 
78050 3392 2123 
78100 3476 1023 
78150 3512 435 
78200 3536 120 
78250 3540 41 
78300 3543 24 
78350 3543 16 
78400 3540 4 
78450 3542 15 
78500 3528 10 
78550 3539 344 
78600 3544 997 
78650 3535 1537 
78700 3525 1992 
78750 3533 2334 
78800 3536 2607 
78850 3535 2813 
78900 3553 3025 
78950 3554 3184 
79000 3554 3304 
79050 3354 2206 
79100 3446 1244 
79150 3505 669 
79200 3513 312 
79250 3519 138 
79300 3535 57 
79350 3531 37 
79400 3554 15 
79450 3531 10 
79500 3552 6 
79550 3538 96 
79600 3524 751 
79650 3532 1238 
79700 3548 1652 
79750 3537 2041 
79800 3546 2413 
79850 3547 2691 
79900 3542 2901 
79950 3548 3093 
80000 3543 3203 
80050 3341 2219 
80100 3438 1264 
80150 3507 684 
80200 3530 319 
80250 3553 108 
80300 3554 39 
80350 3538 10 
80400 3532 6 
80450 3547 9 
80500 3567 7 
80550 3551 375 
80600 3543 1124 
80650 3547 1763 
80700 3544 2256 
80750 3536 2586 
80800 3534 2867 
80850 3543 3102 
80900 3540 3256 
80950 3531 3363 
81000 3545 3443 
81050 3359 2261 
81100 3457 1207 
81150 3482 621 
81200 3530 338 
81250 3529 163 
81300 3536 83 
81350 3541 38 
81400 3552 12 
81450 3553 11 
81500 3537 17 
81550 3541 554 
81600 3532 1356 
81650 3537 1941 
81700 3540 2394 
81750 3539 2706 
81800 3534 2961 
81850 3543 3127 
81900 3509 3225 
81950 3536 3363 
82000 3534 3419 
82050 3325 2210 
82100 3429 1125 
82150 3465 618 
82200 3518 330 
82250 3521 140 
82300 3516 78 
82350 3545 32 
82400 3570 16 
82450 3534 14 
82500 3554 12 
82550 3556 473 
82600 3550 1127 
82650 3546 1702 
82700 3549 2201 
82750 3551 2504 
82800 3554 2747 
82850 3550 2974 
82900 3538 3161 
82950 3532 3312 
83000 3536 3416 
83050 3341 2267 
83100 3481 1126 
83150 3493 550 
83200 3523 242 
83250 3536 96 
83300 3540 43 
83350 3534 17 
83400 3530 12 
83450 3540 13 
83500 3535 11 
83550 3529 411 
83600 3538 1015 
83650 3530 1460 
83700 3526 1838 
83750 3545 2245 
83800 3536 2522 
83850 3535 2773 
83900 3554 3013 
83950 3556 3159 
84000 3530 3266 
84050 3331 2257 
84100 3459 1220 
84150 3489 609 
84200 3528 310 
84250 3531 141 
84300 3544 56 
84350 3532 34 
84400 3545 22 
84450 3549 18 
84500 3537 10 
84550 3531 305 
84600 3541 1057 
84650 3547 1598 
84700 3559 1995 
84750 3547 2348 
84800 3537 2573 
84850 3537 2805 
84900 3550 3033 
84950 3544 3152 
85000 3556 3283 
85050 3300 2431 
85100 3394 1609 
85150 3441 1013 
85200 3489 621 
85250 3525 394 
85300 3539 200 
85350 3542 90 
85400 3565 30 
85450 3547 18 
85500 3549 25 
85550 3546 375 
85600 3560 1136 
85650 3561 1640 
85700 3553 2012 
85750 3560 2313 
85800 3549 2575 
85850 3553 2843 
85900 3547 2993 
85950 3531 3106 
86000 3536 3225 
86050 3328 2259 
86100 3437 1420 
86150 3475 845 
86200 3471 482 
86250 3505 241 
86300 3528 120 
86350 3541 63 
86400 3536 36 
86450 3563 14 
86500 3557 14 
86550 3559 443 
86600 3568 1145 
86650 3562 1642 
86700 3545 2071 
86750 3537 2404 
86800 3541 2757 
86850 3551 2982 
86900 3542 3173 
86950 3543 3319 
87000 3541 3390 
87050 3297 2320 
87100 3407 1340 
87150 3473 784 
87200 3515 433 
87250 3536 242 
87300 3531 143 
87350 3548 62 
87400 3545 33 
87450 3553 19 
87500 3555 13 
87550 3556 215 
87600 3542 712 
87650 3533 1108 
87700 3535 1485 
87750 3525 1810 
87800 3517 2135 
87850 3540 2425 
87900 3544 2754 
87950 3540 2943 
88000 3559 3127 
88050 3386 2199 
88100 3466 1208 
88150 3492 604 
88200 3528 272 
88250 3528 114 
88300 3538 39 
88350 3559 15 
88400 3570 14 
88450 3564 11 
88500 3539 11 
88550 3534 446 
88600 3538 1051 
88650 3547 1496 
88700 3543 1911 
88750 3537 2299 
88800 3546 2623 
88850 3511 2803 
88900 3532 3024 
88950 3554 3208 
89000 3558 3329 
89050 3377 2274 
89100 3498 1199 
89150 3534 634 
89200 3526 306 
89250 3532 115 
89300 3540 46 
89350 3537 18 
89400 3549 10 
89450 3551 4 
89500 3545 7 
89550 3537 613 
89600 3550 1347 
89650 3550 1952 
89700 3545 2383 
89750 3543 2762 
89800 3547 3026 
89850 3551 3231 
89900 3543 3331 
89950 3545 3397 
90000 3543 3454 
90050 3362 2210 
90100 3461 1063 
90150 3515 497 
90200 3541 214 
90250 3543 65 
90300 3553 30 
90350 3541 18 
90400 3557 12 
90450 3540 9 
90500 3547 14 
90550 3533 630 
90600 3547 1287 
90650 3535 1692 
90700 3535 2089 
90750 3532 2414 
90800 3534 2725 
90850 3542 2976 
90900 3533 3184 
90950 3544 3355 
91000 3546 3439 
91050 3326 2306 
91100 3407 1299 
91150 3469 763 
91200 3510 395 
91250 3528 186 
91300 3544 82 
91350 3535 38 
91400 3550 17 
91450 3539 7 
91500 3547 6 
91550 3527 408 
91600 3532 1033 
91650 3532 1535 
91700 3535 1959 
91750 3552 2246 
91800 3544 2516 
91850 3557 2760 
91900 3540 2948 
91950 3536 3136 
92000 3550 3296 
92050 3365 2156 
92100 3465 1211 
92150 3484 632 
92200 3528 298 
92250 3539 111 
92300 3539 34 
92350 3531 9 
92400 3550 16 
92450 3538 15 
92500 3544 10 
92550 3544 346 
92600 3546 905 
92650 3545 1394 
92700 3568 1802 
92750 3547 2136 
92800 3546 2425 
92850 3549 2701 
92900 3555 2912 
92950 3545 3097 
93000 3550 3232 
93050 3312 2329 
93100 3429 1393 
93150 3500 722 
93200 3517 348 
93250 3556 184 
93300 3530 96 
93350 3533 47 
93400 3537 26 
93450 3544 11 
93500 3551 8 
93550 3551 584 
93600 3555 1314 
93650 3558 1789 
93700 3554 2234 
93750 3539 2557 
93800 3551 2890 
93850 3547 3184 
93900 3537 3364 
93950 3543 3469 
94000 3541 3505 
94050 3327 2450 
94100 3413 1417 
94150 3477 819 
94200 3502 452 
94250 3522 277 
94300 3542 150 
94350 3545 64 
94400 3538 19 
94450 3530 12 
94500 3540 7 
94550 3544 549 
94600 3533 1139 
94650 3550 1631 
94700 3543 2045 
94750 3534 2352 
94800 3548 2658 
94850 3538 2871 
94900 3529 3037 
94950 3534 3179 
95000 3541 3294 
95050 3391 2157 
95100 3478 1105 
95150 3509 523 
95200 3533 219 
95250 3552 95 
95300 3524 26 
95350 3532 15 
95400 3541 10 
95450 3541 5 
95500 3527 10 
95550 3538 488 
95600 3546 1200 
95650 3535 1692 
95700 3546 2057 
95750 3548 2420 
95800 3543 2670 
95850 3549 2837 
95900 3545 3011 
95950 3549 3171 
96000 3545 3268 
96050 3378 2133 
96100 3453 1187 
96150 3502 645 
96200 3516 335 
96250 3521 143 
96300 3530 51 
96350 3553 20 
96400 3530 10 
96450 3552 4 
96500 3551 8 
96550 3539 546 
96600 3531 1252 
96650 3527 1830 
96700 3537 2190 
96750 3522 2456 
96800 3547 2722 
96850 3532 2925 
96900 3521 3088 
96950 3538 3235 
97000 3557 3362 
97050 3395 2189 
97100 3468 1110 
97150 3506 581 
97200 3538 280 
97250 3532 140 
97300 3537 68 
97350 3537 43 
97400 3550 28 
97450 3538 16 
97500 3548 15 
97550 3550 534 
97600 3556 1218 
97650 3545 1742 
97700 3552 2161 
97750 3547 2486 
97800 3558 2818 
97850 3548 3062 
97900 3561 3254 
97950 3563 3358 
98000 3543 3407 
98050 3377 2195 
98100 3485 1067 
98150 3515 461 
98200 3539 179 
98250 3535 53 
98300 3544 27 
98350 3541 20 
98400 3558 12 
98450 3543 13 
98500 3538 7 
98550 3518 610 
98600 3516 1295 
98650 3514 1904 
98700 3533 2402 
98750 3518 2732 
98800 3520 3012 
98850 3534 3204 
98900 3543 3343 
98950 3539 3395 
99000 3535 3478 
99050 3358 2185 
99100 3475 1075 
99150 3527 434 
99200 3543 188 
99250 3542 62 
99300 3555 14 
99350 3554 5 
99400 3545 11 
99450 3534 11 
99500 3559 9 
99550 3551 422 
99600 3535 969 
99650 3542 1430 
99700 3539 1823 
99750 3550 2162 
99800 3551 2491 
99850 3551 2733 
99900 3558 2964 
99950 3554 3153 
100000 3538 3257 
100050 3341 2264 
100100 3450 1269 
100150 3521 624 
100200 3545 267 
100250 3541 104 
100300 3539 34 
100350 3536 20 
100400 3551 9 
100450 3547 3 
100500 3561 1 
100550 3546 439 
100600 3540 1157 
100650 3526 1672 
100700 3529 2116 
100750 3534 2464 
100800 3552 2767 
100850 3545 2995 
100900 3537 3168 
100950 3536 3331 
101000 3546 3430 
101050 3344 2301 
101100 3424 1354 
101150 3481 839 
101200 3486 495 
101250 3530 298 
101300 3536 156 
101350 3530 54 
101400 3533 19 
101450 3534 10 
101500 3549 9 
101550 3565 465 
101600 3569 1013 
101650 3564 1460 
101700 3545 1836 
101750 3550 2217 
101800 3554 2493 
101850 3541 2736 
101900 3542 2972 
101950 3547 3171 
102000 3557 3290 
102050 3340 2330 
102100 3437 1341 
102150 3486 778 
102200 3520 403 
102250 3533 158 
102300 3540 74 
102350 3541 39 
102400 3532 15 
102450 3538 6 
102500 3546 8 
102550 3542 379 
102600 3525 1189 
102650 3537 1822 
102700 3549 2306 
102750 3547 2696 
102800 3535 2982 
102850 3546 3216 
102900 3552 3357 
102950 3544 3403 
103000 3536 3443 
103050 3319 2317 
103100 3398 1318 
103150 3473 771 
103200 3476 411 
103250 3516 205 
103300 3532 113 
103350 3526 46 
103400 3547 17 
103450 3544 16 
103500 3553 12 
103550 3523 280 
103600 3527 862 
103650 3529 1440 
103700 3534 1886 
103750 3545 2244 
103800 3522 2569 
103850 3522 2834 
103900 3542 3063 
103950 3549 3213 
104000 3537 3328 
104050 3363 2121 
104100 3491 1123 
104150 3527 568 
104200 3548 267 
104250 3561 76 
104300 3540 28 
104350 3557 13 
104400 3538 4 
104450 3542 6 
104500 3542 7 
104550 3554 430 
104600 3553 1117 
104650 3552 1655 
104700 3549 2126 
104750 3543 2463 
104800 3548 2741 
104850 3553 2954 
104900 3539 3124 
104950 3535 3260 
105000 3525 3383 
105050 3352 2245 
105100 3444 1173 
105150 3479 662 
105200 3516 386 
105250 3538 208 
105300 3539 130 
105350 3543 61 
105400 3545 24 
105450 3529 11 
105500 3557 8 
105550 3542 352 
105600 3548 972 
105650 3547 1520 
105700 3542 1948 
105750 3543 2369 
105800 3537 2676 
105850 3548 2937 
105900 3559 3141 
105950 3555 3323 
106000 3538 3409 
106050 3345 2297 
106100 3440 1313 
106150 3501 707 
106200 3521 370 
106250 3546 163 
106300 3538 80 
106350 3542 32 
106400 3528 11 
106450 3542 8 
106500 3547 8 
106550 3548 341 
106600 3536 956 
106650 3528 1468 
106700 3529 1891 
106750 3533 2244 
106800 3529 2558 
106850 3539 2800 
106900 3537 3056 
106950 3545 3209 
107000 3552 3342 
107050 3335 2178 
107100 3476 1150 
107150 3498 562 
107200 3532 305 
107250 3526 150 
107300 3525 48 
107350 3542 11 
107400 3551 7 
107450 3542 1 
107500 3537 0 
107550 3541 465 
107600 3543 1092 
107650 3538 1603 
107700 3536 2046 
107750 3555 2413 
107800 3557 2649 
107850 3539 2871 
107900 3540 3034 
107950 3550 3193 
108000 3552 3316 
108050 3341 2217 
108100 3433 1303 
108150 3475 724 
108200 3494 403 
108250 3513 222 
108300 3538 129 
108350 3552 58 
108400 3562 25 
108450 3550 13 
108500 3547 7 
108550 3530 457 
108600 3521 1066 
108650 3542 1524 
108700 3550 1899 
108750 3543 2220 
108800 3542 2514 
108850 3548 2738 
108900 3543 2963 
108950 3535 3132 
109000 3542 3251 
109050 3382 2145 
109100 3490 1138 
109150 3525 516 
109200 3548 211 
109250 3541 56 
109300 3544 15 
109350 3536 17 
109400 3532 14 
109450 3545 11 
109500 3541 3 
109550 3549 492 
109600 3556 1158 
109650 3554 1677 
109700 3554 2106 
109750 3552 2527 
109800 3555 2886 
109850 3542 3104 
109900 3541 3278 
109950 3523 3376 
110000 3552 3449 
110050 3344 2268 
110100 3433 1197 
110150 3497 669 
110200 3523 354 
110250 3550 164 
110300 3551 68 
110350 3562 21 
110400 3542 17 
110450 3547 6 
110500 3537 9 
110550 3529 407 
110600 3523 1270 
110650 3531 1909 
110700 3518 2363 
110750 3519 2671 
110800 3520 2893 
110850 3530 3109 
110900 3530 3282 
110950 3540 3391 
111000 3547 3462 
111050 3356 2125 
111100 3468 1049 
111150 3508 506 
111200 3536 208 
111250 3538 76 
111300 3534 35 
111350 3533 9 
111400 3561 7 
111450 3546 11 
111500 3547 9 
111550 3557 300 
111600 3547 1000 
111650 3543 1458 
111700 3547 1886 
111750 3564 2251 
111800 3558 2517 
111850 3537 2759 
111900 3551 2956 
111950 3550 3151 
112000 3549 3313 
112050 3332 2236 
112100 3458 1249 
112150 3503 712 
112200 3527 418 
112250 3522 220 
112300 3536 120 
112350 3548 56 
112400 3552 18 
112450 3554 21 
112500 3560 16 
112550 3544 295 
112600 3547 873 
112650 3547 1316 
112700 3538 1718 
112750 3548 2087 
112800 3535 2432 
112850 3554 2763 
112900 3548 3006 
112950 3548 3222 
113000 3545 3358 
113050 3334 2210 
113100 3428 1202 
113150 3473 627 
113200 3493 337 
113250 3533 184 
113300 3534 91 
113350 3529 50 
113400 3538 16 
113450 3557 12 
113500 3530 11 
113550 3545 467 
113600 3539 1168 
113650 3538 1683 
113700 3527 2029 
113750 3545 2320 
113800 3539 2597 
113850 3546 2808 
113900 3560 3002 
113950 3545 3166 
114000 3550 3296 
114050 3370 2148 
114100 3465 1166 
114150 3520 502 
114200 3518 187 
114250 3537 73 
114300 3528 28 
114350 3544 11 
114400 3551 11 
114450 3553 15 
114500 3542 20 
114550 3538 471 
114600 3539 1130 
114650 3542 1722 
114700 3543 2249 
114750 3537 2589 
114800 3547 2946 
114850 3551 3175 
114900 3556 3336 
114950 3546 3421 
115000 3542 3460 
115050 3392 2203 
115100 3489 1086 
115150 3537 562 
115200 3534 226 
115250 3532 64 
115300 3556 21 
115350 3542 20 
115400 3534 16 
115450 3553 20 
115500 3546 11 
115550 3538 741 
115600 3527 1544 
115650 3528 2192 
115700 3525 2661 
115750 3548 3011 
115800 3551 3224 
115850 3552 3378 
115900 3542 3449 
115950 3545 3488 
116000 3551 3511 
116050 3340 2272 
116100 3448 1110 
116150 3482 560 
116200 3511 247 
116250 3540 110 
116300 3536 55 
116350 3533 27 
116400 3533 16 
116450 3550 12 
116500 3540 5 
116550 3549 640 
116600 3552 1245 
116650 3536 1732 
116700 3551 2177 
116750 3550 2518 
116800 3542 2808 
116850 3527 3023 
116900 3537 3214 
116950 3533 3332 
117000 3541 3431 
117050 3354 2283 
117100 3479 1260 
117150 3517 708 
117200 3512 412 
117250 3503 239 
117300 3533 152 
117350 3535 77 
117400 3541 26 
117450 3537 6 
117500 3546 3 
117550 3541 0 
117600 3538 746 
117650 3536 1380 
117700 3531 1889 
117750 3541 2260 
117800 3535 2567 
117850 3531 2817 
117900 3535 3003 
117950 3555 3185 
118000 3555 3320 
118050 3325 2284 
118100 3432 1275 
118150 3478 714 
118200 3484 362 
118250 3533 192 
118300 3544 124 
118350 3537 65 
118400 3546 30 
118450 3532 20 
118500 3545 10 
118550 3545 612 
118600 3531 1253 
118650 3533 1716 
118700 3538 2056 
118750 3537 2358 
118800 3522 2619 
118850 3534 2885 
118900 3558 3078 
118950 3552 3250 
119000 3539 3378 
119050 3349 2289 
119100 3457 1275 
119150 3494 695 
119200 3513 360 
119250 3536 169 
119300 3544 73 
119350 3538 46 
119400 3555 11 
119450 3547 14 
119500 3539 10 
119550 3544 607 
119600 3551 1387 
119650 3550 1859 
119700 3550 2197 
119750 3542 2476 
119800 3544 2715 
119850 3550 2914 
119900 3538 3058 
119950 3540 3190 
120000 3532 3299 
120050 3377 2323 
120100 3467 1324 
120150 3507 697 
120200 3518 315 
120250 3534 169 
120300 3541 94 
120350 3529 51 
120400 3550 26 
120450 3563 4 
120500 3540 9 
120550 3532 410 
120600 3531 919 
120650 3538 1360 
120700 3537 1809 
120750 3546 2202 
120800 3546 2545 
120850 3549 2853 
120900 3539 3080 
120950 3513 3206 
121000 3547 3349 
121050 3314 2458 
121100 3424 1591 
121150 3456 1056 
121200 3473 667 
121250 3517 461 
121300 3544 297 
121350 3542 157 
121400 3556 71 
121450 3551 28 
121500 3533 11 
121550 3542 334 
121600 3537 909 
121650 3540 1385 
121700 3544 1812 
121750 3535 2227 
121800 3548 2580 
121850 3537 2790 
121900 3541 3002 
121950 3537 3193 
122000 3534 3311 
122050 3327 2239 
122100 3439 1147 
122150 3487 624 
122200 3517 365 
122250 3509 193 
122300 3533 96 
122350 3551 50 
122400 3549 20 
122450 3546 12 
122500 3548 4 
122550 3550 393 
122600 3542 999 
122650 3553 1439 
122700 3549 1784 
122750 3551 2091 
122800 3548 2348 
122850 3553 2631 
122900 3550 2794 
122950 3545 2976 
123000 3553 3151 
123050 3350 2232 
123100 3450 1228 
123150 3470 707 
123200 3511 403 
123250 3524 192 
123300 3535 95 
123350 3532 50 
123400 3546 23 
123450 3553 12 
123500 3555 7 
123550 3537 420 
123600 3534 1065 
123650 3542 1550 
123700 3533 2039 
123750 3547 2437 
123800 3531 2726 
123850 3541 2972 
123900 3556 3192 
123950 3566 3354 
124000 3541 3416 
124050 3338 2364 
124100 3434 1311 
124150 3480 732 
124200 3501 391 
124250 3527 180 
124300 3532 89 
124350 3532 40 
124400 3546 24 
124450 3570 7 
124500 3560 7 
124550 3557 145 
124600 3545 764 
124650 3528 1204 
124700 3538 1637 
124750 3530 2002 
124800 3558 2378 
124850 3543 2663 
124900 3542 2909 
124950 3552 3105 
125000 3533 3223 
125050 3278 2544 
125100 3348 1707 
125150 3393 1122 
125200 3436 759 
125250 3491 585 
125300 3502 376 
125350 3499 216 
125400 3514 124 
125450 3527 67 
125500 3543 24 
125550 3540 27 
125600 3535 691 
125650 3535 1125 
125700 3543 1516 
125750 3543 1874 
125800 3547 2204 
125850 3543 2498 
125900 3554 2739 
125950 3543 2963 
126000 3530 3085 
126050 3341 2245 
126100 3471 1294 
126150 3492 686 
126200 3526 351 
126250 3529 174 
126300 3546 77 
126350 3541 25 
126400 3537 5 
126450 3541 4 
126500 3539 7 
126550 3547 498 
126600 3556 1000 
126650 3558 1470 
126700 3548 1851 
126750 3544 2186 
126800 3545 2519 
126850 3550 2784 
126900 3546 2975 
126950 3563 3134 
127000 3533 3251 
127050 3343 2286 
127100 3457 1194 
127150 3484 580 
127200 3533 246 
127250 3544 74 
127300 3547 17 
127350 3548 9 
127400 3543 7 
127450 3552 2 
127500 3546 5 
127550 3552 3 
127600 3553 97 
127650 3540 764 
127700 3538 1385 
127750 3528 1877 
127800 3550 2261 
127850 3533 2528 
127900 3550 2790 
127950 3549 3021 
128000 3558 3229 
128050 3331 2284 
128100 3447 1373 
128150 3479 743 
128200 3487 456 
128250 3520 293 
128300 3540 216 
128350 3545 142 
128400 3541 79 
128450 3544 36 
128500 3548 16 
128550 3553 1 
128600 3525 24 
128650 3456 464 
128700 3446 1069 
128750 3441 1537 
128800 3441 1997 
128850 3456 2380 
128900 3453 2785 
128950 3490 3088 
129000 3503 3273 
129050 3350 2119 
129100 3450 1072 
129150 3485 552 
129200 3516 309 
129250 3519 167 
129300 3539 84 
129350 3549 45 
129400 3542 23 
129450 3541 9 
129500 3555 1 
129550 3548 358 
129600 3544 1036 
129650 3538 1515 
129700 3542 1911 
129750 3535 2252 
129800 3552 2545 
129850 3539 2769 
129900 3545 3009 
129950 3549 3193 
130000 3539 3313 
130050 3381 2171 
130100 3463 1185 
130150 3506 597 
130200 3529 313 
130250 3521 172 
130300 3533 101 
130350 3552 60 
130400 3538 27 
130450 3536 7 
130500 3532 10 
130550 3550 408 
130600 3538 1071 
130650 3539 1621 
130700 3533 2090 
130750 3532 2490 
130800 3545 2808 
130850 3544 3052 
130900 3554 3267 
130950 3550 3424 
131000 3529 3472 
131050 3323 2428 
131100 3385 1510 
131150 3461 993 
131200 3499 635 
131250 3501 444 
131300 3530 305 
131350 3549 173 
131400 3557 94 
131450 3544 39 
131500 3545 9 
131550 3547 330 
131600 3532 1109 
131650 3519 1616 
131700 3522 2018 
131750 3527 2367 
131800 3535 2691 
131850 3551 2969 
131900 3521 3162 
131950 3542 3330 
132000 3545 3442 
132050 3311 2350 
132100 3395 1453 
132150 3465 868 
132200 3493 442 
132250 3529 197 
132300 3545 82 
132350 3539 16 
132400 3560 6 
132450 3545 6 
132500 3549 9 
132550 3543 341 
132600 3508 986 
132650 3517 1511 
132700 3506 1875 
132750 3505 2279 
132800 3503 2647 
132850 3501 2899 
132900 3500 3122 
132950 3516 3260 
133000 3510 3365 
133050 3295 2366 
133100 3383 1356 
133150 3441 828 
133200 3460 513 
133250 3503 318 
133300 3526 223 
133350 3531 128 
133400 3537 76 
133450 3549 30 
133500 3536 12 
133550 3528 443 
133600 3530 1020 
133650 3525 1523 
133700 3532 1948 
133750 3530 2321 
133800 3523 2666 
133850 3520 3009 
133900 3544 3245 
133950 3545 3388 
134000 3547 3448 
134050 3355 2310 
134100 3448 1135 
134150 3507 524 
134200 3519 198 
134250 3530 71 
134300 3565 35 
134350 3559 6 
134400 3548 3 
134450 3550 2 
134500 3546 1 
134550 3529 9 
134600 3467 370 
134650 3422 991 
134700 3410 1435 
134750 3410 1847 
134800 3408 2224 
134850 3428 2510 
134900 3439 2779 
134950 3469 2979 
135000 3481 3120 
135050 3303 2220 
135100 3442 1258 
135150 3493 614 
135200 3493 251 
135250 3517 94 
135300 3539 43 
135350 3544 15 
135400 3536 11 
135450 3546 13 
135500 3542 7 
135550 3544 520 
135600 3538 1097 
135650 3547 1568 
135700 3549 1938 
135750 3549 2297 
135800 3538 2584 
135850 3536 2842 
135900 3542 3049 
135950 3543 3190 
136000 3548 3282 
136050 3331 2250 
136100 3442 1194 
136150 3494 672 
136200 3524 330 
136250 3535 113 
136300 3550 35 
136350 3546 16 
136400 3542 11 
136450 3549 8 
136500 3541 9 
136550 3510 70 
136600 3451 924 
136650 3445 1581 
136700 3429 2128 
136750 3439 2546 
136800 3482 2866 
136850 3505 3066 
136900 3535 3241 
136950 3531 3382 
137000 3542 3466 
137050 3345 2151 
137100 3491 1046 
137150 3534 443 
137200 3539 160 
137250 3543 46 
137300 3548 13 
137350 3540 10 
137400 3545 4 
137450 3552 5 
137500 3538 11 
137550 3544 157 
137600 3551 846 
137650 3553 1452 
137700 3546 1932 
137750 3558 2344 
137800 3553 2655 
137850 3562 2919 
137900 3551 3080 
137950 3555 3232 
138000 3541 3329 
138050 3336 2213 
138100 3467 1185 
138150 3502 608 
138200 3514 311 
138250 3518 178 
138300 3525 102 
138350 3547 49 
138400 3547 18 
138450 3559 8 
138500 3532 7 
138550 3535 591 
138600 3541 1346 
138650 3545 1937 
138700 3533 2320 
138750 3520 2667 
138800 3541 2959 
138850 3534 3104 
138900 3533 3232 
138950 3552 3365 
139000 3554 3433 
139050 3379 2202 
139100 3465 1145 
139150 3506 566 
139200 3522 248 
139250 3530 87 
139300 3539 26 
139350 3539 15 
139400 3511 5 
139450 3538 3 
139500 3550 8 
139550 3548 374 
139600 3543 1005 
139650 3543 1544 
139700 3540 1963 
139750 3537 2317 
139800 3547 2658 
139850 3561 2969 
139900 3549 3207 
139950 3533 3338 
140000 3557 3455 
140050 3368 2214 
140100 3462 1094 
140150 3486 579 
140200 3525 306 
140250 3541 149 
140300 3526 75 
140350 3544 26 
140400 3551 15 
140450 3549 6 
140500 3551 7 
140550 3506 52 
140600 3453 631 
140650 3445 1129 
140700 3428 1584 
140750 3436 1969 
140800 3426 2358 
140850 3425 2658 
140900 3436 2960 
140950 3442 3168 
141000 3466 3300 
141050 3310 2209 
141100 3474 1175 
141150 3505 614 
141200 3543 247 
141250 3536 89 
141300 3546 33 
141350 3549 22 
141400 3546 9 
141450 3547 6 
141500 3542 4 
141550 3545 413 
141600 3548 1129 
141650 3544 1762 
141700 3541 2190 
141750 3550 2503 
141800 3541 2756 
141850 3539 2997 
141900 3539 3165 
141950 3543 3299 
142000 3553 3405 
142050 3402 2065 
142100 3495 970 
142150 3516 460 
142200 3543 184 
142250 3556 56 
142300 3564 24 
142350 3554 14 
142400 3539 6 
142450 3525 8 
142500 3543 9 
142550 3540 478 
142600 3550 1198 
142650 3537 1783 
142700 3548 2223 
142750 3535 2567 
142800 3523 2813 
142850 3547 3041 
142900 3551 3221 
142950 3539 3374 
143000 3542 3441 
143050 3369 2234 
143100 3439 1211 
143150 3501 622 
143200 3501 325 
143250 3501 159 
143300 3539 90 
143350 3536 34 
143400 3527 7 
143450 3544 15 
143500 3543 12 
143550 3545 343 
143600 3546 916 
143650 3531 1334 
143700 3527 1759 
143750 3515 2119 
143800 3507 2466 
143850 3505 2775 
143900 3517 2974 
143950 3531 3143 
144000 3534 3228 
144050 3321 2189 
144100 3440 1124 
144150 3471 622 
144200 3542 306 
144250 3544 122 
144300 3552 45 
144350 3552 16 
144400 3537 5 
144450 3546 18 
144500 3546 11 
144550 3560 513 
144600 3558 1105 
144650 3543 1574 
144700 3552 1984 
144750 3540 2311 
144800 3537 2621 
144850 3556 2821 
144900 3555 2976 
144950 3553 3131 
145000 3546 3245 
145050 3363 2125 
145100 3457 1107 
145150 3501 615 
145200 3520 318 
145250 3533 138 
145300 3540 49 
145350 3535 20 
145400 3544 6 
145450 3537 10 
145500 3537 8 
145550 3543 487 
145600 3539 1077 
145650 3555 1480 
145700 3526 1850 
145750 3533 2191 
145800 3553 2462 
145850 3532 2737 
145900 3537 2965 
145950 3558 3169 
146000 3551 3293 
146050 3368 2249 
146100 3439 1222 
146150 3493 669 
146200 3527 308 
146250 3525 123 
146300 3532 41 
146350 3508 15 
146400 3548 16 
146450 3544 8 
146500 3552 2 
146550 3539 456 
146600 3546 1132 
146650 3541 1638 
146700 3542 2014 
146750 3542 2353 
146800 3562 2671 
146850 3553 2883 
146900 3550 3079 
146950 3551 3192 
147000 3546 3306 
147050 3399 2164 
147100 3483 1193 
147150 3491 618 
147200 3497 330 
147250 3519 174 
147300 3546 102 
147350 3551 40 
147400 3536 18 
147450 3557 9 
147500 3559 8 
147550 3535 620 
147600 3532 1340 
147650 3538 1925 
147700 3535 2398 
147750 3545 2772 
147800 3548 3013 
147850 3554 3203 
147900 3537 3317 
147950 3541 3389 
148000 3546 3466 
148050 3284 2344 
148100 3373 1530 
148150 3439 951 
148200 3461 597 
148250 3502 355 
148300 3543 151 
148350 3539 48 
148400 3564 12 
148450 3554 15 
148500 3542 13 
148550 3543 358 
148600 3542 912 
148650 3558 1358 
148700 3552 1704 
148750 3534 2081 
148800 3537 2408 
148850 3563 2740 
148900 3557 2982 
148950 3552 3154 
149000 3546 3277 
149050 3335 2348 
149100 3463 1417 
149150 3504 850 
149200 3520 463 
149250 3526 222 
149300 3546 118 
149350 3540 50 
149400 3529 10 
149450 3525 3 
149500 3539 2 
149550 3534 348 
149600 3534 1001 
149650 3539 1524 
149700 3546 1958 
149750 3539 2309 
149800 3543 2616 
149850 3528 2854 
149900 3523 3042 
149950 3532 3177 
150000 3532 3294 
150050 3329 2320 
150100 3409 1393 
150150 3489 830 
150200 3488 443 
150250 3503 232 
150300 3524 118 
150350 3541 28 
150400 3528 22 
150450 3553 9 
150500 3532 5 
150550 3542 387 
150600 3541 976 
150650 3554 1400 
150700 3536 1807 
150750 3538 2146 
150800 3540 2477 
150850 3555 2777 
150900 3557 3004 
150950 3552 3154 
151000 3546 3299 
151050 3300 2479 
151100 3413 1598 
151150 3489 998 
151200 3501 601 
151250 3529 421 
151300 3539 289 
151350 3552 169 
151400 3536 85 
151450 3552 45 
151500 3545 20 
151550 3544 310 
151600 3545 1049 
151650 3535 1485 
151700 3533 1917 
151750 3534 2293 
151800 3556 2639 
151850 3550 2930 
151900 3550 3140 
151950 3555 3286 
152000 3543 3420 
152050 3277 2411 
152100 3387 1505 
152150 3442 953 
152200 3481 522 
152250 3510 307 
152300 3517 167 
152350 3541 66 
152400 3552 24 
152450 3556 9 
152500 3542 3 
152550 3544 111 
152600 3538 758 
152650 3518 1218 
152700 3524 1617 
152750 3533 2015 
152800 3549 2339 
152850 3557 2661 
152900 3553 2900 
152950 3540 3052 
153000 3534 3198 
153050 3308 2419 
153100 3390 1497 
153150 3435 908 
153200 3471 512 
153250 3515 264 
153300 3532 127 
153350 3538 51 
153400 3548 13 
153450 3547 15 
153500 3538 18 
153550 3548 467 
153600 3538 1063 
153650 3533 1499 
153700 3543 1925 
153750 3538 2335 
153800 3516 2642 
153850 3551 2943 
153900 3549 3177 
153950 3557 3320 
154000 3540 3423 
154050 3298 2335 
154100 3423 1370 
154150 3492 701 
154200 3519 316 
154250 3543 113 
154300 3535 53 
154350 3533 24 
154400 3539 8 
154450 3541 4 
154500 3550 1 
154550 3520 370 
154600 3530 1076 
154650 3527 1616 
154700 3554 2102 
154750 3528 2465 
154800 3543 2791 
154850 3556 3039 
154900 3539 3214 
154950 3537 3396 
155000 3544 3478 
155050 3291 2572 
155100 3367 1679 
155150 3409 1120 
155200 3493 804 
155250 3536 522 
155300 3517 312 
155350 3541 183 
155400 3549 86 
155450 3537 41 
155500 3551 14 
155550 3538 193 
155600 3524 933 
155650 3521 1465 
155700 3528 1851 
155750 3552 2257 
155800 3556 2633 
155850 3554 2871 
155900 3534 3030 
155950 3556 3190 
156000 3553 3325 
156050 3325 2397 
156100 3406 1433 
156150 3499 829 
156200 3512 445 
156250 3530 220 
156300 3543 98 
156350 3540 36 
156400 3528 13 
156450 3534 6 
156500 3538 2 
156550 3525 358 
156600 3534 920 
156650 3535 1396 
156700 3538 1802 
156750 3543 2205 
156800 3542 2532 
156850 3551 2793 
156900 3549 2985 
156950 3549 3148 
157000 3546 3267 
157050 3345 2216 
157100 3445 1214 
157150 3481 577 
157200 3525 261 
157250 3538 121 
157300 3542 44 
157350 3551 25 
157400 3537 19 
157450 3550 16 
157500 3539 17 
157550 3537 432 
157600 3551 1002 
157650 3546 1474 
157700 3535 1896 
157750 3542 2264 
157800 3550 2566 
157850 3552 2819 
157900 3552 3030 
157950 3557 3183 
158000 3548 3299 
158050 3334 2354 
158100 3417 1483 
158150 3486 940 
158200 3526 554 
158250 3526 321 
158300 3547 184 
158350 3534 79 
158400 3541 40 
158450 3538 15 
158500 3555 6 
158550 3545 287 
158600 3554 906 
158650 3552 1352 
158700 3550 1746 
158750 3542 2094 
158800 3560 2507 
158850 3545 2820 
158900 3552 3103 
158950 3549 3281 
159000 3541 3420 
159050 3369 2161 
159100 3477 1060 
159150 3518 528 
159200 3529 241 
159250 3537 78 
159300 3536 38 
159350 3553 13 
159400 3551 9 
159450 3557 9 
159500 3542 13 
159550 3531 235 
159600 3541 832 
159650 3537 1320 
159700 3549 1802 
159750 3529 2127 
159800 3550 2511 
159850 3540 2777 
159900 3558 3003 
159950 3533 3137 
160000 3535 3249 
160050 3324 2392 
160100 3401 1457 
160150 3484 853 
160200 3485 446 
160250 3530 200 
160300 3536 91 
160350 3557 24 
160400 3543 8 
160450 3533 8 
160500 3533 9 
160550 3538 329 
160600 3529 893 
160650 3533 1371 
160700 3530 1730 
160750 3546 2116 
160800 3535 2437 
160850 3541 2729 
160900 3537 2952 
160950 3560 3135 
161000 3541 3224 
161050 3345 2304 
161100 3457 1280 
161150 3526 654 
161200 3538 251 
161250 3522 95 
161300 3546 33 
161350 3540 17 
161400 3542 6 
161450 3553 7 
161500 3532 3 
161550 3544 350 
161600 3545 929 
161650 3547 1391 
161700 3541 1769 
161750 3546 2163 
161800 3548 2496 
161850 3554 2757 
161900 3540 2960 
161950 3559 3125 
162000 3540 3239 
162050 3316 2325 
162100 3413 1363 
162150 3461 772 
162200 3484 417 
162250 3524 194 
162300 3545 96 
162350 3554 32 
162400 3547 11 
162450 3540 2 
162500 3528 3 
162550 3554 9 
162600 3536 466 
162650 3541 1015 
162700 3535 1498 
162750 3544 1946 
162800 3540 2319 
162850 3547 2657 
162900 3540 2910 
162950 3530 3121 
163000 3542 3294 
163050 3308 2386 
163100 3389 1533 
163150 3448 986 
163200 3469 616 
163250 3501 420 
163300 3498 294 
163350 3529 185 
163400 3535 105 
163450 3537 56 
163500 3556 22 
163550 3523 189 
163600 3488 789 
163650 3495 1283 
163700 3482 1645 
163750 3524 1982 
163800 3536 2320 
163850 3519 2590 
163900 3540 2866 
163950 3510 3055 
164000 3514 3184 
164050 3383 2121 
164100 3480 1042 
164150 3521 454 
164200 3531 187 
164250 3528 54 
164300 3546 21 
164350 3556 8 
164400 3545 6 
164450 3547 10 
164500 3549 6 
164550 3543 411 
164600 3541 975 
164650 3552 1443 
164700 3535 1784 
164750 3547 2121 
164800 3531 2505 
164850 3546 2802 
164900 3543 3058 
164950 3553 3259 
165000 3541 3391 
165050 3341 2485 
165100 3415 1550 
165150 3464 922 
165200 3496 476 
165250 3527 276 
165300 3540 139 
165350 3537 56 
165400 3536 18 
165450 3547 9 
165500 3543 1 
165550 3555 39 
165600 3549 807 
165650 3550 1305 
165700 3525 1719 
165750 3548 2103 
165800 3535 2384 
165850 3519 2588 
165900 3534 2760 
165950 3540 2931 
166000 3540 3097 
166050 3286 2358 
166100 3337 1643 
166150 3413 1162 
166200 3451 756 
166250 3499 501 
166300 3515 340 
166350 3527 208 
166400 3523 122 
166450 3524 78 
166500 3547 52 
166550 3509 44 
166600 3389 153 
166650 3133 390 
166700 2844 674 
166750 2753 1226 
166800 2841 1615 
166850 2973 1926 
166900 3129 2258 
166950 3221 2486 
167000 3319 2732 
167050 3198 2065 
167100 3328 1262 
167150 3378 734 
167200 3431 427 
167250 3485 208 
167300 3502 110 
167350 3534 68 
167400 3540 31 
167450 3557 22 
167500 3552 8 
167550 3535 510 
167600 3519 1103 
167650 3543 1538 
167700 3539 1885 
167750 3547 2182 
167800 3538 2505 
167850 3535 2769 
167900 3552 3012 
167950 3548 3201 
168000 3556 3324 
168050 3328 2276 
168100 3408 1355 
168150 3461 858 
168200 3474 546 
168250 3509 350 
168300 3529 246 
168350 3525 162 
168400 3521 77 
168450 3535 31 
168500 3546 17 
168550 3549 226 
168600 3556 807 
168650 3542 1282 
168700 3542 1674 
168750 3546 2018 
168800 3528 2323 
168850 3542 2645 
168900 3541 2857 
168950 3543 3032 
169000 3550 3186 
169050 3374 2201 
169100 3464 1209 
169150 3475 637 
169200 3504 311 
169250 3534 134 
169300 3521 59 
169350 3548 27 
169400 3552 17 
169450 3561 13 
169500 3555 9 
169550 3537 105 
169600 3546 841 
169650 3554 1345 
169700 3550 1760 
169750 3540 2140 
169800 3545 2458 
169850 3538 2757 
169900 3532 2982 
169950 3551 3144 
170000 3541 3267 
170050 3337 2281 
170100 3457 1309 
170150 3501 680 
170200 3531 325 
170250 3528 166 
170300 3542 70 
170350 3535 45 
170400 3540 19 
170450 3548 7 
170500 3538 5 
170550 3556 25 
170600 3547 760 
170650 3533 1253 
170700 3539 1761 
170750 3543 2173 
170800 3525 2476 
170850 3546 2746 
170900 3541 2932 
170950 3538 3088 
171000 3548 3186 
171050 3374 2189 
171100 3474 1143 
171150 3497 544 
171200 3539 204 
171250 3545 75 
171300 3552 22 
171350 3545 17 
171400 3536 5 
171450 3543 3 
171500 3525 5 
171550 3524 532 
171600 3532 1215 
171650 3538 1701 
171700 3545 2014 
171750 3540 2281 
171800 3548 2565 
171850 3545 2753 
171900 3551 2975 
171950 3536 3113 
172000 3570 3261 
172050 3348 2310 
172100 3451 1383 
172150 3507 784 
172200 3516 405 
172250 3541 165 
172300 3549 78 
172350 3553 25 
172400 3545 11 
172450 3549 10 
172500 3544 11 
172550 3541 255 
172600 3552 988 
172650 3537 1584 
172700 3537 2071 
172750 3552 2471 
172800 3557 2810 
172850 3546 3007 
172900 3542 3159 
172950 3545 3284 
173000 3553 3383 
173050 3365 2259 
173100 3448 1348 
173150 3502 760 
173200 3523 365 
173250 3530 147 
173300 3532 78 
173350 3550 27 
173400 3544 11 
173450 3558 11 
173500 3559 5 
173550 3556 427 
173600 3544 1137 
173650 3550 1698 
173700 3559 2135 
173750 3557 2490 
173800 3547 2783 
173850 3547 2976 
173900 3543 3178 
173950 3542 3316 
174000 3552 3416 
174050 3371 2293 
174100 3461 1250 
174150 3495 705 
174200 3515 324 
174250 3536 169 
174300 3555 89 
174350 3536 31 
174400 3564 10 
174450 3545 9 
174500 3554 3 
174550 3548 453 
174600 3539 1302 
174650 3553 1995 
174700 3556 2478 
174750 3553 2844 
174800 3561 3106 
174850 3543 3261 
174900 3554 3410 
174950 3545 3465 
175000 3540 3506 
175050 3375 2317 
175100 3474 1215 
175150 3534 561 
175200 3537 212 
175250 3540 68 
175300 3555 34 
175350 3546 16 
175400 3551 8 
175450 3545 4 
175500 3558 7 
175550 3544 441 
175600 3546 1074 
175650 3539 1561 
175700 3545 2026 
175750 3559 2409 
175800 3543 2725 
175850 3538 2949 
175900 3551 3189 
175950 3547 3320 
176000 3560 3426 
176050 3323 2329 
176100 3413 1351 
176150 3469 776 
176200 3493 441 
176250 3519 274 
176300 3544 157 
176350 3546 77 
176400 3551 24 
176450 3543 4 
176500 3549 1 
176550 3550 364 
176600 3539 878 
176650 3554 1346 
176700 3554 1742 
176750 3560 2127 
176800 3556 2466 
176850 3543 2774 
176900 3554 3012 
176950 3543 3151 
177000 3549 3245 
177050 3370 2137 
177100 3472 1084 
177150 3517 505 
177200 3539 195 
177250 3538 55 
177300 3543 20 
177350 3543 10 
177400 3551 11 
177450 3541 5 
177500 3539 3 
177550 3531 422 
177600 3536 944 
177650 3526 1416 
177700 3537 1815 
177750 3550 2153 
177800 3542 2504 
177850 3531 2799 
177900 3550 3058 
177950 3535 3197 
178000 3543 3323 
178050 3367 2102 
178100 3481 979 
178150 3511 421 
178200 3528 184 
178250 3563 62 
178300 3540 24 
178350 3544 11 
178400 3536 8 
178450 3531 5 
178500 3550 6 
178550 3555 355 
178600 3562 988 
178650 3557 1557 
178700 3563 1938 
178750 3567 2274 
178800 3562 2551 
178850 3553 2772 
178900 3551 2988 
178950 3539 3105 
179000 3532 3222 
179050 3370 2253 
179100 3462 1233 
179150 3504 666 
179200 3538 313 
179250 3540 149 
179300 3552 72 
179350 3559 29 
179400 3557 13 
179450 3539 12 
179500 3542 8 
179550 3520 30 
179600 3437 517 
179650 3472 1019 
179700 3517 1446 
179750 3534 1881 
179800 3542 2293 
179850 3548 2638 
179900 3535 2876 
179950 3531 3110 
180000 3532 3283 
180050 3336 2214 
180100 3407 1256 
180150 3453 704 
180200 3464 406 
180250 3508 249 
180300 3536 157 
180350 3529 104 
180400 3528 59 
180450 3544 30 
180500 3544 10 
180550 3544 409 
180600 3548 1155 
180650 3536 1703 
180700 3545 2181 
180750 3542 2512 
180800 3552 2786 
180850 3550 3035 
180900 3553 3259 
180950 3541 3376 
181000 3560 3471 
181050 3347 2290 
181100 3478 1043 
181150 3510 438 
181200 3538 141 
181250 3528 51 
181300 3527 14 
181350 3544 6 
181400 3546 5 
181450 3563 7 
181500 3567 2 
181550 3570 404 
181600 3559 1062 
181650 3542 1552 
181700 3560 1978 
181750 3563 2318 
181800 3544 2600 
181850 3541 2817 
181900 3544 2996 
181950 3543 3113 
182000 3534 3211 
182050 3314 2375 
182100 3429 1379 
182150 3477 815 
182200 3498 461 
182250 3530 271 
182300 3526 174 
182350 3531 81 
182400 3543 34 
182450 3552 12 
182500 3543 9 
182550 3541 483 
182600 3544 1079 
182650 3524 1523 
182700 3540 1901 
182750 3539 2207 
182800 3528 2420 
182850 3555 2673 
182900 3538 2884 
182950 3535 3106 
183000 3537 3288 
183050 3348 2273 
183100 3415 1321 
183150 3473 787 
183200 3513 458 
183250 3522 264 
183300 3548 133 
183350 3542 45 
183400 3544 19 
183450 3541 15 
183500 3552 12 
183550 3552 211 
183600 3550 782 
183650 3549 1310 
183700 3549 1724 
183750 3553 2124 
183800 3543 2475 
183850 3547 2776 
183900 3538 3013 
183950 3549 3168 
184000 3541 3277 
184050 3298 2451 
184100 3396 1598 
184150 3462 1041 
184200 3482 706 
184250 3530 515 
184300 3523 332 
184350 3538 175 
184400 3532 82 
184450 3549 39 
184500 3563 29 
184550 3554 490 
184600 3555 1131 
184650 3535 1707 
184700 3543 2154 
184750 3549 2502 
184800 3546 2795 
184850 3549 3022 
184900 3562 3246 
184950 3560 3371 
185000 3549 3469 
185050 3357 2318 
185100 3444 1220 
185150 3503 638 
185200 3511 241 
185250 3539 114 
185300 3540 51 
185350 3557 25 
185400 3557 15 
185450 3536 14 
185500 3544 9 
185550 3532 348 
185600 3538 993 
185650 3541 1475 
185700 3535 1834 
185750 3529 2162 
185800 3540 2456 
185850 3543 2690 
185900 3538 2878 
185950 3535 3076 
186000 3559 3216 
186050 3346 2209 
186100 3447 1330 
186150 3487 697 
186200 3514 327 
186250 3529 117 
186300 3548 29 
186350 3541 21 
186400 3532 8 
186450 3548 7 
186500 3542 14 
186550 3552 353 
186600 3551 990 
186650 3540 1503 
186700 3544 1948 
186750 3530 2358 
186800 3540 2690 
186850 3547 2906 
186900 3543 3079 
186950 3541 3210 
187000 3538 3303 
187050 3342 2299 
187100 3428 1300 
187150 3481 775 
187200 3502 464 
187250 3523 244 
187300 3524 150 
187350 3542 91 
187400 3537 36 
187450 3549 12 
187500 3544 8 
187550 3542 406 
187600 3551 990 
187650 3546 1494 
187700 3526 1915 
187750 3555 2295 
187800 3543 2610 
187850 3547 2913 
187900 3557 3131 
187950 3538 3265 
188000 3537 3372 
188050 3359 2153 
188100 3469 1128 
188150 3483 521 
188200 3533 206 
188250 3520 72 
188300 3527 15 
188350 3528 10 
188400 3536 9 
188450 3544 15 
188500 3551 3 
188550 3559 337 
188600 3562 855 
188650 3552 1271 
188700 3554 1664 
188750 3536 2037 
188800 3531 2361 
188850 3531 2629 
188900 3530 2876 
188950 3547 3066 
189000 3541 3201 
189050 3360 2294 
189100 3456 1294 
189150 3506 641 
189200 3527 314 
189250 3527 148 
189300 3546 65 
189350 3532 37 
189400 3550 13 
189450 3551 3 
189500 3540 15 
189550 3534 621 
189600 3527 1313 
189650 3528 1801 
189700 3522 2161 
189750 3539 2497 
189800 3548 2774 
189850 3537 2988 
189900 3549 3173 
189950 3554 3277 
190000 3543 3356 
190050 3323 2355 
190100 3426 1314 
190150 3489 679 
190200 3525 285 
190250 3537 96 
190300 3534 31 
190350 3530 7 
190400 3559 5 
190450 3547 11 
190500 3558 4 
190550 3534 185 
190600 3547 758 
190650 3538 1224 
190700 3539 1635 
190750 3524 1949 
190800 3542 2276 
190850 3542 2603 
190900 3533 2827 
190950 3536 3027 
191000 3541 3178 
191050 3363 2243 
191100 3467 1248 
191150 3497 696 
191200 3515 381 
191250 3531 160 
191300 3531 60 
191350 3538 30 
191400 3551 12 
191450 3534 16 
191500 3556 9 
191550 3549 579 
191600 3531 1327 
191650 3542 1838 
191700 3530 2166 
191750 3533 2436 
191800 3528 2702 
191850 3541 2951 
191900 3535 3123 
191950 3540 3271 
192000 3545 3372 
192050 3308 2349 
192100 3398 1390 
192150 3463 805 
192200 3478 459 
192250 3531 253 
192300 3538 158 
192350 3536 83 
192400 3558 25 
192450 3536 7 
192500 3556 10 
192550 3559 607 
192600 3545 1353 
192650 3547 1912 
192700 3543 2278 
192750 3540 2602 
192800 3542 2877 
192850 3537 3098 
192900 3555 3266 
192950 3547 3375 
193000 3539 3414 
193050 3333 2291 
193100 3448 1245 
193150 3468 642 
193200 3491 337 
193250 3514 161 
193300 3527 94 
193350 3535 40 
193400 3553 13 
193450 3547 6 
193500 3531 3 
193550 3526 465 
193600 3528 1150 
193650 3538 1756 
193700 3538 2203 
193750 3543 2576 
193800 3553 2892 
193850 3547 3156 
193900 3548 3305 
193950 3550 3396 
194000 3551 3472 
194050 3300 2376 
194100 3387 1456 
194150 3436 925 
194200 3495 573 
194250 3538 406 
194300 3531 257 
194350 3545 134 
194400 3548 73 
194450 3543 31 
194500 3536 19 
194550 3541 534 
194600 3528 1128 
194650 3528 1646 
194700 3545 2078 
194750 3541 2416 
194800 3540 2714 
194850 3538 2980 
194900 3555 3216 
194950 3543 3379 
195000 3539 3472 
195050 3316 2300 
195100 3426 1311 
195150 3511 701 
195200 3503 349 
195250 3514 163 
195300 3530 77 
195350 3528 20 
195400 3558 7 
195450 3556 14 
195500 3549 10 
195550 3540 497 
195600 3544 1184 
195650 3543 1711 
195700 3527 2180 
195750 3540 2543 
195800 3551 2818 
195850 3558 3067 
195900 3550 3194 
195950 3542 3290 
196000 3533 3352 
196050 3317 2229 
196100 3415 1334 
196150 3488 790 
196200 3501 376 
196250 3521 162 
196300 3547 78 
196350 3533 29 
196400 3556 14 
196450 3551 8 
196500 3533 8 
196550 3540 287 
196600 3548 921 
196650 3548 1376 
196700 3547 1670 
196750 3540 2017 
196800 3543 2335 
196850 3540 2592 
196900 3535 2835 
196950 3531 3060 
197000 3557 3203 
197050 3364 2268 
197100 3483 1255 
197150 3515 636 
197200 3529 289 
197250 3535 133 
197300 3548 52 
197350 3552 22 
197400 3544 5 
197450 3546 7 
197500 3549 9 
197550 3535 145 
197600 3524 743 
197650 3540 1175 
197700 3556 1661 
197750 3543 2026 
197800 3554 2341 
197850 3549 2599 
197900 3549 2802 
197950 3541 3005 
198000 3543 3153 
198050 3345 2308 
198100 3451 1380 
198150 3472 741 
198200 3532 383 
198250 3546 178 
198300 3548 72 
198350 3542 35 
198400 3549 11 
198450 3545 3 
198500 3540 0 
198550 3526 451 
198600 3535 968 
198650 3541 1389 
198700 3535 1776 
198750 3538 2114 
198800 3531 2426 
198850 3552 2764 
198900 3569 3028 
198950 3556 3214 
199000 3541 3306 
199050 3355 2264 
199100 3463 1262 
199150 3521 670 
199200 3515 309 
199250 3545 124 
199300 3547 58 
199350 3551 33 
199400 3536 39 
199450 3531 34 
199500 3548 22 
199550 3545 482 
199600 3549 1002 
199650 3545 1433 
199700 3563 1804 
199750 3554 2113 
199800 3545 2412 
199850 3547 2737 
199900 3544 2976 
199950 3549 3152 
200000 3552 3269 
