# Avida tasks data
# Sat Apr  7 17:19:49 2012
# First column gives the current update, next columns give the number
# of organisms that have the particular task as a component of their merit
#  1: Update
#  2: Xor
#  3: Equals

0 0 0 
50 8 8 
100 45 45 
150 129 129 
200 243 243 
250 432 433 
300 688 690 
350 961 963 
400 1310 1311 
450 1685 1687 
500 2159 2160 
550 2672 2671 
600 3157 3156 
650 3401 3403 
700 3530 3529 
750 3541 3546 
800 3532 3537 
850 3541 3537 
900 3540 3537 
950 3547 3536 
1000 3538 3541 
1050 3241 2729 
1100 3313 1934 
1150 3478 1515 
1200 3498 1004 
1250 3499 654 
1300 3512 409 
1350 3515 217 
1400 3525 100 
1450 3525 37 
1500 3536 12 
1550 3538 68 
1600 3528 696 
1650 3534 1179 
1700 3547 1593 
1750 3547 1900 
1800 3551 2254 
1850 3556 2555 
1900 3547 2789 
1950 3551 3020 
2000 3553 3203 
2050 3338 2219 
2100 3434 1161 
2150 3454 711 
2200 3492 397 
2250 3519 230 
2300 3538 119 
2350 3544 68 
2400 3552 34 
2450 3551 17 
2500 3547 15 
2550 3554 375 
2600 3550 918 
2650 3559 1476 
2700 3543 1890 
2750 3561 2236 
2800 3558 2530 
2850 3559 2738 
2900 3553 2911 
2950 3552 3079 
3000 3553 3198 
3050 3352 2250 
3100 3455 1222 
3150 3512 557 
3200 3519 236 
3250 3542 78 
3300 3541 27 
3350 3558 9 
3400 3559 4 
3450 3543 4 
3500 3544 3 
3550 3554 379 
3600 3547 983 
3650 3554 1526 
3700 3552 1984 
3750 3552 2348 
3800 3546 2651 
3850 3540 2874 
3900 3554 3110 
3950 3562 3309 
4000 3558 3429 
4050 3369 2282 
4100 3477 1176 
4150 3507 571 
4200 3538 255 
4250 3551 83 
4300 3547 44 
4350 3558 16 
4400 3550 7 
4450 3550 4 
4500 3549 6 
4550 3554 174 
4600 3563 891 
4650 3546 1462 
4700 3552 1935 
4750 3555 2328 
4800 3559 2667 
4850 3549 2937 
4900 3548 3149 
4950 3551 3307 
5000 3558 3423 
5050 3363 2262 
5100 3483 1158 
5150 3525 541 
5200 3549 235 
5250 3559 91 
5300 3557 48 
5350 3562 17 
5400 3550 7 
5450 3554 5 
5500 3547 8 
5550 3558 248 
5600 3558 876 
5650 3546 1356 
5700 3562 1786 
5750 3549 2172 
5800 3537 2472 
5850 3565 2773 
5900 3558 2988 
5950 3552 3132 
6000 3563 3236 
6050 3352 2326 
6100 3445 1373 
6150 3485 795 
6200 3529 460 
6250 3537 261 
6300 3561 147 
6350 3555 72 
6400 3551 26 
6450 3554 21 
6500 3562 3 
6550 3553 267 
6600 3543 804 
6650 3549 1225 
6700 3558 1592 
6750 3555 1931 
6800 3554 2220 
6850 3556 2545 
6900 3554 2785 
6950 3552 2974 
7000 3572 3143 
7050 3345 2345 
7100 3394 1473 
7150 3434 966 
7200 3477 593 
7250 3517 348 
7300 3531 211 
7350 3545 104 
7400 3556 40 
7450 3552 17 
7500 3548 6 
7550 3554 84 
7600 3543 945 
7650 3558 1475 
7700 3558 1917 
7750 3550 2317 
7800 3547 2620 
7850 3565 2923 
7900 3562 3092 
7950 3557 3217 
8000 3548 3307 
8050 3357 2327 
8100 3443 1364 
8150 3497 743 
8200 3515 360 
8250 3540 139 
8300 3532 57 
8350 3550 17 
8400 3553 12 
8450 3557 7 
8500 3542 1 
8550 3556 250 
8600 3538 861 
8650 3558 1389 
8700 3553 1807 
8750 3558 2182 
8800 3541 2477 
8850 3552 2780 
8900 3547 3011 
8950 3547 3154 
9000 3552 3252 
9050 3363 2302 
9100 3458 1249 
9150 3525 618 
9200 3530 271 
9250 3536 105 
9300 3554 59 
9350 3559 32 
9400 3557 5 
9450 3554 1 
9500 3553 3 
9550 3552 103 
9600 3546 743 
9650 3544 1206 
9700 3557 1675 
9750 3548 2046 
9800 3564 2385 
9850 3540 2620 
9900 3542 2833 
9950 3555 3009 
10000 3554 3158 
10050 3337 2243 
10100 3467 1238 
10150 3511 641 
10200 3536 285 
10250 3547 95 
10300 3525 39 
10350 3545 18 
10400 3560 5 
10450 3553 4 
10500 3545 13 
10550 3552 199 
10600 3563 795 
10650 3557 1237 
10700 3561 1719 
10750 3550 2121 
10800 3554 2479 
10850 3534 2749 
10900 3553 2998 
10950 3545 3156 
11000 3561 3294 
11050 3362 2205 
11100 3475 1227 
11150 3513 680 
11200 3522 394 
11250 3549 189 
11300 3540 80 
11350 3557 30 
11400 3561 10 
11450 3551 2 
11500 3548 4 
11550 3525 149 
11600 3532 1019 
11650 3529 1682 
11700 3530 2175 
11750 3545 2621 
11800 3551 2945 
11850 3540 3130 
11900 3553 3265 
11950 3545 3357 
12000 3547 3430 
12050 3307 2302 
12100 3443 1244 
12150 3507 656 
12200 3514 333 
12250 3530 188 
12300 3532 102 
12350 3547 37 
12400 3559 8 
12450 3558 14 
12500 3555 8 
12550 3540 177 
12600 3531 722 
12650 3539 1250 
12700 3545 1746 
12750 3547 2225 
12800 3554 2618 
12850 3548 2914 
12900 3548 3155 
12950 3544 3341 
13000 3554 3441 
13050 3330 2352 
13100 3418 1361 
13150 3494 769 
13200 3511 428 
13250 3542 224 
13300 3545 122 
13350 3552 53 
13400 3545 16 
13450 3546 6 
13500 3559 2 
13550 3556 173 
13600 3550 694 
13650 3550 1218 
13700 3549 1683 
13750 3547 2110 
13800 3548 2504 
13850 3541 2791 
13900 3560 3014 
13950 3558 3174 
14000 3546 3302 
14050 3361 2165 
14100 3470 1154 
14150 3513 596 
14200 3525 289 
14250 3547 137 
14300 3546 50 
14350 3553 14 
14400 3553 10 
14450 3559 3 
14500 3549 3 
14550 3553 477 
14600 3545 1060 
14650 3555 1553 
14700 3540 1917 
14750 3537 2237 
14800 3530 2492 
14850 3543 2732 
14900 3531 2976 
14950 3548 3138 
15000 3534 3266 
15050 3318 2212 
15100 3449 1197 
15150 3494 580 
15200 3505 253 
15250 3541 106 
15300 3546 47 
15350 3561 27 
15400 3537 14 
15450 3541 8 
15500 3553 8 
15550 3555 386 
15600 3550 1044 
15650 3564 1642 
15700 3556 2100 
15750 3549 2449 
15800 3554 2753 
15850 3564 3010 
15900 3567 3231 
15950 3547 3389 
16000 3546 3482 
16050 3335 2393 
16100 3404 1480 
16150 3469 875 
16200 3515 479 
16250 3535 249 
16300 3536 110 
16350 3539 25 
16400 3553 10 
16450 3552 4 
16500 3538 5 
16550 3549 114 
16600 3553 845 
16650 3559 1369 
16700 3548 1768 
16750 3568 2146 
16800 3553 2438 
16850 3548 2706 
16900 3553 2916 
16950 3544 3089 
17000 3548 3244 
17050 3320 2432 
17100 3399 1480 
17150 3450 937 
17200 3516 572 
17250 3525 334 
17300 3515 186 
17350 3553 73 
17400 3552 28 
17450 3531 10 
17500 3543 5 
17550 3545 440 
17600 3540 986 
17650 3531 1407 
17700 3527 1765 
17750 3504 2112 
17800 3524 2458 
17850 3517 2745 
17900 3509 2956 
17950 3530 3119 
18000 3520 3254 
18050 3233 2495 
18100 3318 1830 
18150 3369 1272 
18200 3462 941 
18250 3490 626 
18300 3523 378 
18350 3511 225 
18400 3521 113 
18450 3534 46 
18500 3527 18 
18550 3531 4 
18600 3544 362 
18650 3529 994 
18700 3533 1503 
18750 3533 1952 
18800 3531 2243 
18850 3535 2497 
18900 3527 2725 
18950 3533 2940 
19000 3528 3090 
19050 3316 2310 
19100 3406 1467 
19150 3483 873 
19200 3484 493 
19250 3528 304 
19300 3529 200 
19350 3541 116 
19400 3539 38 
19450 3555 11 
19500 3558 2 
19550 3541 228 
19600 3534 678 
19650 3545 1062 
19700 3544 1392 
19750 3546 1733 
19800 3539 1995 
19850 3539 2229 
19900 3541 2485 
19950 3537 2720 
20000 3543 2906 
20050 3375 2290 
20100 3441 1465 
20150 3486 943 
20200 3487 653 
20250 3510 449 
20300 3520 286 
20350 3524 177 
20400 3512 125 
20450 3518 96 
20500 3531 63 
20550 3533 32 
20600 3541 93 
20650 3538 672 
20700 3546 1157 
20750 3546 1583 
20800 3533 1916 
20850 3530 2230 
20900 3518 2526 
20950 3506 2762 
21000 3521 2963 
21050 3357 2128 
21100 3446 1225 
21150 3490 638 
21200 3506 306 
21250 3517 131 
21300 3522 59 
21350 3518 25 
21400 3542 8 
21450 3525 2 
21500 3534 1 
21550 3541 173 
21600 3539 738 
21650 3533 1221 
21700 3550 1632 
21750 3540 1989 
21800 3527 2340 
21850 3547 2651 
21900 3524 2825 
21950 3537 2988 
22000 3542 3120 
22050 3303 2489 
22100 3356 1786 
22150 3417 1222 
22200 3462 820 
22250 3505 553 
22300 3530 327 
22350 3508 173 
22400 3536 57 
22450 3546 8 
22500 3517 2 
22550 3533 173 
22600 3527 747 
22650 3524 1227 
22700 3526 1637 
22750 3531 2050 
22800 3512 2345 
22850 3540 2680 
22900 3532 2956 
22950 3526 3146 
23000 3513 3269 
23050 3305 2201 
23100 3441 1087 
23150 3479 572 
23200 3492 268 
23250 3508 91 
23300 3522 25 
23350 3516 14 
23400 3509 5 
23450 3526 2 
23500 3528 2 
23550 3520 461 
23600 3529 1002 
23650 3532 1501 
23700 3525 2000 
23750 3528 2405 
23800 3525 2756 
23850 3539 3042 
23900 3523 3248 
23950 3538 3400 
24000 3533 3438 
24050 3387 2060 
24100 3501 890 
24150 3500 341 
24200 3512 122 
24250 3526 47 
24300 3539 11 
24350 3535 5 
24400 3530 6 
24450 3529 6 
24500 3530 5 
24550 3532 397 
24600 3526 958 
24650 3514 1489 
24700 3522 1923 
24750 3516 2278 
24800 3519 2600 
24850 3519 2860 
24900 3518 3070 
24950 3529 3266 
25000 3502 3349 
25050 3259 2353 
25100 3376 1347 
25150 3446 734 
25200 3443 396 
25250 3508 262 
25300 3510 156 
25350 3525 58 
25400 3519 14 
25450 3511 1 
25500 3515 1 
25550 3531 257 
25600 3535 937 
25650 3525 1497 
25700 3523 1961 
25750 3513 2384 
25800 3511 2709 
25850 3511 2952 
25900 3514 3201 
25950 3511 3352 
26000 3533 3465 
26050 3316 2286 
26100 3440 1229 
26150 3475 650 
26200 3485 362 
26250 3505 212 
26300 3500 120 
26350 3512 47 
26400 3529 13 
26450 3530 2 
26500 3516 3 
26550 3513 11 
26600 3423 389 
26650 3398 946 
26700 3384 1408 
26750 3381 1791 
26800 3391 2096 
26850 3447 2424 
26900 3474 2717 
26950 3473 2903 
27000 3520 3098 
27050 3290 2198 
27100 3373 1355 
27150 3418 824 
27200 3445 488 
27250 3456 278 
27300 3478 151 
27350 3487 63 
27400 3484 25 
27450 3526 5 
27500 3511 6 
27550 3518 434 
27600 3521 1000 
27650 3517 1507 
27700 3518 1912 
27750 3509 2308 
27800 3508 2628 
27850 3532 2891 
27900 3520 3065 
27950 3508 3203 
28000 3504 3295 
28050 3260 2356 
28100 3325 1395 
28150 3419 801 
28200 3470 391 
28250 3504 209 
28300 3510 82 
28350 3498 33 
28400 3512 17 
28450 3524 8 
28500 3526 4 
28550 3536 435 
28600 3528 958 
28650 3533 1399 
28700 3517 1754 
28750 3537 2133 
28800 3535 2471 
28850 3521 2745 
28900 3525 2963 
28950 3499 3081 
29000 3522 3239 
29050 3314 2213 
29100 3417 1221 
29150 3452 668 
29200 3478 371 
29250 3527 221 
29300 3522 140 
29350 3499 74 
29400 3512 18 
29450 3515 9 
29500 3509 7 
29550 3526 532 
29600 3529 1085 
29650 3514 1538 
29700 3519 1978 
29750 3492 2333 
29800 3488 2615 
29850 3496 2873 
29900 3538 3058 
29950 3526 3180 
30000 3520 3309 
30050 3274 2319 
30100 3357 1426 
30150 3429 855 
30200 3436 505 
30250 3482 324 
30300 3518 223 
30350 3515 122 
30400 3528 69 
30450 3543 19 
30500 3527 6 
30550 3522 428 
30600 3518 1125 
30650 3524 1677 
30700 3518 2141 
30750 3527 2514 
30800 3538 2876 
30850 3527 3105 
30900 3514 3265 
30950 3526 3377 
31000 3513 3424 
31050 3292 2133 
31100 3409 1106 
31150 3462 610 
31200 3472 306 
31250 3477 147 
31300 3514 64 
31350 3501 24 
31400 3525 16 
31450 3533 8 
31500 3535 3 
31550 3520 243 
31600 3507 889 
31650 3512 1398 
31700 3513 1810 
31750 3522 2195 
31800 3529 2561 
31850 3535 2797 
31900 3538 3024 
31950 3549 3219 
32000 3548 3341 
32050 3379 2114 
32100 3488 1010 
32150 3522 384 
32200 3538 135 
32250 3527 42 
32300 3551 13 
32350 3536 5 
32400 3537 2 
32450 3525 2 
32500 3553 0 
32550 3537 406 
32600 3539 1096 
32650 3543 1602 
32700 3546 2004 
32750 3536 2335 
32800 3540 2646 
32850 3529 2876 
32900 3541 3091 
32950 3542 3278 
33000 3550 3385 
33050 3383 1972 
33100 3462 961 
33150 3507 487 
33200 3529 259 
33250 3515 126 
33300 3525 53 
33350 3545 26 
33400 3535 11 
33450 3543 7 
33500 3546 6 
33550 3549 0 
33600 3539 581 
33650 3535 1083 
33700 3536 1584 
33750 3539 1981 
33800 3536 2345 
33850 3529 2661 
33900 3550 2879 
33950 3541 3055 
34000 3551 3181 
34050 3434 2035 
34100 3505 908 
34150 3530 345 
34200 3546 103 
34250 3559 25 
34300 3552 10 
34350 3536 1 
34400 3552 3 
34450 3527 2 
34500 3533 8 
34550 3549 2 
34600 3541 156 
34650 3551 876 
34700 3550 1332 
34750 3547 1743 
34800 3541 2090 
34850 3556 2418 
34900 3559 2669 
34950 3552 2890 
35000 3548 3037 
35050 3370 2038 
35100 3497 944 
35150 3520 450 
35200 3548 199 
35250 3553 67 
35300 3546 18 
35350 3549 7 
35400 3524 4 
35450 3553 2 
35500 3540 2 
35550 3544 365 
35600 3550 898 
35650 3554 1390 
35700 3549 1820 
35750 3551 2225 
35800 3554 2628 
35850 3543 2958 
35900 3554 3188 
35950 3550 3333 
36000 3562 3440 
36050 3411 2022 
36100 3525 851 
36150 3520 298 
36200 3532 102 
36250 3531 19 
36300 3547 4 
36350 3566 3 
36400 3565 4 
36450 3547 1 
36500 3558 4 
36550 3562 330 
36600 3557 857 
36650 3548 1374 
36700 3558 1864 
36750 3558 2271 
36800 3558 2646 
36850 3551 2954 
36900 3558 3181 
36950 3539 3346 
37000 3542 3405 
37050 3417 1995 
37100 3520 904 
37150 3551 330 
37200 3536 92 
37250 3569 22 
37300 3551 1 
37350 3567 2 
37400 3565 5 
37450 3563 5 
37500 3554 5 
37550 3555 199 
37600 3552 903 
37650 3564 1441 
37700 3548 1891 
37750 3549 2305 
37800 3552 2590 
37850 3541 2802 
37900 3550 2981 
37950 3558 3129 
38000 3561 3248 
38050 3401 1964 
38100 3501 869 
38150 3521 367 
38200 3550 171 
38250 3558 64 
38300 3555 26 
38350 3555 21 
38400 3565 13 
38450 3562 6 
38500 3547 8 
38550 3543 66 
38600 3554 718 
38650 3546 1316 
38700 3542 1793 
38750 3535 2292 
38800 3543 2652 
38850 3538 2985 
38900 3535 3182 
38950 3544 3347 
39000 3552 3434 
39050 3387 2127 
39100 3464 1098 
39150 3512 518 
39200 3538 258 
39250 3536 130 
39300 3536 57 
39350 3547 25 
39400 3543 14 
39450 3552 7 
39500 3546 9 
39550 3550 4 
39600 3562 467 
39650 3548 1082 
39700 3543 1540 
39750 3552 1951 
39800 3552 2328 
39850 3551 2619 
39900 3546 2851 
39950 3548 3014 
40000 3556 3135 
40050 3378 2096 
40100 3456 1132 
40150 3515 522 
40200 3540 226 
40250 3556 85 
40300 3555 31 
40350 3546 13 
40400 3556 5 
40450 3552 3 
40500 3559 5 
40550 3556 2 
40600 3555 563 
40650 3557 1062 
40700 3563 1486 
40750 3553 1896 
40800 3551 2274 
40850 3567 2612 
40900 3557 2833 
40950 3551 3018 
41000 3544 3119 
41050 3374 2122 
41100 3477 1022 
41150 3525 422 
41200 3531 151 
41250 3560 48 
41300 3556 13 
41350 3548 4 
41400 3548 0 
41450 3557 2 
41500 3549 4 
41550 3561 175 
41600 3559 777 
41650 3557 1257 
41700 3569 1652 
41750 3566 2025 
41800 3567 2336 
41850 3567 2652 
41900 3565 2878 
41950 3551 3032 
42000 3556 3158 
42050 3383 2131 
42100 3477 1103 
42150 3534 536 
42200 3547 230 
42250 3524 81 
42300 3541 18 
42350 3539 7 
42400 3549 6 
42450 3551 2 
42500 3553 4 
42550 3547 138 
42600 3554 721 
42650 3561 1211 
42700 3553 1710 
42750 3533 2187 
42800 3548 2620 
42850 3540 2948 
42900 3553 3214 
42950 3556 3337 
43000 3559 3456 
43050 3352 2168 
43100 3482 1119 
43150 3521 529 
43200 3527 219 
43250 3551 85 
43300 3554 32 
43350 3559 8 
43400 3557 4 
43450 3555 6 
43500 3552 4 
43550 3552 298 
43600 3546 824 
43650 3549 1224 
43700 3558 1597 
43750 3537 1925 
43800 3548 2263 
43850 3552 2596 
43900 3548 2829 
43950 3546 3026 
44000 3537 3150 
44050 3371 2163 
44100 3466 1149 
44150 3508 520 
44200 3534 192 
44250 3548 66 
44300 3563 18 
44350 3547 9 
44400 3558 2 
44450 3555 1 
44500 3542 6 
44550 3566 349 
44600 3554 859 
44650 3560 1301 
44700 3562 1738 
44750 3558 2096 
44800 3545 2412 
44850 3562 2751 
44900 3555 3007 
44950 3555 3202 
45000 3553 3319 
45050 3332 2207 
45100 3428 1311 
45150 3481 776 
45200 3512 473 
45250 3508 327 
45300 3537 246 
45350 3545 175 
45400 3548 105 
45450 3537 60 
45500 3532 18 
45550 3553 218 
45600 3546 801 
45650 3553 1294 
45700 3553 1714 
45750 3545 2059 
45800 3554 2391 
45850 3540 2648 
45900 3559 2884 
45950 3561 3062 
46000 3554 3174 
46050 3397 2073 
46100 3477 1005 
46150 3496 433 
46200 3519 177 
46250 3534 56 
46300 3547 14 
46350 3555 4 
46400 3546 7 
46450 3547 7 
46500 3551 5 
46550 3546 412 
46600 3552 1013 
46650 3542 1448 
46700 3533 1838 
46750 3543 2187 
46800 3533 2478 
46850 3537 2725 
46900 3542 2925 
46950 3552 3079 
47000 3543 3233 
47050 3399 2136 
47100 3480 1016 
47150 3518 417 
47200 3526 133 
47250 3549 48 
47300 3548 12 
47350 3566 5 
47400 3553 6 
47450 3549 3 
47500 3559 3 
47550 3547 347 
47600 3543 1033 
47650 3569 1536 
47700 3537 1852 
47750 3541 2186 
47800 3553 2507 
47850 3539 2738 
47900 3542 2965 
47950 3564 3173 
48000 3557 3288 
48050 3362 2109 
48100 3479 1056 
48150 3506 465 
48200 3541 159 
48250 3555 32 
48300 3562 11 
48350 3554 7 
48400 3556 7 
48450 3553 3 
48500 3548 3 
48550 3546 442 
48600 3552 1089 
48650 3546 1577 
48700 3553 1978 
48750 3533 2291 
48800 3540 2547 
48850 3546 2785 
48900 3556 2992 
48950 3552 3159 
49000 3542 3234 
49050 3384 2073 
49100 3484 911 
49150 3526 387 
49200 3549 138 
49250 3552 44 
49300 3554 11 
49350 3549 8 
49400 3560 4 
49450 3542 3 
49500 3548 4 
49550 3539 290 
49600 3540 1020 
49650 3536 1557 
49700 3548 2020 
49750 3552 2337 
49800 3549 2629 
49850 3547 2888 
49900 3550 3106 
49950 3551 3265 
50000 3544 3393 
50050 3346 2193 
50100 3453 1109 
50150 3491 543 
50200 3531 204 
50250 3531 66 
50300 3543 27 
50350 3544 7 
50400 3535 8 
50450 3545 8 
50500 3541 3 
50550 3545 305 
50600 3551 872 
50650 3538 1347 
50700 3539 1786 
50750 3534 2152 
50800 3538 2515 
50850 3540 2808 
50900 3547 3040 
50950 3565 3178 
51000 3560 3303 
51050 3388 2164 
51100 3474 1092 
51150 3514 474 
51200 3537 173 
51250 3534 53 
51300 3552 13 
51350 3551 4 
51400 3544 4 
51450 3570 5 
51500 3562 6 
51550 3542 133 
51600 3555 759 
51650 3549 1232 
51700 3548 1680 
51750 3540 2049 
51800 3548 2384 
51850 3533 2649 
51900 3541 2855 
51950 3551 3011 
52000 3552 3150 
52050 3355 2161 
52100 3477 1122 
52150 3511 523 
52200 3540 198 
52250 3543 68 
52300 3552 15 
52350 3529 5 
52400 3538 9 
52450 3553 5 
52500 3536 2 
52550 3558 0 
52600 3554 582 
52650 3555 1034 
52700 3560 1447 
52750 3539 1751 
52800 3529 2124 
52850 3557 2456 
52900 3539 2733 
52950 3554 2937 
53000 3530 3095 
53050 3390 2114 
53100 3466 1111 
53150 3513 566 
53200 3532 278 
53250 3557 100 
53300 3544 21 
53350 3556 13 
53400 3555 5 
53450 3535 5 
53500 3552 4 
53550 3562 393 
53600 3556 953 
53650 3542 1381 
53700 3562 1789 
53750 3550 2109 
53800 3552 2454 
53850 3540 2737 
53900 3559 2956 
53950 3537 3087 
54000 3537 3220 
54050 3334 2274 
54100 3429 1257 
54150 3480 670 
54200 3515 332 
54250 3526 124 
54300 3539 56 
54350 3561 16 
54400 3543 6 
54450 3547 1 
54500 3520 3 
54550 3548 218 
54600 3559 869 
54650 3558 1332 
54700 3554 1732 
54750 3553 2133 
54800 3551 2528 
54850 3543 2871 
54900 3543 3131 
54950 3542 3317 
55000 3554 3448 
55050 3384 2077 
55100 3498 1025 
55150 3529 409 
55200 3538 128 
55250 3533 28 
55300 3543 11 
55350 3553 4 
55400 3554 4 
55450 3544 5 
55500 3555 9 
55550 3544 461 
55600 3556 1095 
55650 3555 1559 
55700 3538 1955 
55750 3554 2321 
55800 3559 2690 
55850 3546 2971 
55900 3545 3192 
55950 3553 3324 
56000 3549 3428 
56050 3414 2077 
56100 3496 969 
56150 3517 469 
56200 3516 181 
56250 3547 61 
56300 3544 10 
56350 3544 6 
56400 3546 1 
56450 3553 6 
56500 3565 7 
56550 3556 197 
56600 3547 772 
56650 3553 1193 
56700 3552 1576 
56750 3547 1966 
56800 3549 2291 
56850 3540 2592 
56900 3539 2833 
56950 3544 3062 
57000 3543 3224 
57050 3398 2126 
57100 3486 1000 
57150 3514 423 
57200 3541 150 
57250 3540 37 
57300 3551 14 
57350 3537 1 
57400 3538 2 
57450 3528 0 
57500 3548 2 
57550 3541 449 
57600 3552 1022 
57650 3551 1473 
57700 3534 1890 
57750 3544 2244 
57800 3548 2581 
57850 3560 2855 
57900 3542 3025 
57950 3551 3175 
58000 3551 3271 
58050 3393 2121 
58100 3492 973 
58150 3511 380 
58200 3539 122 
58250 3542 30 
58300 3546 14 
58350 3544 7 
58400 3553 3 
58450 3536 1 
58500 3539 1 
58550 3526 361 
58600 3535 911 
58650 3534 1428 
58700 3538 1875 
58750 3535 2289 
58800 3527 2606 
58850 3543 2910 
58900 3546 3157 
58950 3550 3351 
59000 3539 3443 
59050 3386 2036 
59100 3517 855 
59150 3528 285 
59200 3548 64 
59250 3540 20 
59300 3545 10 
59350 3545 8 
59400 3538 5 
59450 3541 6 
59500 3552 6 
59550 3545 232 
59600 3550 763 
59650 3540 1308 
59700 3541 1685 
59750 3545 2040 
59800 3526 2358 
59850 3538 2631 
59900 3536 2872 
59950 3535 3049 
60000 3532 3213 
60050 3346 2110 
60100 3481 994 
60150 3508 425 
60200 3530 153 
60250 3545 33 
60300 3535 8 
60350 3564 5 
60400 3545 1 
60450 3559 0 
60500 3555 1 
60550 3543 437 
60600 3553 938 
60650 3549 1409 
60700 3566 1794 
60750 3559 2109 
60800 3558 2469 
60850 3547 2709 
60900 3535 2980 
60950 3551 3223 
61000 3565 3333 
61050 3448 2075 
61100 3509 890 
61150 3543 308 
61200 3559 96 
61250 3551 30 
61300 3557 5 
61350 3535 4 
61400 3550 4 
61450 3541 2 
61500 3550 2 
61550 3546 265 
61600 3537 987 
61650 3541 1541 
61700 3548 1934 
61750 3562 2274 
61800 3548 2466 
61850 3555 2700 
61900 3553 2901 
61950 3545 3074 
62000 3544 3221 
62050 3388 2068 
62100 3489 988 
62150 3526 395 
62200 3544 150 
62250 3552 48 
62300 3546 15 
62350 3554 11 
62400 3553 4 
62450 3545 2 
62500 3548 0 
62550 3556 318 
62600 3555 1022 
62650 3540 1576 
62700 3547 1971 
62750 3556 2288 
62800 3545 2532 
62850 3538 2747 
62900 3548 2987 
62950 3550 3148 
63000 3554 3284 
63050 3331 2148 
63100 3489 1082 
63150 3521 466 
63200 3534 187 
63250 3524 70 
63300 3557 27 
63350 3546 11 
63400 3552 2 
63450 3559 3 
63500 3537 1 
63550 3551 367 
63600 3556 908 
63650 3547 1343 
63700 3555 1725 
63750 3546 2080 
63800 3560 2389 
63850 3559 2665 
63900 3553 2867 
63950 3537 3007 
64000 3563 3147 
64050 3369 2096 
64100 3449 1070 
64150 3520 464 
64200 3521 169 
64250 3542 37 
64300 3541 6 
64350 3558 2 
64400 3551 1 
64450 3534 1 
64500 3565 5 
64550 3531 0 
64600 3534 788 
64650 3546 1504 
64700 3549 2058 
64750 3551 2489 
64800 3553 2837 
64850 3548 3118 
64900 3552 3351 
64950 3543 3435 
65000 3553 3481 
65050 3371 2181 
65100 3485 1043 
65150 3511 416 
65200 3516 155 
65250 3544 59 
65300 3556 21 
65350 3536 9 
65400 3553 10 
65450 3529 12 
65500 3528 9 
65550 3519 484 
65600 3527 1212 
65650 3533 1793 
65700 3540 2292 
65750 3541 2644 
65800 3536 2878 
65850 3529 3127 
65900 3534 3301 
65950 3543 3401 
66000 3539 3466 
66050 3354 2205 
66100 3480 1040 
66150 3502 460 
66200 3537 187 
66250 3551 80 
66300 3552 37 
66350 3540 18 
66400 3566 10 
66450 3548 3 
66500 3558 3 
66550 3562 466 
66600 3552 959 
66650 3563 1454 
66700 3555 1895 
66750 3548 2292 
66800 3556 2612 
66850 3549 2869 
66900 3562 3115 
66950 3535 3272 
67000 3541 3373 
67050 3406 2060 
67100 3500 994 
67150 3529 423 
67200 3547 142 
67250 3559 40 
67300 3547 12 
67350 3545 8 
67400 3539 10 
67450 3539 9 
67500 3550 3 
67550 3540 567 
67600 3551 1194 
67650 3547 1637 
67700 3551 2035 
67750 3544 2413 
67800 3548 2694 
67850 3541 2881 
67900 3549 3098 
67950 3547 3279 
68000 3552 3428 
68050 3381 2184 
68100 3466 1073 
68150 3487 542 
68200 3526 249 
68250 3543 77 
68300 3546 24 
68350 3534 5 
68400 3545 3 
68450 3546 1 
68500 3546 2 
68550 3555 310 
68600 3557 978 
68650 3544 1464 
68700 3543 1835 
68750 3543 2204 
68800 3563 2553 
68850 3554 2793 
68900 3547 2976 
68950 3550 3152 
69000 3537 3268 
69050 3362 2256 
69100 3464 1341 
69150 3515 746 
69200 3549 360 
69250 3554 128 
69300 3552 51 
69350 3559 23 
69400 3541 3 
69450 3528 3 
69500 3531 5 
69550 3550 60 
69600 3527 784 
69650 3546 1360 
69700 3540 1741 
69750 3535 2090 
69800 3550 2421 
69850 3539 2660 
69900 3529 2870 
69950 3534 3096 
70000 3563 3246 
70050 3337 2156 
70100 3489 999 
70150 3528 440 
70200 3559 157 
70250 3552 45 
70300 3531 10 
70350 3557 8 
70400 3544 4 
70450 3550 5 
70500 3563 1 
70550 3554 327 
70600 3548 930 
70650 3555 1401 
70700 3557 1758 
70750 3555 2091 
70800 3568 2480 
70850 3558 2758 
70900 3561 2966 
70950 3565 3151 
71000 3555 3267 
71050 3359 2210 
71100 3491 1216 
71150 3531 578 
71200 3535 287 
71250 3536 143 
71300 3550 76 
71350 3551 39 
71400 3547 14 
71450 3562 2 
71500 3571 8 
71550 3562 462 
71600 3569 931 
71650 3552 1341 
71700 3563 1738 
71750 3573 2061 
71800 3553 2384 
71850 3546 2640 
71900 3544 2848 
71950 3552 3031 
72000 3542 3187 
72050 3409 2038 
72100 3473 1043 
72150 3514 533 
72200 3537 209 
72250 3548 55 
72300 3570 12 
72350 3560 8 
72400 3565 0 
72450 3551 0 
72500 3541 0 
72550 3543 339 
72600 3544 840 
72650 3556 1289 
72700 3556 1670 
72750 3540 2029 
72800 3556 2299 
72850 3560 2549 
72900 3563 2830 
72950 3564 3016 
73000 3561 3156 
73050 3404 2082 
73100 3464 1182 
73150 3493 678 
73200 3524 336 
73250 3546 116 
73300 3558 23 
73350 3560 10 
73400 3560 4 
73450 3568 2 
73500 3559 7 
73550 3570 214 
73600 3556 875 
73650 3561 1400 
73700 3556 1778 
73750 3551 2152 
73800 3545 2418 
73850 3553 2647 
73900 3546 2838 
73950 3558 3049 
74000 3537 3195 
74050 3380 2113 
74100 3494 1046 
74150 3521 449 
74200 3542 137 
74250 3535 28 
74300 3545 10 
74350 3551 9 
74400 3556 10 
74450 3560 5 
74500 3553 3 
74550 3535 224 
74600 3545 812 
74650 3541 1258 
74700 3542 1597 
74750 3542 2004 
74800 3553 2323 
74850 3560 2546 
74900 3546 2757 
74950 3547 2961 
75000 3550 3095 
75050 3412 2103 
75100 3508 993 
75150 3521 394 
75200 3548 146 
75250 3553 72 
75300 3553 48 
75350 3546 25 
75400 3536 8 
75450 3544 5 
75500 3554 2 
75550 3551 2 
75600 3559 589 
75650 3557 1106 
75700 3557 1534 
75750 3538 1896 
75800 3545 2268 
75850 3554 2572 
75900 3557 2830 
75950 3554 3010 
76000 3545 3181 
76050 3398 2022 
76100 3492 948 
76150 3526 403 
76200 3537 152 
76250 3549 59 
76300 3549 29 
76350 3550 17 
76400 3540 4 
76450 3542 0 
76500 3554 5 
76550 3546 1 
76600 3552 498 
76650 3542 1111 
76700 3551 1627 
76750 3537 2082 
76800 3549 2476 
76850 3545 2768 
76900 3537 3011 
76950 3555 3230 
77000 3554 3349 
77050 3393 2071 
77100 3484 992 
77150 3540 383 
77200 3541 128 
77250 3544 24 
77300 3564 10 
77350 3547 2 
77400 3542 0 
77450 3542 0 
77500 3552 1 
77550 3555 27 
77600 3553 850 
77650 3565 1571 
77700 3545 2071 
77750 3549 2487 
77800 3556 2792 
77850 3545 3040 
77900 3547 3252 
77950 3532 3368 
78000 3529 3415 
78050 3310 2206 
78100 3447 1113 
78150 3513 542 
78200 3533 253 
78250 3547 92 
78300 3543 33 
78350 3551 16 
78400 3545 5 
78450 3544 3 
78500 3541 0 
78550 3554 0 
78600 3555 566 
78650 3562 1160 
78700 3558 1626 
78750 3547 2035 
78800 3543 2367 
78850 3546 2676 
78900 3544 2896 
78950 3542 3065 
79000 3550 3210 
79050 3375 2146 
79100 3482 1038 
79150 3503 481 
79200 3526 204 
79250 3539 65 
79300 3537 18 
79350 3541 9 
79400 3547 6 
79450 3549 4 
79500 3544 4 
79550 3544 474 
79600 3539 1051 
79650 3537 1429 
79700 3544 1797 
79750 3546 2167 
79800 3552 2511 
79850 3558 2834 
79900 3549 3035 
79950 3531 3174 
80000 3547 3317 
80050 3385 2067 
80100 3485 991 
80150 3534 452 
80200 3553 209 
80250 3536 72 
80300 3526 27 
80350 3535 14 
80400 3541 4 
80450 3552 8 
80500 3555 6 
80550 3548 412 
80600 3554 1028 
80650 3554 1610 
80700 3540 2086 
80750 3541 2403 
80800 3550 2671 
80850 3552 2881 
80900 3548 3034 
80950 3549 3211 
81000 3547 3321 
81050 3400 2077 
81100 3509 968 
81150 3530 420 
81200 3550 163 
81250 3546 43 
81300 3543 19 
81350 3551 8 
81400 3560 3 
81450 3558 6 
81500 3546 5 
81550 3527 397 
81600 3542 866 
81650 3537 1325 
81700 3536 1744 
81750 3555 2122 
81800 3546 2436 
81850 3540 2702 
81900 3552 2911 
81950 3547 3088 
82000 3535 3219 
82050 3346 2181 
82100 3463 1159 
82150 3484 558 
82200 3510 268 
82250 3530 123 
82300 3534 63 
82350 3557 35 
82400 3548 9 
82450 3548 10 
82500 3536 9 
82550 3539 6 
82600 3538 285 
82650 3542 972 
82700 3542 1485 
82750 3544 1915 
82800 3556 2264 
82850 3546 2520 
82900 3546 2757 
82950 3548 2994 
83000 3543 3139 
83050 3423 2024 
83100 3494 1055 
83150 3519 482 
83200 3535 180 
83250 3547 60 
83300 3562 17 
83350 3558 9 
83400 3543 6 
83450 3543 5 
83500 3544 3 
83550 3562 285 
83600 3558 845 
83650 3527 1304 
83700 3544 1829 
83750 3550 2219 
83800 3544 2524 
83850 3556 2821 
83900 3549 3040 
83950 3552 3178 
84000 3558 3288 
84050 3373 2178 
84100 3495 1119 
84150 3539 580 
84200 3543 260 
84250 3536 67 
84300 3548 21 
84350 3550 18 
84400 3541 12 
84450 3547 11 
84500 3552 12 
84550 3547 500 
84600 3539 1110 
84650 3555 1598 
84700 3558 1971 
84750 3542 2284 
84800 3563 2598 
84850 3552 2858 
84900 3552 3089 
84950 3551 3267 
85000 3541 3370 
85050 3359 2159 
85100 3463 1081 
85150 3506 528 
85200 3546 241 
85250 3543 98 
85300 3560 27 
85350 3544 12 
85400 3556 3 
85450 3540 5 
85500 3549 2 
85550 3555 425 
85600 3550 952 
85650 3554 1433 
85700 3557 1896 
85750 3556 2349 
85800 3555 2742 
85850 3557 3060 
85900 3538 3232 
85950 3549 3361 
86000 3549 3442 
86050 3370 2108 
86100 3466 1002 
86150 3518 443 
86200 3541 168 
86250 3553 64 
86300 3540 30 
86350 3540 8 
86400 3530 3 
86450 3542 0 
86500 3546 5 
86550 3546 1 
86600 3553 654 
86650 3554 1338 
86700 3545 1796 
86750 3554 2091 
86800 3542 2368 
86850 3540 2623 
86900 3540 2823 
86950 3554 3026 
87000 3559 3169 
87050 3399 2116 
87100 3490 994 
87150 3537 431 
87200 3526 154 
87250 3546 30 
87300 3545 9 
87350 3538 6 
87400 3550 5 
87450 3542 1 
87500 3549 2 
87550 3558 387 
87600 3553 1062 
87650 3554 1625 
87700 3549 2104 
87750 3546 2473 
87800 3544 2717 
87850 3551 2968 
87900 3544 3168 
87950 3565 3333 
88000 3541 3405 
88050 3354 2041 
88100 3457 1097 
88150 3483 602 
88200 3516 311 
88250 3517 143 
88300 3543 58 
88350 3533 19 
88400 3549 3 
88450 3554 6 
88500 3539 4 
88550 3561 89 
88600 3546 780 
88650 3550 1417 
88700 3545 1952 
88750 3522 2335 
88800 3552 2659 
88850 3550 2909 
88900 3552 3141 
88950 3556 3287 
89000 3558 3389 
89050 3318 2248 
89100 3426 1296 
89150 3493 713 
89200 3522 395 
89250 3532 213 
89300 3550 110 
89350 3540 46 
89400 3566 10 
89450 3541 3 
89500 3539 3 
89550 3546 0 
89600 3561 0 
89650 3548 153 
89700 3540 745 
89750 3539 1208 
89800 3543 1633 
89850 3520 2032 
89900 3534 2371 
89950 3547 2687 
90000 3544 2949 
90050 3358 2084 
90100 3431 1261 
90150 3489 667 
90200 3522 320 
90250 3544 107 
90300 3543 29 
90350 3556 9 
90400 3558 3 
90450 3548 4 
90500 3551 4 
90550 3549 387 
90600 3531 1019 
90650 3542 1548 
90700 3530 1982 
90750 3540 2377 
90800 3560 2714 
90850 3547 2983 
90900 3560 3215 
90950 3542 3326 
91000 3542 3374 
91050 3332 2108 
91100 3445 1086 
91150 3459 580 
91200 3495 268 
91250 3530 136 
91300 3524 64 
91350 3545 32 
91400 3549 16 
91450 3550 3 
91500 3552 2 
91550 3543 1 
91600 3523 105 
91650 3540 865 
91700 3548 1345 
91750 3546 1771 
91800 3559 2193 
91850 3533 2472 
91900 3547 2727 
91950 3548 2949 
92000 3543 3110 
92050 3351 2139 
92100 3458 1135 
92150 3524 570 
92200 3549 240 
92250 3546 64 
92300 3540 13 
92350 3556 1 
92400 3540 2 
92450 3556 3 
92500 3554 2 
92550 3543 321 
92600 3556 875 
92650 3552 1298 
92700 3551 1700 
92750 3556 2065 
92800 3553 2395 
92850 3537 2677 
92900 3541 2939 
92950 3535 3086 
93000 3540 3251 
93050 3330 2216 
93100 3448 1208 
93150 3494 604 
93200 3523 248 
93250 3521 101 
93300 3551 31 
93350 3547 8 
93400 3557 9 
93450 3560 4 
93500 3551 2 
93550 3563 290 
93600 3546 1062 
93650 3556 1641 
93700 3554 2079 
93750 3555 2418 
93800 3544 2722 
93850 3559 2983 
93900 3561 3165 
93950 3556 3292 
94000 3558 3415 
94050 3338 2157 
94100 3448 1074 
94150 3509 545 
94200 3527 204 
94250 3530 60 
94300 3538 21 
94350 3557 9 
94400 3549 3 
94450 3550 4 
94500 3546 2 
94550 3541 347 
94600 3550 891 
94650 3549 1351 
94700 3556 1784 
94750 3560 2167 
94800 3545 2500 
94850 3563 2785 
94900 3546 2983 
94950 3552 3127 
95000 3549 3224 
95050 3316 2254 
95100 3444 1272 
95150 3505 618 
95200 3531 243 
95250 3539 88 
95300 3531 27 
95350 3547 10 
95400 3549 6 
95450 3552 9 
95500 3549 2 
95550 3556 433 
95600 3562 1099 
95650 3558 1581 
95700 3550 1941 
95750 3558 2352 
95800 3556 2659 
95850 3554 2923 
95900 3556 3113 
95950 3561 3256 
96000 3549 3372 
96050 3397 2170 
96100 3470 1065 
96150 3497 575 
96200 3512 313 
96250 3541 145 
96300 3553 75 
96350 3564 42 
96400 3543 15 
96450 3536 5 
96500 3543 3 
96550 3561 3 
96600 3554 440 
96650 3561 1179 
96700 3545 1646 
96750 3554 2047 
96800 3533 2332 
96850 3554 2596 
96900 3547 2851 
96950 3542 3027 
97000 3536 3185 
97050 3360 2140 
97100 3469 1105 
97150 3500 510 
97200 3547 218 
97250 3544 71 
97300 3542 13 
97350 3554 10 
97400 3542 2 
97450 3558 0 
97500 3562 0 
97550 3546 0 
97600 3545 278 
97650 3547 860 
97700 3555 1344 
97750 3558 1723 
97800 3565 2094 
97850 3562 2439 
97900 3547 2752 
97950 3552 3017 
98000 3552 3187 
98050 3304 2207 
98100 3434 1264 
98150 3462 705 
98200 3499 397 
98250 3522 220 
98300 3547 113 
98350 3556 42 
98400 3545 20 
98450 3551 8 
98500 3557 2 
98550 3565 0 
98600 3556 172 
98650 3554 979 
98700 3550 1525 
98750 3550 1921 
98800 3548 2219 
98850 3550 2487 
98900 3563 2727 
98950 3554 2935 
99000 3561 3125 
99050 3330 2232 
99100 3417 1341 
99150 3461 763 
99200 3499 403 
99250 3516 186 
99300 3551 81 
99350 3544 35 
99400 3551 11 
99450 3539 3 
99500 3550 0 
99550 3562 0 
99600 3567 251 
99650 3575 773 
99700 3562 1256 
99750 3563 1634 
99800 3550 2014 
99850 3551 2347 
99900 3551 2647 
99950 3545 2836 
100000 3551 3026 
100050 3361 2129 
100100 3470 1184 
100150 3523 593 
100200 3554 263 
100250 3557 93 
100300 3550 25 
100350 3541 5 
100400 3562 5 
100450 3548 3 
100500 3563 3 
100550 3549 264 
100600 3556 833 
100650 3558 1278 
100700 3545 1636 
100750 3558 2047 
100800 3532 2377 
100850 3537 2670 
100900 3549 2935 
100950 3548 3109 
101000 3551 3231 
101050 3379 2166 
101100 3488 1054 
101150 3532 483 
101200 3547 172 
101250 3542 66 
101300 3555 26 
101350 3551 12 
101400 3551 6 
101450 3559 7 
101500 3540 4 
101550 3540 58 
101600 3536 697 
101650 3534 1256 
101700 3541 1740 
101750 3546 2095 
101800 3546 2402 
101850 3557 2697 
101900 3551 2891 
101950 3553 3047 
102000 3544 3197 
102050 3352 2201 
102100 3456 1263 
102150 3502 731 
102200 3500 391 
102250 3528 170 
102300 3552 61 
102350 3557 28 
102400 3548 7 
102450 3555 4 
102500 3550 2 
102550 3542 0 
102600 3551 575 
102650 3549 1092 
102700 3566 1571 
102750 3558 2001 
102800 3547 2374 
102850 3560 2682 
102900 3544 2904 
102950 3545 3074 
103000 3548 3189 
103050 3415 2193 
103100 3493 1050 
103150 3525 513 
103200 3551 214 
103250 3542 90 
103300 3555 37 
103350 3564 15 
103400 3547 7 
103450 3554 2 
103500 3548 2 
103550 3542 450 
103600 3541 1087 
103650 3534 1602 
103700 3554 2030 
103750 3542 2384 
103800 3554 2700 
103850 3549 2917 
103900 3555 3111 
103950 3547 3201 
104000 3550 3304 
104050 3373 2300 
104100 3453 1267 
104150 3500 726 
104200 3539 387 
104250 3544 192 
104300 3561 106 
104350 3554 39 
104400 3555 11 
104450 3541 4 
104500 3553 3 
104550 3555 207 
104600 3553 1089 
104650 3549 1652 
104700 3555 2057 
104750 3546 2354 
104800 3547 2613 
104850 3540 2830 
104900 3557 3021 
104950 3572 3163 
105000 3549 3242 
105050 3337 2237 
105100 3455 1245 
105150 3501 599 
105200 3533 252 
105250 3526 101 
105300 3553 33 
105350 3547 10 
105400 3547 9 
105450 3545 3 
105500 3567 4 
105550 3555 316 
105600 3556 927 
105650 3562 1467 
105700 3553 1964 
105750 3564 2428 
105800 3566 2795 
105850 3557 3082 
105900 3554 3319 
105950 3524 3437 
106000 3550 3489 
106050 3378 2177 
106100 3488 1030 
106150 3514 446 
106200 3540 192 
106250 3546 59 
106300 3546 20 
106350 3541 8 
106400 3556 4 
106450 3553 1 
106500 3561 3 
106550 3559 450 
106600 3552 1092 
106650 3567 1579 
106700 3554 1920 
106750 3548 2188 
106800 3543 2482 
106850 3554 2753 
106900 3543 2955 
106950 3547 3140 
107000 3543 3253 
107050 3362 2098 
107100 3452 1138 
107150 3487 573 
107200 3528 265 
107250 3517 113 
107300 3539 45 
107350 3539 31 
107400 3561 11 
107450 3558 2 
107500 3557 5 
107550 3558 538 
107600 3558 1163 
107650 3546 1673 
107700 3552 2037 
107750 3554 2327 
107800 3546 2548 
107850 3543 2749 
107900 3546 2972 
107950 3538 3135 
108000 3545 3299 
108050 3364 2189 
108100 3479 1068 
108150 3530 507 
108200 3536 186 
108250 3562 40 
108300 3557 20 
108350 3554 10 
108400 3556 3 
108450 3559 3 
108500 3552 1 
108550 3552 6 
108600 3539 559 
108650 3534 1028 
108700 3520 1468 
108750 3528 1903 
108800 3509 2266 
108850 3524 2582 
108900 3523 2806 
108950 3542 2978 
109000 3551 3126 
109050 3374 2194 
109100 3480 1233 
109150 3511 666 
109200 3541 334 
109250 3554 134 
109300 3547 46 
109350 3560 10 
109400 3575 6 
109450 3564 2 
109500 3542 3 
109550 3537 506 
109600 3523 1106 
109650 3540 1685 
109700 3541 2086 
109750 3554 2438 
109800 3537 2708 
109850 3555 2958 
109900 3557 3178 
109950 3553 3310 
110000 3548 3398 
110050 3359 2176 
110100 3471 1063 
110150 3510 464 
110200 3527 181 
110250 3550 64 
110300 3563 15 
110350 3552 6 
110400 3544 6 
110450 3544 6 
110500 3557 2 
110550 3561 381 
110600 3539 1126 
110650 3544 1628 
110700 3545 2091 
110750 3558 2507 
110800 3529 2755 
110850 3542 2989 
110900 3550 3153 
110950 3558 3259 
111000 3561 3363 
111050 3354 2247 
111100 3480 1177 
111150 3511 624 
111200 3520 260 
111250 3552 98 
111300 3541 39 
111350 3552 19 
111400 3561 7 
111450 3558 5 
111500 3552 3 
111550 3553 5 
111600 3496 468 
111650 3498 1070 
111700 3483 1527 
111750 3489 1924 
111800 3479 2262 
111850 3487 2619 
111900 3466 2874 
111950 3469 3142 
112000 3476 3282 
112050 3363 2122 
112100 3490 1060 
112150 3513 503 
112200 3537 207 
112250 3545 85 
112300 3533 31 
112350 3546 15 
112400 3546 3 
112450 3541 7 
112500 3558 2 
112550 3549 249 
112600 3553 799 
112650 3553 1219 
112700 3547 1624 
112750 3563 2058 
112800 3564 2400 
112850 3544 2660 
112900 3563 2932 
112950 3553 3122 
113000 3557 3246 
113050 3363 2160 
113100 3466 1167 
113150 3507 622 
113200 3531 305 
113250 3526 124 
113300 3555 43 
113350 3537 19 
113400 3527 5 
113450 3546 0 
113500 3541 5 
113550 3557 413 
113600 3557 1180 
113650 3554 1818 
113700 3547 2344 
113750 3560 2768 
113800 3545 3045 
113850 3551 3289 
113900 3529 3391 
113950 3543 3456 
114000 3544 3489 
114050 3357 2323 
114100 3478 1150 
114150 3507 620 
114200 3508 342 
114250 3532 171 
114300 3532 57 
114350 3531 15 
114400 3549 5 
114450 3564 1 
114500 3557 1 
114550 3551 0 
114600 3553 153 
114650 3549 709 
114700 3551 1155 
114750 3541 1580 
114800 3546 1992 
114850 3553 2366 
114900 3545 2663 
114950 3557 2891 
115000 3546 3061 
115050 3387 2124 
115100 3462 1171 
115150 3511 608 
115200 3536 341 
115250 3542 181 
115300 3562 110 
115350 3555 65 
115400 3555 28 
115450 3554 8 
115500 3557 10 
115550 3543 5 
115600 3555 712 
115650 3552 1261 
115700 3564 1726 
115750 3546 2062 
115800 3554 2412 
115850 3558 2679 
115900 3559 2880 
115950 3552 3062 
116000 3546 3221 
116050 3372 2144 
116100 3482 1213 
116150 3509 653 
116200 3509 303 
116250 3521 132 
116300 3535 62 
116350 3526 28 
116400 3561 7 
116450 3568 4 
116500 3549 4 
116550 3551 5 
116600 3539 297 
116650 3553 817 
116700 3552 1262 
116750 3557 1710 
116800 3551 2055 
116850 3547 2383 
116900 3551 2722 
116950 3556 2980 
117000 3545 3176 
117050 3418 2117 
117100 3502 929 
117150 3524 354 
117200 3549 119 
117250 3539 22 
117300 3544 9 
117350 3535 7 
117400 3536 5 
117450 3543 4 
117500 3543 2 
117550 3553 1 
117600 3549 0 
117650 3548 0 
117700 3556 2 
117750 3474 95 
117800 3261 291 
117850 3048 510 
117900 3344 823 
117950 3512 1243 
118000 3542 1711 
118050 3406 1345 
118100 3459 963 
118150 3491 652 
118200 3513 372 
118250 3549 191 
118300 3555 95 
118350 3556 30 
118400 3536 14 
118450 3539 7 
118500 3543 5 
118550 3547 174 
118600 3546 733 
118650 3547 1240 
118700 3544 1703 
118750 3541 2067 
118800 3540 2403 
118850 3555 2738 
118900 3561 2983 
118950 3574 3124 
119000 3562 3241 
119050 3383 2229 
119100 3491 1214 
119150 3522 699 
119200 3550 385 
119250 3538 191 
119300 3563 90 
119350 3559 55 
119400 3565 19 
119450 3556 21 
119500 3553 9 
119550 3545 23 
119600 3551 639 
119650 3551 1193 
119700 3549 1654 
119750 3556 2029 
119800 3553 2451 
119850 3558 2756 
119900 3553 2913 
119950 3544 3047 
120000 3539 3158 
120050 3369 2161 
120100 3469 1159 
120150 3499 546 
120200 3524 269 
120250 3526 126 
120300 3542 69 
120350 3548 36 
120400 3537 11 
120450 3558 1 
120500 3558 2 
120550 3533 147 
120600 3540 758 
120650 3548 1205 
120700 3553 1613 
120750 3555 2007 
120800 3563 2399 
120850 3554 2701 
120900 3549 2944 
120950 3555 3137 
121000 3560 3283 
121050 3381 2228 
121100 3496 1177 
121150 3524 570 
121200 3537 233 
121250 3544 77 
121300 3540 27 
121350 3541 8 
121400 3553 4 
121450 3564 4 
121500 3556 4 
121550 3554 256 
121600 3564 929 
121650 3550 1452 
121700 3552 1825 
121750 3550 2130 
121800 3549 2444 
121850 3541 2676 
121900 3550 2857 
121950 3544 3012 
122000 3541 3170 
122050 3299 2306 
122100 3397 1438 
122150 3477 859 
122200 3512 472 
122250 3528 265 
122300 3550 162 
122350 3538 74 
122400 3543 23 
122450 3549 10 
122500 3566 6 
122550 3554 456 
122600 3552 1152 
122650 3540 1603 
122700 3561 2016 
122750 3545 2289 
122800 3547 2581 
122850 3548 2788 
122900 3553 3021 
122950 3549 3175 
123000 3555 3292 
123050 3391 2145 
123100 3496 1001 
123150 3539 434 
123200 3541 212 
123250 3524 105 
123300 3542 41 
123350 3542 19 
123400 3550 5 
123450 3566 4 
123500 3552 5 
123550 3551 360 
123600 3550 1006 
123650 3547 1542 
123700 3547 2040 
123750 3546 2389 
123800 3546 2678 
123850 3551 2894 
123900 3538 3085 
123950 3534 3189 
124000 3561 3325 
124050 3357 2309 
124100 3480 1218 
124150 3514 616 
124200 3529 281 
124250 3529 128 
124300 3556 38 
124350 3549 13 
124400 3543 7 
124450 3546 6 
124500 3547 4 
124550 3544 447 
124600 3550 1079 
124650 3547 1570 
124700 3554 2002 
124750 3566 2420 
124800 3564 2731 
124850 3562 2992 
124900 3554 3214 
124950 3549 3352 
125000 3564 3432 
125050 3405 2135 
125100 3485 1050 
125150 3514 500 
125200 3525 242 
125250 3555 83 
125300 3545 27 
125350 3538 12 
125400 3537 8 
125450 3533 10 
125500 3559 9 
125550 3546 369 
125600 3555 1078 
125650 3548 1621 
125700 3549 2078 
125750 3542 2407 
125800 3534 2739 
125850 3546 2921 
125900 3558 3099 
125950 3538 3249 
126000 3543 3353 
126050 3368 2168 
126100 3495 1056 
126150 3507 530 
126200 3518 260 
126250 3537 115 
126300 3540 55 
126350 3549 34 
126400 3549 11 
126450 3562 5 
126500 3545 5 
126550 3562 500 
126600 3562 1194 
126650 3557 1744 
126700 3554 2228 
126750 3556 2605 
126800 3549 2883 
126850 3558 3078 
126900 3546 3223 
126950 3545 3353 
127000 3536 3415 
127050 3353 2255 
127100 3435 1209 
127150 3506 597 
127200 3525 275 
127250 3532 130 
127300 3543 73 
127350 3546 20 
127400 3559 7 
127450 3543 8 
127500 3551 8 
127550 3551 536 
127600 3561 1201 
127650 3540 1729 
127700 3556 2185 
127750 3549 2517 
127800 3544 2838 
127850 3546 3079 
127900 3541 3237 
127950 3552 3377 
128000 3553 3455 
128050 3345 2241 
128100 3448 1208 
128150 3507 620 
128200 3533 288 
128250 3554 102 
128300 3560 24 
128350 3541 10 
128400 3537 4 
128450 3555 3 
128500 3553 1 
128550 3545 459 
128600 3553 1138 
128650 3545 1654 
128700 3548 2170 
128750 3549 2617 
128800 3552 2944 
128850 3550 3154 
128900 3571 3368 
128950 3548 3439 
129000 3547 3496 
129050 3375 2196 
129100 3445 1205 
129150 3512 567 
129200 3543 199 
129250 3552 59 
129300 3535 23 
129350 3555 8 
129400 3546 4 
129450 3540 7 
129500 3553 1 
129550 3541 395 
129600 3545 991 
129650 3544 1477 
129700 3560 1851 
129750 3561 2227 
129800 3555 2574 
129850 3556 2911 
129900 3541 3118 
129950 3556 3254 
130000 3555 3347 
130050 3346 2224 
130100 3475 1151 
130150 3498 571 
130200 3534 237 
130250 3549 78 
130300 3561 27 
130350 3546 11 
130400 3537 4 
130450 3546 1 
130500 3560 6 
130550 3555 2 
130600 3557 407 
130650 3552 987 
130700 3535 1407 
130750 3557 1804 
130800 3548 2138 
130850 3548 2470 
130900 3531 2750 
130950 3544 2974 
131000 3553 3146 
131050 3377 2147 
131100 3493 1033 
131150 3527 470 
131200 3551 167 
131250 3559 62 
131300 3560 17 
131350 3551 9 
131400 3550 6 
131450 3532 12 
131500 3546 6 
131550 3545 525 
131600 3550 1100 
131650 3556 1619 
131700 3555 2021 
131750 3559 2381 
131800 3525 2675 
131850 3550 2895 
131900 3554 3067 
131950 3545 3164 
132000 3530 3299 
132050 3374 2176 
132100 3499 1048 
132150 3532 397 
132200 3547 125 
132250 3566 23 
132300 3547 5 
132350 3544 7 
132400 3551 7 
132450 3552 6 
132500 3543 7 
132550 3546 425 
132600 3541 982 
132650 3540 1380 
132700 3535 1759 
132750 3530 2133 
132800 3537 2451 
132850 3549 2759 
132900 3542 2974 
132950 3550 3132 
133000 3548 3246 
133050 3410 2190 
133100 3469 1160 
133150 3522 560 
133200 3536 255 
133250 3547 70 
133300 3532 19 
133350 3555 13 
133400 3565 2 
133450 3552 8 
133500 3547 9 
133550 3537 350 
133600 3545 849 
133650 3542 1322 
133700 3542 1720 
133750 3544 2091 
133800 3537 2400 
133850 3556 2676 
133900 3559 2904 
133950 3536 3038 
134000 3544 3173 
134050 3341 2215 
134100 3428 1280 
134150 3481 626 
134200 3521 268 
134250 3534 107 
134300 3543 33 
134350 3550 19 
134400 3545 6 
134450 3548 7 
134500 3528 2 
134550 3544 416 
134600 3542 938 
134650 3543 1365 
134700 3529 1757 
134750 3544 2094 
134800 3557 2397 
134850 3547 2661 
134900 3550 2907 
134950 3553 3071 
135000 3550 3174 
135050 3378 2135 
135100 3482 1087 
135150 3508 468 
135200 3540 201 
135250 3548 78 
135300 3542 24 
135350 3555 10 
135400 3542 6 
135450 3543 3 
135500 3548 2 
135550 3534 236 
135600 3544 798 
135650 3548 1282 
135700 3551 1675 
135750 3535 2040 
135800 3551 2383 
135850 3555 2657 
135900 3548 2920 
135950 3553 3147 
136000 3555 3289 
136050 3340 2259 
136100 3453 1175 
136150 3472 673 
136200 3504 341 
136250 3521 137 
136300 3542 63 
136350 3546 20 
136400 3541 11 
136450 3555 3 
136500 3552 3 
136550 3544 345 
136600 3552 954 
136650 3541 1356 
136700 3549 1756 
136750 3550 2083 
136800 3549 2419 
136850 3557 2751 
136900 3547 2978 
136950 3548 3152 
137000 3542 3254 
137050 3369 2177 
137100 3458 1218 
137150 3517 569 
137200 3544 264 
137250 3560 101 
137300 3555 35 
137350 3560 15 
137400 3545 9 
137450 3555 5 
137500 3549 3 
137550 3553 208 
137600 3554 781 
137650 3555 1224 
137700 3549 1621 
137750 3547 1972 
137800 3548 2309 
137850 3535 2603 
137900 3547 2878 
137950 3539 3092 
138000 3545 3237 
138050 3373 2137 
138100 3498 969 
138150 3517 357 
138200 3548 104 
138250 3548 29 
138300 3551 12 
138350 3554 8 
138400 3553 1 
138450 3548 4 
138500 3539 4 
138550 3542 306 
138600 3545 1001 
138650 3541 1538 
138700 3550 2009 
138750 3550 2339 
138800 3548 2602 
138850 3553 2799 
138900 3558 2972 
138950 3540 3072 
139000 3560 3239 
139050 3379 2193 
139100 3476 1101 
139150 3508 518 
139200 3532 226 
139250 3549 89 
139300 3562 26 
139350 3557 15 
139400 3560 9 
139450 3559 9 
139500 3564 4 
139550 3560 458 
139600 3549 1113 
139650 3546 1638 
139700 3545 2076 
139750 3547 2400 
139800 3546 2669 
139850 3540 2857 
139900 3543 3029 
139950 3561 3180 
140000 3545 3300 
140050 3372 2146 
140100 3475 1090 
140150 3510 507 
140200 3537 183 
140250 3548 67 
140300 3555 19 
140350 3542 4 
140400 3553 2 
140450 3551 8 
140500 3533 8 
140550 3542 212 
140600 3548 875 
140650 3541 1456 
140700 3548 1923 
140750 3552 2357 
140800 3540 2716 
140850 3548 3005 
140900 3552 3214 
140950 3540 3375 
141000 3552 3485 
141050 3346 2254 
141100 3452 1191 
141150 3513 623 
141200 3537 264 
141250 3553 72 
141300 3544 25 
141350 3549 8 
141400 3554 7 
141450 3551 3 
141500 3553 6 
141550 3548 410 
141600 3550 912 
141650 3539 1379 
141700 3557 1729 
141750 3556 2080 
141800 3556 2480 
141850 3547 2777 
141900 3544 3033 
141950 3561 3242 
142000 3550 3336 
142050 3346 2164 
142100 3465 1144 
142150 3496 541 
142200 3526 248 
142250 3553 97 
142300 3559 42 
142350 3545 13 
142400 3552 10 
142450 3546 10 
142500 3552 8 
142550 3547 382 
142600 3545 845 
142650 3535 1270 
142700 3545 1683 
142750 3549 2042 
142800 3550 2326 
142850 3529 2587 
142900 3542 2842 
142950 3544 3030 
143000 3548 3190 
143050 3388 2222 
143100 3465 1229 
143150 3514 650 
143200 3551 359 
143250 3537 193 
143300 3548 93 
143350 3558 39 
143400 3545 11 
143450 3539 9 
143500 3535 8 
143550 3531 6 
143600 3540 506 
143650 3546 1057 
143700 3548 1517 
143750 3550 1899 
143800 3548 2237 
143850 3529 2504 
143900 3542 2818 
143950 3554 3067 
144000 3559 3280 
144050 3399 2179 
144100 3505 1090 
144150 3530 525 
144200 3550 216 
144250 3547 100 
144300 3556 32 
144350 3543 17 
144400 3540 17 
144450 3512 13 
144500 3554 14 
144550 3548 383 
144600 3545 939 
144650 3545 1372 
144700 3556 1783 
144750 3543 2171 
144800 3564 2493 
144850 3551 2721 
144900 3557 2919 
144950 3568 3085 
145000 3551 3218 
145050 3353 2305 
145100 3425 1378 
145150 3483 711 
145200 3504 352 
145250 3532 159 
145300 3549 79 
145350 3530 23 
145400 3544 17 
145450 3559 26 
145500 3552 12 
145550 3537 19 
145600 3535 544 
145650 3535 1045 
145700 3532 1547 
145750 3542 1897 
145800 3536 2269 
145850 3543 2580 
145900 3546 2820 
145950 3554 3058 
146000 3556 3203 
146050 3366 2118 
146100 3475 1064 
146150 3525 457 
146200 3540 136 
146250 3550 45 
146300 3553 14 
146350 3552 11 
146400 3546 12 
146450 3546 7 
146500 3523 10 
146550 3535 312 
146600 3536 840 
146650 3546 1289 
146700 3536 1658 
146750 3532 2012 
146800 3547 2355 
146850 3534 2624 
146900 3546 2834 
146950 3550 3036 
147000 3543 3173 
147050 3363 2230 
147100 3435 1320 
147150 3473 826 
147200 3515 490 
147250 3505 314 
147300 3519 219 
147350 3536 120 
147400 3551 70 
147450 3544 40 
147500 3554 14 
147550 3537 19 
147600 3535 609 
147650 3543 1108 
147700 3528 1548 
147750 3525 1945 
147800 3534 2322 
147850 3549 2627 
147900 3542 2922 
147950 3549 3158 
148000 3553 3346 
148050 3323 2252 
148100 3466 1068 
148150 3514 479 
148200 3550 179 
148250 3539 71 
148300 3560 14 
148350 3546 6 
148400 3527 5 
148450 3549 6 
148500 3541 3 
148550 3542 4 
148600 3509 391 
148650 3498 913 
148700 3501 1320 
148750 3535 1689 
148800 3548 2043 
148850 3552 2402 
148900 3535 2667 
148950 3549 2919 
149000 3545 3094 
149050 3384 2137 
149100 3475 1154 
149150 3508 602 
149200 3541 291 
149250 3551 120 
149300 3548 40 
149350 3558 14 
149400 3551 3 
149450 3536 4 
149500 3548 2 
149550 3548 441 
149600 3546 990 
149650 3544 1405 
149700 3555 1818 
149750 3554 2153 
149800 3549 2447 
149850 3548 2717 
149900 3554 2905 
149950 3555 3099 
150000 3560 3238 
150050 3346 2361 
150100 3447 1449 
150150 3477 898 
150200 3489 526 
150250 3522 322 
150300 3536 240 
150350 3543 118 
150400 3549 58 
150450 3548 29 
150500 3556 10 
150550 3548 308 
150600 3543 997 
150650 3550 1476 
150700 3542 1889 
150750 3553 2225 
150800 3546 2524 
150850 3541 2788 
150900 3550 3007 
150950 3550 3167 
151000 3547 3274 
151050 3380 2166 
151100 3471 1128 
151150 3519 541 
151200 3537 271 
151250 3542 100 
151300 3552 28 
151350 3541 9 
151400 3540 4 
151450 3561 4 
151500 3555 6 
151550 3548 92 
151600 3558 805 
151650 3540 1416 
151700 3547 1853 
151750 3535 2234 
151800 3538 2521 
151850 3557 2825 
151900 3554 3080 
151950 3563 3276 
152000 3552 3372 
152050 3378 2178 
152100 3479 1146 
152150 3515 614 
152200 3513 296 
152250 3523 122 
152300 3551 47 
152350 3562 21 
152400 3560 9 
152450 3549 13 
152500 3563 8 
152550 3548 495 
152600 3552 1197 
152650 3557 1766 
152700 3548 2163 
152750 3548 2496 
152800 3558 2818 
152850 3561 3052 
152900 3547 3202 
152950 3562 3338 
153000 3567 3409 
153050 3379 2224 
153100 3489 1117 
153150 3515 561 
153200 3530 263 
153250 3559 117 
153300 3552 40 
153350 3542 20 
153400 3551 8 
153450 3554 3 
153500 3552 4 
153550 3558 392 
153600 3556 891 
153650 3557 1347 
153700 3555 1667 
153750 3554 2024 
153800 3553 2332 
153850 3549 2630 
153900 3557 2817 
153950 3569 2959 
154000 3551 3067 
154050 3406 2113 
154100 3479 1085 
154150 3525 466 
154200 3556 173 
154250 3557 45 
154300 3557 9 
154350 3561 6 
154400 3544 4 
154450 3537 4 
154500 3542 0 
154550 3555 163 
154600 3559 762 
154650 3552 1227 
154700 3545 1650 
154750 3556 2045 
154800 3536 2366 
154850 3553 2645 
154900 3542 2882 
154950 3557 3066 
155000 3553 3225 
155050 3373 2217 
155100 3482 1075 
155150 3508 484 
155200 3523 183 
155250 3542 69 
155300 3557 27 
155350 3537 14 
155400 3555 9 
155450 3551 3 
155500 3550 7 
155550 3551 434 
155600 3554 1094 
155650 3546 1602 
155700 3553 1934 
155750 3550 2246 
155800 3537 2492 
155850 3556 2762 
155900 3539 2951 
155950 3546 3150 
156000 3549 3269 
156050 3371 2218 
156100 3464 1189 
156150 3484 656 
156200 3523 348 
156250 3538 168 
156300 3561 78 
156350 3531 20 
156400 3546 5 
156450 3543 0 
156500 3545 5 
156550 3537 148 
156600 3554 731 
156650 3561 1331 
156700 3537 1653 
156750 3553 2014 
156800 3545 2308 
156850 3530 2574 
156900 3551 2805 
156950 3544 3003 
157000 3541 3172 
157050 3359 2184 
157100 3453 1175 
157150 3506 586 
157200 3548 264 
157250 3541 110 
157300 3558 35 
157350 3545 13 
157400 3544 6 
157450 3545 0 
157500 3545 1 
157550 3554 88 
157600 3551 660 
157650 3555 1149 
157700 3533 1548 
157750 3544 1989 
157800 3534 2311 
157850 3549 2556 
157900 3546 2816 
157950 3551 3030 
158000 3547 3179 
158050 3351 2213 
158100 3464 1222 
158150 3503 686 
158200 3526 347 
158250 3539 154 
158300 3555 70 
158350 3558 35 
158400 3553 19 
158450 3541 12 
158500 3534 8 
158550 3543 403 
158600 3538 896 
158650 3544 1319 
158700 3539 1720 
158750 3538 2066 
158800 3540 2451 
158850 3553 2757 
158900 3544 2981 
158950 3552 3126 
159000 3544 3245 
159050 3334 2278 
159100 3401 1323 
159150 3464 768 
159200 3490 413 
159250 3513 204 
159300 3526 125 
159350 3549 68 
159400 3556 22 
159450 3549 6 
159500 3547 1 
159550 3553 109 
159600 3540 744 
159650 3547 1269 
159700 3535 1692 
159750 3566 2102 
159800 3541 2415 
159850 3539 2768 
159900 3554 3052 
159950 3551 3197 
160000 3548 3291 
160050 3352 2170 
160100 3448 1176 
160150 3509 538 
160200 3536 223 
160250 3551 74 
160300 3539 20 
160350 3554 11 
160400 3544 2 
160450 3543 0 
160500 3550 5 
160550 3542 332 
160600 3539 980 
160650 3538 1568 
160700 3547 2007 
160750 3539 2327 
160800 3548 2587 
160850 3543 2821 
160900 3549 3031 
160950 3560 3178 
161000 3534 3265 
161050 3387 2135 
161100 3478 1051 
161150 3504 491 
161200 3535 226 
161250 3539 95 
161300 3549 41 
161350 3550 23 
161400 3543 17 
161450 3551 6 
161500 3569 1 
161550 3538 16 
161600 3530 588 
161650 3509 1123 
161700 3504 1615 
161750 3525 2022 
161800 3528 2333 
161850 3545 2607 
161900 3549 2843 
161950 3528 3006 
162000 3543 3170 
162050 3338 2202 
162100 3437 1254 
162150 3473 720 
162200 3509 429 
162250 3536 242 
162300 3550 140 
162350 3559 81 
162400 3547 32 
162450 3551 15 
162500 3544 7 
162550 3533 414 
162600 3556 1075 
162650 3559 1599 
162700 3569 1966 
162750 3569 2297 
162800 3551 2500 
162850 3556 2757 
162900 3553 2942 
162950 3539 3062 
163000 3539 3206 
163050 3376 2178 
163100 3479 1059 
163150 3511 470 
163200 3525 199 
163250 3543 72 
163300 3543 31 
163350 3526 11 
163400 3532 5 
163450 3533 2 
163500 3546 2 
163550 3543 0 
163600 3556 211 
163650 3554 790 
163700 3555 1204 
163750 3557 1627 
163800 3551 2005 
163850 3559 2361 
163900 3541 2690 
163950 3556 2988 
164000 3539 3123 
164050 3374 2181 
164100 3463 1124 
164150 3494 586 
164200 3532 264 
164250 3537 93 
164300 3536 24 
164350 3552 13 
164400 3550 4 
164450 3548 4 
164500 3543 1 
164550 3549 129 
164600 3537 749 
164650 3546 1227 
164700 3539 1681 
164750 3541 2111 
164800 3544 2450 
164850 3552 2752 
164900 3537 2931 
164950 3549 3098 
165000 3555 3177 
165050 3371 2175 
165100 3458 1178 
165150 3481 648 
165200 3525 284 
165250 3544 113 
165300 3552 36 
165350 3548 11 
165400 3546 8 
165450 3533 4 
165500 3531 3 
165550 3553 129 
165600 3555 751 
165650 3549 1228 
165700 3543 1594 
165750 3553 1987 
165800 3552 2320 
165850 3520 2558 
165900 3530 2791 
165950 3534 2990 
166000 3538 3156 
166050 3323 2122 
166100 3461 1169 
166150 3497 563 
166200 3531 259 
166250 3531 84 
166300 3538 19 
166350 3547 4 
166400 3525 4 
166450 3547 2 
166500 3543 0 
166550 3550 8 
166600 3549 607 
166650 3558 1106 
166700 3564 1554 
166750 3548 1877 
166800 3537 2241 
166850 3542 2583 
166900 3554 2877 
166950 3536 3079 
167000 3539 3219 
167050 3352 2240 
167100 3443 1302 
167150 3494 759 
167200 3503 397 
167250 3548 189 
167300 3547 93 
167350 3540 36 
167400 3546 10 
167450 3539 7 
167500 3535 7 
167550 3544 1 
167600 3543 0 
167650 3549 593 
167700 3553 1149 
167750 3564 1588 
167800 3541 1964 
167850 3550 2275 
167900 3539 2504 
167950 3550 2704 
168000 3558 2925 
168050 3382 2130 
168100 3460 1219 
168150 3497 687 
168200 3527 373 
168250 3544 218 
168300 3540 117 
168350 3523 50 
168400 3532 31 
168450 3535 12 
168500 3555 9 
168550 3547 15 
168600 3534 747 
168650 3551 1281 
168700 3538 1695 
168750 3540 2063 
168800 3536 2406 
168850 3545 2716 
168900 3544 2918 
168950 3553 3113 
169000 3548 3229 
169050 3349 2209 
169100 3457 1238 
169150 3491 710 
169200 3510 417 
169250 3524 232 
169300 3533 132 
169350 3547 79 
169400 3534 37 
169450 3546 11 
169500 3551 5 
169550 3549 401 
169600 3553 1022 
169650 3545 1537 
169700 3561 1987 
169750 3563 2283 
169800 3560 2550 
169850 3566 2797 
169900 3563 3021 
169950 3547 3200 
170000 3549 3313 
170050 3301 2275 
170100 3411 1344 
170150 3462 781 
170200 3492 491 
170250 3524 327 
170300 3539 225 
170350 3550 123 
170400 3551 61 
170450 3550 18 
170500 3553 7 
170550 3557 364 
170600 3552 1177 
170650 3552 1791 
170700 3548 2258 
170750 3549 2590 
170800 3554 2851 
170850 3554 3051 
170900 3552 3206 
170950 3534 3316 
171000 3538 3387 
171050 3395 2202 
171100 3495 1070 
171150 3533 527 
171200 3541 270 
171250 3540 111 
171300 3570 46 
171350 3549 31 
171400 3549 20 
171450 3565 19 
171500 3550 15 
171550 3548 369 
171600 3552 1015 
171650 3553 1404 
171700 3560 1841 
171750 3553 2194 
171800 3554 2535 
171850 3552 2821 
171900 3539 3050 
171950 3560 3226 
172000 3529 3300 
172050 3364 2205 
172100 3471 1154 
172150 3499 589 
172200 3520 258 
172250 3541 95 
172300 3561 41 
172350 3551 18 
172400 3540 16 
172450 3544 5 
172500 3560 4 
172550 3561 228 
172600 3552 825 
172650 3552 1340 
172700 3559 1771 
172750 3547 2139 
172800 3554 2468 
172850 3545 2774 
172900 3562 3017 
172950 3550 3148 
173000 3548 3234 
173050 3374 2192 
173100 3490 1210 
173150 3509 607 
173200 3523 334 
173250 3530 173 
173300 3535 87 
173350 3534 35 
173400 3547 9 
173450 3549 7 
173500 3544 5 
173550 3553 1 
173600 3538 412 
173650 3548 975 
173700 3558 1434 
173750 3565 1832 
173800 3556 2222 
173850 3552 2499 
173900 3553 2776 
173950 3555 3023 
174000 3556 3208 
174050 3334 2225 
174100 3447 1272 
174150 3509 680 
174200 3532 311 
174250 3546 130 
174300 3563 43 
174350 3554 22 
174400 3557 5 
174450 3549 2 
174500 3551 4 
174550 3545 328 
174600 3554 849 
174650 3557 1338 
174700 3545 1736 
174750 3552 2148 
174800 3572 2495 
174850 3562 2745 
174900 3547 2944 
174950 3557 3104 
175000 3535 3212 
175050 3302 2320 
175100 3415 1358 
175150 3505 744 
175200 3511 370 
175250 3533 156 
175300 3565 64 
175350 3553 28 
175400 3568 10 
175450 3564 4 
175500 3540 2 
175550 3539 470 
175600 3541 1178 
175650 3551 1713 
175700 3559 2233 
175750 3554 2616 
175800 3554 2941 
175850 3559 3222 
175900 3538 3316 
175950 3551 3430 
176000 3545 3472 
176050 3345 2271 
176100 3458 1151 
176150 3487 565 
176200 3527 227 
176250 3533 74 
176300 3550 40 
176350 3547 9 
176400 3552 4 
176450 3563 8 
176500 3553 1 
176550 3543 170 
176600 3553 992 
176650 3556 1544 
176700 3535 1856 
176750 3542 2148 
176800 3553 2456 
176850 3555 2691 
176900 3527 2940 
176950 3549 3155 
177000 3555 3294 
177050 3411 2113 
177100 3517 969 
177150 3519 438 
177200 3534 200 
177250 3539 71 
177300 3542 17 
177350 3557 9 
177400 3554 8 
177450 3554 5 
177500 3548 1 
177550 3540 263 
177600 3542 892 
177650 3543 1390 
177700 3544 1854 
177750 3557 2317 
177800 3541 2680 
177850 3531 3038 
177900 3542 3250 
177950 3547 3390 
178000 3551 3454 
178050 3360 2141 
178100 3468 1045 
178150 3511 524 
178200 3520 213 
178250 3533 79 
178300 3543 32 
178350 3565 14 
178400 3549 1 
178450 3543 4 
178500 3549 6 
178550 3553 192 
178600 3559 980 
178650 3556 1511 
178700 3559 1920 
178750 3552 2220 
178800 3548 2488 
178850 3558 2726 
178900 3544 2937 
178950 3558 3116 
179000 3553 3242 
179050 3374 2174 
179100 3466 1111 
179150 3515 593 
179200 3538 280 
179250 3550 126 
179300 3550 45 
179350 3559 22 
179400 3559 6 
179450 3548 1 
179500 3554 3 
179550 3569 444 
179600 3551 1025 
179650 3543 1554 
179700 3540 1943 
179750 3534 2241 
179800 3547 2533 
179850 3544 2793 
179900 3533 2971 
179950 3547 3131 
180000 3545 3247 
180050 3400 2204 
180100 3502 1193 
180150 3530 559 
180200 3548 274 
180250 3537 140 
180300 3544 72 
180350 3536 50 
180400 3548 11 
180450 3545 6 
180500 3559 2 
180550 3552 1 
180600 3553 636 
180650 3548 1236 
180700 3561 1744 
180750 3546 2132 
180800 3544 2483 
180850 3534 2756 
180900 3545 3036 
180950 3548 3210 
181000 3546 3334 
181050 3357 2174 
181100 3486 1097 
181150 3517 500 
181200 3522 198 
181250 3519 63 
181300 3536 15 
181350 3569 3 
181400 3543 4 
181450 3545 1 
181500 3546 5 
181550 3541 343 
181600 3534 900 
181650 3542 1354 
181700 3553 1777 
181750 3550 2131 
181800 3546 2442 
181850 3542 2703 
181900 3546 2930 
181950 3558 3111 
182000 3558 3241 
182050 3357 2204 
182100 3432 1313 
182150 3473 785 
182200 3515 442 
182250 3527 248 
182300 3553 145 
182350 3546 79 
182400 3538 28 
182450 3564 7 
182500 3562 2 
182550 3554 332 
182600 3539 834 
182650 3556 1260 
182700 3553 1644 
182750 3532 1971 
182800 3532 2278 
182850 3554 2584 
182900 3535 2801 
182950 3548 2972 
183000 3549 3146 
183050 3359 2261 
183100 3463 1325 
183150 3488 753 
183200 3534 408 
183250 3538 199 
183300 3551 83 
183350 3538 39 
183400 3543 7 
183450 3542 5 
183500 3550 2 
183550 3553 697 
183600 3558 1355 
183650 3549 1805 
183700 3549 2202 
183750 3547 2479 
183800 3541 2750 
183850 3559 2989 
183900 3550 3197 
183950 3536 3354 
184000 3558 3459 
184050 3394 2189 
184100 3483 1124 
184150 3526 505 
184200 3541 169 
184250 3538 42 
184300 3542 10 
184350 3543 8 
184400 3541 5 
184450 3550 5 
184500 3557 4 
184550 3553 148 
184600 3541 887 
184650 3550 1434 
184700 3565 1939 
184750 3550 2288 
184800 3556 2603 
184850 3555 2808 
184900 3556 3008 
184950 3551 3168 
185000 3549 3311 
185050 3394 2170 
185100 3490 1006 
185150 3520 430 
185200 3537 153 
185250 3530 44 
185300 3556 8 
185350 3548 5 
185400 3546 2 
185450 3552 5 
185500 3534 6 
185550 3543 225 
185600 3546 975 
185650 3538 1568 
185700 3558 2055 
185750 3544 2484 
185800 3551 2804 
185850 3559 3057 
185900 3570 3250 
185950 3556 3361 
186000 3544 3441 
186050 3373 2151 
186100 3485 1028 
186150 3525 460 
186200 3546 230 
186250 3560 61 
186300 3574 17 
186350 3546 5 
186400 3557 5 
186450 3537 5 
186500 3557 1 
186550 3562 335 
186600 3567 970 
186650 3549 1467 
186700 3561 1921 
186750 3560 2248 
186800 3538 2521 
186850 3549 2810 
186900 3547 3027 
186950 3552 3203 
187000 3556 3356 
187050 3396 2247 
187100 3479 1234 
187150 3495 679 
187200 3499 399 
187250 3517 244 
187300 3533 161 
187350 3552 93 
187400 3561 43 
187450 3561 21 
187500 3561 8 
187550 3556 124 
187600 3547 754 
187650 3551 1271 
187700 3554 1759 
187750 3551 2119 
187800 3543 2444 
187850 3545 2711 
187900 3558 2928 
187950 3563 3119 
188000 3571 3271 
188050 3350 2207 
188100 3465 1145 
188150 3516 553 
188200 3525 237 
188250 3535 91 
188300 3556 34 
188350 3555 17 
188400 3545 9 
188450 3552 2 
188500 3559 5 
188550 3559 144 
188600 3561 807 
188650 3561 1456 
188700 3547 1931 
188750 3544 2262 
188800 3556 2529 
188850 3554 2774 
188900 3562 3017 
188950 3555 3168 
189000 3553 3308 
189050 3408 2081 
189100 3511 1002 
189150 3534 406 
189200 3547 157 
189250 3542 54 
189300 3555 20 
189350 3549 5 
189400 3546 5 
189450 3534 2 
189500 3541 1 
189550 3549 2 
189600 3551 540 
189650 3560 1068 
189700 3564 1520 
189750 3552 1862 
189800 3556 2222 
189850 3551 2544 
189900 3551 2842 
189950 3549 3086 
190000 3562 3246 
190050 3399 2182 
190100 3482 1193 
190150 3543 532 
190200 3525 206 
190250 3542 58 
190300 3532 12 
190350 3545 7 
190400 3538 6 
190450 3559 1 
190500 3557 1 
190550 3549 355 
190600 3549 979 
190650 3560 1516 
190700 3563 1909 
190750 3559 2252 
190800 3559 2521 
190850 3550 2723 
190900 3548 2932 
190950 3547 3067 
191000 3535 3190 
191050 3391 2143 
191100 3459 1060 
191150 3505 514 
191200 3537 236 
191250 3544 75 
191300 3559 25 
191350 3538 8 
191400 3539 4 
191450 3539 5 
191500 3557 4 
191550 3530 257 
191600 3532 1114 
191650 3530 1738 
191700 3532 2114 
191750 3546 2477 
191800 3546 2755 
191850 3536 3015 
191900 3540 3150 
191950 3543 3273 
192000 3524 3334 
192050 3399 2076 
192100 3488 983 
192150 3494 410 
192200 3541 128 
192250 3546 29 
192300 3559 7 
192350 3544 6 
192400 3559 4 
192450 3547 0 
192500 3532 5 
192550 3538 430 
192600 3541 1366 
192650 3549 1957 
192700 3560 2400 
192750 3541 2750 
192800 3541 2998 
192850 3547 3182 
192900 3548 3304 
192950 3548 3377 
193000 3543 3416 
193050 3352 2211 
193100 3472 1132 
193150 3522 618 
193200 3529 287 
193250 3556 106 
193300 3559 28 
193350 3548 13 
193400 3545 5 
193450 3538 3 
193500 3546 5 
193550 3557 0 
193600 3555 456 
193650 3539 1027 
193700 3558 1507 
193750 3546 1900 
193800 3551 2198 
193850 3547 2526 
193900 3555 2797 
193950 3555 3004 
194000 3544 3155 
194050 3361 2177 
194100 3453 1241 
194150 3490 640 
194200 3520 321 
194250 3542 118 
194300 3552 41 
194350 3570 13 
194400 3561 4 
194450 3568 3 
194500 3543 5 
194550 3537 1 
194600 3535 485 
194650 3545 1270 
194700 3539 1779 
194750 3536 2212 
194800 3548 2549 
194850 3560 2809 
194900 3553 2962 
194950 3560 3149 
195000 3554 3232 
195050 3357 2194 
195100 3483 1130 
195150 3503 521 
195200 3509 217 
195250 3538 106 
195300 3556 40 
195350 3550 12 
195400 3527 6 
195450 3538 3 
195500 3556 5 
195550 3550 1 
195600 3540 0 
195650 3553 434 
195700 3554 1144 
195750 3548 1714 
195800 3542 2165 
195850 3533 2505 
195900 3541 2815 
195950 3549 3044 
196000 3544 3241 
196050 3361 2121 
196100 3483 1013 
196150 3538 415 
196200 3559 146 
196250 3572 39 
196300 3560 16 
196350 3553 12 
196400 3547 2 
196450 3542 5 
196500 3560 4 
196550 3553 0 
196600 3550 78 
196650 3542 943 
196700 3563 1687 
196750 3548 2229 
196800 3553 2607 
196850 3540 2857 
196900 3550 3084 
196950 3544 3262 
197000 3529 3361 
197050 3358 2234 
197100 3467 1123 
197150 3508 632 
197200 3542 264 
197250 3549 74 
197300 3533 23 
197350 3543 9 
197400 3545 4 
197450 3547 4 
197500 3546 3 
197550 3543 343 
197600 3548 919 
197650 3540 1373 
197700 3550 1775 
197750 3545 2133 
197800 3543 2438 
197850 3567 2719 
197900 3532 2908 
197950 3545 3107 
198000 3545 3253 
198050 3365 2224 
198100 3457 1265 
198150 3484 711 
198200 3526 412 
198250 3522 203 
198300 3537 92 
198350 3544 52 
198400 3555 20 
198450 3549 5 
198500 3556 6 
198550 3556 89 
198600 3560 638 
198650 3556 1124 
198700 3538 1522 
198750 3551 1895 
198800 3553 2192 
198850 3528 2483 
198900 3549 2801 
198950 3538 3021 
199000 3547 3155 
199050 3363 2235 
199100 3429 1289 
199150 3490 664 
199200 3513 327 
199250 3529 168 
199300 3550 71 
199350 3536 25 
199400 3555 9 
199450 3553 7 
199500 3534 2 
199550 3553 530 
199600 3552 1216 
199650 3542 1783 
199700 3555 2253 
199750 3552 2620 
199800 3537 2927 
199850 3538 3161 
199900 3553 3316 
199950 3531 3399 
200000 3536 3467 
