# Avida tasks data
# Sun Apr  8 00:40:59 2012
# First column gives the current update, next columns give the number
# of organisms that have the particular task as a component of their merit
#  1: Update
#  2: Xor
#  3: Equals

0 0 0 
50 8 8 
100 39 39 
150 112 112 
200 247 247 
250 427 428 
300 655 655 
350 945 945 
400 1323 1320 
450 1712 1713 
500 2139 2139 
550 2668 2669 
600 3144 3144 
650 3390 3389 
700 3516 3512 
750 3532 3524 
800 3538 3534 
850 3536 3535 
900 3536 3535 
950 3551 3550 
1000 3553 3550 
1050 3228 2572 
1100 3338 1661 
1150 3381 1058 
1200 3492 739 
1250 3517 452 
1300 3527 238 
1350 3548 121 
1400 3539 55 
1450 3547 15 
1500 3538 3 
1550 3555 5 
1600 3523 364 
1650 3518 913 
1700 3505 1376 
1750 3502 1790 
1800 3487 2155 
1850 3498 2521 
1900 3518 2818 
1950 3524 2995 
2000 3546 3159 
2050 3308 2298 
2100 3380 1523 
2150 3436 984 
2200 3461 581 
2250 3493 360 
2300 3532 216 
2350 3538 100 
2400 3534 38 
2450 3547 8 
2500 3544 4 
2550 3531 474 
2600 3527 995 
2650 3540 1432 
2700 3549 1832 
2750 3541 2182 
2800 3538 2525 
2850 3524 2775 
2900 3540 2984 
2950 3541 3159 
3000 3555 3270 
3050 3353 2183 
3100 3458 1247 
3150 3513 679 
3200 3531 374 
3250 3544 200 
3300 3537 100 
3350 3533 75 
3400 3544 36 
3450 3527 16 
3500 3540 7 
3550 3538 573 
3600 3546 1287 
3650 3547 1930 
3700 3535 2447 
3750 3544 2859 
3800 3545 3106 
3850 3534 3243 
3900 3537 3375 
3950 3532 3424 
4000 3542 3478 
4050 3331 2193 
4100 3438 1121 
4150 3498 542 
4200 3526 259 
4250 3540 99 
4300 3552 44 
4350 3544 15 
4400 3550 8 
4450 3553 5 
4500 3544 7 
4550 3524 199 
4600 3507 846 
4650 3510 1319 
4700 3535 1709 
4750 3541 2068 
4800 3529 2410 
4850 3539 2715 
4900 3549 2969 
4950 3563 3158 
5000 3540 3257 
5050 3240 2561 
5100 3302 1927 
5150 3346 1418 
5200 3477 1196 
5250 3475 906 
5300 3477 680 
5350 3489 518 
5400 3472 355 
5450 3478 268 
5500 3497 178 
5550 3501 667 
5600 3513 1282 
5650 3510 1858 
5700 3513 2236 
5750 3543 2582 
5800 3531 2847 
5850 3543 3084 
5900 3547 3298 
5950 3539 3370 
6000 3540 3443 
6050 3361 2271 
6100 3439 1085 
6150 3507 502 
6200 3524 199 
6250 3552 51 
6300 3523 14 
6350 3525 9 
6400 3530 11 
6450 3545 16 
6500 3556 7 
6550 3551 445 
6600 3551 1183 
6650 3537 1755 
6700 3553 2207 
6750 3542 2604 
6800 3547 2921 
6850 3540 3128 
6900 3551 3285 
6950 3547 3412 
7000 3533 3444 
7050 3371 2165 
7100 3478 1037 
7150 3512 507 
7200 3525 203 
7250 3542 82 
7300 3526 32 
7350 3536 23 
7400 3502 12 
7450 3540 7 
7500 3525 9 
7550 3499 131 
7600 3423 767 
7650 3419 1294 
7700 3421 1708 
7750 3456 2083 
7800 3452 2421 
7850 3480 2753 
7900 3467 3036 
7950 3465 3247 
8000 3480 3400 
8050 3212 2456 
8100 3287 1649 
8150 3322 1161 
8200 3436 855 
8250 3483 616 
8300 3525 409 
8350 3511 227 
8400 3524 103 
8450 3527 40 
8500 3521 9 
8550 3521 509 
8600 3545 1179 
8650 3535 1661 
8700 3556 2096 
8750 3530 2457 
8800 3538 2732 
8850 3556 2995 
8900 3542 3185 
8950 3545 3316 
9000 3536 3370 
9050 3311 2238 
9100 3408 1269 
9150 3471 722 
9200 3494 456 
9250 3502 315 
9300 3495 245 
9350 3519 145 
9400 3531 92 
9450 3543 42 
9500 3525 14 
9550 3537 365 
9600 3533 879 
9650 3545 1364 
9700 3539 1736 
9750 3547 2124 
9800 3523 2407 
9850 3539 2749 
9900 3543 2944 
9950 3520 3117 
10000 3549 3245 
10050 3339 2135 
10100 3439 1117 
10150 3486 555 
10200 3528 236 
10250 3542 102 
10300 3557 45 
10350 3550 16 
10400 3534 7 
10450 3543 6 
10500 3533 9 
10550 3530 504 
10600 3528 1046 
10650 3533 1477 
10700 3520 1824 
10750 3544 2179 
10800 3535 2517 
10850 3533 2797 
10900 3525 3058 
10950 3537 3215 
11000 3526 3326 
11050 3354 2154 
11100 3490 958 
11150 3527 404 
11200 3557 135 
11250 3535 38 
11300 3542 17 
11350 3532 18 
11400 3538 10 
11450 3545 2 
11500 3533 4 
11550 3542 135 
11600 3544 728 
11650 3551 1256 
11700 3531 1674 
11750 3534 2052 
11800 3537 2401 
11850 3556 2713 
11900 3531 2862 
11950 3547 3038 
12000 3547 3159 
12050 3412 1879 
12100 3489 807 
12150 3516 307 
12200 3529 96 
12250 3556 16 
12300 3560 5 
12350 3553 3 
12400 3554 9 
12450 3539 6 
12500 3536 7 
12550 3529 329 
12600 3535 919 
12650 3547 1356 
12700 3550 1796 
12750 3557 2170 
12800 3542 2459 
12850 3525 2734 
12900 3549 2961 
12950 3538 3122 
13000 3542 3257 
13050 3392 2041 
13100 3474 1069 
13150 3530 475 
13200 3547 226 
13250 3538 114 
13300 3538 50 
13350 3535 21 
13400 3538 6 
13450 3542 5 
13500 3529 6 
13550 3527 309 
13600 3524 1096 
13650 3535 1707 
13700 3545 2157 
13750 3553 2554 
13800 3541 2856 
13850 3553 3092 
13900 3542 3259 
13950 3542 3379 
14000 3550 3463 
14050 3383 2051 
14100 3488 890 
14150 3506 378 
14200 3509 157 
14250 3539 55 
14300 3530 20 
14350 3554 16 
14400 3542 7 
14450 3542 3 
14500 3536 9 
14550 3526 434 
14600 3529 987 
14650 3513 1459 
14700 3515 1892 
14750 3524 2247 
14800 3527 2563 
14850 3529 2819 
14900 3540 3027 
14950 3529 3156 
15000 3546 3253 
15050 3312 2278 
15100 3404 1250 
15150 3449 636 
15200 3487 337 
15250 3539 139 
15300 3529 70 
15350 3544 25 
15400 3555 15 
15450 3534 4 
15500 3545 8 
15550 3522 183 
15600 3523 858 
15650 3535 1493 
15700 3543 1940 
15750 3539 2328 
15800 3530 2665 
15850 3540 2944 
15900 3552 3187 
15950 3548 3313 
16000 3545 3427 
16050 3343 2172 
16100 3423 1141 
16150 3492 645 
16200 3518 322 
16250 3519 128 
16300 3546 48 
16350 3540 12 
16400 3539 12 
16450 3524 14 
16500 3528 12 
16550 3522 398 
16600 3517 1069 
16650 3525 1543 
16700 3522 1929 
16750 3526 2283 
16800 3537 2571 
16850 3527 2812 
16900 3547 3066 
16950 3539 3232 
17000 3538 3349 
17050 3361 2215 
17100 3461 1117 
17150 3492 605 
17200 3516 310 
17250 3535 127 
17300 3537 60 
17350 3532 18 
17400 3542 13 
17450 3538 6 
17500 3537 17 
17550 3546 703 
17600 3538 1528 
17650 3544 2102 
17700 3534 2495 
17750 3545 2786 
17800 3556 3027 
17850 3537 3216 
17900 3550 3372 
17950 3539 3461 
18000 3527 3481 
18050 3325 2300 
18100 3387 1301 
18150 3449 759 
18200 3476 427 
18250 3497 253 
18300 3534 138 
18350 3518 57 
18400 3534 25 
18450 3543 15 
18500 3534 12 
18550 3546 462 
18600 3537 1086 
18650 3536 1574 
18700 3523 1989 
18750 3536 2396 
18800 3534 2720 
18850 3548 2991 
18900 3551 3164 
18950 3546 3271 
19000 3551 3349 
19050 3321 2507 
19100 3408 1675 
19150 3480 1103 
19200 3545 784 
19250 3552 542 
19300 3558 336 
19350 3550 189 
19400 3530 81 
19450 3553 30 
19500 3524 9 
19550 3557 3 
19600 3557 528 
19650 3551 1121 
19700 3548 1544 
19750 3558 1917 
19800 3540 2263 
19850 3538 2570 
19900 3535 2819 
19950 3544 2995 
20000 3552 3164 
20050 3352 2258 
20100 3443 1273 
20150 3513 658 
20200 3531 257 
20250 3560 107 
20300 3548 46 
20350 3554 13 
20400 3557 2 
20450 3530 5 
20500 3548 3 
20550 3523 1 
20600 3541 309 
20650 3548 989 
20700 3552 1451 
20750 3558 1870 
20800 3542 2216 
20850 3552 2526 
20900 3559 2782 
20950 3543 2968 
21000 3543 3117 
21050 3302 2281 
21100 3399 1399 
21150 3447 816 
21200 3501 435 
21250 3516 227 
21300 3539 130 
21350 3540 55 
21400 3544 24 
21450 3542 6 
21500 3548 4 
21550 3535 0 
21600 3525 204 
21650 3533 957 
21700 3532 1634 
21750 3545 2170 
21800 3542 2580 
21850 3528 2882 
21900 3552 3140 
21950 3541 3257 
22000 3553 3352 
22050 3346 2262 
22100 3465 1191 
22150 3508 635 
22200 3519 338 
22250 3547 163 
22300 3547 91 
22350 3545 35 
22400 3554 13 
22450 3549 3 
22500 3552 4 
22550 3553 418 
22600 3551 1169 
22650 3544 1778 
22700 3551 2197 
22750 3541 2451 
22800 3551 2722 
22850 3537 2929 
22900 3552 3146 
22950 3554 3300 
23000 3549 3413 
23050 3335 2314 
23100 3445 1348 
23150 3496 814 
23200 3500 454 
23250 3532 221 
23300 3542 101 
23350 3549 33 
23400 3547 13 
23450 3539 6 
23500 3538 4 
23550 3545 439 
23600 3537 1052 
23650 3535 1528 
23700 3534 1932 
23750 3548 2292 
23800 3530 2614 
23850 3546 2868 
23900 3542 3055 
23950 3559 3225 
24000 3549 3319 
24050 3312 2233 
24100 3387 1330 
24150 3444 747 
24200 3478 370 
24250 3508 217 
24300 3517 144 
24350 3545 89 
24400 3536 41 
24450 3540 12 
24500 3538 11 
24550 3534 70 
24600 3539 825 
24650 3535 1486 
24700 3540 1994 
24750 3550 2424 
24800 3544 2774 
24850 3549 3071 
24900 3535 3254 
24950 3541 3375 
25000 3539 3457 
25050 3306 2312 
25100 3432 1263 
25150 3466 608 
25200 3496 241 
25250 3521 90 
25300 3545 20 
25350 3545 14 
25400 3536 7 
25450 3543 4 
25500 3559 1 
25550 3526 276 
25600 3511 913 
25650 3510 1394 
25700 3511 1764 
25750 3531 2083 
25800 3526 2393 
25850 3544 2720 
25900 3535 2951 
25950 3544 3137 
26000 3532 3265 
26050 3317 2223 
26100 3434 1278 
26150 3485 707 
26200 3504 375 
26250 3540 176 
26300 3544 88 
26350 3544 35 
26400 3567 7 
26450 3548 11 
26500 3536 9 
26550 3535 418 
26600 3550 984 
26650 3537 1449 
26700 3538 1826 
26750 3558 2187 
26800 3548 2528 
26850 3553 2803 
26900 3553 3024 
26950 3532 3157 
27000 3539 3295 
27050 3354 2142 
27100 3432 1176 
27150 3470 596 
27200 3496 246 
27250 3518 86 
27300 3533 37 
27350 3543 19 
27400 3542 8 
27450 3535 6 
27500 3539 12 
27550 3552 371 
27600 3549 930 
27650 3540 1403 
27700 3540 1871 
27750 3533 2199 
27800 3555 2548 
27850 3555 2842 
27900 3553 3085 
27950 3541 3241 
28000 3544 3359 
28050 3354 2256 
28100 3449 1097 
28150 3498 508 
28200 3542 180 
28250 3531 68 
28300 3557 18 
28350 3548 7 
28400 3540 6 
28450 3550 2 
28500 3538 3 
28550 3538 14 
28600 3445 90 
28650 3359 292 
28700 3410 862 
28750 3441 1290 
28800 3434 1705 
28850 3440 2102 
28900 3473 2478 
28950 3474 2762 
29000 3495 2988 
29050 3310 2274 
29100 3386 1546 
29150 3438 984 
29200 3510 535 
29250 3514 291 
29300 3535 142 
29350 3524 68 
29400 3541 23 
29450 3528 9 
29500 3547 4 
29550 3523 200 
29600 3525 802 
29650 3535 1296 
29700 3547 1658 
29750 3546 2073 
29800 3554 2463 
29850 3543 2738 
29900 3541 2926 
29950 3544 3091 
30000 3546 3198 
30050 3421 1949 
30100 3519 820 
30150 3528 304 
30200 3544 76 
30250 3547 21 
30300 3543 12 
30350 3539 14 
30400 3546 3 
30450 3553 7 
30500 3554 5 
30550 3558 514 
30600 3555 1185 
30650 3548 1723 
30700 3560 2160 
30750 3558 2490 
30800 3545 2738 
30850 3544 2973 
30900 3558 3164 
30950 3548 3277 
31000 3548 3368 
31050 3345 2145 
31100 3437 1190 
31150 3488 671 
31200 3533 327 
31250 3545 158 
31300 3546 89 
31350 3547 31 
31400 3554 14 
31450 3551 7 
31500 3543 13 
31550 3528 276 
31600 3518 986 
31650 3525 1529 
31700 3529 1987 
31750 3544 2404 
31800 3537 2745 
31850 3542 3021 
31900 3540 3187 
31950 3554 3313 
32000 3540 3393 
32050 3371 1998 
32100 3489 918 
32150 3519 389 
32200 3531 145 
32250 3545 48 
32300 3553 21 
32350 3553 13 
32400 3541 16 
32450 3542 16 
32500 3526 14 
32550 3535 541 
32600 3545 1274 
32650 3535 1730 
32700 3541 2203 
32750 3547 2575 
32800 3541 2851 
32850 3542 3026 
32900 3552 3190 
32950 3559 3327 
33000 3544 3417 
33050 3306 2353 
33100 3398 1340 
33150 3443 720 
33200 3493 455 
33250 3524 270 
33300 3534 122 
33350 3531 36 
33400 3541 11 
33450 3532 3 
33500 3546 12 
33550 3535 492 
33600 3546 1335 
33650 3540 1892 
33700 3542 2346 
33750 3554 2692 
33800 3551 2945 
33850 3547 3134 
33900 3549 3288 
33950 3550 3382 
34000 3546 3451 
34050 3383 2089 
34100 3474 896 
34150 3524 404 
34200 3555 134 
34250 3535 46 
34300 3535 17 
34350 3554 9 
34400 3537 12 
34450 3549 12 
34500 3549 9 
34550 3535 576 
34600 3547 1291 
34650 3557 1794 
34700 3549 2226 
34750 3556 2612 
34800 3544 2895 
34850 3545 3138 
34900 3549 3291 
34950 3540 3384 
35000 3547 3476 
35050 3351 2219 
35100 3466 1166 
35150 3507 603 
35200 3514 335 
35250 3542 190 
35300 3534 106 
35350 3537 27 
35400 3537 14 
35450 3551 16 
35500 3558 13 
35550 3542 592 
35600 3559 1161 
35650 3563 1608 
35700 3547 1984 
35750 3555 2316 
35800 3560 2652 
35850 3540 2903 
35900 3546 3102 
35950 3542 3235 
36000 3549 3340 
36050 3338 2197 
36100 3469 1161 
36150 3540 458 
36200 3543 149 
36250 3548 41 
36300 3547 15 
36350 3544 16 
36400 3541 10 
36450 3549 5 
36500 3543 8 
36550 3541 410 
36600 3558 1143 
36650 3555 1637 
36700 3541 2048 
36750 3542 2409 
36800 3553 2763 
36850 3542 3022 
36900 3534 3202 
36950 3537 3331 
37000 3552 3415 
37050 3326 2290 
37100 3393 1304 
37150 3463 699 
37200 3505 365 
37250 3524 172 
37300 3541 67 
37350 3548 17 
37400 3535 5 
37450 3541 4 
37500 3537 9 
37550 3549 231 
37600 3540 959 
37650 3548 1492 
37700 3547 1860 
37750 3559 2219 
37800 3554 2519 
37850 3536 2748 
37900 3524 2971 
37950 3558 3208 
38000 3558 3332 
38050 3294 2383 
38100 3412 1531 
38150 3424 1088 
38200 3485 803 
38250 3516 595 
38300 3523 373 
38350 3523 185 
38400 3549 73 
38450 3547 20 
38500 3536 5 
38550 3552 3 
38600 3489 53 
38650 3374 406 
38700 3347 1112 
38750 3384 1568 
38800 3389 1894 
38850 3435 2255 
38900 3437 2596 
38950 3455 2816 
39000 3461 2979 
39050 3309 2215 
39100 3388 1428 
39150 3454 845 
39200 3473 492 
39250 3504 313 
39300 3518 229 
39350 3533 129 
39400 3530 49 
39450 3546 6 
39500 3550 2 
39550 3536 363 
39600 3527 1207 
39650 3532 1776 
39700 3543 2269 
39750 3546 2607 
39800 3538 2902 
39850 3557 3152 
39900 3547 3307 
39950 3550 3425 
40000 3567 3519 
40050 3328 2317 
40100 3440 1242 
40150 3479 688 
40200 3515 361 
40250 3533 176 
40300 3547 82 
40350 3546 31 
40400 3546 3 
40450 3545 9 
40500 3541 8 
40550 3554 201 
40600 3549 766 
40650 3549 1297 
40700 3554 1657 
40750 3558 2048 
40800 3550 2360 
40850 3550 2721 
40900 3551 2972 
40950 3566 3195 
41000 3555 3327 
41050 3315 2393 
41100 3390 1549 
41150 3438 958 
41200 3499 531 
41250 3532 333 
41300 3541 177 
41350 3536 84 
41400 3547 32 
41450 3551 6 
41500 3556 3 
41550 3553 2 
41600 3493 59 
41650 3316 234 
41700 3287 777 
41750 3331 1248 
41800 3383 1646 
41850 3420 2000 
41900 3443 2294 
41950 3491 2591 
42000 3503 2804 
42050 3333 2178 
42100 3407 1541 
42150 3444 1031 
42200 3498 628 
42250 3516 341 
42300 3527 168 
42350 3547 58 
42400 3547 9 
42450 3545 3 
42500 3551 8 
42550 3540 509 
42600 3509 1116 
42650 3495 1562 
42700 3492 1969 
42750 3496 2301 
42800 3485 2594 
42850 3488 2844 
42900 3506 3044 
42950 3494 3159 
43000 3517 3320 
43050 3296 2387 
43100 3353 1663 
43150 3443 1097 
43200 3495 693 
43250 3519 486 
43300 3537 266 
43350 3540 102 
43400 3521 31 
43450 3544 5 
43500 3535 2 
43550 3533 14 
43600 3541 595 
43650 3536 1065 
43700 3542 1501 
43750 3549 1906 
43800 3530 2236 
43850 3541 2568 
43900 3527 2839 
43950 3538 3027 
44000 3553 3188 
44050 3300 2417 
44100 3372 1697 
44150 3443 1168 
44200 3475 746 
44250 3539 517 
44300 3561 273 
44350 3545 110 
44400 3540 48 
44450 3559 12 
44500 3539 5 
44550 3526 174 
44600 3540 1029 
44650 3529 1621 
44700 3538 2158 
44750 3533 2581 
44800 3539 2939 
44850 3544 3155 
44900 3529 3316 
44950 3540 3414 
45000 3546 3489 
45050 3351 2374 
45100 3443 1338 
45150 3502 734 
45200 3528 355 
45250 3555 173 
45300 3540 77 
45350 3557 22 
45400 3554 8 
45450 3539 6 
45500 3533 5 
45550 3523 20 
45600 3344 201 
45650 2987 562 
45700 2704 1195 
45750 2636 1790 
45800 2608 2219 
45850 2643 2529 
45900 2750 2769 
45950 2821 2993 
46000 2934 3176 
46050 2982 2183 
46100 3285 1319 
46150 3405 781 
46200 3468 456 
46250 3520 235 
46300 3544 122 
46350 3533 67 
46400 3542 17 
46450 3557 3 
46500 3535 2 
46550 3553 0 
46600 3550 0 
46650 3544 2 
46700 3553 0 
46750 3536 0 
46800 3548 0 
46850 3549 1 
46900 3500 58 
46950 3317 226 
47000 3159 692 
47050 3206 549 
47100 3331 354 
47150 3432 206 
47200 3473 122 
47250 3504 65 
47300 3534 37 
47350 3550 14 
47400 3525 2 
47450 3544 2 
47500 3560 2 
47550 3543 291 
47600 3552 898 
47650 3552 1396 
47700 3546 1778 
47750 3540 2166 
47800 3528 2464 
47850 3551 2797 
47900 3555 3006 
47950 3546 3174 
48000 3550 3313 
48050 3336 2375 
48100 3429 1411 
48150 3466 817 
48200 3508 385 
48250 3540 182 
48300 3553 55 
48350 3544 19 
48400 3529 6 
48450 3547 3 
48500 3549 6 
48550 3546 114 
48600 3543 681 
48650 3559 1211 
48700 3543 1628 
48750 3538 2000 
48800 3554 2400 
48850 3542 2729 
48900 3558 2958 
48950 3541 3108 
49000 3549 3233 
49050 3338 2348 
49100 3413 1494 
49150 3466 909 
49200 3512 555 
49250 3503 292 
49300 3521 125 
49350 3542 52 
49400 3550 28 
49450 3557 13 
49500 3532 6 
49550 3549 427 
49600 3548 1137 
49650 3556 1618 
49700 3560 1984 
49750 3542 2261 
49800 3538 2532 
49850 3544 2777 
49900 3528 2974 
49950 3556 3222 
50000 3538 3386 
50050 3338 2400 
50100 3425 1636 
50150 3459 1121 
50200 3461 756 
50250 3484 474 
50300 3529 309 
50350 3532 196 
50400 3530 105 
50450 3535 33 
50500 3541 8 
50550 3538 69 
50600 3545 726 
50650 3554 1257 
50700 3552 1724 
50750 3552 2112 
50800 3536 2453 
50850 3534 2756 
50900 3553 2993 
50950 3543 3129 
51000 3540 3265 
51050 3303 2358 
51100 3388 1495 
51150 3452 965 
51200 3506 582 
51250 3518 337 
51300 3513 168 
51350 3549 61 
51400 3536 12 
51450 3527 8 
51500 3545 6 
51550 3549 288 
51600 3541 891 
51650 3543 1334 
51700 3550 1795 
51750 3541 2179 
51800 3547 2542 
51850 3541 2809 
51900 3537 3010 
51950 3553 3186 
52000 3553 3288 
52050 3299 2319 
52100 3410 1363 
52150 3479 761 
52200 3492 369 
52250 3514 188 
52300 3538 73 
52350 3532 27 
52400 3550 10 
52450 3543 8 
52500 3528 6 
52550 3543 468 
52600 3556 1016 
52650 3558 1422 
52700 3547 1786 
52750 3558 2138 
52800 3554 2452 
52850 3548 2711 
52900 3556 2935 
52950 3551 3068 
53000 3547 3199 
53050 3303 2352 
53100 3390 1476 
53150 3445 968 
53200 3500 560 
53250 3533 355 
53300 3532 219 
53350 3550 104 
53400 3551 35 
53450 3539 11 
53500 3540 4 
53550 3544 6 
53600 3552 681 
53650 3551 1243 
53700 3553 1755 
53750 3546 2219 
53800 3542 2665 
53850 3540 2998 
53900 3545 3274 
53950 3532 3413 
54000 3544 3481 
54050 3357 2336 
54100 3437 1250 
54150 3485 639 
54200 3518 324 
54250 3534 144 
54300 3540 70 
54350 3545 20 
54400 3533 11 
54450 3538 7 
54500 3559 3 
54550 3543 340 
54600 3544 880 
54650 3536 1330 
54700 3529 1791 
54750 3532 2213 
54800 3548 2550 
54850 3545 2825 
54900 3563 3036 
54950 3554 3228 
55000 3543 3338 
55050 3323 2428 
55100 3408 1541 
55150 3467 1001 
55200 3516 670 
55250 3548 465 
55300 3537 263 
55350 3543 150 
55400 3541 73 
55450 3541 23 
55500 3544 5 
55550 3507 38 
55600 3436 638 
55650 3416 1231 
55700 3408 1664 
55750 3396 2037 
55800 3434 2376 
55850 3434 2659 
55900 3462 2916 
55950 3473 3081 
56000 3480 3227 
56050 3318 2370 
56100 3402 1515 
56150 3447 970 
56200 3472 590 
56250 3517 368 
56300 3520 202 
56350 3539 92 
56400 3541 33 
56450 3554 6 
56500 3553 3 
56550 3543 2 
56600 3547 1 
56650 3545 394 
56700 3541 1060 
56750 3551 1606 
56800 3541 2070 
56850 3548 2429 
56900 3539 2686 
56950 3530 2899 
57000 3549 3105 
57050 3325 2225 
57100 3459 1277 
57150 3515 716 
57200 3524 366 
57250 3540 180 
57300 3541 84 
57350 3543 37 
57400 3537 15 
57450 3536 7 
57500 3536 4 
57550 3536 49 
57600 3525 683 
57650 3517 1146 
57700 3512 1509 
57750 3513 1891 
57800 3510 2218 
57850 3528 2490 
57900 3539 2724 
57950 3526 2928 
58000 3536 3126 
58050 3298 2409 
58100 3355 1586 
58150 3442 1049 
58200 3471 607 
58250 3501 370 
58300 3528 226 
58350 3537 106 
58400 3542 36 
58450 3553 14 
58500 3547 8 
58550 3529 8 
58600 3423 128 
58650 3210 677 
58700 3276 1157 
58750 3311 1567 
58800 3329 1927 
58850 3357 2240 
58900 3407 2518 
58950 3436 2772 
59000 3455 2954 
59050 3342 2161 
59100 3434 1206 
59150 3458 708 
59200 3508 445 
59250 3502 221 
59300 3532 97 
59350 3542 37 
59400 3536 10 
59450 3540 7 
59500 3544 1 
59550 3532 12 
59600 3406 188 
59650 3318 835 
59700 3300 1411 
59750 3318 1809 
59800 3341 2123 
59850 3396 2395 
59900 3441 2688 
59950 3507 2926 
60000 3536 3077 
60050 3354 2181 
60100 3449 1148 
60150 3484 582 
60200 3534 243 
60250 3547 67 
60300 3560 24 
60350 3570 6 
60400 3566 6 
60450 3549 2 
60500 3554 2 
60550 3544 484 
60600 3540 1079 
60650 3549 1574 
60700 3541 1986 
60750 3536 2333 
60800 3520 2605 
60850 3527 2839 
60900 3534 3077 
60950 3539 3253 
61000 3536 3369 
61050 3340 2339 
61100 3432 1456 
61150 3485 912 
61200 3513 545 
61250 3540 346 
61300 3536 221 
61350 3538 126 
61400 3539 64 
61450 3539 30 
61500 3542 10 
61550 3548 257 
61600 3548 973 
61650 3549 1543 
61700 3555 1970 
61750 3543 2297 
61800 3546 2618 
61850 3537 2891 
61900 3550 3110 
61950 3548 3224 
62000 3544 3322 
62050 3278 2359 
62100 3390 1479 
62150 3456 856 
62200 3489 464 
62250 3518 244 
62300 3527 107 
62350 3535 48 
62400 3542 21 
62450 3544 3 
62500 3542 8 
62550 3544 485 
62600 3546 1261 
62650 3544 1763 
62700 3542 2153 
62750 3544 2469 
62800 3540 2747 
62850 3558 2991 
62900 3535 3157 
62950 3542 3293 
63000 3535 3408 
63050 3324 2339 
63100 3399 1410 
63150 3431 894 
63200 3497 515 
63250 3529 283 
63300 3534 153 
63350 3553 58 
63400 3555 20 
63450 3553 4 
63500 3547 4 
63550 3554 436 
63600 3551 1123 
63650 3548 1653 
63700 3540 2059 
63750 3544 2403 
63800 3544 2683 
63850 3546 2958 
63900 3558 3173 
63950 3565 3325 
64000 3549 3422 
64050 3340 2220 
64100 3434 1246 
64150 3471 736 
64200 3498 454 
64250 3530 293 
64300 3540 182 
64350 3531 91 
64400 3549 26 
64450 3531 16 
64500 3567 5 
64550 3548 1 
64600 3521 547 
64650 3524 1197 
64700 3539 1726 
64750 3541 2108 
64800 3535 2386 
64850 3552 2628 
64900 3553 2851 
64950 3548 3036 
65000 3528 3165 
65050 3341 2254 
65100 3421 1385 
65150 3443 778 
65200 3484 425 
65250 3511 195 
65300 3535 94 
65350 3551 20 
65400 3560 5 
65450 3553 4 
65500 3544 3 
65550 3558 509 
65600 3543 1106 
65650 3548 1588 
65700 3546 1968 
65750 3548 2313 
65800 3553 2567 
65850 3557 2800 
65900 3541 2963 
65950 3546 3129 
66000 3548 3267 
66050 3353 2200 
66100 3430 1237 
66150 3498 666 
66200 3530 285 
66250 3540 98 
66300 3545 40 
66350 3546 15 
66400 3550 12 
66450 3538 1 
66500 3536 19 
66550 3542 207 
66600 3529 857 
66650 3518 1302 
66700 3509 1687 
66750 3527 2057 
66800 3503 2376 
66850 3517 2684 
66900 3519 2880 
66950 3531 3093 
67000 3532 3224 
67050 3393 2022 
67100 3506 950 
67150 3528 446 
67200 3526 178 
67250 3539 49 
67300 3544 27 
67350 3545 14 
67400 3546 10 
67450 3534 12 
67500 3552 7 
67550 3554 28 
67600 3546 758 
67650 3553 1254 
67700 3558 1724 
67750 3551 2106 
67800 3545 2487 
67850 3548 2778 
67900 3563 3062 
67950 3534 3206 
68000 3552 3351 
68050 3341 2274 
68100 3427 1298 
68150 3469 734 
68200 3491 414 
68250 3499 217 
68300 3521 145 
68350 3529 70 
68400 3514 21 
68450 3548 11 
68500 3548 6 
68550 3560 386 
68600 3552 913 
68650 3573 1443 
68700 3555 1834 
68750 3552 2206 
68800 3555 2582 
68850 3539 2817 
68900 3531 2975 
68950 3555 3108 
69000 3545 3200 
69050 3333 2150 
69100 3451 1229 
69150 3490 661 
69200 3509 360 
69250 3528 173 
69300 3545 90 
69350 3542 50 
69400 3541 21 
69450 3553 5 
69500 3548 8 
69550 3531 113 
69600 3525 971 
69650 3530 1561 
69700 3542 1984 
69750 3544 2325 
69800 3535 2618 
69850 3530 2899 
69900 3535 3099 
69950 3552 3273 
70000 3534 3345 
70050 3355 2188 
70100 3434 1188 
70150 3467 694 
70200 3513 409 
70250 3517 240 
70300 3539 149 
70350 3539 66 
70400 3545 34 
70450 3534 8 
70500 3547 4 
70550 3545 82 
70600 3537 709 
70650 3549 1312 
70700 3548 1783 
70750 3557 2135 
70800 3539 2449 
70850 3537 2715 
70900 3558 2934 
70950 3551 3098 
71000 3547 3280 
71050 3341 2345 
71100 3437 1394 
71150 3461 870 
71200 3501 523 
71250 3536 291 
71300 3549 166 
71350 3546 91 
71400 3542 42 
71450 3540 13 
71500 3546 3 
71550 3552 271 
71600 3561 872 
71650 3555 1320 
71700 3559 1750 
71750 3564 2122 
71800 3564 2442 
71850 3552 2715 
71900 3541 2925 
71950 3562 3100 
72000 3549 3213 
72050 3348 2242 
72100 3472 1274 
72150 3500 695 
72200 3517 325 
72250 3551 134 
72300 3555 61 
72350 3557 27 
72400 3547 8 
72450 3534 3 
72500 3555 2 
72550 3544 3 
72600 3512 298 
72650 3518 918 
72700 3525 1336 
72750 3544 1740 
72800 3546 2078 
72850 3548 2441 
72900 3547 2690 
72950 3537 2880 
73000 3556 3054 
73050 3389 2123 
73100 3476 1043 
73150 3507 444 
73200 3541 153 
73250 3550 46 
73300 3557 14 
73350 3529 6 
73400 3539 3 
73450 3542 3 
73500 3546 11 
73550 3561 597 
73600 3542 1365 
73650 3544 1917 
73700 3545 2381 
73750 3552 2751 
73800 3571 3049 
73850 3557 3250 
73900 3563 3392 
73950 3548 3483 
74000 3552 3507 
74050 3363 2202 
74100 3440 1166 
74150 3500 628 
74200 3528 305 
74250 3535 142 
74300 3542 81 
74350 3530 35 
74400 3551 14 
74450 3542 16 
74500 3538 12 
74550 3553 627 
74600 3549 1162 
74650 3552 1627 
74700 3546 1977 
74750 3539 2291 
74800 3535 2545 
74850 3546 2798 
74900 3548 3001 
74950 3544 3175 
75000 3539 3330 
75050 3353 2103 
75100 3449 1125 
75150 3480 608 
75200 3516 356 
75250 3525 190 
75300 3540 99 
75350 3546 46 
75400 3534 23 
75450 3537 13 
75500 3533 9 
75550 3547 490 
75600 3535 1036 
75650 3544 1491 
75700 3549 1884 
75750 3545 2282 
75800 3527 2639 
75850 3544 2939 
75900 3515 3095 
75950 3520 3223 
76000 3525 3325 
76050 3383 2167 
76100 3463 1171 
76150 3502 666 
76200 3518 379 
76250 3545 194 
76300 3525 90 
76350 3531 32 
76400 3553 19 
76450 3543 12 
76500 3554 13 
76550 3552 451 
76600 3554 1050 
76650 3553 1521 
76700 3555 1913 
76750 3533 2299 
76800 3532 2708 
76850 3542 2983 
76900 3524 3184 
76950 3553 3322 
77000 3555 3402 
77050 3336 2052 
77100 3468 946 
77150 3508 422 
77200 3527 185 
77250 3547 91 
77300 3533 30 
77350 3522 18 
77400 3545 16 
77450 3541 15 
77500 3541 10 
77550 3545 522 
77600 3554 1289 
77650 3562 1887 
77700 3531 2362 
77750 3545 2751 
77800 3541 3012 
77850 3545 3251 
77900 3555 3387 
77950 3545 3455 
78000 3535 3490 
78050 3318 2319 
78100 3441 1239 
78150 3466 664 
78200 3507 302 
78250 3524 132 
78300 3524 54 
78350 3532 19 
78400 3530 8 
78450 3520 5 
78500 3522 11 
78550 3528 443 
78600 3541 1032 
78650 3548 1521 
78700 3539 1942 
78750 3536 2289 
78800 3542 2606 
78850 3514 2822 
78900 3542 3071 
78950 3551 3204 
79000 3549 3300 
79050 3405 2120 
79100 3512 980 
79150 3530 440 
79200 3550 171 
79250 3554 68 
79300 3539 29 
79350 3541 11 
79400 3549 7 
79450 3536 6 
79500 3550 11 
79550 3543 382 
79600 3531 986 
79650 3529 1485 
79700 3523 1951 
79750 3538 2381 
79800 3539 2688 
79850 3526 2944 
79900 3523 3095 
79950 3522 3229 
80000 3552 3369 
80050 3388 2069 
80100 3473 979 
80150 3515 424 
80200 3536 181 
80250 3527 61 
80300 3545 35 
80350 3548 23 
80400 3541 16 
80450 3560 12 
80500 3555 17 
80550 3533 606 
80600 3524 1333 
80650 3536 1839 
80700 3547 2226 
80750 3550 2536 
80800 3538 2727 
80850 3549 2907 
80900 3550 3091 
80950 3550 3285 
81000 3547 3409 
81050 3386 2058 
81100 3469 986 
81150 3501 478 
81200 3516 221 
81250 3514 114 
81300 3542 63 
81350 3551 41 
81400 3560 32 
81450 3541 14 
81500 3545 7 
81550 3554 529 
81600 3536 1070 
81650 3543 1547 
81700 3546 1957 
81750 3548 2347 
81800 3556 2718 
81850 3546 2987 
81900 3546 3164 
81950 3555 3292 
82000 3541 3387 
82050 3387 2087 
82100 3443 1118 
82150 3504 580 
82200 3513 297 
82250 3527 126 
82300 3539 60 
82350 3510 30 
82400 3546 15 
82450 3538 8 
82500 3546 9 
82550 3524 537 
82600 3528 1124 
82650 3514 1635 
82700 3532 2079 
82750 3544 2508 
82800 3541 2796 
82850 3547 3076 
82900 3536 3206 
82950 3544 3303 
83000 3542 3383 
83050 3357 2208 
83100 3465 1149 
83150 3484 588 
83200 3496 316 
83250 3524 204 
83300 3530 129 
83350 3540 85 
83400 3545 38 
83450 3541 18 
83500 3551 6 
83550 3554 660 
83600 3547 1377 
83650 3527 1837 
83700 3539 2255 
83750 3555 2574 
83800 3551 2829 
83850 3545 3048 
83900 3546 3196 
83950 3555 3282 
84000 3550 3369 
84050 3382 2059 
84100 3478 925 
84150 3510 426 
84200 3529 154 
84250 3556 52 
84300 3552 18 
84350 3548 18 
84400 3559 9 
84450 3549 8 
84500 3554 9 
84550 3557 596 
84600 3553 1385 
84650 3553 1996 
84700 3552 2457 
84750 3538 2772 
84800 3562 3052 
84850 3545 3234 
84900 3543 3373 
84950 3545 3445 
85000 3555 3489 
85050 3357 2132 
85100 3454 1024 
85150 3509 431 
85200 3531 161 
85250 3521 60 
85300 3540 21 
85350 3535 10 
85400 3543 11 
85450 3551 15 
85500 3546 7 
85550 3539 523 
85600 3541 1134 
85650 3533 1616 
85700 3537 2063 
85750 3551 2412 
85800 3560 2698 
85850 3556 2949 
85900 3538 3147 
85950 3532 3284 
86000 3543 3407 
86050 3390 2037 
86100 3507 948 
86150 3517 361 
86200 3532 121 
86250 3552 36 
86300 3543 16 
86350 3550 6 
86400 3546 10 
86450 3534 8 
86500 3546 10 
86550 3538 411 
86600 3544 1014 
86650 3538 1506 
86700 3545 1947 
86750 3537 2330 
86800 3535 2614 
86850 3548 2859 
86900 3544 3031 
86950 3539 3155 
87000 3557 3297 
87050 3358 2133 
87100 3446 1181 
87150 3484 647 
87200 3516 357 
87250 3514 152 
87300 3538 64 
87350 3538 27 
87400 3548 17 
87450 3541 10 
87500 3538 15 
87550 3542 576 
87600 3536 1391 
87650 3552 2097 
87700 3532 2614 
87750 3529 2976 
87800 3522 3178 
87850 3531 3334 
87900 3540 3428 
87950 3556 3477 
88000 3547 3513 
88050 3299 2313 
88100 3395 1352 
88150 3451 771 
88200 3511 374 
88250 3529 197 
88300 3528 76 
88350 3539 17 
88400 3552 10 
88450 3560 10 
88500 3518 24 
88550 3541 224 
88600 3543 804 
88650 3546 1267 
88700 3535 1691 
88750 3542 2053 
88800 3543 2384 
88850 3532 2711 
88900 3545 3006 
88950 3536 3171 
89000 3544 3292 
89050 3318 2191 
89100 3455 1197 
89150 3485 587 
89200 3538 203 
89250 3545 51 
89300 3561 22 
89350 3550 11 
89400 3542 14 
89450 3546 4 
89500 3526 8 
89550 3546 60 
89600 3531 662 
89650 3555 1186 
89700 3546 1679 
89750 3548 2052 
89800 3550 2350 
89850 3553 2626 
89900 3550 2852 
89950 3547 3022 
90000 3540 3174 
90050 3308 2282 
90100 3385 1443 
90150 3470 821 
90200 3498 432 
90250 3532 203 
90300 3544 96 
90350 3533 38 
90400 3547 16 
90450 3548 5 
90500 3553 2 
90550 3545 282 
90600 3562 883 
90650 3547 1362 
90700 3546 1822 
90750 3544 2220 
90800 3550 2561 
90850 3541 2877 
90900 3528 3106 
90950 3564 3293 
91000 3547 3384 
91050 3332 2144 
91100 3451 1149 
91150 3508 589 
91200 3521 236 
91250 3531 102 
91300 3542 49 
91350 3545 14 
91400 3529 2 
91450 3534 1 
91500 3542 2 
91550 3528 411 
91600 3504 1104 
91650 3507 1637 
91700 3498 2041 
91750 3516 2403 
91800 3522 2695 
91850 3520 2946 
91900 3542 3163 
91950 3541 3321 
92000 3553 3419 
92050 3340 2220 
92100 3416 1288 
92150 3472 750 
92200 3483 427 
92250 3529 259 
92300 3524 153 
92350 3526 77 
92400 3540 33 
92450 3547 15 
92500 3538 6 
92550 3521 221 
92600 3512 814 
92650 3517 1324 
92700 3522 1739 
92750 3504 2122 
92800 3514 2491 
92850 3501 2835 
92900 3506 3122 
92950 3520 3298 
93000 3515 3417 
93050 3336 2046 
93100 3460 937 
93150 3495 431 
93200 3535 198 
93250 3533 63 
93300 3538 20 
93350 3557 6 
93400 3542 3 
93450 3534 7 
93500 3553 2 
93550 3542 137 
93600 3538 767 
93650 3539 1296 
93700 3538 1712 
93750 3543 2168 
93800 3543 2582 
93850 3531 2886 
93900 3542 3154 
93950 3542 3318 
94000 3560 3429 
94050 3398 2232 
94100 3500 1198 
94150 3535 585 
94200 3538 248 
94250 3553 96 
94300 3535 42 
94350 3543 13 
94400 3556 7 
94450 3533 6 
94500 3545 12 
94550 3543 490 
94600 3544 1031 
94650 3551 1480 
94700 3540 1911 
94750 3563 2350 
94800 3555 2655 
94850 3548 2889 
94900 3543 3084 
94950 3545 3227 
95000 3530 3313 
95050 3321 2368 
95100 3378 1464 
95150 3427 928 
95200 3502 555 
95250 3526 388 
95300 3541 210 
95350 3537 115 
95400 3551 54 
95450 3537 14 
95500 3539 4 
95550 3541 420 
95600 3538 913 
95650 3546 1427 
95700 3558 1807 
95750 3546 2156 
95800 3548 2501 
95850 3553 2806 
95900 3548 3007 
95950 3545 3154 
96000 3545 3278 
96050 3306 2319 
96100 3381 1394 
96150 3463 870 
96200 3486 505 
96250 3506 286 
96300 3510 160 
96350 3524 66 
96400 3551 21 
96450 3557 3 
96500 3540 1 
96550 3546 3 
96600 3531 609 
96650 3527 1213 
96700 3537 1751 
96750 3533 2156 
96800 3538 2553 
96850 3537 2827 
96900 3546 3097 
96950 3545 3275 
97000 3547 3423 
97050 3333 2319 
97100 3426 1321 
97150 3477 818 
97200 3500 506 
97250 3534 349 
97300 3545 206 
97350 3545 115 
97400 3518 58 
97450 3538 19 
97500 3527 6 
97550 3525 24 
97600 3370 187 
97650 3288 772 
97700 3289 1344 
97750 3319 1847 
97800 3330 2335 
97850 3377 2695 
97900 3393 2931 
97950 3406 3079 
98000 3453 3254 
98050 3344 2219 
98100 3439 1280 
98150 3491 752 
98200 3513 397 
98250 3505 194 
98300 3521 106 
98350 3521 51 
98400 3547 22 
98450 3539 17 
98500 3558 12 
98550 3541 10 
98600 3552 566 
98650 3548 1173 
98700 3537 1703 
98750 3536 2117 
98800 3541 2522 
98850 3543 2860 
98900 3538 3120 
98950 3550 3353 
99000 3551 3464 
99050 3358 2335 
99100 3442 1383 
99150 3474 780 
99200 3480 386 
99250 3521 207 
99300 3538 92 
99350 3519 25 
99400 3542 6 
99450 3560 4 
99500 3547 3 
99550 3547 177 
99600 3549 767 
99650 3550 1197 
99700 3545 1643 
99750 3528 1999 
99800 3534 2345 
99850 3533 2664 
99900 3534 2912 
99950 3542 3092 
100000 3546 3229 
100050 3309 2379 
100100 3405 1485 
100150 3449 902 
100200 3474 511 
100250 3538 279 
100300 3538 101 
100350 3541 32 
100400 3546 3 
100450 3556 6 
100500 3559 2 
100550 3557 459 
100600 3546 1093 
100650 3550 1571 
100700 3537 1980 
100750 3550 2305 
100800 3538 2599 
100850 3544 2850 
100900 3547 3039 
100950 3549 3220 
101000 3543 3334 
101050 3305 2376 
101100 3384 1505 
101150 3426 885 
101200 3461 529 
101250 3492 348 
101300 3521 195 
101350 3537 99 
101400 3522 35 
101450 3544 14 
101500 3536 14 
101550 3522 426 
101600 3532 1010 
101650 3511 1537 
101700 3538 2013 
101750 3554 2413 
101800 3551 2767 
101850 3541 3023 
101900 3541 3238 
101950 3541 3362 
102000 3537 3456 
102050 3326 2430 
102100 3421 1441 
102150 3472 817 
102200 3518 450 
102250 3545 262 
102300 3544 110 
102350 3556 50 
102400 3552 24 
102450 3544 8 
102500 3545 3 
102550 3550 132 
102600 3549 848 
102650 3529 1421 
102700 3538 1835 
102750 3527 2160 
102800 3554 2501 
102850 3535 2705 
102900 3550 2924 
102950 3550 3058 
103000 3547 3189 
103050 3294 2380 
103100 3384 1431 
103150 3451 850 
103200 3474 508 
103250 3529 309 
103300 3524 186 
103350 3537 96 
103400 3514 48 
103450 3524 20 
103500 3537 14 
103550 3536 283 
103600 3540 898 
103650 3542 1393 
103700 3533 1839 
103750 3544 2180 
103800 3554 2506 
103850 3543 2760 
103900 3550 3003 
103950 3539 3132 
104000 3530 3265 
104050 3322 2378 
104100 3388 1521 
104150 3450 995 
104200 3468 660 
104250 3509 457 
104300 3527 264 
104350 3537 124 
104400 3533 56 
104450 3549 19 
104500 3538 3 
104550 3534 5 
104600 3514 480 
104650 3507 1009 
104700 3497 1467 
104750 3505 1862 
104800 3473 2165 
104850 3502 2554 
104900 3497 2838 
104950 3530 3087 
105000 3539 3249 
105050 3323 2344 
105100 3384 1547 
105150 3467 970 
105200 3498 551 
105250 3520 317 
105300 3529 203 
105350 3520 105 
105400 3548 52 
105450 3553 14 
105500 3544 8 
105550 3544 7 
105600 3556 305 
105650 3569 861 
105700 3561 1341 
105750 3555 1767 
105800 3559 2164 
105850 3543 2495 
105900 3543 2780 
105950 3544 2984 
106000 3538 3189 
106050 3288 2337 
106100 3362 1514 
106150 3421 1031 
106200 3449 700 
106250 3495 495 
106300 3507 335 
106350 3504 214 
106400 3518 132 
106450 3513 67 
106500 3531 26 
106550 3531 160 
106600 3530 804 
106650 3529 1281 
106700 3520 1691 
106750 3516 2037 
106800 3527 2378 
106850 3538 2669 
106900 3535 2911 
106950 3527 3066 
107000 3538 3209 
107050 3292 2397 
107100 3375 1569 
107150 3469 965 
107200 3480 598 
107250 3515 411 
107300 3525 251 
107350 3527 130 
107400 3531 45 
107450 3543 18 
107500 3543 4 
107550 3557 71 
107600 3546 728 
107650 3544 1209 
107700 3538 1636 
107750 3542 2033 
107800 3545 2413 
107850 3524 2710 
107900 3521 2943 
107950 3517 3120 
108000 3532 3249 
108050 3324 2369 
108100 3400 1519 
108150 3459 994 
108200 3487 649 
108250 3519 428 
108300 3522 222 
108350 3541 84 
108400 3534 11 
108450 3531 2 
108500 3556 0 
108550 3552 1 
108600 3528 11 
108650 3399 140 
108700 3278 710 
108750 3207 1255 
108800 3185 1703 
108850 3235 2054 
108900 3282 2366 
108950 3354 2641 
109000 3402 2838 
109050 3281 2159 
109100 3387 1443 
109150 3430 914 
109200 3470 587 
109250 3495 360 
109300 3519 222 
109350 3531 123 
109400 3549 57 
109450 3540 24 
109500 3548 3 
109550 3537 5 
109600 3548 260 
109650 3549 828 
109700 3537 1323 
109750 3538 1733 
109800 3530 2082 
109850 3548 2454 
109900 3548 2727 
109950 3547 2939 
110000 3525 3095 
110050 3306 2310 
110100 3387 1495 
110150 3457 883 
110200 3485 488 
110250 3506 225 
110300 3533 91 
110350 3540 23 
110400 3539 7 
110450 3521 3 
110500 3537 2 
110550 3524 320 
110600 3527 974 
110650 3547 1497 
110700 3544 2009 
110750 3556 2437 
110800 3549 2749 
110850 3546 3032 
110900 3528 3216 
110950 3533 3377 
111000 3538 3469 
111050 3292 2255 
111100 3355 1262 
111150 3430 736 
111200 3462 420 
111250 3494 228 
111300 3509 146 
111350 3505 74 
111400 3523 22 
111450 3538 9 
111500 3521 8 
111550 3533 118 
111600 3542 1003 
111650 3538 1689 
111700 3534 2121 
111750 3548 2515 
111800 3541 2772 
111850 3547 3021 
111900 3548 3203 
111950 3538 3350 
112000 3550 3446 
112050 3371 2125 
112100 3485 915 
112150 3520 387 
112200 3545 170 
112250 3539 74 
112300 3556 25 
112350 3540 12 
112400 3534 7 
112450 3537 6 
112500 3548 3 
112550 3555 111 
112600 3552 772 
112650 3560 1339 
112700 3556 1785 
112750 3551 2205 
112800 3543 2602 
112850 3556 2931 
112900 3538 3123 
112950 3555 3265 
113000 3550 3397 
113050 3330 2043 
113100 3462 1050 
113150 3497 529 
113200 3516 230 
113250 3524 98 
113300 3549 27 
113350 3543 14 
113400 3546 3 
113450 3545 7 
113500 3558 4 
113550 3542 584 
113600 3544 1284 
113650 3545 1866 
113700 3563 2369 
113750 3546 2760 
113800 3568 3127 
113850 3545 3340 
113900 3545 3452 
113950 3554 3515 
114000 3538 3511 
114050 3364 2032 
114100 3468 971 
114150 3504 412 
114200 3535 125 
114250 3563 41 
114300 3552 8 
114350 3556 8 
114400 3568 2 
114450 3563 3 
114500 3547 4 
114550 3500 269 
114600 3486 1093 
114650 3471 1701 
114700 3485 2251 
114750 3511 2668 
114800 3547 3029 
114850 3542 3260 
114900 3537 3417 
114950 3558 3518 
115000 3558 3531 
115050 3323 2280 
115100 3406 1358 
115150 3464 805 
115200 3532 544 
115250 3536 283 
115300 3558 154 
115350 3550 66 
115400 3548 20 
115450 3532 6 
115500 3546 3 
115550 3519 63 
115600 3494 786 
115650 3468 1397 
115700 3475 1872 
115750 3497 2253 
115800 3532 2568 
115850 3555 2835 
115900 3548 3048 
115950 3532 3193 
116000 3530 3313 
116050 3309 2317 
116100 3393 1411 
116150 3456 812 
116200 3536 451 
116250 3536 254 
116300 3533 135 
116350 3546 54 
116400 3559 12 
116450 3549 4 
116500 3541 3 
116550 3550 107 
116600 3532 778 
116650 3538 1326 
116700 3536 1768 
116750 3540 2220 
116800 3541 2575 
116850 3540 2842 
116900 3537 3011 
116950 3542 3184 
117000 3547 3333 
117050 3298 2373 
117100 3368 1619 
117150 3403 1095 
117200 3504 831 
117250 3529 475 
117300 3510 246 
117350 3510 100 
117400 3531 39 
117450 3542 11 
117500 3546 7 
117550 3537 484 
117600 3534 1140 
117650 3531 1632 
117700 3540 2053 
117750 3539 2462 
117800 3547 2786 
117850 3545 2990 
117900 3555 3136 
117950 3553 3266 
118000 3551 3365 
118050 3335 2166 
118100 3425 1159 
118150 3491 625 
118200 3519 333 
118250 3533 197 
118300 3541 61 
118350 3553 4 
118400 3535 1 
118450 3547 0 
118500 3552 0 
118550 3533 0 
118600 3546 291 
118650 3554 973 
118700 3544 1478 
118750 3542 1884 
118800 3550 2316 
118850 3545 2646 
118900 3550 2912 
118950 3552 3114 
119000 3544 3271 
119050 3318 2343 
119100 3395 1504 
119150 3471 871 
119200 3538 562 
119250 3529 321 
119300 3536 182 
119350 3550 89 
119400 3550 26 
119450 3540 2 
119500 3560 0 
119550 3553 140 
119600 3553 871 
119650 3549 1402 
119700 3548 1836 
119750 3561 2217 
119800 3548 2581 
119850 3540 2886 
119900 3535 3124 
119950 3522 3257 
120000 3539 3410 
120050 3325 2080 
120100 3433 1097 
120150 3501 539 
120200 3521 239 
120250 3532 99 
120300 3541 28 
120350 3534 13 
120400 3534 2 
120450 3541 4 
120500 3538 2 
120550 3542 110 
120600 3554 914 
120650 3562 1474 
120700 3539 1889 
120750 3544 2302 
120800 3548 2631 
120850 3547 2903 
120900 3540 3076 
120950 3536 3211 
121000 3556 3370 
121050 3336 2159 
121100 3433 1194 
121150 3491 586 
121200 3538 246 
121250 3536 85 
121300 3547 19 
121350 3545 5 
121400 3563 3 
121450 3563 0 
121500 3554 0 
121550 3544 0 
121600 3527 396 
121650 3547 1147 
121700 3538 1712 
121750 3540 2166 
121800 3544 2623 
121850 3549 2936 
121900 3538 3127 
121950 3535 3271 
122000 3552 3395 
122050 3362 2083 
122100 3464 1085 
122150 3506 563 
122200 3536 350 
122250 3544 166 
122300 3531 60 
122350 3549 13 
122400 3562 4 
122450 3552 3 
122500 3545 2 
122550 3541 758 
122600 3554 1566 
122650 3550 2085 
122700 3548 2474 
122750 3529 2814 
122800 3544 3121 
122850 3549 3334 
122900 3559 3471 
122950 3550 3512 
123000 3546 3522 
123050 3334 1999 
123100 3440 1004 
123150 3503 487 
123200 3553 235 
123250 3540 66 
123300 3526 10 
123350 3542 4 
123400 3532 2 
123450 3555 4 
123500 3541 4 
123550 3534 845 
123600 3540 1736 
123650 3540 2301 
123700 3532 2733 
123750 3540 3091 
123800 3547 3357 
123850 3520 3456 
123900 3547 3515 
123950 3551 3520 
124000 3537 3530 
124050 3347 2004 
124100 3424 1007 
124150 3504 448 
124200 3555 212 
124250 3561 86 
124300 3538 20 
124350 3538 4 
124400 3542 1 
124450 3549 3 
124500 3552 0 
124550 3474 73 
124600 3396 893 
124650 3418 1505 
124700 3462 1988 
124750 3502 2347 
124800 3534 2708 
124850 3556 2962 
124900 3541 3136 
124950 3542 3299 
125000 3550 3429 
125050 3348 1990 
125100 3435 972 
125150 3512 498 
125200 3552 285 
125250 3526 125 
125300 3536 27 
125350 3526 8 
125400 3546 5 
125450 3554 4 
125500 3538 5 
125550 3542 607 
125600 3542 1358 
125650 3546 1883 
125700 3566 2368 
125750 3560 2726 
125800 3549 2989 
125850 3540 3199 
125900 3543 3352 
125950 3543 3445 
126000 3549 3492 
126050 3378 2048 
126100 3489 916 
126150 3522 289 
126200 3546 97 
126250 3546 16 
126300 3553 2 
126350 3542 1 
126400 3546 0 
126450 3551 1 
126500 3563 3 
126550 3536 184 
126600 3523 1045 
126650 3525 1736 
126700 3534 2299 
126750 3542 2733 
126800 3528 2983 
126850 3555 3197 
126900 3543 3315 
126950 3536 3427 
127000 3541 3491 
127050 3307 2115 
127100 3375 1272 
127150 3507 851 
127200 3536 536 
127250 3540 326 
127300 3550 163 
127350 3526 66 
127400 3541 9 
127450 3559 3 
127500 3552 6 
127550 3548 121 
127600 3564 893 
127650 3551 1551 
127700 3563 2178 
127750 3544 2661 
127800 3532 3010 
127850 3536 3240 
127900 3539 3352 
127950 3543 3453 
128000 3544 3510 
128050 3298 2198 
128100 3413 1204 
128150 3522 663 
128200 3534 234 
128250 3550 62 
128300 3547 11 
128350 3547 2 
128400 3536 3 
128450 3557 6 
128500 3551 4 
128550 3553 467 
128600 3543 1377 
128650 3549 1967 
128700 3555 2459 
128750 3551 2854 
128800 3533 3153 
128850 3541 3377 
128900 3545 3489 
128950 3545 3527 
129000 3563 3541 
129050 3345 2010 
129100 3468 908 
129150 3524 310 
129200 3541 125 
129250 3549 32 
129300 3557 8 
129350 3532 10 
129400 3567 11 
129450 3558 13 
129500 3555 6 
129550 3558 344 
129600 3547 1090 
129650 3541 1653 
129700 3541 2134 
129750 3531 2564 
129800 3553 2911 
129850 3545 3168 
129900 3566 3337 
129950 3546 3425 
130000 3543 3505 
130050 3324 2048 
130100 3403 1050 
130150 3488 600 
130200 3508 380 
130250 3519 229 
130300 3522 145 
130350 3553 93 
130400 3556 28 
130450 3554 4 
130500 3545 7 
130550 3548 552 
130600 3552 1251 
130650 3554 1778 
130700 3560 2311 
130750 3570 2739 
130800 3544 3005 
130850 3542 3238 
130900 3553 3370 
130950 3552 3468 
131000 3538 3505 
131050 3320 2169 
131100 3383 1210 
131150 3514 816 
131200 3526 501 
131250 3528 297 
131300 3535 128 
131350 3548 41 
131400 3546 5 
131450 3550 5 
131500 3549 3 
131550 3552 541 
131600 3555 1262 
131650 3555 1896 
131700 3546 2410 
131750 3536 2845 
131800 3557 3161 
131850 3558 3372 
131900 3547 3454 
131950 3567 3535 
132000 3576 3570 
132050 3322 2278 
132100 3474 1372 
132150 3534 855 
132200 3531 494 
132250 3531 276 
132300 3529 123 
132350 3525 50 
132400 3545 20 
132450 3558 4 
132500 3564 4 
132550 3545 513 
132600 3545 1261 
132650 3542 1886 
132700 3535 2360 
132750 3547 2763 
132800 3540 3062 
132850 3553 3256 
132900 3555 3374 
132950 3552 3468 
133000 3573 3533 
133050 3400 1826 
133100 3473 782 
133150 3504 291 
133200 3543 78 
133250 3558 26 
133300 3544 10 
133350 3553 7 
133400 3551 4 
133450 3549 5 
133500 3564 2 
133550 3556 535 
133600 3565 1224 
133650 3558 1816 
133700 3557 2337 
133750 3559 2732 
133800 3554 3039 
133850 3554 3287 
133900 3544 3406 
133950 3543 3489 
134000 3532 3493 
134050 3384 1803 
134100 3483 773 
134150 3522 311 
134200 3550 105 
134250 3550 19 
134300 3547 10 
134350 3545 19 
134400 3555 15 
134450 3538 19 
134500 3548 11 
134550 3545 557 
134600 3554 1159 
134650 3542 1647 
134700 3562 2081 
134750 3551 2470 
134800 3562 2780 
134850 3558 3035 
134900 3552 3229 
134950 3556 3347 
135000 3550 3441 
135050 3395 2055 
135100 3495 981 
135150 3523 405 
135200 3548 142 
135250 3556 38 
135300 3544 11 
135350 3559 2 
135400 3543 3 
135450 3538 9 
135500 3555 5 
135550 3567 546 
135600 3549 1148 
135650 3561 1578 
135700 3557 1944 
135750 3555 2269 
135800 3552 2574 
135850 3554 2826 
135900 3545 3017 
135950 3557 3165 
136000 3552 3283 
136050 3391 2032 
136100 3491 941 
136150 3515 456 
136200 3529 201 
136250 3553 73 
136300 3540 23 
136350 3559 8 
136400 3558 3 
136450 3551 11 
136500 3559 5 
136550 3564 429 
136600 3570 1076 
136650 3552 1568 
136700 3557 2055 
136750 3551 2507 
136800 3559 2849 
136850 3552 3095 
136900 3563 3280 
136950 3560 3373 
137000 3570 3449 
137050 3359 2245 
137100 3444 1264 
137150 3497 733 
137200 3550 402 
137250 3544 246 
137300 3559 103 
137350 3561 33 
137400 3553 18 
137450 3556 12 
137500 3555 5 
137550 3547 196 
137600 3542 966 
137650 3552 1611 
137700 3541 2115 
137750 3543 2535 
137800 3538 2854 
137850 3547 3074 
137900 3558 3202 
137950 3554 3279 
138000 3556 3356 
138050 3414 1778 
138100 3512 755 
138150 3555 267 
138200 3543 86 
138250 3560 29 
138300 3548 12 
138350 3541 12 
138400 3552 10 
138450 3553 10 
138500 3551 14 
138550 3546 678 
138600 3552 1282 
138650 3534 1737 
138700 3545 2211 
138750 3547 2646 
138800 3549 2959 
138850 3548 3150 
138900 3534 3316 
138950 3541 3372 
139000 3541 3453 
139050 3362 1944 
139100 3406 974 
139150 3454 503 
139200 3523 267 
139250 3534 83 
139300 3550 19 
139350 3544 10 
139400 3548 12 
139450 3555 7 
139500 3541 8 
139550 3536 687 
139600 3513 1333 
139650 3534 1943 
139700 3545 2403 
139750 3565 2817 
139800 3541 3123 
139850 3556 3345 
139900 3556 3481 
139950 3547 3515 
140000 3549 3537 
140050 3316 2170 
140100 3439 1185 
140150 3534 713 
140200 3544 453 
140250 3545 260 
140300 3535 114 
140350 3542 40 
140400 3552 14 
140450 3557 10 
140500 3564 8 
140550 3551 791 
140600 3559 1584 
140650 3558 2123 
140700 3548 2543 
140750 3540 2884 
140800 3552 3137 
140850 3534 3299 
140900 3550 3424 
140950 3545 3497 
141000 3543 3537 
141050 3298 2049 
141100 3404 1105 
141150 3502 653 
141200 3513 311 
141250 3520 102 
141300 3528 22 
141350 3557 7 
141400 3560 1 
141450 3556 4 
141500 3544 1 
141550 3547 445 
141600 3547 1497 
141650 3552 2107 
141700 3550 2493 
141750 3555 2833 
141800 3553 3145 
141850 3547 3339 
141900 3551 3469 
141950 3549 3519 
142000 3561 3545 
142050 3283 2123 
142100 3383 1246 
142150 3504 900 
142200 3488 617 
142250 3520 408 
142300 3540 230 
142350 3532 127 
142400 3544 46 
142450 3561 20 
142500 3551 14 
142550 3555 851 
142600 3545 1638 
142650 3554 2328 
142700 3552 2827 
142750 3541 3131 
142800 3544 3323 
142850 3566 3432 
142900 3552 3487 
142950 3550 3511 
143000 3550 3515 
143050 3355 1884 
143100 3469 795 
143150 3517 261 
143200 3549 83 
143250 3553 16 
143300 3551 6 
143350 3562 11 
143400 3550 7 
143450 3545 1 
143500 3554 7 
143550 3559 921 
143600 3553 1769 
143650 3554 2405 
143700 3563 2936 
143750 3560 3182 
143800 3542 3379 
143850 3537 3471 
143900 3556 3522 
143950 3560 3528 
144000 3549 3532 
144050 3333 2040 
144100 3425 1085 
144150 3485 657 
144200 3522 394 
144250 3515 208 
144300 3547 100 
144350 3548 36 
144400 3554 15 
144450 3558 19 
144500 3548 14 
144550 3558 872 
144600 3554 1801 
144650 3563 2495 
144700 3563 3005 
144750 3550 3289 
144800 3556 3428 
144850 3570 3531 
144900 3562 3533 
144950 3562 3518 
145000 3542 3512 
145050 3371 1897 
145100 3477 852 
145150 3514 342 
145200 3536 118 
145250 3547 30 
145300 3561 9 
145350 3553 6 
145400 3553 10 
145450 3558 7 
145500 3549 9 
145550 3549 752 
145600 3551 1530 
145650 3562 2108 
145700 3563 2613 
145750 3562 2979 
145800 3562 3219 
145850 3563 3392 
145900 3563 3484 
145950 3561 3522 
146000 3572 3526 
146050 3400 1795 
146100 3521 664 
146150 3552 199 
146200 3558 50 
146250 3574 23 
146300 3553 9 
146350 3560 5 
146400 3564 3 
146450 3565 6 
146500 3561 0 
146550 3566 634 
146600 3567 1370 
146650 3567 2000 
146700 3573 2488 
146750 3568 2912 
146800 3568 3222 
146850 3567 3390 
146900 3583 3499 
146950 3566 3517 
147000 3577 3533 
147050 3391 1856 
147100 3486 806 
147150 3528 273 
147200 3570 85 
147250 3560 24 
147300 3578 6 
147350 3558 6 
147400 3565 6 
147450 3573 6 
147500 3578 7 
147550 3587 430 
147600 3574 1151 
147650 3583 1831 
147700 3571 2331 
147750 3564 2717 
147800 3553 3006 
147850 3574 3272 
147900 3564 3401 
147950 3574 3499 
148000 3556 3503 
148050 3429 1754 
148100 3538 603 
148150 3547 180 
148200 3564 45 
148250 3570 7 
148300 3569 4 
148350 3563 4 
148400 3557 5 
148450 3569 5 
148500 3568 4 
148550 3559 362 
148600 3561 1235 
148650 3567 1994 
148700 3570 2537 
148750 3559 2969 
148800 3562 3275 
148850 3567 3439 
148900 3579 3521 
148950 3568 3511 
149000 3571 3520 
149050 3450 1690 
149100 3525 574 
149150 3545 203 
149200 3563 55 
149250 3563 14 
149300 3561 4 
149350 3573 2 
149400 3565 5 
149450 3567 5 
149500 3568 2 
149550 3561 741 
149600 3568 1406 
149650 3568 1939 
149700 3571 2356 
149750 3560 2698 
149800 3560 3009 
149850 3566 3216 
149900 3548 3343 
149950 3561 3436 
150000 3569 3488 
150050 3475 1541 
150100 3537 460 
150150 3554 100 
150200 3566 16 
150250 3573 6 
150300 3554 4 
150350 3565 5 
150400 3551 8 
150450 3552 5 
150500 3556 3 
150550 3551 797 
150600 3554 1518 
150650 3556 2096 
150700 3556 2568 
150750 3566 2859 
150800 3559 3098 
150850 3570 3268 
150900 3564 3403 
150950 3576 3509 
151000 3578 3520 
151050 3423 1749 
151100 3515 755 
151150 3542 301 
151200 3570 100 
151250 3560 30 
151300 3566 9 
151350 3574 3 
151400 3568 15 
151450 3562 4 
151500 3571 4 
151550 3567 634 
151600 3564 1300 
151650 3571 1839 
151700 3561 2348 
151750 3569 2770 
151800 3549 3031 
151850 3557 3235 
151900 3571 3405 
151950 3563 3492 
152000 3570 3531 
152050 3353 1996 
152100 3467 1002 
152150 3540 444 
152200 3556 220 
152250 3557 80 
152300 3571 23 
152350 3578 7 
152400 3573 5 
152450 3554 3 
152500 3564 2 
152550 3575 596 
152600 3563 1386 
152650 3563 2093 
152700 3569 2605 
152750 3566 2972 
152800 3570 3259 
152850 3581 3448 
152900 3578 3516 
152950 3570 3529 
153000 3584 3543 
153050 3427 1915 
153100 3522 726 
153150 3550 266 
153200 3550 79 
153250 3570 18 
153300 3574 13 
153350 3564 6 
153400 3575 3 
153450 3570 12 
153500 3573 9 
153550 3565 868 
153600 3558 1615 
153650 3567 2105 
153700 3555 2497 
153750 3573 2855 
153800 3574 3114 
153850 3562 3277 
153900 3560 3390 
153950 3564 3488 
154000 3561 3515 
154050 3387 1862 
154100 3496 779 
154150 3555 282 
154200 3556 90 
154250 3570 28 
154300 3556 9 
154350 3568 7 
154400 3579 6 
154450 3559 1 
154500 3572 4 
154550 3571 438 
154600 3572 1116 
154650 3566 1655 
154700 3569 2144 
154750 3564 2563 
154800 3571 2892 
154850 3566 3157 
154900 3577 3327 
154950 3561 3435 
155000 3566 3492 
155050 3406 1938 
155100 3502 952 
155150 3546 466 
155200 3567 235 
155250 3574 88 
155300 3571 23 
155350 3577 9 
155400 3583 6 
155450 3582 2 
155500 3562 1 
155550 3558 786 
155600 3558 1548 
155650 3566 2076 
155700 3558 2526 
155750 3566 2808 
155800 3575 3053 
155850 3559 3312 
155900 3567 3473 
155950 3575 3526 
156000 3557 3515 
156050 3387 1792 
156100 3505 747 
156150 3553 218 
156200 3563 55 
156250 3562 18 
156300 3562 0 
156350 3566 4 
156400 3554 4 
156450 3566 6 
156500 3566 4 
156550 3571 523 
156600 3561 1239 
156650 3563 1805 
156700 3567 2275 
156750 3573 2703 
156800 3566 3018 
156850 3553 3216 
156900 3565 3386 
156950 3566 3474 
157000 3556 3522 
157050 3397 1927 
157100 3514 814 
157150 3539 271 
157200 3560 98 
157250 3564 34 
157300 3570 10 
157350 3566 3 
157400 3563 5 
157450 3565 10 
157500 3568 7 
157550 3562 636 
157600 3560 1485 
157650 3564 2043 
157700 3563 2409 
157750 3573 2749 
157800 3546 2992 
157850 3566 3175 
157900 3563 3348 
157950 3552 3434 
158000 3554 3498 
158050 3369 1866 
158100 3495 848 
158150 3520 313 
158200 3555 105 
158250 3546 31 
158300 3564 11 
158350 3544 0 
158400 3558 3 
158450 3562 3 
158500 3564 5 
158550 3558 881 
158600 3557 1702 
158650 3565 2314 
158700 3570 2743 
158750 3572 3082 
158800 3559 3282 
158850 3563 3379 
158900 3563 3461 
158950 3561 3514 
159000 3550 3516 
159050 3391 1986 
159100 3494 865 
159150 3547 311 
159200 3568 100 
159250 3575 13 
159300 3567 7 
159350 3571 6 
159400 3563 4 
159450 3556 7 
159500 3558 7 
159550 3558 577 
159600 3545 1423 
159650 3560 2103 
159700 3565 2553 
159750 3561 2865 
159800 3552 3132 
159850 3544 3352 
159900 3547 3446 
159950 3547 3494 
160000 3553 3528 
160050 3389 1939 
160100 3476 907 
160150 3516 465 
160200 3550 261 
160250 3552 107 
160300 3560 37 
160350 3535 7 
160400 3549 4 
160450 3561 0 
160500 3545 4 
160550 3533 612 
160600 3549 1314 
160650 3540 1874 
160700 3541 2362 
160750 3527 2776 
160800 3539 3112 
160850 3551 3333 
160900 3543 3456 
160950 3548 3521 
161000 3538 3507 
161050 3362 2002 
161100 3489 866 
161150 3513 333 
161200 3543 126 
161250 3559 32 
161300 3565 10 
161350 3546 3 
161400 3540 3 
161450 3553 0 
161500 3547 4 
161550 3547 578 
161600 3553 1243 
161650 3550 1797 
161700 3560 2331 
161750 3554 2795 
161800 3561 3152 
161850 3556 3351 
161900 3553 3468 
161950 3563 3532 
162000 3550 3534 
162050 3291 2051 
162100 3397 1092 
162150 3496 632 
162200 3531 329 
162250 3552 144 
162300 3553 52 
162350 3546 6 
162400 3552 6 
162450 3550 2 
162500 3549 4 
162550 3551 418 
162600 3550 1234 
162650 3542 1742 
162700 3543 2156 
162750 3561 2511 
162800 3554 2829 
162850 3562 3122 
162900 3543 3301 
162950 3542 3434 
163000 3547 3517 
163050 3350 1991 
163100 3465 907 
163150 3518 394 
163200 3529 158 
163250 3547 50 
163300 3554 21 
163350 3562 9 
163400 3565 3 
163450 3532 1 
163500 3552 3 
163550 3557 103 
163600 3542 1194 
163650 3532 1852 
163700 3537 2324 
163750 3546 2679 
163800 3554 2973 
163850 3552 3217 
163900 3555 3401 
163950 3548 3486 
164000 3559 3536 
164050 3321 2055 
164100 3410 1069 
164150 3508 504 
164200 3534 203 
164250 3541 59 
164300 3543 4 
164350 3541 2 
164400 3550 1 
164450 3556 3 
164500 3555 3 
164550 3545 578 
164600 3562 1572 
164650 3565 2214 
164700 3560 2713 
164750 3551 3091 
164800 3561 3333 
164850 3554 3474 
164900 3558 3522 
164950 3552 3531 
165000 3553 3538 
165050 3304 2169 
165100 3413 1295 
165150 3530 857 
165200 3521 510 
165250 3550 248 
165300 3530 93 
165350 3555 31 
165400 3565 7 
165450 3553 5 
165500 3546 5 
165550 3550 567 
165600 3561 1258 
165650 3556 1782 
165700 3546 2220 
165750 3550 2676 
165800 3546 3006 
165850 3560 3270 
165900 3535 3419 
165950 3562 3519 
166000 3555 3531 
166050 3308 1971 
166100 3414 1044 
166150 3499 613 
166200 3544 365 
166250 3540 200 
166300 3544 66 
166350 3551 11 
166400 3548 4 
166450 3553 6 
166500 3543 2 
166550 3567 802 
166600 3550 1580 
166650 3551 2130 
166700 3544 2584 
166750 3550 2905 
166800 3562 3218 
166850 3548 3423 
166900 3559 3504 
166950 3549 3532 
167000 3541 3529 
167050 3299 2113 
167100 3413 1104 
167150 3504 562 
167200 3559 281 
167250 3535 129 
167300 3534 54 
167350 3547 15 
167400 3538 10 
167450 3540 7 
167500 3547 2 
167550 3559 611 
167600 3556 1254 
167650 3569 1832 
167700 3564 2281 
167750 3553 2670 
167800 3544 2965 
167850 3549 3215 
167900 3537 3335 
167950 3552 3460 
168000 3544 3479 
168050 3394 1797 
168100 3465 753 
168150 3510 297 
168200 3564 117 
168250 3563 38 
168300 3539 3 
168350 3547 4 
168400 3546 4 
168450 3539 3 
168500 3553 0 
168550 3544 506 
168600 3548 1129 
168650 3560 1647 
168700 3552 2169 
168750 3549 2612 
168800 3563 2950 
168850 3555 3145 
168900 3564 3330 
168950 3570 3435 
169000 3560 3464 
169050 3413 1662 
169100 3516 591 
169150 3552 160 
169200 3562 38 
169250 3556 16 
169300 3554 6 
169350 3562 2 
169400 3544 5 
169450 3566 2 
169500 3558 3 
169550 3548 77 
169600 3554 1042 
169650 3541 1617 
169700 3539 2120 
169750 3541 2551 
169800 3563 2867 
169850 3560 3080 
169900 3558 3252 
169950 3572 3402 
170000 3548 3445 
170050 3400 1844 
170100 3511 802 
170150 3527 288 
170200 3546 77 
170250 3539 20 
170300 3560 5 
170350 3546 3 
170400 3545 3 
170450 3544 4 
170500 3548 2 
170550 3547 520 
170600 3551 1255 
170650 3547 1787 
170700 3553 2264 
170750 3550 2741 
170800 3560 3049 
170850 3557 3207 
170900 3546 3358 
170950 3547 3421 
171000 3549 3485 
171050 3434 1690 
171100 3510 579 
171150 3563 154 
171200 3563 23 
171250 3553 8 
171300 3549 3 
171350 3538 3 
171400 3548 1 
171450 3560 5 
171500 3564 4 
171550 3570 774 
171600 3551 1524 
171650 3559 2037 
171700 3556 2446 
171750 3532 2765 
171800 3555 3103 
171850 3550 3342 
171900 3567 3490 
171950 3550 3510 
172000 3531 3511 
172050 3364 2066 
172100 3420 1014 
172150 3496 636 
172200 3536 414 
172250 3545 255 
172300 3546 130 
172350 3553 62 
172400 3550 19 
172450 3545 11 
172500 3542 0 
172550 3546 39 
172600 3550 1086 
172650 3548 1838 
172700 3567 2498 
172750 3567 2951 
172800 3555 3210 
172850 3544 3362 
172900 3551 3472 
172950 3549 3504 
173000 3549 3525 
173050 3389 1928 
173100 3499 747 
173150 3525 233 
173200 3550 75 
173250 3550 18 
173300 3538 8 
173350 3543 1 
173400 3553 2 
173450 3554 1 
173500 3540 1 
173550 3553 519 
173600 3556 1175 
173650 3555 1743 
173700 3558 2217 
173750 3538 2646 
173800 3535 2965 
173850 3548 3176 
173900 3557 3323 
173950 3545 3418 
174000 3533 3484 
174050 3226 2335 
174100 3373 1524 
174150 3456 1058 
174200 3467 674 
174250 3481 378 
174300 3501 243 
174350 3527 125 
174400 3537 69 
174450 3541 32 
174500 3568 8 
174550 3566 1 
174600 3550 731 
174650 3546 1376 
174700 3548 1937 
174750 3557 2394 
174800 3551 2806 
174850 3553 3110 
174900 3559 3313 
174950 3567 3453 
175000 3545 3493 
175050 3300 2192 
175100 3413 1232 
175150 3521 769 
175200 3536 447 
175250 3547 224 
175300 3553 98 
175350 3560 38 
175400 3546 8 
175450 3539 1 
175500 3550 0 
175550 3533 565 
175600 3543 1435 
175650 3532 1987 
175700 3562 2457 
175750 3543 2820 
175800 3539 3084 
175850 3550 3332 
175900 3548 3482 
175950 3562 3498 
176000 3536 3494 
176050 3395 1801 
176100 3464 907 
176150 3499 509 
176200 3539 319 
176250 3558 174 
176300 3557 68 
176350 3558 22 
176400 3551 5 
176450 3554 2 
176500 3560 0 
176550 3564 693 
176600 3542 1463 
176650 3551 2109 
176700 3557 2569 
176750 3551 3037 
176800 3545 3326 
176850 3542 3423 
176900 3559 3482 
176950 3556 3474 
177000 3551 3489 
177050 3433 1615 
177100 3505 471 
177150 3532 104 
177200 3536 21 
177250 3559 4 
177300 3544 2 
177350 3551 5 
177400 3531 4 
177450 3559 5 
177500 3566 2 
177550 3554 450 
177600 3552 1161 
177650 3555 1748 
177700 3560 2226 
177750 3562 2656 
177800 3552 2891 
177850 3558 3096 
177900 3543 3218 
177950 3567 3343 
178000 3564 3441 
178050 3434 1674 
178100 3497 703 
178150 3524 273 
178200 3552 77 
178250 3539 17 
178300 3567 5 
178350 3556 4 
178400 3553 6 
178450 3546 7 
178500 3551 3 
178550 3563 712 
178600 3562 1357 
178650 3550 1872 
178700 3552 2345 
178750 3550 2713 
178800 3553 3017 
178850 3557 3264 
178900 3558 3435 
178950 3541 3466 
179000 3544 3510 
179050 3396 1823 
179100 3504 728 
179150 3545 284 
179200 3537 89 
179250 3552 29 
179300 3554 7 
179350 3549 4 
179400 3546 5 
179450 3561 0 
179500 3551 7 
179550 3549 644 
179600 3534 1482 
179650 3523 2013 
179700 3532 2441 
179750 3534 2742 
179800 3548 3018 
179850 3552 3211 
179900 3540 3350 
179950 3548 3438 
180000 3548 3475 
180050 3416 1780 
180100 3460 768 
180150 3512 285 
180200 3540 78 
180250 3547 10 
180300 3548 3 
180350 3559 8 
180400 3540 5 
180450 3558 2 
180500 3559 3 
180550 3544 589 
180600 3558 1297 
180650 3538 1775 
180700 3553 2312 
180750 3551 2754 
180800 3549 3067 
180850 3529 3254 
180900 3556 3379 
180950 3539 3443 
181000 3552 3463 
181050 3447 1597 
181100 3499 587 
181150 3520 223 
181200 3539 84 
181250 3547 28 
181300 3558 14 
181350 3559 4 
181400 3562 5 
181450 3550 4 
181500 3544 1 
181550 3537 429 
181600 3551 1180 
181650 3549 1721 
181700 3539 2306 
181750 3559 2843 
181800 3527 3217 
181850 3552 3439 
181900 3564 3469 
181950 3543 3454 
182000 3543 3472 
182050 3419 1597 
182100 3499 475 
182150 3520 102 
182200 3550 13 
182250 3544 1 
182300 3556 3 
182350 3545 5 
182400 3549 4 
182450 3552 2 
182500 3547 0 
182550 3546 387 
182600 3549 1329 
182650 3546 2030 
182700 3557 2461 
182750 3552 2788 
182800 3555 3051 
182850 3542 3255 
182900 3550 3394 
182950 3544 3471 
183000 3558 3473 
183050 3445 1538 
183100 3509 555 
183150 3546 174 
183200 3562 30 
183250 3563 4 
183300 3557 5 
183350 3555 1 
183400 3546 4 
183450 3546 2 
183500 3567 6 
183550 3557 871 
183600 3554 1644 
183650 3568 2245 
183700 3544 2646 
183750 3566 2975 
183800 3555 3187 
183850 3555 3379 
183900 3553 3420 
183950 3561 3486 
184000 3538 3454 
184050 3406 1650 
184100 3501 514 
184150 3539 146 
184200 3541 32 
184250 3538 3 
184300 3545 9 
184350 3551 12 
184400 3551 4 
184450 3561 0 
184500 3548 3 
184550 3519 481 
184600 3507 1206 
184650 3498 1823 
184700 3515 2329 
184750 3538 2696 
184800 3540 2949 
184850 3547 3152 
184900 3547 3296 
184950 3543 3380 
185000 3539 3430 
185050 3462 1504 
185100 3529 460 
185150 3545 114 
185200 3546 9 
185250 3557 4 
185300 3551 0 
185350 3545 0 
185400 3558 0 
185450 3558 4 
185500 3556 3 
185550 3539 2 
185600 3553 317 
185650 3551 1094 
185700 3558 1612 
185750 3557 2091 
185800 3549 2521 
185850 3561 2890 
185900 3550 3145 
185950 3559 3285 
186000 3551 3370 
186050 3442 1493 
186100 3525 400 
186150 3560 99 
186200 3547 23 
186250 3560 4 
186300 3546 8 
186350 3548 6 
186400 3553 2 
186450 3557 7 
186500 3547 8 
186550 3534 610 
186600 3554 1265 
186650 3551 1840 
186700 3548 2316 
186750 3541 2713 
186800 3560 3010 
186850 3550 3190 
186900 3553 3325 
186950 3564 3437 
187000 3560 3436 
187050 3454 1504 
187100 3527 404 
187150 3559 90 
187200 3557 13 
187250 3540 5 
187300 3559 13 
187350 3560 6 
187400 3539 0 
187450 3545 4 
187500 3547 2 
187550 3552 471 
187600 3551 1116 
187650 3551 1603 
187700 3550 2116 
187750 3547 2560 
187800 3549 2887 
187850 3552 3140 
187900 3549 3289 
187950 3543 3387 
188000 3555 3452 
188050 3438 1572 
188100 3497 545 
188150 3555 141 
188200 3534 25 
188250 3538 3 
188300 3547 0 
188350 3568 1 
188400 3556 6 
188450 3547 0 
188500 3552 0 
188550 3563 658 
188600 3532 1429 
188650 3551 2003 
188700 3545 2342 
188750 3537 2740 
188800 3542 3024 
188850 3524 3217 
188900 3528 3360 
188950 3543 3443 
189000 3543 3462 
189050 3419 1609 
189100 3533 468 
189150 3538 88 
189200 3506 16 
189250 3539 7 
189300 3539 3 
189350 3547 6 
189400 3551 2 
189450 3531 3 
189500 3536 1 
189550 3525 0 
189600 3510 417 
189650 3534 1103 
189700 3536 1616 
189750 3534 2047 
189800 3535 2561 
189850 3551 2905 
189900 3551 3120 
189950 3554 3272 
190000 3553 3372 
190050 3421 1675 
190100 3511 593 
190150 3548 137 
190200 3554 16 
190250 3531 3 
190300 3550 1 
190350 3547 1 
190400 3556 1 
190450 3554 5 
190500 3553 0 
190550 3558 373 
190600 3546 1185 
190650 3558 1791 
190700 3540 2307 
190750 3550 2836 
190800 3537 3103 
190850 3544 3306 
190900 3560 3451 
190950 3542 3483 
191000 3552 3483 
191050 3451 1664 
191100 3530 484 
191150 3549 98 
191200 3554 24 
191250 3551 5 
191300 3551 5 
191350 3536 1 
191400 3554 4 
191450 3552 2 
191500 3553 6 
191550 3551 659 
191600 3554 1483 
191650 3542 1972 
191700 3548 2391 
191750 3546 2739 
191800 3539 3019 
191850 3544 3275 
191900 3561 3421 
191950 3566 3473 
192000 3551 3479 
192050 3377 1778 
192100 3481 744 
192150 3515 312 
192200 3560 97 
192250 3552 25 
192300 3574 5 
192350 3556 1 
192400 3554 3 
192450 3550 0 
192500 3567 0 
192550 3547 378 
192600 3550 1281 
192650 3559 1915 
192700 3528 2476 
192750 3562 2918 
192800 3553 3151 
192850 3546 3311 
192900 3551 3417 
192950 3559 3466 
193000 3549 3450 
193050 3420 1694 
193100 3517 633 
193150 3545 205 
193200 3539 67 
193250 3557 21 
193300 3548 6 
193350 3549 8 
193400 3554 1 
193450 3558 2 
193500 3554 1 
193550 3543 441 
193600 3535 1111 
193650 3535 1647 
193700 3546 2118 
193750 3549 2583 
193800 3547 2980 
193850 3543 3248 
193900 3551 3396 
193950 3554 3462 
194000 3551 3502 
194050 3387 1875 
194100 3485 825 
194150 3546 271 
194200 3556 88 
194250 3552 18 
194300 3549 6 
194350 3545 2 
194400 3551 2 
194450 3549 3 
194500 3546 2 
194550 3553 402 
194600 3535 1300 
194650 3542 1989 
194700 3543 2587 
194750 3548 2988 
194800 3550 3241 
194850 3551 3407 
194900 3547 3458 
194950 3548 3505 
195000 3544 3495 
195050 3409 1681 
195100 3528 606 
195150 3530 213 
195200 3552 65 
195250 3555 20 
195300 3552 6 
195350 3540 5 
195400 3544 4 
195450 3542 5 
195500 3558 4 
195550 3540 556 
195600 3548 1375 
195650 3567 2046 
195700 3557 2559 
195750 3551 2936 
195800 3558 3213 
195850 3553 3376 
195900 3556 3475 
195950 3545 3491 
196000 3559 3522 
196050 3402 1885 
196100 3484 818 
196150 3536 332 
196200 3551 117 
196250 3563 33 
196300 3554 8 
196350 3538 1 
196400 3549 0 
196450 3549 0 
196500 3554 4 
196550 3549 367 
196600 3555 1016 
196650 3544 1586 
196700 3537 2150 
196750 3553 2670 
196800 3557 3039 
196850 3560 3225 
196900 3560 3369 
196950 3560 3455 
197000 3547 3494 
197050 3367 1831 
197100 3466 739 
197150 3506 239 
197200 3539 84 
197250 3546 23 
197300 3537 3 
197350 3554 3 
197400 3554 2 
197450 3555 5 
197500 3544 5 
197550 3569 311 
197600 3560 1029 
197650 3571 1595 
197700 3549 2079 
197750 3555 2603 
197800 3560 2924 
197850 3557 3149 
197900 3565 3280 
197950 3551 3382 
198000 3543 3452 
198050 3396 1735 
198100 3501 711 
198150 3533 310 
198200 3537 130 
198250 3539 43 
198300 3535 6 
198350 3542 2 
198400 3544 4 
198450 3558 0 
198500 3555 2 
198550 3550 444 
198600 3556 1165 
198650 3562 1696 
198700 3559 2254 
198750 3548 2698 
198800 3552 3036 
198850 3549 3234 
198900 3553 3327 
198950 3544 3416 
199000 3542 3469 
199050 3354 1840 
199100 3457 753 
199150 3525 280 
199200 3542 79 
199250 3561 16 
199300 3542 3 
199350 3549 4 
199400 3543 0 
199450 3543 5 
199500 3554 3 
199550 3555 407 
199600 3544 1104 
199650 3556 1673 
199700 3571 2170 
199750 3549 2594 
199800 3553 2897 
199850 3548 3092 
199900 3549 3255 
199950 3557 3369 
200000 3561 3465 
