# Avida tasks data
# Sun Apr  8 00:54:02 2012
# First column gives the current update, next columns give the number
# of organisms that have the particular task as a component of their merit
#  1: Update
#  2: Xor
#  3: Equals

0 0 0 
50 7 7 
100 34 34 
150 104 104 
200 226 225 
250 418 418 
300 639 643 
350 948 951 
400 1317 1315 
450 1705 1700 
500 2124 2122 
550 2660 2662 
600 3188 3200 
650 3434 3436 
700 3546 3542 
750 3545 3550 
800 3555 3557 
850 3540 3541 
900 3551 3552 
950 3535 3540 
1000 3544 3546 
1050 3224 2642 
1100 3303 1768 
1150 3452 1301 
1200 3484 860 
1250 3470 521 
1300 3500 338 
1350 3503 209 
1400 3530 116 
1450 3557 54 
1500 3537 19 
1550 3543 3 
1600 3549 1 
1650 3541 0 
1700 3538 0 
1750 3542 0 
1800 3543 0 
1850 3534 0 
1900 3542 13 
1950 3541 343 
2000 3535 915 
2050 3447 757 
2100 3458 567 
2150 3485 410 
2200 3498 307 
2250 3505 218 
2300 3533 149 
2350 3545 64 
2400 3542 27 
2450 3541 6 
2500 3556 0 
2550 3551 0 
2600 3547 0 
2650 3555 0 
2700 3546 0 
2750 3536 0 
2800 3544 0 
2850 3554 0 
2900 3550 0 
2950 3557 0 
3000 3539 0 
3050 3549 0 
3100 3540 0 
3150 3549 0 
3200 3557 1 
3250 3553 0 
3300 3553 0 
3350 3552 0 
3400 3542 0 
3450 3558 0 
3500 3555 0 
3550 3544 0 
3600 3556 0 
3650 3549 70 
3700 3555 701 
3750 3553 1185 
3800 3540 1629 
3850 3553 2050 
3900 3556 2380 
3950 3544 2670 
4000 3558 2921 
4050 3315 2289 
4100 3376 1530 
4150 3422 1058 
4200 3437 768 
4250 3472 555 
4300 3512 437 
4350 3540 320 
4400 3543 198 
4450 3548 123 
4500 3559 70 
4550 3568 38 
4600 3549 306 
4650 3539 811 
4700 3542 1289 
4750 3546 1687 
4800 3542 2084 
4850 3538 2399 
4900 3534 2652 
4950 3540 2855 
5000 3546 3024 
5050 3360 2147 
5100 3446 1256 
5150 3505 651 
5200 3533 320 
5250 3538 132 
5300 3542 35 
5350 3521 16 
5400 3551 5 
5450 3536 3 
5500 3546 3 
5550 3550 208 
5600 3552 843 
5650 3537 1277 
5700 3545 1695 
5750 3540 2037 
5800 3557 2392 
5850 3544 2701 
5900 3548 2991 
5950 3564 3211 
6000 3556 3347 
6050 3306 2614 
6100 3334 1859 
6150 3351 1354 
6200 3456 1059 
6250 3470 733 
6300 3478 462 
6350 3494 283 
6400 3523 173 
6450 3544 110 
6500 3540 54 
6550 3530 40 
6600 3447 266 
6650 3430 934 
6700 3434 1599 
6750 3461 2206 
6800 3514 2673 
6850 3547 2975 
6900 3540 3246 
6950 3528 3378 
7000 3548 3469 
7050 3320 2284 
7100 3425 1213 
7150 3474 655 
7200 3497 307 
7250 3529 139 
7300 3538 55 
7350 3548 17 
7400 3542 9 
7450 3538 6 
7500 3555 2 
7550 3556 77 
7600 3556 720 
7650 3547 1228 
7700 3546 1617 
7750 3530 1998 
7800 3539 2335 
7850 3526 2638 
7900 3536 2870 
7950 3526 3056 
8000 3522 3199 
8050 3327 2154 
8100 3431 1281 
8150 3470 742 
8200 3492 428 
8250 3519 224 
8300 3536 126 
8350 3543 78 
8400 3537 31 
8450 3539 11 
8500 3547 8 
8550 3546 479 
8600 3548 1138 
8650 3535 1684 
8700 3533 2162 
8750 3544 2586 
8800 3551 2839 
8850 3545 3046 
8900 3549 3218 
8950 3541 3355 
9000 3546 3437 
9050 3335 2198 
9100 3459 1096 
9150 3486 558 
9200 3501 307 
9250 3509 168 
9300 3526 103 
9350 3535 59 
9400 3542 35 
9450 3541 19 
9500 3540 15 
9550 3539 358 
9600 3540 918 
9650 3531 1351 
9700 3539 1785 
9750 3530 2190 
9800 3527 2533 
9850 3540 2859 
9900 3531 3103 
9950 3532 3273 
10000 3526 3403 
10050 3352 2255 
10100 3443 1194 
10150 3465 697 
10200 3493 390 
10250 3522 232 
10300 3533 167 
10350 3532 93 
10400 3549 50 
10450 3527 20 
10500 3535 5 
10550 3510 348 
10600 3487 1014 
10650 3473 1522 
10700 3478 1990 
10750 3485 2329 
10800 3487 2591 
10850 3501 2855 
10900 3499 3018 
10950 3509 3133 
11000 3522 3243 
11050 3349 2317 
11100 3424 1339 
11150 3474 772 
11200 3508 458 
11250 3513 254 
11300 3523 175 
11350 3524 93 
11400 3541 28 
11450 3538 10 
11500 3543 10 
11550 3533 100 
11600 3531 875 
11650 3535 1486 
11700 3508 1898 
11750 3522 2355 
11800 3531 2644 
11850 3525 2896 
11900 3527 3132 
11950 3542 3351 
12000 3543 3434 
12050 3351 2138 
12100 3477 1068 
12150 3512 486 
12200 3526 182 
12250 3536 70 
12300 3541 31 
12350 3531 17 
12400 3536 6 
12450 3529 6 
12500 3539 5 
12550 3502 157 
12600 3474 818 
12650 3459 1396 
12700 3457 1867 
12750 3466 2249 
12800 3484 2527 
12850 3502 2763 
12900 3504 2956 
12950 3525 3094 
13000 3526 3205 
13050 3284 2290 
13100 3418 1265 
13150 3506 650 
13200 3522 308 
13250 3545 143 
13300 3539 66 
13350 3539 18 
13400 3546 13 
13450 3539 9 
13500 3542 11 
13550 3541 439 
13600 3531 1311 
13650 3531 1941 
13700 3515 2484 
13750 3525 2898 
13800 3519 3162 
13850 3539 3340 
13900 3531 3436 
13950 3553 3501 
14000 3564 3528 
14050 3305 2351 
14100 3393 1321 
14150 3498 679 
14200 3527 330 
14250 3555 165 
14300 3545 103 
14350 3548 41 
14400 3526 16 
14450 3539 11 
14500 3537 4 
14550 3540 591 
14600 3537 1361 
14650 3530 1911 
14700 3541 2335 
14750 3541 2666 
14800 3556 2959 
14850 3543 3221 
14900 3546 3399 
14950 3541 3470 
15000 3545 3510 
15050 3278 2459 
15100 3392 1509 
15150 3424 1002 
15200 3508 726 
15250 3512 494 
15300 3525 327 
15350 3544 219 
15400 3529 125 
15450 3547 54 
15500 3548 13 
15550 3558 281 
15600 3545 884 
15650 3538 1325 
15700 3534 1685 
15750 3543 2045 
15800 3537 2409 
15850 3539 2651 
15900 3533 2874 
15950 3536 3037 
16000 3542 3169 
16050 3377 2205 
16100 3462 1227 
16150 3499 644 
16200 3499 300 
16250 3528 96 
16300 3544 44 
16350 3520 15 
16400 3546 9 
16450 3540 10 
16500 3542 9 
16550 3539 293 
16600 3543 971 
16650 3522 1454 
16700 3524 1864 
16750 3508 2213 
16800 3527 2543 
16850 3524 2816 
16900 3543 3028 
16950 3530 3195 
17000 3548 3305 
17050 3265 2429 
17100 3363 1577 
17150 3435 1014 
17200 3474 636 
17250 3526 460 
17300 3536 296 
17350 3534 173 
17400 3539 91 
17450 3536 38 
17500 3535 18 
17550 3551 361 
17600 3545 1014 
17650 3545 1477 
17700 3554 1858 
17750 3564 2246 
17800 3559 2609 
17850 3558 2830 
17900 3546 3005 
17950 3557 3154 
18000 3559 3289 
18050 3347 2232 
18100 3475 1125 
18150 3507 564 
18200 3539 254 
18250 3543 98 
18300 3548 38 
18350 3560 10 
18400 3557 3 
18450 3527 7 
18500 3550 5 
18550 3555 426 
18600 3554 1066 
18650 3550 1642 
18700 3547 2072 
18750 3544 2439 
18800 3556 2721 
18850 3556 3000 
18900 3563 3209 
18950 3555 3336 
19000 3549 3424 
19050 3294 2406 
19100 3391 1552 
19150 3454 942 
19200 3483 564 
19250 3532 365 
19300 3524 186 
19350 3538 92 
19400 3549 23 
19450 3553 13 
19500 3558 3 
19550 3548 405 
19600 3553 1032 
19650 3545 1514 
19700 3559 1958 
19750 3539 2273 
19800 3562 2581 
19850 3536 2803 
19900 3546 2996 
19950 3548 3173 
20000 3558 3318 
20050 3354 2319 
20100 3449 1339 
20150 3496 726 
20200 3528 368 
20250 3527 167 
20300 3549 80 
20350 3538 33 
20400 3556 7 
20450 3555 0 
20500 3557 3 
20550 3542 4 
20600 3469 270 
20650 3443 927 
20700 3407 1383 
20750 3404 1790 
20800 3442 2121 
20850 3473 2462 
20900 3505 2733 
20950 3530 2968 
21000 3542 3132 
21050 3309 2362 
21100 3390 1556 
21150 3436 973 
21200 3451 579 
21250 3506 335 
21300 3506 228 
21350 3515 165 
21400 3543 97 
21450 3542 52 
21500 3529 23 
21550 3548 277 
21600 3549 1017 
21650 3545 1598 
21700 3551 2043 
21750 3557 2353 
21800 3534 2630 
21850 3553 2872 
21900 3556 3080 
21950 3554 3241 
22000 3550 3362 
22050 3353 2256 
22100 3440 1289 
22150 3486 667 
22200 3525 286 
22250 3543 105 
22300 3534 52 
22350 3540 26 
22400 3552 10 
22450 3545 8 
22500 3556 7 
22550 3536 355 
22600 3544 889 
22650 3546 1328 
22700 3538 1780 
22750 3546 2180 
22800 3537 2537 
22850 3540 2816 
22900 3533 3047 
22950 3525 3205 
23000 3528 3334 
23050 3297 2418 
23100 3401 1475 
23150 3447 847 
23200 3506 438 
23250 3538 212 
23300 3552 91 
23350 3546 26 
23400 3544 12 
23450 3553 7 
23500 3537 4 
23550 3555 386 
23600 3554 882 
23650 3542 1322 
23700 3537 1729 
23750 3546 2091 
23800 3558 2423 
23850 3540 2702 
23900 3548 2919 
23950 3545 3092 
24000 3540 3222 
24050 3285 2392 
24100 3389 1460 
24150 3475 855 
24200 3502 456 
24250 3514 254 
24300 3522 134 
24350 3542 52 
24400 3552 19 
24450 3545 10 
24500 3544 5 
24550 3544 454 
24600 3545 973 
24650 3514 1379 
24700 3518 1853 
24750 3516 2262 
24800 3513 2599 
24850 3528 2881 
24900 3522 3080 
24950 3522 3209 
25000 3540 3344 
25050 3310 2403 
25100 3403 1380 
25150 3476 791 
25200 3486 460 
25250 3528 248 
25300 3540 144 
25350 3547 71 
25400 3551 24 
25450 3553 7 
25500 3547 5 
25550 3542 284 
25600 3555 978 
25650 3544 1574 
25700 3555 2047 
25750 3554 2373 
25800 3548 2662 
25850 3548 2882 
25900 3555 3076 
25950 3544 3222 
26000 3550 3346 
26050 3312 2365 
26100 3445 1342 
26150 3496 720 
26200 3537 315 
26250 3528 99 
26300 3554 26 
26350 3565 11 
26400 3560 4 
26450 3556 6 
26500 3530 8 
26550 3539 437 
26600 3552 1164 
26650 3549 1772 
26700 3517 2248 
26750 3527 2672 
26800 3528 2966 
26850 3538 3185 
26900 3545 3345 
26950 3560 3423 
27000 3537 3461 
27050 3337 2318 
27100 3428 1317 
27150 3479 682 
27200 3511 324 
27250 3525 122 
27300 3538 44 
27350 3538 10 
27400 3545 7 
27450 3547 5 
27500 3541 7 
27550 3556 387 
27600 3541 930 
27650 3534 1362 
27700 3530 1749 
27750 3532 2073 
27800 3542 2423 
27850 3552 2716 
27900 3545 2928 
27950 3520 3092 
28000 3537 3226 
28050 3306 2375 
28100 3387 1488 
28150 3433 903 
28200 3469 556 
28250 3506 338 
28300 3530 215 
28350 3544 99 
28400 3542 35 
28450 3544 18 
28500 3529 8 
28550 3514 24 
28600 3485 622 
28650 3468 1158 
28700 3467 1608 
28750 3466 1979 
28800 3495 2333 
28850 3510 2636 
28900 3530 2916 
28950 3528 3121 
29000 3542 3258 
29050 3341 2322 
29100 3454 1231 
29150 3513 530 
29200 3525 224 
29250 3537 86 
29300 3542 40 
29350 3537 16 
29400 3568 11 
29450 3551 3 
29500 3553 5 
29550 3562 321 
29600 3549 869 
29650 3555 1336 
29700 3539 1731 
29750 3538 2121 
29800 3542 2435 
29850 3543 2696 
29900 3540 2908 
29950 3543 3059 
30000 3558 3196 
30050 3302 2520 
30100 3366 1837 
30150 3426 1272 
30200 3501 882 
30250 3539 635 
30300 3532 403 
30350 3530 263 
30400 3546 164 
30450 3546 96 
30500 3545 38 
30550 3528 31 
30600 3413 169 
30650 3328 928 
30700 3306 1418 
30750 3287 1855 
30800 3277 2231 
30850 3306 2540 
30900 3346 2809 
30950 3383 3027 
31000 3422 3203 
31050 3278 2278 
31100 3358 1463 
31150 3400 989 
31200 3408 607 
31250 3484 385 
31300 3498 263 
31350 3528 161 
31400 3518 80 
31450 3522 31 
31500 3544 17 
31550 3550 5 
31600 3523 22 
31650 3471 491 
31700 3437 1025 
31750 3436 1480 
31800 3400 1877 
31850 3390 2303 
31900 3401 2661 
31950 3391 2903 
32000 3390 3124 
32050 3288 2293 
32100 3395 1542 
32150 3436 939 
32200 3454 591 
32250 3501 382 
32300 3540 243 
32350 3538 112 
32400 3540 38 
32450 3543 7 
32500 3541 0 
32550 3508 17 
32600 3500 599 
32650 3490 1165 
32700 3482 1636 
32750 3482 2013 
32800 3473 2367 
32850 3499 2692 
32900 3511 2923 
32950 3517 3123 
33000 3527 3275 
33050 3304 2446 
33100 3404 1498 
33150 3455 836 
33200 3467 436 
33250 3508 211 
33300 3546 110 
33350 3537 37 
33400 3541 13 
33450 3548 3 
33500 3533 4 
33550 3530 1 
33600 3530 579 
33650 3532 1085 
33700 3525 1551 
33750 3542 1988 
33800 3537 2362 
33850 3524 2684 
33900 3541 2904 
33950 3549 3111 
34000 3539 3265 
34050 3311 2388 
34100 3387 1493 
34150 3468 839 
34200 3494 429 
34250 3516 167 
34300 3533 66 
34350 3542 20 
34400 3529 5 
34450 3537 10 
34500 3547 2 
34550 3529 245 
34600 3500 1126 
34650 3498 1710 
34700 3499 2203 
34750 3491 2611 
34800 3480 2883 
34850 3491 3090 
34900 3496 3210 
34950 3507 3321 
35000 3527 3423 
35050 3291 2497 
35100 3394 1554 
35150 3448 895 
35200 3491 508 
35250 3506 310 
35300 3528 139 
35350 3540 51 
35400 3533 10 
35450 3552 3 
35500 3534 2 
35550 3485 77 
35600 3451 353 
35650 3465 619 
35700 3478 979 
35750 3483 1379 
35800 3499 1677 
35850 3532 1934 
35900 3520 2130 
35950 3530 2330 
36000 3524 2504 
36050 3386 2094 
36100 3452 1595 
36150 3469 1183 
36200 3507 856 
36250 3517 605 
36300 3522 463 
36350 3540 352 
36400 3538 221 
36450 3525 131 
36500 3537 70 
36550 3547 31 
36600 3498 743 
36650 3478 1389 
36700 3482 1889 
36750 3464 2349 
36800 3479 2689 
36850 3484 2969 
36900 3517 3209 
36950 3532 3367 
37000 3534 3470 
37050 3313 2411 
37100 3370 1486 
37150 3413 984 
37200 3473 682 
37250 3522 545 
37300 3529 393 
37350 3524 269 
37400 3519 180 
37450 3538 126 
37500 3543 78 
37550 3538 333 
37600 3528 967 
37650 3528 1501 
37700 3526 1964 
37750 3540 2447 
37800 3538 2834 
37850 3545 3126 
37900 3541 3318 
37950 3539 3436 
38000 3539 3507 
38050 3241 2540 
38100 3348 1744 
38150 3385 1165 
38200 3470 866 
38250 3489 563 
38300 3506 345 
38350 3517 209 
38400 3515 131 
38450 3521 60 
38500 3509 39 
38550 3528 373 
38600 3533 882 
38650 3529 1281 
38700 3522 1651 
38750 3524 2024 
38800 3521 2370 
38850 3521 2630 
38900 3520 2881 
38950 3539 3071 
39000 3542 3217 
39050 3333 2288 
39100 3410 1385 
39150 3463 770 
39200 3497 420 
39250 3517 213 
39300 3524 99 
39350 3535 36 
39400 3535 12 
39450 3530 9 
39500 3531 9 
39550 3543 270 
39600 3534 884 
39650 3515 1318 
39700 3539 1788 
39750 3547 2171 
39800 3545 2526 
39850 3525 2789 
39900 3535 3005 
39950 3549 3213 
40000 3527 3300 
40050 3252 2515 
40100 3361 1673 
40150 3391 1125 
40200 3447 749 
40250 3496 538 
40300 3498 336 
40350 3489 189 
40400 3498 88 
40450 3527 33 
40500 3520 11 
40550 3532 111 
40600 3526 1093 
40650 3541 1802 
40700 3525 2290 
40750 3541 2668 
40800 3543 2888 
40850 3548 3087 
40900 3539 3243 
40950 3549 3369 
41000 3546 3442 
41050 3284 2479 
41100 3345 1624 
41150 3415 1100 
41200 3499 803 
41250 3521 485 
41300 3540 257 
41350 3524 110 
41400 3535 47 
41450 3557 14 
41500 3532 13 
41550 3551 540 
41600 3544 1145 
41650 3541 1588 
41700 3553 2011 
41750 3545 2359 
41800 3558 2669 
41850 3544 2892 
41900 3549 3097 
41950 3547 3266 
42000 3542 3391 
42050 3291 2513 
42100 3380 1795 
42150 3394 1290 
42200 3506 979 
42250 3534 675 
42300 3509 455 
42350 3541 244 
42400 3533 97 
42450 3536 32 
42500 3530 14 
42550 3549 361 
42600 3544 887 
42650 3530 1322 
42700 3533 1712 
42750 3530 2098 
42800 3532 2446 
42850 3538 2752 
42900 3546 2989 
42950 3538 3147 
43000 3528 3279 
43050 3267 2401 
43100 3342 1630 
43150 3410 1144 
43200 3441 747 
43250 3496 505 
43300 3507 226 
43350 3536 94 
43400 3538 43 
43450 3532 17 
43500 3550 6 
43550 3536 12 
43600 3442 121 
43650 3405 866 
43700 3398 1475 
43750 3423 1945 
43800 3423 2332 
43850 3462 2620 
43900 3487 2853 
43950 3535 3083 
44000 3546 3288 
44050 3334 2371 
44100 3448 1409 
44150 3453 875 
44200 3491 499 
44250 3519 252 
44300 3524 152 
44350 3531 71 
44400 3539 27 
44450 3542 18 
44500 3546 9 
44550 3544 21 
44600 3529 737 
44650 3526 1319 
44700 3533 1799 
44750 3542 2231 
44800 3551 2590 
44850 3540 2883 
44900 3535 3105 
44950 3541 3260 
45000 3541 3393 
45050 3341 2387 
45100 3432 1364 
45150 3476 785 
45200 3483 471 
45250 3522 307 
45300 3516 191 
45350 3522 97 
45400 3549 47 
45450 3534 9 
45500 3549 6 
45550 3533 9 
45600 3458 540 
45650 3423 1049 
45700 3445 1464 
45750 3444 1846 
45800 3447 2189 
45850 3476 2530 
45900 3494 2819 
45950 3488 3029 
46000 3477 3178 
46050 3260 2312 
46100 3366 1418 
46150 3429 931 
46200 3440 548 
46250 3469 319 
46300 3486 211 
46350 3513 106 
46400 3505 47 
46450 3516 23 
46500 3525 13 
46550 3508 345 
46600 3532 850 
46650 3521 1257 
46700 3517 1673 
46750 3538 2058 
46800 3533 2387 
46850 3540 2650 
46900 3527 2842 
46950 3531 3037 
47000 3533 3178 
47050 3323 2206 
47100 3419 1181 
47150 3463 656 
47200 3511 352 
47250 3513 173 
47300 3541 78 
47350 3529 41 
47400 3540 13 
47450 3541 6 
47500 3545 6 
47550 3515 588 
47600 3527 1450 
47650 3521 1959 
47700 3509 2337 
47750 3514 2656 
47800 3529 2914 
47850 3524 3106 
47900 3528 3274 
47950 3540 3399 
48000 3543 3480 
48050 3334 2402 
48100 3414 1455 
48150 3452 904 
48200 3488 596 
48250 3486 410 
48300 3525 239 
48350 3519 114 
48400 3527 50 
48450 3548 14 
48500 3537 6 
48550 3524 233 
48600 3536 783 
48650 3533 1165 
48700 3536 1557 
48750 3537 1939 
48800 3530 2278 
48850 3530 2585 
48900 3537 2835 
48950 3535 3009 
49000 3529 3164 
49050 3287 2361 
49100 3357 1656 
49150 3433 1129 
49200 3478 670 
49250 3514 403 
49300 3524 214 
49350 3556 82 
49400 3553 27 
49450 3537 13 
49500 3547 3 
49550 3547 487 
49600 3545 1013 
49650 3546 1472 
49700 3548 1887 
49750 3544 2238 
49800 3536 2544 
49850 3540 2809 
49900 3537 3057 
49950 3530 3232 
50000 3547 3351 
50050 3332 2325 
50100 3457 1196 
50150 3489 588 
50200 3527 285 
50250 3534 130 
50300 3529 45 
50350 3534 12 
50400 3544 6 
50450 3540 4 
50500 3523 4 
50550 3525 334 
50600 3538 807 
50650 3538 1268 
50700 3529 1704 
50750 3529 2034 
50800 3532 2385 
50850 3528 2729 
50900 3527 2932 
50950 3538 3082 
51000 3555 3197 
51050 3300 2576 
51100 3368 1850 
51150 3398 1334 
51200 3484 1055 
51250 3506 847 
51300 3502 604 
51350 3524 419 
51400 3530 293 
51450 3507 159 
51500 3546 63 
51550 3535 331 
51600 3538 989 
51650 3547 1461 
51700 3543 1884 
51750 3532 2225 
51800 3529 2556 
51850 3531 2875 
51900 3529 3141 
51950 3533 3353 
52000 3556 3494 
52050 3298 2447 
52100 3380 1509 
52150 3410 1022 
52200 3469 795 
52250 3521 659 
52300 3507 507 
52350 3492 383 
52400 3515 289 
52450 3523 198 
52500 3513 127 
52550 3534 69 
52600 3534 597 
52650 3537 1011 
52700 3523 1418 
52750 3542 1788 
52800 3539 2128 
52850 3532 2421 
52900 3549 2713 
52950 3539 2923 
53000 3527 3120 
53050 3319 2367 
53100 3442 1472 
53150 3482 799 
53200 3520 417 
53250 3540 184 
53300 3540 64 
53350 3535 28 
53400 3533 8 
53450 3529 7 
53500 3527 4 
53550 3515 603 
53600 3534 1260 
53650 3533 1769 
53700 3535 2213 
53750 3543 2580 
53800 3532 2836 
53850 3546 3068 
53900 3567 3237 
53950 3545 3324 
54000 3542 3401 
54050 3292 2455 
54100 3400 1439 
54150 3459 818 
54200 3486 408 
54250 3519 199 
54300 3525 82 
54350 3546 41 
54400 3540 16 
54450 3556 7 
54500 3561 8 
54550 3535 229 
54600 3540 952 
54650 3535 1487 
54700 3546 1858 
54750 3544 2168 
54800 3534 2426 
54850 3529 2689 
54900 3536 2895 
54950 3534 3092 
55000 3533 3229 
55050 3285 2437 
55100 3363 1589 
55150 3437 1028 
55200 3491 593 
55250 3542 319 
55300 3539 160 
55350 3533 69 
55400 3550 24 
55450 3550 6 
55500 3565 1 
55550 3528 201 
55600 3545 850 
55650 3539 1309 
55700 3534 1659 
55750 3536 2037 
55800 3550 2362 
55850 3549 2629 
55900 3546 2880 
55950 3535 3058 
56000 3540 3203 
56050 3292 2342 
56100 3399 1438 
56150 3459 879 
56200 3503 507 
56250 3524 302 
56300 3548 182 
56350 3538 98 
56400 3552 25 
56450 3546 5 
56500 3546 2 
56550 3537 282 
56600 3539 925 
56650 3532 1435 
56700 3543 1809 
56750 3533 2195 
56800 3547 2546 
56850 3541 2855 
56900 3534 3089 
56950 3553 3267 
57000 3553 3408 
57050 3289 2477 
57100 3356 1639 
57150 3421 1067 
57200 3487 633 
57250 3536 375 
57300 3544 143 
57350 3542 34 
57400 3539 7 
57450 3531 3 
57500 3550 2 
57550 3553 391 
57600 3548 945 
57650 3537 1486 
57700 3535 1938 
57750 3550 2274 
57800 3540 2561 
57850 3547 2767 
57900 3554 2937 
57950 3536 3061 
58000 3533 3168 
58050 3317 2314 
58100 3377 1505 
58150 3457 971 
58200 3476 559 
58250 3514 317 
58300 3531 213 
58350 3543 92 
58400 3547 27 
58450 3565 7 
58500 3556 1 
58550 3556 0 
58600 3553 335 
58650 3543 887 
58700 3540 1358 
58750 3533 1772 
58800 3542 2134 
58850 3552 2453 
58900 3531 2688 
58950 3550 2914 
59000 3557 3090 
59050 3310 2277 
59100 3392 1547 
59150 3433 976 
59200 3491 546 
59250 3521 308 
59300 3528 130 
59350 3524 50 
59400 3543 7 
59450 3559 7 
59500 3546 2 
59550 3543 10 
59600 3487 92 
59650 3533 597 
59700 3531 1039 
59750 3531 1437 
59800 3536 1771 
59850 3543 2058 
59900 3545 2367 
59950 3556 2664 
60000 3543 2907 
60050 3369 2103 
60100 3411 1303 
60150 3455 790 
60200 3491 427 
60250 3526 206 
60300 3553 63 
60350 3545 16 
60400 3550 6 
60450 3548 3 
60500 3560 0 
60550 3545 0 
60600 3532 333 
60650 3527 869 
60700 3536 1259 
60750 3539 1642 
60800 3555 2008 
60850 3528 2321 
60900 3545 2645 
60950 3551 2926 
61000 3555 3090 
61050 3315 2230 
61100 3403 1367 
61150 3447 790 
61200 3485 476 
61250 3499 266 
61300 3529 123 
61350 3545 72 
61400 3552 44 
61450 3539 16 
61500 3538 4 
61550 3551 189 
61600 3552 789 
61650 3544 1242 
61700 3546 1594 
61750 3544 1996 
61800 3533 2352 
61850 3529 2625 
61900 3543 2891 
61950 3537 3047 
62000 3539 3191 
62050 3284 2367 
62100 3381 1483 
62150 3470 832 
62200 3499 412 
62250 3525 177 
62300 3546 61 
62350 3544 19 
62400 3550 25 
62450 3540 6 
62500 3535 7 
62550 3550 336 
62600 3557 930 
62650 3547 1408 
62700 3543 1794 
62750 3531 2162 
62800 3549 2485 
62850 3544 2798 
62900 3542 2997 
62950 3545 3154 
63000 3554 3280 
63050 3312 2440 
63100 3362 1635 
63150 3429 1163 
63200 3465 807 
63250 3512 577 
63300 3525 381 
63350 3523 224 
63400 3530 97 
63450 3539 42 
63500 3549 16 
63550 3558 3 
63600 3549 1 
63650 3544 2 
63700 3547 0 
63750 3548 0 
63800 3554 0 
63850 3543 0 
63900 3554 2 
63950 3560 0 
64000 3550 0 
64050 3558 11 
64100 3549 8 
64150 3564 11 
64200 3547 7 
64250 3547 15 
64300 3543 6 
64350 3547 9 
64400 3560 7 
64450 3560 5 
64500 3563 9 
64550 3542 2 
64600 3532 23 
64650 3304 255 
64700 2932 624 
64750 2439 1105 
64800 2001 1551 
64850 1538 2008 
64900 1058 2488 
64950 684 2844 
65000 386 3168 
65050 1387 1942 
65100 2175 1195 
65150 2673 753 
65200 3001 456 
65250 3233 253 
65300 3385 145 
65350 3477 63 
65400 3518 19 
65450 3549 3 
65500 3553 0 
65550 3554 0 
65600 3549 0 
65650 3542 0 
65700 3542 0 
65750 3548 0 
65800 3544 0 
65850 3554 0 
65900 3543 0 
65950 3552 0 
66000 3549 0 
66050 3556 0 
66100 3536 0 
66150 3540 0 
66200 3558 0 
66250 3549 0 
66300 3544 0 
66350 3544 0 
66400 3556 0 
66450 3555 0 
66500 3552 0 
66550 3539 0 
66600 3545 0 
66650 3540 0 
66700 3541 0 
66750 3551 0 
66800 3552 0 
66850 3549 0 
66900 3549 0 
66950 3547 0 
67000 3542 0 
67050 3553 0 
67100 3545 0 
67150 3551 0 
67200 3548 0 
67250 3554 0 
67300 3539 0 
67350 3558 0 
67400 3558 1 
67450 3552 0 
67500 3552 0 
67550 3557 0 
67600 3559 0 
67650 3554 0 
67700 3549 0 
67750 3557 0 
67800 3544 0 
67850 3554 240 
67900 3551 1109 
67950 3537 1803 
68000 3553 2411 
68050 3421 1457 
68100 3489 738 
68150 3514 347 
68200 3542 168 
68250 3563 67 
68300 3555 10 
68350 3558 0 
68400 3554 2 
68450 3558 0 
68500 3553 0 
68550 3555 0 
68600 3546 935 
68650 3544 1745 
68700 3543 2283 
68750 3544 2658 
68800 3553 2982 
68850 3540 3194 
68900 3550 3400 
68950 3544 3495 
69000 3546 3506 
69050 3398 1616 
69100 3487 652 
69150 3553 259 
69200 3544 100 
69250 3545 20 
69300 3556 9 
69350 3553 8 
69400 3553 4 
69450 3556 3 
69500 3541 1 
69550 3543 832 
69600 3542 1573 
69650 3553 2223 
69700 3550 2772 
69750 3551 3089 
69800 3552 3262 
69850 3537 3346 
69900 3558 3476 
69950 3549 3513 
70000 3544 3542 
70050 3308 1866 
70100 3425 881 
70150 3531 536 
70200 3544 254 
70250 3556 133 
70300 3536 71 
70350 3562 22 
70400 3541 5 
70450 3551 4 
70500 3559 2 
70550 3542 646 
70600 3554 1399 
70650 3556 1981 
70700 3551 2547 
70750 3555 2989 
70800 3536 3247 
70850 3539 3398 
70900 3553 3518 
70950 3550 3535 
71000 3534 3523 
71050 3384 1802 
71100 3484 781 
71150 3537 353 
71200 3550 94 
71250 3554 20 
71300 3550 7 
71350 3557 2 
71400 3536 1 
71450 3554 4 
71500 3544 6 
71550 3549 797 
71600 3546 1475 
71650 3544 2126 
71700 3553 2656 
71750 3544 3047 
71800 3553 3309 
71850 3544 3440 
71900 3555 3521 
71950 3554 3544 
72000 3559 3555 
72050 3303 2050 
72100 3455 1210 
72150 3504 725 
72200 3529 382 
72250 3530 167 
72300 3527 27 
72350 3556 2 
72400 3539 4 
72450 3551 1 
72500 3556 6 
72550 3553 646 
72600 3553 1514 
72650 3551 2175 
72700 3550 2666 
72750 3549 3070 
72800 3543 3307 
72850 3556 3461 
72900 3544 3505 
72950 3558 3546 
73000 3563 3545 
73050 3263 2202 
73100 3482 1494 
73150 3464 884 
73200 3499 492 
73250 3526 299 
73300 3545 156 
73350 3544 45 
73400 3542 2 
73450 3551 2 
73500 3553 6 
73550 3555 1 
73600 3561 1065 
73650 3554 1821 
73700 3549 2455 
73750 3547 2931 
73800 3537 3238 
73850 3548 3443 
73900 3549 3501 
73950 3534 3518 
74000 3538 3519 
74050 3318 2037 
74100 3471 994 
74150 3562 503 
74200 3541 179 
74250 3544 53 
74300 3532 10 
74350 3550 8 
74400 3560 5 
74450 3541 1 
74500 3551 3 
74550 3513 518 
74600 3485 1292 
74650 3524 1878 
74700 3549 2359 
74750 3560 2762 
74800 3535 3087 
74850 3551 3309 
74900 3540 3417 
74950 3538 3475 
75000 3536 3518 
75050 3341 1836 
75100 3454 752 
75150 3535 364 
75200 3543 101 
75250 3543 20 
75300 3541 5 
75350 3543 5 
75400 3546 8 
75450 3543 4 
75500 3538 5 
75550 3541 785 
75600 3545 1571 
75650 3549 2151 
75700 3555 2706 
75750 3558 3144 
75800 3548 3350 
75850 3538 3449 
75900 3564 3535 
75950 3557 3552 
76000 3541 3541 
76050 3282 2151 
76100 3461 1361 
76150 3456 764 
76200 3484 371 
76250 3524 153 
76300 3519 43 
76350 3548 12 
76400 3553 0 
76450 3552 4 
76500 3557 1 
76550 3560 1 
76600 3543 38 
76650 3545 950 
76700 3551 1674 
76750 3537 2300 
76800 3532 2733 
76850 3557 3071 
76900 3546 3225 
76950 3535 3379 
77000 3545 3480 
77050 3294 2047 
77100 3437 1066 
77150 3514 600 
77200 3523 274 
77250 3541 65 
77300 3554 13 
77350 3559 5 
77400 3548 2 
77450 3558 7 
77500 3536 2 
77550 3540 3 
77600 3461 99 
77650 3339 992 
77700 3318 1700 
77750 3340 2294 
77800 3378 2792 
77850 3413 3092 
77900 3475 3277 
77950 3507 3389 
78000 3537 3467 
78050 3265 2087 
78100 3381 1244 
78150 3457 800 
78200 3444 403 
78250 3478 146 
78300 3499 38 
78350 3531 18 
78400 3544 6 
78450 3541 2 
78500 3543 5 
78550 3551 20 
78600 3543 965 
78650 3547 1688 
78700 3539 2259 
78750 3541 2750 
78800 3556 3060 
78850 3552 3250 
78900 3551 3366 
78950 3547 3449 
79000 3539 3506 
79050 3253 2172 
79100 3447 1268 
79150 3492 630 
79200 3531 269 
79250 3527 76 
79300 3547 13 
79350 3562 4 
79400 3553 2 
79450 3551 0 
79500 3556 1 
79550 3555 257 
79600 3559 1117 
79650 3558 1820 
79700 3545 2374 
79750 3557 2811 
79800 3539 3064 
79850 3556 3278 
79900 3521 3362 
79950 3563 3501 
80000 3544 3508 
80050 3402 1730 
80100 3500 627 
80150 3553 256 
80200 3547 115 
80250 3541 49 
80300 3560 11 
80350 3539 3 
80400 3553 1 
80450 3552 3 
80500 3535 4 
80550 3539 721 
80600 3527 1409 
80650 3535 1994 
80700 3528 2562 
80750 3536 2913 
80800 3529 3163 
80850 3542 3329 
80900 3532 3424 
80950 3537 3483 
81000 3551 3526 
81050 3420 1571 
81100 3503 560 
81150 3514 152 
81200 3548 33 
81250 3550 7 
81300 3563 1 
81350 3554 1 
81400 3513 2 
81450 3550 0 
81500 3541 3 
81550 3541 616 
81600 3553 1369 
81650 3533 1949 
81700 3534 2469 
81750 3533 2854 
81800 3537 3072 
81850 3544 3274 
81900 3558 3410 
81950 3549 3470 
82000 3540 3493 
82050 3422 1552 
82100 3489 466 
82150 3538 126 
82200 3528 25 
82250 3545 11 
82300 3547 5 
82350 3540 12 
82400 3534 3 
82450 3534 3 
82500 3534 3 
82550 3515 700 
82600 3486 1474 
82650 3511 2069 
82700 3518 2591 
82750 3528 2946 
82800 3539 3182 
82850 3551 3337 
82900 3536 3443 
82950 3560 3525 
83000 3555 3534 
83050 3267 2093 
83100 3445 1307 
83150 3490 742 
83200 3516 315 
83250 3556 88 
83300 3544 18 
83350 3539 3 
83400 3538 3 
83450 3556 2 
83500 3535 7 
83550 3536 254 
83600 3537 1302 
83650 3550 2011 
83700 3557 2494 
83750 3552 2891 
83800 3552 3182 
83850 3543 3371 
83900 3548 3497 
83950 3558 3546 
84000 3545 3536 
84050 3307 1963 
84100 3463 957 
84150 3531 476 
84200 3525 122 
84250 3542 14 
84300 3558 2 
84350 3564 2 
84400 3552 6 
84450 3548 3 
84500 3562 2 
84550 3548 0 
84600 3526 273 
84650 3538 1169 
84700 3553 1800 
84750 3558 2374 
84800 3555 2809 
84850 3557 3122 
84900 3550 3331 
84950 3545 3453 
85000 3534 3499 
85050 3284 2114 
85100 3468 1250 
85150 3496 641 
85200 3519 298 
85250 3532 125 
85300 3545 39 
85350 3553 9 
85400 3562 1 
85450 3544 3 
85500 3528 0 
85550 3562 87 
85600 3550 1014 
85650 3561 1689 
85700 3548 2292 
85750 3535 2725 
85800 3547 3042 
85850 3552 3280 
85900 3548 3410 
85950 3541 3496 
86000 3543 3539 
86050 3204 2381 
86100 3427 1604 
86150 3433 860 
86200 3481 347 
86250 3525 102 
86300 3537 27 
86350 3561 1 
86400 3547 0 
86450 3555 0 
86500 3542 0 
86550 3547 0 
86600 3553 721 
86650 3551 1441 
86700 3543 2039 
86750 3540 2535 
86800 3551 2900 
86850 3545 3137 
86900 3546 3332 
86950 3550 3460 
87000 3565 3538 
87050 3308 2095 
87100 3482 1203 
87150 3511 615 
87200 3544 190 
87250 3565 28 
87300 3553 5 
87350 3546 0 
87400 3545 2 
87450 3536 2 
87500 3539 2 
87550 3541 0 
87600 3544 404 
87650 3535 1254 
87700 3526 1938 
87750 3542 2492 
87800 3561 2925 
87850 3554 3179 
87900 3562 3342 
87950 3554 3440 
88000 3554 3505 
88050 3299 2214 
88100 3507 1444 
88150 3516 827 
88200 3509 510 
88250 3539 290 
88300 3527 124 
88350 3561 37 
88400 3557 7 
88450 3558 4 
88500 3542 1 
88550 3548 291 
88600 3539 1167 
88650 3547 1780 
88700 3548 2361 
88750 3540 2866 
88800 3563 3224 
88850 3537 3398 
88900 3557 3495 
88950 3535 3513 
89000 3551 3540 
89050 3342 1757 
89100 3466 761 
89150 3545 309 
89200 3541 118 
89250 3553 36 
89300 3548 4 
89350 3550 5 
89400 3542 6 
89450 3548 1 
89500 3549 4 
89550 3538 750 
89600 3549 1740 
89650 3556 2405 
89700 3560 2916 
89750 3539 3279 
89800 3567 3477 
89850 3532 3508 
89900 3546 3534 
89950 3550 3536 
90000 3553 3532 
90050 3385 1770 
90100 3481 726 
90150 3551 237 
90200 3568 52 
90250 3556 8 
90300 3552 2 
90350 3551 4 
90400 3525 1 
90450 3566 3 
90500 3538 2 
90550 3498 590 
90600 3511 1382 
90650 3535 2029 
90700 3540 2555 
90750 3537 2881 
90800 3541 3118 
90850 3554 3316 
90900 3547 3432 
90950 3545 3515 
91000 3549 3532 
91050 3263 2084 
91100 3461 1263 
91150 3506 667 
91200 3526 227 
91250 3541 42 
91300 3558 8 
91350 3554 0 
91400 3546 0 
91450 3550 4 
91500 3536 2 
91550 3556 0 
91600 3528 478 
91650 3485 1310 
91700 3469 1941 
91750 3466 2444 
91800 3485 2879 
91850 3511 3166 
91900 3496 3297 
91950 3528 3414 
92000 3532 3477 
92050 3350 2035 
92100 3467 1008 
92150 3545 603 
92200 3532 318 
92250 3554 116 
92300 3552 31 
92350 3548 9 
92400 3550 3 
92450 3543 4 
92500 3536 2 
92550 3503 41 
92600 3294 614 
92650 3233 1498 
92700 3236 2232 
92750 3278 2757 
92800 3289 3117 
92850 3372 3382 
92900 3465 3470 
92950 3519 3525 
93000 3540 3541 
93050 3392 1819 
93100 3489 680 
93150 3549 263 
93200 3542 97 
93250 3542 29 
93300 3535 7 
93350 3552 0 
93400 3557 0 
93450 3557 4 
93500 3556 5 
93550 3529 610 
93600 3512 1340 
93650 3515 2012 
93700 3522 2574 
93750 3527 2988 
93800 3538 3225 
93850 3532 3363 
93900 3538 3447 
93950 3556 3520 
94000 3541 3522 
94050 3363 1879 
94100 3495 717 
94150 3547 240 
94200 3548 49 
94250 3554 7 
94300 3550 3 
94350 3554 2 
94400 3566 0 
94450 3547 1 
94500 3547 4 
94550 3542 1 
94600 3521 855 
94650 3533 1568 
94700 3546 2240 
94750 3557 2763 
94800 3551 3113 
94850 3553 3343 
94900 3543 3469 
94950 3540 3518 
95000 3538 3530 
95050 3287 2115 
95100 3503 1330 
95150 3520 741 
95200 3520 376 
95250 3529 149 
95300 3535 43 
95350 3544 15 
95400 3557 6 
95450 3551 4 
95500 3532 2 
95550 3524 395 
95600 3543 1187 
95650 3527 1926 
95700 3530 2451 
95750 3520 2867 
95800 3519 3128 
95850 3534 3296 
95900 3558 3417 
95950 3552 3486 
96000 3554 3535 
96050 3307 2255 
96100 3499 1423 
96150 3497 816 
96200 3501 423 
96250 3519 214 
96300 3528 93 
96350 3534 45 
96400 3553 13 
96450 3532 2 
96500 3541 2 
96550 3547 549 
96600 3545 1285 
96650 3544 1882 
96700 3542 2377 
96750 3536 2737 
96800 3546 3060 
96850 3536 3277 
96900 3557 3445 
96950 3552 3512 
97000 3550 3535 
97050 3347 1840 
97100 3456 729 
97150 3525 277 
97200 3538 78 
97250 3544 10 
97300 3555 4 
97350 3544 4 
97400 3542 3 
97450 3556 1 
97500 3542 4 
97550 3544 891 
97600 3540 1680 
97650 3535 2234 
97700 3551 2674 
97750 3538 3033 
97800 3545 3283 
97850 3540 3430 
97900 3557 3525 
97950 3548 3543 
98000 3552 3523 
98050 3297 1902 
98100 3432 912 
98150 3536 488 
98200 3520 200 
98250 3543 51 
98300 3552 7 
98350 3538 0 
98400 3540 1 
98450 3554 3 
98500 3557 1 
98550 3545 739 
98600 3553 1477 
98650 3550 2117 
98700 3554 2625 
98750 3531 3030 
98800 3548 3267 
98850 3559 3415 
98900 3540 3483 
98950 3539 3500 
99000 3540 3535 
99050 3341 1923 
99100 3453 778 
99150 3523 329 
99200 3523 69 
99250 3567 7 
99300 3554 5 
99350 3545 3 
99400 3538 3 
99450 3539 0 
99500 3560 1 
99550 3555 732 
99600 3559 1682 
99650 3553 2383 
99700 3562 2834 
99750 3551 3177 
99800 3555 3424 
99850 3554 3528 
99900 3542 3535 
99950 3549 3530 
100000 3555 3548 
100050 3272 2182 
100100 3492 1519 
100150 3502 844 
100200 3512 419 
100250 3526 117 
100300 3556 33 
100350 3550 4 
100400 3561 0 
100450 3546 2 
100500 3553 5 
100550 3549 806 
100600 3554 1575 
100650 3545 2208 
100700 3544 2735 
100750 3543 3067 
100800 3539 3256 
100850 3532 3369 
100900 3544 3467 
100950 3539 3520 
101000 3557 3545 
101050 3335 1952 
101100 3436 965 
101150 3540 504 
101200 3526 202 
101250 3560 56 
101300 3543 9 
101350 3538 2 
101400 3546 3 
101450 3537 1 
101500 3554 0 
101550 3549 194 
101600 3537 1116 
101650 3540 1774 
101700 3534 2356 
101750 3556 2842 
101800 3537 3108 
101850 3537 3284 
101900 3552 3418 
101950 3551 3489 
102000 3555 3533 
102050 3321 1996 
102100 3407 1073 
102150 3497 689 
102200 3525 376 
102250 3538 171 
102300 3542 61 
102350 3560 17 
102400 3542 3 
102450 3552 0 
102500 3553 0 
102550 3537 0 
102600 3540 885 
102650 3555 1599 
102700 3554 2156 
102750 3561 2669 
102800 3559 3029 
102850 3551 3236 
102900 3556 3365 
102950 3546 3452 
103000 3540 3505 
103050 3283 2047 
103100 3433 941 
103150 3510 411 
103200 3514 117 
103250 3535 27 
103300 3543 2 
103350 3532 1 
103400 3541 1 
103450 3551 1 
103500 3546 0 
103550 3542 0 
103600 3544 0 
103650 3552 177 
103700 3560 1007 
103750 3571 1597 
103800 3562 2186 
103850 3560 2705 
103900 3547 3006 
103950 3553 3238 
104000 3557 3408 
104050 3309 2085 
104100 3401 1278 
104150 3526 810 
104200 3513 434 
104250 3524 208 
104300 3532 98 
104350 3540 47 
104400 3550 10 
104450 3546 2 
104500 3565 3 
104550 3566 43 
104600 3545 1010 
104650 3555 1707 
104700 3564 2328 
104750 3563 2782 
104800 3548 3060 
104850 3554 3276 
104900 3565 3400 
104950 3552 3480 
105000 3559 3531 
105050 3366 1894 
105100 3472 737 
105150 3531 231 
105200 3542 41 
105250 3545 8 
105300 3556 3 
105350 3552 7 
105400 3543 2 
105450 3563 2 
105500 3550 4 
105550 3545 554 
105600 3532 1586 
105650 3527 2320 
105700 3518 2802 
105750 3559 3232 
105800 3550 3481 
105850 3542 3543 
105900 3562 3557 
105950 3555 3560 
106000 3546 3537 
106050 3237 2389 
106100 3426 1612 
106150 3419 911 
106200 3448 493 
106250 3478 259 
106300 3520 107 
106350 3526 32 
106400 3555 5 
106450 3546 1 
106500 3557 0 
106550 3560 296 
106600 3558 1154 
106650 3560 1779 
106700 3550 2311 
106750 3551 2852 
106800 3558 3160 
106850 3534 3297 
106900 3559 3429 
106950 3549 3495 
107000 3557 3544 
107050 3362 1849 
107100 3471 770 
107150 3541 287 
107200 3556 69 
107250 3560 17 
107300 3539 7 
107350 3563 4 
107400 3552 5 
107450 3546 0 
107500 3554 4 
107550 3548 0 
107600 3535 0 
107650 3548 0 
107700 3566 649 
107750 3556 1392 
107800 3551 2017 
107850 3544 2561 
107900 3538 3026 
107950 3550 3311 
108000 3554 3441 
108050 3352 1924 
108100 3452 848 
108150 3516 358 
108200 3530 153 
108250 3527 45 
108300 3532 6 
108350 3546 1 
108400 3554 4 
108450 3539 2 
108500 3563 2 
108550 3549 0 
108600 3543 713 
108650 3555 1493 
108700 3541 2094 
108750 3529 2585 
108800 3545 2990 
108850 3535 3215 
108900 3554 3384 
108950 3533 3452 
109000 3556 3542 
109050 3311 1944 
109100 3449 919 
109150 3530 448 
109200 3542 187 
109250 3560 53 
109300 3548 12 
109350 3534 1 
109400 3559 0 
109450 3555 0 
109500 3549 3 
109550 3523 100 
109600 3553 971 
109650 3536 1749 
109700 3558 2380 
109750 3555 2828 
109800 3551 3143 
109850 3536 3333 
109900 3554 3458 
109950 3546 3519 
110000 3561 3552 
110050 3335 1969 
110100 3437 876 
110150 3518 396 
110200 3543 107 
110250 3550 25 
110300 3549 3 
110350 3551 0 
110400 3537 0 
110450 3556 3 
110500 3537 1 
110550 3556 713 
110600 3567 1385 
110650 3560 1977 
110700 3554 2475 
110750 3557 2911 
110800 3568 3176 
110850 3561 3326 
110900 3537 3411 
110950 3541 3504 
111000 3556 3541 
111050 3340 1983 
111100 3437 990 
111150 3522 637 
111200 3501 379 
111250 3527 181 
111300 3545 81 
111350 3539 32 
111400 3545 11 
111450 3563 0 
111500 3547 5 
111550 3550 688 
111600 3569 1425 
111650 3548 2007 
111700 3555 2579 
111750 3545 2982 
111800 3564 3245 
111850 3550 3390 
111900 3565 3490 
111950 3568 3543 
112000 3551 3545 
112050 3320 2044 
112100 3445 1134 
112150 3504 643 
112200 3533 318 
112250 3551 109 
112300 3530 19 
112350 3549 7 
112400 3565 7 
112450 3547 2 
112500 3544 3 
112550 3545 790 
112600 3555 1538 
112650 3547 2162 
112700 3551 2691 
112750 3552 3068 
112800 3539 3314 
112850 3544 3462 
112900 3545 3540 
112950 3546 3543 
113000 3561 3553 
113050 3346 1990 
113100 3430 927 
113150 3533 564 
113200 3534 269 
113250 3541 92 
113300 3542 28 
113350 3555 5 
113400 3552 5 
113450 3531 6 
113500 3550 4 
113550 3552 892 
113600 3564 1737 
113650 3529 2401 
113700 3549 2872 
113750 3558 3195 
113800 3543 3354 
113850 3548 3472 
113900 3542 3522 
113950 3558 3550 
114000 3548 3542 
114050 3350 2005 
114100 3451 1002 
114150 3514 576 
114200 3551 200 
114250 3543 46 
114300 3546 11 
114350 3547 5 
114400 3557 5 
114450 3554 3 
114500 3566 3 
114550 3555 305 
114600 3545 1120 
114650 3548 1788 
114700 3541 2337 
114750 3545 2805 
114800 3549 3108 
114850 3549 3281 
114900 3540 3374 
114950 3569 3508 
115000 3537 3536 
115050 3326 2160 
115100 3508 1289 
115150 3521 724 
115200 3529 386 
115250 3532 185 
115300 3537 69 
115350 3535 14 
115400 3540 4 
115450 3549 3 
115500 3552 0 
115550 3558 482 
115600 3547 1265 
115650 3546 1865 
115700 3540 2364 
115750 3542 2824 
115800 3545 3172 
115850 3545 3380 
115900 3539 3483 
115950 3546 3537 
116000 3555 3544 
116050 3314 2038 
116100 3465 984 
116150 3521 397 
116200 3546 83 
116250 3547 16 
116300 3538 5 
116350 3539 5 
116400 3547 7 
116450 3542 1 
116500 3556 5 
116550 3561 792 
116600 3544 1556 
116650 3530 2175 
116700 3545 2680 
116750 3547 3074 
116800 3533 3317 
116850 3545 3467 
116900 3553 3526 
116950 3555 3540 
117000 3553 3544 
117050 3274 2099 
117100 3487 1110 
117150 3508 371 
117200 3542 100 
117250 3546 16 
117300 3552 6 
117350 3558 8 
117400 3540 8 
117450 3552 4 
117500 3544 7 
117550 3553 911 
117600 3561 1916 
117650 3550 2627 
117700 3547 3051 
117750 3547 3308 
117800 3543 3472 
117850 3552 3538 
117900 3547 3536 
117950 3547 3537 
118000 3554 3550 
118050 3367 1841 
118100 3479 790 
118150 3524 338 
118200 3552 107 
118250 3541 24 
118300 3534 4 
118350 3538 3 
118400 3536 3 
118450 3538 3 
118500 3549 0 
118550 3550 816 
118600 3559 1615 
118650 3551 2277 
118700 3550 2789 
118750 3542 3160 
118800 3543 3403 
118850 3541 3518 
118900 3548 3539 
118950 3535 3524 
119000 3557 3542 
119050 3382 1935 
119100 3461 919 
119150 3539 471 
119200 3547 169 
119250 3543 37 
119300 3545 9 
119350 3542 6 
119400 3552 2 
119450 3550 10 
119500 3536 7 
119550 3542 473 
119600 3529 1295 
119650 3546 1973 
119700 3538 2494 
119750 3552 2900 
119800 3557 3198 
119850 3556 3389 
119900 3544 3476 
119950 3552 3528 
120000 3537 3513 
120050 3356 1863 
120100 3464 705 
120150 3516 294 
120200 3530 82 
120250 3542 7 
120300 3548 3 
120350 3559 1 
120400 3546 0 
120450 3550 2 
120500 3544 5 
120550 3557 0 
120600 3558 367 
120650 3559 1258 
120700 3553 1864 
120750 3553 2414 
120800 3559 2924 
120850 3556 3232 
120900 3550 3395 
120950 3542 3487 
121000 3556 3543 
121050 3354 1962 
121100 3466 926 
121150 3516 440 
121200 3538 148 
121250 3553 28 
121300 3547 8 
121350 3555 9 
121400 3540 7 
121450 3551 2 
121500 3554 6 
121550 3549 734 
121600 3557 1430 
121650 3548 2013 
121700 3556 2537 
121750 3544 2871 
121800 3551 3178 
121850 3551 3348 
121900 3565 3485 
121950 3544 3503 
122000 3568 3532 
122050 3410 1679 
122100 3522 549 
122150 3562 108 
122200 3545 16 
122250 3550 6 
122300 3552 4 
122350 3565 8 
122400 3557 4 
122450 3548 9 
122500 3558 4 
122550 3543 1154 
122600 3545 2129 
122650 3550 2634 
122700 3558 2972 
122750 3544 3194 
122800 3550 3363 
122850 3551 3488 
122900 3562 3533 
122950 3554 3532 
123000 3568 3553 
123050 3330 1869 
123100 3446 800 
123150 3543 401 
123200 3556 135 
123250 3546 39 
123300 3546 8 
123350 3547 5 
123400 3545 5 
123450 3548 0 
123500 3550 6 
123550 3539 812 
123600 3543 1721 
123650 3559 2500 
123700 3547 3007 
123750 3544 3351 
123800 3554 3502 
123850 3550 3531 
123900 3544 3527 
123950 3551 3532 
124000 3558 3546 
124050 3368 1959 
124100 3453 1064 
124150 3531 694 
124200 3535 332 
124250 3533 115 
124300 3544 17 
124350 3542 1 
124400 3546 6 
124450 3558 3 
124500 3546 5 
124550 3549 790 
124600 3561 1596 
124650 3561 2206 
124700 3544 2651 
124750 3553 3007 
124800 3559 3274 
124850 3547 3407 
124900 3548 3482 
124950 3562 3527 
125000 3546 3496 
125050 3390 1577 
125100 3498 530 
125150 3546 133 
125200 3543 40 
125250 3543 25 
125300 3547 9 
125350 3537 9 
125400 3537 10 
125450 3542 11 
125500 3563 5 
125550 3548 845 
125600 3534 1716 
125650 3540 2453 
125700 3529 2990 
125750 3536 3286 
125800 3552 3446 
125850 3565 3530 
125900 3543 3508 
125950 3559 3499 
126000 3551 3508 
126050 3406 1697 
126100 3468 726 
126150 3518 313 
126200 3547 156 
126250 3541 26 
126300 3542 12 
126350 3535 13 
126400 3541 12 
126450 3547 9 
126500 3541 8 
126550 3551 905 
126600 3544 1592 
126650 3551 2338 
126700 3556 2818 
126750 3550 3101 
126800 3553 3315 
126850 3549 3429 
126900 3561 3499 
126950 3540 3496 
127000 3549 3505 
127050 3426 1597 
127100 3518 569 
127150 3532 168 
127200 3538 56 
127250 3553 19 
127300 3554 11 
127350 3546 6 
127400 3537 3 
127450 3545 7 
127500 3561 13 
127550 3548 751 
127600 3532 1529 
127650 3529 2127 
127700 3533 2641 
127750 3526 2963 
127800 3533 3205 
127850 3536 3340 
127900 3531 3403 
127950 3541 3478 
128000 3555 3495 
128050 3456 1530 
128100 3511 528 
128150 3534 160 
128200 3538 63 
128250 3539 15 
128300 3539 10 
128350 3549 11 
128400 3551 15 
128450 3562 17 
128500 3569 10 
128550 3547 888 
128600 3538 1625 
128650 3553 2205 
128700 3540 2663 
128750 3552 3052 
128800 3547 3310 
128850 3564 3471 
128900 3543 3498 
128950 3553 3496 
129000 3545 3495 
129050 3364 1697 
129100 3462 638 
129150 3506 234 
129200 3528 83 
129250 3535 28 
129300 3556 27 
129350 3548 19 
129400 3546 32 
129450 3547 24 
129500 3552 18 
129550 3549 1063 
129600 3547 1918 
129650 3551 2584 
129700 3556 3019 
129750 3565 3317 
129800 3559 3467 
129850 3558 3500 
129900 3564 3532 
129950 3551 3508 
130000 3534 3509 
130050 3411 1644 
130100 3487 560 
130150 3541 141 
130200 3541 37 
130250 3540 19 
130300 3540 10 
130350 3547 8 
130400 3545 9 
130450 3559 18 
130500 3537 22 
130550 3537 1144 
130600 3538 2099 
130650 3552 2805 
130700 3546 3115 
130750 3544 3334 
130800 3543 3458 
130850 3566 3542 
130900 3550 3517 
130950 3567 3533 
131000 3554 3540 
131050 3306 1823 
131100 3462 733 
131150 3540 317 
131200 3555 81 
131250 3538 12 
131300 3553 15 
131350 3552 14 
131400 3546 11 
131450 3552 8 
131500 3551 11 
131550 3537 964 
131600 3534 1690 
131650 3551 2186 
131700 3543 2592 
131750 3541 2919 
131800 3545 3176 
131850 3558 3363 
131900 3558 3485 
131950 3540 3509 
132000 3561 3527 
132050 3435 1557 
132100 3524 623 
132150 3528 204 
132200 3538 79 
132250 3553 12 
132300 3550 13 
132350 3535 21 
132400 3557 21 
132450 3550 22 
132500 3562 14 
132550 3539 898 
132600 3549 1757 
132650 3556 2318 
132700 3549 2726 
132750 3551 3102 
132800 3552 3345 
132850 3558 3469 
132900 3564 3534 
132950 3569 3533 
133000 3538 3501 
133050 3329 1831 
133100 3422 926 
133150 3504 580 
133200 3535 325 
133250 3555 136 
133300 3551 56 
133350 3553 11 
133400 3565 6 
133450 3543 23 
133500 3560 19 
133550 3560 884 
133600 3560 1651 
133650 3546 2257 
133700 3566 2742 
133750 3549 3085 
133800 3553 3365 
133850 3545 3474 
133900 3545 3473 
133950 3546 3488 
134000 3554 3485 
134050 3441 1509 
134100 3515 497 
134150 3529 146 
134200 3544 46 
134250 3544 14 
134300 3550 8 
134350 3566 7 
134400 3550 10 
134450 3564 7 
134500 3541 12 
134550 3536 990 
134600 3550 1818 
134650 3535 2428 
134700 3539 2885 
134750 3556 3223 
134800 3548 3376 
134850 3551 3472 
134900 3547 3502 
134950 3543 3516 
135000 3548 3524 
135050 3388 1746 
135100 3463 681 
135150 3529 245 
135200 3541 74 
135250 3562 17 
135300 3556 12 
135350 3551 14 
135400 3558 6 
135450 3556 16 
135500 3556 6 
135550 3543 907 
135600 3541 1891 
135650 3558 2557 
135700 3563 3051 
135750 3551 3316 
135800 3541 3446 
135850 3559 3523 
135900 3549 3533 
135950 3537 3507 
136000 3551 3527 
136050 3348 1916 
136100 3433 936 
136150 3500 477 
136200 3523 171 
136250 3541 40 
136300 3554 9 
136350 3553 6 
136400 3539 10 
136450 3532 6 
136500 3555 12 
136550 3544 793 
136600 3549 1704 
136650 3552 2338 
136700 3544 2907 
136750 3561 3306 
136800 3549 3474 
136850 3547 3516 
136900 3563 3545 
136950 3554 3526 
137000 3560 3530 
137050 3374 1770 
137100 3493 575 
137150 3544 141 
137200 3544 28 
137250 3554 5 
137300 3553 6 
137350 3554 4 
137400 3554 6 
137450 3572 7 
137500 3561 5 
137550 3551 775 
137600 3537 1656 
137650 3538 2400 
137700 3537 3029 
137750 3537 3324 
137800 3549 3462 
137850 3556 3511 
137900 3556 3520 
137950 3550 3529 
138000 3561 3538 
138050 3387 1753 
138100 3477 704 
138150 3531 295 
138200 3523 104 
138250 3537 34 
138300 3539 16 
138350 3555 11 
138400 3547 4 
138450 3555 9 
138500 3565 6 
138550 3561 775 
138600 3559 1576 
138650 3554 2164 
138700 3563 2647 
138750 3544 2969 
138800 3559 3217 
138850 3514 3335 
138900 3538 3440 
138950 3557 3522 
139000 3551 3514 
139050 3417 1537 
139100 3515 432 
139150 3534 84 
139200 3537 20 
139250 3552 9 
139300 3549 7 
139350 3545 1 
139400 3555 1 
139450 3561 5 
139500 3535 7 
139550 3545 848 
139600 3546 1583 
139650 3537 2169 
139700 3548 2646 
139750 3529 2972 
139800 3543 3189 
139850 3556 3366 
139900 3552 3465 
139950 3550 3506 
140000 3551 3523 
140050 3421 1598 
140100 3507 419 
140150 3536 64 
140200 3555 10 
140250 3527 5 
140300 3559 10 
140350 3558 6 
140400 3543 11 
140450 3551 6 
140500 3564 4 
140550 3547 5 
140600 3436 577 
140650 3421 1307 
140700 3476 1946 
140750 3510 2462 
140800 3540 2860 
140850 3558 3160 
140900 3553 3319 
140950 3546 3415 
141000 3539 3480 
141050 3328 2008 
141100 3436 1055 
141150 3526 699 
141200 3536 371 
141250 3540 183 
141300 3543 64 
141350 3550 16 
141400 3541 4 
141450 3551 4 
141500 3543 8 
141550 3551 403 
141600 3548 1253 
141650 3549 1932 
141700 3550 2480 
141750 3554 2881 
141800 3548 3161 
141850 3532 3324 
141900 3550 3432 
141950 3542 3500 
142000 3552 3534 
142050 3347 1807 
142100 3468 653 
142150 3535 184 
142200 3565 35 
142250 3540 12 
142300 3541 8 
142350 3549 5 
142400 3562 5 
142450 3547 3 
142500 3556 6 
142550 3549 591 
142600 3541 1408 
142650 3556 2152 
142700 3558 2643 
142750 3548 3032 
142800 3544 3284 
142850 3534 3397 
142900 3555 3500 
142950 3553 3518 
143000 3546 3497 
143050 3432 1629 
143100 3502 560 
143150 3540 159 
143200 3558 43 
143250 3553 5 
143300 3539 10 
143350 3552 13 
143400 3536 16 
143450 3539 15 
143500 3544 9 
143550 3532 978 
143600 3550 1876 
143650 3558 2519 
143700 3549 2957 
143750 3558 3175 
143800 3549 3355 
143850 3550 3473 
143900 3548 3522 
143950 3550 3519 
144000 3554 3524 
144050 3389 1625 
144100 3483 671 
144150 3539 249 
144200 3552 72 
144250 3532 11 
144300 3547 15 
144350 3544 6 
144400 3545 9 
144450 3543 11 
144500 3544 13 
144550 3551 875 
144600 3542 1860 
144650 3533 2599 
144700 3549 3104 
144750 3561 3371 
144800 3556 3454 
144850 3549 3514 
144900 3554 3518 
144950 3551 3515 
145000 3531 3494 
145050 3418 1482 
145100 3504 430 
145150 3538 87 
145200 3554 27 
145250 3555 13 
145300 3555 7 
145350 3558 6 
145400 3546 9 
145450 3564 12 
145500 3546 11 
145550 3541 1059 
145600 3555 2116 
145650 3547 2671 
145700 3547 3063 
145750 3541 3347 
145800 3557 3494 
145850 3564 3531 
145900 3557 3536 
145950 3565 3544 
146000 3547 3514 
146050 3359 1668 
146100 3470 711 
146150 3515 300 
146200 3538 97 
146250 3542 26 
146300 3542 7 
146350 3540 12 
146400 3561 7 
146450 3539 15 
146500 3545 9 
146550 3565 821 
146600 3557 1806 
146650 3559 2482 
146700 3538 2909 
146750 3539 3230 
146800 3537 3436 
146850 3565 3521 
146900 3553 3515 
146950 3558 3519 
147000 3544 3511 
147050 3427 1615 
147100 3513 574 
147150 3537 179 
147200 3557 73 
147250 3539 27 
147300 3555 11 
147350 3547 8 
147400 3524 18 
147450 3556 11 
147500 3540 9 
147550 3526 1059 
147600 3552 1888 
147650 3549 2501 
147700 3553 2902 
147750 3546 3201 
147800 3546 3357 
147850 3551 3478 
147900 3556 3517 
147950 3550 3526 
148000 3559 3525 
148050 3361 1741 
148100 3497 631 
148150 3534 253 
148200 3554 71 
148250 3555 21 
148300 3546 13 
148350 3545 11 
148400 3556 10 
148450 3532 7 
148500 3544 12 
148550 3550 1043 
148600 3553 1826 
148650 3552 2438 
148700 3557 2942 
148750 3555 3252 
148800 3548 3421 
148850 3551 3497 
148900 3556 3536 
148950 3559 3529 
149000 3546 3534 
149050 3264 2130 
149100 3445 1450 
149150 3460 833 
149200 3487 454 
149250 3491 230 
149300 3519 115 
149350 3531 58 
149400 3549 25 
149450 3554 7 
149500 3544 7 
149550 3550 1 
149600 3548 857 
149650 3548 1841 
149700 3561 2502 
149750 3565 2937 
149800 3557 3216 
149850 3557 3405 
149900 3547 3497 
149950 3550 3526 
150000 3558 3524 
150050 3338 1847 
150100 3432 825 
150150 3527 477 
150200 3529 196 
150250 3533 71 
150300 3556 27 
150350 3553 7 
150400 3541 9 
150450 3556 6 
150500 3548 10 
150550 3544 545 
150600 3515 1604 
150650 3537 2351 
150700 3537 2856 
150750 3562 3252 
150800 3542 3464 
150850 3553 3518 
150900 3553 3538 
150950 3550 3541 
151000 3556 3533 
151050 3368 1957 
151100 3472 1004 
151150 3559 607 
151200 3553 299 
151250 3552 100 
151300 3545 20 
151350 3563 2 
151400 3533 5 
151450 3556 3 
151500 3558 4 
151550 3533 320 
151600 3539 1232 
151650 3554 1914 
151700 3548 2500 
151750 3554 2992 
151800 3537 3260 
151850 3540 3387 
151900 3534 3446 
151950 3551 3528 
152000 3558 3545 
152050 3350 1734 
152100 3464 637 
152150 3525 307 
152200 3535 98 
152250 3551 10 
152300 3539 2 
152350 3548 3 
152400 3559 8 
152450 3542 2 
152500 3550 6 
152550 3421 141 
152600 3171 1018 
152650 3277 1625 
152700 3356 2149 
152750 3421 2552 
152800 3479 2869 
152850 3517 3141 
152900 3532 3323 
152950 3544 3455 
153000 3546 3514 
153050 3358 1899 
153100 3463 837 
153150 3536 434 
153200 3530 222 
153250 3535 112 
153300 3543 42 
153350 3555 12 
153400 3564 8 
153450 3546 5 
153500 3552 9 
153550 3539 398 
153600 3552 1484 
153650 3553 2253 
153700 3548 2791 
153750 3547 3146 
153800 3559 3349 
153850 3567 3454 
153900 3544 3506 
153950 3537 3505 
154000 3560 3525 
154050 3392 1691 
154100 3468 729 
154150 3540 323 
154200 3550 110 
154250 3555 21 
154300 3546 11 
154350 3555 4 
154400 3548 13 
154450 3551 6 
154500 3545 9 
154550 3545 1179 
154600 3556 2256 
154650 3562 2867 
154700 3523 3181 
154750 3542 3359 
154800 3555 3468 
154850 3542 3525 
154900 3544 3518 
154950 3567 3535 
155000 3534 3521 
155050 3327 1855 
155100 3442 955 
155150 3522 510 
155200 3551 201 
155250 3540 67 
155300 3533 18 
155350 3552 7 
155400 3549 13 
155450 3548 10 
155500 3547 11 
155550 3544 487 
155600 3542 1340 
155650 3542 2115 
155700 3536 2686 
155750 3541 3135 
155800 3538 3351 
155850 3538 3444 
155900 3562 3529 
155950 3534 3506 
156000 3559 3527 
156050 3417 1545 
156100 3499 518 
156150 3527 105 
156200 3547 19 
156250 3547 8 
156300 3538 5 
156350 3559 6 
156400 3551 9 
156450 3546 6 
156500 3542 3 
156550 3552 475 
156600 3549 1412 
156650 3552 2076 
156700 3547 2524 
156750 3540 2868 
156800 3560 3150 
156850 3543 3361 
156900 3546 3446 
156950 3541 3484 
157000 3553 3535 
157050 3365 1796 
157100 3443 772 
157150 3520 376 
157200 3541 149 
157250 3545 33 
157300 3533 9 
157350 3551 3 
157400 3549 9 
157450 3565 1 
157500 3559 2 
157550 3560 605 
157600 3572 1342 
157650 3555 1955 
157700 3556 2505 
157750 3545 2906 
157800 3552 3149 
157850 3563 3368 
157900 3559 3469 
157950 3563 3519 
158000 3557 3530 
158050 3385 1642 
158100 3517 541 
158150 3541 179 
158200 3547 55 
158250 3551 15 
158300 3547 11 
158350 3542 11 
158400 3551 15 
158450 3559 2 
158500 3551 9 
158550 3545 779 
158600 3551 1573 
158650 3550 2229 
158700 3542 2706 
158750 3563 3018 
158800 3561 3226 
158850 3545 3393 
158900 3551 3469 
158950 3548 3522 
159000 3548 3518 
159050 3410 1644 
159100 3503 551 
159150 3534 117 
159200 3532 20 
159250 3551 4 
159300 3536 6 
159350 3537 8 
159400 3547 7 
159450 3551 6 
159500 3551 5 
159550 3485 697 
159600 3473 1723 
159650 3496 2364 
159700 3498 2842 
159750 3526 3210 
159800 3547 3453 
159850 3554 3507 
159900 3551 3508 
159950 3546 3524 
160000 3553 3525 
160050 3389 1739 
160100 3464 680 
160150 3541 235 
160200 3548 64 
160250 3551 10 
160300 3555 6 
160350 3543 9 
160400 3546 5 
160450 3548 7 
160500 3562 6 
160550 3545 1029 
160600 3558 1839 
160650 3550 2462 
160700 3554 2914 
160750 3555 3231 
160800 3551 3407 
160850 3540 3483 
160900 3556 3533 
160950 3551 3513 
161000 3545 3524 
161050 3346 1788 
161100 3481 683 
161150 3546 247 
161200 3536 40 
161250 3560 3 
161300 3568 4 
161350 3542 7 
161400 3560 9 
161450 3547 4 
161500 3541 9 
161550 3555 653 
161600 3546 1708 
161650 3565 2344 
161700 3572 2798 
161750 3552 3082 
161800 3548 3259 
161850 3555 3386 
161900 3550 3498 
161950 3561 3523 
162000 3556 3531 
162050 3337 1849 
162100 3421 895 
162150 3503 491 
162200 3504 152 
162250 3556 22 
162300 3541 1 
162350 3548 4 
162400 3552 3 
162450 3549 0 
162500 3538 1 
162550 3542 681 
162600 3566 1663 
162650 3557 2237 
162700 3557 2694 
162750 3540 3042 
162800 3559 3315 
162850 3552 3437 
162900 3547 3491 
162950 3544 3505 
163000 3551 3524 
163050 3404 1611 
163100 3492 595 
163150 3530 206 
163200 3539 97 
163250 3543 11 
163300 3533 7 
163350 3552 4 
163400 3554 2 
163450 3560 4 
163500 3556 3 
163550 3515 635 
163600 3521 1448 
163650 3527 2005 
163700 3548 2501 
163750 3548 2826 
163800 3560 3062 
163850 3555 3264 
163900 3550 3371 
163950 3555 3456 
164000 3548 3518 
164050 3423 1709 
164100 3508 623 
164150 3532 202 
164200 3548 60 
164250 3555 15 
164300 3546 2 
164350 3565 5 
164400 3542 5 
164450 3552 11 
164500 3551 7 
164550 3557 765 
164600 3558 1438 
164650 3543 1979 
164700 3555 2503 
164750 3563 2947 
164800 3544 3217 
164850 3550 3362 
164900 3552 3449 
164950 3544 3499 
165000 3543 3529 
165050 3318 1958 
165100 3420 959 
165150 3500 496 
165200 3523 211 
165250 3517 87 
165300 3535 24 
165350 3550 4 
165400 3541 2 
165450 3551 3 
165500 3556 2 
165550 3521 595 
165600 3536 1361 
165650 3548 1980 
165700 3562 2591 
165750 3545 2994 
165800 3543 3268 
165850 3545 3451 
165900 3544 3522 
165950 3547 3529 
166000 3551 3540 
166050 3349 1903 
166100 3440 789 
166150 3523 397 
166200 3551 156 
166250 3543 45 
166300 3555 10 
166350 3545 1 
166400 3549 3 
166450 3543 1 
166500 3555 0 
166550 3552 0 
166600 3535 15 
166650 3488 954 
166700 3540 1646 
166750 3558 2182 
166800 3539 2673 
166850 3563 3068 
166900 3553 3330 
166950 3542 3446 
167000 3562 3540 
167050 3334 1925 
167100 3434 811 
167150 3510 414 
167200 3526 174 
167250 3535 40 
167300 3551 7 
167350 3527 2 
167400 3531 1 
167450 3543 3 
167500 3541 3 
167550 3549 835 
167600 3554 1593 
167650 3541 2250 
167700 3539 2835 
167750 3546 3162 
167800 3561 3372 
167850 3558 3491 
167900 3549 3519 
167950 3556 3543 
168000 3560 3537 
168050 3370 1810 
168100 3465 742 
168150 3546 317 
168200 3552 80 
168250 3546 6 
168300 3560 0 
168350 3568 0 
168400 3550 0 
168450 3556 1 
168500 3558 0 
168550 3536 538 
168600 3561 1331 
168650 3552 1972 
168700 3560 2483 
168750 3565 2870 
168800 3538 3102 
168850 3560 3338 
168900 3550 3454 
168950 3553 3511 
169000 3545 3527 
169050 3368 1717 
169100 3470 598 
169150 3515 173 
169200 3543 42 
169250 3548 7 
169300 3555 0 
169350 3555 3 
169400 3549 1 
169450 3546 3 
169500 3547 2 
169550 3549 874 
169600 3546 1655 
169650 3548 2238 
169700 3553 2667 
169750 3564 3026 
169800 3553 3265 
169850 3530 3401 
169900 3557 3520 
169950 3557 3541 
170000 3550 3538 
170050 3294 2044 
170100 3431 1086 
170150 3499 551 
170200 3531 191 
170250 3536 54 
170300 3544 5 
170350 3549 3 
170400 3573 2 
170450 3548 0 
170500 3546 3 
170550 3547 735 
170600 3528 1533 
170650 3514 2177 
170700 3530 2638 
170750 3517 2973 
170800 3542 3161 
170850 3548 3290 
170900 3562 3406 
170950 3557 3490 
171000 3553 3526 
171050 3352 1871 
171100 3478 760 
171150 3547 309 
171200 3541 95 
171250 3536 10 
171300 3549 9 
171350 3559 1 
171400 3523 9 
171450 3539 4 
171500 3550 4 
171550 3543 765 
171600 3546 1503 
171650 3556 2161 
171700 3542 2611 
171750 3551 2953 
171800 3541 3220 
171850 3529 3334 
171900 3545 3437 
171950 3558 3522 
172000 3543 3531 
172050 3302 2184 
172100 3472 1392 
172150 3457 734 
172200 3459 352 
172250 3503 154 
172300 3534 49 
172350 3541 15 
172400 3553 4 
172450 3544 5 
172500 3545 4 
172550 3549 814 
172600 3541 1560 
172650 3546 2182 
172700 3540 2742 
172750 3559 3079 
172800 3563 3276 
172850 3540 3433 
172900 3551 3524 
172950 3535 3525 
173000 3558 3547 
173050 3297 2158 
173100 3459 1305 
173150 3476 755 
173200 3508 378 
173250 3512 168 
173300 3535 44 
173350 3530 17 
173400 3561 7 
173450 3564 5 
173500 3555 5 
173550 3547 839 
173600 3543 1603 
173650 3546 2141 
173700 3554 2616 
173750 3545 3033 
173800 3545 3285 
173850 3555 3461 
173900 3547 3514 
173950 3562 3553 
174000 3556 3529 
174050 3342 1841 
174100 3439 960 
174150 3515 487 
174200 3532 208 
174250 3552 73 
174300 3539 31 
174350 3552 6 
174400 3551 7 
174450 3553 2 
174500 3562 10 
174550 3531 756 
174600 3521 1603 
174650 3527 2184 
174700 3527 2650 
174750 3534 3004 
174800 3530 3279 
174850 3545 3449 
174900 3551 3528 
174950 3556 3547 
175000 3551 3540 
175050 3317 1964 
175100 3438 1114 
175150 3525 612 
175200 3532 225 
175250 3546 48 
175300 3554 11 
175350 3546 7 
175400 3550 4 
175450 3552 13 
175500 3549 6 
175550 3543 891 
175600 3527 1699 
175650 3538 2253 
175700 3551 2708 
175750 3560 3078 
175800 3552 3374 
175850 3548 3496 
175900 3545 3529 
175950 3542 3543 
176000 3543 3542 
176050 3300 2042 
176100 3495 1233 
176150 3499 760 
176200 3505 423 
176250 3517 228 
176300 3543 95 
176350 3539 21 
176400 3552 6 
176450 3551 5 
176500 3531 0 
176550 3534 462 
176600 3482 1329 
176650 3476 2000 
176700 3462 2506 
176750 3456 2898 
176800 3478 3198 
176850 3515 3358 
176900 3513 3464 
176950 3540 3535 
177000 3528 3524 
177050 3266 2224 
177100 3478 1397 
177150 3504 799 
177200 3497 457 
177250 3503 256 
177300 3502 151 
177350 3526 57 
177400 3541 12 
177450 3521 1 
177500 3529 2 
177550 3540 0 
177600 3535 4 
177650 3359 200 
177700 3300 795 
177750 3369 1487 
177800 3439 2101 
177850 3448 2570 
177900 3490 2976 
177950 3516 3268 
178000 3538 3437 
178050 3314 1910 
178100 3399 795 
178150 3487 353 
178200 3521 103 
178250 3525 17 
178300 3535 1 
178350 3541 0 
178400 3537 1 
178450 3517 0 
178500 3541 1 
178550 3450 88 
178600 3070 462 
178650 2918 1170 
178700 3086 1947 
178750 3182 2367 
178800 3252 2647 
178850 3346 2911 
178900 3428 3127 
178950 3463 3322 
179000 3510 3465 
179050 3336 1860 
179100 3479 781 
179150 3520 346 
179200 3533 107 
179250 3540 34 
179300 3532 11 
179350 3538 6 
179400 3529 3 
179450 3547 3 
179500 3548 2 
179550 3544 761 
179600 3531 1617 
179650 3531 2360 
179700 3539 2945 
179750 3529 3289 
179800 3533 3475 
179850 3530 3525 
179900 3525 3525 
179950 3520 3531 
180000 3523 3526 
180050 3255 1939 
180100 3417 918 
180150 3504 409 
180200 3532 142 
180250 3519 26 
180300 3533 3 
180350 3543 0 
180400 3532 5 
180450 3530 5 
180500 3541 0 
180550 3521 682 
180600 3540 1481 
180650 3526 2159 
180700 3543 2687 
180750 3509 3051 
180800 3538 3272 
180850 3529 3402 
180900 3535 3484 
180950 3525 3522 
181000 3531 3531 
181050 3308 1699 
181100 3468 659 
181150 3506 168 
181200 3543 28 
181250 3539 5 
181300 3522 2 
181350 3520 2 
181400 3521 4 
181450 3531 1 
181500 3536 1 
181550 3530 813 
181600 3539 1547 
181650 3531 2135 
181700 3528 2637 
181750 3541 3010 
181800 3520 3193 
181850 3524 3336 
181900 3530 3459 
181950 3511 3501 
182000 3527 3530 
182050 3340 1834 
182100 3443 796 
182150 3505 307 
182200 3524 102 
182250 3542 20 
182300 3526 2 
182350 3533 2 
182400 3542 0 
182450 3545 4 
182500 3546 3 
182550 3538 601 
182600 3521 1554 
182650 3521 2367 
182700 3515 2901 
182750 3533 3210 
182800 3547 3420 
182850 3529 3498 
182900 3505 3511 
182950 3534 3526 
183000 3539 3538 
183050 3296 1871 
183100 3401 870 
183150 3494 425 
183200 3516 130 
183250 3509 19 
183300 3526 3 
183350 3538 8 
183400 3517 2 
183450 3524 3 
183500 3527 1 
183550 3551 605 
183600 3544 1375 
183650 3536 2007 
183700 3555 2561 
183750 3516 2963 
183800 3499 3183 
183850 3518 3351 
183900 3518 3447 
183950 3524 3510 
184000 3526 3534 
184050 3347 1774 
184100 3438 659 
184150 3531 237 
184200 3530 93 
184250 3529 20 
184300 3538 3 
184350 3529 3 
184400 3510 4 
184450 3536 1 
184500 3549 1 
184550 3543 740 
184600 3550 1591 
184650 3547 2249 
184700 3541 2712 
184750 3552 3066 
184800 3548 3278 
184850 3548 3426 
184900 3520 3487 
184950 3538 3536 
185000 3550 3541 
185050 3297 2022 
185100 3436 1115 
185150 3496 592 
185200 3511 210 
185250 3538 39 
185300 3547 9 
185350 3551 3 
185400 3540 1 
185450 3544 2 
185500 3543 0 
185550 3539 731 
185600 3523 1437 
185650 3529 2009 
185700 3527 2535 
185750 3526 2869 
185800 3536 3147 
185850 3542 3305 
185900 3530 3428 
185950 3534 3486 
186000 3549 3544 
186050 3338 1926 
186100 3471 868 
186150 3504 335 
186200 3538 107 
186250 3537 24 
186300 3553 4 
186350 3543 1 
186400 3535 3 
186450 3549 6 
186500 3533 6 
186550 3544 434 
186600 3552 1344 
186650 3547 2024 
186700 3550 2586 
186750 3551 2993 
186800 3542 3275 
186850 3561 3461 
186900 3536 3490 
186950 3542 3532 
187000 3549 3548 
187050 3309 1951 
187100 3426 952 
187150 3496 492 
187200 3527 204 
187250 3533 82 
187300 3540 22 
187350 3555 3 
187400 3554 5 
187450 3564 6 
187500 3533 2 
187550 3480 80 
187600 3393 955 
187650 3383 1644 
187700 3366 2233 
187750 3364 2783 
187800 3354 3157 
187850 3381 3406 
187900 3426 3507 
187950 3499 3523 
188000 3526 3521 
188050 3292 1967 
188100 3430 1042 
188150 3479 558 
188200 3483 218 
188250 3526 59 
188300 3550 13 
188350 3546 2 
188400 3553 4 
188450 3538 0 
188500 3539 3 
188550 3524 13 
188600 3301 255 
188650 2720 853 
188700 2649 1671 
188750 2737 2286 
188800 2915 2665 
188850 3120 2976 
188900 3263 3192 
188950 3383 3340 
189000 3457 3451 
189050 3331 1955 
189100 3419 1050 
189150 3535 585 
189200 3548 239 
189250 3563 85 
189300 3556 16 
189350 3560 2 
189400 3548 3 
189450 3553 2 
189500 3533 5 
189550 3460 82 
189600 3306 968 
189650 3315 1805 
189700 3357 2343 
189750 3380 2787 
189800 3383 3094 
189850 3371 3276 
189900 3403 3436 
189950 3427 3509 
190000 3473 3539 
190050 3331 1935 
190100 3433 1008 
190150 3522 593 
190200 3535 279 
190250 3536 128 
190300 3541 39 
190350 3551 9 
190400 3536 1 
190450 3542 3 
190500 3554 1 
190550 3552 599 
190600 3537 1482 
190650 3551 2125 
190700 3543 2603 
190750 3558 3026 
190800 3564 3314 
190850 3556 3463 
190900 3561 3520 
190950 3549 3533 
191000 3544 3528 
191050 3353 1924 
191100 3457 881 
191150 3537 420 
191200 3564 132 
191250 3560 16 
191300 3548 4 
191350 3538 0 
191400 3532 4 
191450 3546 0 
191500 3550 1 
191550 3540 208 
191600 3564 1119 
191650 3566 1770 
191700 3545 2292 
191750 3545 2784 
191800 3556 3128 
191850 3559 3349 
191900 3570 3478 
191950 3544 3503 
192000 3549 3535 
192050 3304 1996 
192100 3429 1024 
192150 3503 517 
192200 3515 219 
192250 3546 73 
192300 3548 15 
192350 3545 2 
192400 3540 0 
192450 3542 0 
192500 3562 2 
192550 3547 63 
192600 3548 954 
192650 3538 1613 
192700 3552 2228 
192750 3552 2711 
192800 3557 3029 
192850 3552 3278 
192900 3533 3415 
192950 3544 3497 
193000 3551 3524 
193050 3324 1905 
193100 3465 765 
193150 3531 365 
193200 3530 161 
193250 3544 59 
193300 3534 24 
193350 3533 3 
193400 3551 5 
193450 3536 4 
193500 3547 2 
193550 3553 872 
193600 3549 1763 
193650 3546 2480 
193700 3545 2940 
193750 3540 3299 
193800 3537 3476 
193850 3549 3535 
193900 3555 3537 
193950 3547 3530 
194000 3537 3529 
194050 3255 2078 
194100 3450 1243 
194150 3487 773 
194200 3488 463 
194250 3502 240 
194300 3519 96 
194350 3559 25 
194400 3550 0 
194450 3540 2 
194500 3545 0 
194550 3523 0 
194600 3534 920 
194650 3543 1597 
194700 3534 2152 
194750 3541 2615 
194800 3550 2967 
194850 3539 3254 
194900 3538 3422 
194950 3545 3499 
195000 3543 3533 
195050 3297 1895 
195100 3413 913 
195150 3534 510 
195200 3542 248 
195250 3544 94 
195300 3533 19 
195350 3544 2 
195400 3532 0 
195450 3545 3 
195500 3544 4 
195550 3541 365 
195600 3542 1143 
195650 3534 1831 
195700 3534 2396 
195750 3546 2896 
195800 3543 3184 
195850 3535 3368 
195900 3539 3451 
195950 3539 3508 
196000 3543 3528 
196050 3277 2049 
196100 3431 996 
196150 3511 514 
196200 3506 237 
196250 3531 101 
196300 3545 44 
196350 3542 14 
196400 3556 7 
196450 3520 1 
196500 3546 4 
196550 3539 657 
196600 3540 1352 
196650 3546 1928 
196700 3548 2480 
196750 3554 2931 
196800 3537 3159 
196850 3551 3344 
196900 3550 3460 
196950 3545 3508 
197000 3535 3530 
197050 3306 2017 
197100 3432 950 
197150 3513 539 
197200 3497 216 
197250 3532 84 
197300 3535 20 
197350 3558 0 
197400 3545 3 
197450 3543 1 
197500 3543 6 
197550 3544 484 
197600 3552 1252 
197650 3539 1876 
197700 3529 2392 
197750 3543 2798 
197800 3540 3082 
197850 3560 3311 
197900 3542 3423 
197950 3547 3525 
198000 3541 3548 
198050 3262 2104 
198100 3433 1252 
198150 3457 682 
198200 3501 361 
198250 3513 180 
198300 3535 72 
198350 3537 20 
198400 3550 4 
198450 3529 2 
198500 3534 1 
198550 3537 635 
198600 3547 1421 
198650 3549 2034 
198700 3546 2579 
198750 3548 2986 
198800 3562 3267 
198850 3540 3372 
198900 3549 3458 
198950 3526 3481 
199000 3534 3520 
199050 3308 1978 
199100 3424 957 
199150 3475 532 
199200 3502 283 
199250 3516 129 
199300 3536 55 
199350 3551 16 
199400 3552 2 
199450 3539 0 
199500 3555 0 
199550 3535 424 
199600 3523 1194 
199650 3524 1837 
199700 3521 2375 
199750 3533 2810 
199800 3537 3139 
199850 3541 3346 
199900 3553 3461 
199950 3549 3515 
200000 3559 3548 
