# Avida tasks data
# Sat Apr  7 23:42:50 2012
# First column gives the current update, next columns give the number
# of organisms that have the particular task as a component of their merit
#  1: Update
#  2: Xor
#  3: Equals

0 0 0 
50 8 8 
100 48 48 
150 134 134 
200 266 266 
250 487 485 
300 751 751 
350 1028 1026 
400 1385 1384 
450 1830 1832 
500 2336 2330 
550 2830 2829 
600 3279 3277 
650 3482 3486 
700 3530 3532 
750 3548 3552 
800 3534 3543 
850 3532 3533 
900 3543 3538 
950 3543 3539 
1000 3551 3552 
1050 3259 2650 
1100 3315 1796 
1150 3414 1329 
1200 3441 967 
1250 3459 646 
1300 3492 403 
1350 3491 244 
1400 3515 143 
1450 3522 82 
1500 3529 45 
1550 3516 35 
1600 3325 215 
1650 3013 541 
1700 2604 936 
1750 2234 1309 
1800 2182 1609 
1850 2321 1907 
1900 2511 2156 
1950 2717 2344 
2000 2905 2525 
2050 2998 1997 
2100 3202 1446 
2150 3318 1000 
2200 3400 648 
2250 3469 378 
2300 3513 207 
2350 3522 129 
2400 3542 66 
2450 3530 28 
2500 3556 6 
2550 3550 3 
2600 3481 58 
2650 3297 352 
2700 3232 989 
2750 3275 1435 
2800 3330 1792 
2850 3403 2111 
2900 3446 2397 
2950 3483 2643 
3000 3510 2865 
3050 3324 2193 
3100 3434 1380 
3150 3463 866 
3200 3513 523 
3250 3511 323 
3300 3537 181 
3350 3533 120 
3400 3533 53 
3450 3548 18 
3500 3547 5 
3550 3539 483 
3600 3543 1029 
3650 3545 1492 
3700 3537 1894 
3750 3553 2222 
3800 3548 2506 
3850 3561 2765 
3900 3550 3008 
3950 3541 3167 
4000 3542 3311 
4050 3295 2455 
4100 3355 1720 
4150 3423 1221 
4200 3485 864 
4250 3534 649 
4300 3536 405 
4350 3544 203 
4400 3524 78 
4450 3542 23 
4500 3548 13 
4550 3530 458 
4600 3532 1098 
4650 3533 1598 
4700 3530 1979 
4750 3538 2324 
4800 3542 2586 
4850 3531 2804 
4900 3536 2993 
4950 3531 3155 
5000 3513 3256 
5050 3313 2424 
5100 3410 1422 
5150 3479 795 
5200 3493 434 
5250 3518 265 
5300 3517 151 
5350 3533 73 
5400 3525 26 
5450 3560 16 
5500 3541 10 
5550 3542 403 
5600 3514 950 
5650 3521 1396 
5700 3501 1787 
5750 3506 2176 
5800 3486 2490 
5850 3505 2732 
5900 3493 2916 
5950 3515 3084 
6000 3540 3223 
6050 3398 2146 
6100 3487 1057 
6150 3490 450 
6200 3534 190 
6250 3549 56 
6300 3535 26 
6350 3562 13 
6400 3551 10 
6450 3553 7 
6500 3544 5 
6550 3553 1 
6600 3563 634 
6650 3563 1265 
6700 3556 1771 
6750 3545 2056 
6800 3550 2325 
6850 3550 2609 
6900 3536 2829 
6950 3541 3014 
7000 3533 3190 
7050 3347 2159 
7100 3475 1091 
7150 3518 502 
7200 3540 209 
7250 3539 73 
7300 3551 20 
7350 3538 6 
7400 3537 3 
7450 3540 4 
7500 3557 6 
7550 3549 520 
7600 3542 1219 
7650 3548 1818 
7700 3547 2220 
7750 3548 2611 
7800 3551 2920 
7850 3550 3128 
7900 3534 3274 
7950 3539 3398 
8000 3543 3462 
8050 3322 2323 
8100 3412 1450 
8150 3464 928 
8200 3459 578 
8250 3506 374 
8300 3528 233 
8350 3544 128 
8400 3540 72 
8450 3544 39 
8500 3538 20 
8550 3546 379 
8600 3549 967 
8650 3548 1507 
8700 3549 1924 
8750 3544 2261 
8800 3547 2548 
8850 3560 2823 
8900 3531 2993 
8950 3540 3142 
9000 3540 3259 
9050 3376 2187 
9100 3481 1060 
9150 3509 494 
9200 3523 200 
9250 3531 80 
9300 3546 35 
9350 3537 22 
9400 3557 12 
9450 3551 6 
9500 3538 10 
9550 3534 294 
9600 3532 827 
9650 3551 1306 
9700 3560 1684 
9750 3550 2050 
9800 3545 2368 
9850 3542 2653 
9900 3537 2920 
9950 3545 3120 
10000 3558 3304 
10050 3331 2187 
10100 3451 1117 
10150 3491 546 
10200 3534 248 
10250 3534 87 
10300 3551 24 
10350 3541 14 
10400 3547 10 
10450 3546 12 
10500 3537 10 
10550 3526 522 
10600 3536 1182 
10650 3533 1642 
10700 3519 2018 
10750 3548 2318 
10800 3530 2531 
10850 3527 2768 
10900 3532 3007 
10950 3533 3192 
11000 3534 3313 
11050 3332 2253 
11100 3415 1402 
11150 3453 942 
11200 3463 644 
11250 3528 379 
11300 3533 210 
11350 3548 112 
11400 3554 41 
11450 3550 16 
11500 3548 4 
11550 3562 326 
11600 3549 906 
11650 3553 1382 
11700 3562 1803 
11750 3547 2215 
11800 3544 2569 
11850 3536 2851 
11900 3551 3068 
11950 3564 3238 
12000 3544 3319 
12050 3320 2394 
12100 3408 1504 
12150 3447 974 
12200 3495 562 
12250 3544 330 
12300 3538 199 
12350 3552 111 
12400 3555 35 
12450 3544 16 
12500 3538 8 
12550 3560 468 
12600 3543 1025 
12650 3543 1437 
12700 3538 1814 
12750 3548 2174 
12800 3534 2490 
12850 3544 2725 
12900 3553 2893 
12950 3543 3045 
13000 3562 3218 
13050 3343 2197 
13100 3455 1211 
13150 3511 570 
13200 3529 211 
13250 3546 75 
13300 3537 27 
13350 3540 2 
13400 3545 1 
13450 3532 8 
13500 3552 13 
13550 3543 454 
13600 3536 1037 
13650 3540 1553 
13700 3528 2093 
13750 3546 2518 
13800 3536 2838 
13850 3541 3077 
13900 3543 3248 
13950 3556 3394 
14000 3564 3459 
14050 3391 2123 
14100 3477 1053 
14150 3500 563 
14200 3521 334 
14250 3544 187 
14300 3535 124 
14350 3534 62 
14400 3533 24 
14450 3549 10 
14500 3549 16 
14550 3556 371 
14600 3550 1096 
14650 3542 1622 
14700 3549 2069 
14750 3532 2462 
14800 3539 2757 
14850 3556 3057 
14900 3554 3231 
14950 3544 3342 
15000 3545 3427 
15050 3384 2134 
15100 3492 1008 
15150 3516 398 
15200 3530 166 
15250 3532 68 
15300 3542 19 
15350 3546 17 
15400 3539 13 
15450 3527 14 
15500 3533 6 
15550 3542 407 
15600 3545 982 
15650 3543 1487 
15700 3535 1897 
15750 3552 2251 
15800 3548 2591 
15850 3543 2906 
15900 3543 3108 
15950 3535 3243 
16000 3542 3330 
16050 3394 2184 
16100 3484 1035 
16150 3512 502 
16200 3535 187 
16250 3517 78 
16300 3524 32 
16350 3527 21 
16400 3547 15 
16450 3544 14 
16500 3543 8 
16550 3537 337 
16600 3530 932 
16650 3555 1472 
16700 3549 1968 
16750 3537 2399 
16800 3548 2792 
16850 3552 3075 
16900 3542 3251 
16950 3548 3387 
17000 3553 3487 
17050 3380 2153 
17100 3468 1079 
17150 3509 455 
17200 3550 155 
17250 3546 42 
17300 3552 13 
17350 3542 10 
17400 3562 10 
17450 3545 6 
17500 3544 8 
17550 3545 1 
17600 3554 641 
17650 3533 1161 
17700 3553 1555 
17750 3544 1952 
17800 3552 2334 
17850 3536 2631 
17900 3537 2906 
17950 3558 3134 
18000 3555 3296 
18050 3328 2195 
18100 3438 1114 
18150 3503 587 
18200 3529 277 
18250 3540 121 
18300 3537 43 
18350 3545 16 
18400 3536 3 
18450 3551 3 
18500 3568 4 
18550 3545 368 
18600 3555 1042 
18650 3553 1523 
18700 3549 1952 
18750 3557 2324 
18800 3561 2621 
18850 3550 2892 
18900 3544 3109 
18950 3558 3293 
19000 3546 3363 
19050 3320 2263 
19100 3429 1274 
19150 3482 580 
19200 3505 238 
19250 3527 88 
19300 3537 24 
19350 3544 16 
19400 3546 8 
19450 3539 5 
19500 3544 9 
19550 3536 40 
19600 3529 760 
19650 3530 1339 
19700 3535 1785 
19750 3531 2160 
19800 3556 2491 
19850 3545 2709 
19900 3546 2920 
19950 3550 3082 
20000 3562 3210 
20050 3368 2370 
20100 3421 1477 
20150 3448 924 
20200 3486 543 
20250 3529 298 
20300 3546 159 
20350 3554 63 
20400 3544 12 
20450 3562 3 
20500 3552 5 
20550 3534 309 
20600 3531 1062 
20650 3532 1498 
20700 3534 1875 
20750 3541 2223 
20800 3546 2489 
20850 3541 2741 
20900 3542 2975 
20950 3536 3153 
21000 3546 3300 
21050 3312 2404 
21100 3386 1608 
21150 3444 1157 
21200 3463 757 
21250 3522 519 
21300 3531 332 
21350 3541 180 
21400 3544 88 
21450 3550 32 
21500 3545 12 
21550 3550 1 
21600 3546 535 
21650 3545 1174 
21700 3549 1717 
21750 3550 2119 
21800 3543 2434 
21850 3542 2698 
21900 3551 2932 
21950 3544 3132 
22000 3534 3255 
22050 3320 2347 
22100 3421 1320 
22150 3490 773 
22200 3505 391 
22250 3510 167 
22300 3551 73 
22350 3539 28 
22400 3544 7 
22450 3543 3 
22500 3537 2 
22550 3538 448 
22600 3531 982 
22650 3515 1449 
22700 3512 1835 
22750 3517 2237 
22800 3540 2634 
22850 3512 2859 
22900 3540 3049 
22950 3537 3171 
23000 3540 3280 
23050 3301 2290 
23100 3392 1346 
23150 3469 742 
23200 3506 352 
23250 3529 152 
23300 3525 63 
23350 3552 25 
23400 3541 10 
23450 3548 13 
23500 3550 11 
23550 3532 463 
23600 3556 1073 
23650 3548 1491 
23700 3538 1876 
23750 3549 2186 
23800 3571 2485 
23850 3559 2721 
23900 3540 2919 
23950 3541 3091 
24000 3543 3222 
24050 3298 2320 
24100 3403 1453 
24150 3458 946 
24200 3467 588 
24250 3526 321 
24300 3542 172 
24350 3550 64 
24400 3557 20 
24450 3558 9 
24500 3550 2 
24550 3523 97 
24600 3527 834 
24650 3517 1370 
24700 3511 1804 
24750 3476 2172 
24800 3498 2462 
24850 3494 2734 
24900 3501 3000 
24950 3502 3177 
25000 3537 3325 
25050 3250 2516 
25100 3345 1762 
25150 3393 1199 
25200 3461 870 
25250 3512 618 
25300 3518 329 
25350 3515 149 
25400 3535 61 
25450 3527 20 
25500 3541 6 
25550 3523 43 
25600 3523 844 
25650 3530 1427 
25700 3544 1853 
25750 3557 2196 
25800 3544 2443 
25850 3549 2671 
25900 3550 2881 
25950 3557 3040 
26000 3541 3191 
26050 3353 2148 
26100 3445 1177 
26150 3496 634 
26200 3512 340 
26250 3522 209 
26300 3521 136 
26350 3544 90 
26400 3543 44 
26450 3550 14 
26500 3546 3 
26550 3541 449 
26600 3546 1122 
26650 3546 1625 
26700 3540 1998 
26750 3517 2260 
26800 3540 2502 
26850 3539 2768 
26900 3552 2976 
26950 3546 3117 
27000 3548 3266 
27050 3381 2110 
27100 3461 1114 
27150 3498 565 
27200 3527 211 
27250 3531 66 
27300 3522 27 
27350 3549 10 
27400 3540 4 
27450 3534 2 
27500 3551 0 
27550 3546 306 
27600 3535 927 
27650 3526 1478 
27700 3550 1960 
27750 3544 2324 
27800 3543 2637 
27850 3531 2875 
27900 3535 3111 
27950 3552 3269 
28000 3523 3345 
28050 3339 2211 
28100 3463 1098 
28150 3496 495 
28200 3538 186 
28250 3535 45 
28300 3538 9 
28350 3533 6 
28400 3541 6 
28450 3545 5 
28500 3554 1 
28550 3561 0 
28600 3537 16 
28650 3493 524 
28700 3523 1146 
28750 3537 1663 
28800 3542 2099 
28850 3539 2487 
28900 3541 2792 
28950 3524 3081 
29000 3546 3305 
29050 3351 2121 
29100 3480 1095 
29150 3513 494 
29200 3536 172 
29250 3542 72 
29300 3557 24 
29350 3542 9 
29400 3541 6 
29450 3550 4 
29500 3571 2 
29550 3564 400 
29600 3546 989 
29650 3564 1487 
29700 3553 1943 
29750 3554 2326 
29800 3540 2580 
29850 3554 2806 
29900 3529 2973 
29950 3544 3128 
30000 3560 3264 
30050 3390 2114 
30100 3518 1074 
30150 3517 527 
30200 3534 238 
30250 3550 93 
30300 3551 30 
30350 3538 13 
30400 3539 1 
30450 3547 2 
30500 3526 0 
30550 3543 240 
30600 3545 769 
30650 3546 1265 
30700 3548 1695 
30750 3544 2089 
30800 3540 2480 
30850 3548 2737 
30900 3558 2963 
30950 3541 3089 
31000 3527 3167 
31050 3381 2072 
31100 3470 985 
31150 3501 464 
31200 3536 196 
31250 3539 70 
31300 3542 19 
31350 3553 4 
31400 3555 7 
31450 3551 6 
31500 3545 1 
31550 3529 482 
31600 3544 990 
31650 3541 1406 
31700 3542 1777 
31750 3537 2122 
31800 3541 2434 
31850 3548 2708 
31900 3524 2883 
31950 3536 3033 
32000 3555 3193 
32050 3383 2214 
32100 3476 1133 
32150 3533 606 
32200 3536 258 
32250 3540 105 
32300 3548 42 
32350 3549 13 
32400 3541 4 
32450 3558 2 
32500 3557 2 
32550 3544 9 
32600 3533 548 
32650 3541 1044 
32700 3534 1464 
32750 3538 1797 
32800 3542 2108 
32850 3541 2422 
32900 3552 2713 
32950 3551 2928 
33000 3549 3065 
33050 3420 2067 
33100 3485 957 
33150 3527 405 
33200 3548 131 
33250 3537 38 
33300 3554 13 
33350 3543 11 
33400 3538 4 
33450 3552 2 
33500 3556 6 
33550 3546 0 
33600 3558 186 
33650 3555 793 
33700 3555 1225 
33750 3551 1617 
33800 3546 2007 
33850 3547 2317 
33900 3552 2606 
33950 3557 2852 
34000 3563 3047 
34050 3397 2049 
34100 3477 1054 
34150 3508 534 
34200 3518 283 
34250 3537 136 
34300 3548 55 
34350 3539 26 
34400 3543 6 
34450 3545 3 
34500 3548 1 
34550 3553 704 
34600 3550 1417 
34650 3555 1925 
34700 3543 2305 
34750 3556 2622 
34800 3535 2865 
34850 3550 3116 
34900 3538 3243 
34950 3544 3350 
35000 3539 3410 
35050 3383 2138 
35100 3438 1167 
35150 3500 584 
35200 3512 296 
35250 3523 125 
35300 3548 61 
35350 3548 28 
35400 3542 15 
35450 3544 6 
35500 3547 1 
35550 3525 0 
35600 3529 389 
35650 3542 932 
35700 3535 1502 
35750 3550 1961 
35800 3542 2292 
35850 3547 2573 
35900 3541 2788 
35950 3530 2998 
36000 3538 3153 
36050 3383 2055 
36100 3473 947 
36150 3517 449 
36200 3524 206 
36250 3541 78 
36300 3553 17 
36350 3550 6 
36400 3552 2 
36450 3556 1 
36500 3543 8 
36550 3531 13 
36600 3519 744 
36650 3509 1305 
36700 3518 1826 
36750 3534 2278 
36800 3541 2580 
36850 3537 2856 
36900 3533 3077 
36950 3535 3225 
37000 3536 3352 
37050 3344 2195 
37100 3474 1058 
37150 3510 512 
37200 3522 218 
37250 3527 99 
37300 3544 25 
37350 3526 14 
37400 3540 7 
37450 3537 6 
37500 3548 5 
37550 3544 19 
37600 3550 699 
37650 3549 1188 
37700 3545 1655 
37750 3546 2007 
37800 3547 2321 
37850 3549 2649 
37900 3549 2872 
37950 3547 3041 
38000 3542 3177 
38050 3399 2102 
38100 3448 1113 
38150 3492 570 
38200 3524 300 
38250 3507 142 
38300 3517 60 
38350 3541 32 
38400 3531 9 
38450 3533 10 
38500 3542 3 
38550 3533 347 
38600 3544 1043 
38650 3540 1599 
38700 3567 2111 
38750 3537 2553 
38800 3549 2889 
38850 3563 3164 
38900 3552 3285 
38950 3546 3366 
39000 3554 3407 
39050 3423 1991 
39100 3511 830 
39150 3537 240 
39200 3541 53 
39250 3544 13 
39300 3534 7 
39350 3552 11 
39400 3550 10 
39450 3529 6 
39500 3535 8 
39550 3532 331 
39600 3542 983 
39650 3549 1484 
39700 3527 1897 
39750 3546 2327 
39800 3540 2591 
39850 3536 2832 
39900 3526 3016 
39950 3537 3217 
40000 3555 3343 
40050 3410 2047 
40100 3495 886 
40150 3512 312 
40200 3534 105 
40250 3532 36 
40300 3557 14 
40350 3545 8 
40400 3532 12 
40450 3550 6 
40500 3548 4 
40550 3548 157 
40600 3531 726 
40650 3525 1131 
40700 3540 1525 
40750 3532 1882 
40800 3537 2242 
40850 3544 2512 
40900 3552 2789 
40950 3539 2971 
41000 3551 3172 
41050 3371 2196 
41100 3471 1165 
41150 3513 603 
41200 3543 255 
41250 3541 79 
41300 3533 22 
41350 3549 8 
41400 3550 3 
41450 3542 5 
41500 3549 0 
41550 3548 0 
41600 3545 817 
41650 3537 1547 
41700 3535 2055 
41750 3552 2537 
41800 3557 2886 
41850 3551 3094 
41900 3544 3260 
41950 3545 3320 
42000 3544 3397 
42050 3350 2172 
42100 3497 1066 
42150 3516 482 
42200 3535 171 
42250 3538 36 
42300 3549 13 
42350 3545 7 
42400 3542 2 
42450 3532 2 
42500 3544 4 
42550 3544 207 
42600 3548 825 
42650 3550 1292 
42700 3543 1671 
42750 3550 2027 
42800 3551 2344 
42850 3542 2610 
42900 3541 2847 
42950 3546 3027 
43000 3561 3175 
43050 3366 2259 
43100 3487 1287 
43150 3523 690 
43200 3518 321 
43250 3537 137 
43300 3551 53 
43350 3545 20 
43400 3546 9 
43450 3545 9 
43500 3531 8 
43550 3541 2 
43600 3529 653 
43650 3531 1198 
43700 3527 1685 
43750 3538 2105 
43800 3547 2436 
43850 3539 2689 
43900 3548 2933 
43950 3541 3072 
44000 3553 3212 
44050 3370 2194 
44100 3451 1129 
44150 3491 602 
44200 3502 323 
44250 3523 174 
44300 3545 85 
44350 3550 47 
44400 3547 23 
44450 3531 5 
44500 3529 0 
44550 3528 131 
44600 3535 774 
44650 3531 1245 
44700 3538 1629 
44750 3548 1989 
44800 3541 2360 
44850 3551 2620 
44900 3559 2869 
44950 3545 3030 
45000 3543 3159 
45050 3358 2068 
45100 3438 1086 
45150 3459 524 
45200 3492 263 
45250 3527 132 
45300 3528 53 
45350 3530 31 
45400 3525 17 
45450 3529 6 
45500 3547 4 
45550 3549 203 
45600 3536 870 
45650 3539 1316 
45700 3533 1707 
45750 3544 2060 
45800 3529 2387 
45850 3541 2692 
45900 3541 2920 
45950 3539 3108 
46000 3533 3275 
46050 3328 2343 
46100 3433 1361 
46150 3476 740 
46200 3522 356 
46250 3539 165 
46300 3534 76 
46350 3535 29 
46400 3551 12 
46450 3524 7 
46500 3543 5 
46550 3534 99 
46600 3510 735 
46650 3507 1229 
46700 3538 1666 
46750 3548 1992 
46800 3544 2323 
46850 3533 2602 
46900 3539 2885 
46950 3538 3104 
47000 3536 3252 
47050 3280 2473 
47100 3377 1591 
47150 3456 1033 
47200 3454 637 
47250 3509 425 
47300 3521 241 
47350 3533 127 
47400 3535 56 
47450 3537 12 
47500 3525 3 
47550 3540 10 
47600 3502 425 
47650 3493 975 
47700 3474 1435 
47750 3464 1834 
47800 3458 2117 
47850 3470 2434 
47900 3450 2730 
47950 3444 2933 
48000 3451 3098 
48050 3321 2301 
48100 3420 1489 
48150 3466 860 
48200 3493 452 
48250 3505 231 
48300 3551 120 
48350 3546 44 
48400 3558 13 
48450 3541 13 
48500 3543 9 
48550 3551 171 
48600 3534 758 
48650 3540 1255 
48700 3534 1671 
48750 3538 2032 
48800 3516 2340 
48850 3537 2688 
48900 3529 2923 
48950 3559 3126 
49000 3549 3261 
49050 3337 2535 
49100 3358 1760 
49150 3400 1201 
49200 3474 814 
49250 3508 548 
49300 3519 310 
49350 3530 154 
49400 3536 57 
49450 3543 12 
49500 3557 8 
49550 3527 85 
49600 3521 785 
49650 3505 1273 
49700 3522 1687 
49750 3519 2038 
49800 3522 2351 
49850 3523 2598 
49900 3553 2891 
49950 3541 3097 
50000 3541 3248 
50050 3308 2464 
50100 3369 1566 
50150 3434 977 
50200 3460 622 
50250 3530 454 
50300 3545 295 
50350 3518 153 
50400 3531 55 
50450 3535 14 
50500 3547 8 
50550 3538 327 
50600 3534 837 
50650 3551 1295 
50700 3557 1741 
50750 3543 2111 
50800 3527 2411 
50850 3559 2776 
50900 3530 3001 
50950 3552 3190 
51000 3546 3313 
51050 3306 2485 
51100 3392 1588 
51150 3448 1002 
51200 3503 576 
51250 3531 349 
51300 3549 191 
51350 3536 73 
51400 3544 15 
51450 3559 8 
51500 3556 4 
51550 3509 41 
51600 3350 194 
51650 3273 985 
51700 3328 1553 
51750 3379 1935 
51800 3426 2249 
51850 3454 2514 
51900 3490 2765 
51950 3515 2973 
52000 3527 3164 
52050 3300 2378 
52100 3362 1610 
52150 3408 1049 
52200 3451 667 
52250 3521 391 
52300 3530 243 
52350 3533 126 
52400 3528 61 
52450 3540 35 
52500 3549 13 
52550 3522 7 
52600 3401 140 
52650 3068 483 
52700 2918 1038 
52750 3122 1445 
52800 3222 1800 
52850 3310 2121 
52900 3353 2432 
52950 3402 2639 
53000 3451 2864 
53050 3334 2189 
53100 3439 1481 
53150 3474 937 
53200 3511 566 
53250 3520 319 
53300 3536 177 
53350 3540 100 
53400 3534 43 
53450 3541 23 
53500 3539 13 
53550 3533 314 
53600 3529 1057 
53650 3551 1622 
53700 3541 2012 
53750 3532 2352 
53800 3528 2624 
53850 3529 2854 
53900 3546 3071 
53950 3544 3250 
54000 3544 3374 
54050 3305 2494 
54100 3385 1644 
54150 3422 1059 
54200 3487 658 
54250 3517 401 
54300 3548 158 
54350 3545 50 
54400 3551 22 
54450 3555 10 
54500 3555 2 
54550 3548 252 
54600 3559 772 
54650 3559 1261 
54700 3557 1658 
54750 3554 2016 
54800 3553 2316 
54850 3547 2623 
54900 3558 2915 
54950 3556 3113 
55000 3553 3267 
55050 3320 2365 
55100 3408 1450 
55150 3477 869 
55200 3514 519 
55250 3519 307 
55300 3533 177 
55350 3550 76 
55400 3551 32 
55450 3548 8 
55500 3550 8 
55550 3564 12 
55600 3563 679 
55650 3543 1201 
55700 3550 1651 
55750 3541 2053 
55800 3543 2393 
55850 3542 2690 
55900 3543 2962 
55950 3524 3151 
56000 3554 3327 
56050 3320 2321 
56100 3421 1341 
56150 3501 738 
56200 3516 336 
56250 3534 114 
56300 3547 35 
56350 3548 15 
56400 3536 8 
56450 3532 3 
56500 3546 8 
56550 3540 410 
56600 3541 898 
56650 3536 1362 
56700 3539 1801 
56750 3537 2180 
56800 3530 2490 
56850 3531 2784 
56900 3535 3022 
56950 3539 3186 
57000 3547 3319 
57050 3378 2104 
57100 3465 983 
57150 3511 443 
57200 3532 180 
57250 3562 53 
57300 3540 15 
57350 3540 5 
57400 3538 11 
57450 3538 7 
57500 3538 7 
57550 3529 470 
57600 3532 975 
57650 3538 1432 
57700 3539 1860 
57750 3540 2236 
57800 3550 2598 
57850 3550 2879 
57900 3539 3144 
57950 3546 3322 
58000 3546 3418 
58050 3353 2230 
58100 3475 1134 
58150 3525 509 
58200 3531 186 
58250 3552 60 
58300 3530 28 
58350 3560 22 
58400 3545 27 
58450 3529 26 
58500 3551 19 
58550 3541 409 
58600 3528 988 
58650 3547 1524 
58700 3538 2089 
58750 3530 2546 
58800 3544 2864 
58850 3559 3100 
58900 3550 3285 
58950 3554 3428 
59000 3556 3495 
59050 3307 2342 
59100 3423 1309 
59150 3487 669 
59200 3518 325 
59250 3536 165 
59300 3549 92 
59350 3539 31 
59400 3534 19 
59450 3551 11 
59500 3539 5 
59550 3547 505 
59600 3562 1354 
59650 3559 1921 
59700 3557 2287 
59750 3549 2644 
59800 3552 2941 
59850 3550 3141 
59900 3549 3293 
59950 3537 3388 
60000 3539 3454 
60050 3339 2391 
60100 3421 1411 
60150 3482 852 
60200 3508 518 
60250 3535 362 
60300 3542 228 
60350 3556 130 
60400 3551 69 
60450 3533 31 
60500 3550 5 
60550 3551 310 
60600 3527 885 
60650 3544 1382 
60700 3522 1844 
60750 3544 2269 
60800 3534 2629 
60850 3518 2895 
60900 3537 3112 
60950 3526 3227 
61000 3532 3328 
61050 3287 2404 
61100 3376 1588 
61150 3432 1052 
61200 3451 742 
61250 3513 584 
61300 3515 443 
61350 3535 318 
61400 3530 229 
61450 3528 134 
61500 3526 70 
61550 3521 389 
61600 3529 913 
61650 3524 1387 
61700 3535 1808 
61750 3546 2223 
61800 3549 2570 
61850 3543 2807 
61900 3543 3037 
61950 3554 3222 
62000 3533 3309 
62050 3320 2361 
62100 3391 1445 
62150 3445 977 
62200 3481 675 
62250 3504 498 
62300 3529 353 
62350 3532 236 
62400 3523 155 
62450 3525 103 
62500 3508 56 
62550 3527 219 
62600 3527 980 
62650 3523 1519 
62700 3534 2071 
62750 3527 2503 
62800 3524 2866 
62850 3521 3111 
62900 3518 3277 
62950 3543 3414 
63000 3547 3490 
63050 3294 2531 
63100 3350 1640 
63150 3396 1099 
63200 3492 801 
63250 3516 547 
63300 3532 350 
63350 3531 237 
63400 3522 149 
63450 3539 77 
63500 3533 34 
63550 3514 27 
63600 3415 208 
63650 3376 934 
63700 3426 1339 
63750 3472 1725 
63800 3501 2088 
63850 3498 2418 
63900 3511 2722 
63950 3518 2947 
64000 3530 3127 
64050 3333 2296 
64100 3417 1389 
64150 3477 825 
64200 3519 443 
64250 3525 228 
64300 3540 115 
64350 3552 63 
64400 3542 20 
64450 3537 11 
64500 3550 0 
64550 3559 7 
64600 3496 579 
64650 3482 1224 
64700 3475 1688 
64750 3529 2048 
64800 3525 2348 
64850 3543 2609 
64900 3522 2794 
64950 3524 3028 
65000 3552 3226 
65050 3296 2425 
65100 3354 1734 
65150 3422 1212 
65200 3458 818 
65250 3518 634 
65300 3532 439 
65350 3527 306 
65400 3538 202 
65450 3537 131 
65500 3554 76 
65550 3513 71 
65600 3450 528 
65650 3421 1058 
65700 3420 1554 
65750 3464 1914 
65800 3497 2266 
65850 3497 2553 
65900 3511 2802 
65950 3524 2988 
66000 3551 3188 
66050 3360 2221 
66100 3451 1269 
66150 3489 687 
66200 3508 358 
66250 3537 175 
66300 3551 67 
66350 3552 19 
66400 3543 14 
66450 3539 10 
66500 3528 10 
66550 3540 499 
66600 3533 1132 
66650 3539 1611 
66700 3547 2000 
66750 3528 2332 
66800 3546 2680 
66850 3549 2972 
66900 3547 3161 
66950 3546 3304 
67000 3522 3358 
67050 3322 2249 
67100 3414 1219 
67150 3477 677 
67200 3510 357 
67250 3538 147 
67300 3540 78 
67350 3547 20 
67400 3551 6 
67450 3544 15 
67500 3549 10 
67550 3528 679 
67600 3526 1408 
67650 3529 1868 
67700 3525 2202 
67750 3519 2513 
67800 3514 2758 
67850 3510 2972 
67900 3505 3141 
67950 3523 3327 
68000 3533 3441 
68050 3303 2364 
68100 3355 1509 
68150 3406 930 
68200 3448 533 
68250 3476 356 
68300 3505 218 
68350 3511 145 
68400 3529 79 
68450 3554 49 
68500 3541 24 
68550 3535 51 
68600 3502 726 
68650 3493 1263 
68700 3506 1680 
68750 3524 2071 
68800 3545 2401 
68850 3554 2674 
68900 3555 2900 
68950 3550 3071 
69000 3540 3179 
69050 3331 2404 
69100 3387 1693 
69150 3442 1216 
69200 3476 869 
69250 3526 639 
69300 3536 428 
69350 3524 220 
69400 3531 105 
69450 3535 35 
69500 3552 11 
69550 3552 238 
69600 3557 961 
69650 3558 1466 
69700 3541 1878 
69750 3541 2226 
69800 3538 2548 
69850 3517 2806 
69900 3529 3051 
69950 3541 3219 
70000 3536 3340 
70050 3345 2285 
70100 3420 1326 
70150 3461 786 
70200 3486 395 
70250 3530 212 
70300 3542 107 
70350 3542 43 
70400 3550 21 
70450 3541 9 
70500 3530 5 
70550 3527 520 
70600 3522 1347 
70650 3532 1867 
70700 3535 2282 
70750 3521 2582 
70800 3530 2832 
70850 3540 3038 
70900 3542 3209 
70950 3534 3327 
71000 3536 3400 
71050 3321 2245 
71100 3423 1263 
71150 3499 691 
71200 3511 375 
71250 3524 195 
71300 3519 96 
71350 3542 34 
71400 3555 13 
71450 3548 7 
71500 3561 6 
71550 3562 270 
71600 3554 865 
71650 3554 1340 
71700 3540 1771 
71750 3542 2111 
71800 3548 2478 
71850 3553 2775 
71900 3558 2972 
71950 3556 3151 
72000 3543 3268 
72050 3320 2310 
72100 3422 1326 
72150 3508 676 
72200 3517 288 
72250 3537 105 
72300 3555 46 
72350 3559 8 
72400 3537 7 
72450 3547 9 
72500 3541 11 
72550 3542 532 
72600 3544 1311 
72650 3535 1904 
72700 3534 2373 
72750 3558 2749 
72800 3538 2989 
72850 3547 3204 
72900 3524 3356 
72950 3546 3471 
73000 3535 3506 
73050 3363 2270 
73100 3418 1311 
73150 3456 741 
73200 3494 416 
73250 3513 261 
73300 3534 155 
73350 3537 94 
73400 3544 42 
73450 3541 8 
73500 3538 9 
73550 3535 321 
73600 3532 876 
73650 3538 1408 
73700 3530 1789 
73750 3536 2178 
73800 3529 2546 
73850 3539 2839 
73900 3528 3010 
73950 3551 3146 
74000 3546 3266 
74050 3333 2326 
74100 3429 1312 
74150 3485 676 
74200 3495 343 
74250 3538 170 
74300 3532 82 
74350 3547 34 
74400 3523 10 
74450 3542 10 
74500 3543 2 
74550 3529 668 
74600 3534 1530 
74650 3548 2195 
74700 3553 2647 
74750 3556 2919 
74800 3561 3164 
74850 3532 3299 
74900 3544 3407 
74950 3542 3470 
75000 3535 3506 
75050 3302 2343 
75100 3380 1345 
75150 3408 858 
75200 3464 556 
75250 3514 380 
75300 3503 235 
75350 3523 137 
75400 3529 54 
75450 3522 24 
75500 3531 9 
75550 3536 465 
75600 3535 1050 
75650 3543 1517 
75700 3543 1987 
75750 3550 2309 
75800 3542 2599 
75850 3535 2842 
75900 3538 3049 
75950 3545 3202 
76000 3537 3296 
76050 3314 2359 
76100 3385 1452 
76150 3456 906 
76200 3477 578 
76250 3515 366 
76300 3514 228 
76350 3505 116 
76400 3551 46 
76450 3540 22 
76500 3550 7 
76550 3534 168 
76600 3495 762 
76650 3478 1242 
76700 3480 1664 
76750 3488 2035 
76800 3491 2365 
76850 3462 2669 
76900 3489 2950 
76950 3516 3172 
77000 3533 3293 
77050 3313 2273 
77100 3381 1377 
77150 3426 892 
77200 3419 599 
77250 3482 424 
77300 3512 297 
77350 3538 184 
77400 3534 115 
77450 3525 63 
77500 3532 34 
77550 3556 440 
77600 3552 993 
77650 3551 1387 
77700 3556 1812 
77750 3547 2156 
77800 3547 2461 
77850 3559 2738 
77900 3546 2939 
77950 3556 3095 
78000 3550 3216 
78050 3337 2337 
78100 3399 1420 
78150 3460 804 
78200 3483 451 
78250 3526 241 
78300 3530 128 
78350 3538 54 
78400 3537 15 
78450 3546 8 
78500 3546 4 
78550 3542 299 
78600 3544 849 
78650 3517 1294 
78700 3519 1713 
78750 3536 2095 
78800 3536 2390 
78850 3543 2649 
78900 3540 2889 
78950 3543 3072 
79000 3546 3213 
79050 3294 2288 
79100 3405 1295 
79150 3468 718 
79200 3460 398 
79250 3509 244 
79300 3525 150 
79350 3543 73 
79400 3540 22 
79450 3552 7 
79500 3550 6 
79550 3527 374 
79600 3538 986 
79650 3536 1440 
79700 3523 1836 
79750 3541 2226 
79800 3544 2573 
79850 3541 2883 
79900 3515 3119 
79950 3551 3276 
80000 3544 3349 
80050 3335 2317 
80100 3426 1316 
80150 3491 715 
80200 3526 364 
80250 3545 185 
80300 3549 109 
80350 3541 56 
80400 3551 23 
80450 3537 5 
80500 3537 6 
80550 3530 391 
80600 3527 924 
80650 3547 1369 
80700 3550 1799 
80750 3556 2220 
80800 3547 2597 
80850 3530 2894 
80900 3535 3116 
80950 3543 3234 
81000 3539 3338 
81050 3310 2334 
81100 3407 1345 
81150 3467 799 
81200 3506 452 
81250 3516 230 
81300 3534 108 
81350 3530 43 
81400 3528 13 
81450 3548 7 
81500 3543 8 
81550 3557 4 
81600 3541 618 
81650 3545 1263 
81700 3542 1840 
81750 3546 2301 
81800 3560 2704 
81850 3546 3024 
81900 3544 3262 
81950 3542 3408 
82000 3548 3499 
82050 3343 2382 
82100 3445 1312 
82150 3489 710 
82200 3522 371 
82250 3549 176 
82300 3545 69 
82350 3547 26 
82400 3550 7 
82450 3531 5 
82500 3536 2 
82550 3540 491 
82600 3527 1154 
82650 3508 1638 
82700 3539 1992 
82750 3540 2272 
82800 3532 2526 
82850 3533 2779 
82900 3545 2979 
82950 3531 3141 
83000 3534 3274 
83050 3313 2315 
83100 3412 1370 
83150 3478 702 
83200 3498 323 
83250 3509 138 
83300 3530 75 
83350 3542 21 
83400 3559 6 
83450 3540 7 
83500 3554 8 
83550 3531 125 
83600 3516 745 
83650 3522 1371 
83700 3512 1850 
83750 3497 2276 
83800 3503 2664 
83850 3498 2965 
83900 3510 3184 
83950 3516 3351 
84000 3535 3442 
84050 3342 2427 
84100 3427 1371 
84150 3476 846 
84200 3509 535 
84250 3534 368 
84300 3534 209 
84350 3540 106 
84400 3548 49 
84450 3537 22 
84500 3546 13 
84550 3536 108 
84600 3513 681 
84650 3502 1142 
84700 3510 1589 
84750 3527 1956 
84800 3526 2295 
84850 3530 2596 
84900 3539 2841 
84950 3541 3031 
85000 3537 3144 
85050 3314 2238 
85100 3410 1410 
85150 3474 865 
85200 3516 494 
85250 3533 279 
85300 3531 154 
85350 3534 72 
85400 3553 22 
85450 3562 3 
85500 3534 3 
85550 3549 174 
85600 3550 832 
85650 3536 1329 
85700 3533 1786 
85750 3548 2216 
85800 3551 2598 
85850 3551 2938 
85900 3554 3146 
85950 3548 3286 
86000 3547 3382 
86050 3290 2395 
86100 3385 1507 
86150 3440 920 
86200 3495 526 
86250 3517 272 
86300 3538 103 
86350 3540 23 
86400 3558 8 
86450 3552 1 
86500 3540 7 
86550 3552 173 
86600 3547 827 
86650 3557 1303 
86700 3567 1749 
86750 3570 2153 
86800 3550 2499 
86850 3543 2793 
86900 3551 3100 
86950 3559 3295 
87000 3554 3412 
87050 3296 2484 
87100 3397 1553 
87150 3473 932 
87200 3477 570 
87250 3529 373 
87300 3543 162 
87350 3546 62 
87400 3552 21 
87450 3545 7 
87500 3530 10 
87550 3540 135 
87600 3530 827 
87650 3501 1426 
87700 3511 1855 
87750 3509 2218 
87800 3514 2561 
87850 3515 2819 
87900 3516 3016 
87950 3523 3235 
88000 3535 3395 
88050 3269 2388 
88100 3372 1574 
88150 3406 1027 
88200 3469 637 
88250 3508 385 
88300 3519 198 
88350 3528 94 
88400 3545 31 
88450 3528 17 
88500 3538 15 
88550 3553 3 
88600 3540 587 
88650 3545 1078 
88700 3542 1512 
88750 3522 1868 
88800 3542 2234 
88850 3537 2542 
88900 3541 2815 
88950 3537 3008 
89000 3537 3176 
89050 3276 2476 
89100 3357 1802 
89150 3389 1179 
89200 3476 753 
89250 3522 509 
89300 3527 280 
89350 3536 127 
89400 3551 58 
89450 3538 16 
89500 3551 7 
89550 3518 197 
89600 3506 808 
89650 3497 1327 
89700 3509 1767 
89750 3525 2167 
89800 3529 2505 
89850 3515 2803 
89900 3549 3087 
89950 3546 3236 
90000 3548 3329 
90050 3295 2503 
90100 3379 1726 
90150 3423 1221 
90200 3518 963 
90250 3528 758 
90300 3525 532 
90350 3521 309 
90400 3546 187 
90450 3543 110 
90500 3551 58 
90550 3553 489 
90600 3551 979 
90650 3542 1488 
90700 3550 1875 
90750 3537 2211 
90800 3540 2519 
90850 3548 2760 
90900 3536 2914 
90950 3546 3064 
91000 3552 3182 
91050 3289 2434 
91100 3357 1714 
91150 3433 1168 
91200 3486 803 
91250 3531 520 
91300 3560 286 
91350 3539 121 
91400 3542 53 
91450 3560 13 
91500 3551 3 
91550 3547 307 
91600 3542 878 
91650 3547 1281 
91700 3539 1629 
91750 3556 2018 
91800 3546 2357 
91850 3551 2700 
91900 3544 2974 
91950 3543 3162 
92000 3548 3322 
92050 3323 2364 
92100 3400 1457 
92150 3474 858 
92200 3496 441 
92250 3514 202 
92300 3538 88 
92350 3537 31 
92400 3553 5 
92450 3544 3 
92500 3547 4 
92550 3521 19 
92600 3487 603 
92650 3487 1270 
92700 3489 1819 
92750 3481 2303 
92800 3479 2747 
92850 3484 3046 
92900 3484 3228 
92950 3514 3388 
93000 3526 3460 
93050 3282 2445 
93100 3380 1599 
93150 3401 1073 
93200 3466 736 
93250 3508 552 
93300 3520 381 
93350 3526 219 
93400 3518 128 
93450 3540 62 
93500 3545 19 
93550 3545 531 
93600 3546 1259 
93650 3547 1737 
93700 3550 2124 
93750 3542 2495 
93800 3543 2784 
93850 3538 2995 
93900 3540 3168 
93950 3540 3304 
94000 3547 3419 
94050 3319 2368 
94100 3408 1406 
94150 3463 873 
94200 3489 513 
94250 3525 343 
94300 3540 210 
94350 3537 102 
94400 3541 36 
94450 3541 17 
94500 3548 8 
94550 3545 418 
94600 3544 939 
94650 3535 1382 
94700 3549 1776 
94750 3544 2164 
94800 3545 2481 
94850 3558 2782 
94900 3537 3025 
94950 3545 3214 
95000 3550 3328 
95050 3272 2585 
95100 3328 1801 
95150 3393 1262 
95200 3499 993 
95250 3522 664 
95300 3534 387 
95350 3533 183 
95400 3553 66 
95450 3539 26 
95500 3545 10 
95550 3540 342 
95600 3541 878 
95650 3543 1334 
95700 3551 1789 
95750 3543 2179 
95800 3538 2497 
95850 3554 2812 
95900 3546 3008 
95950 3542 3171 
96000 3551 3317 
96050 3301 2447 
96100 3388 1639 
96150 3439 1080 
96200 3484 682 
96250 3548 455 
96300 3550 243 
96350 3540 112 
96400 3555 33 
96450 3562 12 
96500 3551 5 
96550 3534 186 
96600 3536 834 
96650 3546 1274 
96700 3547 1689 
96750 3553 2083 
96800 3552 2447 
96850 3549 2763 
96900 3533 2963 
96950 3536 3124 
97000 3545 3246 
97050 3339 2335 
97100 3422 1401 
97150 3465 837 
97200 3485 510 
97250 3529 274 
97300 3533 152 
97350 3543 71 
97400 3540 25 
97450 3560 9 
97500 3549 12 
97550 3557 112 
97600 3558 652 
97650 3556 1174 
97700 3550 1588 
97750 3562 1975 
97800 3563 2358 
97850 3558 2684 
97900 3561 2958 
97950 3549 3143 
98000 3550 3280 
98050 3359 2264 
98100 3436 1227 
98150 3463 682 
98200 3497 383 
98250 3518 169 
98300 3540 79 
98350 3532 32 
98400 3548 14 
98450 3542 1 
98500 3555 3 
98550 3558 439 
98600 3548 991 
98650 3541 1409 
98700 3547 1805 
98750 3547 2179 
98800 3539 2520 
98850 3553 2808 
98900 3551 3026 
98950 3543 3198 
99000 3556 3336 
99050 3326 2302 
99100 3422 1275 
99150 3455 810 
99200 3494 512 
99250 3521 307 
99300 3540 184 
99350 3547 61 
99400 3549 22 
99450 3548 14 
99500 3554 4 
99550 3566 193 
99600 3554 868 
99650 3560 1430 
99700 3544 1829 
99750 3534 2136 
99800 3537 2364 
99850 3541 2605 
99900 3552 2839 
99950 3564 3086 
100000 3559 3234 
100050 3361 2288 
100100 3444 1327 
100150 3468 736 
100200 3496 369 
100250 3530 162 
100300 3538 65 
100350 3548 14 
100400 3548 6 
100450 3556 9 
100500 3544 10 
100550 3536 571 
100600 3544 1236 
100650 3544 1784 
100700 3540 2224 
100750 3536 2582 
100800 3558 2879 
100850 3548 3125 
100900 3543 3272 
100950 3541 3362 
101000 3537 3435 
101050 3308 2318 
101100 3435 1328 
101150 3470 728 
101200 3511 356 
101250 3528 146 
101300 3540 61 
101350 3545 17 
101400 3552 8 
101450 3553 1 
101500 3535 1 
101550 3544 70 
101600 3541 652 
101650 3537 1159 
101700 3546 1673 
101750 3541 2167 
101800 3533 2563 
101850 3545 2897 
101900 3551 3107 
101950 3542 3238 
102000 3538 3353 
102050 3313 2347 
102100 3409 1356 
102150 3457 780 
102200 3479 442 
102250 3527 257 
102300 3524 144 
102350 3559 62 
102400 3552 20 
102450 3550 8 
102500 3562 12 
102550 3552 186 
102600 3528 765 
102650 3544 1216 
102700 3530 1646 
102750 3520 2040 
102800 3534 2420 
102850 3535 2725 
102900 3546 2983 
102950 3558 3155 
103000 3551 3278 
103050 3352 2305 
103100 3431 1310 
103150 3478 760 
103200 3509 405 
103250 3528 234 
103300 3550 153 
103350 3549 83 
103400 3554 30 
103450 3540 11 
103500 3541 4 
103550 3546 128 
103600 3544 1002 
103650 3553 1600 
103700 3566 2050 
103750 3554 2330 
103800 3555 2599 
103850 3548 2833 
103900 3555 3065 
103950 3552 3227 
104000 3544 3341 
104050 3343 2188 
104100 3433 1211 
104150 3496 657 
104200 3538 260 
104250 3538 85 
104300 3557 25 
104350 3548 4 
104400 3531 6 
104450 3537 4 
104500 3553 5 
104550 3540 39 
104600 3547 737 
104650 3544 1242 
104700 3563 1674 
104750 3560 2050 
104800 3558 2430 
104850 3563 2769 
104900 3559 3030 
104950 3546 3173 
105000 3552 3269 
105050 3352 2101 
105100 3454 1104 
105150 3540 469 
105200 3536 156 
105250 3545 42 
105300 3550 17 
105350 3550 6 
105400 3547 7 
105450 3555 4 
105500 3541 2 
105550 3559 1 
105600 3512 388 
105650 3537 999 
105700 3544 1490 
105750 3553 2023 
105800 3548 2403 
105850 3558 2702 
105900 3543 2924 
105950 3562 3130 
106000 3538 3248 
106050 3368 2075 
106100 3452 1046 
106150 3475 510 
106200 3504 240 
106250 3532 94 
106300 3554 27 
106350 3533 7 
106400 3546 3 
106450 3539 0 
106500 3551 0 
106550 3551 726 
106600 3539 1525 
106650 3542 2204 
106700 3545 2707 
106750 3549 3025 
106800 3546 3242 
106850 3560 3369 
106900 3559 3485 
106950 3566 3534 
107000 3551 3518 
107050 3343 1736 
107100 3458 698 
107150 3537 298 
107200 3544 121 
107250 3561 37 
107300 3558 10 
107350 3542 3 
107400 3551 4 
107450 3561 5 
107500 3548 4 
107550 3540 173 
107600 3548 994 
107650 3553 1617 
107700 3545 2171 
107750 3557 2684 
107800 3556 3004 
107850 3565 3176 
107900 3562 3345 
107950 3556 3448 
108000 3563 3510 
108050 3375 1669 
108100 3500 499 
108150 3538 165 
108200 3547 58 
108250 3552 25 
108300 3561 5 
108350 3560 5 
108400 3560 6 
108450 3558 2 
108500 3571 5 
108550 3553 888 
108600 3541 1610 
108650 3546 2238 
108700 3547 2662 
108750 3545 2981 
108800 3546 3189 
108850 3551 3329 
108900 3552 3444 
108950 3561 3502 
109000 3550 3520 
109050 3336 1794 
109100 3468 732 
109150 3527 356 
109200 3539 124 
109250 3563 26 
109300 3551 7 
109350 3561 6 
109400 3556 9 
109450 3548 3 
109500 3554 5 
109550 3521 406 
109600 3529 1334 
109650 3533 1969 
109700 3549 2485 
109750 3548 2858 
109800 3563 3197 
109850 3561 3425 
109900 3558 3537 
109950 3554 3543 
110000 3548 3526 
110050 3310 2033 
110100 3488 1381 
110150 3495 846 
110200 3492 481 
110250 3517 230 
110300 3528 95 
110350 3556 42 
110400 3558 7 
110450 3560 2 
110500 3547 2 
110550 3552 244 
110600 3566 1115 
110650 3559 1786 
110700 3553 2312 
110750 3563 2760 
110800 3557 3053 
110850 3554 3223 
110900 3567 3376 
110950 3551 3458 
111000 3555 3513 
111050 3346 1875 
111100 3490 831 
111150 3528 416 
111200 3547 163 
111250 3555 35 
111300 3556 17 
111350 3561 4 
111400 3551 5 
111450 3545 4 
111500 3555 4 
111550 3565 940 
111600 3564 1942 
111650 3553 2619 
111700 3571 3111 
111750 3568 3392 
111800 3551 3519 
111850 3557 3541 
111900 3542 3533 
111950 3559 3552 
112000 3555 3559 
112050 3288 2142 
112100 3490 1372 
112150 3530 850 
112200 3533 482 
112250 3552 225 
112300 3562 80 
112350 3559 19 
112400 3557 6 
112450 3551 7 
112500 3566 2 
112550 3456 108 
112600 3303 986 
112650 3428 1641 
112700 3505 2158 
112750 3564 2604 
112800 3567 2997 
112850 3559 3244 
112900 3558 3394 
112950 3546 3472 
113000 3551 3538 
113050 3283 2161 
113100 3490 1390 
113150 3524 758 
113200 3556 315 
113250 3560 94 
113300 3560 14 
113350 3567 0 
113400 3548 1 
113450 3554 2 
113500 3557 1 
113550 3565 359 
113600 3567 1244 
113650 3565 1928 
113700 3563 2534 
113750 3561 3006 
113800 3556 3282 
113850 3564 3431 
113900 3556 3492 
113950 3559 3532 
114000 3542 3533 
114050 3293 2046 
114100 3464 1165 
114150 3527 611 
114200 3502 245 
114250 3528 83 
114300 3555 11 
114350 3551 2 
114400 3551 1 
114450 3565 0 
114500 3555 0 
114550 3549 487 
114600 3542 1370 
114650 3557 1972 
114700 3547 2519 
114750 3561 3039 
114800 3559 3330 
114850 3556 3473 
114900 3534 3517 
114950 3560 3552 
115000 3555 3545 
115050 3322 2026 
115100 3450 1083 
115150 3514 559 
115200 3545 278 
115250 3572 102 
115300 3546 12 
115350 3554 3 
115400 3570 4 
115450 3557 4 
115500 3563 1 
115550 3565 893 
115600 3557 1641 
115650 3544 2191 
115700 3564 2600 
115750 3548 2959 
115800 3562 3268 
115850 3542 3422 
115900 3554 3526 
115950 3561 3561 
116000 3569 3560 
116050 3318 2095 
116100 3491 1223 
116150 3478 689 
116200 3535 327 
116250 3551 185 
116300 3559 74 
116350 3552 18 
116400 3562 3 
116450 3562 0 
116500 3567 2 
116550 3548 295 
116600 3559 1308 
116650 3548 1983 
116700 3558 2572 
116750 3559 3006 
116800 3548 3261 
116850 3547 3381 
116900 3561 3480 
116950 3554 3541 
117000 3554 3548 
117050 3229 2408 
117100 3439 1674 
117150 3450 973 
117200 3514 546 
117250 3551 303 
117300 3550 139 
117350 3572 41 
117400 3552 8 
117450 3554 2 
117500 3541 1 
117550 3545 720 
117600 3549 1453 
117650 3549 2051 
117700 3547 2596 
117750 3551 2964 
117800 3563 3213 
117850 3564 3374 
117900 3564 3475 
117950 3544 3525 
118000 3565 3555 
118050 3287 2110 
118100 3510 1295 
118150 3531 612 
118200 3560 182 
118250 3540 29 
118300 3558 8 
118350 3557 0 
118400 3527 0 
118450 3549 0 
118500 3555 0 
118550 3532 735 
118600 3543 1499 
118650 3536 2074 
118700 3552 2627 
118750 3546 3023 
118800 3553 3232 
118850 3550 3379 
118900 3560 3477 
118950 3548 3519 
119000 3554 3544 
119050 3282 2241 
119100 3478 1587 
119150 3473 969 
119200 3485 532 
119250 3519 223 
119300 3550 74 
119350 3552 25 
119400 3538 2 
119450 3565 1 
119500 3550 3 
119550 3558 716 
119600 3547 1513 
119650 3547 2135 
119700 3559 2727 
119750 3554 3092 
119800 3551 3299 
119850 3557 3466 
119900 3555 3539 
119950 3553 3544 
120000 3527 3525 
120050 3280 2009 
120100 3448 1004 
120150 3512 494 
120200 3530 170 
120250 3554 38 
120300 3560 8 
120350 3554 3 
120400 3547 5 
120450 3546 2 
120500 3544 9 
120550 3545 855 
120600 3533 1600 
120650 3548 2257 
120700 3543 2807 
120750 3528 3181 
120800 3558 3435 
120850 3557 3531 
120900 3538 3522 
120950 3541 3541 
121000 3545 3537 
121050 3251 2147 
121100 3480 1305 
121150 3478 703 
121200 3485 361 
121250 3521 168 
121300 3537 42 
121350 3530 7 
121400 3559 3 
121450 3547 5 
121500 3545 6 
121550 3533 347 
121600 3541 1354 
121650 3549 2037 
121700 3554 2665 
121750 3549 3150 
121800 3548 3420 
121850 3564 3533 
121900 3541 3537 
121950 3537 3525 
122000 3548 3541 
122050 3331 2016 
122100 3493 1119 
122150 3510 622 
122200 3514 356 
122250 3525 190 
122300 3528 79 
122350 3553 19 
122400 3550 4 
122450 3558 2 
122500 3559 0 
122550 3533 41 
122600 3542 983 
122650 3557 1658 
122700 3550 2237 
122750 3558 2736 
122800 3557 3090 
122850 3559 3309 
122900 3552 3430 
122950 3534 3488 
123000 3537 3530 
123050 3324 1852 
123100 3487 723 
123150 3535 250 
123200 3546 52 
123250 3556 4 
123300 3569 3 
123350 3563 0 
123400 3550 4 
123450 3537 2 
123500 3551 4 
123550 3509 300 
123600 3543 1152 
123650 3545 1838 
123700 3556 2393 
123750 3555 2905 
123800 3547 3168 
123850 3553 3351 
123900 3539 3464 
123950 3552 3538 
124000 3544 3541 
124050 3331 2101 
124100 3472 1295 
124150 3478 780 
124200 3500 447 
124250 3523 232 
124300 3542 95 
124350 3545 27 
124400 3552 2 
124450 3566 6 
124500 3551 1 
124550 3540 439 
124600 3526 1364 
124650 3549 2031 
124700 3543 2533 
124750 3561 2896 
124800 3553 3184 
124850 3556 3362 
124900 3558 3487 
124950 3550 3537 
125000 3549 3545 
125050 3297 2108 
125100 3456 1328 
125150 3499 751 
125200 3547 360 
125250 3556 151 
125300 3553 52 
125350 3556 11 
125400 3549 2 
125450 3547 0 
125500 3563 1 
125550 3546 542 
125600 3546 1293 
125650 3547 1973 
125700 3558 2539 
125750 3539 2997 
125800 3547 3330 
125850 3558 3500 
125900 3558 3556 
125950 3565 3565 
126000 3556 3553 
126050 3302 2110 
126100 3456 1262 
126150 3497 651 
126200 3521 274 
126250 3545 59 
126300 3555 13 
126350 3531 0 
126400 3540 4 
126450 3559 4 
126500 3553 4 
126550 3423 124 
126600 2906 648 
126650 2491 1487 
126700 2435 2177 
126750 2490 2599 
126800 2619 2938 
126850 2778 3235 
126900 2915 3409 
126950 3041 3501 
127000 3206 3537 
127050 3043 2380 
127100 3330 1535 
127150 3445 1019 
127200 3470 653 
127250 3531 358 
127300 3526 176 
127350 3547 48 
127400 3549 15 
127450 3539 3 
127500 3554 1 
127550 3485 53 
127600 2995 560 
127650 2260 1317 
127700 2144 2006 
127750 2381 2491 
127800 2675 2791 
127850 2975 3026 
127900 3210 3225 
127950 3354 3342 
128000 3440 3439 
128050 3242 2306 
128100 3457 1571 
128150 3468 1023 
128200 3467 593 
128250 3489 278 
128300 3524 93 
128350 3545 28 
128400 3536 4 
128450 3532 0 
128500 3545 2 
128550 3510 36 
128600 3363 547 
128650 3393 1223 
128700 3430 1695 
128750 3486 2144 
128800 3534 2505 
128850 3556 2821 
128900 3558 3096 
128950 3545 3242 
129000 3525 3346 
129050 3286 2212 
129100 3383 1203 
129150 3493 665 
129200 3524 346 
129250 3552 124 
129300 3544 19 
129350 3537 2 
129400 3539 2 
129450 3535 5 
129500 3543 0 
129550 3555 629 
129600 3560 1285 
129650 3554 1806 
129700 3554 2263 
129750 3555 2608 
129800 3528 2929 
129850 3538 3127 
129900 3537 3274 
129950 3539 3340 
130000 3539 3441 
130050 3366 1782 
130100 3476 682 
130150 3500 213 
130200 3535 76 
130250 3548 16 
130300 3551 7 
130350 3545 5 
130400 3555 8 
130450 3543 5 
130500 3542 0 
130550 3554 849 
130600 3544 1695 
130650 3544 2337 
130700 3542 2699 
130750 3562 3020 
130800 3560 3239 
130850 3552 3369 
130900 3540 3445 
130950 3538 3485 
131000 3540 3507 
131050 3378 1907 
131100 3494 831 
131150 3534 327 
131200 3559 131 
131250 3544 41 
131300 3557 15 
131350 3548 9 
131400 3553 4 
131450 3527 4 
131500 3539 10 
131550 3539 816 
131600 3544 1606 
131650 3541 2167 
131700 3538 2586 
131750 3558 3003 
131800 3536 3250 
131850 3539 3426 
131900 3541 3483 
131950 3541 3509 
132000 3532 3486 
132050 3407 1731 
132100 3521 559 
132150 3530 154 
132200 3542 45 
132250 3551 14 
132300 3532 10 
132350 3542 12 
132400 3540 11 
132450 3555 8 
132500 3547 6 
132550 3544 737 
132600 3550 1433 
132650 3553 1917 
132700 3560 2414 
132750 3555 2834 
132800 3555 3089 
132850 3554 3272 
132900 3542 3351 
132950 3535 3448 
133000 3537 3492 
133050 3391 2050 
133100 3477 988 
133150 3513 455 
133200 3551 235 
133250 3565 77 
133300 3535 16 
133350 3542 6 
133400 3545 7 
133450 3545 9 
133500 3542 12 
133550 3500 366 
133600 3516 1129 
133650 3514 1729 
133700 3515 2255 
133750 3510 2582 
133800 3536 2886 
133850 3530 3103 
133900 3549 3263 
133950 3554 3346 
134000 3555 3420 
134050 3337 2077 
134100 3439 1066 
134150 3467 567 
134200 3527 408 
134250 3528 248 
134300 3526 128 
134350 3537 50 
134400 3547 20 
134450 3549 13 
134500 3554 11 
134550 3541 628 
134600 3548 1605 
134650 3562 2189 
134700 3540 2617 
134750 3542 2977 
134800 3538 3182 
134850 3547 3306 
134900 3536 3406 
134950 3549 3460 
135000 3550 3496 
135050 3395 1745 
135100 3493 650 
135150 3537 146 
135200 3532 39 
135250 3554 17 
135300 3548 13 
135350 3543 9 
135400 3560 13 
135450 3553 19 
135500 3557 15 
135550 3546 659 
135600 3547 1381 
135650 3544 1943 
135700 3548 2380 
135750 3528 2701 
135800 3538 3037 
135850 3561 3313 
135900 3547 3420 
135950 3544 3505 
136000 3545 3525 
136050 3344 2003 
136100 3445 994 
136150 3475 433 
136200 3522 188 
136250 3555 93 
136300 3549 24 
136350 3545 10 
136400 3549 16 
136450 3557 10 
136500 3549 9 
136550 3527 629 
136600 3513 1482 
136650 3504 2129 
136700 3512 2581 
136750 3517 2949 
136800 3527 3195 
136850 3529 3366 
136900 3537 3455 
136950 3562 3536 
137000 3562 3536 
137050 3340 2006 
137100 3411 1115 
137150 3462 628 
137200 3506 385 
137250 3537 168 
137300 3546 49 
137350 3554 16 
137400 3548 7 
137450 3552 13 
137500 3539 9 
137550 3541 591 
137600 3544 1519 
137650 3557 2134 
137700 3541 2517 
137750 3551 2838 
137800 3547 3128 
137850 3547 3348 
137900 3535 3453 
137950 3533 3498 
138000 3559 3541 
138050 3335 2037 
138100 3461 951 
138150 3525 408 
138200 3534 169 
138250 3543 29 
138300 3548 5 
138350 3545 10 
138400 3538 7 
138450 3556 8 
138500 3549 6 
138550 3559 571 
138600 3554 1317 
138650 3558 1944 
138700 3542 2463 
138750 3547 2820 
138800 3559 3120 
138850 3560 3321 
138900 3555 3427 
138950 3557 3482 
139000 3537 3490 
139050 3372 1909 
139100 3466 855 
139150 3476 372 
139200 3528 225 
139250 3551 113 
139300 3530 51 
139350 3536 26 
139400 3558 12 
139450 3535 8 
139500 3555 19 
139550 3556 817 
139600 3553 1471 
139650 3547 1966 
139700 3561 2490 
139750 3559 2856 
139800 3541 3183 
139850 3551 3405 
139900 3546 3509 
139950 3544 3525 
140000 3536 3502 
140050 3318 2016 
140100 3440 976 
140150 3500 439 
140200 3508 227 
140250 3526 88 
140300 3549 36 
140350 3542 11 
140400 3552 12 
140450 3531 17 
140500 3549 19 
140550 3551 732 
140600 3548 1513 
140650 3550 2015 
140700 3546 2364 
140750 3548 2689 
140800 3553 2961 
140850 3560 3215 
140900 3539 3387 
140950 3543 3492 
141000 3551 3523 
141050 3308 2096 
141100 3429 918 
141150 3504 403 
141200 3539 135 
141250 3549 22 
141300 3533 14 
141350 3560 8 
141400 3558 6 
141450 3538 9 
141500 3550 4 
141550 3542 154 
141600 3526 1258 
141650 3528 2015 
141700 3516 2502 
141750 3523 2865 
141800 3531 3141 
141850 3558 3362 
141900 3549 3480 
141950 3543 3521 
142000 3545 3534 
142050 3284 2084 
142100 3383 1154 
142150 3502 645 
142200 3510 323 
142250 3531 92 
142300 3542 21 
142350 3561 9 
142400 3559 10 
142450 3532 4 
142500 3537 10 
142550 3561 881 
142600 3545 1615 
142650 3555 2097 
142700 3533 2533 
142750 3541 2879 
142800 3536 3115 
142850 3542 3294 
142900 3566 3462 
142950 3552 3523 
143000 3528 3512 
143050 3356 1991 
143100 3451 1020 
143150 3507 541 
143200 3535 297 
143250 3538 107 
143300 3553 40 
143350 3556 9 
143400 3566 4 
143450 3559 8 
143500 3548 7 
143550 3558 724 
143600 3548 1426 
143650 3543 1963 
143700 3557 2464 
143750 3548 2837 
143800 3543 3115 
143850 3543 3292 
143900 3555 3428 
143950 3544 3498 
144000 3552 3526 
144050 3365 2037 
144100 3462 1003 
144150 3514 421 
144200 3541 157 
144250 3559 44 
144300 3550 7 
144350 3564 10 
144400 3538 7 
144450 3537 7 
144500 3558 13 
144550 3537 449 
144600 3538 1255 
144650 3540 1966 
144700 3552 2549 
144750 3552 3027 
144800 3531 3319 
144850 3547 3457 
144900 3554 3530 
144950 3562 3537 
145000 3567 3554 
145050 3339 2155 
145100 3439 1159 
145150 3528 659 
145200 3530 344 
145250 3523 142 
145300 3538 38 
145350 3547 20 
145400 3554 9 
145450 3531 4 
145500 3557 9 
145550 3542 614 
145600 3554 1426 
145650 3547 2029 
145700 3544 2540 
145750 3568 2896 
145800 3564 3148 
145850 3554 3282 
145900 3553 3418 
145950 3544 3484 
146000 3550 3502 
146050 3365 1935 
146100 3445 959 
146150 3521 464 
146200 3539 195 
146250 3549 38 
146300 3541 11 
146350 3535 4 
146400 3544 14 
146450 3555 8 
146500 3567 5 
146550 3557 712 
146600 3554 1420 
146650 3551 1942 
146700 3557 2403 
146750 3555 2818 
146800 3544 3104 
146850 3544 3291 
146900 3558 3420 
146950 3541 3496 
147000 3558 3528 
147050 3377 1962 
147100 3493 857 
147150 3530 341 
147200 3537 95 
147250 3545 26 
147300 3557 7 
147350 3545 7 
147400 3542 8 
147450 3543 8 
147500 3547 6 
147550 3564 718 
147600 3549 1571 
147650 3540 2194 
147700 3553 2714 
147750 3553 3091 
147800 3565 3355 
147850 3561 3496 
147900 3555 3531 
147950 3561 3556 
148000 3546 3542 
148050 3280 2268 
148100 3404 1296 
148150 3511 784 
148200 3525 328 
148250 3535 86 
148300 3543 10 
148350 3561 4 
148400 3555 5 
148450 3560 6 
148500 3555 4 
148550 3544 234 
148600 3545 1046 
148650 3551 1653 
148700 3560 2173 
148750 3553 2603 
148800 3554 2949 
148850 3555 3152 
148900 3548 3304 
148950 3538 3412 
149000 3531 3480 
149050 3365 1957 
149100 3437 933 
149150 3486 440 
149200 3516 222 
149250 3540 91 
149300 3547 39 
149350 3551 6 
149400 3573 3 
149450 3547 7 
149500 3545 3 
149550 3542 542 
149600 3546 1359 
149650 3554 1972 
149700 3566 2490 
149750 3549 2846 
149800 3560 3173 
149850 3545 3371 
149900 3552 3496 
149950 3547 3531 
150000 3560 3554 
150050 3311 2124 
150100 3439 1062 
150150 3525 595 
150200 3537 325 
150250 3554 140 
150300 3553 34 
150350 3549 9 
150400 3546 4 
150450 3562 5 
150500 3554 6 
150550 3562 650 
150600 3562 1254 
150650 3560 1826 
150700 3556 2352 
150750 3564 2757 
150800 3558 3065 
150850 3554 3291 
150900 3552 3419 
150950 3560 3497 
151000 3552 3534 
151050 3334 2050 
151100 3422 1178 
151150 3487 687 
151200 3534 381 
151250 3528 145 
151300 3542 56 
151350 3546 9 
151400 3557 3 
151450 3545 2 
151500 3545 4 
151550 3547 358 
151600 3559 1089 
151650 3549 1629 
151700 3556 2091 
151750 3553 2508 
151800 3554 2810 
151850 3547 3094 
151900 3554 3257 
151950 3558 3382 
152000 3542 3463 
152050 3317 2161 
152100 3392 1312 
152150 3497 786 
152200 3518 411 
152250 3541 192 
152300 3554 75 
152350 3558 26 
152400 3552 8 
152450 3561 2 
152500 3561 2 
152550 3544 74 
152600 3538 926 
152650 3564 1552 
152700 3542 2025 
152750 3548 2452 
152800 3552 2903 
152850 3552 3175 
152900 3555 3336 
152950 3555 3451 
153000 3550 3514 
153050 3321 2100 
153100 3424 1099 
153150 3513 643 
153200 3529 366 
153250 3554 178 
153300 3543 57 
153350 3547 9 
153400 3567 1 
153450 3565 5 
153500 3556 2 
153550 3562 584 
153600 3567 1210 
153650 3577 1719 
153700 3574 2211 
153750 3557 2656 
153800 3563 2980 
153850 3565 3198 
153900 3570 3365 
153950 3562 3461 
154000 3560 3532 
154050 3313 2041 
154100 3416 1009 
154150 3490 484 
154200 3538 254 
154250 3543 79 
154300 3562 19 
154350 3565 5 
154400 3553 0 
154450 3548 2 
154500 3563 0 
154550 3564 2 
154600 3460 102 
154650 3256 688 
154700 3197 1341 
154750 3243 1884 
154800 3297 2338 
154850 3351 2783 
154900 3430 3114 
154950 3492 3252 
155000 3556 3383 
155050 3318 2042 
155100 3422 1032 
155150 3459 637 
155200 3523 483 
155250 3540 332 
155300 3534 191 
155350 3534 116 
155400 3548 65 
155450 3537 20 
155500 3550 4 
155550 3565 449 
155600 3567 1251 
155650 3562 1900 
155700 3565 2393 
155750 3567 2736 
155800 3564 2995 
155850 3555 3197 
155900 3546 3325 
155950 3566 3451 
156000 3564 3517 
156050 3357 2077 
156100 3467 1091 
156150 3523 483 
156200 3548 223 
156250 3571 50 
156300 3566 5 
156350 3570 0 
156400 3571 4 
156450 3545 0 
156500 3558 0 
156550 3569 526 
156600 3568 1305 
156650 3563 1836 
156700 3553 2293 
156750 3570 2700 
156800 3573 2982 
156850 3582 3212 
156900 3564 3343 
156950 3559 3420 
157000 3561 3487 
157050 3307 2300 
157100 3394 1406 
157150 3522 1010 
157200 3530 675 
157250 3545 376 
157300 3554 155 
157350 3549 52 
157400 3551 13 
157450 3562 2 
157500 3560 3 
157550 3570 247 
157600 3546 1224 
157650 3569 1787 
157700 3558 2179 
157750 3563 2525 
157800 3556 2804 
157850 3558 3070 
157900 3572 3330 
157950 3578 3508 
158000 3569 3543 
158050 3333 2047 
158100 3467 915 
158150 3539 359 
158200 3562 148 
158250 3561 36 
158300 3567 19 
158350 3568 5 
158400 3560 5 
158450 3570 1 
158500 3560 4 
158550 3560 692 
158600 3560 1393 
158650 3570 1909 
158700 3563 2436 
158750 3572 2884 
158800 3557 3139 
158850 3567 3318 
158900 3560 3406 
158950 3560 3479 
159000 3574 3539 
159050 3319 2288 
159100 3445 1430 
159150 3559 1019 
159200 3558 694 
159250 3549 465 
159300 3556 301 
159350 3564 181 
159400 3572 87 
159450 3564 31 
159500 3568 9 
159550 3573 522 
159600 3557 1192 
159650 3554 1719 
159700 3568 2207 
159750 3563 2587 
159800 3566 2941 
159850 3568 3186 
159900 3561 3362 
159950 3575 3475 
160000 3569 3517 
160050 3360 2058 
160100 3460 968 
160150 3529 484 
160200 3553 246 
160250 3554 107 
160300 3555 52 
160350 3562 9 
160400 3573 12 
160450 3567 5 
160500 3572 0 
160550 3568 877 
160600 3575 1902 
160650 3575 2641 
160700 3575 3109 
160750 3574 3348 
160800 3571 3491 
160850 3555 3527 
160900 3581 3564 
160950 3569 3556 
161000 3564 3547 
161050 3384 2134 
161100 3488 1081 
161150 3554 503 
161200 3567 204 
161250 3578 32 
161300 3563 9 
161350 3568 2 
161400 3576 3 
161450 3570 1 
161500 3566 3 
161550 3557 636 
161600 3559 1272 
161650 3553 1835 
161700 3559 2353 
161750 3570 2791 
161800 3568 3087 
161850 3572 3267 
161900 3567 3387 
161950 3570 3461 
162000 3578 3525 
162050 3363 2080 
162100 3443 1109 
162150 3512 554 
162200 3557 226 
162250 3571 39 
162300 3563 4 
162350 3573 1 
162400 3576 4 
162450 3571 6 
162500 3562 4 
162550 3565 252 
162600 3567 1221 
162650 3565 1868 
162700 3572 2365 
162750 3565 2789 
162800 3565 3100 
162850 3575 3303 
162900 3565 3413 
162950 3556 3492 
163000 3550 3519 
163050 3275 2182 
163100 3388 1272 
163150 3512 734 
163200 3538 315 
163250 3557 117 
163300 3569 34 
163350 3568 20 
163400 3569 8 
163450 3564 2 
163500 3554 7 
163550 3568 646 
163600 3559 1280 
163650 3563 1869 
163700 3562 2318 
163750 3574 2751 
163800 3569 3070 
163850 3566 3323 
163900 3569 3443 
163950 3575 3532 
164000 3576 3552 
164050 3312 2428 
164100 3540 1774 
164150 3548 1148 
164200 3559 703 
164250 3548 408 
164300 3569 213 
164350 3574 107 
164400 3577 36 
164450 3569 9 
164500 3557 8 
164550 3569 3 
164600 3577 997 
164650 3569 1624 
164700 3576 2158 
164750 3564 2570 
164800 3568 2908 
164850 3571 3153 
164900 3570 3352 
164950 3566 3490 
165000 3571 3557 
165050 3323 2170 
165100 3454 1111 
165150 3536 654 
165200 3542 346 
165250 3573 149 
165300 3570 53 
165350 3567 8 
165400 3584 2 
165450 3570 1 
165500 3563 1 
165550 3569 419 
165600 3572 1099 
165650 3574 1639 
165700 3577 2167 
165750 3567 2602 
165800 3559 2986 
165850 3563 3277 
165900 3560 3436 
165950 3570 3518 
166000 3563 3550 
166050 3295 2177 
166100 3407 1252 
166150 3527 827 
166200 3541 476 
166250 3540 260 
166300 3569 126 
166350 3566 38 
166400 3565 13 
166450 3569 9 
166500 3571 8 
166550 3579 308 
166600 3579 1270 
166650 3571 1903 
166700 3576 2401 
166750 3570 2752 
166800 3575 3041 
166850 3577 3255 
166900 3573 3386 
166950 3583 3463 
167000 3587 3538 
167050 3376 2082 
167100 3479 1072 
167150 3556 452 
167200 3566 188 
167250 3577 48 
167300 3578 7 
167350 3582 8 
167400 3574 2 
167450 3574 6 
167500 3579 3 
167550 3572 271 
167600 3576 1311 
167650 3571 1990 
167700 3574 2478 
167750 3567 2868 
167800 3572 3169 
167850 3569 3346 
167900 3574 3457 
167950 3569 3508 
168000 3564 3528 
168050 3404 2015 
168100 3523 915 
168150 3547 341 
168200 3552 103 
168250 3572 20 
168300 3581 7 
168350 3583 3 
168400 3556 3 
168450 3575 3 
168500 3556 5 
168550 3559 639 
168600 3559 1508 
168650 3563 2264 
168700 3572 2793 
168750 3571 3138 
168800 3567 3326 
168850 3560 3434 
168900 3569 3517 
168950 3562 3548 
169000 3573 3566 
169050 3346 2183 
169100 3458 1252 
169150 3570 789 
169200 3568 396 
169250 3575 156 
169300 3559 55 
169350 3565 11 
169400 3567 1 
169450 3565 3 
169500 3575 8 
169550 3575 86 
169600 3572 929 
169650 3563 1545 
169700 3565 1983 
169750 3575 2467 
169800 3559 2815 
169850 3565 3073 
169900 3571 3222 
169950 3574 3365 
170000 3568 3447 
170050 3340 2124 
170100 3471 1120 
170150 3524 551 
170200 3557 285 
170250 3566 96 
170300 3573 31 
170350 3568 10 
170400 3567 5 
170450 3560 5 
170500 3562 5 
170550 3581 317 
170600 3558 1058 
170650 3557 1689 
170700 3549 2185 
170750 3575 2628 
170800 3567 2899 
170850 3557 3065 
170900 3563 3219 
170950 3566 3349 
171000 3567 3461 
171050 3352 2142 
171100 3444 1163 
171150 3530 584 
171200 3568 323 
171250 3569 135 
171300 3572 35 
171350 3557 4 
171400 3577 2 
171450 3568 2 
171500 3570 3 
171550 3566 491 
171600 3570 1157 
171650 3573 1777 
171700 3571 2307 
171750 3581 2746 
171800 3574 3027 
171850 3582 3272 
171900 3577 3385 
171950 3587 3472 
172000 3583 3524 
172050 3352 2136 
172100 3458 1135 
172150 3551 536 
172200 3560 234 
172250 3565 80 
172300 3564 28 
172350 3569 12 
172400 3577 2 
172450 3565 2 
172500 3578 3 
172550 3575 256 
172600 3586 1395 
172650 3575 2044 
172700 3581 2544 
172750 3582 2959 
172800 3580 3242 
172850 3575 3452 
172900 3567 3534 
172950 3576 3569 
173000 3578 3555 
173050 3282 2288 
173100 3546 1573 
173150 3563 927 
173200 3570 508 
173250 3560 211 
173300 3582 78 
173350 3559 25 
173400 3575 4 
173450 3569 2 
173500 3581 0 
173550 3577 426 
173600 3576 1107 
173650 3578 1653 
173700 3582 2145 
173750 3582 2617 
173800 3587 2955 
173850 3592 3194 
173900 3588 3358 
173950 3586 3440 
174000 3584 3507 
174050 3327 2160 
174100 3436 1206 
174150 3526 773 
174200 3557 530 
174250 3546 351 
174300 3539 209 
174350 3551 91 
174400 3566 11 
174450 3573 2 
174500 3582 2 
174550 3566 0 
174600 3568 842 
174650 3577 1453 
174700 3571 2048 
174750 3568 2502 
174800 3567 2835 
174850 3574 3109 
174900 3573 3302 
174950 3549 3404 
175000 3571 3500 
175050 3360 2018 
175100 3475 942 
175150 3509 501 
175200 3554 311 
175250 3570 157 
175300 3567 64 
175350 3570 30 
175400 3569 13 
175450 3565 1 
175500 3563 1 
175550 3568 396 
175600 3569 1152 
175650 3564 1752 
175700 3569 2226 
175750 3567 2714 
175800 3574 3060 
175850 3572 3274 
175900 3575 3400 
175950 3570 3469 
176000 3572 3511 
176050 3338 2100 
176100 3453 1135 
176150 3531 658 
176200 3552 384 
176250 3556 152 
176300 3568 27 
176350 3558 6 
176400 3569 6 
176450 3563 1 
176500 3569 1 
176550 3565 465 
176600 3572 1198 
176650 3568 1808 
176700 3564 2305 
176750 3570 2707 
176800 3569 3030 
176850 3571 3241 
176900 3577 3365 
176950 3579 3489 
177000 3564 3539 
177050 3303 2288 
177100 3425 1300 
177150 3567 792 
177200 3555 328 
177250 3571 80 
177300 3566 8 
177350 3570 2 
177400 3561 2 
177450 3558 0 
177500 3574 2 
177550 3560 1 
177600 3572 704 
177650 3568 1350 
177700 3571 1880 
177750 3561 2365 
177800 3554 2691 
177850 3572 2986 
177900 3572 3198 
177950 3578 3352 
178000 3572 3449 
178050 3319 2339 
178100 3443 1317 
178150 3551 862 
178200 3562 525 
178250 3566 316 
178300 3567 148 
178350 3579 61 
178400 3562 10 
178450 3576 0 
178500 3564 0 
178550 3578 0 
178600 3568 0 
178650 3567 608 
178700 3570 1244 
178750 3563 1719 
178800 3569 2244 
178850 3565 2743 
178900 3562 3107 
178950 3562 3342 
179000 3575 3470 
179050 3352 2156 
179100 3484 1018 
179150 3538 441 
179200 3564 174 
179250 3564 50 
179300 3563 15 
179350 3560 7 
179400 3563 4 
179450 3570 1 
179500 3570 1 
179550 3554 9 
179600 3407 160 
179650 3301 914 
179700 3408 1483 
179750 3478 1976 
179800 3525 2432 
179850 3531 2763 
179900 3548 3040 
179950 3556 3238 
180000 3567 3406 
180050 3302 2307 
180100 3401 1462 
180150 3549 1141 
180200 3566 753 
180250 3575 438 
180300 3561 233 
180350 3563 94 
180400 3565 38 
180450 3559 10 
180500 3569 2 
180550 3577 618 
180600 3570 1302 
180650 3581 1889 
180700 3572 2387 
180750 3574 2764 
180800 3557 3038 
180850 3552 3283 
180900 3571 3439 
180950 3561 3509 
181000 3565 3545 
181050 3312 2212 
181100 3441 1332 
181150 3537 990 
181200 3533 666 
181250 3549 399 
181300 3544 227 
181350 3566 126 
181400 3566 61 
181450 3571 28 
181500 3565 9 
181550 3567 0 
181600 3558 0 
181650 3568 0 
181700 3565 968 
181750 3571 1568 
181800 3562 2143 
181850 3565 2680 
181900 3572 3051 
181950 3572 3240 
182000 3579 3392 
182050 3379 2035 
182100 3486 913 
182150 3550 379 
182200 3568 138 
182250 3571 32 
182300 3554 7 
182350 3557 1 
182400 3566 2 
182450 3575 3 
182500 3573 1 
182550 3560 601 
182600 3569 1379 
182650 3577 1987 
182700 3567 2530 
182750 3573 2945 
182800 3563 3211 
182850 3574 3418 
182900 3564 3515 
182950 3566 3550 
183000 3573 3562 
183050 3306 2036 
183100 3436 1165 
183150 3564 758 
183200 3559 416 
183250 3568 188 
183300 3565 52 
183350 3573 4 
183400 3564 3 
183450 3562 2 
183500 3572 4 
183550 3577 658 
183600 3569 1571 
183650 3564 2195 
183700 3566 2687 
183750 3570 3071 
183800 3567 3305 
183850 3565 3458 
183900 3565 3523 
183950 3566 3557 
184000 3569 3565 
184050 3237 2251 
184100 3518 1809 
184150 3529 1328 
184200 3532 904 
184250 3543 588 
184300 3547 340 
184350 3556 131 
184400 3552 15 
184450 3560 1 
184500 3565 0 
184550 3571 794 
184600 3572 1824 
184650 3569 2496 
184700 3568 3018 
184750 3561 3297 
184800 3561 3435 
184850 3554 3512 
184900 3563 3559 
184950 3569 3563 
185000 3572 3567 
185050 3289 2277 
185100 3524 1579 
185150 3522 987 
185200 3519 536 
185250 3546 280 
185300 3562 132 
185350 3554 49 
185400 3572 10 
185450 3566 2 
185500 3578 0 
185550 3571 631 
185600 3565 1507 
185650 3558 2105 
185700 3565 2556 
185750 3566 2881 
185800 3574 3149 
185850 3567 3344 
185900 3567 3496 
185950 3563 3540 
186000 3561 3547 
186050 3339 2145 
186100 3486 1132 
186150 3559 576 
186200 3552 243 
186250 3568 85 
186300 3569 9 
186350 3576 2 
186400 3571 4 
186450 3577 3 
186500 3578 2 
186550 3572 809 
186600 3575 1864 
186650 3581 2529 
186700 3578 2987 
186750 3571 3258 
186800 3574 3416 
186850 3575 3493 
186900 3571 3539 
186950 3572 3550 
187000 3579 3566 
187050 3349 1989 
187100 3479 863 
187150 3558 347 
187200 3566 100 
187250 3580 13 
187300 3577 4 
187350 3571 4 
187400 3567 4 
187450 3557 6 
187500 3572 10 
187550 3559 719 
187600 3564 1407 
187650 3563 2054 
187700 3570 2644 
187750 3567 3104 
187800 3556 3353 
187850 3567 3481 
187900 3559 3523 
187950 3570 3529 
188000 3573 3544 
188050 3367 1892 
188100 3463 920 
188150 3544 536 
188200 3565 277 
188250 3564 86 
188300 3571 17 
188350 3550 2 
188400 3571 4 
188450 3582 3 
188500 3573 2 
188550 3545 66 
188600 3553 994 
188650 3557 1704 
188700 3551 2234 
188750 3576 2746 
188800 3565 3064 
188850 3565 3256 
188900 3564 3383 
188950 3565 3480 
189000 3576 3525 
189050 3367 1900 
189100 3481 661 
189150 3564 209 
189200 3555 43 
189250 3567 14 
189300 3560 9 
189350 3559 3 
189400 3568 6 
189450 3581 4 
189500 3559 4 
189550 3569 678 
189600 3571 1413 
189650 3561 2007 
189700 3571 2549 
189750 3542 2858 
189800 3564 3119 
189850 3556 3299 
189900 3547 3410 
189950 3566 3506 
190000 3569 3541 
190050 3364 1903 
190100 3463 883 
190150 3541 380 
190200 3552 133 
190250 3562 19 
190300 3571 7 
190350 3566 11 
190400 3547 3 
190450 3577 5 
190500 3552 2 
190550 3557 623 
190600 3556 1357 
190650 3559 2041 
190700 3567 2613 
190750 3566 3035 
190800 3564 3260 
190850 3560 3411 
190900 3563 3498 
190950 3564 3550 
191000 3566 3561 
191050 3245 2190 
191100 3485 1240 
191150 3531 614 
191200 3544 270 
191250 3543 94 
191300 3558 23 
191350 3564 6 
191400 3563 1 
191450 3572 4 
191500 3557 5 
191550 3562 572 
191600 3550 1263 
191650 3546 1884 
191700 3550 2462 
191750 3544 2873 
191800 3544 3144 
191850 3551 3295 
191900 3559 3437 
191950 3578 3525 
192000 3571 3535 
192050 3340 1936 
192100 3445 998 
192150 3562 567 
192200 3558 234 
192250 3573 45 
192300 3575 6 
192350 3565 0 
192400 3563 2 
192450 3562 5 
192500 3576 4 
192550 3574 157 
192600 3569 1059 
192650 3559 1674 
192700 3562 2193 
192750 3569 2673 
192800 3568 3031 
192850 3568 3264 
192900 3565 3357 
192950 3560 3463 
193000 3569 3513 
193050 3405 1658 
193100 3494 716 
193150 3519 297 
193200 3553 148 
193250 3545 57 
193300 3569 13 
193350 3570 4 
193400 3575 6 
193450 3566 4 
193500 3570 5 
193550 3560 13 
193600 3525 1076 
193650 3522 1776 
193700 3519 2336 
193750 3543 2869 
193800 3543 3182 
193850 3551 3374 
193900 3561 3476 
193950 3569 3537 
194000 3565 3546 
194050 3344 1817 
194100 3491 751 
194150 3529 319 
194200 3555 100 
194250 3552 11 
194300 3563 6 
194350 3566 7 
194400 3573 12 
194450 3567 6 
194500 3569 5 
194550 3563 322 
194600 3572 1257 
194650 3570 2012 
194700 3574 2546 
194750 3570 2938 
194800 3566 3217 
194850 3564 3400 
194900 3569 3508 
194950 3575 3550 
195000 3581 3569 
195050 3289 2155 
195100 3464 1172 
195150 3536 682 
195200 3531 350 
195250 3537 165 
195300 3553 62 
195350 3564 17 
195400 3563 10 
195450 3571 2 
195500 3564 3 
195550 3574 691 
195600 3563 1433 
195650 3565 2025 
195700 3568 2514 
195750 3561 2948 
195800 3571 3200 
195850 3573 3352 
195900 3567 3461 
195950 3564 3513 
196000 3557 3528 
196050 3377 1916 
196100 3487 941 
196150 3543 555 
196200 3555 225 
196250 3557 46 
196300 3577 6 
196350 3568 10 
196400 3565 8 
196450 3567 15 
196500 3574 5 
196550 3571 876 
196600 3574 1676 
196650 3560 2275 
196700 3563 2786 
196750 3566 3122 
196800 3565 3382 
196850 3565 3509 
196900 3560 3535 
196950 3569 3560 
197000 3574 3554 
197050 3353 2060 
197100 3456 1006 
197150 3541 494 
197200 3561 159 
197250 3549 51 
197300 3540 9 
197350 3568 3 
197400 3569 2 
197450 3555 9 
197500 3554 6 
197550 3571 738 
197600 3578 1703 
197650 3568 2244 
197700 3569 2701 
197750 3562 3076 
197800 3559 3332 
197850 3575 3471 
197900 3573 3545 
197950 3566 3551 
198000 3576 3569 
198050 3287 2189 
198100 3486 1439 
198150 3510 878 
198200 3546 434 
198250 3554 200 
198300 3563 69 
198350 3565 20 
198400 3570 2 
198450 3557 13 
198500 3571 4 
198550 3574 869 
198600 3567 1700 
198650 3568 2320 
198700 3571 2758 
198750 3565 3115 
198800 3573 3357 
198850 3565 3481 
198900 3559 3533 
198950 3566 3547 
199000 3566 3544 
199050 3427 1761 
199100 3548 623 
199150 3555 156 
199200 3564 35 
199250 3555 4 
199300 3559 7 
199350 3559 5 
199400 3559 5 
199450 3570 2 
199500 3555 12 
199550 3559 660 
199600 3548 1548 
199650 3562 2195 
199700 3549 2654 
199750 3563 3000 
199800 3558 3286 
199850 3557 3446 
199900 3562 3516 
199950 3562 3544 
200000 3551 3543 
