# Avida tasks data
# Fri Apr  6 23:49:03 2012
# First column gives the current update, next columns give the number
# of organisms that have the particular task as a component of their merit
#  1: Update
#  2: Xor
#  3: Equals

0 0 0 
50 8 8 
100 45 45 
150 129 129 
200 243 243 
250 432 433 
300 688 690 
350 961 963 
400 1310 1311 
450 1685 1687 
500 2159 2160 
550 2672 2671 
600 3157 3156 
650 3401 3403 
700 3530 3529 
750 3541 3546 
800 3532 3537 
850 3541 3537 
900 3540 3537 
950 3547 3536 
1000 3538 3541 
1050 3549 3548 
1100 3540 3537 
1150 3550 3544 
1200 3547 3545 
1250 3539 3539 
1300 3551 3552 
1350 3529 3524 
1400 3531 3532 
1450 3527 3529 
1500 3531 3533 
1550 3548 3548 
1600 3547 3546 
1650 3531 3531 
1700 3545 3546 
1750 3546 3545 
1800 3554 3556 
1850 3558 3556 
1900 3551 3554 
1950 3531 3528 
2000 3535 3536 
2050 3552 3548 
2100 3536 3538 
2150 3558 3560 
2200 3555 3552 
2250 3537 3533 
2300 3541 3540 
2350 3564 3561 
2400 3554 3552 
2450 3551 3551 
2500 3560 3556 
2550 3552 3551 
2600 3553 3551 
2650 3539 3536 
2700 3545 3543 
2750 3541 3535 
2800 3547 3550 
2850 3531 3530 
2900 3539 3537 
2950 3533 3534 
3000 3539 3537 
3050 3555 3554 
3100 3552 3549 
3150 3545 3549 
3200 3546 3548 
3250 3555 3553 
3300 3537 3539 
3350 3531 3535 
3400 3556 3556 
3450 3536 3542 
3500 3553 3545 
3550 3535 3535 
3600 3543 3547 
3650 3544 3545 
3700 3545 3543 
3750 3550 3544 
3800 3543 3540 
3850 3542 3541 
3900 3551 3547 
3950 3548 3546 
4000 3555 3548 
4050 3555 3551 
4100 3546 3543 
4150 3547 3548 
4200 3544 3545 
4250 3540 3543 
4300 3551 3554 
4350 3539 3538 
4400 3542 3547 
4450 3534 3540 
4500 3555 3549 
4550 3547 3543 
4600 3553 3546 
4650 3541 3539 
4700 3541 3544 
4750 3556 3556 
4800 3542 3550 
4850 3541 3535 
4900 3538 3538 
4950 3558 3559 
5000 3529 3529 
5050 3553 3558 
5100 3533 3535 
5150 3532 3531 
5200 3557 3560 
5250 3548 3545 
5300 3531 3538 
5350 3542 3542 
5400 3562 3557 
5450 3537 3536 
5500 3535 3538 
5550 3548 3543 
5600 3537 3537 
5650 3540 3542 
5700 3539 3546 
5750 3552 3553 
5800 3534 3539 
5850 3555 3552 
5900 3542 3540 
5950 3540 3537 
6000 3542 3543 
6050 3543 3541 
6100 3556 3558 
6150 3556 3560 
6200 3553 3550 
6250 3550 3553 
6300 3523 3531 
6350 3542 3535 
6400 3539 3541 
6450 3534 3534 
6500 3552 3553 
6550 3542 3540 
6600 3541 3539 
6650 3550 3548 
6700 3550 3554 
6750 3526 3526 
6800 3542 3542 
6850 3532 3531 
6900 3538 3542 
6950 3537 3541 
7000 3549 3547 
7050 3558 3553 
7100 3550 3547 
7150 3538 3537 
7200 3548 3549 
7250 3535 3537 
7300 3541 3537 
7350 3542 3538 
7400 3536 3539 
7450 3547 3545 
7500 3547 3544 
7550 3539 3536 
7600 3555 3549 
7650 3546 3544 
7700 3545 3544 
7750 3530 3542 
7800 3540 3536 
7850 3544 3549 
7900 3536 3531 
7950 3534 3529 
8000 3546 3552 
8050 3555 3550 
8100 3535 3544 
8150 3542 3548 
8200 3535 3536 
8250 3533 3538 
8300 3538 3534 
8350 3558 3555 
8400 3552 3543 
8450 3547 3547 
8500 3547 3545 
8550 3528 3527 
8600 3522 3526 
8650 3537 3543 
8700 3542 3529 
8750 3549 3541 
8800 3547 3551 
8850 3533 3533 
8900 3527 3529 
8950 3551 3550 
9000 3551 3550 
9050 3558 3558 
9100 3550 3546 
9150 3547 3551 
9200 3550 3549 
9250 3536 3535 
9300 3549 3548 
9350 3539 3535 
9400 3532 3532 
9450 3527 3534 
9500 3543 3542 
9550 3553 3557 
9600 3538 3540 
9650 3527 3528 
9700 3551 3546 
9750 3550 3540 
9800 3540 3542 
9850 3543 3543 
9900 3559 3556 
9950 3527 3527 
10000 3547 3538 
10050 3545 3547 
10100 3546 3541 
10150 3541 3537 
10200 3555 3558 
10250 3546 3542 
10300 3539 3533 
10350 3537 3538 
10400 3539 3541 
10450 3544 3545 
10500 3559 3553 
10550 3542 3543 
10600 3540 3545 
10650 3541 3549 
10700 3553 3553 
10750 3545 3554 
10800 3534 3536 
10850 3543 3548 
10900 3548 3551 
10950 3544 3546 
11000 3558 3560 
11050 3561 3564 
11100 3562 3563 
11150 3561 3558 
11200 3546 3548 
11250 3546 3548 
11300 3534 3528 
11350 3535 3534 
11400 3551 3552 
11450 3560 3552 
11500 3533 3535 
11550 3555 3550 
11600 3551 3551 
11650 3540 3535 
11700 3525 3528 
11750 3536 3537 
11800 3546 3543 
11850 3546 3544 
11900 3557 3559 
11950 3542 3548 
12000 3540 3545 
12050 3550 3550 
12100 3550 3556 
12150 3531 3532 
12200 3537 3533 
12250 3532 3529 
12300 3548 3552 
12350 3558 3558 
12400 3545 3551 
12450 3544 3544 
12500 3545 3541 
12550 3528 3527 
12600 3557 3559 
12650 3547 3536 
12700 3568 3558 
12750 3547 3541 
12800 3553 3554 
12850 3547 3546 
12900 3537 3541 
12950 3553 3554 
13000 3548 3551 
13050 3551 3551 
13100 3538 3541 
13150 3538 3528 
13200 3534 3537 
13250 3536 3542 
13300 3533 3534 
13350 3530 3530 
13400 3524 3524 
13450 3546 3544 
13500 3542 3542 
13550 3554 3552 
13600 3552 3549 
13650 3547 3543 
13700 3534 3531 
13750 3536 3534 
13800 3540 3541 
13850 3543 3538 
13900 3538 3540 
13950 3552 3557 
14000 3544 3547 
14050 3540 3543 
14100 3548 3545 
14150 3549 3550 
14200 3541 3539 
14250 3548 3543 
14300 3538 3535 
14350 3544 3549 
14400 3548 3560 
14450 3529 3532 
14500 3545 3545 
14550 3543 3542 
14600 3543 3547 
14650 3548 3550 
14700 3540 3538 
14750 3548 3545 
14800 3519 3525 
14850 3539 3538 
14900 3549 3548 
14950 3536 3539 
15000 3548 3544 
15050 3552 3556 
15100 3557 3559 
15150 3558 3552 
15200 3535 3525 
15250 3529 3535 
15300 3547 3549 
15350 3546 3548 
15400 3545 3551 
15450 3541 3544 
15500 3544 3548 
15550 3556 3552 
15600 3545 3543 
15650 3527 3525 
15700 3556 3557 
15750 3547 3544 
15800 3540 3535 
15850 3549 3550 
15900 3540 3537 
15950 3545 3544 
16000 3542 3547 
16050 3541 3541 
16100 3547 3545 
16150 3537 3542 
16200 3536 3538 
16250 3549 3550 
16300 3552 3553 
16350 3540 3540 
16400 3547 3550 
16450 3547 3556 
16500 3535 3540 
16550 3542 3548 
16600 3543 3544 
16650 3543 3541 
16700 3544 3541 
16750 3557 3555 
16800 3562 3559 
16850 3558 3559 
16900 3543 3538 
16950 3545 3542 
17000 3549 3549 
17050 3549 3546 
17100 3552 3543 
17150 3546 3552 
17200 3540 3543 
17250 3534 3540 
17300 3533 3534 
17350 3542 3541 
17400 3535 3533 
17450 3541 3542 
17500 3549 3544 
17550 3548 3547 
17600 3540 3537 
17650 3547 3547 
17700 3521 3520 
17750 3547 3549 
17800 3538 3544 
17850 3546 3544 
17900 3528 3530 
17950 3537 3536 
18000 3543 3537 
18050 3542 3535 
18100 3556 3555 
18150 3557 3557 
18200 3555 3557 
18250 3542 3541 
18300 3536 3543 
18350 3549 3542 
18400 3545 3541 
18450 3553 3556 
18500 3542 3544 
18550 3541 3543 
18600 3534 3534 
18650 3551 3543 
18700 3550 3553 
18750 3540 3543 
18800 3545 3547 
18850 3546 3547 
18900 3532 3536 
18950 3532 3536 
19000 3543 3537 
19050 3553 3552 
19100 3536 3536 
19150 3551 3550 
19200 3551 3552 
19250 3540 3536 
19300 3540 3537 
19350 3534 3536 
19400 3551 3546 
19450 3533 3537 
19500 3534 3527 
19550 3545 3543 
19600 3543 3541 
19650 3522 3521 
19700 3526 3526 
19750 3518 3528 
19800 3555 3557 
19850 3547 3547 
19900 3554 3555 
19950 3546 3547 
20000 3527 3526 
20050 3546 3555 
20100 3546 3542 
20150 3526 3525 
20200 3540 3548 
20250 3546 3547 
20300 3543 3534 
20350 3548 3547 
20400 3555 3558 
20450 3547 3550 
20500 3524 3524 
20550 3560 3552 
20600 3533 3526 
20650 3540 3543 
20700 3537 3542 
20750 3546 3541 
20800 3529 3529 
20850 3531 3535 
20900 3542 3543 
20950 3540 3552 
21000 3551 3545 
21050 3540 3538 
21100 3540 3537 
21150 3518 3523 
21200 3549 3547 
21250 3547 3549 
21300 3547 3541 
21350 3545 3550 
21400 3548 3549 
21450 3539 3537 
21500 3536 3540 
21550 3553 3556 
21600 3532 3530 
21650 3539 3542 
21700 3555 3556 
21750 3566 3563 
21800 3547 3542 
21850 3551 3548 
21900 3549 3546 
21950 3547 3541 
22000 3546 3546 
22050 3551 3550 
22100 3557 3557 
22150 3553 3556 
22200 3546 3549 
22250 3557 3558 
22300 3545 3548 
22350 3529 3536 
22400 3541 3540 
22450 3533 3535 
22500 3551 3546 
22550 3544 3541 
22600 3539 3544 
22650 3533 3531 
22700 3545 3547 
22750 3545 3543 
22800 3542 3539 
22850 3553 3551 
22900 3552 3550 
22950 3529 3532 
23000 3557 3557 
23050 3549 3550 
23100 3538 3539 
23150 3532 3527 
23200 3542 3546 
23250 3538 3542 
23300 3527 3531 
23350 3546 3542 
23400 3548 3546 
23450 3528 3530 
23500 3556 3559 
23550 3560 3557 
23600 3555 3556 
23650 3556 3556 
23700 3541 3542 
23750 3546 3549 
23800 3548 3543 
23850 3533 3528 
23900 3542 3543 
23950 3537 3542 
24000 3550 3548 
24050 3545 3543 
24100 3538 3538 
24150 3538 3540 
24200 3541 3540 
24250 3544 3540 
24300 3537 3532 
24350 3531 3531 
24400 3527 3526 
24450 3538 3533 
24500 3527 3528 
24550 3528 3524 
24600 3547 3551 
24650 3555 3556 
24700 3551 3552 
24750 3531 3533 
24800 3557 3555 
24850 3549 3542 
24900 3550 3548 
24950 3547 3546 
25000 3544 3534 
25050 3550 3543 
25100 3540 3540 
25150 3536 3547 
25200 3539 3540 
25250 3550 3544 
25300 3542 3541 
25350 3541 3540 
25400 3552 3552 
25450 3557 3556 
25500 3546 3547 
25550 3539 3540 
25600 3554 3554 
25650 3537 3536 
25700 3545 3544 
25750 3545 3543 
25800 3552 3548 
25850 3551 3545 
25900 3551 3554 
25950 3546 3548 
26000 3540 3546 
26050 3536 3540 
26100 3521 3525 
26150 3553 3554 
26200 3547 3544 
26250 3542 3542 
26300 3534 3526 
26350 3537 3531 
26400 3547 3547 
26450 3547 3549 
26500 3546 3546 
26550 3538 3545 
26600 3539 3543 
26650 3542 3538 
26700 3551 3555 
26750 3542 3548 
26800 3550 3556 
26850 3551 3552 
26900 3530 3529 
26950 3549 3550 
27000 3541 3543 
27050 3554 3551 
27100 3550 3549 
27150 3547 3548 
27200 3530 3534 
27250 3538 3535 
27300 3542 3545 
27350 3557 3561 
27400 3545 3543 
27450 3549 3550 
27500 3536 3537 
27550 3536 3549 
27600 3538 3544 
27650 3536 3534 
27700 3548 3546 
27750 3540 3538 
27800 3555 3551 
27850 3529 3527 
27900 3546 3543 
27950 3552 3550 
28000 3531 3541 
28050 3535 3533 
28100 3553 3547 
28150 3547 3548 
28200 3562 3566 
28250 3550 3548 
28300 3548 3545 
28350 3535 3543 
28400 3542 3540 
28450 3543 3540 
28500 3555 3556 
28550 3534 3533 
28600 3537 3543 
28650 3545 3546 
28700 3541 3539 
28750 3549 3555 
28800 3535 3533 
28850 3534 3529 
28900 3536 3538 
28950 3555 3554 
29000 3560 3562 
29050 3557 3547 
29100 3536 3530 
29150 3539 3542 
29200 3533 3535 
29250 3552 3553 
29300 3546 3552 
29350 3533 3540 
29400 3549 3549 
29450 3541 3544 
29500 3556 3555 
29550 3534 3535 
29600 3548 3556 
29650 3540 3545 
29700 3539 3539 
29750 3547 3541 
29800 3544 3539 
29850 3538 3543 
29900 3548 3547 
29950 3551 3553 
30000 3551 3555 
30050 3544 3543 
30100 3547 3549 
30150 3543 3542 
30200 3544 3541 
30250 3542 3548 
30300 3547 3547 
30350 3548 3550 
30400 3542 3543 
30450 3556 3553 
30500 3534 3533 
30550 3541 3538 
30600 3546 3548 
30650 3537 3541 
30700 3554 3554 
30750 3527 3531 
30800 3540 3532 
30850 3539 3541 
30900 3537 3540 
30950 3539 3538 
31000 3556 3547 
31050 3553 3556 
31100 3562 3556 
31150 3545 3548 
31200 3550 3548 
31250 3548 3548 
31300 3563 3560 
31350 3537 3534 
31400 3544 3544 
31450 3557 3556 
31500 3547 3544 
31550 3548 3542 
31600 3538 3541 
31650 3540 3546 
31700 3545 3532 
31750 3549 3550 
31800 3533 3530 
31850 3540 3547 
31900 3567 3564 
31950 3563 3564 
32000 3544 3547 
32050 3549 3547 
32100 3549 3547 
32150 3553 3549 
32200 3550 3546 
32250 3549 3545 
32300 3548 3549 
32350 3563 3563 
32400 3534 3535 
32450 3556 3563 
32500 3541 3548 
32550 3551 3559 
32600 3545 3545 
32650 3543 3537 
32700 3560 3554 
32750 3553 3556 
32800 3538 3542 
32850 3568 3561 
32900 3549 3544 
32950 3559 3561 
33000 3532 3535 
33050 3554 3552 
33100 3556 3554 
33150 3557 3556 
33200 3552 3556 
33250 3553 3547 
33300 3552 3552 
33350 3541 3539 
33400 3556 3557 
33450 3552 3542 
33500 3535 3537 
33550 3552 3556 
33600 3548 3543 
33650 3535 3535 
33700 3542 3540 
33750 3558 3553 
33800 3551 3553 
33850 3549 3548 
33900 3536 3538 
33950 3554 3552 
34000 3546 3548 
34050 3552 3556 
34100 3548 3554 
34150 3543 3548 
34200 3545 3549 
34250 3530 3533 
34300 3556 3559 
34350 3562 3564 
34400 3547 3543 
34450 3553 3548 
34500 3543 3550 
34550 3547 3544 
34600 3556 3542 
34650 3542 3539 
34700 3534 3535 
34750 3552 3554 
34800 3542 3544 
34850 3540 3544 
34900 3535 3538 
34950 3549 3543 
35000 3562 3564 
35050 3553 3556 
35100 3565 3569 
35150 3555 3558 
35200 3529 3532 
35250 3542 3543 
35300 3542 3535 
35350 3543 3546 
35400 3544 3550 
35450 3545 3547 
35500 3554 3558 
35550 3553 3556 
35600 3539 3541 
35650 3549 3548 
35700 3547 3543 
35750 3550 3549 
35800 3555 3558 
35850 3535 3531 
35900 3522 3524 
35950 3571 3570 
36000 3545 3546 
36050 3538 3541 
36100 3537 3531 
36150 3544 3546 
36200 3556 3559 
36250 3549 3545 
36300 3551 3549 
36350 3538 3542 
36400 3539 3534 
36450 3550 3551 
36500 3553 3550 
36550 3560 3550 
36600 3552 3552 
36650 3529 3530 
36700 3553 3550 
36750 3565 3561 
36800 3554 3552 
36850 3531 3531 
36900 3544 3548 
36950 3535 3533 
37000 3547 3544 
37050 3555 3553 
37100 3553 3546 
37150 3549 3540 
37200 3551 3549 
37250 3561 3562 
37300 3550 3561 
37350 3560 3552 
37400 3553 3550 
37450 3550 3555 
37500 3556 3558 
37550 3558 3558 
37600 3552 3555 
37650 3547 3543 
37700 3547 3548 
37750 3532 3534 
37800 3558 3560 
37850 3561 3559 
37900 3536 3539 
37950 3537 3541 
38000 3544 3539 
38050 3546 3550 
38100 3559 3557 
38150 3551 3551 
38200 3548 3547 
38250 3560 3560 
38300 3549 3543 
38350 3558 3564 
38400 3545 3547 
38450 3543 3548 
38500 3555 3558 
38550 3560 3563 
38600 3537 3548 
38650 3546 3553 
38700 3546 3547 
38750 3545 3549 
38800 3541 3541 
38850 3551 3547 
38900 3547 3546 
38950 3549 3553 
39000 3550 3549 
39050 3546 3553 
39100 3567 3559 
39150 3522 3525 
39200 3549 3556 
39250 3550 3546 
39300 3541 3542 
39350 3540 3545 
39400 3544 3545 
39450 3544 3541 
39500 3547 3544 
39550 3541 3545 
39600 3558 3557 
39650 3558 3552 
39700 3562 3552 
39750 3540 3537 
39800 3559 3561 
39850 3549 3540 
39900 3547 3543 
39950 3561 3556 
40000 3555 3554 
40050 3549 3550 
40100 3527 3537 
40150 3558 3560 
40200 3562 3564 
40250 3563 3565 
40300 3535 3536 
40350 3550 3554 
40400 3560 3563 
40450 3540 3541 
40500 3558 3558 
40550 3548 3545 
40600 3533 3533 
40650 3553 3552 
40700 3547 3554 
40750 3547 3545 
40800 3555 3554 
40850 3546 3550 
40900 3551 3549 
40950 3547 3553 
41000 3544 3544 
41050 3538 3543 
41100 3538 3537 
41150 3549 3551 
41200 3547 3543 
41250 3535 3542 
41300 3525 3526 
41350 3561 3562 
41400 3564 3568 
41450 3549 3546 
41500 3565 3564 
41550 3549 3559 
41600 3548 3549 
41650 3532 3536 
41700 3556 3558 
41750 3548 3546 
41800 3547 3550 
41850 3546 3549 
41900 3547 3549 
41950 3565 3559 
42000 3547 3546 
42050 3540 3538 
42100 3558 3566 
42150 3556 3561 
42200 3549 3548 
42250 3534 3538 
42300 3556 3558 
42350 3542 3546 
42400 3553 3546 
42450 3545 3548 
42500 3546 3547 
42550 3557 3550 
42600 3549 3546 
42650 3551 3551 
42700 3543 3545 
42750 3552 3554 
42800 3543 3540 
42850 3542 3536 
42900 3544 3551 
42950 3541 3542 
43000 3556 3559 
43050 3550 3550 
43100 3561 3557 
43150 3549 3548 
43200 3553 3549 
43250 3547 3548 
43300 3548 3550 
43350 3545 3543 
43400 3538 3538 
43450 3552 3556 
43500 3549 3551 
43550 3555 3556 
43600 3548 3548 
43650 3558 3557 
43700 3543 3544 
43750 3518 3523 
43800 3556 3551 
43850 3561 3556 
43900 3554 3554 
43950 3556 3562 
44000 3547 3541 
44050 3548 3549 
44100 3553 3549 
44150 3552 3559 
44200 3552 3550 
44250 3543 3544 
44300 3547 3547 
44350 3542 3540 
44400 3558 3558 
44450 3556 3558 
44500 3560 3562 
44550 3554 3557 
44600 3545 3549 
44650 3551 3553 
44700 3556 3561 
44750 3555 3559 
44800 3557 3556 
44850 3551 3552 
44900 3561 3555 
44950 3537 3542 
45000 3546 3544 
45050 3547 3541 
45100 3561 3557 
45150 3551 3543 
45200 3556 3552 
45250 3559 3558 
45300 3536 3543 
45350 3527 3528 
45400 3553 3550 
45450 3555 3555 
45500 3557 3558 
45550 3558 3561 
45600 3561 3556 
45650 3555 3551 
45700 3550 3548 
45750 3560 3560 
45800 3548 3547 
45850 3533 3527 
45900 3547 3547 
45950 3554 3556 
46000 3545 3544 
46050 3544 3543 
46100 3551 3552 
46150 3551 3550 
46200 3566 3569 
46250 3546 3538 
46300 3561 3570 
46350 3550 3557 
46400 3556 3554 
46450 3551 3559 
46500 3556 3551 
46550 3557 3557 
46600 3557 3553 
46650 3522 3524 
46700 3551 3550 
46750 3536 3538 
46800 3550 3551 
46850 3541 3543 
46900 3539 3541 
46950 3549 3552 
47000 3564 3562 
47050 3546 3547 
47100 3531 3535 
47150 3564 3566 
47200 3547 3549 
47250 3538 3541 
47300 3543 3546 
47350 3551 3550 
47400 3560 3556 
47450 3552 3552 
47500 3544 3548 
47550 3550 3544 
47600 3550 3552 
47650 3558 3552 
47700 3549 3544 
47750 3550 3551 
47800 3554 3548 
47850 3534 3531 
47900 3558 3557 
47950 3553 3551 
48000 3546 3546 
48050 3542 3549 
48100 3550 3546 
48150 3539 3541 
48200 3538 3544 
48250 3544 3549 
48300 3545 3546 
48350 3553 3550 
48400 3560 3563 
48450 3547 3542 
48500 3562 3561 
48550 3541 3551 
48600 3535 3540 
48650 3531 3533 
48700 3561 3559 
48750 3562 3561 
48800 3535 3530 
48850 3543 3541 
48900 3537 3544 
48950 3538 3538 
49000 3534 3534 
49050 3562 3560 
49100 3568 3557 
49150 3542 3542 
49200 3522 3525 
49250 3531 3541 
49300 3539 3532 
49350 3546 3549 
49400 3551 3551 
49450 3552 3550 
49500 3567 3564 
49550 3562 3558 
49600 3559 3563 
49650 3537 3530 
49700 3558 3562 
49750 3555 3556 
49800 3546 3546 
49850 3553 3555 
49900 3549 3546 
49950 3571 3564 
50000 3556 3554 
50050 3554 3550 
50100 3552 3555 
50150 3553 3548 
50200 3560 3555 
50250 3550 3547 
50300 3568 3561 
50350 3552 3549 
50400 3542 3545 
50450 3533 3535 
50500 3549 3549 
50550 3551 3552 
50600 3549 3549 
50650 3545 3548 
50700 3551 3552 
50750 3577 3576 
50800 3542 3538 
50850 3540 3543 
50900 3552 3547 
50950 3556 3559 
51000 3548 3545 
51050 3541 3534 
51100 3557 3546 
51150 3556 3562 
51200 3554 3553 
51250 3552 3548 
51300 3552 3546 
51350 3540 3542 
51400 3546 3542 
51450 3538 3541 
51500 3558 3555 
51550 3533 3530 
51600 3554 3552 
51650 3566 3568 
51700 3549 3547 
51750 3549 3553 
51800 3544 3542 
51850 3565 3562 
51900 3549 3553 
51950 3555 3556 
52000 3535 3533 
52050 3550 3552 
52100 3551 3554 
52150 3550 3547 
52200 3557 3557 
52250 3553 3550 
52300 3541 3540 
52350 3549 3545 
52400 3548 3552 
52450 3536 3531 
52500 3549 3550 
52550 3553 3556 
52600 3537 3545 
52650 3555 3549 
52700 3541 3544 
52750 3538 3537 
52800 3541 3544 
52850 3546 3546 
52900 3543 3538 
52950 3545 3541 
53000 3546 3545 
53050 3543 3543 
53100 3562 3559 
53150 3555 3556 
53200 3555 3553 
53250 3561 3559 
53300 3546 3548 
53350 3552 3545 
53400 3538 3537 
53450 3557 3557 
53500 3541 3534 
53550 3550 3551 
53600 3557 3556 
53650 3565 3557 
53700 3561 3559 
53750 3548 3554 
53800 3552 3546 
53850 3562 3559 
53900 3556 3557 
53950 3550 3550 
54000 3552 3549 
54050 3547 3548 
54100 3544 3552 
54150 3561 3563 
54200 3545 3545 
54250 3542 3549 
54300 3554 3559 
54350 3539 3537 
54400 3540 3538 
54450 3545 3547 
54500 3544 3546 
54550 3569 3572 
54600 3551 3549 
54650 3558 3551 
54700 3542 3544 
54750 3552 3554 
54800 3543 3544 
54850 3558 3556 
54900 3558 3556 
54950 3531 3536 
55000 3540 3537 
55050 3554 3547 
55100 3545 3550 
55150 3552 3558 
55200 3543 3546 
55250 3537 3536 
55300 3555 3555 
55350 3560 3564 
55400 3541 3543 
55450 3544 3544 
55500 3548 3550 
55550 3538 3539 
55600 3558 3554 
55650 3552 3553 
55700 3539 3541 
55750 3551 3547 
55800 3550 3553 
55850 3549 3548 
55900 3552 3556 
55950 3549 3551 
56000 3544 3550 
56050 3554 3555 
56100 3544 3542 
56150 3562 3558 
56200 3547 3547 
56250 3547 3546 
56300 3542 3548 
56350 3546 3546 
56400 3549 3550 
56450 3554 3556 
56500 3539 3546 
56550 3555 3556 
56600 3541 3537 
56650 3542 3539 
56700 3550 3551 
56750 3550 3546 
56800 3552 3549 
56850 3558 3557 
56900 3553 3551 
56950 3546 3551 
57000 3554 3557 
57050 3542 3541 
57100 3546 3545 
57150 3552 3553 
57200 3552 3556 
57250 3556 3552 
57300 3558 3560 
57350 3554 3553 
57400 3536 3536 
57450 3558 3560 
57500 3550 3553 
57550 3557 3551 
57600 3554 3555 
57650 3544 3544 
57700 3543 3540 
57750 3552 3548 
57800 3565 3564 
57850 3555 3549 
57900 3549 3543 
57950 3562 3567 
58000 3549 3552 
58050 3550 3550 
58100 3558 3551 
58150 3549 3555 
58200 3563 3566 
58250 3534 3538 
58300 3550 3552 
58350 3544 3545 
58400 3548 3544 
58450 3561 3557 
58500 3559 3552 
58550 3560 3558 
58600 3530 3535 
58650 3556 3554 
58700 3558 3558 
58750 3557 3553 
58800 3554 3549 
58850 3554 3556 
58900 3557 3551 
58950 3569 3565 
59000 3561 3558 
59050 3552 3552 
59100 3544 3541 
59150 3550 3549 
59200 3554 3556 
59250 3544 3542 
59300 3556 3558 
59350 3547 3547 
59400 3541 3547 
59450 3546 3548 
59500 3544 3545 
59550 3551 3552 
59600 3541 3546 
59650 3547 3547 
59700 3556 3557 
59750 3553 3550 
59800 3546 3549 
59850 3550 3547 
59900 3544 3543 
59950 3569 3566 
60000 3558 3554 
60050 3547 3548 
60100 3558 3562 
60150 3539 3539 
60200 3546 3547 
60250 3551 3552 
60300 3558 3562 
60350 3552 3552 
60400 3557 3560 
60450 3559 3559 
60500 3548 3549 
60550 3539 3546 
60600 3551 3549 
60650 3553 3549 
60700 3566 3564 
60750 3552 3547 
60800 3548 3553 
60850 3556 3554 
60900 3548 3548 
60950 3556 3558 
61000 3568 3560 
61050 3554 3553 
61100 3562 3559 
61150 3561 3567 
61200 3549 3556 
61250 3568 3567 
61300 3552 3556 
61350 3560 3561 
61400 3562 3555 
61450 3559 3558 
61500 3538 3535 
61550 3536 3541 
61600 3542 3547 
61650 3560 3558 
61700 3553 3551 
61750 3543 3548 
61800 3556 3553 
61850 3547 3546 
61900 3559 3560 
61950 3558 3556 
62000 3546 3546 
62050 3550 3553 
62100 3551 3550 
62150 3548 3543 
62200 3541 3548 
62250 3554 3554 
62300 3537 3552 
62350 3544 3541 
62400 3548 3548 
62450 3541 3535 
62500 3563 3562 
62550 3540 3542 
62600 3542 3547 
62650 3572 3577 
62700 3557 3559 
62750 3552 3553 
62800 3567 3565 
62850 3549 3551 
62900 3563 3561 
62950 3546 3540 
63000 3552 3546 
63050 3552 3550 
63100 3551 3548 
63150 3536 3539 
63200 3532 3537 
63250 3535 3529 
63300 3552 3557 
63350 3552 3554 
63400 3540 3533 
63450 3547 3544 
63500 3548 3546 
63550 3551 3549 
63600 3562 3562 
63650 3569 3566 
63700 3552 3555 
63750 3550 3542 
63800 3534 3529 
63850 3559 3561 
63900 3551 3552 
63950 3565 3562 
64000 3549 3547 
64050 3543 3550 
64100 3552 3547 
64150 3538 3538 
64200 3545 3543 
64250 3545 3545 
64300 3545 3542 
64350 3543 3542 
64400 3518 3516 
64450 3551 3549 
64500 3549 3552 
64550 3563 3556 
64600 3550 3550 
64650 3552 3550 
64700 3556 3553 
64750 3566 3568 
64800 3554 3549 
64850 3559 3560 
64900 3558 3563 
64950 3559 3558 
65000 3554 3552 
65050 3548 3557 
65100 3543 3546 
65150 3556 3554 
65200 3546 3543 
65250 3552 3553 
65300 3550 3547 
65350 3552 3554 
65400 3546 3544 
65450 3550 3541 
65500 3552 3559 
65550 3543 3545 
65600 3562 3563 
65650 3548 3544 
65700 3543 3548 
65750 3537 3540 
65800 3546 3543 
65850 3557 3559 
65900 3553 3558 
65950 3561 3558 
66000 3553 3545 
66050 3541 3546 
66100 3550 3550 
66150 3544 3543 
66200 3555 3547 
66250 3541 3539 
66300 3557 3559 
66350 3546 3548 
66400 3543 3544 
66450 3555 3560 
66500 3554 3557 
66550 3528 3528 
66600 3543 3544 
66650 3547 3547 
66700 3535 3543 
66750 3556 3553 
66800 3546 3549 
66850 3537 3540 
66900 3547 3552 
66950 3543 3544 
67000 3539 3540 
67050 3559 3562 
67100 3555 3556 
67150 3540 3539 
67200 3543 3545 
67250 3565 3557 
67300 3545 3541 
67350 3549 3542 
67400 3543 3535 
67450 3562 3562 
67500 3550 3544 
67550 3550 3547 
67600 3551 3552 
67650 3564 3562 
67700 3550 3547 
67750 3547 3549 
67800 3559 3557 
67850 3544 3537 
67900 3549 3544 
67950 3542 3541 
68000 3563 3563 
68050 3553 3551 
68100 3558 3561 
68150 3542 3544 
68200 3552 3554 
68250 3543 3542 
68300 3559 3561 
68350 3562 3562 
68400 3554 3560 
68450 3545 3538 
68500 3557 3557 
68550 3549 3545 
68600 3549 3546 
68650 3564 3565 
68700 3559 3562 
68750 3546 3549 
68800 3558 3556 
68850 3543 3544 
68900 3547 3545 
68950 3553 3550 
69000 3537 3541 
69050 3554 3558 
69100 3556 3553 
69150 3551 3544 
69200 3562 3555 
69250 3560 3554 
69300 3568 3564 
69350 3559 3561 
69400 3540 3542 
69450 3542 3547 
69500 3541 3541 
69550 3556 3555 
69600 3558 3561 
69650 3543 3544 
69700 3562 3563 
69750 3549 3543 
69800 3546 3545 
69850 3553 3558 
69900 3552 3553 
69950 3549 3550 
70000 3558 3561 
70050 3562 3560 
70100 3554 3555 
70150 3562 3559 
70200 3555 3553 
70250 3563 3562 
70300 3558 3558 
70350 3539 3538 
70400 3551 3550 
70450 3561 3561 
70500 3536 3535 
70550 3545 3538 
70600 3543 3551 
70650 3545 3546 
70700 3554 3556 
70750 3558 3555 
70800 3552 3552 
70850 3552 3551 
70900 3553 3551 
70950 3557 3557 
71000 3555 3556 
71050 3533 3524 
71100 3549 3546 
71150 3553 3550 
71200 3554 3550 
71250 3560 3548 
71300 3545 3544 
71350 3553 3554 
71400 3546 3549 
71450 3556 3559 
71500 3553 3550 
71550 3560 3560 
71600 3565 3568 
71650 3542 3538 
71700 3564 3567 
71750 3554 3555 
71800 3555 3551 
71850 3549 3552 
71900 3542 3544 
71950 3557 3556 
72000 3546 3557 
72050 3547 3558 
72100 3552 3552 
72150 3559 3556 
72200 3566 3564 
72250 3563 3555 
72300 3548 3550 
72350 3567 3565 
72400 3554 3555 
72450 3550 3556 
72500 3542 3550 
72550 3550 3555 
72600 3557 3557 
72650 3539 3544 
72700 3551 3559 
72750 3546 3546 
72800 3549 3539 
72850 3547 3541 
72900 3551 3549 
72950 3540 3539 
73000 3557 3547 
73050 3546 3547 
73100 3537 3539 
73150 3541 3546 
73200 3553 3547 
73250 3538 3533 
73300 3556 3557 
73350 3554 3550 
73400 3567 3564 
73450 3544 3538 
73500 3548 3547 
73550 3550 3548 
73600 3546 3539 
73650 3564 3568 
73700 3547 3550 
73750 3551 3553 
73800 3559 3560 
73850 3539 3541 
73900 3555 3553 
73950 3541 3550 
74000 3541 3544 
74050 3558 3560 
74100 3551 3554 
74150 3544 3545 
74200 3547 3544 
74250 3556 3555 
74300 3536 3539 
74350 3551 3552 
74400 3549 3544 
74450 3550 3549 
74500 3554 3557 
74550 3554 3556 
74600 3552 3557 
74650 3557 3556 
74700 3552 3557 
74750 3533 3530 
74800 3540 3542 
74850 3549 3544 
74900 3550 3555 
74950 3564 3566 
75000 3566 3562 
75050 3549 3547 
75100 3555 3555 
75150 3537 3541 
75200 3555 3559 
75250 3540 3535 
75300 3545 3544 
75350 3559 3564 
75400 3550 3548 
75450 3530 3532 
75500 3556 3552 
75550 3545 3548 
75600 3561 3563 
75650 3534 3534 
75700 3557 3556 
75750 3546 3553 
75800 3555 3554 
75850 3558 3562 
75900 3553 3560 
75950 3554 3559 
76000 3542 3546 
76050 3547 3545 
76100 3551 3552 
76150 3556 3550 
76200 3548 3554 
76250 3554 3553 
76300 3542 3546 
76350 3540 3542 
76400 3565 3562 
76450 3552 3554 
76500 3536 3532 
76550 3547 3544 
76600 3553 3556 
76650 3558 3549 
76700 3551 3547 
76750 3567 3567 
76800 3541 3542 
76850 3532 3532 
76900 3547 3553 
76950 3542 3543 
77000 3555 3554 
77050 3553 3555 
77100 3567 3566 
77150 3548 3544 
77200 3548 3551 
77250 3542 3536 
77300 3545 3543 
77350 3561 3555 
77400 3532 3538 
77450 3536 3538 
77500 3548 3550 
77550 3566 3564 
77600 3553 3556 
77650 3552 3543 
77700 3548 3547 
77750 3547 3545 
77800 3556 3558 
77850 3548 3545 
77900 3550 3542 
77950 3534 3547 
78000 3550 3555 
78050 3560 3557 
78100 3553 3558 
78150 3553 3548 
78200 3551 3549 
78250 3540 3538 
78300 3563 3560 
78350 3549 3550 
78400 3541 3544 
78450 3533 3529 
78500 3568 3566 
78550 3551 3550 
78600 3537 3535 
78650 3553 3551 
78700 3555 3556 
78750 3576 3572 
78800 3556 3556 
78850 3551 3550 
78900 3550 3549 
78950 3549 3543 
79000 3540 3536 
79050 3543 3549 
79100 3549 3546 
79150 3555 3551 
79200 3540 3543 
79250 3559 3555 
79300 3563 3553 
79350 3554 3554 
79400 3543 3536 
79450 3562 3556 
79500 3554 3549 
79550 3553 3553 
79600 3554 3555 
79650 3546 3538 
79700 3558 3561 
79750 3541 3537 
79800 3549 3539 
79850 3546 3549 
79900 3549 3551 
79950 3535 3538 
80000 3545 3543 
80050 3553 3554 
80100 3550 3555 
80150 3556 3560 
80200 3557 3554 
80250 3548 3547 
80300 3559 3557 
80350 3550 3551 
80400 3558 3561 
80450 3540 3536 
80500 3547 3542 
80550 3554 3552 
80600 3542 3546 
80650 3558 3554 
80700 3562 3559 
80750 3536 3544 
80800 3551 3551 
80850 3547 3544 
80900 3544 3536 
80950 3558 3552 
81000 3568 3565 
81050 3548 3551 
81100 3560 3554 
81150 3550 3546 
81200 3565 3568 
81250 3556 3550 
81300 3554 3554 
81350 3541 3545 
81400 3550 3547 
81450 3558 3554 
81500 3545 3541 
81550 3552 3551 
81600 3554 3558 
81650 3547 3551 
81700 3547 3539 
81750 3544 3541 
81800 3563 3560 
81850 3553 3555 
81900 3555 3557 
81950 3555 3553 
82000 3554 3549 
82050 3539 3547 
82100 3556 3551 
82150 3544 3540 
82200 3551 3549 
82250 3567 3565 
82300 3536 3531 
82350 3565 3563 
82400 3555 3551 
82450 3569 3566 
82500 3552 3556 
82550 3558 3556 
82600 3548 3548 
82650 3542 3540 
82700 3549 3548 
82750 3539 3537 
82800 3548 3547 
82850 3568 3566 
82900 3558 3557 
82950 3543 3547 
83000 3555 3557 
83050 3538 3539 
83100 3548 3548 
83150 3545 3539 
83200 3539 3543 
83250 3555 3550 
83300 3543 3542 
83350 3540 3543 
83400 3556 3555 
83450 3539 3535 
83500 3556 3556 
83550 3543 3547 
83600 3556 3553 
83650 3557 3561 
83700 3549 3547 
83750 3562 3558 
83800 3551 3549 
83850 3554 3557 
83900 3552 3552 
83950 3561 3561 
84000 3557 3558 
84050 3541 3546 
84100 3555 3553 
84150 3561 3554 
84200 3568 3566 
84250 3555 3556 
84300 3558 3549 
84350 3547 3545 
84400 3558 3561 
84450 3541 3546 
84500 3544 3538 
84550 3557 3552 
84600 3563 3563 
84650 3532 3536 
84700 3561 3559 
84750 3558 3553 
84800 3540 3540 
84850 3550 3551 
84900 3544 3544 
84950 3551 3545 
85000 3544 3547 
85050 3555 3557 
85100 3562 3560 
85150 3551 3545 
85200 3548 3544 
85250 3531 3532 
85300 3565 3560 
85350 3541 3539 
85400 3542 3545 
85450 3554 3556 
85500 3553 3552 
85550 3534 3531 
85600 3550 3551 
85650 3556 3553 
85700 3549 3549 
85750 3550 3551 
85800 3547 3551 
85850 3548 3544 
85900 3552 3550 
85950 3565 3565 
86000 3547 3549 
86050 3563 3562 
86100 3546 3546 
86150 3553 3553 
86200 3553 3550 
86250 3538 3541 
86300 3543 3548 
86350 3554 3554 
86400 3553 3553 
86450 3571 3567 
86500 3551 3556 
86550 3545 3554 
86600 3556 3551 
86650 3560 3562 
86700 3533 3532 
86750 3531 3531 
86800 3559 3552 
86850 3561 3562 
86900 3564 3562 
86950 3551 3551 
87000 3549 3551 
87050 3544 3549 
87100 3555 3557 
87150 3547 3547 
87200 3529 3530 
87250 3548 3549 
87300 3561 3557 
87350 3566 3556 
87400 3536 3532 
87450 3544 3551 
87500 3562 3561 
87550 3560 3550 
87600 3564 3562 
87650 3545 3544 
87700 3534 3540 
87750 3547 3542 
87800 3559 3563 
87850 3545 3549 
87900 3539 3541 
87950 3544 3537 
88000 3556 3551 
88050 3557 3555 
88100 3550 3548 
88150 3549 3545 
88200 3552 3552 
88250 3561 3564 
88300 3558 3558 
88350 3556 3559 
88400 3546 3549 
88450 3553 3551 
88500 3544 3551 
88550 3557 3556 
88600 3565 3560 
88650 3552 3546 
88700 3563 3562 
88750 3553 3554 
88800 3551 3544 
88850 3557 3553 
88900 3552 3559 
88950 3549 3541 
89000 3560 3561 
89050 3564 3551 
89100 3560 3551 
89150 3551 3554 
89200 3541 3543 
89250 3551 3557 
89300 3545 3545 
89350 3553 3545 
89400 3550 3548 
89450 3552 3549 
89500 3540 3539 
89550 3551 3547 
89600 3559 3562 
89650 3568 3565 
89700 3555 3554 
89750 3549 3549 
89800 3553 3557 
89850 3543 3546 
89900 3557 3559 
89950 3559 3555 
90000 3549 3548 
90050 3563 3564 
90100 3566 3562 
90150 3553 3550 
90200 3555 3553 
90250 3558 3556 
90300 3557 3555 
90350 3552 3544 
90400 3560 3564 
90450 3548 3550 
90500 3569 3570 
90550 3562 3561 
90600 3551 3549 
90650 3537 3536 
90700 3556 3553 
90750 3549 3545 
90800 3551 3548 
90850 3539 3533 
90900 3548 3555 
90950 3552 3553 
91000 3532 3529 
91050 3551 3544 
91100 3548 3547 
91150 3544 3544 
91200 3557 3561 
91250 3555 3552 
91300 3551 3554 
91350 3563 3568 
91400 3549 3551 
91450 3555 3553 
91500 3567 3566 
91550 3557 3560 
91600 3549 3547 
91650 3550 3553 
91700 3544 3546 
91750 3544 3536 
91800 3550 3551 
91850 3554 3557 
91900 3548 3551 
91950 3549 3549 
92000 3538 3540 
92050 3558 3559 
92100 3544 3548 
92150 3554 3557 
92200 3551 3551 
92250 3562 3559 
92300 3542 3551 
92350 3568 3568 
92400 3556 3557 
92450 3552 3553 
92500 3544 3542 
92550 3553 3554 
92600 3559 3554 
92650 3550 3546 
92700 3544 3548 
92750 3559 3550 
92800 3549 3548 
92850 3553 3554 
92900 3555 3562 
92950 3545 3542 
93000 3547 3548 
93050 3548 3544 
93100 3561 3553 
93150 3540 3540 
93200 3566 3565 
93250 3545 3551 
93300 3560 3556 
93350 3565 3564 
93400 3558 3557 
93450 3552 3548 
93500 3567 3566 
93550 3547 3554 
93600 3559 3556 
93650 3549 3552 
93700 3549 3554 
93750 3554 3555 
93800 3554 3558 
93850 3550 3553 
93900 3551 3553 
93950 3556 3559 
94000 3553 3562 
94050 3534 3531 
94100 3549 3546 
94150 3551 3551 
94200 3545 3547 
94250 3551 3550 
94300 3553 3551 
94350 3553 3553 
94400 3549 3546 
94450 3564 3555 
94500 3559 3559 
94550 3551 3550 
94600 3550 3552 
94650 3546 3549 
94700 3549 3550 
94750 3540 3541 
94800 3552 3553 
94850 3557 3554 
94900 3558 3556 
94950 3555 3557 
95000 3547 3550 
95050 3559 3555 
95100 3554 3557 
95150 3544 3539 
95200 3545 3544 
95250 3538 3541 
95300 3551 3547 
95350 3562 3553 
95400 3555 3557 
95450 3559 3559 
95500 3556 3556 
95550 3539 3544 
95600 3560 3566 
95650 3543 3541 
95700 3549 3555 
95750 3564 3566 
95800 3551 3544 
95850 3558 3558 
95900 3558 3561 
95950 3554 3557 
96000 3538 3544 
96050 3554 3550 
96100 3556 3545 
96150 3544 3545 
96200 3543 3541 
96250 3547 3554 
96300 3572 3569 
96350 3553 3550 
96400 3549 3555 
96450 3556 3558 
96500 3550 3547 
96550 3549 3549 
96600 3567 3566 
96650 3536 3540 
96700 3554 3556 
96750 3559 3558 
96800 3552 3559 
96850 3563 3566 
96900 3565 3569 
96950 3562 3568 
97000 3549 3549 
97050 3558 3560 
97100 3550 3548 
97150 3555 3549 
97200 3542 3546 
97250 3564 3562 
97300 3547 3548 
97350 3545 3541 
97400 3548 3548 
97450 3534 3534 
97500 3558 3553 
97550 3536 3538 
97600 3561 3563 
97650 3550 3556 
97700 3539 3540 
97750 3550 3547 
97800 3550 3549 
97850 3545 3547 
97900 3552 3548 
97950 3554 3548 
98000 3544 3545 
98050 3551 3553 
98100 3550 3555 
98150 3546 3548 
98200 3541 3546 
98250 3559 3554 
98300 3557 3550 
98350 3551 3552 
98400 3542 3540 
98450 3549 3542 
98500 3553 3555 
98550 3547 3543 
98600 3557 3556 
98650 3544 3543 
98700 3554 3555 
98750 3546 3548 
98800 3549 3548 
98850 3540 3539 
98900 3553 3550 
98950 3562 3566 
99000 3552 3557 
99050 3568 3565 
99100 3562 3561 
99150 3556 3556 
99200 3551 3555 
99250 3543 3547 
99300 3551 3554 
99350 3540 3542 
99400 3551 3546 
99450 3555 3548 
99500 3553 3551 
99550 3557 3563 
99600 3547 3547 
99650 3549 3552 
99700 3550 3548 
99750 3570 3567 
99800 3573 3568 
99850 3565 3559 
99900 3566 3559 
99950 3556 3559 
100000 3556 3556 
100050 3566 3558 
100100 3560 3559 
100150 3534 3540 
100200 3542 3537 
100250 3554 3552 
100300 3544 3548 
100350 3551 3552 
100400 3550 3546 
100450 3551 3547 
100500 3556 3557 
100550 3549 3549 
100600 3543 3548 
100650 3553 3556 
100700 3542 3538 
100750 3559 3561 
100800 3544 3552 
100850 3538 3540 
100900 3559 3554 
100950 3566 3563 
101000 3557 3554 
101050 3562 3566 
101100 3556 3559 
101150 3546 3543 
101200 3550 3548 
101250 3537 3526 
101300 3552 3550 
101350 3557 3553 
101400 3559 3567 
101450 3551 3559 
101500 3536 3537 
101550 3557 3553 
101600 3539 3540 
101650 3552 3550 
101700 3547 3546 
101750 3560 3558 
101800 3554 3554 
101850 3546 3544 
101900 3552 3547 
101950 3568 3563 
102000 3546 3552 
102050 3544 3550 
102100 3548 3552 
102150 3544 3549 
102200 3560 3552 
102250 3539 3532 
102300 3552 3552 
102350 3552 3555 
102400 3561 3560 
102450 3558 3560 
102500 3539 3546 
102550 3534 3532 
102600 3554 3558 
102650 3549 3552 
102700 3549 3544 
102750 3547 3544 
102800 3545 3546 
102850 3554 3553 
102900 3556 3551 
102950 3548 3546 
103000 3542 3549 
103050 3559 3563 
103100 3559 3553 
103150 3554 3553 
103200 3554 3552 
103250 3545 3539 
103300 3523 3520 
103350 3540 3537 
103400 3559 3559 
103450 3542 3538 
103500 3557 3554 
103550 3539 3537 
103600 3527 3529 
103650 3537 3540 
103700 3555 3555 
103750 3561 3561 
103800 3564 3564 
103850 3553 3552 
103900 3547 3551 
103950 3556 3552 
104000 3543 3543 
104050 3561 3563 
104100 3557 3556 
104150 3548 3545 
104200 3550 3548 
104250 3550 3546 
104300 3556 3554 
104350 3547 3543 
104400 3559 3557 
104450 3547 3543 
104500 3537 3533 
104550 3545 3542 
104600 3562 3564 
104650 3561 3556 
104700 3555 3550 
104750 3561 3565 
104800 3547 3542 
104850 3544 3543 
104900 3555 3556 
104950 3555 3549 
105000 3555 3555 
105050 3556 3560 
105100 3556 3560 
105150 3557 3559 
105200 3551 3545 
105250 3536 3543 
105300 3551 3551 
105350 3537 3540 
105400 3571 3572 
105450 3560 3558 
105500 3553 3551 
105550 3555 3560 
105600 3531 3533 
105650 3561 3556 
105700 3564 3562 
105750 3545 3546 
105800 3557 3555 
105850 3562 3558 
105900 3549 3553 
105950 3546 3544 
106000 3572 3566 
106050 3544 3546 
106100 3553 3552 
106150 3556 3555 
106200 3562 3556 
106250 3558 3551 
106300 3552 3550 
106350 3556 3555 
106400 3550 3547 
106450 3536 3543 
106500 3551 3548 
106550 3552 3538 
106600 3552 3552 
106650 3549 3538 
106700 3542 3536 
106750 3556 3556 
106800 3544 3544 
106850 3550 3548 
106900 3534 3538 
106950 3552 3550 
107000 3534 3539 
107050 3544 3544 
107100 3558 3554 
107150 3557 3552 
107200 3559 3554 
107250 3527 3530 
107300 3554 3551 
107350 3544 3543 
107400 3556 3559 
107450 3554 3548 
107500 3556 3550 
107550 3561 3559 
107600 3557 3558 
107650 3572 3567 
107700 3550 3544 
107750 3568 3565 
107800 3559 3561 
107850 3542 3543 
107900 3566 3560 
107950 3560 3562 
108000 3547 3549 
108050 3561 3560 
108100 3566 3566 
108150 3549 3545 
108200 3542 3544 
108250 3541 3544 
108300 3560 3559 
108350 3552 3554 
108400 3547 3545 
108450 3558 3551 
108500 3555 3558 
108550 3555 3555 
108600 3550 3549 
108650 3548 3550 
108700 3551 3546 
108750 3565 3562 
108800 3559 3565 
108850 3560 3563 
108900 3557 3558 
108950 3560 3554 
109000 3559 3559 
109050 3536 3541 
109100 3548 3543 
109150 3561 3563 
109200 3556 3557 
109250 3537 3533 
109300 3555 3554 
109350 3541 3535 
109400 3557 3553 
109450 3563 3562 
109500 3550 3553 
109550 3542 3546 
109600 3554 3554 
109650 3552 3550 
109700 3536 3533 
109750 3561 3559 
109800 3553 3551 
109850 3534 3527 
109900 3558 3558 
109950 3555 3559 
110000 3546 3542 
110050 3551 3548 
110100 3540 3537 
110150 3559 3550 
110200 3552 3550 
110250 3539 3540 
110300 3537 3537 
110350 3558 3564 
110400 3549 3549 
110450 3558 3556 
110500 3539 3539 
110550 3545 3546 
110600 3544 3541 
110650 3541 3549 
110700 3543 3542 
110750 3557 3554 
110800 3564 3566 
110850 3554 3556 
110900 3556 3551 
110950 3551 3550 
111000 3549 3552 
111050 3542 3541 
111100 3566 3559 
111150 3558 3558 
111200 3566 3564 
111250 3571 3571 
111300 3541 3543 
111350 3562 3560 
111400 3544 3545 
111450 3561 3564 
111500 3557 3557 
111550 3551 3548 
111600 3557 3557 
111650 3546 3538 
111700 3558 3557 
111750 3550 3553 
111800 3551 3548 
111850 3549 3540 
111900 3540 3541 
111950 3557 3554 
112000 3558 3557 
112050 3550 3548 
112100 3535 3530 
112150 3561 3560 
112200 3543 3534 
112250 3544 3549 
112300 3536 3537 
112350 3557 3559 
112400 3548 3545 
112450 3554 3559 
112500 3557 3558 
112550 3546 3554 
112600 3557 3550 
112650 3546 3550 
112700 3539 3541 
112750 3549 3549 
112800 3542 3537 
112850 3557 3551 
112900 3557 3548 
112950 3557 3546 
113000 3566 3567 
113050 3559 3558 
113100 3553 3553 
113150 3534 3536 
113200 3549 3546 
113250 3543 3544 
113300 3557 3555 
113350 3561 3563 
113400 3541 3542 
113450 3527 3526 
113500 3555 3554 
113550 3556 3552 
113600 3558 3555 
113650 3567 3561 
113700 3558 3555 
113750 3569 3562 
113800 3556 3554 
113850 3553 3550 
113900 3552 3552 
113950 3554 3548 
114000 3557 3555 
114050 3558 3555 
114100 3554 3549 
114150 3549 3544 
114200 3545 3549 
114250 3554 3549 
114300 3561 3559 
114350 3571 3562 
114400 3556 3555 
114450 3560 3557 
114500 3556 3560 
114550 3548 3547 
114600 3556 3550 
114650 3567 3568 
114700 3551 3561 
114750 3557 3552 
114800 3558 3557 
114850 3563 3555 
114900 3559 3555 
114950 3545 3545 
115000 3554 3550 
115050 3558 3553 
115100 3556 3564 
115150 3550 3554 
115200 3552 3551 
115250 3554 3557 
115300 3552 3549 
115350 3542 3542 
115400 3555 3548 
115450 3563 3568 
115500 3562 3558 
115550 3564 3561 
115600 3563 3562 
115650 3539 3546 
115700 3552 3550 
115750 3567 3568 
115800 3556 3562 
115850 3547 3552 
115900 3555 3559 
115950 3558 3546 
116000 3543 3540 
116050 3549 3548 
116100 3560 3560 
116150 3559 3558 
116200 3531 3530 
116250 3546 3540 
116300 3544 3539 
116350 3567 3564 
116400 3563 3559 
116450 3551 3543 
116500 3553 3555 
116550 3558 3561 
116600 3549 3548 
116650 3549 3551 
116700 3550 3556 
116750 3554 3555 
116800 3553 3554 
116850 3549 3548 
116900 3558 3554 
116950 3550 3545 
117000 3551 3553 
117050 3547 3550 
117100 3553 3552 
117150 3557 3562 
117200 3553 3557 
117250 3559 3561 
117300 3554 3553 
117350 3553 3549 
117400 3549 3540 
117450 3549 3552 
117500 3543 3538 
117550 3558 3555 
117600 3562 3558 
117650 3562 3558 
117700 3540 3539 
117750 3541 3528 
117800 3550 3550 
117850 3551 3549 
117900 3548 3544 
117950 3562 3562 
118000 3553 3555 
118050 3567 3563 
118100 3547 3545 
118150 3557 3555 
118200 3545 3552 
118250 3541 3545 
118300 3551 3546 
118350 3544 3551 
118400 3545 3552 
118450 3552 3548 
118500 3549 3549 
118550 3557 3553 
118600 3543 3541 
118650 3554 3548 
118700 3551 3553 
118750 3553 3549 
118800 3556 3558 
118850 3551 3553 
118900 3548 3548 
118950 3550 3552 
119000 3561 3560 
119050 3540 3544 
119100 3563 3565 
119150 3560 3559 
119200 3543 3546 
119250 3549 3555 
119300 3549 3554 
119350 3547 3544 
119400 3558 3557 
119450 3553 3555 
119500 3544 3546 
119550 3533 3542 
119600 3557 3554 
119650 3549 3552 
119700 3553 3555 
119750 3554 3552 
119800 3560 3559 
119850 3550 3547 
119900 3570 3564 
119950 3538 3542 
120000 3533 3539 
120050 3543 3551 
120100 3553 3551 
120150 3559 3559 
120200 3548 3544 
120250 3547 3544 
120300 3547 3547 
120350 3562 3558 
120400 3548 3551 
120450 3549 3547 
120500 3564 3561 
120550 3551 3544 
120600 3552 3552 
120650 3558 3554 
120700 3554 3553 
120750 3562 3563 
120800 3557 3563 
120850 3545 3552 
120900 3541 3540 
120950 3548 3546 
121000 3546 3547 
121050 3547 3549 
121100 3549 3549 
121150 3553 3547 
121200 3556 3551 
121250 3557 3559 
121300 3573 3572 
121350 3552 3552 
121400 3554 3551 
121450 3551 3552 
121500 3559 3561 
121550 3550 3548 
121600 3560 3560 
121650 3564 3570 
121700 3541 3544 
121750 3553 3553 
121800 3568 3567 
121850 3547 3542 
121900 3551 3551 
121950 3560 3558 
122000 3550 3558 
122050 3570 3568 
122100 3550 3546 
122150 3551 3551 
122200 3562 3561 
122250 3547 3556 
122300 3553 3550 
122350 3555 3565 
122400 3551 3552 
122450 3553 3549 
122500 3554 3551 
122550 3555 3551 
122600 3546 3542 
122650 3544 3553 
122700 3560 3571 
122750 3542 3545 
122800 3545 3551 
122850 3546 3553 
122900 3543 3543 
122950 3558 3560 
123000 3551 3552 
123050 3555 3554 
123100 3526 3534 
123150 3547 3548 
123200 3550 3549 
123250 3557 3553 
123300 3553 3548 
123350 3539 3536 
123400 3554 3557 
123450 3548 3546 
123500 3553 3549 
123550 3561 3556 
123600 3557 3547 
123650 3544 3543 
123700 3550 3556 
123750 3553 3557 
123800 3551 3551 
123850 3556 3550 
123900 3555 3558 
123950 3537 3540 
124000 3559 3552 
124050 3549 3549 
124100 3540 3545 
124150 3545 3546 
124200 3550 3549 
124250 3568 3565 
124300 3552 3548 
124350 3548 3554 
124400 3545 3543 
124450 3559 3553 
124500 3561 3558 
124550 3563 3561 
124600 3558 3557 
124650 3553 3560 
124700 3547 3545 
124750 3550 3552 
124800 3559 3557 
124850 3559 3559 
124900 3543 3541 
124950 3564 3564 
125000 3556 3548 
125050 3560 3558 
125100 3571 3572 
125150 3543 3542 
125200 3543 3541 
125250 3554 3559 
125300 3551 3553 
125350 3559 3560 
125400 3549 3546 
125450 3550 3550 
125500 3561 3567 
125550 3560 3558 
125600 3546 3550 
125650 3559 3560 
125700 3555 3557 
125750 3541 3542 
125800 3553 3558 
125850 3548 3552 
125900 3546 3554 
125950 3554 3555 
126000 3549 3545 
126050 3534 3538 
126100 3548 3545 
126150 3564 3557 
126200 3537 3535 
126250 3541 3543 
126300 3538 3542 
126350 3552 3552 
126400 3562 3560 
126450 3545 3540 
126500 3544 3539 
126550 3558 3560 
126600 3549 3556 
126650 3530 3526 
126700 3562 3559 
126750 3547 3545 
126800 3544 3545 
126850 3558 3560 
126900 3554 3549 
126950 3552 3553 
127000 3547 3548 
127050 3554 3555 
127100 3553 3549 
127150 3556 3556 
127200 3556 3554 
127250 3552 3549 
127300 3551 3548 
127350 3557 3559 
127400 3555 3554 
127450 3558 3549 
127500 3550 3551 
127550 3538 3540 
127600 3557 3552 
127650 3552 3547 
127700 3557 3563 
127750 3550 3553 
127800 3539 3544 
127850 3550 3540 
127900 3555 3548 
127950 3557 3562 
128000 3549 3549 
128050 3557 3551 
128100 3552 3553 
128150 3547 3549 
128200 3556 3557 
128250 3549 3548 
128300 3546 3547 
128350 3553 3557 
128400 3563 3559 
128450 3553 3554 
128500 3537 3544 
128550 3562 3559 
128600 3564 3565 
128650 3559 3557 
128700 3559 3557 
128750 3543 3541 
128800 3546 3550 
128850 3564 3563 
128900 3560 3561 
128950 3565 3565 
129000 3545 3550 
129050 3562 3551 
129100 3565 3556 
129150 3543 3545 
129200 3561 3560 
129250 3542 3539 
129300 3554 3552 
129350 3544 3551 
129400 3545 3548 
129450 3558 3560 
129500 3547 3548 
129550 3551 3552 
129600 3549 3551 
129650 3538 3548 
129700 3550 3546 
129750 3554 3552 
129800 3538 3544 
129850 3556 3557 
129900 3558 3552 
129950 3564 3556 
130000 3547 3541 
130050 3553 3548 
130100 3558 3557 
130150 3560 3564 
130200 3544 3542 
130250 3543 3541 
130300 3557 3552 
130350 3550 3543 
130400 3558 3558 
130450 3551 3547 
130500 3559 3555 
130550 3545 3544 
130600 3556 3550 
130650 3550 3548 
130700 3550 3550 
130750 3545 3540 
130800 3558 3562 
130850 3546 3546 
130900 3545 3556 
130950 3565 3565 
131000 3559 3559 
131050 3554 3552 
131100 3536 3542 
131150 3551 3553 
131200 3558 3565 
131250 3554 3559 
131300 3558 3553 
131350 3560 3562 
131400 3560 3559 
131450 3555 3556 
131500 3548 3542 
131550 3551 3555 
131600 3555 3556 
131650 3548 3554 
131700 3552 3551 
131750 3548 3553 
131800 3545 3551 
131850 3566 3566 
131900 3560 3556 
131950 3544 3546 
132000 3557 3559 
132050 3560 3560 
132100 3540 3537 
132150 3559 3559 
132200 3539 3544 
132250 3538 3537 
132300 3556 3561 
132350 3540 3546 
132400 3560 3555 
132450 3560 3555 
132500 3531 3536 
132550 3555 3558 
132600 3539 3542 
132650 3563 3560 
132700 3550 3556 
132750 3550 3547 
132800 3556 3551 
132850 3562 3560 
132900 3546 3547 
132950 3540 3539 
133000 3562 3558 
133050 3557 3557 
133100 3562 3560 
133150 3547 3553 
133200 3552 3544 
133250 3558 3558 
133300 3542 3545 
133350 3564 3560 
133400 3553 3558 
133450 3556 3548 
133500 3560 3565 
133550 3552 3551 
133600 3552 3548 
133650 3553 3550 
133700 3545 3547 
133750 3557 3557 
133800 3549 3549 
133850 3544 3543 
133900 3558 3553 
133950 3546 3552 
134000 3574 3572 
134050 3555 3558 
134100 3546 3545 
134150 3544 3543 
134200 3560 3556 
134250 3551 3547 
134300 3546 3548 
134350 3551 3550 
134400 3555 3558 
134450 3564 3563 
134500 3556 3559 
134550 3562 3564 
134600 3554 3556 
134650 3558 3557 
134700 3545 3543 
134750 3555 3562 
134800 3544 3547 
134850 3562 3558 
134900 3551 3551 
134950 3544 3538 
135000 3548 3545 
135050 3559 3559 
135100 3549 3550 
135150 3564 3560 
135200 3547 3553 
135250 3555 3555 
135300 3546 3548 
135350 3548 3546 
135400 3532 3540 
135450 3559 3561 
135500 3541 3543 
135550 3559 3562 
135600 3549 3547 
135650 3535 3534 
135700 3556 3555 
135750 3558 3555 
135800 3552 3552 
135850 3554 3556 
135900 3557 3559 
135950 3549 3552 
136000 3556 3555 
136050 3559 3556 
136100 3564 3560 
136150 3560 3560 
136200 3561 3558 
136250 3543 3548 
136300 3542 3544 
136350 3544 3546 
136400 3557 3552 
136450 3553 3556 
136500 3557 3555 
136550 3558 3564 
136600 3562 3564 
136650 3568 3567 
136700 3553 3554 
136750 3555 3555 
136800 3557 3554 
136850 3553 3553 
136900 3568 3567 
136950 3565 3562 
137000 3555 3551 
137050 3554 3555 
137100 3550 3551 
137150 3533 3537 
137200 3547 3551 
137250 3545 3549 
137300 3547 3551 
137350 3546 3545 
137400 3550 3552 
137450 3549 3548 
137500 3559 3552 
137550 3540 3543 
137600 3556 3555 
137650 3544 3543 
137700 3549 3546 
137750 3555 3547 
137800 3551 3554 
137850 3539 3540 
137900 3549 3541 
137950 3541 3550 
138000 3552 3550 
138050 3562 3564 
138100 3546 3546 
138150 3548 3552 
138200 3552 3551 
138250 3557 3556 
138300 3562 3562 
138350 3549 3550 
138400 3562 3560 
138450 3556 3554 
138500 3556 3563 
138550 3546 3554 
138600 3558 3545 
138650 3549 3552 
138700 3549 3549 
138750 3541 3544 
138800 3549 3555 
138850 3547 3547 
138900 3549 3548 
138950 3543 3544 
139000 3561 3561 
139050 3533 3543 
139100 3558 3564 
139150 3545 3550 
139200 3555 3551 
139250 3563 3566 
139300 3547 3547 
139350 3540 3536 
139400 3550 3551 
139450 3561 3558 
139500 3545 3545 
139550 3525 3531 
139600 3543 3543 
139650 3541 3538 
139700 3558 3548 
139750 3547 3554 
139800 3544 3543 
139850 3547 3543 
139900 3571 3570 
139950 3549 3545 
140000 3549 3548 
140050 3561 3562 
140100 3544 3547 
140150 3553 3552 
140200 3558 3554 
140250 3562 3559 
140300 3546 3547 
140350 3549 3553 
140400 3549 3552 
140450 3555 3558 
140500 3557 3556 
140550 3562 3548 
140600 3558 3564 
140650 3547 3543 
140700 3541 3541 
140750 3553 3558 
140800 3564 3564 
140850 3543 3540 
140900 3533 3536 
140950 3546 3550 
141000 3544 3541 
141050 3530 3527 
141100 3554 3552 
141150 3574 3573 
141200 3550 3550 
141250 3556 3551 
141300 3554 3545 
141350 3550 3551 
141400 3564 3567 
141450 3562 3561 
141500 3544 3546 
141550 3538 3538 
141600 3557 3547 
141650 3564 3563 
141700 3556 3556 
141750 3556 3559 
141800 3550 3546 
141850 3547 3545 
141900 3566 3572 
141950 3566 3559 
142000 3561 3559 
142050 3551 3556 
142100 3562 3565 
142150 3544 3539 
142200 3551 3552 
142250 3553 3551 
142300 3557 3564 
142350 3553 3554 
142400 3550 3546 
142450 3563 3560 
142500 3543 3538 
142550 3546 3545 
142600 3540 3547 
142650 3560 3557 
142700 3568 3566 
142750 3547 3546 
142800 3555 3557 
142850 3557 3557 
142900 3542 3550 
142950 3565 3567 
143000 3566 3566 
143050 3561 3560 
143100 3545 3547 
143150 3559 3561 
143200 3546 3546 
143250 3563 3564 
143300 3558 3561 
143350 3542 3539 
143400 3562 3559 
143450 3536 3535 
143500 3552 3550 
143550 3548 3552 
143600 3546 3546 
143650 3550 3547 
143700 3570 3563 
143750 3549 3547 
143800 3564 3558 
143850 3556 3557 
143900 3547 3548 
143950 3536 3543 
144000 3547 3544 
144050 3531 3527 
144100 3558 3558 
144150 3560 3560 
144200 3558 3553 
144250 3559 3561 
144300 3560 3559 
144350 3554 3556 
144400 3553 3549 
144450 3562 3558 
144500 3543 3547 
144550 3556 3551 
144600 3542 3535 
144650 3553 3551 
144700 3542 3553 
144750 3547 3551 
144800 3545 3541 
144850 3547 3546 
144900 3542 3539 
144950 3540 3540 
145000 3552 3556 
145050 3557 3556 
145100 3560 3559 
145150 3541 3542 
145200 3540 3533 
145250 3546 3550 
145300 3544 3545 
145350 3545 3551 
145400 3546 3551 
145450 3538 3547 
145500 3559 3557 
145550 3551 3548 
145600 3543 3548 
145650 3556 3552 
145700 3571 3565 
145750 3556 3556 
145800 3548 3546 
145850 3570 3558 
145900 3562 3559 
145950 3548 3547 
146000 3568 3566 
146050 3544 3545 
146100 3551 3554 
146150 3563 3562 
146200 3556 3559 
146250 3544 3548 
146300 3543 3550 
146350 3551 3554 
146400 3547 3552 
146450 3555 3557 
146500 3553 3561 
146550 3544 3544 
146600 3555 3559 
146650 3547 3542 
146700 3562 3564 
146750 3546 3551 
146800 3547 3545 
146850 3552 3562 
146900 3558 3554 
146950 3566 3569 
147000 3541 3548 
147050 3539 3536 
147100 3553 3554 
147150 3550 3551 
147200 3546 3546 
147250 3548 3547 
147300 3548 3550 
147350 3546 3548 
147400 3548 3544 
147450 3541 3548 
147500 3559 3555 
147550 3564 3557 
147600 3565 3564 
147650 3542 3540 
147700 3560 3560 
147750 3564 3563 
147800 3545 3543 
147850 3553 3549 
147900 3566 3566 
147950 3554 3553 
148000 3542 3546 
148050 3554 3552 
148100 3558 3554 
148150 3565 3568 
148200 3551 3555 
148250 3567 3561 
148300 3551 3548 
148350 3570 3566 
148400 3543 3541 
148450 3571 3573 
148500 3565 3568 
148550 3559 3554 
148600 3560 3558 
148650 3548 3547 
148700 3552 3547 
148750 3553 3552 
148800 3550 3552 
148850 3551 3551 
148900 3561 3557 
148950 3545 3543 
149000 3546 3547 
149050 3542 3542 
149100 3548 3539 
149150 3544 3542 
149200 3556 3556 
149250 3546 3542 
149300 3551 3548 
149350 3544 3542 
149400 3545 3544 
149450 3554 3556 
149500 3551 3549 
149550 3561 3558 
149600 3555 3553 
149650 3550 3553 
149700 3550 3555 
149750 3561 3559 
149800 3552 3554 
149850 3555 3556 
149900 3560 3554 
149950 3552 3550 
150000 3544 3536 
150050 3536 3535 
150100 3548 3540 
150150 3564 3566 
150200 3551 3552 
150250 3557 3557 
150300 3564 3565 
150350 3554 3550 
150400 3564 3564 
150450 3552 3557 
150500 3560 3563 
150550 3560 3557 
150600 3564 3559 
150650 3562 3564 
150700 3566 3562 
150750 3558 3556 
150800 3535 3542 
150850 3554 3556 
150900 3541 3539 
150950 3558 3551 
151000 3550 3551 
151050 3556 3553 
151100 3556 3555 
151150 3550 3555 
151200 3561 3559 
151250 3551 3552 
151300 3550 3551 
151350 3558 3559 
151400 3564 3566 
151450 3539 3542 
151500 3563 3559 
151550 3540 3532 
151600 3565 3565 
151650 3554 3549 
151700 3541 3539 
151750 3555 3552 
151800 3547 3545 
151850 3564 3559 
151900 3571 3565 
151950 3552 3555 
152000 3531 3531 
152050 3552 3549 
152100 3547 3547 
152150 3556 3561 
152200 3554 3553 
152250 3564 3562 
152300 3560 3557 
152350 3547 3550 
152400 3540 3543 
152450 3566 3572 
152500 3553 3556 
152550 3559 3557 
152600 3546 3543 
152650 3568 3570 
152700 3550 3553 
152750 3552 3558 
152800 3551 3546 
152850 3549 3555 
152900 3551 3547 
152950 3546 3543 
153000 3548 3540 
153050 3561 3560 
153100 3558 3558 
153150 3555 3555 
153200 3542 3545 
153250 3548 3549 
153300 3561 3565 
153350 3560 3561 
153400 3553 3557 
153450 3543 3548 
153500 3563 3562 
153550 3556 3557 
153600 3551 3551 
153650 3560 3562 
153700 3554 3555 
153750 3561 3551 
153800 3555 3549 
153850 3556 3560 
153900 3566 3567 
153950 3558 3559 
154000 3553 3553 
154050 3545 3545 
154100 3549 3554 
154150 3551 3552 
154200 3551 3549 
154250 3555 3552 
154300 3556 3550 
154350 3563 3554 
154400 3548 3544 
154450 3547 3545 
154500 3541 3536 
154550 3565 3564 
154600 3559 3557 
154650 3553 3551 
154700 3556 3556 
154750 3536 3540 
154800 3550 3554 
154850 3562 3558 
154900 3564 3558 
154950 3550 3550 
155000 3552 3556 
155050 3547 3545 
155100 3552 3555 
155150 3540 3540 
155200 3563 3558 
155250 3569 3567 
155300 3562 3561 
155350 3548 3550 
155400 3557 3553 
155450 3548 3546 
155500 3562 3568 
155550 3562 3561 
155600 3565 3566 
155650 3564 3566 
155700 3548 3556 
155750 3538 3536 
155800 3553 3554 
155850 3551 3547 
155900 3549 3551 
155950 3554 3554 
156000 3553 3556 
156050 3544 3550 
156100 3557 3555 
156150 3552 3549 
156200 3548 3547 
156250 3539 3535 
156300 3560 3556 
156350 3549 3558 
156400 3559 3558 
156450 3556 3554 
156500 3540 3538 
156550 3554 3553 
156600 3536 3534 
156650 3513 3510 
156700 3541 3545 
156750 3562 3557 
156800 3566 3564 
156850 3549 3545 
156900 3545 3546 
156950 3566 3566 
157000 3559 3558 
157050 3548 3546 
157100 3570 3559 
157150 3535 3532 
157200 3542 3544 
157250 3565 3560 
157300 3543 3548 
157350 3553 3549 
157400 3546 3546 
157450 3548 3544 
157500 3542 3540 
157550 3557 3546 
157600 3550 3553 
157650 3554 3554 
157700 3556 3555 
157750 3556 3549 
157800 3534 3530 
157850 3527 3536 
157900 3551 3547 
157950 3559 3553 
158000 3558 3559 
158050 3558 3555 
158100 3562 3561 
158150 3540 3539 
158200 3531 3530 
158250 3547 3547 
158300 3545 3543 
158350 3554 3556 
158400 3550 3549 
158450 3558 3551 
158500 3553 3557 
158550 3559 3558 
158600 3547 3550 
158650 3563 3566 
158700 3561 3556 
158750 3559 3564 
158800 3558 3558 
158850 3554 3552 
158900 3561 3558 
158950 3550 3547 
159000 3547 3544 
159050 3557 3555 
159100 3539 3538 
159150 3553 3550 
159200 3550 3560 
159250 3567 3565 
159300 3544 3547 
159350 3539 3546 
159400 3554 3551 
159450 3561 3560 
159500 3562 3557 
159550 3558 3557 
159600 3556 3559 
159650 3539 3539 
159700 3542 3544 
159750 3557 3554 
159800 3559 3560 
159850 3549 3548 
159900 3549 3546 
159950 3543 3541 
160000 3557 3548 
160050 3551 3557 
160100 3563 3559 
160150 3550 3549 
160200 3547 3546 
160250 3541 3547 
160300 3560 3554 
160350 3559 3551 
160400 3547 3551 
160450 3536 3534 
160500 3547 3548 
160550 3542 3541 
160600 3561 3557 
160650 3558 3555 
160700 3543 3541 
160750 3551 3557 
160800 3548 3541 
160850 3554 3550 
160900 3543 3537 
160950 3559 3557 
161000 3562 3569 
161050 3552 3551 
161100 3559 3548 
161150 3559 3560 
161200 3554 3555 
161250 3547 3548 
161300 3538 3538 
161350 3553 3556 
161400 3565 3568 
161450 3550 3550 
161500 3553 3552 
161550 3555 3556 
161600 3556 3551 
161650 3534 3532 
161700 3556 3550 
161750 3557 3559 
161800 3538 3542 
161850 3554 3553 
161900 3536 3530 
161950 3545 3547 
162000 3542 3542 
162050 3557 3550 
162100 3542 3538 
162150 3569 3565 
162200 3560 3558 
162250 3539 3538 
162300 3548 3552 
162350 3558 3557 
162400 3551 3553 
162450 3552 3554 
162500 3528 3526 
162550 3553 3557 
162600 3551 3551 
162650 3556 3556 
162700 3541 3538 
162750 3547 3543 
162800 3547 3542 
162850 3537 3537 
162900 3541 3541 
162950 3551 3557 
163000 3554 3556 
163050 3557 3556 
163100 3550 3544 
163150 3555 3553 
163200 3558 3559 
163250 3554 3559 
163300 3567 3567 
163350 3558 3556 
163400 3557 3553 
163450 3549 3549 
163500 3556 3556 
163550 3565 3569 
163600 3544 3549 
163650 3546 3548 
163700 3544 3547 
163750 3548 3546 
163800 3551 3553 
163850 3555 3554 
163900 3550 3548 
163950 3553 3552 
164000 3554 3561 
164050 3547 3546 
164100 3564 3563 
164150 3546 3547 
164200 3553 3557 
164250 3554 3558 
164300 3552 3550 
164350 3534 3538 
164400 3559 3561 
164450 3559 3556 
164500 3561 3566 
164550 3547 3552 
164600 3545 3547 
164650 3546 3543 
164700 3542 3548 
164750 3553 3551 
164800 3552 3551 
164850 3529 3528 
164900 3556 3554 
164950 3565 3563 
165000 3563 3558 
165050 3540 3536 
165100 3546 3542 
165150 3551 3547 
165200 3553 3555 
165250 3546 3545 
165300 3537 3534 
165350 3548 3551 
165400 3557 3557 
165450 3556 3557 
165500 3552 3551 
165550 3556 3551 
165600 3564 3571 
165650 3563 3563 
165700 3549 3552 
165750 3544 3548 
165800 3535 3531 
165850 3543 3541 
165900 3570 3569 
165950 3546 3544 
166000 3557 3554 
166050 3559 3560 
166100 3544 3543 
166150 3554 3556 
166200 3551 3543 
166250 3543 3537 
166300 3555 3549 
166350 3549 3548 
166400 3541 3542 
166450 3552 3551 
166500 3552 3554 
166550 3537 3535 
166600 3557 3553 
166650 3554 3555 
166700 3545 3549 
166750 3567 3562 
166800 3553 3552 
166850 3561 3560 
166900 3548 3553 
166950 3549 3551 
167000 3553 3555 
167050 3550 3548 
167100 3560 3558 
167150 3553 3554 
167200 3556 3556 
167250 3556 3558 
167300 3549 3545 
167350 3546 3542 
167400 3550 3553 
167450 3561 3556 
167500 3548 3540 
167550 3545 3543 
167600 3557 3553 
167650 3547 3547 
167700 3543 3541 
167750 3544 3546 
167800 3550 3545 
167850 3565 3567 
167900 3552 3551 
167950 3549 3551 
168000 3563 3564 
168050 3550 3557 
168100 3542 3540 
168150 3557 3551 
168200 3552 3552 
168250 3555 3552 
168300 3553 3554 
168350 3552 3551 
168400 3550 3556 
168450 3552 3552 
168500 3571 3566 
168550 3560 3554 
168600 3551 3549 
168650 3546 3550 
168700 3561 3559 
168750 3563 3559 
168800 3528 3526 
168850 3560 3557 
168900 3547 3550 
168950 3540 3539 
169000 3548 3549 
169050 3545 3544 
169100 3548 3546 
169150 3556 3555 
169200 3555 3557 
169250 3543 3544 
169300 3553 3547 
169350 3561 3557 
169400 3544 3545 
169450 3544 3547 
169500 3557 3554 
169550 3539 3543 
169600 3543 3543 
169650 3558 3551 
169700 3558 3556 
169750 3552 3555 
169800 3571 3569 
169850 3547 3544 
169900 3558 3559 
169950 3564 3566 
170000 3554 3558 
170050 3543 3541 
170100 3552 3553 
170150 3552 3550 
170200 3546 3539 
170250 3540 3536 
170300 3558 3548 
170350 3548 3547 
170400 3557 3556 
170450 3569 3564 
170500 3551 3548 
170550 3546 3547 
170600 3541 3548 
170650 3565 3560 
170700 3544 3548 
170750 3558 3554 
170800 3545 3550 
170850 3559 3555 
170900 3562 3566 
170950 3546 3543 
171000 3568 3571 
171050 3527 3525 
171100 3536 3530 
171150 3559 3551 
171200 3551 3554 
171250 3549 3545 
171300 3561 3557 
171350 3545 3545 
171400 3551 3564 
171450 3554 3558 
171500 3557 3553 
171550 3564 3562 
171600 3562 3557 
171650 3556 3559 
171700 3558 3562 
171750 3539 3542 
171800 3557 3556 
171850 3556 3557 
171900 3563 3559 
171950 3544 3546 
172000 3546 3543 
172050 3541 3532 
172100 3547 3548 
172150 3540 3540 
172200 3551 3548 
172250 3551 3550 
172300 3543 3546 
172350 3545 3538 
172400 3549 3550 
172450 3550 3552 
172500 3544 3541 
172550 3532 3528 
172600 3542 3542 
172650 3557 3556 
172700 3548 3551 
172750 3550 3558 
172800 3557 3552 
172850 3569 3565 
172900 3546 3547 
172950 3544 3548 
173000 3571 3578 
173050 3554 3553 
173100 3541 3544 
173150 3555 3561 
173200 3549 3554 
173250 3568 3563 
173300 3573 3575 
173350 3559 3559 
173400 3564 3565 
173450 3554 3553 
173500 3550 3548 
173550 3562 3557 
173600 3546 3546 
173650 3539 3535 
173700 3558 3556 
173750 3560 3561 
173800 3557 3556 
173850 3561 3565 
173900 3554 3550 
173950 3553 3551 
174000 3565 3562 
174050 3548 3545 
174100 3556 3558 
174150 3536 3537 
174200 3540 3543 
174250 3555 3562 
174300 3540 3537 
174350 3556 3555 
174400 3539 3540 
174450 3549 3551 
174500 3549 3546 
174550 3560 3558 
174600 3542 3534 
174650 3560 3564 
174700 3532 3527 
174750 3556 3559 
174800 3559 3562 
174850 3572 3566 
174900 3548 3544 
174950 3550 3556 
175000 3552 3549 
175050 3547 3545 
175100 3565 3565 
175150 3552 3549 
175200 3541 3543 
175250 3551 3553 
175300 3572 3568 
175350 3547 3542 
175400 3536 3536 
175450 3557 3554 
175500 3549 3550 
175550 3543 3552 
175600 3544 3545 
175650 3562 3562 
175700 3552 3560 
175750 3548 3548 
175800 3554 3559 
175850 3564 3569 
175900 3553 3554 
175950 3557 3557 
176000 3541 3541 
176050 3565 3563 
176100 3562 3557 
176150 3571 3563 
176200 3555 3558 
176250 3549 3547 
176300 3550 3545 
176350 3563 3560 
176400 3551 3549 
176450 3549 3547 
176500 3550 3551 
176550 3549 3552 
176600 3552 3555 
176650 3546 3544 
176700 3550 3550 
176750 3545 3546 
176800 3552 3550 
176850 3551 3548 
176900 3543 3539 
176950 3543 3538 
177000 3550 3545 
177050 3554 3551 
177100 3552 3549 
177150 3559 3561 
177200 3547 3551 
177250 3543 3549 
177300 3545 3549 
177350 3567 3564 
177400 3553 3554 
177450 3566 3561 
177500 3547 3551 
177550 3553 3555 
177600 3557 3555 
177650 3555 3553 
177700 3547 3551 
177750 3564 3555 
177800 3571 3566 
177850 3560 3555 
177900 3556 3548 
177950 3553 3553 
178000 3556 3557 
178050 3557 3557 
178100 3559 3557 
178150 3561 3558 
178200 3558 3557 
178250 3546 3535 
178300 3555 3560 
178350 3559 3558 
178400 3551 3556 
178450 3549 3545 
178500 3557 3560 
178550 3533 3526 
178600 3555 3547 
178650 3552 3548 
178700 3561 3562 
178750 3551 3556 
178800 3558 3556 
178850 3537 3535 
178900 3566 3561 
178950 3560 3557 
179000 3569 3570 
179050 3549 3550 
179100 3548 3549 
179150 3568 3568 
179200 3561 3561 
179250 3558 3557 
179300 3543 3551 
179350 3560 3564 
179400 3554 3557 
179450 3556 3554 
179500 3568 3564 
179550 3566 3568 
179600 3571 3568 
179650 3559 3562 
179700 3548 3549 
179750 3568 3566 
179800 3544 3548 
179850 3553 3548 
179900 3554 3551 
179950 3543 3542 
180000 3561 3565 
180050 3554 3546 
180100 3549 3546 
180150 3543 3544 
180200 3562 3562 
180250 3565 3561 
180300 3540 3544 
180350 3547 3550 
180400 3547 3544 
180450 3554 3550 
180500 3534 3530 
180550 3557 3555 
180600 3559 3561 
180650 3566 3562 
180700 3552 3556 
180750 3557 3562 
180800 3537 3552 
180850 3537 3537 
180900 3548 3549 
180950 3553 3551 
181000 3564 3565 
181050 3551 3555 
181100 3555 3554 
181150 3548 3543 
181200 3557 3560 
181250 3552 3554 
181300 3542 3538 
181350 3549 3549 
181400 3532 3534 
181450 3554 3554 
181500 3571 3572 
181550 3553 3547 
181600 3556 3559 
181650 3537 3538 
181700 3549 3549 
181750 3563 3560 
181800 3556 3554 
181850 3540 3537 
181900 3545 3546 
181950 3556 3557 
182000 3533 3530 
182050 3552 3549 
182100 3565 3569 
182150 3545 3550 
182200 3564 3560 
182250 3551 3548 
182300 3563 3557 
182350 3562 3558 
182400 3534 3534 
182450 3541 3542 
182500 3553 3552 
182550 3560 3557 
182600 3550 3551 
182650 3548 3552 
182700 3549 3550 
182750 3563 3566 
182800 3564 3564 
182850 3558 3558 
182900 3560 3558 
182950 3551 3553 
183000 3545 3555 
183050 3561 3556 
183100 3555 3544 
183150 3561 3560 
183200 3573 3568 
183250 3567 3570 
183300 3562 3559 
183350 3575 3576 
183400 3564 3565 
183450 3564 3565 
183500 3541 3544 
183550 3551 3554 
183600 3546 3541 
183650 3551 3554 
183700 3541 3539 
183750 3558 3559 
183800 3564 3560 
183850 3561 3565 
183900 3556 3557 
183950 3546 3553 
184000 3538 3537 
184050 3535 3531 
184100 3555 3548 
184150 3549 3554 
184200 3556 3552 
184250 3565 3564 
184300 3526 3527 
184350 3546 3548 
184400 3553 3554 
184450 3553 3550 
184500 3553 3554 
184550 3550 3548 
184600 3568 3568 
184650 3542 3544 
184700 3545 3550 
184750 3559 3554 
184800 3562 3564 
184850 3564 3564 
184900 3550 3557 
184950 3560 3557 
185000 3551 3551 
185050 3566 3571 
185100 3556 3558 
185150 3559 3562 
185200 3550 3547 
185250 3544 3546 
185300 3540 3536 
185350 3547 3550 
185400 3543 3547 
185450 3556 3552 
185500 3560 3555 
185550 3552 3554 
185600 3544 3544 
185650 3558 3558 
185700 3541 3537 
185750 3556 3555 
185800 3556 3558 
185850 3556 3560 
185900 3548 3542 
185950 3568 3568 
186000 3555 3551 
186050 3552 3556 
186100 3544 3549 
186150 3544 3550 
186200 3563 3558 
186250 3555 3554 
186300 3558 3557 
186350 3559 3554 
186400 3546 3544 
186450 3548 3554 
186500 3550 3555 
186550 3557 3554 
186600 3547 3549 
186650 3553 3547 
186700 3555 3547 
186750 3559 3562 
186800 3555 3553 
186850 3553 3553 
186900 3549 3545 
186950 3543 3542 
187000 3549 3554 
187050 3544 3545 
187100 3549 3540 
187150 3573 3568 
187200 3551 3551 
187250 3541 3531 
187300 3555 3556 
187350 3548 3553 
187400 3555 3565 
187450 3554 3548 
187500 3566 3570 
187550 3558 3562 
187600 3562 3562 
187650 3544 3546 
187700 3544 3547 
187750 3550 3546 
187800 3559 3560 
187850 3555 3554 
187900 3553 3559 
187950 3544 3549 
188000 3548 3549 
188050 3552 3553 
188100 3559 3558 
188150 3553 3546 
188200 3563 3564 
188250 3564 3564 
188300 3550 3535 
188350 3557 3553 
188400 3544 3548 
188450 3547 3549 
188500 3544 3542 
188550 3531 3528 
188600 3554 3554 
188650 3557 3561 
188700 3550 3549 
188750 3553 3552 
188800 3560 3557 
188850 3563 3566 
188900 3552 3550 
188950 3554 3553 
189000 3577 3571 
189050 3547 3543 
189100 3555 3542 
189150 3545 3538 
189200 3556 3547 
189250 3542 3544 
189300 3560 3562 
189350 3553 3556 
189400 3562 3557 
189450 3550 3556 
189500 3563 3559 
189550 3559 3558 
189600 3575 3569 
189650 3557 3553 
189700 3548 3543 
189750 3551 3551 
189800 3551 3553 
189850 3545 3544 
189900 3558 3555 
189950 3547 3553 
190000 3567 3560 
190050 3559 3559 
190100 3555 3554 
190150 3564 3563 
190200 3559 3558 
190250 3536 3536 
190300 3571 3565 
190350 3536 3539 
190400 3563 3563 
190450 3548 3549 
190500 3554 3554 
190550 3552 3541 
190600 3540 3539 
190650 3546 3538 
190700 3539 3540 
190750 3560 3556 
190800 3567 3562 
190850 3557 3559 
190900 3570 3567 
190950 3547 3556 
191000 3546 3548 
191050 3541 3545 
191100 3542 3547 
191150 3565 3564 
191200 3561 3559 
191250 3551 3550 
191300 3543 3541 
191350 3558 3556 
191400 3552 3550 
191450 3550 3546 
191500 3563 3565 
191550 3553 3552 
191600 3553 3553 
191650 3546 3544 
191700 3552 3553 
191750 3551 3550 
191800 3564 3562 
191850 3550 3549 
191900 3565 3560 
191950 3542 3540 
192000 3557 3547 
192050 3557 3556 
192100 3553 3557 
192150 3550 3545 
192200 3554 3555 
192250 3554 3555 
192300 3557 3558 
192350 3555 3548 
192400 3562 3559 
192450 3539 3531 
192500 3559 3557 
192550 3562 3559 
192600 3541 3540 
192650 3563 3563 
192700 3568 3572 
192750 3556 3552 
192800 3558 3559 
192850 3557 3556 
192900 3551 3552 
192950 3546 3542 
193000 3552 3558 
193050 3556 3558 
193100 3555 3558 
193150 3556 3561 
193200 3564 3567 
193250 3572 3568 
193300 3557 3559 
193350 3555 3557 
193400 3562 3564 
193450 3553 3555 
193500 3546 3547 
193550 3562 3563 
193600 3557 3559 
193650 3543 3544 
193700 3545 3552 
193750 3545 3543 
193800 3548 3545 
193850 3570 3572 
193900 3559 3557 
193950 3563 3561 
194000 3544 3544 
194050 3554 3556 
194100 3545 3545 
194150 3551 3550 
194200 3536 3536 
194250 3566 3567 
194300 3551 3549 
194350 3553 3551 
194400 3561 3556 
194450 3555 3557 
194500 3550 3549 
194550 3562 3565 
194600 3551 3554 
194650 3541 3542 
194700 3548 3548 
194750 3551 3552 
194800 3558 3556 
194850 3547 3538 
194900 3552 3549 
194950 3559 3558 
195000 3555 3559 
195050 3550 3551 
195100 3562 3561 
195150 3546 3554 
195200 3547 3547 
195250 3578 3578 
195300 3548 3552 
195350 3560 3556 
195400 3551 3552 
195450 3532 3527 
195500 3535 3532 
195550 3562 3557 
195600 3553 3552 
195650 3547 3542 
195700 3549 3544 
195750 3560 3556 
195800 3554 3554 
195850 3548 3544 
195900 3550 3547 
195950 3551 3552 
196000 3546 3541 
196050 3562 3559 
196100 3558 3554 
196150 3569 3568 
196200 3556 3552 
196250 3545 3546 
196300 3560 3557 
196350 3563 3564 
196400 3557 3554 
196450 3551 3548 
196500 3545 3544 
196550 3531 3525 
196600 3558 3561 
196650 3559 3558 
196700 3571 3573 
196750 3567 3568 
196800 3563 3565 
196850 3556 3552 
196900 3551 3555 
196950 3555 3552 
197000 3553 3550 
197050 3561 3558 
197100 3556 3562 
197150 3560 3565 
197200 3555 3560 
197250 3553 3554 
197300 3549 3550 
197350 3541 3544 
197400 3569 3570 
197450 3565 3560 
197500 3556 3553 
197550 3554 3552 
197600 3559 3548 
197650 3553 3554 
197700 3555 3560 
197750 3552 3551 
197800 3562 3559 
197850 3545 3544 
197900 3552 3553 
197950 3547 3550 
198000 3562 3563 
198050 3556 3554 
198100 3564 3563 
198150 3568 3566 
198200 3554 3550 
198250 3546 3554 
198300 3555 3557 
198350 3563 3562 
198400 3545 3554 
198450 3553 3560 
198500 3546 3554 
198550 3552 3557 
198600 3571 3564 
198650 3556 3555 
198700 3550 3554 
198750 3548 3549 
198800 3542 3545 
198850 3558 3558 
198900 3564 3572 
198950 3560 3561 
199000 3561 3559 
199050 3564 3560 
199100 3556 3557 
199150 3530 3531 
199200 3559 3558 
199250 3551 3549 
199300 3549 3550 
199350 3554 3553 
199400 3550 3546 
199450 3560 3559 
199500 3548 3546 
199550 3555 3545 
199600 3564 3563 
199650 3548 3551 
199700 3553 3552 
199750 3549 3552 
199800 3553 3550 
199850 3543 3545 
199900 3538 3543 
199950 3542 3543 
200000 3554 3555 
