# Avida tasks data
# Sat Apr  7 17:20:25 2012
# First column gives the current update, next columns give the number
# of organisms that have the particular task as a component of their merit
#  1: Update
#  2: Xor
#  3: Equals

0 0 0 
50 8 8 
100 34 34 
150 106 106 
200 234 234 
250 417 417 
300 646 646 
350 930 927 
400 1285 1282 
450 1679 1682 
500 2124 2124 
550 2662 2664 
600 3149 3148 
650 3413 3411 
700 3525 3525 
750 3541 3536 
800 3553 3547 
850 3513 3515 
900 3531 3529 
950 3526 3525 
1000 3543 3541 
1050 3220 2730 
1100 3313 2056 
1150 3448 1686 
1200 3440 1311 
1250 3442 982 
1300 3443 703 
1350 3459 460 
1400 3471 263 
1450 3496 136 
1500 3522 85 
1550 3530 25 
1600 3536 38 
1650 3538 701 
1700 3525 1179 
1750 3545 1626 
1800 3547 1934 
1850 3531 2226 
1900 3535 2521 
1950 3529 2766 
2000 3548 2990 
2050 3332 2339 
2100 3413 1602 
2150 3463 1026 
2200 3490 623 
2250 3516 325 
2300 3540 185 
2350 3554 86 
2400 3563 45 
2450 3542 9 
2500 3550 2 
2550 3562 225 
2600 3557 814 
2650 3553 1255 
2700 3549 1652 
2750 3546 1982 
2800 3545 2305 
2850 3539 2596 
2900 3548 2823 
2950 3544 3046 
3000 3553 3191 
3050 3392 2203 
3100 3476 1158 
3150 3534 611 
3200 3531 292 
3250 3544 121 
3300 3546 34 
3350 3524 29 
3400 3526 9 
3450 3557 15 
3500 3548 11 
3550 3552 490 
3600 3546 1116 
3650 3547 1610 
3700 3537 1992 
3750 3548 2275 
3800 3524 2580 
3850 3545 2807 
3900 3547 3005 
3950 3547 3221 
4000 3536 3320 
4050 3290 2361 
4100 3385 1378 
4150 3461 811 
4200 3485 492 
4250 3532 312 
4300 3533 230 
4350 3538 146 
4400 3543 73 
4450 3539 31 
4500 3541 10 
4550 3527 462 
4600 3520 1008 
4650 3541 1605 
4700 3515 2036 
4750 3537 2555 
4800 3539 2912 
4850 3528 3133 
4900 3528 3289 
4950 3547 3412 
5000 3546 3482 
5050 3315 2359 
5100 3422 1331 
5150 3474 781 
5200 3507 451 
5250 3536 278 
5300 3523 170 
5350 3551 95 
5400 3553 42 
5450 3534 25 
5500 3525 10 
5550 3541 92 
5600 3538 885 
5650 3535 1566 
5700 3531 2100 
5750 3548 2447 
5800 3553 2737 
5850 3539 2953 
5900 3547 3162 
5950 3554 3315 
6000 3554 3378 
6050 3351 2312 
6100 3444 1272 
6150 3517 657 
6200 3526 298 
6250 3534 129 
6300 3525 69 
6350 3524 32 
6400 3524 17 
6450 3545 7 
6500 3556 8 
6550 3538 331 
6600 3542 914 
6650 3550 1471 
6700 3540 1973 
6750 3543 2360 
6800 3548 2668 
6850 3544 2917 
6900 3557 3104 
6950 3539 3235 
7000 3544 3328 
7050 3341 2218 
7100 3448 1115 
7150 3509 542 
7200 3500 216 
7250 3548 68 
7300 3556 21 
7350 3541 12 
7400 3523 6 
7450 3539 2 
7500 3531 4 
7550 3543 301 
7600 3533 992 
7650 3507 1510 
7700 3521 1886 
7750 3536 2236 
7800 3538 2511 
7850 3533 2724 
7900 3549 2916 
7950 3531 3099 
8000 3553 3296 
8050 3321 2342 
8100 3415 1368 
8150 3473 828 
8200 3504 497 
8250 3503 281 
8300 3540 155 
8350 3536 78 
8400 3540 25 
8450 3543 9 
8500 3558 2 
8550 3529 71 
8600 3545 654 
8650 3540 1173 
8700 3548 1596 
8750 3555 1994 
8800 3555 2335 
8850 3553 2630 
8900 3538 2831 
8950 3549 3007 
9000 3551 3153 
9050 3376 2173 
9100 3479 1174 
9150 3505 516 
9200 3535 214 
9250 3537 64 
9300 3541 24 
9350 3541 7 
9400 3524 10 
9450 3550 7 
9500 3541 18 
9550 3556 412 
9600 3552 996 
9650 3553 1478 
9700 3547 1859 
9750 3543 2205 
9800 3552 2514 
9850 3547 2768 
9900 3554 2997 
9950 3564 3154 
10000 3547 3295 
10050 3315 2387 
10100 3391 1535 
10150 3438 1081 
10200 3459 732 
10250 3496 576 
10300 3513 440 
10350 3511 309 
10400 3518 209 
10450 3527 134 
10500 3556 66 
10550 3541 527 
10600 3553 1025 
10650 3546 1439 
10700 3555 1807 
10750 3541 2182 
10800 3550 2495 
10850 3552 2759 
10900 3556 2971 
10950 3555 3179 
11000 3536 3282 
11050 3372 2152 
11100 3454 1217 
11150 3496 652 
11200 3519 355 
11250 3533 158 
11300 3544 66 
11350 3545 25 
11400 3546 7 
11450 3543 4 
11500 3553 1 
11550 3539 388 
11600 3534 939 
11650 3543 1342 
11700 3547 1715 
11750 3532 2049 
11800 3539 2376 
11850 3535 2724 
11900 3535 2999 
11950 3544 3189 
12000 3559 3327 
12050 3351 2223 
12100 3456 1217 
12150 3510 578 
12200 3543 251 
12250 3544 73 
12300 3548 18 
12350 3550 10 
12400 3531 6 
12450 3553 3 
12500 3535 6 
12550 3544 2 
12600 3534 431 
12650 3530 947 
12700 3550 1430 
12750 3545 1824 
12800 3563 2197 
12850 3549 2496 
12900 3539 2758 
12950 3542 2969 
13000 3534 3094 
13050 3298 2422 
13100 3343 1788 
13150 3399 1305 
13200 3417 846 
13250 3489 573 
13300 3495 310 
13350 3510 129 
13400 3532 47 
13450 3547 18 
13500 3553 9 
13550 3543 319 
13600 3536 868 
13650 3536 1382 
13700 3544 1845 
13750 3534 2249 
13800 3534 2677 
13850 3534 2985 
13900 3549 3203 
13950 3562 3352 
14000 3551 3472 
14050 3320 2401 
14100 3396 1446 
14150 3446 906 
14200 3479 607 
14250 3534 461 
14300 3550 270 
14350 3551 146 
14400 3538 74 
14450 3550 41 
14500 3556 11 
14550 3551 4 
14600 3541 754 
14650 3547 1439 
14700 3542 1887 
14750 3535 2274 
14800 3535 2559 
14850 3546 2804 
14900 3533 3000 
14950 3548 3147 
15000 3533 3231 
15050 3401 2250 
15100 3460 1309 
15150 3476 825 
15200 3507 519 
15250 3511 333 
15300 3535 202 
15350 3534 123 
15400 3546 47 
15450 3554 15 
15500 3539 10 
15550 3547 367 
15600 3534 958 
15650 3538 1435 
15700 3530 1828 
15750 3537 2208 
15800 3532 2531 
15850 3517 2748 
15900 3511 2957 
15950 3537 3147 
16000 3538 3312 
16050 3402 2083 
16100 3517 895 
16150 3549 334 
16200 3539 99 
16250 3549 25 
16300 3541 8 
16350 3551 12 
16400 3540 11 
16450 3532 7 
16500 3542 8 
16550 3536 540 
16600 3535 1036 
16650 3549 1474 
16700 3556 1849 
16750 3553 2163 
16800 3549 2433 
16850 3551 2684 
16900 3551 2858 
16950 3561 3042 
17000 3542 3183 
17050 3386 2167 
17100 3500 1062 
17150 3516 543 
17200 3528 276 
17250 3530 108 
17300 3536 37 
17350 3539 11 
17400 3546 5 
17450 3546 1 
17500 3540 4 
17550 3561 297 
17600 3552 873 
17650 3546 1331 
17700 3548 1746 
17750 3543 2113 
17800 3545 2466 
17850 3546 2780 
17900 3539 3035 
17950 3549 3249 
18000 3546 3392 
18050 3363 2223 
18100 3485 1127 
18150 3511 530 
18200 3541 226 
18250 3537 90 
18300 3553 39 
18350 3551 21 
18400 3529 7 
18450 3545 2 
18500 3531 0 
18550 3547 0 
18600 3545 157 
18650 3557 768 
18700 3539 1166 
18750 3532 1543 
18800 3526 1880 
18850 3547 2237 
18900 3540 2540 
18950 3531 2773 
19000 3538 2971 
19050 3415 2013 
19100 3483 1002 
19150 3520 454 
19200 3536 186 
19250 3548 64 
19300 3562 31 
19350 3556 13 
19400 3562 11 
19450 3543 2 
19500 3551 6 
19550 3533 343 
19600 3520 885 
19650 3512 1433 
19700 3514 1859 
19750 3511 2196 
19800 3510 2506 
19850 3511 2790 
19900 3520 3015 
19950 3522 3173 
20000 3527 3303 
20050 3274 2346 
20100 3396 1345 
20150 3477 647 
20200 3503 231 
20250 3532 51 
20300 3513 19 
20350 3526 8 
20400 3536 3 
20450 3539 3 
20500 3546 7 
20550 3528 9 
20600 3347 181 
20650 3207 838 
20700 3273 1245 
20750 3310 1575 
20800 3349 1924 
20850 3387 2268 
20900 3394 2580 
20950 3411 2827 
21000 3419 3041 
21050 3312 2198 
21100 3435 1332 
21150 3459 825 
21200 3494 483 
21250 3508 288 
21300 3527 164 
21350 3539 111 
21400 3535 48 
21450 3531 15 
21500 3519 7 
21550 3539 165 
21600 3536 571 
21650 3517 957 
21700 3528 1415 
21750 3518 1784 
21800 3530 2136 
21850 3529 2446 
21900 3523 2680 
21950 3520 2850 
22000 3545 3016 
22050 3296 2304 
22100 3411 1515 
22150 3461 978 
22200 3486 595 
22250 3517 326 
22300 3538 182 
22350 3551 90 
22400 3559 35 
22450 3540 15 
22500 3548 0 
22550 3545 185 
22600 3531 897 
22650 3537 1426 
22700 3530 1794 
22750 3534 2123 
22800 3509 2453 
22850 3526 2738 
22900 3540 2995 
22950 3532 3195 
23000 3544 3351 
23050 3319 2459 
23100 3372 1517 
23150 3414 1002 
23200 3433 697 
23250 3499 516 
23300 3496 322 
23350 3512 181 
23400 3500 86 
23450 3530 42 
23500 3543 14 
23550 3547 364 
23600 3552 1109 
23650 3549 1669 
23700 3546 2152 
23750 3541 2561 
23800 3538 2837 
23850 3538 3068 
23900 3534 3241 
23950 3540 3362 
24000 3527 3403 
24050 3351 2284 
24100 3424 1309 
24150 3459 768 
24200 3487 442 
24250 3512 243 
24300 3551 137 
24350 3536 60 
24400 3541 20 
24450 3535 13 
24500 3515 12 
24550 3520 426 
24600 3524 954 
24650 3523 1421 
24700 3507 1831 
24750 3496 2230 
24800 3518 2603 
24850 3514 2899 
24900 3512 3117 
24950 3511 3291 
25000 3500 3354 
25050 3239 2439 
25100 3338 1577 
25150 3403 987 
25200 3453 643 
25250 3510 422 
25300 3520 227 
25350 3520 123 
25400 3517 45 
25450 3528 16 
25500 3529 13 
25550 3542 375 
25600 3545 927 
25650 3546 1349 
25700 3552 1776 
25750 3541 2164 
25800 3554 2561 
25850 3543 2858 
25900 3540 3128 
25950 3549 3318 
26000 3515 3401 
26050 3339 2322 
26100 3419 1332 
26150 3490 697 
26200 3518 292 
26250 3519 115 
26300 3538 58 
26350 3545 12 
26400 3536 9 
26450 3533 5 
26500 3516 3 
26550 3534 543 
26600 3539 1219 
26650 3530 1742 
26700 3548 2208 
26750 3552 2604 
26800 3522 2867 
26850 3530 3076 
26900 3532 3243 
26950 3544 3375 
27000 3539 3436 
27050 3382 2215 
27100 3487 1093 
27150 3518 530 
27200 3530 224 
27250 3541 85 
27300 3538 28 
27350 3546 17 
27400 3545 7 
27450 3523 8 
27500 3544 4 
27550 3543 0 
27600 3537 339 
27650 3516 916 
27700 3494 1354 
27750 3505 1774 
27800 3507 2165 
27850 3534 2530 
27900 3532 2812 
27950 3530 3058 
28000 3534 3215 
28050 3385 2156 
28100 3476 1084 
28150 3512 563 
28200 3528 289 
28250 3537 145 
28300 3532 71 
28350 3540 42 
28400 3530 18 
28450 3522 9 
28500 3538 8 
28550 3527 67 
28600 3527 797 
28650 3515 1305 
28700 3507 1694 
28750 3514 2054 
28800 3518 2378 
28850 3497 2639 
28900 3527 2850 
28950 3518 3007 
29000 3529 3163 
29050 3394 2158 
29100 3472 1091 
29150 3484 539 
29200 3508 270 
29250 3509 117 
29300 3550 49 
29350 3530 24 
29400 3530 15 
29450 3547 15 
29500 3548 6 
29550 3493 296 
29600 3487 1142 
29650 3503 1677 
29700 3501 2072 
29750 3509 2370 
29800 3524 2674 
29850 3522 2915 
29900 3510 3151 
29950 3510 3296 
30000 3520 3416 
30050 3327 2270 
30100 3444 1182 
30150 3502 549 
30200 3513 231 
30250 3533 93 
30300 3518 47 
30350 3541 22 
30400 3541 20 
30450 3533 10 
30500 3547 7 
30550 3548 367 
30600 3555 912 
30650 3551 1392 
30700 3547 1837 
30750 3546 2200 
30800 3534 2535 
30850 3532 2898 
30900 3539 3140 
30950 3551 3311 
31000 3539 3441 
31050 3347 2267 
31100 3455 1196 
31150 3515 573 
31200 3558 204 
31250 3540 61 
31300 3545 24 
31350 3554 8 
31400 3537 9 
31450 3535 4 
31500 3534 3 
31550 3527 52 
31600 3534 649 
31650 3529 1086 
31700 3532 1527 
31750 3528 1910 
31800 3545 2265 
31850 3554 2623 
31900 3545 2875 
31950 3547 3072 
32000 3550 3223 
32050 3328 2331 
32100 3428 1369 
32150 3513 727 
32200 3539 319 
32250 3529 102 
32300 3543 44 
32350 3545 18 
32400 3538 6 
32450 3541 7 
32500 3546 7 
32550 3546 470 
32600 3553 1111 
32650 3535 1553 
32700 3535 1951 
32750 3525 2284 
32800 3526 2609 
32850 3541 2875 
32900 3518 3064 
32950 3535 3222 
33000 3539 3359 
33050 3341 2237 
33100 3440 1244 
33150 3483 641 
33200 3500 315 
33250 3522 143 
33300 3520 81 
33350 3540 36 
33400 3538 12 
33450 3544 6 
33500 3534 10 
33550 3537 5 
33600 3498 181 
33650 3471 827 
33700 3439 1439 
33750 3447 1929 
33800 3445 2263 
33850 3456 2577 
33900 3479 2843 
33950 3482 3076 
34000 3484 3239 
34050 3279 2299 
34100 3409 1447 
34150 3451 824 
34200 3487 404 
34250 3522 153 
34300 3524 60 
34350 3546 25 
34400 3547 5 
34450 3538 4 
34500 3540 5 
34550 3534 187 
34600 3511 995 
34650 3521 1551 
34700 3523 1953 
34750 3542 2321 
34800 3541 2628 
34850 3542 2853 
34900 3529 3098 
34950 3531 3277 
35000 3524 3378 
35050 3304 2307 
35100 3394 1302 
35150 3472 726 
35200 3512 353 
35250 3534 149 
35300 3538 59 
35350 3538 11 
35400 3534 4 
35450 3533 3 
35500 3524 0 
35550 3536 1 
35600 3544 452 
35650 3545 1011 
35700 3544 1499 
35750 3549 1869 
35800 3529 2216 
35850 3514 2549 
35900 3531 2826 
35950 3538 3053 
36000 3543 3185 
36050 3328 2286 
36100 3416 1305 
36150 3479 703 
36200 3503 395 
36250 3536 186 
36300 3534 77 
36350 3534 20 
36400 3538 8 
36450 3517 5 
36500 3534 1 
36550 3548 249 
36600 3532 799 
36650 3543 1257 
36700 3526 1664 
36750 3539 2013 
36800 3541 2372 
36850 3549 2665 
36900 3545 2914 
36950 3537 3098 
37000 3550 3261 
37050 3300 2350 
37100 3368 1429 
37150 3446 916 
37200 3464 554 
37250 3507 325 
37300 3532 209 
37350 3539 106 
37400 3532 41 
37450 3534 10 
37500 3546 0 
37550 3538 0 
37600 3519 18 
37650 3446 93 
37700 3373 772 
37750 3377 1396 
37800 3420 1906 
37850 3454 2262 
37900 3487 2571 
37950 3502 2824 
38000 3484 3020 
38050 3321 2313 
38100 3395 1568 
38150 3406 1047 
38200 3428 683 
38250 3488 462 
38300 3498 323 
38350 3537 189 
38400 3532 92 
38450 3545 48 
38500 3548 19 
38550 3529 78 
38600 3533 722 
38650 3531 1222 
38700 3511 1642 
38750 3510 2030 
38800 3520 2380 
38850 3521 2724 
38900 3520 2982 
38950 3531 3175 
39000 3529 3304 
39050 3264 2461 
39100 3312 1717 
39150 3352 1194 
39200 3455 900 
39250 3508 726 
39300 3505 485 
39350 3510 328 
39400 3524 202 
39450 3532 123 
39500 3551 69 
39550 3542 263 
39600 3533 861 
39650 3532 1367 
39700 3531 1805 
39750 3541 2211 
39800 3532 2526 
39850 3532 2780 
39900 3525 2984 
39950 3545 3131 
40000 3549 3266 
40050 3318 2404 
40100 3397 1455 
40150 3477 844 
40200 3503 439 
40250 3557 195 
40300 3545 97 
40350 3533 36 
40400 3539 13 
40450 3551 3 
40500 3545 6 
40550 3515 262 
40600 3502 877 
40650 3502 1312 
40700 3514 1760 
40750 3492 2194 
40800 3498 2590 
40850 3515 2924 
40900 3484 3180 
40950 3510 3383 
41000 3538 3470 
41050 3343 2399 
41100 3444 1399 
41150 3473 847 
41200 3502 465 
41250 3549 294 
41300 3535 165 
41350 3521 64 
41400 3519 11 
41450 3534 8 
41500 3546 1 
41550 3544 1 
41600 3541 528 
41650 3523 1104 
41700 3527 1695 
41750 3523 2186 
41800 3525 2625 
41850 3535 2970 
41900 3517 3176 
41950 3534 3372 
42000 3517 3443 
42050 3289 2392 
42100 3392 1487 
42150 3445 913 
42200 3474 603 
42250 3524 415 
42300 3530 245 
42350 3541 117 
42400 3543 36 
42450 3547 8 
42500 3523 4 
42550 3537 506 
42600 3530 1074 
42650 3533 1607 
42700 3520 2058 
42750 3537 2466 
42800 3535 2798 
42850 3533 3075 
42900 3522 3247 
42950 3524 3357 
43000 3552 3475 
43050 3259 2685 
43100 3303 1880 
43150 3451 1534 
43200 3476 1130 
43250 3458 751 
43300 3495 522 
43350 3503 333 
43400 3521 210 
43450 3515 115 
43500 3529 48 
43550 3537 413 
43600 3535 938 
43650 3552 1457 
43700 3530 1884 
43750 3543 2288 
43800 3548 2648 
43850 3541 2958 
43900 3549 3169 
43950 3527 3275 
44000 3552 3371 
44050 3271 2505 
44100 3350 1603 
44150 3398 993 
44200 3474 567 
44250 3507 353 
44300 3517 159 
44350 3530 50 
44400 3545 12 
44450 3539 2 
44500 3543 2 
44550 3552 202 
44600 3547 808 
44650 3531 1256 
44700 3543 1641 
44750 3538 2006 
44800 3529 2357 
44850 3519 2670 
44900 3533 2919 
44950 3542 3095 
45000 3547 3248 
45050 3299 2455 
45100 3370 1592 
45150 3421 1053 
45200 3484 624 
45250 3509 349 
45300 3531 193 
45350 3527 92 
45400 3529 44 
45450 3535 12 
45500 3547 4 
45550 3541 418 
45600 3537 1164 
45650 3548 1771 
45700 3549 2243 
45750 3533 2583 
45800 3543 2855 
45850 3540 3046 
45900 3547 3204 
45950 3538 3318 
46000 3541 3417 
46050 3273 2449 
46100 3327 1573 
46150 3360 1017 
46200 3450 732 
46250 3502 511 
46300 3500 276 
46350 3520 121 
46400 3531 59 
46450 3519 19 
46500 3537 4 
46550 3537 288 
46600 3545 820 
46650 3538 1268 
46700 3517 1706 
46750 3518 2073 
46800 3541 2403 
46850 3522 2709 
46900 3535 2969 
46950 3544 3164 
47000 3544 3269 
47050 3299 2384 
47100 3393 1475 
47150 3457 909 
47200 3493 500 
47250 3521 254 
47300 3532 136 
47350 3529 70 
47400 3552 34 
47450 3546 15 
47500 3546 8 
47550 3527 195 
47600 3534 889 
47650 3544 1475 
47700 3542 2001 
47750 3542 2449 
47800 3537 2783 
47850 3531 3052 
47900 3530 3249 
47950 3521 3410 
48000 3548 3505 
48050 3240 2718 
48100 3288 2026 
48150 3461 1738 
48200 3477 1360 
48250 3455 1010 
48300 3439 736 
48350 3484 494 
48400 3479 285 
48450 3504 150 
48500 3530 69 
48550 3525 165 
48600 3526 784 
48650 3535 1274 
48700 3527 1663 
48750 3548 2046 
48800 3549 2371 
48850 3529 2642 
48900 3550 2928 
48950 3544 3086 
49000 3540 3231 
49050 3306 2483 
49100 3384 1607 
49150 3436 1051 
49200 3454 626 
49250 3496 377 
49300 3522 210 
49350 3531 111 
49400 3526 29 
49450 3546 9 
49500 3536 6 
49550 3534 1 
49600 3544 0 
49650 3542 773 
49700 3541 1395 
49750 3537 1837 
49800 3536 2164 
49850 3536 2408 
49900 3536 2644 
49950 3537 2854 
50000 3542 3082 
50050 3289 2333 
50100 3362 1597 
50150 3411 1125 
50200 3405 745 
50250 3477 552 
50300 3480 420 
50350 3500 300 
50400 3507 222 
50450 3501 174 
50500 3522 118 
50550 3528 395 
50600 3542 981 
50650 3540 1461 
50700 3545 1834 
50750 3548 2200 
50800 3536 2488 
50850 3531 2774 
50900 3530 2988 
50950 3525 3138 
51000 3527 3263 
51050 3301 2410 
51100 3395 1537 
51150 3455 917 
51200 3491 556 
51250 3528 401 
51300 3527 247 
51350 3523 129 
51400 3535 48 
51450 3538 21 
51500 3526 5 
51550 3531 1 
51600 3547 0 
51650 3545 44 
51700 3548 735 
51750 3541 1239 
51800 3534 1653 
51850 3526 2027 
51900 3513 2335 
51950 3539 2662 
52000 3549 2914 
52050 3319 2196 
52100 3364 1455 
52150 3423 951 
52200 3463 602 
52250 3491 393 
52300 3529 278 
52350 3518 180 
52400 3533 111 
52450 3541 57 
52500 3541 21 
52550 3535 239 
52600 3531 1032 
52650 3520 1545 
52700 3533 1994 
52750 3524 2260 
52800 3533 2535 
52850 3539 2766 
52900 3506 2929 
52950 3525 3128 
53000 3535 3293 
53050 3270 2392 
53100 3366 1489 
53150 3443 905 
53200 3456 541 
53250 3512 365 
53300 3501 236 
53350 3519 136 
53400 3527 73 
53450 3537 42 
53500 3548 29 
53550 3552 145 
53600 3526 791 
53650 3518 1280 
53700 3536 1701 
53750 3534 2090 
53800 3532 2474 
53850 3530 2780 
53900 3547 3005 
53950 3534 3155 
54000 3541 3279 
54050 3323 2376 
54100 3399 1431 
54150 3466 850 
54200 3493 548 
54250 3514 366 
54300 3533 221 
54350 3543 125 
54400 3528 62 
54450 3546 22 
54500 3533 6 
54550 3538 11 
54600 3533 464 
54650 3547 956 
54700 3540 1440 
54750 3533 1856 
54800 3526 2197 
54850 3537 2551 
54900 3543 2843 
54950 3541 3031 
55000 3537 3155 
55050 3318 2335 
55100 3416 1425 
55150 3462 904 
55200 3495 533 
55250 3530 302 
55300 3531 191 
55350 3553 87 
55400 3538 27 
55450 3530 10 
55500 3538 3 
55550 3547 484 
55600 3530 1197 
55650 3535 1732 
55700 3552 2186 
55750 3551 2468 
55800 3537 2717 
55850 3538 2971 
55900 3533 3117 
55950 3550 3273 
56000 3533 3361 
56050 3345 2318 
56100 3410 1333 
56150 3465 774 
56200 3480 468 
56250 3524 300 
56300 3531 184 
56350 3527 97 
56400 3533 51 
56450 3543 15 
56500 3529 7 
56550 3539 2 
56600 3539 256 
56650 3549 950 
56700 3555 1484 
56750 3535 1903 
56800 3539 2311 
56850 3535 2658 
56900 3542 2954 
56950 3538 3157 
57000 3550 3329 
57050 3297 2343 
57100 3389 1460 
57150 3446 985 
57200 3442 639 
57250 3480 462 
57300 3489 319 
57350 3479 168 
57400 3504 86 
57450 3532 44 
57500 3524 13 
57550 3536 312 
57600 3536 983 
57650 3506 1561 
57700 3540 2103 
57750 3548 2475 
57800 3525 2757 
57850 3526 3015 
57900 3513 3219 
57950 3536 3352 
58000 3533 3432 
58050 3366 2255 
58100 3452 1271 
58150 3495 759 
58200 3515 404 
58250 3531 193 
58300 3544 79 
58350 3534 41 
58400 3537 22 
58450 3549 12 
58500 3550 12 
58550 3529 108 
58600 3539 769 
58650 3539 1311 
58700 3542 1780 
58750 3536 2205 
58800 3527 2596 
58850 3531 2887 
58900 3541 3108 
58950 3532 3227 
59000 3550 3347 
59050 3346 2191 
59100 3418 1166 
59150 3465 549 
59200 3534 252 
59250 3554 77 
59300 3544 21 
59350 3527 10 
59400 3537 5 
59450 3535 2 
59500 3527 7 
59550 3532 47 
59600 3523 995 
59650 3526 1678 
59700 3525 2256 
59750 3533 2691 
59800 3534 2941 
59850 3538 3144 
59900 3540 3276 
59950 3509 3342 
60000 3523 3404 
60050 3310 2288 
60100 3420 1308 
60150 3487 664 
60200 3507 270 
60250 3520 125 
60300 3512 50 
60350 3531 20 
60400 3514 9 
60450 3536 11 
60500 3537 10 
60550 3541 525 
60600 3523 1030 
60650 3545 1480 
60700 3543 1829 
60750 3533 2205 
60800 3531 2531 
60850 3535 2753 
60900 3538 2921 
60950 3524 3074 
61000 3533 3189 
61050 3316 2243 
61100 3413 1275 
61150 3471 700 
61200 3484 403 
61250 3510 245 
61300 3530 168 
61350 3527 97 
61400 3540 35 
61450 3545 17 
61500 3537 9 
61550 3544 21 
61600 3523 574 
61650 3530 1083 
61700 3517 1459 
61750 3524 1849 
61800 3516 2168 
61850 3518 2482 
61900 3531 2757 
61950 3533 2942 
62000 3542 3116 
62050 3307 2204 
62100 3406 1195 
62150 3437 626 
62200 3487 360 
62250 3506 196 
62300 3529 99 
62350 3525 27 
62400 3542 10 
62450 3533 5 
62500 3514 1 
62550 3527 330 
62600 3529 1031 
62650 3527 1567 
62700 3536 2089 
62750 3531 2526 
62800 3537 2883 
62850 3531 3130 
62900 3524 3256 
62950 3522 3357 
63000 3536 3421 
63050 3333 2234 
63100 3431 1266 
63150 3478 690 
63200 3509 317 
63250 3514 133 
63300 3545 43 
63350 3532 12 
63400 3538 6 
63450 3538 2 
63500 3535 0 
63550 3540 548 
63600 3548 1149 
63650 3538 1626 
63700 3539 2096 
63750 3530 2437 
63800 3554 2753 
63850 3560 2990 
63900 3554 3151 
63950 3533 3255 
64000 3534 3353 
64050 3388 2131 
64100 3450 1019 
64150 3501 437 
64200 3517 143 
64250 3545 34 
64300 3554 7 
64350 3540 5 
64400 3546 4 
64450 3544 3 
64500 3526 5 
64550 3535 217 
64600 3533 733 
64650 3534 1281 
64700 3535 1777 
64750 3533 2213 
64800 3532 2542 
64850 3538 2859 
64900 3536 3081 
64950 3528 3247 
65000 3538 3402 
65050 3359 2134 
65100 3474 1076 
65150 3518 521 
65200 3516 243 
65250 3521 102 
65300 3550 28 
65350 3562 15 
65400 3562 7 
65450 3551 9 
65500 3539 3 
65550 3525 454 
65600 3518 1143 
65650 3521 1729 
65700 3526 2193 
65750 3529 2519 
65800 3534 2811 
65850 3546 3025 
65900 3522 3229 
65950 3551 3387 
66000 3551 3459 
66050 3386 2105 
66100 3454 953 
66150 3489 368 
66200 3509 165 
66250 3522 56 
66300 3526 25 
66350 3544 10 
66400 3534 3 
66450 3528 3 
66500 3535 2 
66550 3536 319 
66600 3533 1183 
66650 3520 1765 
66700 3522 2248 
66750 3544 2656 
66800 3516 2845 
66850 3537 3079 
66900 3535 3212 
66950 3541 3312 
67000 3537 3388 
67050 3299 2179 
67100 3411 1065 
67150 3467 503 
67200 3496 246 
67250 3519 90 
67300 3539 31 
67350 3532 10 
67400 3537 9 
67450 3543 1 
67500 3549 3 
67550 3545 398 
67600 3551 1035 
67650 3527 1526 
67700 3521 1950 
67750 3536 2311 
67800 3525 2535 
67850 3536 2781 
67900 3540 3003 
67950 3531 3168 
68000 3550 3311 
68050 3338 2194 
68100 3398 1276 
68150 3469 734 
68200 3492 433 
68250 3517 255 
68300 3550 204 
68350 3534 114 
68400 3541 51 
68450 3550 19 
68500 3539 14 
68550 3527 530 
68600 3535 1253 
68650 3537 1821 
68700 3536 2239 
68750 3532 2575 
68800 3533 2840 
68850 3538 3043 
68900 3534 3208 
68950 3522 3339 
69000 3523 3453 
69050 3314 2336 
69100 3437 1275 
69150 3493 673 
69200 3515 280 
69250 3531 98 
69300 3535 36 
69350 3521 17 
69400 3535 12 
69450 3528 6 
69500 3526 5 
69550 3530 450 
69600 3539 1196 
69650 3528 1714 
69700 3520 2180 
69750 3526 2550 
69800 3526 2810 
69850 3538 3070 
69900 3536 3223 
69950 3544 3344 
70000 3527 3418 
70050 3321 2342 
70100 3424 1392 
70150 3488 780 
70200 3509 399 
70250 3524 187 
70300 3518 73 
70350 3527 18 
70400 3540 8 
70450 3531 10 
70500 3549 1 
70550 3545 346 
70600 3536 993 
70650 3538 1563 
70700 3542 2036 
70750 3518 2326 
70800 3514 2640 
70850 3543 2887 
70900 3529 3079 
70950 3523 3198 
71000 3542 3330 
71050 3339 2195 
71100 3428 1262 
71150 3482 735 
71200 3508 417 
71250 3515 242 
71300 3524 110 
71350 3536 34 
71400 3523 16 
71450 3541 4 
71500 3543 4 
71550 3547 506 
71600 3539 1247 
71650 3543 1820 
71700 3545 2234 
71750 3534 2540 
71800 3546 2787 
71850 3538 2963 
71900 3521 3127 
71950 3532 3248 
72000 3534 3368 
72050 3337 2235 
72100 3434 1155 
72150 3470 591 
72200 3505 340 
72250 3510 184 
72300 3520 93 
72350 3534 43 
72400 3521 10 
72450 3551 7 
72500 3538 5 
72550 3517 465 
72600 3520 1142 
72650 3526 1654 
72700 3522 2099 
72750 3536 2562 
72800 3543 2962 
72850 3537 3213 
72900 3554 3385 
72950 3554 3468 
73000 3550 3508 
73050 3334 2340 
73100 3422 1335 
73150 3474 837 
73200 3489 541 
73250 3529 400 
73300 3535 276 
73350 3545 153 
73400 3539 69 
73450 3540 23 
73500 3534 12 
73550 3534 492 
73600 3524 1054 
73650 3524 1532 
73700 3547 1902 
73750 3551 2223 
73800 3553 2509 
73850 3533 2748 
73900 3539 2929 
73950 3537 3070 
74000 3552 3247 
74050 3336 2284 
74100 3374 1476 
74150 3421 1061 
74200 3420 798 
74250 3495 602 
74300 3501 428 
74350 3488 311 
74400 3510 202 
74450 3517 108 
74500 3526 50 
74550 3538 415 
74600 3547 1016 
74650 3546 1471 
74700 3535 1860 
74750 3553 2250 
74800 3556 2580 
74850 3540 2837 
74900 3534 3063 
74950 3544 3197 
75000 3536 3308 
75050 3277 2370 
75100 3376 1457 
75150 3449 850 
75200 3482 469 
75250 3527 282 
75300 3526 163 
75350 3546 70 
75400 3548 32 
75450 3541 11 
75500 3540 8 
75550 3540 148 
75600 3524 745 
75650 3517 1241 
75700 3519 1646 
75750 3522 2020 
75800 3528 2311 
75850 3539 2614 
75900 3538 2849 
75950 3537 3043 
76000 3541 3229 
76050 3294 2390 
76100 3369 1535 
76150 3462 907 
76200 3467 465 
76250 3496 227 
76300 3516 112 
76350 3541 59 
76400 3536 24 
76450 3547 7 
76500 3552 7 
76550 3541 441 
76600 3555 978 
76650 3548 1442 
76700 3543 1860 
76750 3556 2263 
76800 3549 2595 
76850 3532 2874 
76900 3532 3093 
76950 3533 3258 
77000 3545 3372 
77050 3368 2303 
77100 3485 1131 
77150 3523 535 
77200 3527 177 
77250 3558 58 
77300 3528 19 
77350 3534 5 
77400 3549 0 
77450 3538 4 
77500 3517 6 
77550 3548 92 
77600 3541 952 
77650 3525 1596 
77700 3546 2092 
77750 3531 2411 
77800 3539 2702 
77850 3548 2936 
77900 3547 3187 
77950 3536 3353 
78000 3538 3448 
78050 3301 2242 
78100 3401 1226 
78150 3482 672 
78200 3515 293 
78250 3531 107 
78300 3543 39 
78350 3497 13 
78400 3525 2 
78450 3523 5 
78500 3532 0 
78550 3551 465 
78600 3543 977 
78650 3529 1397 
78700 3537 1817 
78750 3537 2162 
78800 3533 2518 
78850 3528 2818 
78900 3543 3050 
78950 3535 3166 
79000 3541 3306 
79050 3358 2262 
79100 3418 1310 
79150 3472 697 
79200 3518 312 
79250 3527 125 
79300 3536 64 
79350 3540 22 
79400 3551 8 
79450 3536 6 
79500 3544 7 
79550 3524 333 
79600 3534 923 
79650 3535 1423 
79700 3547 1903 
79750 3547 2281 
79800 3530 2575 
79850 3538 2846 
79900 3534 3040 
79950 3536 3187 
80000 3525 3304 
80050 3327 2229 
80100 3449 1290 
80150 3495 726 
80200 3489 369 
80250 3507 168 
80300 3516 80 
80350 3518 27 
80400 3542 4 
80450 3523 3 
80500 3543 3 
80550 3515 40 
80600 3546 636 
80650 3543 1146 
80700 3538 1583 
80750 3551 1986 
80800 3560 2313 
80850 3538 2597 
80900 3530 2831 
80950 3536 3009 
81000 3537 3174 
81050 3374 2217 
81100 3442 1300 
81150 3462 744 
81200 3480 431 
81250 3504 258 
81300 3519 186 
81350 3518 108 
81400 3525 50 
81450 3525 18 
81500 3534 5 
81550 3543 259 
81600 3532 852 
81650 3524 1307 
81700 3517 1694 
81750 3517 2024 
81800 3537 2357 
81850 3534 2652 
81900 3537 2926 
81950 3540 3132 
82000 3548 3222 
82050 3392 2208 
82100 3456 1195 
82150 3495 579 
82200 3523 279 
82250 3537 115 
82300 3543 25 
82350 3534 15 
82400 3544 6 
82450 3534 3 
82500 3528 6 
82550 3528 441 
82600 3542 1055 
82650 3534 1483 
82700 3521 1840 
82750 3542 2164 
82800 3541 2415 
82850 3536 2638 
82900 3531 2847 
82950 3533 3050 
83000 3532 3233 
83050 3356 2181 
83100 3448 1147 
83150 3510 527 
83200 3513 216 
83250 3535 48 
83300 3532 18 
83350 3520 4 
83400 3548 2 
83450 3539 4 
83500 3530 4 
83550 3536 0 
83600 3538 485 
83650 3537 976 
83700 3531 1361 
83750 3524 1744 
83800 3524 2091 
83850 3526 2496 
83900 3521 2756 
83950 3542 2968 
84000 3542 3124 
84050 3335 2120 
84100 3438 1132 
84150 3483 578 
84200 3524 255 
84250 3532 74 
84300 3535 14 
84350 3538 4 
84400 3535 3 
84450 3551 1 
84500 3535 2 
84550 3526 119 
84600 3552 727 
84650 3543 1197 
84700 3542 1592 
84750 3539 1968 
84800 3543 2304 
84850 3533 2610 
84900 3510 2811 
84950 3533 3037 
85000 3532 3179 
85050 3369 2219 
85100 3470 1258 
85150 3488 643 
85200 3522 296 
85250 3537 97 
85300 3549 30 
85350 3544 4 
85400 3541 2 
85450 3552 7 
85500 3536 3 
85550 3544 166 
85600 3535 772 
85650 3549 1201 
85700 3528 1574 
85750 3531 1900 
85800 3533 2248 
85850 3527 2519 
85900 3525 2749 
85950 3527 2919 
86000 3517 3048 
86050 3361 2111 
86100 3447 1140 
86150 3493 550 
86200 3507 262 
86250 3529 113 
86300 3530 43 
86350 3519 11 
86400 3539 2 
86450 3540 2 
86500 3541 3 
86550 3533 338 
86600 3541 848 
86650 3545 1347 
86700 3545 1756 
86750 3551 2111 
86800 3534 2366 
86850 3538 2655 
86900 3539 2897 
86950 3536 3063 
87000 3545 3222 
87050 3341 2237 
87100 3451 1330 
87150 3484 723 
87200 3523 404 
87250 3544 169 
87300 3531 48 
87350 3540 22 
87400 3543 5 
87450 3532 7 
87500 3527 1 
87550 3515 360 
87600 3535 1202 
87650 3527 1763 
87700 3527 2129 
87750 3541 2461 
87800 3546 2725 
87850 3534 2884 
87900 3534 3022 
87950 3533 3118 
88000 3538 3226 
88050 3335 2279 
88100 3485 1182 
88150 3491 585 
88200 3523 249 
88250 3542 80 
88300 3533 9 
88350 3531 4 
88400 3531 2 
88450 3554 1 
88500 3544 2 
88550 3539 470 
88600 3536 978 
88650 3541 1437 
88700 3532 1869 
88750 3543 2288 
88800 3536 2618 
88850 3524 2865 
88900 3535 3128 
88950 3528 3268 
89000 3541 3358 
89050 3339 2272 
89100 3428 1309 
89150 3461 787 
89200 3497 486 
89250 3535 292 
89300 3544 175 
89350 3537 102 
89400 3539 53 
89450 3534 16 
89500 3540 3 
89550 3538 518 
89600 3538 1230 
89650 3534 1696 
89700 3520 2053 
89750 3531 2378 
89800 3549 2623 
89850 3526 2826 
89900 3536 3038 
89950 3532 3192 
90000 3532 3330 
90050 3316 2248 
90100 3423 1278 
90150 3455 764 
90200 3510 401 
90250 3509 214 
90300 3512 116 
90350 3533 56 
90400 3514 19 
90450 3541 4 
90500 3533 3 
90550 3527 263 
90600 3537 820 
90650 3543 1247 
90700 3540 1652 
90750 3541 2000 
90800 3547 2311 
90850 3547 2593 
90900 3531 2812 
90950 3528 3038 
91000 3527 3209 
91050 3348 2339 
91100 3382 1447 
91150 3431 865 
91200 3476 466 
91250 3507 238 
91300 3512 144 
91350 3534 85 
91400 3516 32 
91450 3542 16 
91500 3551 7 
91550 3540 238 
91600 3539 824 
91650 3535 1264 
91700 3522 1703 
91750 3524 2073 
91800 3544 2478 
91850 3537 2770 
91900 3540 3009 
91950 3540 3181 
92000 3527 3295 
92050 3303 2272 
92100 3394 1326 
92150 3466 766 
92200 3476 399 
92250 3502 224 
92300 3526 139 
92350 3541 56 
92400 3530 25 
92450 3529 4 
92500 3515 3 
92550 3523 426 
92600 3540 980 
92650 3537 1417 
92700 3527 1792 
92750 3532 2100 
92800 3532 2423 
92850 3539 2712 
92900 3536 2933 
92950 3526 3081 
93000 3536 3237 
93050 3291 2364 
93100 3381 1484 
93150 3447 943 
93200 3472 580 
93250 3493 361 
93300 3513 228 
93350 3516 140 
93400 3523 78 
93450 3533 40 
93500 3521 15 
93550 3525 147 
93600 3530 757 
93650 3529 1213 
93700 3537 1663 
93750 3529 1987 
93800 3521 2310 
93850 3530 2635 
93900 3539 2885 
93950 3534 3084 
94000 3526 3184 
94050 3311 2243 
94100 3417 1294 
94150 3487 664 
94200 3517 311 
94250 3538 141 
94300 3529 51 
94350 3540 25 
94400 3528 16 
94450 3565 5 
94500 3539 11 
94550 3528 73 
94600 3505 699 
94650 3534 1176 
94700 3540 1552 
94750 3535 1915 
94800 3546 2298 
94850 3539 2633 
94900 3528 2897 
94950 3545 3084 
95000 3525 3209 
95050 3311 2359 
95100 3370 1447 
95150 3449 910 
95200 3478 517 
95250 3515 315 
95300 3513 223 
95350 3526 122 
95400 3521 69 
95450 3529 31 
95500 3549 19 
95550 3532 41 
95600 3502 444 
95650 3486 790 
95700 3473 1101 
95750 3479 1433 
95800 3459 1702 
95850 3449 1971 
95900 3463 2209 
95950 3475 2412 
96000 3484 2655 
96050 3386 2117 
96100 3439 1440 
96150 3487 991 
96200 3497 668 
96250 3505 432 
96300 3525 271 
96350 3542 157 
96400 3525 95 
96450 3531 53 
96500 3534 21 
96550 3531 9 
96600 3489 120 
96650 3443 799 
96700 3426 1315 
96750 3457 1698 
96800 3462 2050 
96850 3470 2420 
96900 3477 2680 
96950 3467 2934 
97000 3470 3136 
97050 3317 2314 
97100 3425 1471 
97150 3476 977 
97200 3489 627 
97250 3516 405 
97300 3513 288 
97350 3536 169 
97400 3533 86 
97450 3541 37 
97500 3505 14 
97550 3539 5 
97600 3538 324 
97650 3552 902 
97700 3539 1342 
97750 3539 1707 
97800 3535 2087 
97850 3535 2399 
97900 3523 2671 
97950 3530 2899 
98000 3550 3115 
98050 3330 2257 
98100 3443 1246 
98150 3502 616 
98200 3523 244 
98250 3536 72 
98300 3536 22 
98350 3547 8 
98400 3527 4 
98450 3538 6 
98500 3544 0 
98550 3521 93 
98600 3522 652 
98650 3510 1180 
98700 3522 1625 
98750 3522 2002 
98800 3533 2337 
98850 3515 2619 
98900 3507 2817 
98950 3536 2988 
99000 3532 3101 
99050 3382 2213 
99100 3489 1166 
99150 3504 596 
99200 3530 308 
99250 3513 152 
99300 3546 68 
99350 3537 32 
99400 3552 11 
99450 3520 11 
99500 3531 4 
99550 3542 446 
99600 3533 1224 
99650 3534 1744 
99700 3542 2097 
99750 3517 2361 
99800 3534 2656 
99850 3512 2867 
99900 3517 3100 
99950 3528 3285 
100000 3539 3416 
100050 3352 2284 
100100 3451 1209 
100150 3505 619 
100200 3532 225 
100250 3533 69 
100300 3531 26 
100350 3539 13 
100400 3541 6 
100450 3529 5 
100500 3529 4 
100550 3535 434 
100600 3530 976 
100650 3537 1441 
100700 3534 1825 
100750 3538 2152 
100800 3531 2413 
100850 3534 2668 
100900 3553 2893 
100950 3555 3071 
101000 3538 3185 
101050 3279 2464 
101100 3365 1613 
101150 3401 1046 
101200 3425 651 
101250 3468 472 
101300 3490 348 
101350 3519 238 
101400 3532 141 
101450 3526 74 
101500 3529 27 
101550 3543 4 
101600 3491 29 
101650 3399 485 
101700 3412 998 
101750 3466 1395 
101800 3494 1765 
101850 3498 2117 
101900 3514 2421 
101950 3517 2692 
102000 3519 2901 
102050 3308 2219 
102100 3395 1364 
102150 3462 750 
102200 3506 395 
102250 3512 177 
102300 3526 82 
102350 3533 34 
102400 3541 13 
102450 3536 1 
102500 3524 2 
102550 3540 7 
102600 3543 716 
102650 3537 1337 
102700 3543 1856 
102750 3535 2280 
102800 3535 2653 
102850 3523 2939 
102900 3541 3174 
102950 3535 3315 
103000 3545 3435 
103050 3308 2432 
103100 3399 1473 
103150 3465 787 
103200 3480 345 
103250 3508 148 
103300 3525 45 
103350 3525 16 
103400 3523 10 
103450 3527 3 
103500 3540 3 
103550 3516 255 
103600 3526 843 
103650 3519 1333 
103700 3495 1730 
103750 3507 2085 
103800 3499 2461 
103850 3492 2719 
103900 3514 2948 
103950 3523 3126 
104000 3522 3241 
104050 3340 2299 
104100 3436 1251 
104150 3496 600 
104200 3522 247 
104250 3522 95 
104300 3530 35 
104350 3519 13 
104400 3529 11 
104450 3532 1 
104500 3524 7 
104550 3512 531 
104600 3517 1184 
104650 3503 1665 
104700 3510 2096 
104750 3520 2406 
104800 3503 2652 
104850 3526 2904 
104900 3531 3130 
104950 3546 3336 
105000 3547 3463 
105050 3312 2369 
105100 3418 1291 
105150 3474 714 
105200 3492 385 
105250 3504 184 
105300 3517 98 
105350 3521 37 
105400 3530 12 
105450 3530 8 
105500 3556 3 
105550 3551 448 
105600 3537 1077 
105650 3532 1554 
105700 3534 1929 
105750 3530 2182 
105800 3526 2449 
105850 3519 2675 
105900 3532 2879 
105950 3542 3052 
106000 3522 3171 
106050 3345 2270 
106100 3435 1258 
106150 3466 698 
106200 3485 401 
106250 3521 200 
106300 3534 65 
106350 3529 32 
106400 3533 6 
106450 3517 3 
106500 3513 1 
106550 3520 453 
106600 3540 1158 
106650 3531 1618 
106700 3527 2041 
106750 3517 2352 
106800 3548 2629 
106850 3521 2866 
106900 3536 3100 
106950 3538 3276 
107000 3531 3422 
107050 3310 2402 
107100 3390 1427 
107150 3451 880 
107200 3500 462 
107250 3518 221 
107300 3527 79 
107350 3534 18 
107400 3525 10 
107450 3531 11 
107500 3528 2 
107550 3542 287 
107600 3543 828 
107650 3540 1267 
107700 3534 1646 
107750 3535 1976 
107800 3534 2281 
107850 3539 2599 
107900 3527 2807 
107950 3534 3032 
108000 3518 3170 
108050 3267 2269 
108100 3345 1422 
108150 3418 824 
108200 3470 391 
108250 3521 116 
108300 3524 49 
108350 3539 20 
108400 3548 4 
108450 3530 2 
108500 3519 2 
108550 3516 391 
108600 3525 927 
108650 3538 1359 
108700 3522 1747 
108750 3532 2095 
108800 3536 2382 
108850 3541 2702 
108900 3549 2921 
108950 3533 3116 
109000 3541 3247 
109050 3322 2398 
109100 3433 1358 
109150 3471 770 
109200 3514 408 
109250 3521 215 
109300 3535 93 
109350 3544 41 
109400 3538 11 
109450 3543 6 
109500 3546 6 
109550 3537 430 
109600 3525 1076 
109650 3527 1664 
109700 3535 2053 
109750 3543 2379 
109800 3526 2651 
109850 3536 2914 
109900 3534 3138 
109950 3520 3279 
110000 3528 3417 
110050 3283 2367 
110100 3374 1386 
110150 3440 830 
110200 3496 455 
110250 3529 226 
110300 3554 120 
110350 3524 43 
110400 3541 14 
110450 3549 5 
110500 3544 3 
110550 3550 351 
110600 3538 920 
110650 3535 1434 
110700 3550 1905 
110750 3542 2303 
110800 3534 2603 
110850 3546 2924 
110900 3540 3165 
110950 3547 3384 
111000 3531 3470 
111050 3304 2433 
111100 3390 1454 
111150 3401 977 
111200 3464 713 
111250 3489 561 
111300 3509 380 
111350 3518 197 
111400 3501 84 
111450 3532 25 
111500 3528 10 
111550 3525 323 
111600 3524 1048 
111650 3533 1631 
111700 3539 2060 
111750 3521 2354 
111800 3516 2630 
111850 3528 2864 
111900 3540 3091 
111950 3541 3267 
112000 3534 3408 
112050 3295 2331 
112100 3357 1424 
112150 3427 897 
112200 3476 569 
112250 3516 324 
112300 3526 183 
112350 3550 80 
112400 3556 38 
112450 3554 16 
112500 3547 5 
112550 3548 351 
112600 3533 880 
112650 3529 1329 
112700 3531 1696 
112750 3532 2038 
112800 3534 2358 
112850 3526 2655 
112900 3530 2881 
112950 3522 3065 
113000 3537 3232 
113050 3321 2292 
113100 3446 1345 
113150 3478 674 
113200 3510 310 
113250 3514 154 
113300 3534 57 
113350 3531 21 
113400 3540 13 
113450 3534 4 
113500 3541 1 
113550 3541 1 
113600 3509 18 
113650 3489 640 
113700 3474 1187 
113750 3481 1620 
113800 3503 2010 
113850 3508 2373 
113900 3512 2683 
113950 3523 2946 
114000 3534 3167 
114050 3351 2292 
114100 3444 1334 
114150 3490 801 
114200 3522 451 
114250 3532 261 
114300 3547 149 
114350 3532 75 
114400 3550 36 
114450 3556 11 
114500 3546 6 
114550 3541 2 
114600 3520 11 
114650 3522 735 
114700 3520 1280 
114750 3516 1699 
114800 3504 2089 
114850 3501 2369 
114900 3522 2628 
114950 3525 2835 
115000 3511 3007 
115050 3324 2214 
115100 3421 1271 
115150 3465 734 
115200 3499 442 
115250 3525 229 
115300 3501 128 
115350 3518 80 
115400 3533 39 
115450 3529 15 
115500 3536 3 
115550 3532 29 
115600 3521 856 
115650 3512 1428 
115700 3524 1916 
115750 3535 2383 
115800 3522 2682 
115850 3527 2960 
115900 3538 3155 
115950 3530 3297 
116000 3521 3402 
116050 3322 2341 
116100 3400 1411 
116150 3437 902 
116200 3465 589 
116250 3505 392 
116300 3493 271 
116350 3518 166 
116400 3504 86 
116450 3517 38 
116500 3524 18 
116550 3531 388 
116600 3534 908 
116650 3546 1366 
116700 3548 1816 
116750 3539 2177 
116800 3538 2520 
116850 3537 2789 
116900 3524 2990 
116950 3536 3135 
117000 3551 3278 
117050 3384 2157 
117100 3479 1134 
117150 3487 555 
117200 3506 246 
117250 3523 105 
117300 3518 49 
117350 3519 21 
117400 3520 15 
117450 3545 6 
117500 3539 7 
117550 3548 438 
117600 3547 1027 
117650 3545 1520 
117700 3561 1986 
117750 3526 2374 
117800 3525 2674 
117850 3532 2907 
117900 3531 3059 
117950 3534 3213 
118000 3539 3311 
118050 3239 2359 
118100 3336 1455 
118150 3416 902 
118200 3455 506 
118250 3496 275 
118300 3500 126 
118350 3546 41 
118400 3541 16 
118450 3527 4 
118500 3520 10 
118550 3523 492 
118600 3530 1209 
118650 3524 1722 
118700 3535 2123 
118750 3546 2431 
118800 3549 2751 
118850 3544 2956 
118900 3532 3135 
118950 3546 3310 
119000 3558 3427 
119050 3308 2334 
119100 3390 1432 
119150 3425 958 
119200 3462 603 
119250 3517 393 
119300 3536 274 
119350 3536 156 
119400 3540 94 
119450 3531 41 
119500 3528 16 
119550 3543 472 
119600 3548 1196 
119650 3534 1699 
119700 3541 2157 
119750 3540 2518 
119800 3529 2791 
119850 3532 2963 
119900 3542 3150 
119950 3501 3266 
120000 3540 3415 
120050 3345 2274 
120100 3423 1243 
120150 3453 660 
120200 3480 334 
120250 3490 157 
120300 3524 67 
120350 3524 22 
120400 3552 9 
120450 3547 5 
120500 3546 5 
120550 3530 550 
120600 3516 1265 
120650 3504 1834 
120700 3532 2331 
120750 3505 2729 
120800 3522 3028 
120850 3529 3218 
120900 3530 3335 
120950 3527 3421 
121000 3528 3481 
121050 3268 2336 
121100 3350 1325 
121150 3389 827 
121200 3459 507 
121250 3522 280 
121300 3548 116 
121350 3522 31 
121400 3535 11 
121450 3524 6 
121500 3533 7 
121550 3540 391 
121600 3537 918 
121650 3525 1335 
121700 3541 1781 
121750 3543 2162 
121800 3541 2463 
121850 3534 2759 
121900 3550 2997 
121950 3537 3141 
122000 3519 3223 
122050 3360 2105 
122100 3446 1042 
122150 3467 495 
122200 3503 229 
122250 3528 82 
122300 3535 23 
122350 3525 11 
122400 3532 8 
122450 3522 8 
122500 3545 11 
122550 3511 17 
122600 3514 528 
122650 3533 1203 
122700 3540 1699 
122750 3539 2113 
122800 3529 2484 
122850 3527 2764 
122900 3530 2968 
122950 3552 3147 
123000 3538 3279 
123050 3289 2252 
123100 3435 1206 
123150 3472 597 
123200 3488 269 
123250 3522 107 
123300 3514 62 
123350 3543 34 
123400 3535 16 
123450 3532 5 
123500 3543 10 
123550 3533 297 
123600 3525 880 
123650 3512 1417 
123700 3520 1894 
123750 3525 2281 
123800 3528 2570 
123850 3520 2784 
123900 3532 2964 
123950 3531 3106 
124000 3519 3202 
124050 3307 2253 
124100 3415 1271 
124150 3467 688 
124200 3492 316 
124250 3520 137 
124300 3531 58 
124350 3539 28 
124400 3532 8 
124450 3527 5 
124500 3537 5 
124550 3484 47 
124600 3474 965 
124650 3474 1617 
124700 3489 2159 
124750 3507 2477 
124800 3527 2731 
124850 3518 2878 
124900 3530 3053 
124950 3538 3191 
125000 3531 3278 
125050 3287 2262 
125100 3422 1325 
125150 3481 718 
125200 3527 414 
125250 3524 211 
125300 3529 123 
125350 3541 70 
125400 3533 22 
125450 3519 5 
125500 3531 6 
125550 3532 312 
125600 3524 1004 
125650 3510 1528 
125700 3516 1931 
125750 3525 2255 
125800 3528 2492 
125850 3537 2712 
125900 3524 2934 
125950 3513 3087 
126000 3530 3238 
126050 3340 2161 
126100 3453 1096 
126150 3476 513 
126200 3513 258 
126250 3509 128 
126300 3543 47 
126350 3537 21 
126400 3522 7 
126450 3519 8 
126500 3527 3 
126550 3529 12 
126600 3532 652 
126650 3543 1197 
126700 3526 1588 
126750 3546 2032 
126800 3531 2321 
126850 3539 2625 
126900 3534 2872 
126950 3518 3067 
127000 3537 3242 
127050 3356 2202 
127100 3454 1218 
127150 3491 674 
127200 3502 360 
127250 3514 182 
127300 3530 63 
127350 3542 29 
127400 3536 9 
127450 3534 4 
127500 3550 5 
127550 3553 417 
127600 3552 942 
127650 3550 1441 
127700 3530 1893 
127750 3544 2293 
127800 3530 2595 
127850 3528 2944 
127900 3536 3183 
127950 3521 3327 
128000 3541 3444 
128050 3356 2245 
128100 3406 1290 
128150 3470 783 
128200 3507 464 
128250 3521 283 
128300 3511 168 
128350 3531 93 
128400 3530 53 
128450 3546 19 
128500 3528 13 
128550 3534 354 
128600 3523 1077 
128650 3533 1658 
128700 3539 2149 
128750 3527 2523 
128800 3532 2786 
128850 3527 2990 
128900 3525 3184 
128950 3544 3321 
129000 3534 3410 
129050 3329 2256 
129100 3411 1187 
129150 3499 605 
129200 3495 263 
129250 3533 109 
129300 3511 53 
129350 3511 21 
129400 3543 3 
129450 3520 6 
129500 3535 6 
129550 3526 360 
129600 3528 902 
129650 3529 1381 
129700 3519 1797 
129750 3513 2137 
129800 3529 2559 
129850 3527 2837 
129900 3534 3040 
129950 3516 3154 
130000 3549 3293 
130050 3377 2171 
130100 3448 1136 
130150 3495 538 
130200 3529 211 
130250 3521 59 
130300 3528 15 
130350 3543 2 
130400 3522 4 
130450 3530 2 
130500 3542 1 
130550 3524 279 
130600 3533 1171 
130650 3533 1753 
130700 3531 2228 
130750 3534 2609 
130800 3535 2873 
130850 3537 3075 
130900 3533 3249 
130950 3530 3354 
131000 3547 3448 
131050 3384 2192 
131100 3446 1058 
131150 3522 446 
131200 3516 159 
131250 3536 55 
131300 3538 35 
131350 3529 16 
131400 3538 3 
131450 3536 3 
131500 3538 13 
131550 3530 523 
131600 3533 1195 
131650 3527 1706 
131700 3525 2095 
131750 3526 2437 
131800 3544 2759 
131850 3536 2979 
131900 3549 3161 
131950 3529 3279 
132000 3543 3410 
132050 3380 2273 
132100 3456 1298 
132150 3485 706 
132200 3491 375 
132250 3518 176 
132300 3526 73 
132350 3525 22 
132400 3527 7 
132450 3525 3 
132500 3537 4 
132550 3524 303 
132600 3511 906 
132650 3515 1382 
132700 3494 1785 
132750 3487 2209 
132800 3499 2529 
132850 3476 2731 
132900 3521 3009 
132950 3526 3157 
133000 3506 3266 
133050 3359 2058 
133100 3465 983 
133150 3477 431 
133200 3516 148 
133250 3525 44 
133300 3526 18 
133350 3537 18 
133400 3543 4 
133450 3533 10 
133500 3528 5 
133550 3532 393 
133600 3539 961 
133650 3530 1409 
133700 3526 1832 
133750 3528 2236 
133800 3526 2546 
133850 3507 2794 
133900 3524 3019 
133950 3536 3213 
134000 3527 3302 
134050 3367 2065 
134100 3448 1056 
134150 3470 530 
134200 3508 219 
134250 3520 81 
134300 3517 28 
134350 3532 8 
134400 3529 2 
134450 3519 7 
134500 3531 9 
134550 3533 81 
134600 3531 710 
134650 3536 1174 
134700 3536 1600 
134750 3518 1957 
134800 3513 2308 
134850 3507 2578 
134900 3523 2866 
134950 3502 3027 
135000 3528 3202 
135050 3337 2160 
135100 3409 1120 
135150 3471 527 
135200 3517 218 
135250 3531 87 
135300 3513 25 
135350 3534 13 
135400 3538 7 
135450 3528 4 
135500 3549 10 
135550 3545 196 
135600 3534 795 
135650 3535 1275 
135700 3515 1693 
135750 3533 2088 
135800 3531 2402 
135850 3530 2685 
135900 3532 2914 
135950 3541 3133 
136000 3523 3262 
136050 3354 2359 
136100 3442 1301 
136150 3476 620 
136200 3509 271 
136250 3527 109 
136300 3546 40 
136350 3540 7 
136400 3542 11 
136450 3547 5 
136500 3556 4 
136550 3533 272 
136600 3533 887 
136650 3538 1319 
136700 3526 1700 
136750 3523 2092 
136800 3512 2427 
136850 3530 2729 
136900 3526 2961 
136950 3531 3136 
137000 3534 3251 
137050 3384 2072 
137100 3461 971 
137150 3487 473 
137200 3519 189 
137250 3536 76 
137300 3520 23 
137350 3513 15 
137400 3528 5 
137450 3527 5 
137500 3522 4 
137550 3532 263 
137600 3516 977 
137650 3526 1545 
137700 3535 2045 
137750 3532 2426 
137800 3538 2762 
137850 3514 3008 
137900 3541 3204 
137950 3534 3342 
138000 3542 3433 
138050 3371 2176 
138100 3439 1202 
138150 3470 654 
138200 3484 360 
138250 3509 185 
138300 3519 83 
138350 3527 40 
138400 3523 10 
138450 3537 8 
138500 3528 9 
138550 3515 5 
138600 3518 565 
138650 3527 1282 
138700 3531 1735 
138750 3532 2152 
138800 3529 2471 
138850 3536 2750 
138900 3537 2959 
138950 3526 3126 
139000 3523 3303 
139050 3354 2189 
139100 3427 1132 
139150 3477 540 
139200 3492 235 
139250 3502 107 
139300 3530 51 
139350 3534 26 
139400 3535 8 
139450 3538 9 
139500 3535 2 
139550 3525 561 
139600 3520 1178 
139650 3514 1644 
139700 3523 2012 
139750 3523 2274 
139800 3523 2533 
139850 3527 2782 
139900 3508 2957 
139950 3529 3102 
140000 3528 3229 
140050 3375 2153 
140100 3491 1096 
140150 3486 518 
140200 3520 233 
140250 3533 94 
140300 3530 44 
140350 3535 16 
140400 3540 1 
140450 3539 2 
140500 3530 7 
140550 3541 371 
140600 3533 876 
140650 3531 1315 
140700 3533 1788 
140750 3518 2179 
140800 3512 2542 
140850 3524 2829 
140900 3502 3012 
140950 3513 3206 
141000 3532 3332 
141050 3266 2202 
141100 3390 1200 
141150 3431 639 
141200 3446 321 
141250 3482 128 
141300 3492 47 
141350 3525 22 
141400 3520 7 
141450 3543 8 
141500 3543 5 
141550 3512 318 
141600 3520 851 
141650 3530 1263 
141700 3514 1621 
141750 3519 1971 
141800 3521 2298 
141850 3534 2593 
141900 3542 2866 
141950 3543 3103 
142000 3525 3196 
142050 3313 2420 
142100 3395 1531 
142150 3456 934 
142200 3479 561 
142250 3515 304 
142300 3524 191 
142350 3533 70 
142400 3545 26 
142450 3528 9 
142500 3523 1 
142550 3532 408 
142600 3521 922 
142650 3541 1392 
142700 3539 1781 
142750 3530 2124 
142800 3549 2463 
142850 3537 2729 
142900 3525 2921 
142950 3533 3070 
143000 3521 3208 
143050 3321 2219 
143100 3390 1315 
143150 3463 738 
143200 3461 406 
143250 3506 258 
143300 3525 176 
143350 3524 90 
143400 3530 24 
143450 3524 4 
143500 3532 2 
143550 3525 191 
143600 3537 823 
143650 3513 1319 
143700 3512 1739 
143750 3527 2076 
143800 3528 2323 
143850 3513 2664 
143900 3519 2942 
143950 3513 3125 
144000 3522 3275 
144050 3336 2259 
144100 3400 1303 
144150 3434 758 
144200 3452 424 
144250 3500 200 
144300 3509 105 
144350 3525 39 
144400 3537 9 
144450 3535 7 
144500 3548 4 
144550 3533 389 
144600 3521 1163 
144650 3524 1747 
144700 3528 2195 
144750 3519 2549 
144800 3516 2808 
144850 3528 3043 
144900 3525 3211 
144950 3522 3320 
145000 3507 3391 
145050 3330 2232 
145100 3446 1190 
145150 3480 592 
145200 3473 251 
145250 3502 89 
145300 3514 32 
145350 3533 12 
145400 3544 10 
145450 3536 4 
145500 3526 4 
145550 3508 367 
145600 3528 1175 
145650 3536 1723 
145700 3539 2138 
145750 3549 2468 
145800 3515 2695 
145850 3535 2946 
145900 3527 3120 
145950 3534 3265 
146000 3537 3351 
146050 3328 2225 
146100 3403 1218 
146150 3456 643 
146200 3471 321 
146250 3498 133 
146300 3520 47 
146350 3525 14 
146400 3534 11 
146450 3533 3 
146500 3515 2 
146550 3532 256 
146600 3531 972 
146650 3525 1442 
146700 3521 1835 
146750 3510 2159 
146800 3525 2479 
146850 3532 2714 
146900 3540 2927 
146950 3545 3128 
147000 3538 3292 
147050 3341 2155 
147100 3432 1129 
147150 3479 572 
147200 3510 276 
147250 3536 105 
147300 3534 29 
147350 3533 17 
147400 3540 11 
147450 3523 7 
147500 3540 5 
147550 3522 294 
147600 3542 1108 
147650 3534 1688 
147700 3528 2191 
147750 3534 2615 
147800 3522 2933 
147850 3531 3153 
147900 3537 3315 
147950 3528 3430 
148000 3534 3473 
148050 3324 2236 
148100 3405 1272 
148150 3446 726 
148200 3460 400 
148250 3499 173 
148300 3514 83 
148350 3531 15 
148400 3548 6 
148450 3532 4 
148500 3531 5 
148550 3525 381 
148600 3539 1029 
148650 3538 1560 
148700 3541 2051 
148750 3544 2467 
148800 3534 2771 
148850 3520 2973 
148900 3534 3186 
148950 3533 3338 
149000 3527 3429 
149050 3341 2102 
149100 3481 1066 
149150 3496 553 
149200 3510 261 
149250 3513 113 
149300 3539 51 
149350 3530 31 
149400 3524 15 
149450 3534 6 
149500 3553 13 
149550 3537 557 
149600 3525 1347 
149650 3534 1962 
149700 3520 2435 
149750 3529 2727 
149800 3527 2997 
149850 3512 3169 
149900 3524 3333 
149950 3531 3425 
150000 3527 3481 
150050 3345 2201 
150100 3457 1096 
150150 3482 519 
150200 3512 274 
150250 3528 131 
150300 3514 58 
150350 3525 26 
150400 3519 5 
150450 3522 6 
150500 3536 6 
150550 3534 390 
150600 3537 892 
150650 3520 1328 
150700 3513 1774 
150750 3517 2171 
150800 3515 2492 
150850 3520 2793 
150900 3530 2990 
150950 3527 3121 
151000 3531 3250 
151050 3356 2129 
151100 3460 1029 
151150 3482 499 
151200 3518 215 
151250 3518 78 
151300 3537 27 
151350 3528 15 
151400 3536 7 
151450 3529 2 
151500 3529 3 
151550 3523 149 
151600 3515 732 
151650 3512 1264 
151700 3518 1654 
151750 3531 2053 
151800 3524 2412 
151850 3516 2697 
151900 3505 2906 
151950 3518 3118 
152000 3519 3258 
152050 3363 2138 
152100 3469 1096 
152150 3505 454 
152200 3492 162 
152250 3527 59 
152300 3516 19 
152350 3548 8 
152400 3528 1 
152450 3542 6 
152500 3538 9 
152550 3542 130 
152600 3542 721 
152650 3543 1211 
152700 3519 1605 
152750 3538 1980 
152800 3536 2293 
152850 3543 2591 
152900 3552 2820 
152950 3540 3000 
153000 3547 3169 
153050 3359 2168 
153100 3466 1018 
153150 3480 416 
153200 3509 129 
153250 3522 28 
153300 3526 2 
153350 3526 7 
153400 3535 3 
153450 3536 3 
153500 3532 5 
153550 3504 223 
153600 3476 975 
153650 3484 1566 
153700 3507 1962 
153750 3501 2252 
153800 3508 2511 
153850 3516 2745 
153900 3533 2919 
153950 3534 3080 
154000 3527 3200 
154050 3346 2138 
154100 3426 1111 
154150 3470 577 
154200 3488 277 
154250 3512 133 
154300 3524 56 
154350 3523 34 
154400 3519 14 
154450 3520 13 
154500 3519 6 
154550 3522 357 
154600 3538 1050 
154650 3531 1642 
154700 3524 2113 
154750 3538 2541 
154800 3540 2870 
154850 3538 3130 
154900 3544 3313 
154950 3522 3417 
155000 3518 3471 
155050 3332 2308 
155100 3425 1319 
155150 3476 797 
155200 3482 490 
155250 3492 355 
155300 3515 219 
155350 3496 103 
155400 3502 36 
155450 3514 13 
155500 3530 7 
155550 3543 525 
155600 3528 1105 
155650 3519 1517 
155700 3538 1949 
155750 3529 2298 
155800 3535 2642 
155850 3525 2905 
155900 3543 3140 
155950 3530 3244 
156000 3533 3319 
156050 3332 2299 
156100 3419 1238 
156150 3477 657 
156200 3499 309 
156250 3525 135 
156300 3532 60 
156350 3540 33 
156400 3520 18 
156450 3537 8 
156500 3532 5 
156550 3532 402 
156600 3529 946 
156650 3530 1418 
156700 3541 1877 
156750 3537 2250 
156800 3548 2619 
156850 3521 2868 
156900 3524 3069 
156950 3534 3246 
157000 3534 3349 
157050 3332 2220 
157100 3435 1214 
157150 3472 693 
157200 3487 333 
157250 3501 167 
157300 3542 94 
157350 3526 35 
157400 3528 19 
157450 3531 16 
157500 3535 7 
157550 3524 558 
157600 3514 1328 
157650 3512 1971 
157700 3534 2492 
157750 3542 2896 
157800 3536 3197 
157850 3526 3341 
157900 3546 3432 
157950 3524 3471 
158000 3538 3499 
158050 3337 2322 
158100 3442 1275 
158150 3478 734 
158200 3491 365 
158250 3512 185 
158300 3532 97 
158350 3542 48 
158400 3540 19 
158450 3541 12 
158500 3523 6 
158550 3513 501 
158600 3534 1201 
158650 3525 1707 
158700 3535 2109 
158750 3530 2447 
158800 3534 2747 
158850 3524 2984 
158900 3531 3160 
158950 3523 3277 
159000 3522 3398 
159050 3301 2280 
159100 3373 1237 
159150 3446 719 
159200 3488 364 
159250 3497 189 
159300 3526 107 
159350 3530 55 
159400 3530 20 
159450 3526 7 
159500 3537 8 
159550 3524 213 
159600 3526 800 
159650 3529 1272 
159700 3532 1727 
159750 3525 2082 
159800 3549 2445 
159850 3550 2766 
159900 3559 3025 
159950 3518 3149 
160000 3539 3304 
160050 3350 2283 
160100 3400 1365 
160150 3452 815 
160200 3497 464 
160250 3514 214 
160300 3545 92 
160350 3539 36 
160400 3551 14 
160450 3526 7 
160500 3538 7 
160550 3528 377 
160600 3518 863 
160650 3514 1319 
160700 3508 1757 
160750 3512 2158 
160800 3524 2502 
160850 3523 2784 
160900 3512 2957 
160950 3524 3128 
161000 3545 3249 
161050 3313 2240 
161100 3414 1225 
161150 3484 651 
161200 3509 330 
161250 3501 138 
161300 3530 57 
161350 3520 19 
161400 3555 5 
161450 3534 5 
161500 3518 4 
161550 3520 392 
161600 3533 953 
161650 3529 1438 
161700 3509 1898 
161750 3514 2356 
161800 3526 2690 
161850 3524 2953 
161900 3538 3194 
161950 3532 3327 
162000 3531 3413 
162050 3330 2201 
162100 3408 1237 
162150 3463 770 
162200 3493 448 
162250 3516 227 
162300 3501 118 
162350 3531 37 
162400 3537 11 
162450 3545 8 
162500 3534 7 
162550 3530 240 
162600 3531 989 
162650 3511 1537 
162700 3526 1988 
162750 3537 2322 
162800 3530 2603 
162850 3529 2803 
162900 3538 3021 
162950 3534 3217 
163000 3529 3361 
163050 3345 2179 
163100 3460 1116 
163150 3503 539 
163200 3513 255 
163250 3518 104 
163300 3527 40 
163350 3534 18 
163400 3525 8 
163450 3518 3 
163500 3514 2 
163550 3518 8 
163600 3520 865 
163650 3531 1541 
163700 3524 2075 
163750 3525 2462 
163800 3530 2742 
163850 3522 2966 
163900 3524 3111 
163950 3533 3208 
164000 3542 3309 
164050 3333 2308 
164100 3432 1300 
164150 3491 733 
164200 3508 370 
164250 3516 175 
164300 3528 78 
164350 3539 34 
164400 3544 10 
164450 3545 7 
164500 3527 2 
164550 3530 450 
164600 3532 953 
164650 3528 1366 
164700 3531 1801 
164750 3532 2153 
164800 3529 2524 
164850 3549 2851 
164900 3524 3060 
164950 3527 3250 
165000 3533 3374 
165050 3326 2275 
165100 3394 1215 
165150 3485 604 
165200 3495 285 
165250 3517 123 
165300 3529 67 
165350 3532 39 
165400 3527 18 
165450 3523 7 
165500 3535 4 
165550 3529 288 
165600 3530 934 
165650 3522 1516 
165700 3529 2003 
165750 3521 2472 
165800 3538 2884 
165850 3544 3153 
165900 3535 3323 
165950 3523 3414 
166000 3542 3486 
166050 3307 2361 
166100 3401 1329 
166150 3466 633 
166200 3488 335 
166250 3526 224 
166300 3528 156 
166350 3534 89 
166400 3527 56 
166450 3532 17 
166500 3520 16 
166550 3541 3 
166600 3536 506 
166650 3538 1017 
166700 3533 1426 
166750 3537 1808 
166800 3538 2170 
166850 3551 2503 
166900 3535 2783 
166950 3549 2997 
167000 3537 3153 
167050 3292 2353 
167100 3365 1479 
167150 3448 913 
167200 3472 542 
167250 3514 324 
167300 3533 170 
167350 3532 62 
167400 3530 22 
167450 3535 9 
167500 3525 9 
167550 3537 491 
167600 3543 1082 
167650 3549 1525 
167700 3550 1957 
167750 3544 2381 
167800 3536 2722 
167850 3529 3049 
167900 3550 3298 
167950 3536 3443 
168000 3544 3508 
168050 3313 2358 
168100 3413 1315 
168150 3449 738 
168200 3507 384 
168250 3527 222 
168300 3537 103 
168350 3525 35 
168400 3539 16 
168450 3528 11 
168500 3522 12 
168550 3530 547 
168600 3518 1165 
168650 3540 1686 
168700 3524 2106 
168750 3527 2482 
168800 3536 2814 
168850 3519 3037 
168900 3520 3228 
168950 3540 3369 
169000 3539 3440 
169050 3311 2153 
169100 3417 1106 
169150 3458 567 
169200 3526 270 
169250 3526 90 
169300 3530 41 
169350 3540 22 
169400 3533 11 
169450 3535 2 
169500 3549 6 
169550 3535 396 
169600 3531 1034 
169650 3534 1512 
169700 3543 1909 
169750 3542 2302 
169800 3543 2634 
169850 3534 2846 
169900 3527 3040 
169950 3534 3197 
170000 3530 3299 
170050 3340 2059 
170100 3442 1058 
170150 3504 484 
170200 3518 185 
170250 3527 58 
170300 3557 14 
170350 3548 4 
170400 3536 4 
170450 3521 8 
170500 3525 2 
170550 3507 99 
170600 3485 827 
170650 3489 1351 
170700 3488 1799 
170750 3475 2154 
170800 3484 2523 
170850 3471 2843 
170900 3503 3092 
170950 3517 3281 
171000 3520 3391 
171050 3315 2392 
171100 3408 1444 
171150 3476 846 
171200 3485 457 
171250 3526 243 
171300 3530 97 
171350 3527 34 
171400 3524 11 
171450 3528 5 
171500 3528 2 
171550 3544 281 
171600 3534 910 
171650 3537 1467 
171700 3545 1932 
171750 3542 2316 
171800 3525 2627 
171850 3520 2903 
171900 3513 3111 
171950 3540 3287 
172000 3517 3369 
172050 3280 2529 
172100 3362 1612 
172150 3420 1051 
172200 3489 746 
172250 3519 458 
172300 3509 268 
172350 3528 148 
172400 3532 78 
172450 3505 32 
172500 3505 8 
172550 3545 251 
172600 3534 918 
172650 3536 1459 
172700 3540 1943 
172750 3542 2370 
172800 3529 2707 
172850 3535 2972 
172900 3519 3157 
172950 3553 3322 
173000 3535 3407 
173050 3320 2323 
173100 3415 1361 
173150 3455 830 
173200 3475 472 
173250 3498 291 
173300 3520 170 
173350 3525 108 
173400 3529 70 
173450 3526 31 
173500 3532 17 
173550 3535 383 
173600 3530 1080 
173650 3533 1525 
173700 3545 1934 
173750 3535 2273 
173800 3545 2627 
173850 3552 2925 
173900 3553 3138 
173950 3527 3274 
174000 3523 3384 
174050 3315 2287 
174100 3407 1263 
174150 3445 708 
174200 3463 402 
174250 3500 201 
174300 3518 110 
174350 3533 53 
174400 3543 26 
174450 3544 6 
174500 3543 3 
174550 3531 492 
174600 3520 1144 
174650 3535 1668 
174700 3533 2053 
174750 3538 2417 
174800 3542 2772 
174850 3539 3047 
174900 3548 3248 
174950 3543 3380 
175000 3547 3469 
175050 3285 2392 
175100 3381 1445 
175150 3418 854 
175200 3469 533 
175250 3512 362 
175300 3537 206 
175350 3530 91 
175400 3534 29 
175450 3542 6 
175500 3540 5 
175550 3535 295 
175600 3547 1033 
175650 3531 1558 
175700 3533 1956 
175750 3539 2276 
175800 3539 2547 
175850 3556 2812 
175900 3531 2996 
175950 3541 3172 
176000 3533 3316 
176050 3315 2354 
176100 3415 1495 
176150 3466 897 
176200 3503 518 
176250 3547 326 
176300 3534 180 
176350 3540 74 
176400 3538 26 
176450 3542 2 
176500 3542 3 
176550 3530 416 
176600 3519 955 
176650 3537 1449 
176700 3530 1834 
176750 3545 2270 
176800 3521 2612 
176850 3551 2913 
176900 3520 3111 
176950 3517 3245 
177000 3537 3364 
177050 3255 2583 
177100 3308 1735 
177150 3362 1151 
177200 3443 826 
177250 3482 496 
177300 3500 243 
177350 3516 110 
177400 3522 38 
177450 3526 9 
177500 3535 12 
177550 3537 400 
177600 3553 1054 
177650 3543 1618 
177700 3552 2056 
177750 3537 2402 
177800 3535 2738 
177850 3523 2943 
177900 3539 3149 
177950 3531 3264 
178000 3523 3374 
178050 3320 2349 
178100 3407 1423 
178150 3450 867 
178200 3469 506 
178250 3510 278 
178300 3514 150 
178350 3529 51 
178400 3528 11 
178450 3546 11 
178500 3539 5 
178550 3528 8 
178600 3490 406 
178650 3475 1076 
178700 3492 1609 
178750 3490 2022 
178800 3486 2373 
178850 3503 2669 
178900 3516 2885 
178950 3527 3070 
179000 3527 3217 
179050 3306 2465 
179100 3376 1692 
179150 3403 1182 
179200 3452 830 
179250 3502 647 
179300 3495 499 
179350 3509 361 
179400 3530 242 
179450 3546 143 
179500 3536 70 
179550 3553 196 
179600 3535 848 
179650 3546 1338 
179700 3531 1761 
179750 3524 2124 
179800 3530 2427 
179850 3525 2709 
179900 3514 2895 
179950 3513 3060 
180000 3518 3212 
180050 3247 2384 
180100 3348 1549 
180150 3402 1050 
180200 3415 696 
180250 3494 499 
180300 3511 321 
180350 3515 187 
180400 3518 98 
180450 3522 34 
180500 3525 10 
180550 3514 2 
180600 3529 0 
180650 3525 356 
180700 3540 937 
180750 3527 1362 
180800 3541 1800 
180850 3530 2150 
180900 3527 2488 
180950 3536 2767 
181000 3544 2986 
181050 3338 2267 
181100 3398 1547 
181150 3454 1066 
181200 3463 658 
181250 3512 385 
181300 3524 229 
181350 3534 94 
181400 3544 38 
181450 3542 12 
181500 3522 5 
181550 3523 193 
181600 3544 850 
181650 3550 1336 
181700 3541 1722 
181750 3545 2152 
181800 3554 2552 
181850 3545 2856 
181900 3550 3104 
181950 3551 3255 
182000 3555 3382 
182050 3329 2313 
182100 3425 1227 
182150 3496 672 
182200 3470 347 
182250 3510 179 
182300 3518 96 
182350 3512 49 
182400 3513 21 
182450 3537 6 
182500 3529 9 
182550 3528 414 
182600 3529 997 
182650 3547 1461 
182700 3543 1819 
182750 3526 2168 
182800 3544 2493 
182850 3538 2805 
182900 3531 3023 
182950 3539 3188 
183000 3531 3280 
183050 3318 2368 
183100 3422 1428 
183150 3457 874 
183200 3509 482 
183250 3521 238 
183300 3524 122 
183350 3532 37 
183400 3545 20 
183450 3522 8 
183500 3521 4 
183550 3529 62 
183600 3534 747 
183650 3536 1217 
183700 3532 1588 
183750 3530 1974 
183800 3526 2302 
183850 3542 2674 
183900 3535 2923 
183950 3542 3101 
184000 3525 3218 
184050 3301 2266 
184100 3436 1233 
184150 3489 639 
184200 3510 334 
184250 3521 120 
184300 3532 46 
184350 3525 19 
184400 3540 5 
184450 3530 5 
184500 3557 5 
184550 3537 3 
184600 3537 40 
184650 3529 662 
184700 3545 1188 
184750 3535 1593 
184800 3543 1980 
184850 3525 2309 
184900 3538 2575 
184950 3523 2836 
185000 3531 3036 
185050 3316 2201 
185100 3415 1274 
185150 3473 645 
185200 3508 260 
185250 3525 90 
185300 3536 26 
185350 3520 17 
185400 3519 10 
185450 3532 10 
185500 3525 1 
185550 3543 256 
185600 3529 872 
185650 3529 1380 
185700 3528 1806 
185750 3541 2211 
185800 3541 2584 
185850 3565 2879 
185900 3542 3141 
185950 3549 3349 
186000 3528 3447 
186050 3331 2265 
186100 3399 1237 
186150 3479 615 
186200 3500 299 
186250 3530 138 
186300 3537 75 
186350 3542 49 
186400 3543 17 
186450 3540 10 
186500 3546 8 
186550 3528 442 
186600 3539 1088 
186650 3536 1635 
186700 3526 2168 
186750 3524 2542 
186800 3533 2817 
186850 3527 3048 
186900 3541 3256 
186950 3530 3362 
187000 3525 3441 
187050 3287 2500 
187100 3372 1604 
187150 3425 967 
187200 3501 611 
187250 3527 330 
187300 3538 132 
187350 3520 42 
187400 3531 9 
187450 3517 2 
187500 3531 3 
187550 3502 282 
187600 3500 945 
187650 3496 1461 
187700 3518 1961 
187750 3518 2366 
187800 3530 2695 
187850 3523 2947 
187900 3536 3134 
187950 3520 3272 
188000 3533 3407 
188050 3342 2259 
188100 3454 1125 
188150 3505 568 
188200 3504 254 
188250 3501 123 
188300 3508 86 
188350 3542 46 
188400 3535 20 
188450 3527 6 
188500 3524 4 
188550 3522 1 
188600 3528 183 
188650 3517 743 
188700 3532 1265 
188750 3523 1705 
188800 3512 2041 
188850 3508 2426 
188900 3519 2712 
188950 3526 2938 
189000 3534 3150 
189050 3282 2195 
189100 3408 1281 
189150 3463 722 
189200 3493 392 
189250 3515 183 
189300 3524 70 
189350 3552 23 
189400 3516 3 
189450 3533 4 
189500 3536 3 
189550 3533 512 
189600 3542 1223 
189650 3525 1750 
189700 3539 2217 
189750 3529 2561 
189800 3538 2877 
189850 3528 3100 
189900 3515 3270 
189950 3522 3391 
190000 3521 3480 
190050 3302 2358 
190100 3398 1374 
190150 3454 812 
190200 3511 401 
190250 3522 214 
190300 3525 90 
190350 3522 23 
190400 3535 9 
190450 3546 6 
190500 3537 1 
190550 3533 0 
190600 3533 692 
190650 3552 1276 
190700 3533 1765 
190750 3532 2144 
190800 3535 2434 
190850 3540 2699 
190900 3539 2911 
190950 3549 3083 
191000 3541 3234 
191050 3308 2264 
191100 3425 1320 
191150 3479 716 
191200 3501 357 
191250 3511 136 
191300 3508 45 
191350 3526 6 
191400 3533 7 
191450 3533 1 
191500 3532 5 
191550 3554 335 
191600 3545 925 
191650 3548 1330 
191700 3542 1740 
191750 3534 2166 
191800 3510 2529 
191850 3540 2886 
191900 3540 3123 
191950 3544 3297 
192000 3532 3419 
192050 3336 2200 
192100 3464 1128 
192150 3507 480 
192200 3520 168 
192250 3524 39 
192300 3523 10 
192350 3525 6 
192400 3537 4 
192450 3513 3 
192500 3536 5 
192550 3539 376 
192600 3550 1030 
192650 3563 1623 
192700 3554 2095 
192750 3546 2479 
192800 3527 2792 
192850 3535 3005 
192900 3529 3191 
192950 3524 3354 
193000 3520 3444 
193050 3369 2196 
193100 3465 1096 
193150 3504 525 
193200 3530 223 
193250 3539 85 
193300 3550 25 
193350 3538 10 
193400 3554 1 
193450 3526 3 
193500 3530 2 
193550 3534 189 
193600 3531 924 
193650 3532 1526 
193700 3534 2030 
193750 3542 2408 
193800 3521 2715 
193850 3540 2976 
193900 3525 3171 
193950 3532 3338 
194000 3545 3434 
194050 3313 2347 
194100 3432 1262 
194150 3491 614 
194200 3521 262 
194250 3507 85 
194300 3527 21 
194350 3541 9 
194400 3533 6 
194450 3540 3 
194500 3551 5 
194550 3540 398 
194600 3523 943 
194650 3536 1423 
194700 3534 1813 
194750 3543 2195 
194800 3535 2504 
194850 3529 2756 
194900 3535 2971 
194950 3551 3156 
195000 3551 3278 
195050 3341 2263 
195100 3436 1248 
195150 3497 678 
195200 3524 347 
195250 3523 117 
195300 3536 39 
195350 3515 16 
195400 3515 8 
195450 3520 4 
195500 3559 6 
195550 3547 0 
195600 3536 684 
195650 3529 1157 
195700 3540 1572 
195750 3545 1991 
195800 3535 2333 
195850 3539 2645 
195900 3549 2919 
195950 3535 3090 
196000 3538 3240 
196050 3299 2255 
196100 3425 1282 
196150 3479 624 
196200 3505 283 
196250 3521 101 
196300 3530 26 
196350 3537 10 
196400 3537 5 
196450 3537 8 
196500 3535 6 
196550 3541 481 
196600 3545 1086 
196650 3547 1592 
196700 3553 2067 
196750 3558 2450 
196800 3541 2744 
196850 3532 2984 
196900 3539 3225 
196950 3523 3358 
197000 3532 3459 
197050 3330 2258 
197100 3409 1254 
197150 3439 716 
197200 3479 434 
197250 3519 270 
197300 3542 165 
197350 3540 74 
197400 3550 24 
197450 3542 13 
197500 3518 14 
197550 3547 8 
197600 3534 566 
197650 3548 1309 
197700 3549 1884 
197750 3545 2342 
197800 3542 2717 
197850 3539 3036 
197900 3540 3247 
197950 3536 3379 
198000 3540 3435 
198050 3364 2131 
198100 3466 1002 
198150 3502 476 
198200 3512 209 
198250 3526 60 
198300 3540 16 
198350 3549 3 
198400 3547 2 
198450 3549 4 
198500 3546 4 
198550 3548 3 
198600 3529 587 
198650 3539 1463 
198700 3539 2086 
198750 3533 2521 
198800 3533 2830 
198850 3547 3119 
198900 3531 3276 
198950 3554 3401 
199000 3551 3478 
199050 3339 2149 
199100 3456 1059 
199150 3518 458 
199200 3533 134 
199250 3541 39 
199300 3530 10 
199350 3541 6 
199400 3552 9 
199450 3532 5 
199500 3542 9 
199550 3554 497 
199600 3548 1110 
199650 3545 1565 
199700 3549 1973 
199750 3553 2349 
199800 3548 2637 
199850 3544 2855 
199900 3556 3046 
199950 3552 3194 
200000 3540 3302 
