# Avida tasks data
# Sun Apr  8 00:02:20 2012
# First column gives the current update, next columns give the number
# of organisms that have the particular task as a component of their merit
#  1: Update
#  2: Xor
#  3: Equals

0 0 0 
50 4 4 
100 9 9 
150 38 38 
200 110 110 
250 243 243 
300 441 443 
350 662 662 
400 927 927 
450 1320 1319 
500 1739 1739 
550 2175 2174 
600 2690 2693 
650 3198 3200 
700 3424 3421 
750 3517 3521 
800 3524 3526 
850 3550 3550 
900 3537 3535 
950 3544 3548 
1000 3541 3539 
1050 3260 2660 
1100 3313 1723 
1150 3444 1175 
1200 3504 845 
1250 3520 542 
1300 3532 297 
1350 3557 132 
1400 3547 43 
1450 3549 15 
1500 3558 3 
1550 3547 1 
1600 3551 1 
1650 3548 6 
1700 3558 593 
1750 3553 1060 
1800 3563 1477 
1850 3560 1843 
1900 3551 2222 
1950 3543 2526 
2000 3527 2806 
2050 3311 2216 
2100 3357 1586 
2150 3394 1104 
2200 3435 766 
2250 3460 525 
2300 3500 337 
2350 3535 234 
2400 3535 143 
2450 3524 88 
2500 3535 46 
2550 3543 24 
2600 3544 4 
2650 3550 2 
2700 3536 0 
2750 3539 0 
2800 3469 79 
2850 3248 286 
2900 2962 592 
2950 2611 944 
3000 2632 1300 
3050 2743 1044 
3100 2951 784 
3150 3120 566 
3200 3273 418 
3250 3389 255 
3300 3457 137 
3350 3506 64 
3400 3532 26 
3450 3541 5 
3500 3545 1 
3550 3533 265 
3600 3544 854 
3650 3541 1283 
3700 3546 1670 
3750 3553 2030 
3800 3535 2330 
3850 3556 2632 
3900 3555 2912 
3950 3558 3118 
4000 3547 3240 
4050 3309 2464 
4100 3376 1580 
4150 3442 955 
4200 3507 530 
4250 3531 301 
4300 3523 173 
4350 3531 81 
4400 3536 26 
4450 3549 3 
4500 3553 2 
4550 3557 136 
4600 3533 749 
4650 3543 1231 
4700 3539 1590 
4750 3541 1967 
4800 3553 2351 
4850 3544 2686 
4900 3558 2919 
4950 3535 3034 
5000 3545 3136 
5050 3361 2247 
5100 3443 1334 
5150 3511 732 
5200 3534 361 
5250 3547 148 
5300 3549 61 
5350 3541 31 
5400 3548 11 
5450 3546 7 
5500 3544 6 
5550 3519 85 
5600 3476 786 
5650 3478 1283 
5700 3458 1698 
5750 3457 2097 
5800 3450 2452 
5850 3467 2805 
5900 3482 3075 
5950 3517 3246 
6000 3525 3354 
6050 3347 2307 
6100 3462 1259 
6150 3485 655 
6200 3513 270 
6250 3538 97 
6300 3542 41 
6350 3546 16 
6400 3545 11 
6450 3544 9 
6500 3537 6 
6550 3543 10 
6600 3500 568 
6650 3509 1233 
6700 3509 1753 
6750 3530 2166 
6800 3512 2531 
6850 3520 2833 
6900 3542 3063 
6950 3523 3213 
7000 3534 3367 
7050 3369 2318 
7100 3451 1282 
7150 3507 710 
7200 3518 368 
7250 3535 157 
7300 3547 57 
7350 3557 18 
7400 3545 5 
7450 3545 5 
7500 3531 3 
7550 3535 422 
7600 3540 998 
7650 3551 1472 
7700 3549 1953 
7750 3534 2416 
7800 3535 2812 
7850 3535 3089 
7900 3541 3288 
7950 3546 3407 
8000 3537 3456 
8050 3315 2205 
8100 3411 1172 
8150 3459 663 
8200 3479 362 
8250 3519 170 
8300 3547 63 
8350 3530 15 
8400 3538 5 
8450 3520 7 
8500 3534 2 
8550 3548 208 
8600 3540 873 
8650 3543 1346 
8700 3551 1795 
8750 3543 2209 
8800 3549 2560 
8850 3545 2847 
8900 3530 3053 
8950 3531 3230 
9000 3536 3355 
9050 3299 2384 
9100 3403 1404 
9150 3468 904 
9200 3483 580 
9250 3529 385 
9300 3538 260 
9350 3545 131 
9400 3552 67 
9450 3544 28 
9500 3547 12 
9550 3542 220 
9600 3533 810 
9650 3516 1295 
9700 3512 1693 
9750 3517 2037 
9800 3540 2373 
9850 3544 2709 
9900 3524 2958 
9950 3542 3173 
10000 3552 3305 
10050 3345 2305 
10100 3466 1342 
10150 3493 722 
10200 3512 352 
10250 3531 154 
10300 3534 82 
10350 3539 36 
10400 3526 22 
10450 3521 6 
10500 3542 4 
10550 3529 343 
10600 3539 1037 
10650 3552 1650 
10700 3564 2111 
10750 3543 2420 
10800 3555 2671 
10850 3549 2867 
10900 3529 3008 
10950 3528 3123 
11000 3533 3237 
11050 3325 2273 
11100 3431 1263 
11150 3493 650 
11200 3530 316 
11250 3543 142 
11300 3547 76 
11350 3556 38 
11400 3544 11 
11450 3544 4 
11500 3551 5 
11550 3537 297 
11600 3548 884 
11650 3540 1338 
11700 3531 1744 
11750 3544 2124 
11800 3549 2457 
11850 3529 2745 
11900 3515 2973 
11950 3518 3173 
12000 3534 3316 
12050 3272 2380 
12100 3377 1501 
12150 3439 915 
12200 3496 582 
12250 3537 384 
12300 3554 215 
12350 3555 91 
12400 3545 24 
12450 3531 5 
12500 3545 5 
12550 3533 11 
12600 3401 135 
12650 3189 664 
12700 3212 1301 
12750 3280 1852 
12800 3344 2298 
12850 3379 2617 
12900 3418 2913 
12950 3456 3132 
13000 3504 3313 
13050 3318 2361 
13100 3416 1359 
13150 3476 670 
13200 3492 318 
13250 3541 126 
13300 3552 68 
13350 3546 19 
13400 3555 5 
13450 3544 2 
13500 3555 2 
13550 3537 376 
13600 3551 941 
13650 3541 1378 
13700 3539 1731 
13750 3555 2093 
13800 3546 2487 
13850 3549 2797 
13900 3534 3047 
13950 3549 3197 
14000 3546 3291 
14050 3223 2493 
14100 3284 1822 
14150 3331 1286 
14200 3470 985 
14250 3498 682 
14300 3505 383 
14350 3515 180 
14400 3526 94 
14450 3554 36 
14500 3545 17 
14550 3528 335 
14600 3529 898 
14650 3533 1330 
14700 3533 1741 
14750 3534 2119 
14800 3530 2486 
14850 3533 2790 
14900 3536 3024 
14950 3521 3178 
15000 3515 3298 
15050 3344 2421 
15100 3415 1492 
15150 3463 944 
15200 3483 558 
15250 3535 341 
15300 3534 214 
15350 3550 114 
15400 3530 57 
15450 3549 21 
15500 3538 6 
15550 3551 405 
15600 3540 1029 
15650 3541 1470 
15700 3553 1845 
15750 3530 2175 
15800 3554 2505 
15850 3541 2762 
15900 3545 2980 
15950 3534 3180 
16000 3531 3307 
16050 3355 2284 
16100 3451 1268 
16150 3505 734 
16200 3521 384 
16250 3537 172 
16300 3530 110 
16350 3535 54 
16400 3551 21 
16450 3543 11 
16500 3539 1 
16550 3553 39 
16600 3537 657 
16650 3538 1235 
16700 3533 1719 
16750 3532 2131 
16800 3539 2472 
16850 3542 2733 
16900 3536 2989 
16950 3534 3171 
17000 3544 3300 
17050 3304 2375 
17100 3395 1413 
17150 3452 832 
17200 3456 474 
17250 3517 276 
17300 3528 182 
17350 3541 95 
17400 3542 46 
17450 3550 24 
17500 3543 11 
17550 3540 237 
17600 3526 1044 
17650 3537 1706 
17700 3532 2222 
17750 3530 2641 
17800 3524 2975 
17850 3525 3189 
17900 3533 3371 
17950 3545 3452 
18000 3543 3492 
18050 3378 2238 
18100 3436 1229 
18150 3501 645 
18200 3528 296 
18250 3533 151 
18300 3535 81 
18350 3543 35 
18400 3546 24 
18450 3558 7 
18500 3539 2 
18550 3513 376 
18600 3503 963 
18650 3495 1405 
18700 3503 1735 
18750 3517 2081 
18800 3545 2429 
18850 3534 2689 
18900 3556 2914 
18950 3543 3079 
19000 3543 3207 
19050 3330 2225 
19100 3436 1250 
19150 3468 702 
19200 3525 384 
19250 3522 191 
19300 3537 94 
19350 3524 44 
19400 3552 13 
19450 3555 14 
19500 3549 2 
19550 3556 524 
19600 3538 1299 
19650 3530 1843 
19700 3525 2207 
19750 3532 2496 
19800 3546 2780 
19850 3522 2995 
19900 3536 3188 
19950 3540 3349 
20000 3534 3463 
20050 3316 2334 
20100 3402 1307 
20150 3467 700 
20200 3493 297 
20250 3554 118 
20300 3550 49 
20350 3552 24 
20400 3534 18 
20450 3544 11 
20500 3534 10 
20550 3538 362 
20600 3507 961 
20650 3527 1452 
20700 3525 1927 
20750 3529 2338 
20800 3548 2728 
20850 3553 3017 
20900 3565 3275 
20950 3541 3409 
21000 3546 3482 
21050 3324 2369 
21100 3396 1413 
21150 3467 834 
21200 3519 471 
21250 3524 314 
21300 3540 184 
21350 3563 78 
21400 3553 32 
21450 3555 6 
21500 3547 13 
21550 3528 257 
21600 3525 1021 
21650 3513 1647 
21700 3522 2185 
21750 3526 2490 
21800 3505 2715 
21850 3523 2916 
21900 3528 3052 
21950 3539 3202 
22000 3538 3334 
22050 3344 2404 
22100 3433 1499 
22150 3494 894 
22200 3527 473 
22250 3539 270 
22300 3539 119 
22350 3522 43 
22400 3518 17 
22450 3525 17 
22500 3544 9 
22550 3552 411 
22600 3546 1009 
22650 3546 1465 
22700 3540 1861 
22750 3541 2194 
22800 3535 2517 
22850 3547 2810 
22900 3548 3092 
22950 3547 3264 
23000 3524 3363 
23050 3327 2297 
23100 3413 1298 
23150 3491 759 
23200 3523 412 
23250 3540 236 
23300 3536 134 
23350 3538 81 
23400 3543 41 
23450 3550 23 
23500 3547 16 
23550 3534 78 
23600 3492 966 
23650 3475 1550 
23700 3480 1965 
23750 3483 2338 
23800 3493 2666 
23850 3485 2868 
23900 3489 3079 
23950 3498 3247 
24000 3524 3403 
24050 3295 2320 
24100 3413 1295 
24150 3477 710 
24200 3493 366 
24250 3522 228 
24300 3545 142 
24350 3552 70 
24400 3539 29 
24450 3553 11 
24500 3539 4 
24550 3555 432 
24600 3546 1044 
24650 3538 1491 
24700 3539 1847 
24750 3526 2162 
24800 3525 2541 
24850 3519 2860 
24900 3526 3110 
24950 3530 3238 
25000 3524 3337 
25050 3294 2424 
25100 3389 1507 
25150 3427 917 
25200 3478 532 
25250 3510 418 
25300 3521 293 
25350 3523 203 
25400 3535 117 
25450 3522 68 
25500 3531 36 
25550 3532 467 
25600 3535 1000 
25650 3534 1436 
25700 3546 1875 
25750 3540 2251 
25800 3547 2602 
25850 3549 2899 
25900 3529 3093 
25950 3543 3274 
26000 3536 3380 
26050 3367 2210 
26100 3455 1214 
26150 3498 647 
26200 3501 328 
26250 3548 133 
26300 3538 50 
26350 3524 14 
26400 3547 6 
26450 3539 10 
26500 3551 7 
26550 3554 242 
26600 3534 813 
26650 3529 1299 
26700 3524 1741 
26750 3539 2132 
26800 3542 2439 
26850 3541 2658 
26900 3557 2874 
26950 3560 3077 
27000 3544 3172 
27050 3361 2179 
27100 3458 1199 
27150 3483 678 
27200 3521 372 
27250 3538 176 
27300 3540 78 
27350 3542 48 
27400 3542 23 
27450 3535 17 
27500 3542 9 
27550 3549 633 
27600 3544 1242 
27650 3538 1697 
27700 3561 2123 
27750 3542 2410 
27800 3550 2706 
27850 3557 2951 
27900 3555 3165 
27950 3550 3315 
28000 3537 3388 
28050 3307 2321 
28100 3390 1278 
28150 3452 706 
28200 3475 368 
28250 3503 186 
28300 3528 94 
28350 3551 48 
28400 3536 18 
28450 3546 16 
28500 3564 9 
28550 3525 582 
28600 3550 1264 
28650 3558 1655 
28700 3560 1987 
28750 3548 2268 
28800 3543 2501 
28850 3533 2704 
28900 3543 2933 
28950 3543 3107 
29000 3536 3280 
29050 3349 2178 
29100 3453 1131 
29150 3472 562 
29200 3526 271 
29250 3534 112 
29300 3550 56 
29350 3553 27 
29400 3541 12 
29450 3540 12 
29500 3536 14 
29550 3544 546 
29600 3553 1225 
29650 3540 1637 
29700 3536 2012 
29750 3528 2333 
29800 3530 2660 
29850 3529 2939 
29900 3531 3115 
29950 3532 3246 
30000 3525 3327 
30050 3356 2152 
30100 3458 1181 
30150 3472 659 
30200 3498 340 
30250 3513 167 
30300 3547 72 
30350 3553 36 
30400 3552 23 
30450 3554 19 
30500 3541 15 
30550 3549 584 
30600 3545 1292 
30650 3543 1889 
30700 3552 2363 
30750 3547 2778 
30800 3550 3108 
30850 3536 3309 
30900 3541 3442 
30950 3549 3485 
31000 3555 3485 
31050 3343 2223 
31100 3434 1139 
31150 3491 556 
31200 3503 238 
31250 3533 104 
31300 3534 62 
31350 3547 24 
31400 3559 9 
31450 3544 7 
31500 3527 5 
31550 3527 609 
31600 3531 1141 
31650 3527 1526 
31700 3540 1903 
31750 3518 2236 
31800 3543 2553 
31850 3543 2815 
31900 3522 2981 
31950 3529 3149 
32000 3538 3296 
32050 3308 2395 
32100 3392 1609 
32150 3460 1098 
32200 3469 717 
32250 3528 467 
32300 3552 246 
32350 3554 123 
32400 3554 47 
32450 3547 19 
32500 3538 12 
32550 3552 438 
32600 3541 985 
32650 3542 1544 
32700 3541 1975 
32750 3548 2312 
32800 3556 2667 
32850 3552 2954 
32900 3550 3145 
32950 3534 3310 
33000 3558 3409 
33050 3340 2275 
33100 3443 1285 
33150 3519 672 
33200 3504 286 
33250 3533 84 
33300 3542 31 
33350 3543 18 
33400 3548 8 
33450 3528 13 
33500 3543 9 
33550 3552 558 
33600 3538 1144 
33650 3527 1622 
33700 3524 2097 
33750 3522 2486 
33800 3523 2785 
33850 3510 2997 
33900 3526 3252 
33950 3522 3376 
34000 3540 3463 
34050 3345 2274 
34100 3422 1228 
34150 3478 663 
34200 3527 311 
34250 3541 142 
34300 3547 76 
34350 3544 32 
34400 3557 11 
34450 3545 13 
34500 3551 7 
34550 3545 596 
34600 3551 1245 
34650 3547 1701 
34700 3555 2080 
34750 3550 2414 
34800 3555 2697 
34850 3556 2935 
34900 3551 3140 
34950 3560 3267 
35000 3547 3341 
35050 3344 2208 
35100 3443 1268 
35150 3478 722 
35200 3517 379 
35250 3536 139 
35300 3534 49 
35350 3543 15 
35400 3555 13 
35450 3544 8 
35500 3557 13 
35550 3554 482 
35600 3548 1199 
35650 3559 1849 
35700 3535 2356 
35750 3541 2709 
35800 3557 2993 
35850 3546 3180 
35900 3542 3292 
35950 3548 3382 
36000 3535 3434 
36050 3287 2369 
36100 3376 1436 
36150 3401 1004 
36200 3432 727 
36250 3476 548 
36300 3499 361 
36350 3494 222 
36400 3505 113 
36450 3528 50 
36500 3549 30 
36550 3519 259 
36600 3509 1015 
36650 3504 1571 
36700 3503 2018 
36750 3514 2415 
36800 3506 2744 
36850 3521 2971 
36900 3526 3121 
36950 3539 3258 
37000 3532 3355 
37050 3340 2290 
37100 3444 1248 
37150 3477 681 
37200 3499 329 
37250 3525 112 
37300 3539 48 
37350 3531 19 
37400 3538 9 
37450 3546 14 
37500 3562 11 
37550 3546 272 
37600 3551 968 
37650 3536 1475 
37700 3532 1881 
37750 3524 2205 
37800 3530 2493 
37850 3543 2724 
37900 3542 2979 
37950 3542 3136 
38000 3532 3283 
38050 3325 2239 
38100 3415 1266 
38150 3457 741 
38200 3461 473 
38250 3469 309 
38300 3476 209 
38350 3522 126 
38400 3535 50 
38450 3538 15 
38500 3550 15 
38550 3542 662 
38600 3542 1259 
38650 3525 1718 
38700 3524 2178 
38750 3527 2518 
38800 3525 2761 
38850 3537 2967 
38900 3525 3071 
38950 3549 3200 
39000 3540 3278 
39050 3334 2256 
39100 3458 1199 
39150 3496 576 
39200 3530 237 
39250 3523 85 
39300 3559 35 
39350 3534 7 
39400 3563 7 
39450 3552 13 
39500 3535 10 
39550 3541 343 
39600 3545 944 
39650 3536 1453 
39700 3527 1883 
39750 3546 2308 
39800 3551 2702 
39850 3532 2986 
39900 3559 3226 
39950 3547 3359 
40000 3554 3442 
40050 3361 2223 
40100 3472 1216 
40150 3499 662 
40200 3522 295 
40250 3533 130 
40300 3534 74 
40350 3552 34 
40400 3551 14 
40450 3556 16 
40500 3552 19 
40550 3544 711 
40600 3535 1605 
40650 3551 2237 
40700 3554 2750 
40750 3545 3078 
40800 3549 3273 
40850 3563 3404 
40900 3553 3464 
40950 3547 3488 
41000 3564 3523 
41050 3358 2263 
41100 3441 1204 
41150 3489 670 
41200 3513 391 
41250 3526 212 
41300 3547 117 
41350 3529 49 
41400 3547 30 
41450 3535 20 
41500 3544 19 
41550 3549 617 
41600 3538 1191 
41650 3550 1701 
41700 3541 2106 
41750 3545 2379 
41800 3548 2650 
41850 3545 2928 
41900 3544 3089 
41950 3559 3271 
42000 3559 3377 
42050 3352 2168 
42100 3463 1208 
42150 3524 646 
42200 3510 277 
42250 3531 83 
42300 3556 29 
42350 3528 14 
42400 3541 24 
42450 3546 14 
42500 3533 16 
42550 3535 581 
42600 3524 1275 
42650 3530 1793 
42700 3516 2202 
42750 3550 2596 
42800 3540 2912 
42850 3560 3110 
42900 3540 3227 
42950 3544 3360 
43000 3543 3411 
43050 3355 2230 
43100 3417 1238 
43150 3498 692 
43200 3524 353 
43250 3537 160 
43300 3530 68 
43350 3555 29 
43400 3540 13 
43450 3538 13 
43500 3539 14 
43550 3535 629 
43600 3542 1351 
43650 3535 1834 
43700 3537 2204 
43750 3532 2517 
43800 3548 2787 
43850 3540 2967 
43900 3540 3156 
43950 3524 3292 
44000 3538 3385 
44050 3360 2178 
44100 3454 1133 
44150 3481 617 
44200 3486 323 
44250 3501 166 
44300 3519 103 
44350 3540 55 
44400 3554 38 
44450 3554 23 
44500 3562 9 
44550 3531 485 
44600 3531 1194 
44650 3516 1733 
44700 3532 2141 
44750 3523 2449 
44800 3544 2708 
44850 3546 2942 
44900 3542 3119 
44950 3541 3246 
45000 3523 3352 
45050 3263 2421 
45100 3368 1558 
45150 3428 1030 
45200 3441 709 
45250 3496 510 
45300 3516 363 
45350 3506 241 
45400 3515 138 
45450 3522 80 
45500 3532 30 
45550 3540 453 
45600 3542 1099 
45650 3546 1561 
45700 3552 1995 
45750 3548 2368 
45800 3547 2727 
45850 3549 3014 
45900 3546 3194 
45950 3551 3319 
46000 3536 3381 
46050 3348 2328 
46100 3431 1378 
46150 3466 903 
46200 3492 569 
46250 3528 364 
46300 3538 222 
46350 3541 112 
46400 3532 49 
46450 3549 16 
46500 3545 5 
46550 3537 671 
46600 3536 1370 
46650 3554 1833 
46700 3546 2220 
46750 3537 2524 
46800 3536 2760 
46850 3548 2971 
46900 3560 3201 
46950 3539 3330 
47000 3552 3462 
47050 3318 2246 
47100 3418 1192 
47150 3482 645 
47200 3488 311 
47250 3526 133 
47300 3524 55 
47350 3531 20 
47400 3517 7 
47450 3517 16 
47500 3546 17 
47550 3538 309 
47600 3535 913 
47650 3531 1408 
47700 3538 1827 
47750 3546 2206 
47800 3552 2543 
47850 3561 2863 
47900 3553 3062 
47950 3530 3264 
48000 3560 3445 
48050 3370 2190 
48100 3497 1076 
48150 3523 470 
48200 3539 183 
48250 3530 57 
48300 3533 14 
48350 3549 11 
48400 3533 7 
48450 3547 4 
48500 3557 10 
48550 3509 103 
48600 3524 656 
48650 3536 1118 
48700 3536 1519 
48750 3536 1912 
48800 3537 2234 
48850 3535 2558 
48900 3558 2847 
48950 3560 3104 
49000 3542 3232 
49050 3348 2155 
49100 3474 1120 
49150 3500 527 
49200 3525 250 
49250 3534 107 
49300 3534 44 
49350 3535 24 
49400 3533 17 
49450 3540 13 
49500 3540 13 
49550 3535 448 
49600 3541 1211 
49650 3534 1830 
49700 3534 2355 
49750 3520 2736 
49800 3538 3029 
49850 3541 3199 
49900 3528 3301 
49950 3532 3392 
50000 3544 3466 
50050 3365 2248 
50100 3462 1186 
50150 3506 521 
50200 3521 220 
50250 3543 83 
50300 3550 44 
50350 3551 17 
50400 3550 11 
50450 3562 8 
50500 3535 10 
50550 3532 341 
50600 3530 859 
50650 3542 1273 
50700 3527 1670 
50750 3533 2040 
50800 3532 2415 
50850 3553 2766 
50900 3526 2965 
50950 3546 3156 
51000 3544 3309 
51050 3348 2149 
51100 3480 1108 
51150 3508 516 
51200 3522 245 
51250 3512 111 
51300 3550 39 
51350 3540 8 
51400 3544 8 
51450 3547 6 
51500 3541 8 
51550 3526 388 
51600 3514 1070 
51650 3505 1567 
51700 3518 1998 
51750 3506 2384 
51800 3502 2634 
51850 3512 2906 
51900 3521 3121 
51950 3514 3254 
52000 3518 3362 
52050 3387 2084 
52100 3474 1048 
52150 3503 519 
52200 3553 189 
52250 3557 55 
52300 3533 13 
52350 3544 3 
52400 3551 3 
52450 3550 7 
52500 3541 11 
52550 3543 379 
52600 3543 1011 
52650 3557 1535 
52700 3551 1911 
52750 3561 2287 
52800 3547 2597 
52850 3546 2843 
52900 3549 3062 
52950 3552 3199 
53000 3540 3329 
53050 3355 2217 
53100 3456 1083 
53150 3495 497 
53200 3532 232 
53250 3550 98 
53300 3533 42 
53350 3540 23 
53400 3538 9 
53450 3557 9 
53500 3538 9 
53550 3542 499 
53600 3539 1232 
53650 3540 1678 
53700 3542 1998 
53750 3538 2337 
53800 3523 2581 
53850 3540 2835 
53900 3537 3005 
53950 3539 3165 
54000 3533 3310 
54050 3328 2211 
54100 3435 1219 
54150 3469 751 
54200 3488 475 
54250 3509 311 
54300 3531 209 
54350 3534 109 
54400 3529 56 
54450 3527 18 
54500 3543 8 
54550 3549 466 
54600 3545 1054 
54650 3540 1536 
54700 3534 1923 
54750 3537 2224 
54800 3535 2453 
54850 3534 2660 
54900 3534 2833 
54950 3558 3041 
55000 3551 3261 
55050 3324 2217 
55100 3433 1329 
55150 3471 756 
55200 3525 400 
55250 3526 163 
55300 3513 79 
55350 3543 49 
55400 3547 22 
55450 3545 18 
55500 3556 13 
55550 3555 340 
55600 3555 929 
55650 3554 1488 
55700 3537 1922 
55750 3542 2286 
55800 3543 2599 
55850 3545 2857 
55900 3530 3013 
55950 3555 3194 
56000 3530 3259 
56050 3353 2229 
56100 3473 1234 
56150 3487 678 
56200 3534 379 
56250 3520 204 
56300 3527 118 
56350 3546 65 
56400 3541 34 
56450 3528 12 
56500 3537 12 
56550 3535 599 
56600 3538 1286 
56650 3546 1847 
56700 3544 2249 
56750 3531 2606 
56800 3525 2839 
56850 3532 3074 
56900 3542 3263 
56950 3557 3377 
57000 3544 3438 
57050 3354 2139 
57100 3459 1059 
57150 3492 448 
57200 3523 175 
57250 3542 51 
57300 3531 17 
57350 3548 11 
57400 3552 9 
57450 3559 10 
57500 3536 15 
57550 3546 570 
57600 3552 1286 
57650 3551 1870 
57700 3548 2307 
57750 3543 2622 
57800 3540 2855 
57850 3532 3014 
57900 3544 3162 
57950 3542 3273 
58000 3560 3379 
58050 3305 2380 
58100 3386 1521 
58150 3427 1080 
58200 3437 760 
58250 3510 554 
58300 3531 401 
58350 3544 263 
58400 3547 179 
58450 3546 101 
58500 3546 44 
58550 3549 467 
58600 3557 1180 
58650 3538 1738 
58700 3536 2176 
58750 3538 2543 
58800 3538 2832 
58850 3535 3051 
58900 3531 3224 
58950 3554 3373 
59000 3555 3467 
59050 3343 2265 
59100 3443 1206 
59150 3494 664 
59200 3506 324 
59250 3533 148 
59300 3536 80 
59350 3547 46 
59400 3547 21 
59450 3549 14 
59500 3549 13 
59550 3533 84 
59600 3550 684 
59650 3544 1189 
59700 3545 1644 
59750 3547 2046 
59800 3545 2438 
59850 3543 2738 
59900 3549 3002 
59950 3556 3178 
60000 3553 3292 
60050 3333 2296 
60100 3447 1331 
60150 3518 779 
60200 3536 419 
60250 3531 247 
60300 3549 149 
60350 3533 83 
60400 3543 37 
60450 3532 12 
60500 3544 11 
60550 3539 260 
60600 3551 1174 
60650 3541 1768 
60700 3529 2175 
60750 3538 2493 
60800 3540 2735 
60850 3522 2910 
60900 3548 3125 
60950 3551 3243 
61000 3540 3343 
61050 3318 2300 
61100 3415 1293 
61150 3457 764 
61200 3472 434 
61250 3482 280 
61300 3516 215 
61350 3519 148 
61400 3551 96 
61450 3543 32 
61500 3525 11 
61550 3528 133 
61600 3529 692 
61650 3547 1123 
61700 3538 1528 
61750 3543 1918 
61800 3544 2231 
61850 3549 2580 
61900 3539 2827 
61950 3547 3003 
62000 3539 3160 
62050 3381 2159 
62100 3473 1144 
62150 3516 613 
62200 3513 313 
62250 3545 159 
62300 3557 60 
62350 3540 34 
62400 3554 21 
62450 3553 14 
62500 3545 11 
62550 3547 394 
62600 3534 928 
62650 3532 1343 
62700 3525 1725 
62750 3514 2115 
62800 3525 2454 
62850 3538 2785 
62900 3545 3053 
62950 3537 3175 
63000 3549 3316 
63050 3365 2220 
63100 3468 1141 
63150 3508 515 
63200 3529 193 
63250 3532 59 
63300 3543 21 
63350 3539 4 
63400 3545 9 
63450 3547 13 
63500 3530 9 
63550 3525 500 
63600 3532 1285 
63650 3541 1824 
63700 3544 2194 
63750 3554 2510 
63800 3542 2751 
63850 3534 2938 
63900 3524 3085 
63950 3540 3231 
64000 3546 3366 
64050 3364 2250 
64100 3462 1189 
64150 3505 553 
64200 3508 201 
64250 3519 77 
64300 3512 40 
64350 3537 17 
64400 3539 6 
64450 3549 9 
64500 3532 8 
64550 3548 584 
64600 3538 1319 
64650 3535 1842 
64700 3535 2267 
64750 3531 2579 
64800 3526 2859 
64850 3540 3078 
64900 3544 3252 
64950 3548 3378 
65000 3537 3461 
65050 3267 2584 
65100 3361 1753 
65150 3403 1144 
65200 3505 807 
65250 3523 493 
65300 3540 302 
65350 3545 200 
65400 3550 131 
65450 3539 80 
65500 3537 44 
65550 3551 611 
65600 3548 1162 
65650 3536 1585 
65700 3554 1983 
65750 3530 2315 
65800 3523 2554 
65850 3518 2772 
65900 3511 2978 
65950 3538 3141 
66000 3541 3277 
66050 3371 2190 
66100 3479 1137 
66150 3514 528 
66200 3545 196 
66250 3540 70 
66300 3530 24 
66350 3540 14 
66400 3556 6 
66450 3556 10 
66500 3545 11 
66550 3566 3 
66600 3564 549 
66650 3562 1262 
66700 3550 1812 
66750 3548 2153 
66800 3553 2464 
66850 3554 2710 
66900 3541 2948 
66950 3547 3196 
67000 3555 3341 
67050 3332 2269 
67100 3459 1222 
67150 3503 599 
67200 3504 275 
67250 3541 101 
67300 3551 31 
67350 3544 13 
67400 3551 7 
67450 3535 12 
67500 3548 6 
67550 3543 424 
67600 3555 1218 
67650 3553 1755 
67700 3547 2151 
67750 3538 2475 
67800 3541 2723 
67850 3544 2936 
67900 3550 3075 
67950 3555 3215 
68000 3541 3319 
68050 3368 2270 
68100 3417 1392 
68150 3463 842 
68200 3508 548 
68250 3526 285 
68300 3536 166 
68350 3527 79 
68400 3535 27 
68450 3541 12 
68500 3549 9 
68550 3547 518 
68600 3543 1089 
68650 3546 1637 
68700 3535 2154 
68750 3540 2566 
68800 3535 2857 
68850 3538 3106 
68900 3546 3269 
68950 3559 3397 
69000 3543 3449 
69050 3378 2198 
69100 3473 1121 
69150 3491 532 
69200 3513 233 
69250 3515 99 
69300 3539 40 
69350 3526 15 
69400 3541 9 
69450 3547 21 
69500 3554 12 
69550 3553 446 
69600 3548 1018 
69650 3541 1466 
69700 3537 1859 
69750 3533 2193 
69800 3534 2499 
69850 3517 2727 
69900 3526 2947 
69950 3544 3124 
70000 3549 3247 
70050 3389 2095 
70100 3471 1038 
70150 3500 470 
70200 3528 202 
70250 3540 102 
70300 3547 46 
70350 3550 18 
70400 3549 13 
70450 3531 12 
70500 3549 11 
70550 3539 434 
70600 3532 920 
70650 3536 1344 
70700 3537 1760 
70750 3534 2135 
70800 3533 2479 
70850 3528 2719 
70900 3537 2940 
70950 3533 3127 
71000 3540 3262 
71050 3339 2218 
71100 3417 1286 
71150 3492 701 
71200 3507 350 
71250 3533 152 
71300 3551 54 
71350 3546 29 
71400 3527 11 
71450 3543 6 
71500 3531 8 
71550 3547 3 
71600 3542 593 
71650 3525 1176 
71700 3523 1621 
71750 3523 2011 
71800 3501 2404 
71850 3513 2713 
71900 3534 2978 
71950 3521 3132 
72000 3501 3224 
72050 3354 2244 
72100 3438 1274 
72150 3496 695 
72200 3524 350 
72250 3545 152 
72300 3539 75 
72350 3554 28 
72400 3532 20 
72450 3527 16 
72500 3536 8 
72550 3532 530 
72600 3540 1246 
72650 3548 1781 
72700 3539 2115 
72750 3535 2405 
72800 3539 2669 
72850 3543 2905 
72900 3537 3079 
72950 3545 3263 
73000 3542 3391 
73050 3357 2133 
73100 3447 1149 
73150 3485 676 
73200 3493 358 
73250 3526 144 
73300 3529 43 
73350 3537 17 
73400 3536 8 
73450 3549 12 
73500 3542 14 
73550 3526 141 
73600 3536 847 
73650 3532 1334 
73700 3537 1777 
73750 3543 2185 
73800 3549 2519 
73850 3531 2746 
73900 3547 2951 
73950 3552 3131 
74000 3523 3205 
74050 3354 2124 
74100 3454 1064 
74150 3475 588 
74200 3518 296 
74250 3523 132 
74300 3530 49 
74350 3524 20 
74400 3549 12 
74450 3556 5 
74500 3541 8 
74550 3548 528 
74600 3546 1172 
74650 3546 1579 
74700 3556 1948 
74750 3540 2228 
74800 3511 2458 
74850 3534 2697 
74900 3525 2901 
74950 3564 3128 
75000 3536 3257 
75050 3323 2261 
75100 3420 1299 
75150 3489 730 
75200 3516 340 
75250 3515 136 
75300 3528 47 
75350 3538 13 
75400 3526 15 
75450 3531 4 
75500 3524 13 
75550 3531 457 
75600 3537 1195 
75650 3529 1652 
75700 3547 2099 
75750 3541 2414 
75800 3554 2699 
75850 3550 2918 
75900 3542 3077 
75950 3541 3234 
76000 3543 3351 
76050 3366 2088 
76100 3487 895 
76150 3529 418 
76200 3527 199 
76250 3546 84 
76300 3532 40 
76350 3550 23 
76400 3533 7 
76450 3538 3 
76500 3530 11 
76550 3557 482 
76600 3551 1115 
76650 3555 1557 
76700 3559 1940 
76750 3549 2256 
76800 3545 2545 
76850 3548 2773 
76900 3532 2952 
76950 3556 3143 
77000 3550 3246 
77050 3375 2184 
77100 3480 1097 
77150 3535 505 
77200 3551 223 
77250 3550 99 
77300 3541 55 
77350 3546 36 
77400 3555 20 
77450 3552 12 
77500 3553 23 
77550 3544 442 
77600 3521 936 
77650 3537 1378 
77700 3543 1817 
77750 3551 2192 
77800 3536 2481 
77850 3536 2732 
77900 3539 2905 
77950 3544 3100 
78000 3541 3196 
78050 3367 2147 
78100 3437 1181 
78150 3457 665 
78200 3487 431 
78250 3512 278 
78300 3511 181 
78350 3512 125 
78400 3521 65 
78450 3543 28 
78500 3552 12 
78550 3530 415 
78600 3518 1070 
78650 3523 1540 
78700 3524 1929 
78750 3516 2246 
78800 3534 2537 
78850 3534 2823 
78900 3553 3075 
78950 3560 3249 
79000 3550 3393 
79050 3363 2134 
79100 3477 1049 
79150 3497 499 
79200 3529 230 
79250 3545 97 
79300 3543 37 
79350 3549 10 
79400 3556 15 
79450 3553 12 
79500 3553 9 
79550 3546 546 
79600 3543 1292 
79650 3540 1829 
79700 3541 2256 
79750 3537 2588 
79800 3529 2857 
79850 3535 3077 
79900 3540 3258 
79950 3527 3349 
80000 3544 3418 
80050 3375 2185 
80100 3462 1139 
80150 3492 588 
80200 3488 315 
80250 3525 137 
80300 3543 58 
80350 3535 25 
80400 3543 17 
80450 3555 16 
80500 3540 14 
80550 3553 383 
80600 3546 1143 
80650 3543 1722 
80700 3543 2219 
80750 3554 2656 
80800 3553 2942 
80850 3551 3145 
80900 3541 3313 
80950 3541 3381 
81000 3541 3454 
81050 3359 2241 
81100 3478 1114 
81150 3515 568 
81200 3535 263 
81250 3540 106 
81300 3534 31 
81350 3535 21 
81400 3552 11 
81450 3531 10 
81500 3548 14 
81550 3546 334 
81600 3540 1108 
81650 3544 1677 
81700 3550 2145 
81750 3541 2464 
81800 3542 2801 
81850 3540 3043 
81900 3529 3232 
81950 3551 3391 
82000 3542 3437 
82050 3342 2229 
82100 3459 1215 
82150 3495 713 
82200 3517 402 
82250 3526 243 
82300 3546 151 
82350 3545 83 
82400 3522 33 
82450 3551 18 
82500 3544 7 
82550 3536 513 
82600 3538 1227 
82650 3543 1705 
82700 3532 2151 
82750 3533 2548 
82800 3532 2878 
82850 3540 3096 
82900 3542 3250 
82950 3546 3340 
83000 3539 3419 
83050 3369 2181 
83100 3468 1202 
83150 3500 617 
83200 3510 280 
83250 3527 119 
83300 3538 52 
83350 3539 20 
83400 3544 11 
83450 3518 13 
83500 3543 12 
83550 3557 672 
83600 3542 1312 
83650 3552 1822 
83700 3536 2191 
83750 3545 2510 
83800 3541 2751 
83850 3534 2962 
83900 3540 3139 
83950 3551 3280 
84000 3537 3365 
84050 3325 2331 
84100 3429 1338 
84150 3487 800 
84200 3524 448 
84250 3546 232 
84300 3543 100 
84350 3546 44 
84400 3533 11 
84450 3525 6 
84500 3529 4 
84550 3520 234 
84600 3499 958 
84650 3512 1483 
84700 3513 1832 
84750 3520 2167 
84800 3523 2460 
84850 3540 2748 
84900 3547 2953 
84950 3536 3147 
85000 3550 3303 
85050 3361 2216 
85100 3499 1078 
85150 3529 434 
85200 3534 140 
85250 3551 61 
85300 3556 22 
85350 3546 16 
85400 3534 14 
85450 3527 8 
85500 3553 2 
85550 3538 429 
85600 3529 942 
85650 3520 1433 
85700 3530 1829 
85750 3523 2149 
85800 3538 2464 
85850 3543 2736 
85900 3532 2987 
85950 3546 3202 
86000 3555 3370 
86050 3373 2159 
86100 3474 1045 
86150 3510 482 
86200 3535 233 
86250 3544 100 
86300 3529 67 
86350 3544 45 
86400 3542 21 
86450 3548 16 
86500 3536 11 
86550 3529 333 
86600 3538 950 
86650 3533 1439 
86700 3533 1822 
86750 3537 2188 
86800 3537 2498 
86850 3546 2746 
86900 3547 2981 
86950 3540 3139 
87000 3535 3241 
87050 3290 2411 
87100 3375 1539 
87150 3463 944 
87200 3493 528 
87250 3523 337 
87300 3523 209 
87350 3517 122 
87400 3528 56 
87450 3539 32 
87500 3541 20 
87550 3533 69 
87600 3503 686 
87650 3496 1189 
87700 3501 1736 
87750 3516 2187 
87800 3511 2522 
87850 3506 2803 
87900 3516 3075 
87950 3514 3234 
88000 3523 3385 
88050 3357 2194 
88100 3444 1155 
88150 3477 655 
88200 3506 339 
88250 3521 153 
88300 3534 53 
88350 3557 21 
88400 3559 13 
88450 3541 8 
88500 3541 6 
88550 3540 476 
88600 3547 973 
88650 3548 1462 
88700 3542 1889 
88750 3528 2237 
88800 3526 2577 
88850 3549 2927 
88900 3545 3128 
88950 3535 3284 
89000 3538 3397 
89050 3328 2235 
89100 3412 1287 
89150 3495 701 
89200 3499 374 
89250 3516 203 
89300 3516 126 
89350 3525 68 
89400 3542 37 
89450 3552 23 
89500 3553 14 
89550 3543 406 
89600 3540 1077 
89650 3544 1634 
89700 3538 2031 
89750 3540 2360 
89800 3533 2617 
89850 3550 2863 
89900 3549 3032 
89950 3544 3148 
90000 3521 3239 
90050 3316 2468 
90100 3381 1635 
90150 3445 1052 
90200 3485 642 
90250 3539 452 
90300 3537 291 
90350 3559 174 
90400 3548 108 
90450 3534 59 
90500 3538 28 
90550 3540 606 
90600 3536 1230 
90650 3546 1729 
90700 3536 2128 
90750 3555 2443 
90800 3559 2739 
90850 3550 2948 
90900 3557 3133 
90950 3535 3238 
91000 3526 3336 
91050 3333 2224 
91100 3430 1246 
91150 3465 647 
91200 3488 326 
91250 3505 166 
91300 3529 80 
91350 3541 33 
91400 3560 18 
91450 3535 11 
91500 3548 4 
91550 3547 511 
91600 3557 1224 
91650 3549 1714 
91700 3540 2181 
91750 3539 2589 
91800 3553 2899 
91850 3539 3146 
91900 3552 3343 
91950 3540 3447 
92000 3557 3502 
92050 3342 2394 
92100 3401 1426 
92150 3439 910 
92200 3503 551 
92250 3546 342 
92300 3539 197 
92350 3516 103 
92400 3545 53 
92450 3546 25 
92500 3544 17 
92550 3525 322 
92600 3511 1123 
92650 3522 1795 
92700 3507 2315 
92750 3524 2721 
92800 3529 2981 
92850 3556 3158 
92900 3544 3269 
92950 3526 3336 
93000 3538 3411 
93050 3319 2425 
93100 3420 1412 
93150 3468 781 
93200 3492 415 
93250 3532 217 
93300 3529 112 
93350 3533 41 
93400 3531 21 
93450 3524 16 
93500 3541 12 
93550 3515 144 
93600 3514 1028 
93650 3513 1628 
93700 3494 2072 
93750 3489 2445 
93800 3491 2663 
93850 3512 2904 
93900 3528 3061 
93950 3525 3194 
94000 3542 3313 
94050 3319 2310 
94100 3428 1374 
94150 3499 746 
94200 3529 364 
94250 3542 150 
94300 3533 88 
94350 3556 36 
94400 3556 11 
94450 3552 9 
94500 3537 18 
94550 3549 238 
94600 3545 930 
94650 3544 1510 
94700 3545 2022 
94750 3534 2408 
94800 3538 2741 
94850 3541 3010 
94900 3566 3243 
94950 3550 3357 
95000 3538 3453 
95050 3361 2251 
95100 3473 1189 
95150 3524 530 
95200 3535 204 
95250 3559 75 
95300 3549 23 
95350 3559 13 
95400 3546 13 
95450 3551 11 
95500 3522 11 
95550 3542 384 
95600 3547 959 
95650 3549 1426 
95700 3553 1835 
95750 3550 2162 
95800 3542 2506 
95850 3541 2778 
95900 3544 2958 
95950 3549 3093 
96000 3539 3207 
96050 3353 2154 
96100 3476 1087 
96150 3486 533 
96200 3498 207 
96250 3526 72 
96300 3534 34 
96350 3542 27 
96400 3539 19 
96450 3542 15 
96500 3537 15 
96550 3544 417 
96600 3542 977 
96650 3545 1510 
96700 3542 2047 
96750 3540 2381 
96800 3545 2659 
96850 3546 2862 
96900 3551 3072 
96950 3537 3242 
97000 3527 3372 
97050 3379 2303 
97100 3467 1224 
97150 3503 673 
97200 3516 351 
97250 3532 180 
97300 3545 87 
97350 3524 37 
97400 3552 21 
97450 3557 13 
97500 3549 12 
97550 3543 461 
97600 3543 1032 
97650 3541 1472 
97700 3552 1910 
97750 3547 2261 
97800 3556 2634 
97850 3533 2902 
97900 3534 3135 
97950 3562 3307 
98000 3536 3369 
98050 3343 2211 
98100 3454 1257 
98150 3506 691 
98200 3516 381 
98250 3532 195 
98300 3527 95 
98350 3551 37 
98400 3544 22 
98450 3543 14 
98500 3547 14 
98550 3543 600 
98600 3547 1332 
98650 3536 1844 
98700 3536 2307 
98750 3535 2704 
98800 3535 3005 
98850 3532 3227 
98900 3523 3368 
98950 3539 3468 
99000 3536 3505 
99050 3315 2411 
99100 3386 1512 
99150 3413 978 
99200 3472 680 
99250 3508 496 
99300 3510 333 
99350 3513 217 
99400 3514 149 
99450 3513 56 
99500 3538 41 
99550 3532 586 
99600 3545 1372 
99650 3522 1965 
99700 3536 2491 
99750 3540 2819 
99800 3547 3031 
99850 3538 3192 
99900 3548 3339 
99950 3545 3428 
100000 3529 3455 
100050 3343 2250 
100100 3433 1216 
100150 3504 652 
100200 3524 365 
100250 3526 178 
100300 3529 98 
100350 3539 41 
100400 3531 25 
100450 3544 20 
100500 3530 13 
100550 3546 583 
100600 3562 1384 
100650 3547 1951 
100700 3553 2387 
100750 3538 2681 
100800 3527 2915 
100850 3547 3142 
100900 3541 3256 
100950 3529 3341 
101000 3527 3421 
101050 3339 2155 
101100 3436 1159 
101150 3452 624 
101200 3512 320 
101250 3528 146 
101300 3529 61 
101350 3541 33 
101400 3546 17 
101450 3538 11 
101500 3550 5 
101550 3549 277 
101600 3541 1167 
101650 3537 1826 
101700 3554 2354 
101750 3548 2767 
101800 3544 3035 
101850 3539 3253 
101900 3553 3419 
101950 3548 3495 
102000 3535 3478 
102050 3318 2223 
102100 3430 1138 
102150 3478 609 
102200 3520 282 
102250 3538 126 
102300 3534 44 
102350 3543 35 
102400 3543 13 
102450 3554 7 
102500 3548 13 
102550 3545 673 
102600 3541 1451 
102650 3549 2005 
102700 3558 2422 
102750 3516 2735 
102800 3525 2968 
102850 3528 3115 
102900 3532 3208 
102950 3530 3324 
103000 3538 3407 
103050 3326 2262 
103100 3438 1229 
103150 3488 673 
103200 3511 308 
103250 3535 111 
103300 3542 45 
103350 3556 18 
103400 3531 16 
103450 3537 31 
103500 3541 12 
103550 3544 562 
103600 3548 1177 
103650 3544 1668 
103700 3547 2167 
103750 3535 2554 
103800 3543 2887 
103850 3545 3150 
103900 3540 3305 
103950 3539 3420 
104000 3566 3488 
104050 3353 2182 
104100 3461 1189 
104150 3515 617 
104200 3532 320 
104250 3545 176 
104300 3539 93 
104350 3555 42 
104400 3539 22 
104450 3550 15 
104500 3536 15 
104550 3541 390 
104600 3544 1022 
104650 3528 1463 
104700 3538 1850 
104750 3537 2185 
104800 3547 2531 
104850 3557 2773 
104900 3547 2945 
104950 3552 3089 
105000 3547 3220 
105050 3409 2058 
105100 3476 992 
105150 3499 437 
105200 3553 157 
105250 3536 72 
105300 3551 35 
105350 3539 20 
105400 3540 15 
105450 3532 16 
105500 3537 14 
105550 3545 671 
105600 3532 1466 
105650 3543 1985 
105700 3526 2331 
105750 3554 2654 
105800 3545 2855 
105850 3526 3043 
105900 3541 3229 
105950 3552 3363 
106000 3546 3431 
106050 3415 2109 
106100 3491 1068 
106150 3500 586 
106200 3527 290 
106250 3541 177 
106300 3536 91 
106350 3554 48 
106400 3540 28 
106450 3548 19 
106500 3541 20 
106550 3541 600 
106600 3541 1253 
106650 3544 1817 
106700 3536 2242 
106750 3534 2585 
106800 3541 2937 
106850 3544 3159 
106900 3559 3364 
106950 3542 3425 
107000 3541 3461 
107050 3336 2184 
107100 3428 1111 
107150 3463 610 
107200 3498 322 
107250 3515 143 
107300 3531 92 
107350 3547 40 
107400 3522 20 
107450 3535 13 
107500 3551 12 
107550 3557 474 
107600 3540 1166 
107650 3547 1717 
107700 3548 2178 
107750 3540 2543 
107800 3532 2810 
107850 3529 3058 
107900 3542 3273 
107950 3539 3409 
108000 3533 3458 
108050 3345 2141 
108100 3483 990 
108150 3515 434 
108200 3536 157 
108250 3531 61 
108300 3540 30 
108350 3532 19 
108400 3556 15 
108450 3550 12 
108500 3530 12 
108550 3551 350 
108600 3541 1025 
108650 3544 1608 
108700 3533 1941 
108750 3543 2252 
108800 3548 2572 
108850 3526 2773 
108900 3533 2971 
108950 3535 3105 
109000 3543 3263 
109050 3357 2194 
109100 3462 1222 
109150 3491 634 
109200 3509 333 
109250 3514 209 
109300 3537 120 
109350 3530 69 
109400 3545 37 
109450 3519 25 
109500 3542 21 
109550 3543 614 
109600 3546 1324 
109650 3540 1828 
109700 3527 2226 
109750 3536 2610 
109800 3556 2842 
109850 3550 3063 
109900 3545 3207 
109950 3558 3313 
110000 3530 3375 
110050 3349 2055 
110100 3450 995 
110150 3497 429 
110200 3510 170 
110250 3541 45 
110300 3551 31 
110350 3544 21 
110400 3538 17 
110450 3548 8 
110500 3519 18 
110550 3525 585 
110600 3528 1257 
110650 3537 1734 
110700 3527 2128 
110750 3523 2440 
110800 3535 2709 
110850 3525 2907 
110900 3545 3111 
110950 3535 3248 
111000 3545 3369 
111050 3333 2242 
111100 3430 1262 
111150 3468 700 
111200 3485 426 
111250 3506 255 
111300 3508 152 
111350 3524 95 
111400 3535 31 
111450 3536 20 
111500 3525 20 
111550 3547 404 
111600 3532 952 
111650 3519 1403 
111700 3526 1858 
111750 3528 2263 
111800 3556 2623 
111850 3530 2873 
111900 3547 3096 
111950 3547 3229 
112000 3558 3351 
112050 3365 2247 
112100 3458 1207 
112150 3489 619 
112200 3530 312 
112250 3537 154 
112300 3533 74 
112350 3540 36 
112400 3533 22 
112450 3536 15 
112500 3543 12 
112550 3545 538 
112600 3549 1228 
112650 3532 1738 
112700 3546 2178 
112750 3545 2514 
112800 3534 2761 
112850 3540 3009 
112900 3548 3175 
112950 3543 3283 
113000 3551 3373 
113050 3358 2181 
113100 3442 1249 
113150 3466 671 
113200 3490 351 
113250 3536 158 
113300 3530 90 
113350 3544 39 
113400 3537 13 
113450 3556 11 
113500 3545 13 
113550 3540 515 
113600 3533 1309 
113650 3546 1908 
113700 3539 2385 
113750 3528 2704 
113800 3546 2980 
113850 3534 3152 
113900 3537 3307 
113950 3546 3399 
114000 3552 3464 
114050 3366 2281 
114100 3442 1219 
114150 3494 689 
114200 3509 420 
114250 3524 254 
114300 3531 149 
114350 3532 89 
114400 3540 49 
114450 3539 28 
114500 3544 20 
114550 3535 471 
114600 3532 1044 
114650 3522 1517 
114700 3535 1913 
114750 3538 2232 
114800 3529 2545 
114850 3530 2755 
114900 3542 2981 
114950 3560 3173 
115000 3553 3330 
115050 3339 2303 
115100 3435 1276 
115150 3507 674 
115200 3521 302 
115250 3517 116 
115300 3549 45 
115350 3543 23 
115400 3546 14 
115450 3564 16 
115500 3545 7 
115550 3525 333 
115600 3513 1032 
115650 3523 1517 
115700 3548 1909 
115750 3528 2183 
115800 3548 2446 
115850 3547 2651 
115900 3546 2899 
115950 3537 3066 
116000 3543 3215 
116050 3320 2338 
116100 3404 1418 
116150 3471 851 
116200 3499 458 
116250 3523 196 
116300 3536 98 
116350 3561 32 
116400 3550 19 
116450 3545 17 
116500 3546 7 
116550 3547 468 
116600 3542 1097 
116650 3540 1581 
116700 3545 2009 
116750 3530 2369 
116800 3546 2752 
116850 3553 3024 
116900 3551 3236 
116950 3542 3396 
117000 3551 3470 
117050 3366 2222 
117100 3425 1118 
117150 3497 537 
117200 3513 251 
117250 3533 109 
117300 3547 57 
117350 3545 39 
117400 3557 16 
117450 3539 10 
117500 3536 9 
117550 3534 422 
117600 3538 928 
117650 3534 1304 
117700 3543 1749 
117750 3533 2078 
117800 3524 2348 
117850 3530 2633 
117900 3536 2889 
117950 3547 3061 
118000 3538 3181 
118050 3365 2187 
118100 3472 1156 
118150 3482 575 
118200 3526 223 
118250 3533 83 
118300 3546 18 
118350 3535 13 
118400 3535 9 
118450 3548 5 
118500 3543 7 
118550 3532 431 
118600 3533 901 
118650 3522 1319 
118700 3540 1790 
118750 3535 2194 
118800 3529 2496 
118850 3550 2738 
118900 3537 2913 
118950 3531 3059 
119000 3532 3174 
119050 3337 2184 
119100 3441 1134 
119150 3491 591 
119200 3537 258 
119250 3542 85 
119300 3539 27 
119350 3558 11 
119400 3543 2 
119450 3541 6 
119500 3555 9 
119550 3542 391 
119600 3540 1086 
119650 3528 1505 
119700 3526 1831 
119750 3527 2152 
119800 3539 2390 
119850 3538 2566 
119900 3534 2795 
119950 3543 3017 
120000 3541 3172 
120050 3333 2248 
120100 3408 1374 
120150 3446 858 
120200 3507 544 
120250 3527 314 
120300 3520 180 
120350 3534 88 
120400 3549 36 
120450 3545 11 
120500 3550 2 
120550 3518 23 
120600 3502 511 
120650 3518 977 
120700 3522 1428 
120750 3528 1858 
120800 3518 2291 
120850 3529 2673 
120900 3523 2993 
120950 3534 3233 
121000 3537 3364 
121050 3362 2237 
121100 3456 1230 
121150 3486 669 
121200 3502 362 
121250 3513 200 
121300 3527 128 
121350 3514 65 
121400 3541 23 
121450 3535 15 
121500 3543 8 
121550 3535 449 
121600 3534 1028 
121650 3530 1543 
121700 3527 1922 
121750 3525 2233 
121800 3522 2509 
121850 3533 2726 
121900 3537 2948 
121950 3543 3132 
122000 3543 3298 
122050 3318 2251 
122100 3421 1330 
122150 3472 819 
122200 3484 505 
122250 3502 300 
122300 3511 208 
122350 3543 118 
122400 3538 47 
122450 3539 15 
122500 3544 11 
122550 3551 572 
122600 3553 1233 
122650 3548 1738 
122700 3555 2059 
122750 3551 2320 
122800 3561 2563 
122850 3542 2748 
122900 3557 2986 
122950 3549 3177 
123000 3532 3325 
123050 3279 2385 
123100 3345 1605 
123150 3426 1106 
123200 3472 686 
123250 3518 423 
123300 3528 247 
123350 3539 134 
123400 3542 75 
123450 3536 44 
123500 3557 22 
123550 3522 257 
123600 3510 937 
123650 3498 1396 
123700 3503 1769 
123750 3505 2171 
123800 3504 2494 
123850 3495 2763 
123900 3537 3036 
123950 3531 3198 
124000 3537 3316 
124050 3280 2446 
124100 3388 1465 
124150 3461 847 
124200 3503 453 
124250 3493 248 
124300 3531 152 
124350 3529 59 
124400 3533 18 
124450 3523 16 
124500 3544 5 
124550 3549 227 
124600 3548 837 
124650 3541 1326 
124700 3530 1755 
124750 3537 2143 
124800 3540 2468 
124850 3535 2729 
124900 3527 2916 
124950 3544 3063 
125000 3544 3198 
125050 3327 2231 
125100 3446 1235 
125150 3483 634 
125200 3499 318 
125250 3523 145 
125300 3538 71 
125350 3539 36 
125400 3537 15 
125450 3524 11 
125500 3523 9 
125550 3545 469 
125600 3547 1007 
125650 3547 1481 
125700 3531 1835 
125750 3539 2176 
125800 3536 2486 
125850 3532 2771 
125900 3546 2977 
125950 3564 3178 
126000 3544 3288 
126050 3325 2232 
126100 3430 1254 
126150 3496 677 
126200 3531 297 
126250 3536 116 
126300 3536 42 
126350 3549 9 
126400 3547 11 
126450 3525 7 
126500 3554 6 
126550 3538 510 
126600 3557 1247 
126650 3550 1754 
126700 3557 2175 
126750 3545 2536 
126800 3542 2878 
126850 3549 3134 
126900 3540 3297 
126950 3526 3395 
127000 3538 3463 
127050 3336 2253 
127100 3431 1148 
127150 3498 629 
127200 3505 301 
127250 3501 152 
127300 3522 82 
127350 3537 41 
127400 3545 15 
127450 3537 11 
127500 3533 4 
127550 3543 475 
127600 3540 1012 
127650 3535 1409 
127700 3535 1788 
127750 3533 2178 
127800 3528 2526 
127850 3549 2875 
127900 3519 3049 
127950 3554 3228 
128000 3546 3342 
128050 3367 2190 
128100 3439 1204 
128150 3484 682 
128200 3506 394 
128250 3488 229 
128300 3500 147 
128350 3511 94 
128400 3532 54 
128450 3534 31 
128500 3564 16 
128550 3547 8 
128600 3540 754 
128650 3532 1367 
128700 3526 1847 
128750 3511 2241 
128800 3504 2599 
128850 3515 2870 
128900 3533 3100 
128950 3517 3220 
129000 3526 3344 
129050 3381 2177 
129100 3468 1063 
129150 3493 573 
129200 3509 298 
129250 3536 145 
129300 3540 75 
129350 3554 27 
129400 3542 6 
129450 3549 7 
129500 3550 3 
129550 3541 400 
129600 3536 865 
129650 3525 1301 
129700 3530 1742 
129750 3525 2139 
129800 3530 2545 
129850 3522 2817 
129900 3544 3032 
129950 3536 3221 
130000 3553 3380 
130050 3407 2051 
130100 3507 839 
130150 3533 314 
130200 3556 98 
130250 3540 26 
130300 3557 14 
130350 3548 5 
130400 3541 6 
130450 3547 8 
130500 3525 9 
130550 3546 372 
130600 3545 976 
130650 3552 1456 
130700 3544 1836 
130750 3535 2185 
130800 3547 2546 
130850 3535 2834 
130900 3527 3038 
130950 3549 3247 
131000 3537 3352 
131050 3309 2462 
131100 3369 1652 
131150 3393 1132 
131200 3449 791 
131250 3515 593 
131300 3513 332 
131350 3524 164 
131400 3546 70 
131450 3530 36 
131500 3532 10 
131550 3541 347 
131600 3534 1038 
131650 3534 1580 
131700 3543 1993 
131750 3531 2319 
131800 3539 2632 
131850 3535 2870 
131900 3540 3082 
131950 3542 3262 
132000 3538 3368 
132050 3331 2381 
132100 3396 1432 
132150 3467 874 
132200 3506 470 
132250 3513 270 
132300 3542 143 
132350 3537 66 
132400 3549 24 
132450 3557 4 
132500 3532 6 
132550 3568 244 
132600 3555 796 
132650 3545 1315 
132700 3541 1840 
132750 3538 2291 
132800 3547 2701 
132850 3536 2997 
132900 3531 3238 
132950 3537 3377 
133000 3540 3453 
133050 3306 2284 
133100 3414 1251 
133150 3464 672 
133200 3501 302 
133250 3547 110 
133300 3561 47 
133350 3547 16 
133400 3535 8 
133450 3547 6 
133500 3550 5 
133550 3533 409 
133600 3534 991 
133650 3533 1534 
133700 3524 1950 
133750 3548 2315 
133800 3524 2610 
133850 3527 2917 
133900 3539 3119 
133950 3532 3256 
134000 3537 3368 
134050 3280 2413 
134100 3384 1467 
134150 3443 821 
134200 3485 426 
134250 3514 221 
134300 3550 106 
134350 3535 25 
134400 3554 7 
134450 3528 5 
134500 3546 9 
134550 3543 377 
134600 3542 1077 
134650 3544 1562 
134700 3538 1933 
134750 3555 2339 
134800 3543 2616 
134850 3546 2893 
134900 3552 3092 
134950 3548 3264 
135000 3545 3370 
135050 3366 2227 
135100 3456 1136 
135150 3498 582 
135200 3538 249 
135250 3543 88 
135300 3529 33 
135350 3541 8 
135400 3546 5 
135450 3534 6 
135500 3538 6 
135550 3546 396 
135600 3540 956 
135650 3545 1499 
135700 3534 1920 
135750 3523 2282 
135800 3539 2620 
135850 3538 2891 
135900 3543 3108 
135950 3557 3249 
136000 3531 3326 
136050 3325 2327 
136100 3394 1481 
136150 3471 923 
136200 3497 507 
136250 3527 275 
136300 3515 168 
136350 3534 91 
136400 3567 36 
136450 3555 8 
136500 3536 7 
136550 3532 242 
136600 3534 824 
136650 3545 1261 
136700 3530 1688 
136750 3548 2088 
136800 3542 2417 
136850 3524 2671 
136900 3540 2891 
136950 3551 3078 
137000 3545 3183 
137050 3363 2175 
137100 3435 1210 
137150 3500 629 
137200 3533 280 
137250 3530 94 
137300 3537 30 
137350 3529 20 
137400 3544 5 
137450 3548 3 
137500 3550 1 
137550 3527 97 
137600 3517 705 
137650 3531 1231 
137700 3539 1671 
137750 3539 2086 
137800 3533 2446 
137850 3539 2743 
137900 3545 3021 
137950 3531 3205 
138000 3563 3402 
138050 3381 2153 
138100 3481 1080 
138150 3518 454 
138200 3522 188 
138250 3553 64 
138300 3538 24 
138350 3534 15 
138400 3538 2 
138450 3543 10 
138500 3541 8 
138550 3536 518 
138600 3536 1202 
138650 3546 1716 
138700 3545 2083 
138750 3558 2388 
138800 3551 2725 
138850 3544 2982 
138900 3543 3177 
138950 3527 3318 
139000 3532 3427 
139050 3364 2300 
139100 3435 1295 
139150 3481 732 
139200 3498 362 
139250 3518 181 
139300 3532 95 
139350 3544 39 
139400 3541 22 
139450 3554 9 
139500 3558 4 
139550 3542 309 
139600 3550 861 
139650 3528 1255 
139700 3547 1712 
139750 3536 2135 
139800 3536 2537 
139850 3542 2812 
139900 3537 3023 
139950 3538 3211 
140000 3548 3350 
140050 3349 2220 
140100 3456 1225 
140150 3500 611 
140200 3509 251 
140250 3535 88 
140300 3541 40 
140350 3547 11 
140400 3541 2 
140450 3542 15 
140500 3529 7 
140550 3552 466 
140600 3546 1178 
140650 3544 1688 
140700 3542 2032 
140750 3551 2322 
140800 3549 2577 
140850 3539 2821 
140900 3531 3030 
140950 3544 3198 
141000 3537 3341 
141050 3360 2239 
141100 3438 1231 
141150 3494 626 
141200 3520 293 
141250 3532 122 
141300 3532 46 
141350 3543 18 
141400 3553 5 
141450 3553 4 
141500 3539 5 
141550 3550 287 
141600 3553 980 
141650 3561 1452 
141700 3539 1848 
141750 3552 2213 
141800 3551 2524 
141850 3546 2776 
141900 3551 3014 
141950 3552 3208 
142000 3540 3355 
142050 3258 2529 
142100 3336 1824 
142150 3392 1304 
142200 3511 1065 
142250 3526 806 
142300 3524 612 
142350 3520 449 
142400 3540 331 
142450 3538 245 
142500 3548 156 
142550 3525 97 
142600 3476 116 
142650 3314 491 
142700 3282 1077 
142750 3301 1512 
142800 3369 1829 
142850 3404 2158 
142900 3459 2487 
142950 3485 2740 
143000 3498 2951 
143050 3302 2395 
143100 3315 1808 
143150 3370 1365 
143200 3424 981 
143250 3518 781 
143300 3516 572 
143350 3529 407 
143400 3514 286 
143450 3524 190 
143500 3534 88 
143550 3544 391 
143600 3548 941 
143650 3536 1401 
143700 3543 1808 
143750 3547 2178 
143800 3558 2544 
143850 3540 2804 
143900 3537 3040 
143950 3550 3188 
144000 3537 3263 
144050 3320 2239 
144100 3439 1228 
144150 3472 675 
144200 3501 366 
144250 3530 198 
144300 3524 95 
144350 3533 46 
144400 3533 17 
144450 3547 5 
144500 3550 7 
144550 3532 343 
144600 3532 886 
144650 3531 1348 
144700 3514 1733 
144750 3545 2132 
144800 3531 2465 
144850 3531 2724 
144900 3521 2909 
144950 3547 3081 
145000 3551 3210 
145050 3394 2118 
145100 3493 1015 
145150 3508 518 
145200 3538 262 
145250 3527 105 
145300 3536 50 
145350 3542 26 
145400 3533 9 
145450 3536 10 
145500 3548 8 
145550 3552 424 
145600 3541 1069 
145650 3546 1604 
145700 3544 2063 
145750 3544 2471 
145800 3522 2793 
145850 3532 3055 
145900 3544 3226 
145950 3551 3344 
146000 3548 3421 
146050 3334 2417 
146100 3398 1554 
146150 3438 1043 
146200 3482 694 
146250 3520 514 
146300 3538 360 
146350 3543 218 
146400 3537 114 
146450 3534 39 
146500 3517 17 
146550 3525 429 
146600 3520 1006 
146650 3520 1453 
146700 3530 1872 
146750 3528 2269 
146800 3544 2615 
146850 3545 2919 
146900 3542 3149 
146950 3545 3313 
147000 3537 3401 
147050 3294 2494 
147100 3398 1612 
147150 3442 1031 
147200 3493 651 
147250 3529 480 
147300 3538 325 
147350 3541 169 
147400 3543 85 
147450 3539 35 
147500 3533 7 
147550 3539 50 
147600 3516 652 
147650 3516 1157 
147700 3515 1609 
147750 3525 2024 
147800 3548 2359 
147850 3547 2666 
147900 3531 2873 
147950 3539 3074 
148000 3550 3216 
148050 3351 2158 
148100 3466 1142 
148150 3501 628 
148200 3528 266 
148250 3546 96 
148300 3559 33 
148350 3547 23 
148400 3562 13 
148450 3555 12 
148500 3535 6 
148550 3529 215 
148600 3526 902 
148650 3545 1491 
148700 3545 1866 
148750 3554 2171 
148800 3543 2405 
148850 3527 2610 
148900 3532 2784 
148950 3545 2963 
149000 3528 3152 
149050 3358 2207 
149100 3479 1248 
149150 3507 705 
149200 3527 361 
149250 3535 168 
149300 3531 49 
149350 3551 20 
149400 3551 12 
149450 3551 7 
149500 3546 6 
149550 3544 387 
149600 3518 1050 
149650 3521 1581 
149700 3505 2006 
149750 3516 2367 
149800 3494 2685 
149850 3497 2924 
149900 3511 3114 
149950 3521 3271 
150000 3515 3415 
150050 3254 2457 
150100 3349 1583 
150150 3374 1163 
150200 3453 856 
150250 3524 700 
150300 3524 493 
150350 3522 325 
150400 3524 192 
150450 3520 114 
150500 3541 58 
150550 3557 432 
150600 3564 1097 
150650 3539 1619 
150700 3538 2041 
150750 3550 2429 
150800 3553 2773 
150850 3555 3084 
150900 3552 3293 
150950 3557 3422 
151000 3544 3473 
151050 3336 2168 
151100 3448 1119 
151150 3499 483 
151200 3527 184 
151250 3558 74 
151300 3532 44 
151350 3552 18 
151400 3561 14 
151450 3556 9 
151500 3550 8 
151550 3550 614 
151600 3551 1348 
151650 3540 1890 
151700 3536 2273 
151750 3543 2660 
151800 3547 2914 
151850 3542 3096 
151900 3542 3225 
151950 3531 3315 
152000 3541 3403 
152050 3412 2119 
152100 3470 1000 
152150 3507 503 
152200 3533 271 
152250 3535 113 
152300 3565 45 
152350 3516 23 
152400 3544 19 
152450 3527 15 
152500 3536 14 
152550 3524 563 
152600 3524 1151 
152650 3537 1616 
152700 3527 1954 
152750 3526 2269 
152800 3548 2645 
152850 3538 2932 
152900 3559 3168 
152950 3563 3324 
153000 3551 3409 
153050 3377 2101 
153100 3474 962 
153150 3498 396 
153200 3544 152 
153250 3550 28 
153300 3538 21 
153350 3559 23 
153400 3540 11 
153450 3538 12 
153500 3531 12 
153550 3530 294 
153600 3522 952 
153650 3524 1438 
153700 3536 1856 
153750 3540 2196 
153800 3546 2542 
153850 3550 2799 
153900 3540 3041 
153950 3548 3196 
154000 3550 3308 
154050 3378 2163 
154100 3466 1167 
154150 3511 642 
154200 3517 330 
154250 3536 167 
154300 3529 91 
154350 3544 44 
154400 3551 18 
154450 3520 5 
154500 3543 12 
154550 3542 477 
154600 3538 1218 
154650 3549 1760 
154700 3537 2217 
154750 3539 2601 
154800 3538 2876 
154850 3536 3111 
154900 3545 3318 
154950 3551 3441 
155000 3538 3484 
155050 3329 2329 
155100 3432 1337 
155150 3490 807 
155200 3512 454 
155250 3529 220 
155300 3534 75 
155350 3559 15 
155400 3545 12 
155450 3539 3 
155500 3548 5 
155550 3549 413 
155600 3523 1056 
155650 3532 1541 
155700 3540 1932 
155750 3536 2229 
155800 3543 2516 
155850 3521 2740 
155900 3535 2972 
155950 3542 3140 
156000 3554 3276 
156050 3384 2059 
156100 3482 987 
156150 3520 441 
156200 3522 172 
156250 3562 59 
156300 3539 23 
156350 3556 17 
156400 3531 9 
156450 3549 11 
156500 3542 10 
156550 3533 535 
156600 3541 1046 
156650 3539 1450 
156700 3541 1846 
156750 3535 2235 
156800 3548 2577 
156850 3532 2780 
156900 3544 2998 
156950 3537 3142 
157000 3553 3286 
157050 3366 2284 
157100 3439 1274 
157150 3484 711 
157200 3502 384 
157250 3542 204 
157300 3550 104 
157350 3547 56 
157400 3545 15 
157450 3547 8 
157500 3534 7 
157550 3547 481 
157600 3542 1118 
157650 3540 1723 
157700 3550 2233 
157750 3537 2615 
157800 3554 2908 
157850 3554 3132 
157900 3562 3328 
157950 3545 3429 
158000 3553 3488 
158050 3371 2141 
158100 3503 973 
158150 3533 458 
158200 3541 181 
158250 3536 91 
158300 3539 43 
158350 3551 28 
158400 3541 18 
158450 3545 10 
158500 3553 8 
158550 3542 460 
158600 3547 1156 
158650 3545 1775 
158700 3550 2222 
158750 3553 2581 
158800 3554 2892 
158850 3563 3160 
158900 3547 3282 
158950 3539 3376 
159000 3533 3406 
159050 3366 2065 
159100 3471 934 
159150 3501 416 
159200 3521 199 
159250 3513 79 
159300 3538 26 
159350 3553 13 
159400 3561 5 
159450 3549 10 
159500 3549 10 
159550 3551 469 
159600 3543 996 
159650 3531 1401 
159700 3522 1794 
159750 3543 2170 
159800 3527 2460 
159850 3548 2729 
159900 3531 2916 
159950 3531 3080 
160000 3541 3240 
160050 3325 2177 
160100 3426 1186 
160150 3474 686 
160200 3509 353 
160250 3521 163 
160300 3540 72 
160350 3546 31 
160400 3560 12 
160450 3540 11 
160500 3538 6 
160550 3541 482 
160600 3536 1210 
160650 3528 1693 
160700 3511 2085 
160750 3505 2458 
160800 3509 2727 
160850 3499 2945 
160900 3486 3186 
160950 3508 3365 
161000 3499 3464 
161050 3279 2463 
161100 3342 1580 
161150 3389 1068 
161200 3462 785 
161250 3527 580 
161300 3510 361 
161350 3521 197 
161400 3527 94 
161450 3518 34 
161500 3520 10 
161550 3538 309 
161600 3529 842 
161650 3511 1265 
161700 3531 1658 
161750 3518 2043 
161800 3530 2373 
161850 3514 2687 
161900 3514 2951 
161950 3492 3154 
162000 3503 3274 
162050 3225 2481 
162100 3310 1572 
162150 3380 1013 
162200 3427 688 
162250 3468 549 
162300 3522 371 
162350 3524 247 
162400 3499 152 
162450 3509 88 
162500 3526 46 
162550 3520 16 
162600 3427 363 
162650 3424 968 
162700 3410 1504 
162750 3435 1896 
162800 3424 2277 
162850 3414 2615 
162900 3434 2899 
162950 3431 3067 
163000 3430 3240 
163050 3277 2406 
163100 3353 1669 
163150 3408 1172 
163200 3429 813 
163250 3486 648 
163300 3486 503 
163350 3493 350 
163400 3489 222 
163450 3517 109 
163500 3527 24 
163550 3523 361 
163600 3512 857 
163650 3509 1320 
163700 3518 1738 
163750 3510 2121 
163800 3499 2432 
163850 3509 2704 
163900 3480 2904 
163950 3501 3067 
164000 3481 3181 
164050 3217 2431 
164100 3340 1557 
164150 3450 933 
164200 3461 520 
164250 3514 254 
164300 3524 108 
164350 3515 29 
164400 3520 8 
164450 3523 7 
164500 3542 2 
164550 3504 2 
164600 3518 1 
164650 3519 2 
164700 3528 714 
164750 3537 1253 
164800 3526 1685 
164850 3544 2011 
164900 3528 2298 
164950 3528 2577 
165000 3518 2783 
165050 3343 2125 
165100 3414 1355 
165150 3447 796 
165200 3485 422 
165250 3518 179 
165300 3522 58 
165350 3528 24 
165400 3546 10 
165450 3529 6 
165500 3542 1 
165550 3542 1 
165600 3532 648 
165650 3535 1179 
165700 3549 1646 
165750 3532 2039 
165800 3531 2305 
165850 3537 2602 
165900 3524 2808 
165950 3543 3048 
166000 3532 3221 
166050 3319 2332 
166100 3413 1384 
166150 3447 865 
166200 3479 544 
166250 3486 366 
166300 3503 234 
166350 3520 128 
166400 3534 55 
166450 3524 29 
166500 3549 8 
166550 3555 483 
166600 3547 1161 
166650 3565 1675 
166700 3568 2083 
166750 3539 2433 
166800 3539 2733 
166850 3560 2974 
166900 3558 3166 
166950 3541 3296 
167000 3542 3408 
167050 3288 2380 
167100 3358 1521 
167150 3437 1056 
167200 3471 677 
167250 3520 453 
167300 3536 261 
167350 3539 129 
167400 3543 44 
167450 3535 20 
167500 3539 11 
167550 3535 428 
167600 3544 990 
167650 3551 1438 
167700 3552 1800 
167750 3558 2187 
167800 3552 2523 
167850 3543 2790 
167900 3554 3081 
167950 3565 3272 
168000 3548 3387 
168050 3313 2452 
168100 3398 1562 
168150 3458 1045 
168200 3477 720 
168250 3524 535 
168300 3523 344 
168350 3507 207 
168400 3542 111 
168450 3538 45 
168500 3555 9 
168550 3536 182 
168600 3527 855 
168650 3517 1438 
168700 3531 1940 
168750 3552 2354 
168800 3557 2721 
168850 3560 2994 
168900 3539 3149 
168950 3553 3289 
169000 3540 3356 
169050 3290 2522 
169100 3388 1582 
169150 3441 1006 
169200 3471 621 
169250 3479 420 
169300 3501 247 
169350 3509 136 
169400 3505 80 
169450 3529 39 
169500 3524 27 
169550 3537 310 
169600 3542 873 
169650 3538 1289 
169700 3517 1690 
169750 3521 1982 
169800 3524 2290 
169850 3535 2608 
169900 3543 2890 
169950 3552 3117 
170000 3533 3282 
170050 3291 2259 
170100 3414 1332 
170150 3486 752 
170200 3514 354 
170250 3528 140 
170300 3548 62 
170350 3542 18 
170400 3548 3 
170450 3538 1 
170500 3542 12 
170550 3566 299 
170600 3557 944 
170650 3550 1416 
170700 3560 1848 
170750 3538 2195 
170800 3539 2498 
170850 3542 2784 
170900 3534 3067 
170950 3528 3256 
171000 3532 3387 
171050 3348 2238 
171100 3436 1159 
171150 3471 632 
171200 3490 334 
171250 3514 188 
171300 3543 97 
171350 3545 48 
171400 3545 17 
171450 3547 4 
171500 3554 12 
171550 3541 313 
171600 3548 849 
171650 3539 1313 
171700 3558 1751 
171750 3548 2109 
171800 3550 2435 
171850 3533 2681 
171900 3541 2920 
171950 3553 3126 
172000 3535 3236 
172050 3320 2225 
172100 3427 1269 
172150 3480 673 
172200 3481 324 
172250 3500 161 
172300 3511 74 
172350 3531 40 
172400 3535 28 
172450 3545 10 
172500 3528 14 
172550 3534 85 
172600 3547 727 
172650 3546 1180 
172700 3541 1607 
172750 3544 2009 
172800 3546 2410 
172850 3540 2676 
172900 3546 2942 
172950 3548 3137 
173000 3543 3269 
173050 3336 2101 
173100 3432 1176 
173150 3460 714 
173200 3471 417 
173250 3495 240 
173300 3531 144 
173350 3534 87 
173400 3539 38 
173450 3543 18 
173500 3529 14 
173550 3533 341 
173600 3535 927 
173650 3532 1451 
173700 3532 1923 
173750 3547 2376 
173800 3541 2703 
173850 3529 2964 
173900 3551 3182 
173950 3546 3316 
174000 3538 3411 
174050 3348 2187 
174100 3456 1226 
174150 3501 771 
174200 3524 479 
174250 3530 273 
174300 3518 174 
174350 3544 97 
174400 3536 42 
174450 3530 25 
174500 3535 15 
174550 3527 638 
174600 3536 1483 
174650 3539 2059 
174700 3528 2468 
174750 3540 2775 
174800 3553 3024 
174850 3536 3193 
174900 3547 3354 
174950 3549 3450 
175000 3535 3477 
175050 3342 2435 
175100 3389 1486 
175150 3412 937 
175200 3478 620 
175250 3491 389 
175300 3525 221 
175350 3521 100 
175400 3546 40 
175450 3555 17 
175500 3526 15 
175550 3539 293 
175600 3526 1030 
175650 3521 1536 
175700 3539 1957 
175750 3540 2323 
175800 3535 2601 
175850 3539 2821 
175900 3545 3048 
175950 3543 3234 
176000 3550 3374 
176050 3346 2290 
176100 3460 1178 
176150 3501 603 
176200 3515 269 
176250 3525 99 
176300 3534 38 
176350 3535 27 
176400 3530 13 
176450 3522 7 
176500 3535 8 
176550 3531 401 
176600 3515 1133 
176650 3524 1680 
176700 3496 2073 
176750 3503 2370 
176800 3509 2663 
176850 3506 2938 
176900 3514 3132 
176950 3510 3247 
177000 3543 3387 
177050 3353 2201 
177100 3449 1165 
177150 3500 629 
177200 3502 340 
177250 3525 181 
177300 3528 78 
177350 3547 51 
177400 3542 25 
177450 3529 14 
177500 3537 12 
177550 3537 477 
177600 3552 1132 
177650 3542 1626 
177700 3550 2061 
177750 3543 2419 
177800 3526 2707 
177850 3529 3016 
177900 3536 3286 
177950 3550 3422 
178000 3543 3463 
178050 3336 2290 
178100 3449 1300 
178150 3499 641 
178200 3531 262 
178250 3533 104 
178300 3542 45 
178350 3546 20 
178400 3542 11 
178450 3540 19 
178500 3530 10 
178550 3520 426 
178600 3514 1144 
178650 3541 1631 
178700 3531 1966 
178750 3536 2231 
178800 3535 2535 
178850 3539 2783 
178900 3523 2950 
178950 3534 3127 
179000 3556 3280 
179050 3370 2145 
179100 3456 1084 
179150 3499 587 
179200 3527 273 
179250 3532 113 
179300 3545 34 
179350 3556 23 
179400 3552 6 
179450 3550 11 
179500 3555 13 
179550 3553 471 
179600 3548 1001 
179650 3550 1408 
179700 3547 1776 
179750 3543 2104 
179800 3548 2432 
179850 3555 2710 
179900 3560 2951 
179950 3551 3128 
180000 3550 3264 
180050 3319 2223 
180100 3437 1275 
180150 3496 707 
180200 3514 337 
180250 3533 134 
180300 3537 56 
180350 3554 20 
180400 3549 9 
180450 3555 8 
180500 3554 2 
180550 3546 373 
180600 3547 1136 
180650 3533 1576 
180700 3535 1919 
180750 3539 2218 
180800 3553 2505 
180850 3560 2732 
180900 3555 2971 
180950 3551 3135 
181000 3562 3279 
181050 3315 2219 
181100 3451 1251 
181150 3495 661 
181200 3530 297 
181250 3541 127 
181300 3543 62 
181350 3541 27 
181400 3543 8 
181450 3541 6 
181500 3560 1 
181550 3544 363 
181600 3538 915 
181650 3545 1452 
181700 3543 1861 
181750 3551 2214 
181800 3542 2490 
181850 3545 2748 
181900 3552 2951 
181950 3536 3092 
182000 3537 3274 
182050 3322 2352 
182100 3370 1479 
182150 3453 917 
182200 3486 529 
182250 3509 285 
182300 3539 152 
182350 3535 50 
182400 3537 14 
182450 3543 12 
182500 3545 9 
182550 3532 350 
182600 3532 986 
182650 3525 1476 
182700 3536 1906 
182750 3527 2227 
182800 3539 2529 
182850 3526 2793 
182900 3540 2970 
182950 3529 3149 
183000 3542 3294 
183050 3369 2237 
183100 3490 1225 
183150 3507 613 
183200 3532 330 
183250 3526 154 
183300 3533 46 
183350 3533 30 
183400 3543 8 
183450 3544 9 
183500 3546 17 
183550 3539 410 
183600 3533 1053 
183650 3538 1553 
183700 3535 1905 
183750 3531 2211 
183800 3534 2468 
183850 3541 2733 
183900 3551 2978 
183950 3535 3126 
184000 3519 3239 
184050 3302 2411 
184100 3369 1470 
184150 3442 867 
184200 3471 475 
184250 3506 264 
184300 3522 140 
184350 3544 52 
184400 3530 24 
184450 3533 10 
184500 3556 10 
184550 3557 128 
184600 3555 973 
184650 3534 1622 
184700 3532 2161 
184750 3532 2585 
184800 3546 2980 
184850 3535 3193 
184900 3535 3317 
184950 3532 3400 
185000 3521 3436 
185050 3317 2324 
185100 3389 1382 
185150 3448 858 
185200 3465 503 
185250 3510 342 
185300 3517 230 
185350 3511 122 
185400 3530 66 
185450 3536 32 
185500 3555 13 
185550 3553 377 
185600 3542 1069 
185650 3533 1566 
185700 3529 2036 
185750 3544 2432 
185800 3527 2701 
185850 3522 2937 
185900 3533 3201 
185950 3535 3347 
186000 3527 3433 
186050 3374 2149 
186100 3480 1092 
186150 3516 535 
186200 3523 243 
186250 3534 69 
186300 3531 26 
186350 3534 6 
186400 3553 18 
186450 3556 13 
186500 3552 17 
186550 3523 341 
186600 3521 903 
186650 3538 1399 
186700 3530 1893 
186750 3545 2312 
186800 3541 2692 
186850 3530 2955 
186900 3537 3178 
186950 3530 3316 
187000 3539 3406 
187050 3336 2252 
187100 3453 1234 
187150 3474 614 
187200 3503 301 
187250 3530 110 
187300 3523 52 
187350 3530 11 
187400 3535 10 
187450 3545 9 
187500 3543 17 
187550 3529 296 
187600 3521 961 
187650 3533 1523 
187700 3513 1935 
187750 3541 2394 
187800 3549 2759 
187850 3542 3035 
187900 3539 3267 
187950 3530 3386 
188000 3540 3464 
188050 3289 2355 
188100 3392 1325 
188150 3440 807 
188200 3462 495 
188250 3520 332 
188300 3534 212 
188350 3531 115 
188400 3553 48 
188450 3549 19 
188500 3534 11 
188550 3547 451 
188600 3540 965 
188650 3534 1462 
188700 3536 1867 
188750 3538 2220 
188800 3546 2550 
188850 3527 2770 
188900 3545 2989 
188950 3537 3113 
189000 3524 3225 
189050 3359 2263 
189100 3432 1229 
189150 3473 647 
189200 3520 295 
189250 3533 104 
189300 3548 33 
189350 3539 17 
189400 3531 4 
189450 3539 5 
189500 3547 10 
189550 3551 342 
189600 3541 1034 
189650 3547 1512 
189700 3545 1900 
189750 3545 2235 
189800 3549 2470 
189850 3533 2695 
189900 3534 2928 
189950 3535 3125 
190000 3548 3274 
190050 3344 2343 
190100 3426 1429 
190150 3463 865 
190200 3483 572 
190250 3513 355 
190300 3538 242 
190350 3536 126 
190400 3556 67 
190450 3539 29 
190500 3550 13 
190550 3553 445 
190600 3560 969 
190650 3558 1415 
190700 3536 1776 
190750 3542 2164 
190800 3552 2554 
190850 3548 2827 
190900 3529 3034 
190950 3540 3215 
191000 3539 3374 
191050 3286 2327 
191100 3404 1325 
191150 3468 756 
191200 3480 435 
191250 3512 302 
191300 3539 200 
191350 3524 119 
191400 3536 69 
191450 3524 35 
191500 3530 23 
191550 3540 360 
191600 3533 1029 
191650 3515 1502 
191700 3538 1936 
191750 3539 2303 
191800 3532 2586 
191850 3551 2833 
191900 3553 3029 
191950 3554 3208 
192000 3538 3328 
192050 3287 2319 
192100 3368 1455 
192150 3446 890 
192200 3484 488 
192250 3537 249 
192300 3545 107 
192350 3548 23 
192400 3542 3 
192450 3541 3 
192500 3530 5 
192550 3543 530 
192600 3542 1186 
192650 3539 1739 
192700 3541 2186 
192750 3549 2547 
192800 3550 2847 
192850 3545 3103 
192900 3532 3268 
192950 3556 3427 
193000 3544 3479 
193050 3271 2398 
193100 3397 1415 
193150 3466 748 
193200 3508 350 
193250 3525 179 
193300 3528 90 
193350 3537 34 
193400 3531 14 
193450 3553 10 
193500 3552 7 
193550 3528 523 
193600 3531 1030 
193650 3548 1509 
193700 3540 1898 
193750 3533 2239 
193800 3533 2528 
193850 3548 2791 
193900 3536 3001 
193950 3545 3178 
194000 3537 3274 
194050 3356 2208 
194100 3439 1174 
194150 3493 575 
194200 3538 255 
194250 3532 101 
194300 3530 54 
194350 3540 22 
194400 3557 5 
194450 3540 8 
194500 3546 11 
194550 3518 35 
194600 3519 916 
194650 3531 1467 
194700 3523 1880 
194750 3527 2271 
194800 3543 2595 
194850 3535 2840 
194900 3551 3077 
194950 3547 3256 
195000 3541 3392 
195050 3322 2304 
195100 3408 1331 
195150 3450 796 
195200 3489 481 
195250 3523 331 
195300 3530 232 
195350 3534 147 
195400 3534 83 
195450 3525 60 
195500 3542 26 
195550 3534 411 
195600 3548 1106 
195650 3547 1622 
195700 3536 1949 
195750 3531 2228 
195800 3538 2493 
195850 3556 2713 
195900 3543 2891 
195950 3549 3027 
196000 3529 3155 
196050 3341 2215 
196100 3431 1264 
196150 3463 660 
196200 3509 343 
196250 3540 134 
196300 3545 45 
196350 3561 16 
196400 3555 7 
196450 3538 6 
196500 3547 5 
196550 3543 363 
196600 3540 948 
196650 3526 1394 
196700 3527 1854 
196750 3535 2238 
196800 3526 2593 
196850 3528 2929 
196900 3547 3175 
196950 3538 3330 
197000 3545 3457 
197050 3359 2241 
197100 3468 1236 
197150 3519 693 
197200 3515 395 
197250 3533 214 
197300 3525 119 
197350 3558 46 
197400 3524 16 
197450 3552 8 
197500 3550 10 
197550 3541 110 
197600 3544 764 
197650 3537 1270 
197700 3556 1718 
197750 3549 2079 
197800 3540 2407 
197850 3555 2718 
197900 3537 2915 
197950 3557 3138 
198000 3551 3299 
198050 3335 2251 
198100 3424 1277 
198150 3488 676 
198200 3511 286 
198250 3535 86 
198300 3538 28 
198350 3529 13 
198400 3539 8 
198450 3523 5 
198500 3536 6 
198550 3519 343 
198600 3512 927 
198650 3518 1336 
198700 3507 1708 
198750 3516 2055 
198800 3525 2392 
198850 3540 2687 
198900 3553 2945 
198950 3554 3138 
199000 3542 3279 
199050 3343 2158 
199100 3453 1165 
199150 3491 624 
199200 3501 315 
199250 3532 163 
199300 3538 79 
199350 3542 44 
199400 3553 13 
199450 3531 15 
199500 3550 6 
199550 3548 372 
199600 3533 1026 
199650 3533 1683 
199700 3520 2181 
199750 3505 2571 
199800 3533 2896 
199850 3535 3135 
199900 3542 3299 
199950 3530 3416 
200000 3557 3493 
