# Avida tasks data
# Sat Apr  7 02:11:24 2012
# First column gives the current update, next columns give the number
# of organisms that have the particular task as a component of their merit
#  1: Update
#  2: Xor
#  3: Equals

0 0 0 
50 8 8 
100 39 39 
150 116 116 
200 265 264 
250 453 455 
300 712 711 
350 1001 1001 
400 1366 1370 
450 1798 1799 
500 2244 2247 
550 2759 2762 
600 3252 3250 
650 3457 3459 
700 3540 3549 
750 3539 3553 
800 3539 3538 
850 3542 3539 
900 3536 3536 
950 3542 3538 
1000 3556 3555 
1050 3551 3549 
1100 3560 3546 
1150 3556 3535 
1200 3542 3518 
1250 3542 3490 
1300 3548 3484 
1350 3555 3485 
1400 3537 3458 
1450 3536 3443 
1500 3542 3450 
1550 3531 3487 
1600 3551 3522 
1650 3547 3539 
1700 3560 3561 
1750 3554 3553 
1800 3547 3547 
1850 3554 3549 
1900 3554 3553 
1950 3540 3539 
2000 3536 3533 
2050 3524 3524 
2100 3542 3526 
2150 3536 3487 
2200 3529 3486 
2250 3544 3486 
2300 3531 3475 
2350 3533 3477 
2400 3518 3469 
2450 3551 3482 
2500 3545 3471 
2550 3529 3494 
2600 3535 3522 
2650 3526 3519 
2700 3542 3539 
2750 3530 3540 
2800 3544 3549 
2850 3543 3545 
2900 3559 3559 
2950 3551 3555 
3000 3550 3550 
3050 3541 3545 
3100 3550 3550 
3150 3554 3539 
3200 3546 3525 
3250 3543 3501 
3300 3544 3484 
3350 3533 3466 
3400 3546 3474 
3450 3548 3463 
3500 3546 3460 
3550 3544 3518 
3600 3546 3540 
3650 3544 3541 
3700 3559 3553 
3750 3551 3547 
3800 3551 3554 
3850 3539 3550 
3900 3532 3534 
3950 3553 3551 
4000 3547 3551 
4050 3556 3556 
4100 3556 3556 
4150 3559 3538 
4200 3545 3533 
4250 3540 3511 
4300 3543 3524 
4350 3548 3522 
4400 3543 3508 
4450 3530 3494 
4500 3528 3470 
4550 3538 3502 
4600 3543 3525 
4650 3543 3539 
4700 3536 3542 
4750 3542 3538 
4800 3529 3526 
4850 3536 3528 
4900 3523 3526 
4950 3506 3510 
5000 3547 3552 
5050 3530 3536 
5100 3536 3536 
5150 3555 3541 
5200 3561 3535 
5250 3563 3504 
5300 3532 3472 
5350 3514 3452 
5400 3536 3473 
5450 3538 3485 
5500 3531 3500 
5550 3537 3527 
5600 3529 3532 
5650 3540 3553 
5700 3552 3550 
5750 3547 3551 
5800 3550 3550 
5850 3548 3536 
5900 3542 3539 
5950 3560 3563 
6000 3535 3532 
6050 3549 3538 
6100 3552 3541 
6150 3555 3524 
6200 3536 3500 
6250 3551 3494 
6300 3544 3473 
6350 3545 3469 
6400 3548 3475 
6450 3540 3468 
6500 3540 3464 
6550 3532 3489 
6600 3542 3531 
6650 3554 3554 
6700 3549 3542 
6750 3553 3547 
6800 3561 3557 
6850 3548 3544 
6900 3549 3555 
6950 3557 3558 
7000 3553 3558 
7050 3552 3548 
7100 3547 3518 
7150 3534 3492 
7200 3540 3501 
7250 3549 3502 
7300 3538 3470 
7350 3540 3465 
7400 3541 3448 
7450 3555 3465 
7500 3552 3471 
7550 3537 3482 
7600 3549 3527 
7650 3539 3531 
7700 3556 3555 
7750 3540 3534 
7800 3535 3544 
7850 3535 3540 
7900 3557 3558 
7950 3543 3544 
8000 3553 3552 
8050 3565 3568 
8100 3557 3552 
8150 3557 3549 
8200 3528 3502 
8250 3552 3516 
8300 3549 3508 
8350 3543 3510 
8400 3542 3506 
8450 3547 3498 
8500 3540 3474 
8550 3541 3488 
8600 3545 3531 
8650 3550 3536 
8700 3520 3525 
8750 3546 3541 
8800 3543 3539 
8850 3555 3560 
8900 3556 3552 
8950 3554 3551 
9000 3545 3548 
9050 3523 3522 
9100 3541 3530 
9150 3539 3523 
9200 3546 3516 
9250 3551 3524 
9300 3543 3531 
9350 3536 3508 
9400 3553 3512 
9450 3553 3520 
9500 3556 3503 
9550 3542 3526 
9600 3542 3530 
9650 3557 3550 
9700 3549 3543 
9750 3538 3538 
9800 3533 3542 
9850 3535 3534 
9900 3521 3518 
9950 3555 3554 
10000 3554 3549 
10050 3557 3556 
10100 3548 3524 
10150 3546 3515 
10200 3548 3511 
10250 3546 3492 
10300 3541 3470 
10350 3533 3432 
10400 3540 3444 
10450 3535 3436 
10500 3553 3456 
10550 3549 3513 
10600 3553 3540 
10650 3564 3569 
10700 3566 3566 
10750 3533 3541 
10800 3543 3546 
10850 3547 3546 
10900 3545 3542 
10950 3542 3544 
11000 3538 3537 
11050 3542 3536 
11100 3557 3546 
11150 3555 3539 
11200 3542 3514 
11250 3545 3508 
11300 3539 3480 
11350 3547 3482 
11400 3556 3481 
11450 3542 3458 
11500 3550 3448 
11550 3546 3485 
11600 3549 3534 
11650 3544 3533 
11700 3546 3544 
11750 3555 3559 
11800 3522 3524 
11850 3545 3545 
11900 3546 3532 
11950 3535 3526 
12000 3541 3537 
12050 3550 3543 
12100 3539 3526 
12150 3522 3487 
12200 3527 3481 
12250 3544 3461 
12300 3544 3465 
12350 3530 3434 
12400 3554 3474 
12450 3543 3452 
12500 3555 3465 
12550 3555 3500 
12600 3540 3522 
12650 3539 3532 
12700 3538 3533 
12750 3555 3546 
12800 3542 3538 
12850 3554 3550 
12900 3559 3551 
12950 3551 3542 
13000 3549 3553 
13050 3545 3533 
13100 3550 3532 
13150 3544 3517 
13200 3546 3514 
13250 3539 3495 
13300 3551 3500 
13350 3564 3501 
13400 3552 3470 
13450 3551 3436 
13500 3550 3432 
13550 3559 3484 
13600 3547 3508 
13650 3546 3533 
13700 3542 3538 
13750 3550 3545 
13800 3535 3532 
13850 3535 3526 
13900 3531 3522 
13950 3555 3544 
14000 3556 3554 
14050 3541 3530 
14100 3558 3531 
14150 3549 3487 
14200 3544 3457 
14250 3546 3456 
14300 3549 3437 
14350 3534 3407 
14400 3547 3410 
14450 3536 3376 
14500 3525 3367 
14550 3520 3429 
14600 3549 3500 
14650 3539 3524 
14700 3543 3530 
14750 3533 3531 
14800 3528 3514 
14850 3549 3535 
14900 3550 3535 
14950 3551 3541 
15000 3531 3515 
15050 3533 3526 
15100 3544 3524 
15150 3549 3513 
15200 3551 3503 
15250 3551 3483 
15300 3550 3455 
15350 3556 3454 
15400 3543 3420 
15450 3549 3405 
15500 3562 3405 
15550 3536 3436 
15600 3549 3506 
15650 3538 3508 
15700 3533 3515 
15750 3535 3520 
15800 3551 3539 
15850 3541 3525 
15900 3550 3541 
15950 3559 3547 
16000 3552 3545 
16050 3545 3532 
16100 3539 3511 
16150 3540 3491 
16200 3538 3464 
16250 3524 3411 
16300 3556 3386 
16350 3558 3375 
16400 3559 3330 
16450 3552 3303 
16500 3539 3301 
16550 3537 3375 
16600 3552 3481 
16650 3547 3512 
16700 3559 3549 
16750 3532 3516 
16800 3554 3549 
16850 3539 3533 
16900 3556 3550 
16950 3541 3540 
17000 3527 3520 
17050 3545 3531 
17100 3556 3518 
17150 3547 3489 
17200 3556 3491 
17250 3551 3483 
17300 3547 3471 
17350 3553 3459 
17400 3551 3434 
17450 3546 3422 
17500 3541 3425 
17550 3534 3486 
17600 3534 3503 
17650 3541 3533 
17700 3550 3549 
17750 3547 3539 
17800 3556 3547 
17850 3549 3539 
17900 3540 3541 
17950 3546 3537 
18000 3538 3521 
18050 3533 3504 
18100 3538 3499 
18150 3530 3489 
18200 3539 3473 
18250 3552 3463 
18300 3556 3446 
18350 3537 3394 
18400 3531 3380 
18450 3550 3353 
18500 3540 3338 
18550 3548 3466 
18600 3534 3498 
18650 3556 3544 
18700 3565 3553 
18750 3551 3536 
18800 3564 3551 
18850 3546 3538 
18900 3552 3547 
18950 3556 3551 
19000 3553 3541 
19050 3553 3535 
19100 3543 3497 
19150 3532 3446 
19200 3559 3452 
19250 3535 3427 
19300 3538 3431 
19350 3546 3407 
19400 3540 3385 
19450 3531 3378 
19500 3550 3357 
19550 3548 3451 
19600 3520 3477 
19650 3542 3519 
19700 3545 3532 
19750 3561 3544 
19800 3562 3545 
19850 3538 3528 
19900 3559 3548 
19950 3551 3530 
20000 3542 3534 
20050 3538 3531 
20100 3542 3509 
20150 3531 3478 
20200 3553 3477 
20250 3531 3421 
20300 3536 3407 
20350 3556 3409 
20400 3542 3383 
20450 3530 3333 
20500 3528 3290 
20550 3533 3398 
20600 3540 3477 
20650 3547 3516 
20700 3526 3521 
20750 3544 3532 
20800 3545 3537 
20850 3546 3542 
20900 3551 3541 
20950 3563 3553 
21000 3554 3525 
21050 3544 3502 
21100 3546 3475 
21150 3540 3424 
21200 3556 3381 
21250 3540 3331 
21300 3515 3315 
21350 3542 3298 
21400 3533 3255 
21450 3538 3218 
21500 3549 3218 
21550 3544 3347 
21600 3527 3444 
21650 3528 3490 
21700 3535 3517 
21750 3542 3527 
21800 3543 3526 
21850 3533 3519 
21900 3538 3514 
21950 3544 3532 
22000 3545 3541 
22050 3536 3525 
22100 3556 3525 
22150 3532 3474 
22200 3545 3459 
22250 3557 3455 
22300 3542 3405 
22350 3550 3394 
22400 3534 3347 
22450 3532 3320 
22500 3539 3306 
22550 3547 3416 
22600 3543 3500 
22650 3544 3518 
22700 3548 3526 
22750 3547 3534 
22800 3529 3505 
22850 3545 3526 
22900 3541 3528 
22950 3540 3522 
23000 3539 3523 
23050 3558 3540 
23100 3551 3495 
23150 3532 3462 
23200 3555 3465 
23250 3564 3429 
23300 3542 3370 
23350 3551 3403 
23400 3532 3349 
23450 3543 3367 
23500 3539 3355 
23550 3547 3454 
23600 3523 3472 
23650 3546 3517 
23700 3547 3530 
23750 3541 3518 
23800 3544 3531 
23850 3541 3521 
23900 3558 3544 
23950 3544 3527 
24000 3534 3512 
24050 3537 3497 
24100 3537 3425 
24150 3528 3392 
24200 3558 3381 
24250 3553 3319 
24300 3565 3323 
24350 3545 3284 
24400 3536 3264 
24450 3536 3212 
24500 3551 3176 
24550 3548 3325 
24600 3544 3449 
24650 3545 3496 
24700 3559 3527 
24750 3549 3527 
24800 3537 3516 
24850 3559 3535 
24900 3542 3518 
24950 3529 3502 
25000 3553 3529 
25050 3543 3523 
25100 3544 3501 
25150 3551 3476 
25200 3548 3459 
25250 3543 3414 
25300 3540 3391 
25350 3525 3358 
25400 3535 3337 
25450 3529 3341 
25500 3530 3346 
25550 3535 3424 
25600 3534 3480 
25650 3531 3507 
25700 3549 3521 
25750 3545 3520 
25800 3546 3527 
25850 3537 3505 
25900 3547 3515 
25950 3547 3519 
26000 3554 3527 
26050 3537 3485 
26100 3542 3446 
26150 3542 3393 
26200 3551 3371 
26250 3536 3361 
26300 3537 3328 
26350 3550 3336 
26400 3544 3306 
26450 3546 3273 
26500 3550 3244 
26550 3543 3388 
26600 3552 3501 
26650 3551 3528 
26700 3532 3511 
26750 3551 3523 
26800 3533 3508 
26850 3536 3504 
26900 3549 3512 
26950 3545 3514 
27000 3550 3520 
27050 3534 3489 
27100 3544 3470 
27150 3530 3423 
27200 3558 3384 
27250 3546 3364 
27300 3545 3276 
27350 3551 3262 
27400 3544 3263 
27450 3544 3249 
27500 3542 3238 
27550 3531 3348 
27600 3532 3437 
27650 3532 3475 
27700 3549 3501 
27750 3550 3519 
27800 3547 3512 
27850 3557 3511 
27900 3547 3500 
27950 3549 3505 
28000 3547 3511 
28050 3537 3488 
28100 3543 3408 
28150 3537 3364 
28200 3546 3321 
28250 3536 3258 
28300 3545 3157 
28350 3550 3081 
28400 3538 3007 
28450 3547 2926 
28500 3562 2885 
28550 3539 3159 
28600 3531 3369 
28650 3543 3456 
28700 3546 3489 
28750 3543 3489 
28800 3536 3502 
28850 3524 3477 
28900 3533 3481 
28950 3549 3502 
29000 3552 3501 
29050 3541 3458 
29100 3539 3380 
29150 3533 3324 
29200 3531 3234 
29250 3540 3195 
29300 3541 3088 
29350 3551 3037 
29400 3547 3022 
29450 3531 2956 
29500 3542 2921 
29550 3544 3182 
29600 3542 3394 
29650 3544 3484 
29700 3531 3494 
29750 3538 3494 
29800 3540 3497 
29850 3538 3502 
29900 3547 3494 
29950 3549 3482 
30000 3539 3501 
30050 3516 3441 
30100 3555 3341 
30150 3548 3250 
30200 3552 3187 
30250 3553 3142 
30300 3557 3064 
30350 3556 2949 
30400 3545 2903 
30450 3522 2843 
30500 3548 2849 
30550 3539 3142 
30600 3547 3355 
30650 3541 3457 
30700 3555 3491 
30750 3561 3493 
30800 3547 3483 
30850 3545 3480 
30900 3549 3491 
30950 3545 3495 
31000 3547 3499 
31050 3554 3450 
31100 3554 3368 
31150 3549 3319 
31200 3558 3239 
31250 3533 3090 
31300 3551 3055 
31350 3542 2959 
31400 3561 2914 
31450 3540 2861 
31500 3544 2768 
31550 3536 3090 
31600 3556 3352 
31650 3539 3449 
31700 3547 3483 
31750 3549 3503 
31800 3551 3479 
31850 3540 3482 
31900 3550 3496 
31950 3544 3500 
32000 3553 3496 
32050 3537 3459 
32100 3557 3368 
32150 3535 3287 
32200 3551 3222 
32250 3542 3143 
32300 3531 3061 
32350 3527 2989 
32400 3536 2868 
32450 3542 2831 
32500 3542 2708 
32550 3534 2999 
32600 3525 3300 
32650 3540 3446 
32700 3540 3485 
32750 3540 3489 
32800 3541 3482 
32850 3538 3481 
32900 3538 3482 
32950 3549 3484 
33000 3562 3517 
33050 3549 3460 
33100 3536 3403 
33150 3542 3347 
33200 3544 3285 
33250 3541 3200 
33300 3553 3171 
33350 3532 3069 
33400 3527 2965 
33450 3533 2965 
33500 3525 2863 
33550 3530 3143 
33600 3527 3341 
33650 3526 3432 
33700 3542 3460 
33750 3544 3496 
33800 3526 3474 
33850 3548 3490 
33900 3545 3501 
33950 3548 3505 
34000 3548 3510 
34050 3532 3480 
34100 3557 3400 
34150 3549 3300 
34200 3535 3216 
34250 3532 3145 
34300 3531 3030 
34350 3525 2964 
34400 3533 2886 
34450 3550 2747 
34500 3545 2752 
34550 3535 3101 
34600 3547 3390 
34650 3548 3479 
34700 3534 3463 
34750 3533 3487 
34800 3544 3509 
34850 3548 3499 
34900 3555 3500 
34950 3542 3480 
35000 3554 3495 
35050 3537 3466 
35100 3535 3350 
35150 3534 3278 
35200 3538 3173 
35250 3566 3140 
35300 3529 3007 
35350 3545 2938 
35400 3533 2863 
35450 3563 2812 
35500 3557 2704 
35550 3551 3063 
35600 3557 3372 
35650 3543 3463 
35700 3550 3480 
35750 3544 3467 
35800 3551 3510 
35850 3561 3514 
35900 3535 3498 
35950 3541 3483 
36000 3548 3502 
36050 3529 3444 
36100 3553 3392 
36150 3546 3300 
36200 3555 3177 
36250 3551 3149 
36300 3546 3071 
36350 3549 3031 
36400 3537 2985 
36450 3553 2953 
36500 3533 2904 
36550 3523 3225 
36600 3534 3443 
36650 3546 3483 
36700 3562 3515 
36750 3545 3491 
36800 3539 3503 
36850 3551 3525 
36900 3543 3499 
36950 3553 3512 
37000 3552 3516 
37050 3547 3458 
37100 3565 3375 
37150 3541 3285 
37200 3552 3204 
37250 3541 3090 
37300 3531 2986 
37350 3531 2993 
37400 3544 2922 
37450 3549 2820 
37500 3559 2773 
37550 3539 3136 
37600 3549 3345 
37650 3535 3435 
37700 3538 3466 
37750 3533 3487 
37800 3542 3491 
37850 3546 3491 
37900 3547 3486 
37950 3543 3499 
38000 3526 3496 
38050 3523 3461 
38100 3535 3390 
38150 3532 3318 
38200 3538 3220 
38250 3542 3198 
38300 3545 3095 
38350 3532 2988 
38400 3542 2898 
38450 3544 2771 
38500 3543 2740 
38550 3534 3091 
38600 3546 3384 
38650 3544 3486 
38700 3560 3514 
38750 3549 3504 
38800 3542 3493 
38850 3546 3486 
38900 3555 3498 
38950 3559 3519 
39000 3559 3511 
39050 3551 3474 
39100 3542 3363 
39150 3546 3305 
39200 3534 3173 
39250 3545 3097 
39300 3563 3039 
39350 3549 2954 
39400 3544 2922 
39450 3533 2845 
39500 3536 2767 
39550 3531 3076 
39600 3529 3348 
39650 3523 3442 
39700 3547 3496 
39750 3547 3500 
39800 3559 3504 
39850 3557 3506 
39900 3558 3506 
39950 3540 3493 
40000 3536 3503 
40050 3545 3464 
40100 3543 3386 
40150 3531 3291 
40200 3544 3196 
40250 3544 3114 
40300 3550 3066 
40350 3539 2975 
40400 3539 2923 
40450 3534 2894 
40500 3531 2787 
40550 3533 3156 
40600 3532 3396 
40650 3537 3476 
40700 3542 3496 
40750 3548 3500 
40800 3529 3487 
40850 3538 3501 
40900 3555 3520 
40950 3557 3512 
41000 3540 3491 
41050 3550 3486 
41100 3550 3398 
41150 3539 3280 
41200 3546 3220 
41250 3555 3148 
41300 3556 3084 
41350 3531 3035 
41400 3526 2962 
41450 3543 2915 
41500 3538 2922 
41550 3528 3164 
41600 3530 3366 
41650 3545 3481 
41700 3542 3494 
41750 3544 3505 
41800 3557 3522 
41850 3552 3519 
41900 3562 3528 
41950 3547 3520 
42000 3536 3506 
42050 3556 3485 
42100 3547 3397 
42150 3545 3341 
42200 3546 3278 
42250 3538 3234 
42300 3538 3232 
42350 3554 3196 
42400 3541 3140 
42450 3529 3078 
42500 3542 3035 
42550 3560 3293 
42600 3549 3430 
42650 3538 3491 
42700 3554 3518 
42750 3554 3529 
42800 3537 3509 
42850 3536 3489 
42900 3532 3496 
42950 3553 3508 
43000 3535 3500 
43050 3507 3469 
43100 3527 3401 
43150 3542 3385 
43200 3547 3355 
43250 3537 3268 
43300 3546 3248 
43350 3547 3196 
43400 3545 3153 
43450 3529 3074 
43500 3535 3024 
43550 3542 3276 
43600 3550 3429 
43650 3558 3487 
43700 3542 3485 
43750 3530 3490 
43800 3518 3472 
43850 3535 3475 
43900 3548 3493 
43950 3542 3480 
44000 3522 3475 
44050 3547 3492 
44100 3554 3399 
44150 3548 3329 
44200 3543 3258 
44250 3524 3189 
44300 3535 3155 
44350 3541 3051 
44400 3537 3018 
44450 3544 2955 
44500 3536 2904 
44550 3539 3195 
44600 3532 3376 
44650 3550 3464 
44700 3542 3488 
44750 3526 3485 
44800 3543 3501 
44850 3536 3482 
44900 3550 3512 
44950 3542 3508 
45000 3540 3478 
45050 3524 3449 
45100 3544 3382 
45150 3536 3320 
45200 3554 3258 
45250 3538 3135 
45300 3545 3072 
45350 3561 3033 
45400 3546 2931 
45450 3553 2855 
45500 3555 2803 
45550 3528 3116 
45600 3535 3341 
45650 3548 3456 
45700 3541 3499 
45750 3544 3503 
45800 3537 3481 
45850 3547 3498 
45900 3537 3486 
45950 3531 3486 
46000 3540 3499 
46050 3540 3475 
46100 3550 3477 
46150 3534 3417 
46200 3535 3330 
46250 3553 3241 
46300 3550 3148 
46350 3538 3096 
46400 3525 2983 
46450 3529 2948 
46500 3552 2954 
46550 3528 3168 
46600 3520 3378 
46650 3546 3480 
46700 3532 3489 
46750 3538 3487 
46800 3546 3498 
46850 3545 3496 
46900 3547 3486 
46950 3555 3499 
47000 3535 3480 
47050 3541 3441 
47100 3561 3388 
47150 3533 3265 
47200 3536 3214 
47250 3547 3128 
47300 3533 3082 
47350 3546 3019 
47400 3545 3006 
47450 3545 2952 
47500 3545 2919 
47550 3543 3210 
47600 3529 3386 
47650 3541 3478 
47700 3546 3496 
47750 3546 3494 
47800 3547 3491 
47850 3554 3484 
47900 3547 3490 
47950 3546 3487 
48000 3559 3508 
48050 3534 3416 
48100 3529 3295 
48150 3540 3257 
48200 3524 3237 
48250 3540 3130 
48300 3539 3036 
48350 3546 2979 
48400 3538 2884 
48450 3531 2810 
48500 3546 2796 
48550 3541 3083 
48600 3540 3349 
48650 3539 3463 
48700 3557 3507 
48750 3545 3486 
48800 3542 3480 
48850 3554 3511 
48900 3559 3500 
48950 3546 3502 
49000 3549 3490 
49050 3546 3469 
49100 3544 3388 
49150 3556 3289 
49200 3533 3189 
49250 3535 3057 
49300 3537 2927 
49350 3555 2837 
49400 3541 2762 
49450 3551 2763 
49500 3542 2690 
49550 3536 3060 
49600 3540 3342 
49650 3522 3439 
49700 3533 3466 
49750 3539 3475 
49800 3535 3477 
49850 3545 3486 
49900 3556 3502 
49950 3542 3503 
50000 3534 3477 
50050 3533 3424 
50100 3535 3298 
50150 3543 3244 
50200 3541 3197 
50250 3540 3110 
50300 3548 3019 
50350 3538 2943 
50400 3545 2858 
50450 3549 2779 
50500 3539 2728 
50550 3540 3095 
50600 3550 3358 
50650 3547 3432 
50700 3521 3459 
50750 3544 3497 
50800 3552 3514 
50850 3549 3498 
50900 3541 3490 
50950 3546 3499 
51000 3548 3496 
51050 3549 3452 
51100 3547 3348 
51150 3535 3265 
51200 3558 3199 
51250 3534 3032 
51300 3543 2965 
51350 3544 2850 
51400 3544 2759 
51450 3550 2722 
51500 3533 2588 
51550 3542 3006 
51600 3540 3326 
51650 3546 3453 
51700 3529 3459 
51750 3546 3488 
51800 3526 3479 
51850 3534 3485 
51900 3551 3480 
51950 3535 3483 
52000 3533 3474 
52050 3524 3445 
52100 3542 3387 
52150 3547 3301 
52200 3537 3173 
52250 3533 3054 
52300 3521 3002 
52350 3544 2895 
52400 3554 2881 
52450 3546 2800 
52500 3539 2697 
52550 3528 3050 
52600 3534 3304 
52650 3556 3461 
52700 3550 3491 
52750 3544 3492 
52800 3557 3494 
52850 3546 3475 
52900 3555 3493 
52950 3546 3506 
53000 3549 3491 
53050 3554 3439 
53100 3554 3338 
53150 3549 3225 
53200 3550 3131 
53250 3541 2993 
53300 3566 2882 
53350 3557 2789 
53400 3544 2721 
53450 3532 2686 
53500 3545 2553 
53550 3521 2958 
53600 3535 3296 
53650 3524 3397 
53700 3547 3472 
53750 3531 3466 
53800 3541 3481 
53850 3548 3483 
53900 3558 3495 
53950 3528 3472 
54000 3540 3486 
54050 3542 3458 
54100 3539 3343 
54150 3535 3178 
54200 3543 3101 
54250 3554 3016 
54300 3553 2972 
54350 3558 2873 
54400 3534 2835 
54450 3546 2781 
54500 3556 2774 
54550 3545 3105 
54600 3559 3350 
54650 3557 3434 
54700 3554 3458 
54750 3561 3470 
54800 3563 3508 
54850 3537 3494 
54900 3553 3498 
54950 3534 3481 
55000 3550 3483 
55050 3536 3418 
55100 3561 3340 
55150 3551 3161 
55200 3536 3038 
55250 3547 2948 
55300 3561 2842 
55350 3539 2810 
55400 3535 2736 
55450 3540 2674 
55500 3534 2567 
55550 3534 3108 
55600 3553 3420 
55650 3558 3489 
55700 3552 3491 
55750 3559 3511 
55800 3545 3506 
55850 3557 3484 
55900 3565 3509 
55950 3560 3514 
56000 3560 3515 
56050 3546 3438 
56100 3536 3304 
56150 3560 3248 
56200 3549 3167 
56250 3548 3090 
56300 3538 2986 
56350 3544 2984 
56400 3524 2879 
56450 3545 2784 
56500 3537 2696 
56550 3533 3202 
56600 3554 3450 
56650 3549 3489 
56700 3569 3510 
56750 3549 3508 
56800 3537 3484 
56850 3536 3479 
56900 3535 3495 
56950 3542 3495 
57000 3551 3500 
57050 3540 3430 
57100 3552 3297 
57150 3560 3181 
57200 3567 3064 
57250 3550 2947 
57300 3551 2957 
57350 3552 2893 
57400 3564 2795 
57450 3545 2690 
57500 3546 2659 
57550 3539 3166 
57600 3560 3435 
57650 3547 3485 
57700 3550 3494 
57750 3554 3485 
57800 3551 3490 
57850 3555 3499 
57900 3552 3511 
57950 3549 3525 
58000 3564 3524 
58050 3544 3451 
58100 3545 3327 
58150 3531 3205 
58200 3553 3138 
58250 3539 2974 
58300 3552 2876 
58350 3549 2831 
58400 3563 2828 
58450 3561 2761 
58500 3561 2701 
58550 3542 3212 
58600 3560 3469 
58650 3557 3495 
58700 3562 3501 
58750 3549 3486 
58800 3549 3524 
58850 3553 3516 
58900 3556 3503 
58950 3548 3485 
59000 3546 3494 
59050 3545 3439 
59100 3550 3344 
59150 3547 3238 
59200 3569 3169 
59250 3543 3073 
59300 3547 3014 
59350 3558 2944 
59400 3558 2929 
59450 3544 2898 
59500 3556 2883 
59550 3547 3299 
59600 3560 3467 
59650 3557 3505 
59700 3546 3483 
59750 3562 3505 
59800 3554 3499 
59850 3554 3487 
59900 3560 3515 
59950 3559 3523 
60000 3563 3523 
60050 3546 3447 
60100 3543 3331 
60150 3555 3132 
60200 3551 3020 
60250 3542 2904 
60300 3555 2803 
60350 3560 2697 
60400 3543 2643 
60450 3553 2584 
60500 3553 2470 
60550 3556 3124 
60600 3548 3429 
60650 3555 3489 
60700 3553 3490 
60750 3551 3517 
60800 3561 3506 
60850 3543 3493 
60900 3560 3504 
60950 3564 3529 
61000 3550 3515 
61050 3558 3444 
61100 3548 3323 
61150 3558 3155 
61200 3551 3110 
61250 3552 3028 
61300 3542 2994 
61350 3554 2915 
61400 3542 2854 
61450 3554 2778 
61500 3554 2600 
61550 3545 3161 
61600 3555 3447 
61650 3554 3506 
61700 3554 3517 
61750 3549 3501 
61800 3545 3517 
61850 3543 3500 
61900 3547 3502 
61950 3553 3509 
62000 3552 3488 
62050 3555 3437 
62100 3555 3330 
62150 3549 3207 
62200 3546 3112 
62250 3553 3058 
62300 3542 2931 
62350 3538 2829 
62400 3545 2731 
62450 3557 2567 
62500 3546 2521 
62550 3547 3133 
62600 3554 3415 
62650 3542 3486 
62700 3548 3503 
62750 3557 3522 
62800 3545 3499 
62850 3532 3495 
62900 3551 3493 
62950 3547 3493 
63000 3551 3498 
63050 3555 3426 
63100 3550 3267 
63150 3562 3173 
63200 3551 3098 
63250 3556 3022 
63300 3553 2853 
63350 3545 2763 
63400 3551 2700 
63450 3562 2620 
63500 3550 2614 
63550 3546 3138 
63600 3549 3430 
63650 3561 3499 
63700 3541 3504 
63750 3548 3510 
63800 3547 3499 
63850 3549 3498 
63900 3540 3478 
63950 3543 3499 
64000 3555 3510 
64050 3547 3461 
64100 3544 3364 
64150 3555 3246 
64200 3547 3159 
64250 3556 3031 
64300 3557 2928 
64350 3556 2888 
64400 3550 2776 
64450 3560 2703 
64500 3560 2587 
64550 3533 3127 
64600 3551 3441 
64650 3566 3508 
64700 3549 3482 
64750 3549 3496 
64800 3540 3486 
64850 3552 3514 
64900 3539 3477 
64950 3540 3502 
65000 3544 3492 
65050 3551 3437 
65100 3549 3356 
65150 3548 3308 
65200 3552 3218 
65250 3563 3146 
65300 3544 3017 
65350 3565 3005 
65400 3558 2831 
65450 3550 2773 
65500 3559 2790 
65550 3567 3226 
65600 3560 3443 
65650 3553 3504 
65700 3560 3504 
65750 3540 3491 
65800 3566 3516 
65850 3561 3513 
65900 3552 3504 
65950 3560 3532 
66000 3557 3510 
66050 3559 3430 
66100 3557 3309 
66150 3548 3241 
66200 3558 3186 
66250 3546 3074 
66300 3544 2926 
66350 3541 2835 
66400 3549 2766 
66450 3562 2636 
66500 3543 2577 
66550 3555 3199 
66600 3564 3438 
66650 3552 3509 
66700 3544 3504 
66750 3563 3515 
66800 3545 3512 
66850 3548 3506 
66900 3546 3485 
66950 3549 3492 
67000 3556 3505 
67050 3535 3378 
67100 3555 3298 
67150 3553 3173 
67200 3557 3087 
67250 3550 2999 
67300 3547 2850 
67350 3568 2800 
67400 3550 2752 
67450 3550 2626 
67500 3542 2575 
67550 3547 3168 
67600 3536 3444 
67650 3542 3473 
67700 3558 3507 
67750 3557 3497 
67800 3567 3504 
67850 3557 3494 
67900 3553 3506 
67950 3554 3505 
68000 3548 3504 
68050 3546 3433 
68100 3553 3294 
68150 3557 3158 
68200 3557 3086 
68250 3534 2988 
68300 3559 2852 
68350 3549 2716 
68400 3545 2662 
68450 3552 2577 
68500 3557 2498 
68550 3548 3103 
68600 3557 3408 
68650 3555 3510 
68700 3557 3501 
68750 3549 3501 
68800 3553 3510 
68850 3551 3503 
68900 3555 3518 
68950 3549 3511 
69000 3550 3501 
69050 3552 3458 
69100 3552 3373 
69150 3557 3279 
69200 3567 3200 
69250 3540 3106 
69300 3551 3018 
69350 3553 2973 
69400 3551 2887 
69450 3552 2810 
69500 3545 2699 
69550 3533 3168 
69600 3549 3446 
69650 3528 3499 
69700 3556 3501 
69750 3557 3521 
69800 3537 3499 
69850 3549 3514 
69900 3548 3512 
69950 3550 3500 
70000 3562 3524 
70050 3556 3452 
70100 3555 3378 
70150 3546 3299 
70200 3558 3286 
70250 3547 3194 
70300 3559 3169 
70350 3560 3073 
70400 3553 3045 
70450 3561 2946 
70500 3546 2874 
70550 3565 3286 
70600 3547 3459 
70650 3559 3505 
70700 3557 3502 
70750 3544 3507 
70800 3545 3497 
70850 3545 3493 
70900 3564 3531 
70950 3569 3518 
71000 3562 3513 
71050 3548 3466 
71100 3558 3403 
71150 3554 3337 
71200 3552 3230 
71250 3548 3250 
71300 3552 3094 
71350 3534 3051 
71400 3547 2963 
71450 3547 2894 
71500 3547 2881 
71550 3559 3323 
71600 3554 3481 
71650 3564 3509 
71700 3548 3516 
71750 3548 3499 
71800 3555 3496 
71850 3557 3518 
71900 3551 3517 
71950 3570 3519 
72000 3539 3499 
72050 3534 3420 
72100 3556 3354 
72150 3556 3292 
72200 3553 3194 
72250 3574 3107 
72300 3554 3001 
72350 3563 2936 
72400 3563 2827 
72450 3556 2789 
72500 3553 2770 
72550 3540 3201 
72600 3563 3502 
72650 3568 3508 
72700 3555 3529 
72750 3551 3502 
72800 3553 3513 
72850 3565 3536 
72900 3561 3525 
72950 3546 3508 
73000 3568 3529 
73050 3568 3461 
73100 3556 3341 
73150 3545 3267 
73200 3558 3209 
73250 3544 3076 
73300 3565 3007 
73350 3536 2807 
73400 3556 2817 
73450 3549 2723 
73500 3559 2653 
73550 3564 3244 
73600 3547 3446 
73650 3558 3517 
73700 3560 3514 
73750 3558 3525 
73800 3556 3509 
73850 3559 3512 
73900 3550 3519 
73950 3554 3510 
74000 3555 3510 
74050 3547 3434 
74100 3554 3339 
74150 3559 3253 
74200 3549 3144 
74250 3547 3053 
74300 3555 2922 
74350 3553 2866 
74400 3538 2787 
74450 3548 2640 
74500 3555 2498 
74550 3530 3141 
74600 3534 3421 
74650 3558 3502 
74700 3563 3529 
74750 3534 3506 
74800 3546 3513 
74850 3562 3509 
74900 3553 3521 
74950 3546 3516 
75000 3552 3505 
75050 3545 3430 
75100 3547 3343 
75150 3557 3198 
75200 3549 3094 
75250 3546 2967 
75300 3541 2931 
75350 3546 2857 
75400 3549 2842 
75450 3560 2738 
75500 3565 2681 
75550 3550 3147 
75600 3559 3432 
75650 3545 3481 
75700 3549 3505 
75750 3544 3506 
75800 3558 3508 
75850 3545 3480 
75900 3558 3505 
75950 3542 3495 
76000 3539 3480 
76050 3549 3435 
76100 3551 3347 
76150 3538 3298 
76200 3548 3181 
76250 3560 3117 
76300 3562 3106 
76350 3551 3035 
76400 3538 2942 
76450 3547 2882 
76500 3541 2668 
76550 3549 3205 
76600 3549 3428 
76650 3547 3506 
76700 3545 3510 
76750 3559 3517 
76800 3557 3520 
76850 3549 3500 
76900 3545 3499 
76950 3557 3512 
77000 3544 3512 
77050 3551 3455 
77100 3544 3358 
77150 3538 3222 
77200 3551 3165 
77250 3568 3076 
77300 3549 2994 
77350 3546 2945 
77400 3553 2874 
77450 3555 2802 
77500 3543 2802 
77550 3547 3180 
77600 3546 3441 
77650 3552 3491 
77700 3565 3513 
77750 3555 3509 
77800 3559 3502 
77850 3551 3513 
77900 3541 3505 
77950 3552 3508 
78000 3547 3509 
78050 3560 3477 
78100 3542 3333 
78150 3543 3232 
78200 3550 3210 
78250 3549 3188 
78300 3549 3117 
78350 3562 3103 
78400 3547 3042 
78450 3545 2884 
78500 3546 2792 
78550 3538 3262 
78600 3557 3470 
78650 3554 3483 
78700 3566 3518 
78750 3545 3505 
78800 3544 3496 
78850 3547 3504 
78900 3547 3506 
78950 3571 3539 
79000 3537 3505 
79050 3531 3399 
79100 3536 3382 
79150 3554 3288 
79200 3548 3208 
79250 3544 3098 
79300 3550 3033 
79350 3544 2938 
79400 3548 2804 
79450 3550 2670 
79500 3555 2703 
79550 3534 3141 
79600 3538 3376 
79650 3556 3482 
79700 3558 3513 
79750 3549 3501 
79800 3558 3511 
79850 3547 3504 
79900 3541 3506 
79950 3548 3502 
80000 3553 3495 
80050 3535 3431 
80100 3544 3336 
80150 3554 3246 
80200 3542 3083 
80250 3565 3029 
80300 3557 2964 
80350 3561 2913 
80400 3546 2844 
80450 3545 2850 
80500 3555 2742 
80550 3551 3203 
80600 3546 3423 
80650 3546 3486 
80700 3557 3514 
80750 3556 3500 
80800 3539 3496 
80850 3545 3506 
80900 3538 3494 
80950 3550 3520 
81000 3549 3502 
81050 3555 3453 
81100 3553 3346 
81150 3558 3257 
81200 3560 3200 
81250 3562 3091 
81300 3547 3048 
81350 3543 3014 
81400 3547 2960 
81450 3541 2896 
81500 3553 2779 
81550 3554 3232 
81600 3552 3451 
81650 3552 3485 
81700 3554 3502 
81750 3547 3514 
81800 3544 3505 
81850 3548 3505 
81900 3548 3508 
81950 3554 3519 
82000 3547 3513 
82050 3547 3466 
82100 3532 3364 
82150 3552 3282 
82200 3551 3182 
82250 3549 3108 
82300 3545 3082 
82350 3544 3043 
82400 3570 2978 
82450 3560 2926 
82500 3555 2868 
82550 3547 3278 
82600 3546 3466 
82650 3550 3489 
82700 3536 3479 
82750 3550 3505 
82800 3555 3516 
82850 3551 3510 
82900 3545 3514 
82950 3537 3493 
83000 3563 3515 
83050 3545 3414 
83100 3541 3349 
83150 3543 3236 
83200 3554 3147 
83250 3562 3043 
83300 3568 2929 
83350 3544 2778 
83400 3548 2689 
83450 3549 2652 
83500 3552 2561 
83550 3542 3108 
83600 3548 3405 
83650 3545 3488 
83700 3563 3514 
83750 3553 3512 
83800 3539 3483 
83850 3534 3478 
83900 3556 3513 
83950 3557 3503 
84000 3560 3506 
84050 3547 3418 
84100 3538 3285 
84150 3552 3198 
84200 3547 3094 
84250 3551 3010 
84300 3555 3026 
84350 3542 2920 
84400 3540 2850 
84450 3549 2729 
84500 3551 2705 
84550 3541 3155 
84600 3540 3417 
84650 3550 3496 
84700 3555 3498 
84750 3562 3516 
84800 3552 3505 
84850 3550 3502 
84900 3553 3524 
84950 3568 3544 
85000 3556 3498 
85050 3563 3463 
85100 3541 3368 
85150 3552 3321 
85200 3540 3219 
85250 3540 3136 
85300 3558 3088 
85350 3524 3014 
85400 3546 2977 
85450 3540 2853 
85500 3553 2769 
85550 3559 3260 
85600 3555 3457 
85650 3558 3502 
85700 3562 3527 
85750 3572 3515 
85800 3559 3522 
85850 3558 3502 
85900 3538 3509 
85950 3545 3501 
86000 3548 3501 
86050 3549 3428 
86100 3560 3331 
86150 3549 3229 
86200 3550 3147 
86250 3544 3037 
86300 3552 2966 
86350 3557 2946 
86400 3539 2881 
86450 3551 2773 
86500 3552 2681 
86550 3546 3241 
86600 3543 3465 
86650 3543 3497 
86700 3558 3519 
86750 3550 3507 
86800 3543 3480 
86850 3555 3516 
86900 3550 3523 
86950 3554 3488 
87000 3554 3523 
87050 3561 3469 
87100 3556 3352 
87150 3541 3233 
87200 3549 3150 
87250 3559 3039 
87300 3556 2957 
87350 3558 2926 
87400 3557 2757 
87450 3555 2779 
87500 3552 2681 
87550 3543 3171 
87600 3550 3449 
87650 3535 3487 
87700 3551 3491 
87750 3549 3505 
87800 3553 3519 
87850 3552 3510 
87900 3549 3501 
87950 3532 3486 
88000 3549 3502 
88050 3546 3434 
88100 3538 3354 
88150 3544 3262 
88200 3567 3136 
88250 3561 3063 
88300 3550 2941 
88350 3540 2846 
88400 3553 2809 
88450 3555 2740 
88500 3545 2630 
88550 3537 3185 
88600 3545 3427 
88650 3568 3505 
88700 3552 3505 
88750 3549 3490 
88800 3538 3497 
88850 3557 3504 
88900 3542 3479 
88950 3542 3492 
89000 3536 3480 
89050 3548 3452 
89100 3547 3340 
89150 3542 3250 
89200 3562 3161 
89250 3556 3068 
89300 3549 2919 
89350 3543 2825 
89400 3546 2738 
89450 3541 2676 
89500 3550 2601 
89550 3549 3167 
89600 3543 3438 
89650 3539 3480 
89700 3547 3490 
89750 3552 3510 
89800 3543 3491 
89850 3551 3506 
89900 3553 3510 
89950 3554 3514 
90000 3558 3529 
90050 3551 3462 
90100 3542 3364 
90150 3534 3247 
90200 3537 3111 
90250 3557 3095 
90300 3540 3050 
90350 3561 2996 
90400 3556 2929 
90450 3555 2825 
90500 3536 2754 
90550 3554 3220 
90600 3559 3432 
90650 3554 3502 
90700 3541 3502 
90750 3563 3525 
90800 3537 3488 
90850 3543 3502 
90900 3547 3487 
90950 3551 3489 
91000 3538 3485 
91050 3539 3441 
91100 3546 3342 
91150 3554 3232 
91200 3552 3142 
91250 3539 3029 
91300 3549 2909 
91350 3542 2826 
91400 3552 2712 
91450 3547 2585 
91500 3552 2503 
91550 3544 3207 
91600 3552 3470 
91650 3553 3502 
91700 3548 3499 
91750 3551 3512 
91800 3545 3516 
91850 3534 3498 
91900 3535 3506 
91950 3555 3527 
92000 3553 3481 
92050 3530 3400 
92100 3547 3311 
92150 3531 3210 
92200 3551 3181 
92250 3554 3097 
92300 3549 2974 
92350 3525 2864 
92400 3514 2823 
92450 3541 2709 
92500 3542 2690 
92550 3545 3219 
92600 3550 3455 
92650 3532 3495 
92700 3549 3503 
92750 3550 3505 
92800 3570 3524 
92850 3556 3488 
92900 3539 3496 
92950 3556 3513 
93000 3537 3507 
93050 3547 3428 
93100 3559 3331 
93150 3526 3213 
93200 3552 3123 
93250 3551 3063 
93300 3542 2990 
93350 3550 2925 
93400 3557 2912 
93450 3557 2863 
93500 3561 2760 
93550 3537 3251 
93600 3555 3484 
93650 3558 3526 
93700 3547 3513 
93750 3547 3515 
93800 3539 3497 
93850 3538 3498 
93900 3552 3512 
93950 3543 3501 
94000 3549 3500 
94050 3557 3415 
94100 3553 3247 
94150 3537 3159 
94200 3544 3090 
94250 3542 2961 
94300 3550 2829 
94350 3544 2757 
94400 3553 2711 
94450 3543 2643 
94500 3535 2598 
94550 3539 3183 
94600 3552 3449 
94650 3548 3483 
94700 3558 3516 
94750 3553 3516 
94800 3559 3525 
94850 3557 3509 
94900 3556 3513 
94950 3558 3513 
95000 3527 3481 
95050 3541 3443 
95100 3558 3319 
95150 3546 3153 
95200 3563 3070 
95250 3552 3028 
95300 3543 2959 
95350 3550 2878 
95400 3541 2787 
95450 3543 2674 
95500 3541 2571 
95550 3543 3149 
95600 3556 3423 
95650 3537 3476 
95700 3530 3484 
95750 3555 3519 
95800 3546 3507 
95850 3558 3498 
95900 3544 3500 
95950 3550 3511 
96000 3555 3496 
96050 3548 3456 
96100 3556 3394 
96150 3555 3334 
96200 3545 3201 
96250 3533 3112 
96300 3544 3012 
96350 3549 2968 
96400 3556 2882 
96450 3545 2785 
96500 3558 2770 
96550 3532 3184 
96600 3555 3454 
96650 3531 3481 
96700 3564 3513 
96750 3554 3525 
96800 3536 3517 
96850 3547 3505 
96900 3534 3495 
96950 3544 3490 
97000 3546 3509 
97050 3549 3460 
97100 3544 3376 
97150 3543 3290 
97200 3548 3211 
97250 3545 3181 
97300 3546 3135 
97350 3540 3080 
97400 3535 2988 
97450 3550 2840 
97500 3546 2765 
97550 3551 3259 
97600 3539 3453 
97650 3552 3490 
97700 3539 3495 
97750 3546 3516 
97800 3541 3499 
97850 3549 3520 
97900 3561 3511 
97950 3565 3516 
98000 3560 3520 
98050 3560 3445 
98100 3548 3332 
98150 3546 3254 
98200 3530 3120 
98250 3532 2964 
98300 3555 2949 
98350 3563 2874 
98400 3543 2810 
98450 3534 2695 
98500 3546 2648 
98550 3543 3138 
98600 3539 3443 
98650 3554 3503 
98700 3539 3495 
98750 3549 3512 
98800 3546 3514 
98850 3545 3514 
98900 3541 3499 
98950 3542 3514 
99000 3569 3534 
99050 3558 3462 
99100 3549 3384 
99150 3551 3286 
99200 3547 3172 
99250 3551 3108 
99300 3544 3034 
99350 3547 2959 
99400 3549 2935 
99450 3550 2889 
99500 3544 2825 
99550 3529 3220 
99600 3543 3455 
99650 3558 3511 
99700 3535 3501 
99750 3548 3502 
99800 3543 3505 
99850 3557 3519 
99900 3546 3509 
99950 3531 3494 
100000 3562 3513 
100050 3540 3439 
100100 3553 3332 
100150 3546 3227 
100200 3542 3133 
100250 3532 3017 
100300 3538 2932 
100350 3563 2852 
100400 3555 2740 
100450 3553 2601 
100500 3542 2536 
100550 3539 3092 
100600 3555 3399 
100650 3560 3511 
100700 3559 3514 
100750 3548 3487 
100800 3537 3481 
100850 3551 3525 
100900 3545 3494 
100950 3551 3523 
101000 3543 3499 
101050 3559 3468 
101100 3541 3322 
101150 3529 3252 
101200 3543 3143 
101250 3556 3100 
101300 3551 3015 
101350 3541 2895 
101400 3552 2797 
101450 3547 2707 
101500 3550 2621 
101550 3543 3235 
101600 3546 3449 
101650 3551 3503 
101700 3531 3480 
101750 3551 3496 
101800 3544 3511 
101850 3546 3508 
101900 3540 3499 
101950 3565 3515 
102000 3550 3514 
102050 3544 3437 
102100 3541 3363 
102150 3533 3227 
102200 3527 3168 
102250 3539 3113 
102300 3540 3089 
102350 3541 2929 
102400 3534 2877 
102450 3546 2810 
102500 3540 2790 
102550 3539 3242 
102600 3538 3459 
102650 3538 3517 
102700 3526 3512 
102750 3537 3515 
102800 3538 3513 
102850 3546 3518 
102900 3551 3510 
102950 3531 3505 
103000 3532 3485 
103050 3522 3439 
103100 3521 3343 
103150 3513 3232 
103200 3518 3171 
103250 3524 3095 
103300 3520 2988 
103350 3532 2934 
103400 3546 2855 
103450 3552 2830 
103500 3532 2782 
103550 3525 3288 
103600 3518 3464 
103650 3524 3483 
103700 3522 3487 
103750 3541 3517 
103800 3535 3500 
103850 3523 3503 
103900 3524 3498 
103950 3523 3506 
104000 3543 3513 
104050 3519 3442 
104100 3522 3373 
104150 3528 3270 
104200 3526 3145 
104250 3530 3050 
104300 3521 2966 
104350 3510 2859 
104400 3509 2771 
104450 3512 2684 
104500 3523 2646 
104550 3522 3221 
104600 3528 3471 
104650 3553 3520 
104700 3539 3502 
104750 3531 3490 
104800 3539 3519 
104850 3533 3524 
104900 3533 3498 
104950 3545 3506 
105000 3523 3499 
105050 3518 3436 
105100 3543 3328 
105150 3528 3234 
105200 3537 3110 
105250 3507 2994 
105300 3509 2943 
105350 3533 2886 
105400 3533 2759 
105450 3522 2588 
105500 3530 2481 
105550 3506 3185 
105600 3532 3483 
105650 3530 3511 
105700 3533 3508 
105750 3545 3513 
105800 3532 3507 
105850 3522 3490 
105900 3543 3517 
105950 3522 3497 
106000 3521 3501 
106050 3508 3429 
106100 3514 3300 
106150 3527 3200 
106200 3509 3110 
106250 3527 2922 
106300 3532 2783 
106350 3537 2758 
106400 3517 2690 
106450 3523 2638 
106500 3512 2538 
106550 3516 3148 
106600 3515 3444 
106650 3519 3490 
106700 3522 3498 
106750 3523 3501 
106800 3536 3511 
106850 3526 3490 
106900 3534 3509 
106950 3542 3503 
107000 3524 3488 
107050 3544 3457 
107100 3528 3344 
107150 3532 3215 
107200 3524 3097 
107250 3525 3056 
107300 3530 2967 
107350 3514 2893 
107400 3529 2839 
107450 3524 2731 
107500 3521 2678 
107550 3532 3261 
107600 3524 3491 
107650 3495 3484 
107700 3504 3471 
107750 3527 3493 
107800 3526 3489 
107850 3528 3500 
107900 3525 3497 
107950 3530 3504 
108000 3544 3523 
108050 3530 3471 
108100 3527 3346 
108150 3527 3180 
108200 3509 3113 
108250 3525 3004 
108300 3526 3015 
108350 3523 2980 
108400 3537 2914 
108450 3538 2783 
108500 3517 2675 
108550 3527 3155 
108600 3529 3453 
108650 3524 3492 
108700 3539 3518 
108750 3534 3498 
108800 3541 3508 
108850 3517 3511 
108900 3527 3529 
108950 3503 3480 
109000 3532 3513 
109050 3513 3397 
109100 3543 3344 
109150 3527 3219 
109200 3527 3100 
109250 3523 2999 
109300 3540 2934 
109350 3522 2834 
109400 3522 2764 
109450 3530 2608 
109500 3537 2672 
109550 3538 3235 
109600 3529 3459 
109650 3512 3489 
109700 3519 3491 
109750 3547 3512 
109800 3534 3527 
109850 3517 3494 
109900 3532 3514 
109950 3535 3520 
110000 3517 3497 
110050 3545 3460 
110100 3502 3361 
110150 3536 3305 
110200 3525 3173 
110250 3527 3141 
110300 3535 3104 
110350 3514 3066 
110400 3527 2971 
110450 3531 2940 
110500 3521 2890 
110550 3519 3308 
110600 3534 3493 
110650 3526 3497 
110700 3507 3470 
110750 3497 3483 
110800 3525 3503 
110850 3534 3516 
110900 3527 3490 
110950 3533 3522 
111000 3543 3524 
111050 3519 3459 
111100 3522 3323 
111150 3535 3245 
111200 3536 3225 
111250 3508 3096 
111300 3542 3019 
111350 3531 2936 
111400 3529 2934 
111450 3527 2781 
111500 3524 2669 
111550 3523 3280 
111600 3529 3474 
111650 3531 3509 
111700 3528 3513 
111750 3525 3496 
111800 3527 3503 
111850 3542 3505 
111900 3519 3488 
111950 3501 3473 
112000 3537 3512 
112050 3537 3458 
112100 3539 3362 
112150 3526 3268 
112200 3528 3111 
112250 3523 3037 
112300 3532 2997 
112350 3516 2874 
112400 3536 2823 
112450 3544 2781 
112500 3531 2694 
112550 3518 3280 
112600 3529 3490 
112650 3528 3497 
112700 3522 3493 
112750 3534 3497 
112800 3515 3497 
112850 3541 3490 
112900 3530 3505 
112950 3525 3502 
113000 3541 3506 
113050 3542 3477 
113100 3531 3379 
113150 3541 3297 
113200 3546 3183 
113250 3535 3105 
113300 3535 2942 
113350 3541 2886 
113400 3512 2762 
113450 3505 2629 
113500 3532 2551 
113550 3530 3215 
113600 3536 3489 
113650 3524 3500 
113700 3532 3521 
113750 3535 3510 
113800 3546 3518 
113850 3544 3532 
113900 3545 3518 
113950 3527 3500 
114000 3525 3496 
114050 3534 3487 
114100 3530 3414 
114150 3545 3366 
114200 3514 3212 
114250 3533 3129 
114300 3545 3014 
114350 3531 2988 
114400 3529 2960 
114450 3528 2931 
114500 3531 2867 
114550 3515 3307 
114600 3539 3495 
114650 3534 3510 
114700 3524 3481 
114750 3540 3532 
114800 3512 3495 
114850 3530 3502 
114900 3527 3501 
114950 3527 3502 
115000 3528 3505 
115050 3525 3435 
115100 3538 3342 
115150 3536 3303 
115200 3521 3203 
115250 3530 3058 
115300 3538 2996 
115350 3532 2953 
115400 3539 2809 
115450 3522 2665 
115500 3524 2567 
115550 3521 3159 
115600 3524 3447 
115650 3514 3505 
115700 3524 3501 
115750 3529 3509 
115800 3525 3497 
115850 3523 3483 
115900 3523 3506 
115950 3525 3507 
116000 3514 3499 
116050 3531 3419 
116100 3519 3338 
116150 3512 3243 
116200 3500 3122 
116250 3521 3055 
116300 3529 3071 
116350 3540 2962 
116400 3528 2834 
116450 3531 2715 
116500 3531 2647 
116550 3531 3213 
116600 3509 3440 
116650 3522 3527 
116700 3539 3503 
116750 3531 3486 
116800 3525 3515 
116850 3516 3509 
116900 3527 3487 
116950 3521 3501 
117000 3545 3526 
117050 3542 3471 
117100 3524 3333 
117150 3503 3241 
117200 3541 3172 
117250 3521 3067 
117300 3532 2989 
117350 3526 2920 
117400 3508 2862 
117450 3539 2782 
117500 3531 2717 
117550 3526 3299 
117600 3538 3495 
117650 3525 3505 
117700 3530 3507 
117750 3529 3490 
117800 3542 3513 
117850 3529 3503 
117900 3536 3508 
117950 3532 3509 
118000 3544 3505 
118050 3530 3449 
118100 3541 3320 
118150 3529 3252 
118200 3531 3201 
118250 3531 3087 
118300 3550 3037 
118350 3530 2932 
118400 3528 2933 
118450 3528 2911 
118500 3542 2911 
118550 3532 3333 
118600 3510 3455 
118650 3527 3498 
118700 3527 3493 
118750 3538 3511 
118800 3538 3504 
118850 3524 3501 
118900 3540 3517 
118950 3543 3512 
119000 3521 3499 
119050 3533 3450 
119100 3527 3334 
119150 3535 3249 
119200 3525 3157 
119250 3510 3109 
119300 3531 2971 
119350 3531 2941 
119400 3521 2853 
119450 3545 2785 
119500 3539 2760 
119550 3545 3270 
119600 3526 3464 
119650 3533 3507 
119700 3538 3510 
119750 3518 3500 
119800 3535 3529 
119850 3522 3504 
119900 3536 3514 
119950 3538 3509 
120000 3512 3480 
120050 3523 3439 
120100 3537 3331 
120150 3532 3261 
120200 3527 3175 
120250 3530 3093 
120300 3527 3037 
120350 3542 2956 
120400 3536 2916 
120450 3521 2736 
120500 3534 2641 
120550 3527 3268 
120600 3523 3467 
120650 3528 3488 
120700 3542 3501 
120750 3530 3486 
120800 3532 3511 
120850 3533 3499 
120900 3532 3501 
120950 3549 3524 
121000 3545 3514 
121050 3533 3415 
121100 3536 3301 
121150 3542 3177 
121200 3538 3033 
121250 3515 2857 
121300 3519 2751 
121350 3540 2664 
121400 3516 2606 
121450 3541 2502 
121500 3517 2464 
121550 3531 3141 
121600 3525 3439 
121650 3527 3486 
121700 3531 3496 
121750 3538 3523 
121800 3540 3501 
121850 3523 3500 
121900 3524 3500 
121950 3520 3481 
122000 3513 3490 
122050 3530 3446 
122100 3546 3386 
122150 3530 3313 
122200 3529 3241 
122250 3541 3129 
122300 3529 3019 
122350 3520 2941 
122400 3537 2806 
122450 3538 2633 
122500 3533 2468 
122550 3539 3200 
122600 3539 3448 
122650 3535 3494 
122700 3525 3496 
122750 3523 3489 
122800 3520 3478 
122850 3524 3479 
122900 3527 3499 
122950 3546 3505 
123000 3524 3510 
123050 3531 3451 
123100 3517 3329 
123150 3508 3170 
123200 3531 3076 
123250 3530 3025 
123300 3527 2981 
123350 3545 2871 
123400 3518 2804 
123450 3537 2729 
123500 3537 2650 
123550 3525 3268 
123600 3536 3460 
123650 3526 3503 
123700 3523 3484 
123750 3535 3500 
123800 3534 3516 
123850 3541 3517 
123900 3545 3514 
123950 3512 3498 
124000 3525 3503 
124050 3515 3457 
124100 3540 3377 
124150 3524 3284 
124200 3527 3184 
124250 3516 3114 
124300 3512 3005 
124350 3524 2917 
124400 3525 2862 
124450 3529 2727 
124500 3526 2646 
124550 3525 3211 
124600 3536 3444 
124650 3524 3502 
124700 3521 3501 
124750 3538 3510 
124800 3547 3524 
124850 3549 3517 
124900 3544 3512 
124950 3505 3492 
125000 3537 3510 
125050 3540 3450 
125100 3534 3340 
125150 3527 3235 
125200 3533 3118 
125250 3514 3003 
125300 3513 2998 
125350 3529 2871 
125400 3535 2770 
125450 3521 2629 
125500 3518 2519 
125550 3528 3211 
125600 3537 3444 
125650 3530 3504 
125700 3517 3484 
125750 3534 3516 
125800 3536 3504 
125850 3526 3493 
125900 3525 3493 
125950 3535 3515 
126000 3547 3512 
126050 3527 3452 
126100 3544 3389 
126150 3533 3241 
126200 3538 3149 
126250 3525 3051 
126300 3537 2970 
126350 3528 2839 
126400 3540 2716 
126450 3545 2671 
126500 3531 2591 
126550 3513 3243 
126600 3533 3481 
126650 3532 3501 
126700 3523 3500 
126750 3514 3485 
126800 3521 3494 
126850 3537 3527 
126900 3529 3496 
126950 3525 3481 
127000 3518 3491 
127050 3501 3423 
127100 3523 3318 
127150 3524 3140 
127200 3508 3032 
127250 3520 2953 
127300 3530 2900 
127350 3520 2832 
127400 3519 2774 
127450 3533 2722 
127500 3526 2606 
127550 3525 3246 
127600 3503 3426 
127650 3522 3486 
127700 3530 3502 
127750 3545 3522 
127800 3514 3498 
127850 3530 3489 
127900 3550 3528 
127950 3526 3486 
128000 3534 3497 
128050 3508 3415 
128100 3512 3299 
128150 3520 3201 
128200 3534 3091 
128250 3507 3054 
128300 3529 3064 
128350 3543 2968 
128400 3531 2838 
128450 3539 2768 
128500 3519 2608 
128550 3538 3242 
128600 3528 3460 
128650 3525 3507 
128700 3528 3499 
128750 3540 3499 
128800 3523 3498 
128850 3521 3489 
128900 3516 3494 
128950 3531 3494 
129000 3519 3494 
129050 3527 3452 
129100 3515 3365 
129150 3539 3270 
129200 3527 3186 
129250 3517 3115 
129300 3523 3022 
129350 3532 2922 
129400 3515 2854 
129450 3519 2823 
129500 3542 2660 
129550 3530 3189 
129600 3544 3452 
129650 3541 3495 
129700 3547 3509 
129750 3533 3502 
129800 3526 3486 
129850 3537 3508 
129900 3534 3514 
129950 3529 3497 
130000 3540 3508 
130050 3508 3433 
130100 3532 3380 
130150 3531 3273 
130200 3535 3186 
130250 3533 3106 
130300 3526 3016 
130350 3540 2980 
130400 3524 2939 
130450 3530 2836 
130500 3531 2756 
130550 3528 3272 
130600 3543 3481 
130650 3515 3486 
130700 3542 3505 
130750 3536 3515 
130800 3537 3482 
130850 3539 3504 
130900 3531 3512 
130950 3508 3469 
131000 3530 3497 
131050 3521 3427 
131100 3519 3349 
131150 3517 3260 
131200 3511 3095 
131250 3545 3019 
131300 3533 2948 
131350 3529 2784 
131400 3520 2676 
131450 3529 2605 
131500 3544 2523 
131550 3520 3208 
131600 3527 3475 
131650 3527 3496 
131700 3538 3481 
131750 3526 3495 
131800 3528 3485 
131850 3516 3493 
131900 3535 3499 
131950 3523 3501 
132000 3537 3491 
132050 3521 3404 
132100 3528 3274 
132150 3546 3207 
132200 3517 3114 
132250 3527 3028 
132300 3525 2955 
132350 3525 2883 
132400 3524 2819 
132450 3524 2704 
132500 3536 2577 
132550 3537 3197 
132600 3537 3443 
132650 3539 3507 
132700 3542 3488 
132750 3515 3488 
132800 3524 3498 
132850 3530 3499 
132900 3545 3509 
132950 3518 3477 
133000 3534 3501 
133050 3519 3464 
133100 3530 3319 
133150 3529 3205 
133200 3535 3041 
133250 3533 2991 
133300 3542 2925 
133350 3524 2829 
133400 3522 2637 
133450 3536 2526 
133500 3525 2462 
133550 3536 3178 
133600 3540 3432 
133650 3515 3476 
133700 3514 3487 
133750 3512 3503 
133800 3521 3488 
133850 3525 3504 
133900 3523 3507 
133950 3538 3505 
134000 3533 3502 
134050 3550 3461 
134100 3534 3352 
134150 3529 3243 
134200 3545 3129 
134250 3530 3055 
134300 3534 2976 
134350 3534 2919 
134400 3538 2794 
134450 3543 2670 
134500 3536 2589 
134550 3534 3228 
134600 3523 3468 
134650 3547 3508 
134700 3521 3485 
134750 3541 3502 
134800 3534 3504 
134850 3546 3526 
134900 3518 3501 
134950 3515 3487 
135000 3534 3498 
135050 3537 3432 
135100 3532 3330 
135150 3532 3218 
135200 3519 3191 
135250 3524 3128 
135300 3516 2999 
135350 3518 2923 
135400 3513 2834 
135450 3525 2818 
135500 3522 2747 
135550 3517 3249 
135600 3534 3461 
135650 3530 3484 
135700 3530 3498 
135750 3528 3503 
135800 3524 3496 
135850 3521 3487 
135900 3547 3507 
135950 3525 3487 
136000 3519 3485 
136050 3529 3449 
136100 3517 3381 
136150 3502 3270 
136200 3529 3176 
136250 3534 3067 
136300 3535 2987 
136350 3536 2920 
136400 3532 2831 
136450 3529 2701 
136500 3519 2589 
136550 3525 3219 
136600 3537 3454 
136650 3536 3501 
136700 3538 3516 
136750 3536 3500 
136800 3534 3508 
136850 3516 3490 
136900 3538 3503 
136950 3546 3505 
137000 3527 3493 
137050 3527 3425 
137100 3543 3353 
137150 3513 3190 
137200 3514 3112 
137250 3546 2964 
137300 3499 2871 
137350 3524 2789 
137400 3531 2682 
137450 3542 2579 
137500 3528 2451 
137550 3524 3153 
137600 3526 3439 
137650 3529 3480 
137700 3526 3482 
137750 3525 3492 
137800 3529 3494 
137850 3539 3505 
137900 3532 3493 
137950 3520 3478 
138000 3521 3502 
138050 3539 3487 
138100 3535 3396 
138150 3538 3303 
138200 3539 3192 
138250 3524 3013 
138300 3534 2900 
138350 3516 2764 
138400 3520 2636 
138450 3530 2503 
138500 3512 2316 
138550 3528 3153 
138600 3514 3440 
138650 3525 3499 
138700 3535 3516 
138750 3526 3507 
138800 3514 3489 
138850 3549 3514 
138900 3532 3510 
138950 3518 3499 
139000 3535 3499 
139050 3541 3455 
139100 3529 3356 
139150 3523 3286 
139200 3545 3250 
139250 3512 3140 
139300 3531 3107 
139350 3503 3039 
139400 3534 2870 
139450 3524 2742 
139500 3542 2554 
139550 3511 3240 
139600 3529 3467 
139650 3536 3515 
139700 3524 3491 
139750 3545 3498 
139800 3547 3520 
139850 3536 3514 
139900 3526 3498 
139950 3529 3492 
140000 3537 3510 
140050 3508 3411 
140100 3523 3287 
140150 3533 3191 
140200 3539 3085 
140250 3523 2961 
140300 3522 2920 
140350 3512 2798 
140400 3539 2694 
140450 3538 2582 
140500 3519 2518 
140550 3520 3179 
140600 3525 3464 
140650 3499 3482 
140700 3521 3500 
140750 3526 3489 
140800 3528 3506 
140850 3522 3496 
140900 3515 3467 
140950 3541 3497 
141000 3525 3496 
141050 3533 3423 
141100 3519 3276 
141150 3526 3173 
141200 3515 3106 
141250 3517 3007 
141300 3534 2875 
141350 3534 2708 
141400 3529 2677 
141450 3540 2665 
141500 3516 2603 
141550 3514 3239 
141600 3540 3477 
141650 3530 3502 
141700 3530 3487 
141750 3537 3506 
141800 3521 3487 
141850 3522 3504 
141900 3522 3493 
141950 3533 3507 
142000 3517 3509 
142050 3509 3411 
142100 3530 3316 
142150 3531 3179 
142200 3526 3101 
142250 3538 2991 
142300 3551 2924 
142350 3506 2789 
142400 3529 2680 
142450 3511 2694 
142500 3549 2593 
142550 3510 3176 
142600 3543 3444 
142650 3531 3507 
142700 3527 3508 
142750 3509 3479 
142800 3537 3499 
142850 3511 3485 
142900 3539 3500 
142950 3544 3510 
143000 3510 3509 
143050 3529 3430 
143100 3541 3356 
143150 3521 3178 
143200 3522 3093 
143250 3496 2973 
143300 3518 2874 
143350 3528 2707 
143400 3520 2565 
143450 3519 2500 
143500 3528 2489 
143550 3515 3239 
143600 3514 3434 
143650 3523 3498 
143700 3535 3511 
143750 3530 3524 
143800 3514 3490 
143850 3528 3472 
143900 3519 3491 
143950 3523 3485 
144000 3541 3511 
144050 3532 3443 
144100 3546 3331 
144150 3520 3301 
144200 3526 3235 
144250 3519 3140 
144300 3516 3047 
144350 3535 2992 
144400 3515 2856 
144450 3514 2794 
144500 3512 2601 
144550 3533 3215 
144600 3527 3475 
144650 3524 3497 
144700 3532 3516 
144750 3530 3503 
144800 3527 3484 
144850 3531 3498 
144900 3553 3515 
144950 3534 3513 
145000 3534 3502 
145050 3516 3406 
145100 3522 3292 
145150 3530 3204 
145200 3507 3100 
145250 3528 3029 
145300 3537 3007 
145350 3537 2943 
145400 3536 2867 
145450 3518 2705 
145500 3516 2578 
145550 3514 3287 
145600 3503 3457 
145650 3516 3507 
145700 3535 3505 
145750 3527 3501 
145800 3534 3500 
145850 3539 3492 
145900 3524 3492 
145950 3539 3501 
146000 3549 3536 
146050 3523 3449 
146100 3524 3358 
146150 3518 3242 
146200 3521 3134 
146250 3528 3117 
146300 3516 3045 
146350 3540 2993 
146400 3533 2904 
146450 3542 2841 
146500 3534 2813 
146550 3523 3317 
146600 3511 3495 
146650 3519 3497 
146700 3520 3498 
146750 3524 3504 
146800 3517 3496 
146850 3509 3502 
146900 3524 3500 
146950 3529 3498 
147000 3534 3506 
147050 3541 3464 
147100 3528 3386 
147150 3511 3280 
147200 3506 3145 
147250 3541 3111 
147300 3512 3040 
147350 3528 2902 
147400 3520 2768 
147450 3520 2689 
147500 3526 2655 
147550 3539 3287 
147600 3538 3467 
147650 3523 3496 
147700 3512 3501 
147750 3518 3503 
147800 3538 3503 
147850 3537 3522 
147900 3515 3502 
147950 3521 3497 
148000 3508 3489 
148050 3494 3439 
148100 3531 3369 
148150 3515 3281 
148200 3536 3196 
148250 3529 3040 
148300 3509 3016 
148350 3530 2940 
148400 3501 2872 
148450 3501 2776 
148500 3522 2651 
148550 3505 3186 
148600 3521 3459 
148650 3536 3507 
148700 3529 3517 
148750 3525 3505 
148800 3518 3484 
148850 3520 3488 
148900 3521 3512 
148950 3529 3505 
149000 3522 3509 
149050 3525 3454 
149100 3523 3361 
149150 3531 3316 
149200 3519 3186 
149250 3536 3107 
149300 3531 3003 
149350 3521 2950 
149400 3535 2854 
149450 3549 2768 
149500 3540 2632 
149550 3526 3239 
149600 3519 3448 
149650 3503 3477 
149700 3524 3513 
149750 3523 3504 
149800 3526 3505 
149850 3536 3507 
149900 3533 3514 
149950 3537 3505 
150000 3523 3506 
150050 3522 3454 
150100 3533 3382 
150150 3542 3282 
150200 3520 3162 
150250 3533 3024 
150300 3531 2935 
150350 3530 2866 
150400 3504 2834 
150450 3533 2727 
150500 3537 2637 
150550 3534 3183 
150600 3527 3454 
150650 3523 3502 
150700 3512 3498 
150750 3542 3514 
150800 3518 3507 
150850 3545 3528 
150900 3542 3522 
150950 3531 3517 
151000 3526 3489 
151050 3531 3466 
151100 3509 3376 
151150 3547 3321 
151200 3539 3234 
151250 3531 3189 
151300 3526 3112 
151350 3512 3067 
151400 3523 2971 
151450 3524 2880 
151500 3536 2803 
151550 3522 3270 
151600 3527 3487 
151650 3528 3496 
151700 3524 3494 
151750 3535 3497 
151800 3548 3522 
151850 3529 3508 
151900 3529 3509 
151950 3527 3504 
152000 3529 3507 
152050 3515 3475 
152100 3525 3365 
152150 3522 3228 
152200 3532 3131 
152250 3539 3087 
152300 3539 3052 
152350 3518 3008 
152400 3527 2955 
152450 3518 2866 
152500 3538 2818 
152550 3536 3309 
152600 3527 3479 
152650 3536 3490 
152700 3536 3511 
152750 3509 3499 
152800 3514 3496 
152850 3521 3491 
152900 3543 3516 
152950 3527 3514 
153000 3526 3487 
153050 3515 3464 
153100 3524 3363 
153150 3533 3303 
153200 3530 3208 
153250 3516 3175 
153300 3527 3111 
153350 3530 3081 
153400 3518 3017 
153450 3534 2937 
153500 3530 2888 
153550 3522 3321 
153600 3528 3476 
153650 3522 3502 
153700 3518 3488 
153750 3527 3502 
153800 3526 3523 
153850 3530 3507 
153900 3530 3508 
153950 3541 3517 
154000 3524 3489 
154050 3507 3455 
154100 3509 3352 
154150 3512 3266 
154200 3537 3188 
154250 3534 3148 
154300 3530 3138 
154350 3545 3040 
154400 3534 2989 
154450 3533 2955 
154500 3530 2837 
154550 3533 3309 
154600 3529 3472 
154650 3531 3511 
154700 3538 3516 
154750 3526 3515 
154800 3542 3507 
154850 3538 3510 
154900 3528 3512 
154950 3533 3520 
155000 3530 3499 
155050 3513 3452 
155100 3517 3400 
155150 3543 3249 
155200 3539 3150 
155250 3534 3056 
155300 3544 2975 
155350 3503 2903 
155400 3537 2825 
155450 3546 2772 
155500 3550 2688 
155550 3539 3256 
155600 3533 3470 
155650 3516 3480 
155700 3531 3509 
155750 3525 3514 
155800 3533 3498 
155850 3523 3508 
155900 3539 3503 
155950 3542 3519 
156000 3525 3498 
156050 3527 3447 
156100 3534 3380 
156150 3529 3193 
156200 3520 3113 
156250 3531 3001 
156300 3532 2860 
156350 3538 2830 
156400 3527 2705 
156450 3542 2589 
156500 3528 2462 
156550 3514 3126 
156600 3525 3453 
156650 3531 3498 
156700 3548 3530 
156750 3529 3503 
156800 3541 3512 
156850 3520 3504 
156900 3532 3506 
156950 3541 3502 
157000 3535 3495 
157050 3539 3452 
157100 3519 3329 
157150 3525 3215 
157200 3523 3129 
157250 3522 3029 
157300 3547 2960 
157350 3516 2852 
157400 3540 2752 
157450 3530 2680 
157500 3530 2602 
157550 3531 3207 
157600 3540 3466 
157650 3538 3508 
157700 3531 3513 
157750 3530 3526 
157800 3551 3521 
157850 3535 3499 
157900 3537 3497 
157950 3517 3497 
158000 3539 3498 
158050 3529 3490 
158100 3534 3408 
158150 3520 3305 
158200 3532 3261 
158250 3520 3169 
158300 3539 3123 
158350 3533 3071 
158400 3527 2977 
158450 3518 2957 
158500 3532 2849 
158550 3522 3302 
158600 3532 3478 
158650 3535 3506 
158700 3523 3503 
158750 3543 3517 
158800 3537 3501 
158850 3541 3516 
158900 3506 3487 
158950 3540 3537 
159000 3524 3503 
159050 3528 3459 
159100 3533 3352 
159150 3537 3246 
159200 3532 3170 
159250 3532 3176 
159300 3542 3114 
159350 3526 3032 
159400 3529 2974 
159450 3522 2885 
159500 3517 2798 
159550 3529 3282 
159600 3528 3460 
159650 3527 3486 
159700 3529 3524 
159750 3534 3526 
159800 3530 3513 
159850 3526 3503 
159900 3532 3518 
159950 3521 3505 
160000 3516 3489 
160050 3527 3414 
160100 3530 3338 
160150 3531 3234 
160200 3529 3124 
160250 3542 3074 
160300 3531 3000 
160350 3532 2925 
160400 3510 2867 
160450 3534 2779 
160500 3546 2665 
160550 3531 3243 
160600 3528 3463 
160650 3529 3506 
160700 3512 3492 
160750 3515 3503 
160800 3522 3502 
160850 3540 3516 
160900 3532 3509 
160950 3531 3509 
161000 3524 3506 
161050 3531 3479 
161100 3538 3436 
161150 3532 3336 
161200 3509 3238 
161250 3533 3171 
161300 3517 3039 
161350 3546 2991 
161400 3521 2895 
161450 3521 2758 
161500 3527 2746 
161550 3543 3320 
161600 3540 3494 
161650 3523 3483 
161700 3525 3494 
161750 3539 3505 
161800 3543 3512 
161850 3540 3518 
161900 3515 3506 
161950 3540 3518 
162000 3521 3514 
162050 3541 3421 
162100 3527 3312 
162150 3530 3190 
162200 3537 3151 
162250 3531 3062 
162300 3512 2936 
162350 3551 2893 
162400 3535 2809 
162450 3517 2820 
162500 3528 2828 
162550 3508 3274 
162600 3521 3475 
162650 3530 3492 
162700 3520 3493 
162750 3533 3525 
162800 3534 3517 
162850 3542 3514 
162900 3536 3512 
162950 3522 3508 
163000 3504 3495 
163050 3520 3448 
163100 3540 3353 
163150 3524 3231 
163200 3528 3117 
163250 3534 3081 
163300 3518 2954 
163350 3523 2881 
163400 3541 2837 
163450 3539 2737 
163500 3529 2652 
163550 3543 3277 
163600 3542 3510 
163650 3531 3512 
163700 3515 3522 
163750 3538 3513 
163800 3525 3497 
163850 3536 3509 
163900 3535 3524 
163950 3512 3510 
164000 3534 3518 
164050 3517 3426 
164100 3521 3324 
164150 3552 3189 
164200 3514 3121 
164250 3528 3058 
164300 3539 2997 
164350 3532 2911 
164400 3527 2825 
164450 3528 2730 
164500 3539 2699 
164550 3529 3263 
164600 3537 3485 
164650 3526 3507 
164700 3535 3509 
164750 3518 3510 
164800 3532 3509 
164850 3524 3514 
164900 3514 3508 
164950 3519 3511 
165000 3525 3531 
165050 3524 3445 
165100 3532 3347 
165150 3536 3231 
165200 3540 3174 
165250 3537 3048 
165300 3555 2983 
165350 3535 2931 
165400 3530 2832 
165450 3545 2779 
165500 3521 2697 
165550 3538 3248 
165600 3514 3447 
165650 3527 3504 
165700 3527 3507 
165750 3528 3510 
165800 3526 3497 
165850 3539 3517 
165900 3531 3516 
165950 3522 3500 
166000 3527 3506 
166050 3516 3442 
166100 3529 3360 
166150 3524 3310 
166200 3520 3248 
166250 3527 3213 
166300 3531 3124 
166350 3514 3010 
166400 3553 2992 
166450 3524 2887 
166500 3531 2892 
166550 3532 3360 
166600 3531 3503 
166650 3527 3520 
166700 3522 3489 
166750 3528 3516 
166800 3511 3503 
166850 3538 3526 
166900 3523 3503 
166950 3536 3511 
167000 3534 3518 
167050 3523 3483 
167100 3548 3421 
167150 3530 3316 
167200 3534 3214 
167250 3547 3161 
167300 3526 3078 
167350 3529 3045 
167400 3528 2952 
167450 3545 2920 
167500 3530 2864 
167550 3529 3287 
167600 3526 3463 
167650 3507 3491 
167700 3532 3516 
167750 3516 3502 
167800 3532 3512 
167850 3523 3501 
167900 3525 3514 
167950 3532 3516 
168000 3524 3512 
168050 3544 3473 
168100 3518 3362 
168150 3533 3281 
168200 3545 3247 
168250 3524 3165 
168300 3538 3122 
168350 3536 3101 
168400 3519 3108 
168450 3520 3063 
168500 3548 3015 
168550 3524 3293 
168600 3529 3477 
168650 3532 3518 
168700 3524 3527 
168750 3520 3510 
168800 3536 3515 
168850 3540 3531 
168900 3536 3525 
168950 3528 3515 
169000 3533 3520 
169050 3518 3477 
169100 3532 3424 
169150 3528 3367 
169200 3538 3339 
169250 3535 3222 
169300 3533 3140 
169350 3544 3036 
169400 3528 2957 
169450 3537 2900 
169500 3511 2814 
169550 3529 3297 
169600 3527 3473 
169650 3541 3534 
169700 3552 3539 
169750 3527 3519 
169800 3536 3518 
169850 3544 3522 
169900 3520 3507 
169950 3534 3507 
170000 3521 3511 
170050 3520 3505 
170100 3515 3412 
170150 3516 3370 
170200 3529 3290 
170250 3546 3241 
170300 3525 3133 
170350 3537 3074 
170400 3516 2918 
170450 3531 2912 
170500 3550 2816 
170550 3532 3283 
170600 3520 3472 
170650 3525 3496 
170700 3517 3509 
170750 3549 3540 
170800 3528 3510 
170850 3552 3535 
170900 3532 3519 
170950 3542 3526 
171000 3530 3525 
171050 3527 3483 
171100 3538 3456 
171150 3533 3366 
171200 3549 3311 
171250 3526 3192 
171300 3527 3137 
171350 3542 3117 
171400 3510 3039 
171450 3520 3054 
171500 3525 2965 
171550 3518 3370 
171600 3523 3496 
171650 3528 3523 
171700 3526 3508 
171750 3526 3513 
171800 3525 3513 
171850 3534 3523 
171900 3523 3508 
171950 3519 3517 
172000 3535 3530 
172050 3538 3493 
172100 3524 3431 
172150 3539 3359 
172200 3536 3330 
172250 3549 3277 
172300 3526 3194 
172350 3543 3180 
172400 3528 3046 
172450 3525 3006 
172500 3529 2971 
172550 3532 3334 
172600 3525 3489 
172650 3542 3528 
172700 3545 3530 
172750 3543 3530 
172800 3541 3527 
172850 3537 3517 
172900 3541 3514 
172950 3521 3519 
173000 3534 3517 
173050 3533 3494 
173100 3541 3466 
173150 3537 3443 
173200 3515 3338 
173250 3529 3299 
173300 3526 3240 
173350 3539 3199 
173400 3519 3141 
173450 3537 3073 
173500 3543 2973 
173550 3549 3369 
173600 3536 3506 
173650 3544 3515 
173700 3550 3533 
173750 3520 3507 
173800 3542 3523 
173850 3548 3529 
173900 3524 3511 
173950 3530 3523 
174000 3537 3523 
174050 3541 3470 
174100 3525 3383 
174150 3525 3333 
174200 3512 3305 
174250 3518 3255 
174300 3533 3188 
174350 3519 3097 
174400 3527 3134 
174450 3526 3079 
174500 3545 3072 
174550 3514 3364 
174600 3510 3470 
174650 3542 3515 
174700 3534 3524 
174750 3544 3542 
174800 3532 3536 
174850 3539 3538 
174900 3525 3496 
174950 3541 3522 
175000 3543 3537 
175050 3537 3503 
175100 3528 3456 
175150 3547 3424 
175200 3543 3349 
175250 3527 3293 
175300 3519 3229 
175350 3549 3217 
175400 3533 3174 
175450 3537 3117 
175500 3528 2979 
175550 3534 3347 
175600 3540 3522 
175650 3550 3546 
175700 3545 3534 
175750 3540 3530 
175800 3533 3520 
175850 3539 3529 
175900 3538 3532 
175950 3522 3504 
176000 3542 3533 
176050 3545 3490 
176100 3542 3447 
176150 3534 3414 
176200 3529 3379 
176250 3526 3304 
176300 3539 3235 
176350 3540 3160 
176400 3526 3155 
176450 3534 3165 
176500 3540 3136 
176550 3522 3382 
176600 3526 3525 
176650 3531 3533 
176700 3528 3525 
176750 3520 3520 
176800 3522 3522 
176850 3534 3527 
176900 3532 3531 
176950 3548 3529 
177000 3536 3532 
177050 3533 3507 
177100 3542 3404 
177150 3541 3368 
177200 3544 3322 
177250 3525 3249 
177300 3520 3197 
177350 3529 3164 
177400 3529 3136 
177450 3549 3103 
177500 3515 3018 
177550 3523 3385 
177600 3520 3493 
177650 3507 3499 
177700 3537 3531 
177750 3537 3533 
177800 3513 3516 
177850 3537 3537 
177900 3525 3518 
177950 3553 3538 
178000 3534 3531 
178050 3529 3491 
178100 3516 3407 
178150 3539 3342 
178200 3510 3281 
178250 3513 3219 
178300 3521 3119 
178350 3522 3128 
178400 3541 2995 
178450 3531 2933 
178500 3539 2943 
178550 3525 3342 
178600 3544 3497 
178650 3535 3532 
178700 3521 3526 
178750 3541 3535 
178800 3538 3540 
178850 3546 3543 
178900 3537 3523 
178950 3529 3528 
179000 3530 3538 
179050 3517 3488 
179100 3536 3458 
179150 3549 3407 
179200 3537 3347 
179250 3524 3295 
179300 3530 3218 
179350 3541 3189 
179400 3544 3134 
179450 3550 3144 
179500 3536 3093 
179550 3530 3410 
179600 3534 3518 
179650 3527 3520 
179700 3543 3533 
179750 3539 3526 
179800 3545 3545 
179850 3544 3536 
179900 3531 3538 
179950 3530 3523 
180000 3537 3525 
180050 3529 3493 
180100 3519 3421 
180150 3524 3372 
180200 3517 3294 
180250 3521 3216 
180300 3546 3141 
180350 3528 3116 
180400 3524 3040 
180450 3536 3019 
180500 3546 2975 
180550 3528 3372 
180600 3520 3498 
180650 3537 3539 
180700 3520 3522 
180750 3543 3530 
180800 3521 3525 
180850 3538 3521 
180900 3539 3531 
180950 3552 3536 
181000 3533 3530 
181050 3527 3494 
181100 3526 3419 
181150 3553 3378 
181200 3529 3322 
181250 3527 3285 
181300 3531 3199 
181350 3525 3109 
181400 3550 3113 
181450 3531 3081 
181500 3555 3058 
181550 3539 3396 
181600 3526 3510 
181650 3537 3523 
181700 3543 3532 
181750 3537 3538 
181800 3538 3517 
181850 3530 3519 
181900 3538 3538 
181950 3528 3519 
182000 3549 3543 
182050 3532 3487 
182100 3521 3434 
182150 3537 3405 
182200 3549 3378 
182250 3522 3284 
182300 3550 3263 
182350 3543 3174 
182400 3530 3144 
182450 3527 3107 
182500 3533 3109 
182550 3526 3395 
182600 3534 3519 
182650 3549 3536 
182700 3523 3521 
182750 3534 3532 
182800 3535 3530 
182850 3517 3510 
182900 3523 3519 
182950 3535 3512 
183000 3537 3529 
183050 3548 3517 
183100 3544 3479 
183150 3547 3434 
183200 3533 3341 
183250 3555 3349 
183300 3515 3250 
183350 3528 3227 
183400 3522 3147 
183450 3519 3046 
183500 3538 3026 
183550 3524 3366 
183600 3540 3512 
183650 3543 3545 
183700 3535 3528 
183750 3531 3529 
183800 3533 3535 
183850 3535 3511 
183900 3541 3530 
183950 3523 3520 
184000 3542 3532 
184050 3542 3472 
184100 3530 3444 
184150 3530 3372 
184200 3532 3309 
184250 3551 3307 
184300 3531 3183 
184350 3537 3097 
184400 3546 3035 
184450 3540 3004 
184500 3539 2899 
184550 3531 3331 
184600 3525 3498 
184650 3546 3539 
184700 3528 3528 
184750 3505 3520 
184800 3528 3517 
184850 3522 3514 
184900 3512 3504 
184950 3529 3518 
185000 3527 3508 
185050 3554 3518 
185100 3529 3398 
185150 3552 3364 
185200 3532 3279 
185250 3544 3273 
185300 3534 3245 
185350 3519 3237 
185400 3519 3185 
185450 3543 3084 
185500 3541 2990 
185550 3538 3394 
185600 3530 3519 
185650 3535 3535 
185700 3531 3533 
185750 3549 3533 
185800 3544 3538 
185850 3529 3520 
185900 3537 3529 
185950 3539 3544 
186000 3537 3533 
186050 3515 3486 
186100 3538 3447 
186150 3523 3417 
186200 3544 3371 
186250 3538 3305 
186300 3539 3220 
186350 3535 3163 
186400 3509 3079 
186450 3523 3060 
186500 3524 2985 
186550 3522 3393 
186600 3521 3504 
186650 3517 3508 
186700 3529 3526 
186750 3538 3530 
186800 3536 3527 
186850 3526 3514 
186900 3529 3526 
186950 3525 3524 
187000 3532 3530 
187050 3524 3499 
187100 3518 3444 
187150 3535 3373 
187200 3539 3327 
187250 3537 3277 
187300 3525 3229 
187350 3527 3191 
187400 3522 3123 
187450 3541 3035 
187500 3521 3038 
187550 3524 3360 
187600 3518 3486 
187650 3521 3516 
187700 3525 3525 
187750 3527 3527 
187800 3502 3497 
187850 3529 3525 
187900 3499 3516 
187950 3530 3512 
188000 3536 3528 
188050 3519 3495 
188100 3527 3450 
188150 3525 3397 
188200 3526 3341 
188250 3527 3342 
188300 3523 3305 
188350 3529 3312 
188400 3517 3282 
188450 3535 3230 
188500 3516 3175 
188550 3535 3440 
188600 3523 3515 
188650 3532 3533 
188700 3529 3519 
188750 3548 3539 
188800 3538 3533 
188850 3529 3514 
188900 3532 3535 
188950 3532 3521 
189000 3548 3529 
189050 3535 3473 
189100 3522 3407 
189150 3516 3363 
189200 3541 3335 
189250 3517 3294 
189300 3502 3183 
189350 3533 3158 
189400 3528 3130 
189450 3535 3040 
189500 3512 2974 
189550 3538 3376 
189600 3532 3509 
189650 3532 3520 
189700 3557 3553 
189750 3527 3509 
189800 3545 3551 
189850 3549 3533 
189900 3539 3531 
189950 3527 3519 
190000 3536 3528 
190050 3533 3484 
190100 3510 3414 
190150 3518 3388 
190200 3532 3335 
190250 3543 3295 
190300 3555 3176 
190350 3530 3161 
190400 3517 3157 
190450 3525 3131 
190500 3524 3074 
190550 3530 3359 
190600 3517 3495 
190650 3542 3513 
190700 3543 3525 
190750 3531 3527 
190800 3536 3516 
190850 3544 3533 
190900 3524 3518 
190950 3535 3527 
191000 3531 3531 
191050 3516 3487 
191100 3541 3470 
191150 3533 3356 
191200 3521 3301 
191250 3531 3239 
191300 3548 3258 
191350 3529 3124 
191400 3519 3011 
191450 3529 2978 
191500 3525 2986 
191550 3527 3384 
191600 3533 3501 
191650 3522 3517 
191700 3528 3519 
191750 3539 3541 
191800 3548 3536 
191850 3552 3539 
191900 3531 3529 
191950 3532 3511 
192000 3521 3509 
192050 3535 3526 
192100 3540 3494 
192150 3529 3407 
192200 3531 3370 
192250 3523 3327 
192300 3553 3328 
192350 3541 3241 
192400 3536 3194 
192450 3537 3162 
192500 3535 3083 
192550 3536 3419 
192600 3532 3520 
192650 3527 3520 
192700 3536 3526 
192750 3550 3532 
192800 3534 3525 
192850 3519 3523 
192900 3537 3537 
192950 3545 3539 
193000 3533 3511 
193050 3532 3492 
193100 3544 3436 
193150 3548 3388 
193200 3545 3303 
193250 3514 3288 
193300 3540 3286 
193350 3520 3228 
193400 3536 3176 
193450 3519 3152 
193500 3535 3124 
193550 3546 3425 
193600 3531 3521 
193650 3531 3528 
193700 3536 3525 
193750 3529 3521 
193800 3522 3516 
193850 3528 3520 
193900 3522 3510 
193950 3531 3548 
194000 3523 3530 
194050 3530 3494 
194100 3545 3428 
194150 3515 3340 
194200 3517 3315 
194250 3520 3234 
194300 3537 3204 
194350 3540 3143 
194400 3532 3067 
194450 3531 3104 
194500 3537 3068 
194550 3530 3386 
194600 3537 3512 
194650 3539 3539 
194700 3532 3537 
194750 3538 3536 
194800 3524 3515 
194850 3519 3513 
194900 3524 3523 
194950 3536 3524 
195000 3531 3536 
195050 3533 3487 
195100 3530 3413 
195150 3546 3364 
195200 3510 3268 
195250 3536 3218 
195300 3531 3193 
195350 3536 3120 
195400 3544 3058 
195450 3531 3069 
195500 3525 3005 
195550 3538 3420 
195600 3528 3520 
195650 3543 3537 
195700 3542 3539 
195750 3549 3534 
195800 3546 3527 
195850 3535 3529 
195900 3522 3519 
195950 3534 3541 
196000 3517 3507 
196050 3534 3507 
196100 3530 3444 
196150 3541 3432 
196200 3534 3381 
196250 3541 3308 
196300 3521 3231 
196350 3527 3175 
196400 3545 3131 
196450 3550 3134 
196500 3521 3049 
196550 3536 3397 
196600 3541 3518 
196650 3524 3522 
196700 3528 3532 
196750 3548 3539 
196800 3526 3520 
196850 3513 3509 
196900 3541 3533 
196950 3538 3539 
197000 3529 3522 
197050 3532 3494 
197100 3532 3459 
197150 3531 3370 
197200 3535 3304 
197250 3537 3257 
197300 3550 3186 
197350 3522 3135 
197400 3542 3049 
197450 3526 3009 
197500 3537 2964 
197550 3532 3376 
197600 3547 3495 
197650 3546 3536 
197700 3559 3555 
197750 3546 3546 
197800 3547 3542 
197850 3546 3554 
197900 3538 3524 
197950 3555 3550 
198000 3540 3543 
198050 3548 3528 
198100 3529 3461 
198150 3533 3380 
198200 3535 3353 
198250 3542 3301 
198300 3536 3287 
198350 3544 3206 
198400 3540 3165 
198450 3539 3159 
198500 3554 3085 
198550 3537 3392 
198600 3543 3533 
198650 3534 3531 
198700 3543 3536 
198750 3543 3537 
198800 3551 3536 
198850 3544 3537 
198900 3534 3530 
198950 3530 3524 
199000 3546 3541 
199050 3523 3473 
199100 3535 3411 
199150 3549 3409 
199200 3532 3305 
199250 3529 3266 
199300 3524 3146 
199350 3522 3100 
199400 3522 2985 
199450 3552 3022 
199500 3517 2945 
199550 3538 3326 
199600 3547 3501 
199650 3526 3513 
199700 3528 3503 
199750 3536 3524 
199800 3519 3511 
199850 3562 3547 
199900 3547 3540 
199950 3541 3549 
200000 3536 3529 
