# Avida tasks data
# Sat Apr  7 02:42:34 2012
# First column gives the current update, next columns give the number
# of organisms that have the particular task as a component of their merit
#  1: Update
#  2: Xor
#  3: Equals

0 0 0 
50 5 5 
100 17 17 
150 61 61 
200 158 158 
250 338 340 
300 516 517 
350 752 751 
400 1077 1079 
450 1457 1452 
500 1861 1860 
550 2338 2336 
600 2897 2895 
650 3328 3329 
700 3491 3492 
750 3545 3550 
800 3530 3529 
850 3543 3541 
900 3530 3530 
950 3536 3538 
1000 3539 3538 
1050 3535 3546 
1100 3536 3534 
1150 3554 3538 
1200 3546 3525 
1250 3524 3486 
1300 3543 3489 
1350 3557 3490 
1400 3550 3468 
1450 3542 3456 
1500 3535 3434 
1550 3530 3488 
1600 3540 3530 
1650 3547 3547 
1700 3544 3544 
1750 3534 3532 
1800 3529 3525 
1850 3554 3547 
1900 3535 3531 
1950 3543 3540 
2000 3535 3536 
2050 3543 3542 
2100 3550 3546 
2150 3548 3534 
2200 3535 3520 
2250 3537 3522 
2300 3537 3523 
2350 3534 3510 
2400 3531 3507 
2450 3539 3502 
2500 3543 3518 
2550 3527 3516 
2600 3549 3542 
2650 3550 3545 
2700 3531 3531 
2750 3559 3557 
2800 3555 3552 
2850 3544 3544 
2900 3549 3543 
2950 3534 3536 
3000 3542 3545 
3050 3531 3532 
3100 3547 3541 
3150 3539 3530 
3200 3539 3516 
3250 3537 3504 
3300 3549 3509 
3350 3537 3489 
3400 3545 3492 
3450 3551 3462 
3500 3536 3442 
3550 3502 3455 
3600 3530 3507 
3650 3552 3539 
3700 3531 3533 
3750 3540 3539 
3800 3549 3546 
3850 3539 3540 
3900 3547 3553 
3950 3546 3548 
4000 3534 3531 
4050 3512 3512 
4100 3542 3527 
4150 3558 3522 
4200 3542 3511 
4250 3547 3512 
4300 3548 3516 
4350 3544 3500 
4400 3545 3486 
4450 3540 3462 
4500 3550 3458 
4550 3545 3510 
4600 3554 3550 
4650 3556 3541 
4700 3550 3545 
4750 3556 3550 
4800 3555 3550 
4850 3528 3532 
4900 3549 3544 
4950 3552 3548 
5000 3532 3533 
5050 3553 3553 
5100 3547 3535 
5150 3536 3510 
5200 3535 3499 
5250 3561 3521 
5300 3554 3504 
5350 3558 3508 
5400 3542 3471 
5450 3546 3459 
5500 3541 3447 
5550 3542 3447 
5600 3538 3497 
5650 3542 3521 
5700 3539 3530 
5750 3555 3544 
5800 3541 3547 
5850 3548 3544 
5900 3536 3540 
5950 3542 3549 
6000 3549 3559 
6050 3558 3559 
6100 3562 3551 
6150 3537 3507 
6200 3547 3482 
6250 3547 3467 
6300 3543 3438 
6350 3545 3405 
6400 3545 3405 
6450 3536 3390 
6500 3540 3386 
6550 3554 3483 
6600 3557 3540 
6650 3555 3545 
6700 3554 3546 
6750 3546 3544 
6800 3540 3539 
6850 3522 3527 
6900 3525 3532 
6950 3540 3544 
7000 3543 3541 
7050 3548 3551 
7100 3538 3526 
7150 3547 3541 
7200 3540 3522 
7250 3549 3527 
7300 3532 3502 
7350 3534 3498 
7400 3541 3489 
7450 3521 3467 
7500 3558 3497 
7550 3545 3504 
7600 3540 3511 
7650 3549 3536 
7700 3535 3535 
7750 3541 3538 
7800 3530 3527 
7850 3532 3536 
7900 3558 3555 
7950 3554 3554 
8000 3561 3561 
8050 3566 3560 
8100 3558 3549 
8150 3546 3521 
8200 3526 3498 
8250 3555 3502 
8300 3541 3495 
8350 3543 3482 
8400 3554 3473 
8450 3531 3461 
8500 3549 3456 
8550 3538 3495 
8600 3552 3544 
8650 3545 3549 
8700 3539 3537 
8750 3543 3539 
8800 3536 3536 
8850 3545 3550 
8900 3538 3535 
8950 3546 3545 
9000 3553 3553 
9050 3538 3537 
9100 3544 3537 
9150 3522 3506 
9200 3530 3509 
9250 3554 3533 
9300 3541 3496 
9350 3553 3470 
9400 3542 3450 
9450 3533 3408 
9500 3544 3405 
9550 3534 3429 
9600 3560 3507 
9650 3551 3534 
9700 3535 3524 
9750 3552 3548 
9800 3541 3543 
9850 3558 3549 
9900 3549 3546 
9950 3541 3544 
10000 3550 3547 
10050 3532 3523 
10100 3540 3516 
10150 3523 3497 
10200 3534 3494 
10250 3555 3509 
10300 3551 3512 
10350 3528 3486 
10400 3540 3492 
10450 3539 3496 
10500 3571 3517 
10550 3552 3526 
10600 3536 3531 
10650 3554 3555 
10700 3545 3539 
10750 3536 3544 
10800 3557 3557 
10850 3554 3553 
10900 3538 3541 
10950 3541 3538 
11000 3540 3541 
11050 3553 3557 
11100 3546 3531 
11150 3540 3516 
11200 3531 3509 
11250 3537 3500 
11300 3543 3507 
11350 3533 3494 
11400 3554 3516 
11450 3542 3493 
11500 3548 3495 
11550 3546 3527 
11600 3547 3540 
11650 3565 3565 
11700 3547 3542 
11750 3539 3539 
11800 3547 3546 
11850 3535 3540 
11900 3541 3540 
11950 3533 3541 
12000 3551 3552 
12050 3543 3546 
12100 3548 3542 
12150 3543 3519 
12200 3539 3512 
12250 3557 3531 
12300 3547 3523 
12350 3542 3507 
12400 3540 3503 
12450 3547 3497 
12500 3561 3481 
12550 3551 3513 
12600 3549 3536 
12650 3541 3541 
12700 3542 3546 
12750 3553 3554 
12800 3572 3570 
12850 3557 3559 
12900 3543 3542 
12950 3541 3551 
13000 3544 3547 
13050 3536 3531 
13100 3560 3544 
13150 3531 3510 
13200 3547 3525 
13250 3526 3497 
13300 3525 3483 
13350 3550 3490 
13400 3554 3494 
13450 3552 3488 
13500 3542 3461 
13550 3542 3497 
13600 3544 3536 
13650 3556 3554 
13700 3563 3560 
13750 3543 3545 
13800 3522 3522 
13850 3548 3549 
13900 3548 3549 
13950 3540 3540 
14000 3546 3548 
14050 3536 3539 
14100 3530 3512 
14150 3539 3514 
14200 3539 3519 
14250 3551 3516 
14300 3540 3501 
14350 3548 3511 
14400 3548 3513 
14450 3543 3484 
14500 3536 3472 
14550 3542 3514 
14600 3536 3528 
14650 3542 3542 
14700 3549 3556 
14750 3525 3519 
14800 3533 3535 
14850 3536 3534 
14900 3539 3534 
14950 3547 3542 
15000 3546 3538 
15050 3548 3538 
15100 3550 3539 
15150 3532 3503 
15200 3544 3503 
15250 3538 3489 
15300 3549 3492 
15350 3544 3475 
15400 3542 3463 
15450 3528 3437 
15500 3542 3418 
15550 3547 3462 
15600 3558 3530 
15650 3538 3534 
15700 3553 3545 
15750 3522 3522 
15800 3539 3538 
15850 3547 3545 
15900 3528 3529 
15950 3534 3532 
16000 3560 3559 
16050 3535 3539 
16100 3545 3527 
16150 3542 3516 
16200 3553 3516 
16250 3551 3514 
16300 3533 3498 
16350 3547 3508 
16400 3545 3479 
16450 3558 3477 
16500 3547 3456 
16550 3531 3471 
16600 3546 3528 
16650 3560 3550 
16700 3548 3546 
16750 3529 3537 
16800 3535 3530 
16850 3539 3538 
16900 3538 3541 
16950 3551 3549 
17000 3539 3541 
17050 3550 3544 
17100 3551 3528 
17150 3538 3512 
17200 3538 3510 
17250 3560 3507 
17300 3559 3499 
17350 3543 3463 
17400 3542 3458 
17450 3544 3453 
17500 3542 3443 
17550 3531 3484 
17600 3511 3494 
17650 3528 3518 
17700 3552 3548 
17750 3546 3544 
17800 3536 3538 
17850 3551 3550 
17900 3549 3551 
17950 3548 3554 
18000 3556 3557 
18050 3542 3548 
18100 3541 3535 
18150 3553 3542 
18200 3558 3538 
18250 3554 3528 
18300 3550 3537 
18350 3550 3531 
18400 3550 3506 
18450 3535 3462 
18500 3534 3443 
18550 3549 3504 
18600 3550 3540 
18650 3550 3554 
18700 3541 3538 
18750 3557 3554 
18800 3549 3541 
18850 3546 3537 
18900 3541 3542 
18950 3562 3556 
19000 3533 3529 
19050 3540 3539 
19100 3540 3508 
19150 3555 3520 
19200 3565 3519 
19250 3533 3465 
19300 3542 3455 
19350 3545 3443 
19400 3549 3413 
19450 3525 3387 
19500 3556 3428 
19550 3541 3473 
19600 3549 3522 
19650 3547 3541 
19700 3541 3542 
19750 3546 3548 
19800 3537 3536 
19850 3558 3556 
19900 3557 3556 
19950 3540 3538 
20000 3539 3539 
20050 3545 3539 
20100 3561 3555 
20150 3548 3529 
20200 3538 3501 
20250 3528 3486 
20300 3542 3485 
20350 3537 3493 
20400 3563 3499 
20450 3544 3484 
20500 3549 3461 
20550 3535 3473 
20600 3521 3504 
20650 3545 3535 
20700 3542 3547 
20750 3532 3539 
20800 3529 3532 
20850 3561 3558 
20900 3547 3545 
20950 3538 3530 
21000 3547 3545 
21050 3546 3535 
21100 3536 3504 
21150 3545 3502 
21200 3548 3506 
21250 3550 3460 
21300 3534 3440 
21350 3548 3425 
21400 3528 3386 
21450 3543 3373 
21500 3541 3366 
21550 3531 3426 
21600 3550 3506 
21650 3545 3536 
21700 3550 3544 
21750 3544 3543 
21800 3552 3550 
21850 3570 3564 
21900 3551 3549 
21950 3543 3542 
22000 3543 3538 
22050 3534 3518 
22100 3536 3503 
22150 3523 3476 
22200 3543 3452 
22250 3531 3437 
22300 3542 3415 
22350 3558 3387 
22400 3548 3377 
22450 3527 3333 
22500 3535 3343 
22550 3526 3414 
22600 3534 3497 
22650 3552 3539 
22700 3551 3543 
22750 3564 3556 
22800 3545 3548 
22850 3544 3547 
22900 3545 3545 
22950 3555 3549 
23000 3539 3531 
23050 3557 3556 
23100 3544 3534 
23150 3544 3519 
23200 3550 3512 
23250 3542 3499 
23300 3538 3481 
23350 3548 3486 
23400 3531 3474 
23450 3528 3464 
23500 3528 3471 
23550 3535 3490 
23600 3541 3518 
23650 3546 3535 
23700 3545 3532 
23750 3536 3522 
23800 3528 3518 
23850 3548 3547 
23900 3557 3549 
23950 3555 3549 
24000 3546 3543 
24050 3568 3549 
24100 3555 3527 
24150 3525 3496 
24200 3540 3485 
24250 3536 3472 
24300 3531 3471 
24350 3544 3463 
24400 3548 3457 
24450 3541 3446 
24500 3556 3435 
24550 3541 3493 
24600 3544 3522 
24650 3543 3531 
24700 3547 3533 
24750 3530 3519 
24800 3551 3536 
24850 3549 3530 
24900 3532 3524 
24950 3547 3538 
25000 3546 3532 
25050 3544 3506 
25100 3542 3459 
25150 3529 3413 
25200 3549 3406 
25250 3554 3407 
25300 3555 3363 
25350 3553 3350 
25400 3541 3348 
25450 3531 3302 
25500 3528 3260 
25550 3544 3363 
25600 3536 3457 
25650 3532 3486 
25700 3547 3512 
25750 3546 3525 
25800 3550 3531 
25850 3533 3519 
25900 3523 3508 
25950 3544 3535 
26000 3548 3549 
26050 3546 3542 
26100 3560 3532 
26150 3542 3474 
26200 3556 3440 
26250 3558 3414 
26300 3563 3421 
26350 3567 3431 
26400 3552 3416 
26450 3558 3370 
26500 3537 3278 
26550 3537 3382 
26600 3547 3471 
26650 3545 3519 
26700 3538 3515 
26750 3526 3506 
26800 3546 3537 
26850 3553 3534 
26900 3548 3522 
26950 3540 3513 
27000 3528 3507 
27050 3550 3517 
27100 3541 3475 
27150 3533 3439 
27200 3538 3381 
27250 3535 3336 
27300 3545 3314 
27350 3557 3371 
27400 3542 3346 
27450 3544 3317 
27500 3529 3233 
27550 3548 3394 
27600 3540 3497 
27650 3541 3513 
27700 3542 3509 
27750 3541 3518 
27800 3544 3511 
27850 3529 3513 
27900 3544 3526 
27950 3539 3524 
28000 3546 3524 
28050 3545 3509 
28100 3554 3477 
28150 3522 3435 
28200 3546 3449 
28250 3531 3417 
28300 3524 3371 
28350 3535 3347 
28400 3544 3314 
28450 3542 3273 
28500 3535 3184 
28550 3541 3386 
28600 3543 3469 
28650 3538 3489 
28700 3542 3509 
28750 3549 3529 
28800 3537 3513 
28850 3538 3518 
28900 3556 3529 
28950 3551 3536 
29000 3539 3513 
29050 3542 3522 
29100 3555 3482 
29150 3547 3449 
29200 3550 3395 
29250 3534 3348 
29300 3555 3336 
29350 3534 3295 
29400 3546 3286 
29450 3533 3201 
29500 3542 3181 
29550 3553 3348 
29600 3535 3450 
29650 3542 3500 
29700 3559 3520 
29750 3553 3524 
29800 3544 3514 
29850 3558 3521 
29900 3549 3500 
29950 3556 3519 
30000 3555 3524 
30050 3547 3491 
30100 3556 3418 
30150 3545 3389 
30200 3552 3350 
30250 3547 3315 
30300 3551 3247 
30350 3540 3150 
30400 3552 3107 
30450 3549 3078 
30500 3548 3051 
30550 3545 3251 
30600 3542 3404 
30650 3537 3467 
30700 3541 3502 
30750 3561 3526 
30800 3548 3496 
30850 3548 3518 
30900 3545 3504 
30950 3556 3519 
31000 3539 3510 
31050 3545 3496 
31100 3542 3423 
31150 3531 3350 
31200 3543 3292 
31250 3535 3201 
31300 3551 3139 
31350 3537 3065 
31400 3556 3041 
31450 3552 2942 
31500 3542 2873 
31550 3545 3209 
31600 3535 3410 
31650 3533 3474 
31700 3546 3505 
31750 3544 3519 
31800 3537 3506 
31850 3541 3506 
31900 3537 3503 
31950 3547 3507 
32000 3556 3520 
32050 3561 3481 
32100 3552 3434 
32150 3531 3342 
32200 3542 3333 
32250 3544 3276 
32300 3540 3223 
32350 3547 3108 
32400 3536 3066 
32450 3546 3058 
32500 3540 2984 
32550 3557 3222 
32600 3539 3403 
32650 3561 3495 
32700 3542 3500 
32750 3551 3525 
32800 3549 3511 
32850 3551 3519 
32900 3534 3494 
32950 3552 3511 
33000 3546 3498 
33050 3539 3478 
33100 3539 3426 
33150 3526 3328 
33200 3546 3312 
33250 3551 3301 
33300 3553 3224 
33350 3538 3154 
33400 3529 3121 
33450 3544 3066 
33500 3534 2993 
33550 3536 3242 
33600 3534 3387 
33650 3550 3476 
33700 3547 3498 
33750 3531 3482 
33800 3553 3509 
33850 3552 3494 
33900 3540 3502 
33950 3539 3495 
34000 3551 3516 
34050 3548 3487 
34100 3547 3411 
34150 3528 3341 
34200 3552 3300 
34250 3538 3228 
34300 3537 3197 
34350 3557 3160 
34400 3549 3053 
34450 3540 2952 
34500 3552 2917 
34550 3566 3174 
34600 3547 3385 
34650 3557 3481 
34700 3541 3489 
34750 3545 3513 
34800 3551 3523 
34850 3552 3508 
34900 3545 3512 
34950 3541 3503 
35000 3545 3521 
35050 3564 3507 
35100 3550 3430 
35150 3546 3391 
35200 3552 3290 
35250 3555 3268 
35300 3539 3177 
35350 3544 3098 
35400 3552 3132 
35450 3541 3087 
35500 3542 3016 
35550 3558 3222 
35600 3547 3403 
35650 3534 3479 
35700 3553 3526 
35750 3546 3513 
35800 3553 3508 
35850 3552 3511 
35900 3555 3510 
35950 3547 3528 
36000 3566 3536 
36050 3544 3454 
36100 3555 3375 
36150 3533 3323 
36200 3545 3238 
36250 3551 3160 
36300 3561 3152 
36350 3560 3096 
36400 3558 2977 
36450 3546 2834 
36500 3538 2757 
36550 3539 3085 
36600 3549 3382 
36650 3545 3463 
36700 3530 3483 
36750 3559 3502 
36800 3542 3506 
36850 3551 3523 
36900 3551 3498 
36950 3537 3497 
37000 3547 3500 
37050 3544 3476 
37100 3555 3452 
37150 3511 3358 
37200 3549 3339 
37250 3533 3266 
37300 3556 3242 
37350 3542 3174 
37400 3538 3108 
37450 3537 3029 
37500 3554 2973 
37550 3547 3212 
37600 3547 3417 
37650 3531 3481 
37700 3538 3504 
37750 3553 3507 
37800 3541 3501 
37850 3538 3502 
37900 3534 3489 
37950 3537 3486 
38000 3559 3521 
38050 3550 3487 
38100 3539 3398 
38150 3532 3316 
38200 3547 3288 
38250 3552 3252 
38300 3542 3214 
38350 3547 3175 
38400 3539 3111 
38450 3551 3054 
38500 3544 3010 
38550 3544 3235 
38600 3543 3402 
38650 3547 3478 
38700 3542 3505 
38750 3562 3512 
38800 3554 3520 
38850 3553 3519 
38900 3547 3512 
38950 3560 3522 
39000 3551 3521 
39050 3551 3484 
39100 3553 3415 
39150 3534 3295 
39200 3544 3221 
39250 3545 3195 
39300 3534 3151 
39350 3543 3058 
39400 3540 2958 
39450 3541 2901 
39500 3548 2819 
39550 3535 3124 
39600 3548 3394 
39650 3535 3465 
39700 3554 3514 
39750 3537 3493 
39800 3564 3505 
39850 3555 3515 
39900 3555 3496 
39950 3561 3513 
40000 3540 3506 
40050 3542 3465 
40100 3541 3378 
40150 3533 3285 
40200 3552 3272 
40250 3543 3208 
40300 3534 3093 
40350 3542 3022 
40400 3561 3033 
40450 3543 3008 
40500 3546 2978 
40550 3551 3267 
40600 3558 3451 
40650 3552 3482 
40700 3558 3514 
40750 3550 3504 
40800 3558 3515 
40850 3540 3496 
40900 3543 3501 
40950 3543 3497 
41000 3550 3491 
41050 3527 3446 
41100 3558 3390 
41150 3541 3301 
41200 3555 3224 
41250 3550 3166 
41300 3546 3074 
41350 3552 3023 
41400 3548 2968 
41450 3562 2910 
41500 3555 2885 
41550 3560 3204 
41600 3548 3417 
41650 3551 3482 
41700 3542 3499 
41750 3530 3482 
41800 3545 3489 
41850 3553 3518 
41900 3539 3505 
41950 3542 3510 
42000 3564 3516 
42050 3543 3470 
42100 3562 3384 
42150 3539 3309 
42200 3545 3240 
42250 3551 3138 
42300 3550 3007 
42350 3555 2960 
42400 3544 2915 
42450 3556 2885 
42500 3546 2905 
42550 3539 3229 
42600 3533 3386 
42650 3547 3459 
42700 3553 3496 
42750 3559 3521 
42800 3558 3512 
42850 3554 3526 
42900 3540 3492 
42950 3546 3481 
43000 3547 3512 
43050 3565 3506 
43100 3552 3381 
43150 3548 3325 
43200 3553 3238 
43250 3529 3137 
43300 3545 3107 
43350 3551 3063 
43400 3544 3011 
43450 3538 2936 
43500 3555 2911 
43550 3546 3209 
43600 3537 3391 
43650 3553 3477 
43700 3539 3491 
43750 3548 3492 
43800 3536 3489 
43850 3554 3511 
43900 3554 3510 
43950 3526 3487 
44000 3563 3525 
44050 3541 3458 
44100 3545 3420 
44150 3545 3383 
44200 3554 3335 
44250 3547 3234 
44300 3535 3159 
44350 3533 3084 
44400 3554 3090 
44450 3551 3023 
44500 3554 2940 
44550 3536 3228 
44600 3549 3427 
44650 3529 3463 
44700 3559 3514 
44750 3547 3503 
44800 3533 3488 
44850 3546 3506 
44900 3561 3519 
44950 3548 3493 
45000 3548 3501 
45050 3553 3489 
45100 3556 3393 
45150 3541 3313 
45200 3552 3248 
45250 3549 3163 
45300 3552 3133 
45350 3546 3109 
45400 3542 3036 
45450 3555 2970 
45500 3549 2896 
45550 3553 3202 
45600 3558 3410 
45650 3542 3459 
45700 3541 3485 
45750 3555 3512 
45800 3554 3502 
45850 3547 3490 
45900 3546 3512 
45950 3541 3512 
46000 3556 3512 
46050 3552 3469 
46100 3537 3353 
46150 3529 3260 
46200 3537 3172 
46250 3544 3083 
46300 3550 2985 
46350 3532 2936 
46400 3542 2821 
46450 3546 2746 
46500 3545 2707 
46550 3529 3073 
46600 3543 3338 
46650 3539 3450 
46700 3533 3469 
46750 3550 3499 
46800 3541 3477 
46850 3552 3491 
46900 3561 3513 
46950 3545 3492 
47000 3549 3500 
47050 3546 3478 
47100 3560 3388 
47150 3558 3324 
47200 3546 3235 
47250 3536 3130 
47300 3535 3039 
47350 3550 2987 
47400 3557 2871 
47450 3553 2804 
47500 3541 2724 
47550 3519 3053 
47600 3539 3369 
47650 3540 3456 
47700 3540 3485 
47750 3563 3503 
47800 3538 3478 
47850 3559 3502 
47900 3552 3491 
47950 3553 3495 
48000 3566 3504 
48050 3547 3453 
48100 3546 3304 
48150 3547 3241 
48200 3544 3154 
48250 3543 3084 
48300 3546 3055 
48350 3558 2995 
48400 3550 2940 
48450 3540 2873 
48500 3567 2836 
48550 3544 3079 
48600 3534 3330 
48650 3551 3467 
48700 3563 3513 
48750 3537 3500 
48800 3550 3493 
48850 3548 3488 
48900 3556 3503 
48950 3550 3501 
49000 3548 3499 
49050 3558 3460 
49100 3547 3318 
49150 3544 3262 
49200 3544 3195 
49250 3544 3112 
49300 3552 3067 
49350 3543 3019 
49400 3540 2960 
49450 3551 2948 
49500 3534 2899 
49550 3526 3171 
49600 3536 3397 
49650 3520 3467 
49700 3536 3482 
49750 3541 3467 
49800 3553 3476 
49850 3557 3502 
49900 3544 3469 
49950 3548 3503 
50000 3542 3500 
50050 3558 3491 
50100 3551 3379 
50150 3532 3242 
50200 3549 3167 
50250 3541 3082 
50300 3538 2990 
50350 3545 2907 
50400 3542 2799 
50450 3546 2694 
50500 3560 2764 
50550 3541 3066 
50600 3533 3354 
50650 3535 3455 
50700 3546 3488 
50750 3535 3478 
50800 3547 3500 
50850 3545 3480 
50900 3542 3496 
50950 3555 3504 
51000 3538 3487 
51050 3544 3445 
51100 3551 3355 
51150 3548 3295 
51200 3557 3222 
51250 3543 3146 
51300 3536 3098 
51350 3540 3072 
51400 3538 3023 
51450 3549 2997 
51500 3546 2933 
51550 3541 3175 
51600 3541 3393 
51650 3550 3473 
51700 3547 3498 
51750 3557 3504 
51800 3538 3497 
51850 3545 3495 
51900 3552 3503 
51950 3534 3486 
52000 3551 3503 
52050 3532 3451 
52100 3547 3362 
52150 3533 3273 
52200 3538 3227 
52250 3547 3176 
52300 3526 3086 
52350 3557 3077 
52400 3548 2995 
52450 3554 2956 
52500 3531 2847 
52550 3531 3167 
52600 3555 3403 
52650 3546 3487 
52700 3533 3496 
52750 3543 3473 
52800 3543 3504 
52850 3543 3494 
52900 3550 3496 
52950 3551 3495 
53000 3540 3502 
53050 3528 3442 
53100 3562 3373 
53150 3541 3265 
53200 3547 3200 
53250 3556 3083 
53300 3536 2982 
53350 3556 2946 
53400 3559 2906 
53450 3547 2800 
53500 3539 2642 
53550 3539 3011 
53600 3542 3310 
53650 3535 3432 
53700 3544 3477 
53750 3548 3479 
53800 3546 3499 
53850 3540 3484 
53900 3544 3484 
53950 3542 3500 
54000 3528 3477 
54050 3546 3455 
54100 3546 3349 
54150 3555 3255 
54200 3533 3149 
54250 3547 3107 
54300 3535 3016 
54350 3529 2908 
54400 3543 2855 
54450 3542 2782 
54500 3528 2737 
54550 3542 3066 
54600 3527 3342 
54650 3539 3457 
54700 3567 3510 
54750 3544 3488 
54800 3556 3499 
54850 3546 3495 
54900 3543 3489 
54950 3550 3497 
55000 3537 3498 
55050 3550 3461 
55100 3538 3349 
55150 3553 3278 
55200 3555 3161 
55250 3539 3069 
55300 3547 2935 
55350 3536 2830 
55400 3542 2800 
55450 3537 2754 
55500 3541 2743 
55550 3532 3082 
55600 3534 3355 
55650 3541 3447 
55700 3542 3473 
55750 3555 3505 
55800 3545 3477 
55850 3542 3488 
55900 3557 3486 
55950 3541 3468 
56000 3546 3497 
56050 3528 3430 
56100 3558 3396 
56150 3552 3335 
56200 3532 3235 
56250 3546 3178 
56300 3559 3097 
56350 3544 3011 
56400 3556 2970 
56450 3559 2936 
56500 3544 2880 
56550 3555 3204 
56600 3551 3387 
56650 3539 3447 
56700 3538 3462 
56750 3554 3488 
56800 3549 3513 
56850 3537 3478 
56900 3549 3491 
56950 3557 3495 
57000 3548 3482 
57050 3529 3406 
57100 3552 3343 
57150 3535 3250 
57200 3524 3136 
57250 3554 3123 
57300 3549 3056 
57350 3537 3009 
57400 3557 2936 
57450 3558 2935 
57500 3543 2795 
57550 3541 3168 
57600 3552 3418 
57650 3547 3487 
57700 3545 3493 
57750 3562 3519 
57800 3549 3494 
57850 3539 3492 
57900 3546 3492 
57950 3518 3472 
58000 3532 3496 
58050 3523 3423 
58100 3547 3346 
58150 3548 3216 
58200 3545 3161 
58250 3555 3080 
58300 3547 3031 
58350 3531 2950 
58400 3553 2811 
58450 3550 2785 
58500 3536 2727 
58550 3557 3141 
58600 3555 3376 
58650 3552 3464 
58700 3573 3514 
58750 3555 3506 
58800 3546 3491 
58850 3544 3481 
58900 3542 3486 
58950 3537 3483 
59000 3545 3481 
59050 3524 3435 
59100 3552 3391 
59150 3555 3310 
59200 3539 3226 
59250 3540 3152 
59300 3538 3116 
59350 3552 3038 
59400 3544 2931 
59450 3540 2891 
59500 3555 2848 
59550 3524 3157 
59600 3550 3413 
59650 3524 3468 
59700 3520 3480 
59750 3548 3505 
59800 3545 3498 
59850 3526 3490 
59900 3556 3506 
59950 3535 3490 
60000 3542 3490 
60050 3553 3475 
60100 3559 3414 
60150 3563 3322 
60200 3552 3177 
60250 3540 3069 
60300 3542 2999 
60350 3544 2943 
60400 3536 2874 
60450 3548 2795 
60500 3547 2701 
60550 3538 3045 
60600 3560 3322 
60650 3559 3448 
60700 3540 3476 
60750 3531 3489 
60800 3543 3500 
60850 3547 3494 
60900 3544 3494 
60950 3550 3494 
61000 3555 3510 
61050 3564 3501 
61100 3553 3397 
61150 3542 3312 
61200 3550 3273 
61250 3552 3184 
61300 3532 3148 
61350 3545 3109 
61400 3539 2984 
61450 3543 2918 
61500 3545 2863 
61550 3524 3151 
61600 3527 3374 
61650 3539 3458 
61700 3552 3508 
61750 3549 3490 
61800 3550 3492 
61850 3542 3484 
61900 3551 3496 
61950 3545 3477 
62000 3553 3503 
62050 3542 3443 
62100 3547 3385 
62150 3562 3285 
62200 3537 3182 
62250 3540 3152 
62300 3547 3090 
62350 3554 2977 
62400 3562 2902 
62450 3567 2875 
62500 3545 2810 
62550 3538 3139 
62600 3544 3384 
62650 3559 3483 
62700 3540 3474 
62750 3537 3475 
62800 3554 3467 
62850 3545 3483 
62900 3560 3508 
62950 3551 3502 
63000 3544 3469 
63050 3548 3444 
63100 3557 3375 
63150 3541 3262 
63200 3545 3165 
63250 3554 3082 
63300 3535 3017 
63350 3541 2932 
63400 3549 2908 
63450 3541 2829 
63500 3528 2719 
63550 3550 3038 
63600 3548 3332 
63650 3548 3437 
63700 3559 3490 
63750 3554 3512 
63800 3562 3516 
63850 3540 3493 
63900 3551 3484 
63950 3545 3495 
64000 3542 3480 
64050 3541 3448 
64100 3552 3392 
64150 3543 3284 
64200 3526 3195 
64250 3545 3135 
64300 3532 3038 
64350 3556 2967 
64400 3553 2891 
64450 3530 2776 
64500 3544 2742 
64550 3541 3096 
64600 3535 3334 
64650 3561 3492 
64700 3550 3489 
64750 3545 3477 
64800 3552 3504 
64850 3550 3501 
64900 3545 3502 
64950 3547 3500 
65000 3557 3510 
65050 3553 3478 
65100 3562 3395 
65150 3549 3335 
65200 3544 3242 
65250 3547 3181 
65300 3549 3113 
65350 3559 2985 
65400 3556 2915 
65450 3526 2879 
65500 3556 2855 
65550 3542 3207 
65600 3556 3421 
65650 3546 3489 
65700 3556 3483 
65750 3552 3488 
65800 3559 3509 
65850 3559 3501 
65900 3559 3500 
65950 3560 3507 
66000 3550 3494 
66050 3547 3468 
66100 3541 3422 
66150 3553 3382 
66200 3557 3286 
66250 3543 3208 
66300 3566 3193 
66350 3543 3043 
66400 3529 2976 
66450 3539 2870 
66500 3543 2803 
66550 3549 3132 
66600 3560 3406 
66650 3555 3477 
66700 3555 3507 
66750 3550 3496 
66800 3542 3497 
66850 3543 3475 
66900 3551 3490 
66950 3547 3505 
67000 3561 3495 
67050 3569 3499 
67100 3553 3355 
67150 3551 3231 
67200 3543 3171 
67250 3554 3118 
67300 3545 3038 
67350 3539 2987 
67400 3548 2870 
67450 3542 2801 
67500 3547 2684 
67550 3547 3094 
67600 3542 3359 
67650 3552 3460 
67700 3543 3473 
67750 3544 3487 
67800 3545 3490 
67850 3548 3499 
67900 3557 3502 
67950 3540 3473 
68000 3554 3495 
68050 3549 3466 
68100 3547 3353 
68150 3551 3294 
68200 3547 3236 
68250 3541 3148 
68300 3539 3043 
68350 3549 2943 
68400 3556 2841 
68450 3558 2753 
68500 3546 2669 
68550 3548 3035 
68600 3549 3309 
68650 3553 3466 
68700 3550 3495 
68750 3549 3499 
68800 3540 3487 
68850 3555 3484 
68900 3547 3489 
68950 3556 3487 
69000 3555 3499 
69050 3551 3449 
69100 3557 3380 
69150 3543 3219 
69200 3557 3163 
69250 3545 3066 
69300 3554 3010 
69350 3549 2998 
69400 3548 2933 
69450 3552 2881 
69500 3543 2830 
69550 3544 3155 
69600 3547 3399 
69650 3542 3461 
69700 3547 3477 
69750 3537 3490 
69800 3535 3482 
69850 3552 3505 
69900 3542 3496 
69950 3541 3480 
70000 3556 3507 
70050 3544 3449 
70100 3546 3404 
70150 3547 3324 
70200 3562 3233 
70250 3558 3153 
70300 3561 3054 
70350 3552 2993 
70400 3551 2864 
70450 3532 2741 
70500 3545 2654 
70550 3529 3032 
70600 3548 3351 
70650 3540 3453 
70700 3535 3464 
70750 3560 3515 
70800 3555 3511 
70850 3557 3507 
70900 3551 3499 
70950 3547 3473 
71000 3554 3512 
71050 3531 3451 
71100 3541 3353 
71150 3532 3281 
71200 3540 3264 
71250 3554 3214 
71300 3551 3149 
71350 3552 3068 
71400 3546 3011 
71450 3544 2906 
71500 3534 2858 
71550 3546 3194 
71600 3558 3417 
71650 3542 3469 
71700 3555 3504 
71750 3554 3500 
71800 3554 3484 
71850 3548 3480 
71900 3547 3472 
71950 3543 3492 
72000 3543 3491 
72050 3558 3437 
72100 3547 3333 
72150 3549 3210 
72200 3533 3132 
72250 3521 3050 
72300 3549 2992 
72350 3552 2869 
72400 3551 2798 
72450 3559 2727 
72500 3559 2616 
72550 3552 3022 
72600 3538 3339 
72650 3547 3444 
72700 3541 3480 
72750 3533 3482 
72800 3543 3475 
72850 3549 3498 
72900 3551 3502 
72950 3537 3477 
73000 3556 3507 
73050 3543 3466 
73100 3547 3398 
73150 3564 3334 
73200 3554 3281 
73250 3544 3158 
73300 3544 3015 
73350 3546 2920 
73400 3554 2820 
73450 3558 2720 
73500 3559 2641 
73550 3546 2982 
73600 3548 3310 
73650 3550 3472 
73700 3540 3472 
73750 3553 3515 
73800 3562 3523 
73850 3546 3510 
73900 3540 3487 
73950 3535 3476 
74000 3550 3493 
74050 3564 3476 
74100 3557 3434 
74150 3545 3340 
74200 3547 3275 
74250 3543 3188 
74300 3565 3118 
74350 3550 3017 
74400 3549 2926 
74450 3543 2852 
74500 3555 2790 
74550 3545 3168 
74600 3566 3399 
74650 3558 3482 
74700 3552 3510 
74750 3547 3499 
74800 3550 3495 
74850 3555 3505 
74900 3558 3501 
74950 3546 3498 
75000 3557 3506 
75050 3548 3458 
75100 3560 3375 
75150 3552 3276 
75200 3542 3205 
75250 3550 3165 
75300 3564 3127 
75350 3540 3032 
75400 3551 2936 
75450 3528 2819 
75500 3541 2755 
75550 3546 3125 
75600 3532 3362 
75650 3545 3453 
75700 3545 3485 
75750 3547 3500 
75800 3560 3506 
75850 3538 3469 
75900 3566 3523 
75950 3545 3486 
76000 3550 3507 
76050 3544 3458 
76100 3556 3380 
76150 3560 3298 
76200 3556 3218 
76250 3541 3122 
76300 3539 3054 
76350 3545 2896 
76400 3553 2772 
76450 3551 2696 
76500 3561 2680 
76550 3536 3093 
76600 3512 3344 
76650 3540 3472 
76700 3538 3478 
76750 3554 3511 
76800 3554 3498 
76850 3551 3504 
76900 3554 3499 
76950 3555 3493 
77000 3564 3505 
77050 3547 3437 
77100 3550 3365 
77150 3537 3257 
77200 3546 3155 
77250 3538 3030 
77300 3542 2960 
77350 3559 2917 
77400 3541 2804 
77450 3545 2813 
77500 3551 2797 
77550 3545 3129 
77600 3555 3398 
77650 3550 3478 
77700 3545 3487 
77750 3553 3501 
77800 3541 3496 
77850 3548 3497 
77900 3543 3478 
77950 3567 3512 
78000 3557 3498 
78050 3555 3451 
78100 3540 3355 
78150 3533 3262 
78200 3542 3201 
78250 3545 3085 
78300 3554 3042 
78350 3538 2943 
78400 3549 2893 
78450 3558 2822 
78500 3554 2736 
78550 3534 3131 
78600 3537 3374 
78650 3550 3457 
78700 3547 3486 
78750 3536 3471 
78800 3541 3471 
78850 3545 3495 
78900 3546 3490 
78950 3538 3480 
79000 3543 3485 
79050 3547 3452 
79100 3549 3381 
79150 3543 3269 
79200 3544 3210 
79250 3558 3099 
79300 3550 2989 
79350 3554 2938 
79400 3556 2872 
79450 3551 2787 
79500 3550 2763 
79550 3561 3112 
79600 3550 3361 
79650 3557 3463 
79700 3553 3488 
79750 3534 3489 
79800 3539 3487 
79850 3545 3487 
79900 3533 3483 
79950 3538 3478 
80000 3554 3512 
80050 3544 3445 
80100 3550 3395 
80150 3545 3291 
80200 3553 3227 
80250 3540 3115 
80300 3558 3080 
80350 3545 3044 
80400 3524 3002 
80450 3551 2981 
80500 3555 2884 
80550 3545 3172 
80600 3548 3388 
80650 3538 3467 
80700 3546 3487 
80750 3548 3498 
80800 3552 3509 
80850 3555 3507 
80900 3542 3488 
80950 3527 3468 
81000 3542 3490 
81050 3547 3459 
81100 3548 3363 
81150 3543 3290 
81200 3567 3258 
81250 3537 3162 
81300 3559 3085 
81350 3545 3007 
81400 3562 2979 
81450 3541 2943 
81500 3542 2862 
81550 3550 3206 
81600 3543 3396 
81650 3545 3472 
81700 3559 3481 
81750 3561 3501 
81800 3538 3483 
81850 3540 3487 
81900 3547 3495 
81950 3544 3487 
82000 3548 3502 
82050 3545 3445 
82100 3543 3361 
82150 3562 3338 
82200 3558 3293 
82250 3549 3202 
82300 3546 3129 
82350 3536 3045 
82400 3554 3014 
82450 3547 2942 
82500 3552 2855 
82550 3547 3144 
82600 3550 3352 
82650 3552 3473 
82700 3541 3500 
82750 3560 3509 
82800 3557 3492 
82850 3533 3479 
82900 3554 3501 
82950 3538 3485 
83000 3540 3480 
83050 3557 3458 
83100 3542 3345 
83150 3546 3253 
83200 3540 3127 
83250 3550 3042 
83300 3552 2961 
83350 3549 2907 
83400 3531 2837 
83450 3527 2714 
83500 3549 2648 
83550 3547 3063 
83600 3553 3368 
83650 3543 3459 
83700 3540 3467 
83750 3544 3497 
83800 3540 3502 
83850 3547 3495 
83900 3552 3504 
83950 3542 3489 
84000 3537 3493 
84050 3548 3459 
84100 3560 3383 
84150 3549 3234 
84200 3546 3110 
84250 3547 3027 
84300 3526 2849 
84350 3549 2734 
84400 3548 2586 
84450 3548 2568 
84500 3556 2499 
84550 3553 2957 
84600 3548 3289 
84650 3549 3442 
84700 3556 3479 
84750 3560 3510 
84800 3561 3516 
84850 3537 3485 
84900 3545 3502 
84950 3520 3478 
85000 3542 3502 
85050 3538 3472 
85100 3557 3430 
85150 3553 3356 
85200 3538 3250 
85250 3558 3231 
85300 3552 3161 
85350 3558 3083 
85400 3552 3015 
85450 3559 2965 
85500 3544 2880 
85550 3547 3192 
85600 3537 3383 
85650 3537 3459 
85700 3543 3483 
85750 3553 3499 
85800 3531 3477 
85850 3536 3499 
85900 3544 3493 
85950 3546 3492 
86000 3550 3498 
86050 3546 3432 
86100 3557 3335 
86150 3546 3217 
86200 3556 3169 
86250 3562 3160 
86300 3533 3053 
86350 3525 2932 
86400 3539 2880 
86450 3542 2853 
86500 3538 2751 
86550 3550 3123 
86600 3549 3417 
86650 3549 3477 
86700 3544 3490 
86750 3548 3509 
86800 3533 3477 
86850 3553 3509 
86900 3550 3503 
86950 3531 3474 
87000 3559 3510 
87050 3556 3447 
87100 3562 3315 
87150 3556 3243 
87200 3550 3159 
87250 3557 3081 
87300 3557 3048 
87350 3562 2993 
87400 3545 2938 
87450 3541 2793 
87500 3540 2728 
87550 3543 3047 
87600 3542 3300 
87650 3544 3435 
87700 3542 3464 
87750 3560 3499 
87800 3551 3510 
87850 3552 3497 
87900 3551 3510 
87950 3552 3505 
88000 3545 3493 
88050 3547 3446 
88100 3551 3385 
88150 3545 3305 
88200 3533 3224 
88250 3547 3167 
88300 3546 3065 
88350 3556 2963 
88400 3555 2943 
88450 3561 2868 
88500 3552 2787 
88550 3540 3224 
88600 3546 3456 
88650 3540 3502 
88700 3543 3485 
88750 3550 3502 
88800 3553 3488 
88850 3545 3480 
88900 3550 3495 
88950 3563 3516 
89000 3555 3517 
89050 3551 3441 
89100 3539 3341 
89150 3549 3200 
89200 3553 3155 
89250 3557 3067 
89300 3544 2952 
89350 3553 2890 
89400 3558 2812 
89450 3563 2731 
89500 3559 2591 
89550 3558 3165 
89600 3563 3446 
89650 3556 3497 
89700 3544 3506 
89750 3549 3508 
89800 3558 3498 
89850 3553 3508 
89900 3564 3514 
89950 3557 3503 
90000 3559 3493 
90050 3565 3431 
90100 3540 3337 
90150 3546 3191 
90200 3534 3040 
90250 3542 2890 
90300 3543 2826 
90350 3552 2712 
90400 3549 2675 
90450 3565 2592 
90500 3555 2552 
90550 3545 3178 
90600 3549 3425 
90650 3561 3514 
90700 3557 3508 
90750 3570 3506 
90800 3556 3505 
90850 3560 3522 
90900 3560 3506 
90950 3571 3502 
91000 3548 3491 
91050 3546 3443 
91100 3541 3310 
91150 3564 3230 
91200 3537 3075 
91250 3528 2932 
91300 3544 2793 
91350 3549 2626 
91400 3555 2564 
91450 3549 2448 
91500 3539 2324 
91550 3543 3110 
91600 3552 3425 
91650 3558 3496 
91700 3556 3483 
91750 3558 3507 
91800 3541 3486 
91850 3545 3499 
91900 3568 3527 
91950 3555 3510 
92000 3544 3501 
92050 3561 3446 
92100 3563 3322 
92150 3554 3208 
92200 3552 3073 
92250 3546 2976 
92300 3559 2863 
92350 3547 2728 
92400 3551 2602 
92450 3561 2540 
92500 3548 2488 
92550 3551 3217 
92600 3561 3482 
92650 3555 3503 
92700 3560 3506 
92750 3566 3513 
92800 3554 3510 
92850 3557 3511 
92900 3549 3503 
92950 3550 3500 
93000 3544 3481 
93050 3542 3426 
93100 3543 3314 
93150 3532 3220 
93200 3534 3086 
93250 3554 3008 
93300 3541 2938 
93350 3574 2880 
93400 3554 2709 
93450 3553 2651 
93500 3548 2608 
93550 3546 3211 
93600 3556 3462 
93650 3558 3496 
93700 3547 3506 
93750 3570 3520 
93800 3551 3519 
93850 3560 3504 
93900 3549 3514 
93950 3550 3504 
94000 3559 3523 
94050 3555 3457 
94100 3555 3315 
94150 3548 3261 
94200 3544 3174 
94250 3550 3120 
94300 3547 3058 
94350 3541 2941 
94400 3557 2840 
94450 3557 2725 
94500 3550 2662 
94550 3540 3289 
94600 3561 3488 
94650 3543 3506 
94700 3551 3498 
94750 3559 3511 
94800 3554 3527 
94850 3554 3522 
94900 3560 3506 
94950 3560 3504 
95000 3542 3486 
95050 3543 3464 
95100 3551 3408 
95150 3551 3264 
95200 3550 3183 
95250 3557 3088 
95300 3557 2995 
95350 3552 2971 
95400 3550 2895 
95450 3540 2868 
95500 3539 2774 
95550 3569 3308 
95600 3562 3486 
95650 3551 3491 
95700 3551 3521 
95750 3550 3505 
95800 3551 3507 
95850 3554 3504 
95900 3552 3512 
95950 3529 3486 
96000 3543 3505 
96050 3557 3457 
96100 3545 3312 
96150 3556 3146 
96200 3547 3026 
96250 3543 3066 
96300 3553 3018 
96350 3553 2927 
96400 3559 2861 
96450 3566 2738 
96500 3552 2692 
96550 3546 3285 
96600 3559 3467 
96650 3562 3515 
96700 3553 3511 
96750 3563 3528 
96800 3557 3515 
96850 3564 3508 
96900 3545 3500 
96950 3543 3486 
97000 3534 3495 
97050 3541 3412 
97100 3558 3279 
97150 3561 3184 
97200 3541 3070 
97250 3545 2997 
97300 3558 2854 
97350 3548 2756 
97400 3537 2653 
97450 3535 2631 
97500 3552 2514 
97550 3548 3181 
97600 3552 3472 
97650 3554 3503 
97700 3550 3503 
97750 3554 3504 
97800 3549 3501 
97850 3553 3508 
97900 3535 3481 
97950 3553 3509 
98000 3560 3517 
98050 3563 3421 
98100 3575 3326 
98150 3554 3191 
98200 3558 3079 
98250 3537 3001 
98300 3547 2917 
98350 3546 2822 
98400 3532 2729 
98450 3542 2652 
98500 3563 2531 
98550 3553 3157 
98600 3556 3464 
98650 3558 3498 
98700 3550 3500 
98750 3563 3507 
98800 3570 3533 
98850 3547 3498 
98900 3548 3503 
98950 3544 3492 
99000 3556 3506 
99050 3551 3440 
99100 3558 3261 
99150 3571 3141 
99200 3568 3013 
99250 3537 2835 
99300 3554 2692 
99350 3553 2622 
99400 3564 2624 
99450 3561 2562 
99500 3549 2475 
99550 3561 3167 
99600 3545 3445 
99650 3549 3493 
99700 3555 3501 
99750 3555 3511 
99800 3548 3487 
99850 3547 3484 
99900 3565 3509 
99950 3539 3491 
100000 3552 3508 
100050 3555 3460 
100100 3552 3391 
100150 3546 3261 
100200 3547 3185 
100250 3558 3037 
100300 3565 2924 
100350 3543 2868 
100400 3532 2771 
100450 3527 2648 
100500 3544 2618 
100550 3540 3183 
100600 3573 3477 
100650 3536 3498 
100700 3554 3505 
100750 3553 3516 
100800 3553 3506 
100850 3551 3502 
100900 3552 3513 
100950 3555 3512 
101000 3546 3492 
101050 3547 3443 
101100 3540 3338 
101150 3542 3233 
101200 3530 3092 
101250 3549 2987 
101300 3554 2898 
101350 3561 2807 
101400 3545 2652 
101450 3561 2562 
101500 3562 2442 
101550 3552 3080 
101600 3543 3426 
101650 3548 3506 
101700 3561 3511 
101750 3554 3521 
101800 3559 3528 
101850 3565 3515 
101900 3547 3516 
101950 3554 3503 
102000 3558 3500 
102050 3539 3418 
102100 3553 3319 
102150 3542 3221 
102200 3544 3136 
102250 3562 3031 
102300 3551 2908 
102350 3544 2798 
102400 3550 2775 
102450 3549 2714 
102500 3548 2629 
102550 3546 3203 
102600 3540 3437 
102650 3537 3489 
102700 3551 3528 
102750 3555 3503 
102800 3547 3494 
102850 3535 3489 
102900 3542 3509 
102950 3556 3511 
103000 3547 3499 
103050 3545 3415 
103100 3567 3334 
103150 3547 3181 
103200 3547 3105 
103250 3553 3017 
103300 3558 2876 
103350 3549 2868 
103400 3553 2725 
103450 3550 2596 
103500 3543 2448 
103550 3547 3085 
103600 3548 3401 
103650 3548 3494 
103700 3555 3501 
103750 3552 3493 
103800 3544 3496 
103850 3539 3485 
103900 3539 3494 
103950 3551 3513 
104000 3546 3498 
104050 3556 3440 
104100 3539 3336 
104150 3543 3205 
104200 3531 3092 
104250 3562 2987 
104300 3554 2857 
104350 3546 2754 
104400 3567 2644 
104450 3558 2604 
104500 3548 2508 
104550 3546 3189 
104600 3554 3469 
104650 3552 3490 
104700 3564 3515 
104750 3564 3513 
104800 3556 3504 
104850 3554 3494 
104900 3538 3492 
104950 3555 3505 
105000 3560 3511 
105050 3556 3457 
105100 3542 3357 
105150 3556 3225 
105200 3542 3117 
105250 3550 2990 
105300 3537 2830 
105350 3543 2695 
105400 3548 2650 
105450 3546 2567 
105500 3546 2526 
105550 3542 3173 
105600 3556 3491 
105650 3555 3501 
105700 3554 3501 
105750 3557 3509 
105800 3565 3518 
105850 3553 3492 
105900 3541 3501 
105950 3539 3496 
106000 3539 3491 
106050 3562 3430 
106100 3550 3282 
106150 3542 3091 
106200 3546 2946 
106250 3559 2847 
106300 3551 2701 
106350 3565 2603 
106400 3545 2483 
106450 3548 2467 
106500 3548 2390 
106550 3547 3134 
106600 3538 3439 
106650 3541 3470 
106700 3563 3496 
106750 3546 3487 
106800 3542 3483 
106850 3565 3512 
106900 3553 3504 
106950 3564 3512 
107000 3567 3525 
107050 3544 3439 
107100 3537 3300 
107150 3544 3195 
107200 3556 3033 
107250 3546 2969 
107300 3563 2844 
107350 3544 2714 
107400 3553 2628 
107450 3549 2404 
107500 3548 2366 
107550 3551 3093 
107600 3542 3398 
107650 3551 3495 
107700 3546 3487 
107750 3549 3498 
107800 3555 3499 
107850 3568 3505 
107900 3544 3482 
107950 3556 3513 
108000 3547 3511 
108050 3556 3435 
108100 3549 3344 
108150 3546 3213 
108200 3558 3127 
108250 3542 2957 
108300 3562 2821 
108350 3557 2716 
108400 3553 2650 
108450 3558 2609 
108500 3559 2497 
108550 3556 3193 
108600 3558 3460 
108650 3547 3506 
108700 3550 3510 
108750 3547 3509 
108800 3547 3490 
108850 3542 3495 
108900 3552 3498 
108950 3539 3481 
109000 3553 3512 
109050 3549 3428 
109100 3561 3344 
109150 3551 3238 
109200 3534 3076 
109250 3537 2945 
109300 3556 2866 
109350 3555 2787 
109400 3552 2610 
109450 3549 2474 
109500 3554 2395 
109550 3551 3159 
109600 3543 3443 
109650 3559 3511 
109700 3555 3508 
109750 3549 3508 
109800 3544 3510 
109850 3551 3500 
109900 3547 3493 
109950 3542 3492 
110000 3537 3485 
110050 3544 3420 
110100 3543 3292 
110150 3547 3130 
110200 3546 3008 
110250 3560 2848 
110300 3566 2703 
110350 3546 2630 
110400 3563 2520 
110450 3537 2379 
110500 3546 2322 
110550 3559 3134 
110600 3529 3417 
110650 3537 3481 
110700 3545 3490 
110750 3542 3493 
110800 3551 3505 
110850 3546 3484 
110900 3555 3505 
110950 3558 3524 
111000 3559 3518 
111050 3548 3450 
111100 3551 3326 
111150 3559 3179 
111200 3554 3026 
111250 3556 2811 
111300 3563 2844 
111350 3542 2689 
111400 3548 2554 
111450 3537 2506 
111500 3536 2445 
111550 3548 3181 
111600 3557 3452 
111650 3557 3511 
111700 3549 3509 
111750 3567 3515 
111800 3557 3497 
111850 3551 3490 
111900 3556 3520 
111950 3546 3506 
112000 3554 3515 
112050 3536 3428 
112100 3540 3319 
112150 3556 3167 
112200 3545 3015 
112250 3565 2917 
112300 3541 2740 
112350 3557 2667 
112400 3561 2619 
112450 3556 2521 
112500 3565 2367 
112550 3540 3092 
112600 3542 3434 
112650 3552 3491 
112700 3542 3479 
112750 3555 3506 
112800 3539 3495 
112850 3541 3470 
112900 3543 3481 
112950 3551 3505 
113000 3550 3500 
113050 3558 3480 
113100 3552 3317 
113150 3545 3211 
113200 3558 3108 
113250 3556 2980 
113300 3547 2879 
113350 3547 2846 
113400 3545 2725 
113450 3545 2651 
113500 3547 2532 
113550 3526 3174 
113600 3555 3456 
113650 3556 3504 
113700 3548 3497 
113750 3544 3496 
113800 3548 3504 
113850 3562 3518 
113900 3548 3498 
113950 3548 3510 
114000 3536 3486 
114050 3537 3442 
114100 3557 3293 
114150 3552 3167 
114200 3539 2991 
114250 3558 2856 
114300 3538 2696 
114350 3551 2614 
114400 3545 2477 
114450 3538 2471 
114500 3542 2369 
114550 3531 3193 
114600 3528 3430 
114650 3556 3505 
114700 3538 3503 
114750 3556 3507 
114800 3555 3499 
114850 3560 3506 
114900 3547 3497 
114950 3552 3503 
115000 3555 3497 
115050 3542 3419 
115100 3551 3222 
115150 3549 3146 
115200 3540 3051 
115250 3559 2938 
115300 3555 2792 
115350 3554 2768 
115400 3556 2675 
115450 3561 2589 
115500 3560 2486 
115550 3553 3169 
115600 3549 3450 
115650 3558 3510 
115700 3565 3533 
115750 3553 3520 
115800 3554 3508 
115850 3546 3492 
115900 3545 3499 
115950 3559 3523 
116000 3553 3487 
116050 3544 3420 
116100 3565 3324 
116150 3553 3163 
116200 3544 3002 
116250 3562 2981 
116300 3553 2927 
116350 3560 2807 
116400 3554 2775 
116450 3558 2689 
116500 3555 2621 
116550 3554 3219 
116600 3553 3458 
116650 3560 3502 
116700 3546 3484 
116750 3548 3503 
116800 3556 3507 
116850 3530 3470 
116900 3541 3492 
116950 3557 3516 
117000 3555 3507 
117050 3547 3457 
117100 3551 3354 
117150 3550 3217 
117200 3547 3071 
117250 3548 3002 
117300 3549 2909 
117350 3555 2872 
117400 3564 2796 
117450 3551 2756 
117500 3555 2724 
117550 3553 3270 
117600 3544 3479 
117650 3552 3517 
117700 3549 3503 
117750 3543 3504 
117800 3547 3495 
117850 3553 3505 
117900 3557 3502 
117950 3541 3500 
118000 3552 3495 
118050 3552 3392 
118100 3564 3304 
118150 3566 3158 
118200 3566 3059 
118250 3540 2944 
118300 3565 2887 
118350 3547 2813 
118400 3559 2717 
118450 3562 2644 
118500 3554 2646 
118550 3540 3237 
118600 3552 3489 
118650 3560 3510 
118700 3560 3501 
118750 3553 3521 
118800 3549 3500 
118850 3555 3505 
118900 3563 3521 
118950 3552 3514 
119000 3552 3511 
119050 3552 3441 
119100 3549 3360 
119150 3560 3300 
119200 3545 3181 
119250 3558 3107 
119300 3539 2962 
119350 3546 2919 
119400 3557 2846 
119450 3550 2756 
119500 3557 2721 
119550 3558 3219 
119600 3556 3429 
119650 3554 3499 
119700 3562 3513 
119750 3553 3525 
119800 3552 3495 
119850 3542 3494 
119900 3539 3479 
119950 3559 3510 
120000 3565 3527 
120050 3561 3440 
120100 3554 3312 
120150 3567 3257 
120200 3560 3110 
120250 3557 3020 
120300 3564 2902 
120350 3545 2869 
120400 3567 2836 
120450 3557 2795 
120500 3564 2689 
120550 3540 3244 
120600 3555 3482 
120650 3547 3499 
120700 3546 3506 
120750 3557 3515 
120800 3555 3511 
120850 3550 3502 
120900 3545 3508 
120950 3558 3522 
121000 3557 3501 
121050 3542 3439 
121100 3550 3347 
121150 3561 3226 
121200 3561 3162 
121250 3556 3066 
121300 3554 3003 
121350 3545 2875 
121400 3553 2857 
121450 3556 2655 
121500 3546 2609 
121550 3541 3200 
121600 3544 3455 
121650 3546 3486 
121700 3550 3513 
121750 3573 3535 
121800 3554 3519 
121850 3558 3501 
121900 3562 3522 
121950 3547 3516 
122000 3540 3496 
122050 3545 3458 
122100 3557 3364 
122150 3556 3303 
122200 3552 3137 
122250 3549 2943 
122300 3543 2861 
122350 3556 2790 
122400 3549 2738 
122450 3556 2642 
122500 3554 2612 
122550 3544 3247 
122600 3547 3462 
122650 3556 3511 
122700 3549 3509 
122750 3562 3521 
122800 3551 3497 
122850 3545 3501 
122900 3555 3524 
122950 3548 3488 
123000 3545 3497 
123050 3532 3405 
123100 3548 3320 
123150 3551 3252 
123200 3549 3177 
123250 3553 3079 
123300 3560 2975 
123350 3561 2853 
123400 3553 2757 
123450 3554 2690 
123500 3548 2631 
123550 3553 3220 
123600 3556 3444 
123650 3548 3493 
123700 3551 3487 
123750 3554 3515 
123800 3545 3497 
123850 3558 3509 
123900 3553 3491 
123950 3554 3489 
124000 3550 3497 
124050 3558 3442 
124100 3566 3312 
124150 3540 3177 
124200 3553 3071 
124250 3535 2904 
124300 3562 2862 
124350 3554 2818 
124400 3567 2739 
124450 3566 2728 
124500 3565 2687 
124550 3564 3213 
124600 3539 3439 
124650 3548 3501 
124700 3573 3522 
124750 3551 3491 
124800 3536 3485 
124850 3561 3528 
124900 3563 3515 
124950 3565 3520 
125000 3556 3513 
125050 3562 3442 
125100 3546 3351 
125150 3567 3217 
125200 3559 3090 
125250 3558 3017 
125300 3541 2858 
125350 3547 2758 
125400 3552 2693 
125450 3551 2586 
125500 3542 2546 
125550 3552 3184 
125600 3558 3453 
125650 3548 3501 
125700 3550 3492 
125750 3536 3485 
125800 3555 3510 
125850 3544 3501 
125900 3553 3501 
125950 3568 3528 
126000 3553 3503 
126050 3569 3447 
126100 3543 3303 
126150 3563 3227 
126200 3567 3114 
126250 3559 2990 
126300 3571 2868 
126350 3540 2738 
126400 3560 2602 
126450 3552 2505 
126500 3554 2474 
126550 3548 3196 
126600 3540 3460 
126650 3548 3500 
126700 3538 3484 
126750 3553 3510 
126800 3540 3513 
126850 3563 3519 
126900 3556 3522 
126950 3558 3521 
127000 3571 3518 
127050 3558 3463 
127100 3555 3336 
127150 3543 3230 
127200 3562 3205 
127250 3561 3071 
127300 3546 2928 
127350 3554 2827 
127400 3555 2722 
127450 3550 2607 
127500 3554 2511 
127550 3531 3177 
127600 3552 3450 
127650 3551 3511 
127700 3546 3516 
127750 3550 3521 
127800 3557 3515 
127850 3557 3528 
127900 3543 3492 
127950 3555 3510 
128000 3554 3500 
128050 3549 3435 
128100 3537 3323 
128150 3564 3250 
128200 3557 3105 
128250 3574 2994 
128300 3558 2862 
128350 3540 2787 
128400 3550 2709 
128450 3560 2604 
128500 3542 2553 
128550 3553 3196 
128600 3559 3444 
128650 3561 3510 
128700 3569 3515 
128750 3546 3498 
128800 3559 3506 
128850 3562 3525 
128900 3545 3493 
128950 3554 3512 
129000 3560 3514 
129050 3562 3448 
129100 3564 3326 
129150 3556 3213 
129200 3554 3105 
129250 3549 2987 
129300 3560 2895 
129350 3564 2849 
129400 3571 2850 
129450 3537 2761 
129500 3559 2735 
129550 3550 3248 
129600 3559 3465 
129650 3567 3515 
129700 3563 3515 
129750 3558 3501 
129800 3557 3507 
129850 3570 3517 
129900 3560 3514 
129950 3553 3502 
130000 3570 3530 
130050 3563 3474 
130100 3563 3399 
130150 3565 3283 
130200 3563 3173 
130250 3557 3057 
130300 3565 2971 
130350 3547 2800 
130400 3554 2674 
130450 3558 2538 
130500 3535 2370 
130550 3564 3169 
130600 3552 3429 
130650 3560 3523 
130700 3556 3503 
130750 3567 3523 
130800 3562 3512 
130850 3558 3514 
130900 3556 3485 
130950 3566 3510 
131000 3554 3499 
131050 3554 3418 
131100 3549 3296 
131150 3556 3146 
131200 3564 3035 
131250 3561 3011 
131300 3561 2940 
131350 3559 2922 
131400 3550 2857 
131450 3561 2789 
131500 3565 2729 
131550 3559 3288 
131600 3555 3475 
131650 3573 3525 
131700 3560 3512 
131750 3555 3510 
131800 3566 3524 
131850 3558 3519 
131900 3551 3495 
131950 3553 3521 
132000 3557 3493 
132050 3562 3435 
132100 3544 3327 
132150 3549 3238 
132200 3558 3128 
132250 3545 2971 
132300 3549 2868 
132350 3544 2688 
132400 3557 2622 
132450 3546 2610 
132500 3542 2507 
132550 3550 3164 
132600 3557 3432 
132650 3558 3509 
132700 3553 3499 
132750 3537 3497 
132800 3555 3518 
132850 3548 3495 
132900 3554 3511 
132950 3563 3513 
133000 3554 3515 
133050 3561 3441 
133100 3568 3295 
133150 3564 3110 
133200 3565 2974 
133250 3555 2876 
133300 3562 2765 
133350 3558 2632 
133400 3558 2531 
133450 3542 2561 
133500 3564 2504 
133550 3553 3196 
133600 3551 3472 
133650 3557 3498 
133700 3562 3508 
133750 3566 3510 
133800 3568 3525 
133850 3556 3501 
133900 3550 3502 
133950 3538 3506 
134000 3553 3517 
134050 3556 3440 
134100 3550 3314 
134150 3557 3197 
134200 3556 3050 
134250 3563 2985 
134300 3553 2838 
134350 3556 2741 
134400 3566 2648 
134450 3558 2484 
134500 3544 2343 
134550 3556 3136 
134600 3561 3437 
134650 3563 3512 
134700 3565 3523 
134750 3566 3513 
134800 3554 3503 
134850 3553 3494 
134900 3540 3512 
134950 3563 3509 
135000 3563 3498 
135050 3558 3446 
135100 3550 3330 
135150 3558 3190 
135200 3548 3122 
135250 3550 3040 
135300 3564 2987 
135350 3556 2875 
135400 3546 2825 
135450 3549 2759 
135500 3547 2660 
135550 3550 3295 
135600 3562 3480 
135650 3565 3517 
135700 3561 3508 
135750 3559 3510 
135800 3560 3508 
135850 3545 3491 
135900 3543 3480 
135950 3564 3513 
136000 3545 3502 
136050 3561 3449 
136100 3542 3287 
136150 3562 3083 
136200 3559 2938 
136250 3556 2757 
136300 3545 2680 
136350 3556 2573 
136400 3555 2486 
136450 3554 2443 
136500 3547 2378 
136550 3554 3129 
136600 3548 3467 
136650 3566 3514 
136700 3549 3500 
136750 3562 3492 
136800 3567 3513 
136850 3568 3513 
136900 3549 3485 
136950 3553 3491 
137000 3549 3487 
137050 3558 3419 
137100 3555 3359 
137150 3553 3251 
137200 3563 3205 
137250 3563 3066 
137300 3563 2994 
137350 3571 2871 
137400 3559 2842 
137450 3566 2780 
137500 3559 2720 
137550 3548 3230 
137600 3567 3476 
137650 3562 3507 
137700 3577 3516 
137750 3562 3517 
137800 3573 3526 
137850 3566 3513 
137900 3563 3521 
137950 3548 3482 
138000 3564 3488 
138050 3542 3430 
138100 3559 3296 
138150 3558 3188 
138200 3551 3077 
138250 3552 3025 
138300 3545 2898 
138350 3567 2846 
138400 3545 2731 
138450 3547 2639 
138500 3561 2597 
138550 3568 3225 
138600 3556 3451 
138650 3543 3490 
138700 3546 3496 
138750 3570 3516 
138800 3543 3506 
138850 3571 3523 
138900 3561 3517 
138950 3552 3504 
139000 3558 3486 
139050 3563 3453 
139100 3560 3385 
139150 3543 3222 
139200 3556 3181 
139250 3560 3118 
139300 3557 2976 
139350 3556 2927 
139400 3538 2843 
139450 3561 2781 
139500 3540 2657 
139550 3557 3255 
139600 3561 3472 
139650 3560 3514 
139700 3541 3520 
139750 3551 3501 
139800 3551 3513 
139850 3540 3495 
139900 3552 3505 
139950 3552 3500 
140000 3561 3516 
140050 3550 3427 
140100 3560 3314 
140150 3558 3194 
140200 3561 3103 
140250 3558 3011 
140300 3554 2968 
140350 3544 2859 
140400 3557 2801 
140450 3559 2734 
140500 3555 2662 
140550 3542 3265 
140600 3550 3476 
140650 3551 3504 
140700 3549 3510 
140750 3556 3509 
140800 3553 3513 
140850 3565 3514 
140900 3562 3507 
140950 3555 3518 
141000 3549 3521 
141050 3557 3464 
141100 3556 3380 
141150 3549 3280 
141200 3552 3176 
141250 3554 3084 
141300 3562 3032 
141350 3561 2913 
141400 3553 2772 
141450 3556 2711 
141500 3537 2657 
141550 3550 3232 
141600 3558 3478 
141650 3553 3509 
141700 3556 3513 
141750 3571 3530 
141800 3556 3518 
141850 3560 3522 
141900 3568 3518 
141950 3548 3500 
142000 3537 3487 
142050 3545 3446 
142100 3553 3320 
142150 3555 3171 
142200 3554 3001 
142250 3553 2906 
142300 3540 2758 
142350 3547 2702 
142400 3559 2575 
142450 3551 2502 
142500 3553 2465 
142550 3554 3271 
142600 3558 3484 
142650 3543 3499 
142700 3565 3512 
142750 3538 3490 
142800 3542 3495 
142850 3560 3508 
142900 3558 3507 
142950 3558 3518 
143000 3556 3518 
143050 3548 3416 
143100 3554 3339 
143150 3551 3224 
143200 3560 3149 
143250 3543 3077 
143300 3565 3079 
143350 3560 3058 
143400 3557 2969 
143450 3553 2869 
143500 3559 2738 
143550 3543 3237 
143600 3543 3436 
143650 3562 3505 
143700 3555 3504 
143750 3545 3500 
143800 3558 3503 
143850 3553 3499 
143900 3566 3521 
143950 3559 3509 
144000 3565 3504 
144050 3551 3436 
144100 3563 3312 
144150 3549 3178 
144200 3542 3098 
144250 3557 3044 
144300 3567 2927 
144350 3554 2831 
144400 3555 2732 
144450 3563 2677 
144500 3556 2632 
144550 3558 3244 
144600 3554 3479 
144650 3552 3500 
144700 3561 3513 
144750 3554 3524 
144800 3558 3521 
144850 3559 3503 
144900 3556 3511 
144950 3566 3517 
145000 3557 3504 
145050 3574 3450 
145100 3565 3337 
145150 3554 3212 
145200 3557 3094 
145250 3553 3023 
145300 3549 2882 
145350 3563 2834 
145400 3563 2722 
145450 3569 2660 
145500 3558 2569 
145550 3550 3182 
145600 3559 3452 
145650 3574 3515 
145700 3556 3511 
145750 3532 3491 
145800 3564 3511 
145850 3554 3483 
145900 3552 3499 
145950 3550 3513 
146000 3558 3507 
146050 3546 3438 
146100 3561 3347 
146150 3548 3181 
146200 3555 3082 
146250 3562 2983 
146300 3552 2899 
146350 3566 2815 
146400 3550 2639 
146450 3558 2523 
146500 3552 2482 
146550 3536 3169 
146600 3560 3471 
146650 3566 3512 
146700 3563 3530 
146750 3560 3512 
146800 3552 3498 
146850 3549 3497 
146900 3566 3521 
146950 3553 3515 
147000 3557 3507 
147050 3552 3415 
147100 3564 3282 
147150 3564 3194 
147200 3561 3107 
147250 3571 2968 
147300 3561 2884 
147350 3549 2773 
147400 3563 2749 
147450 3559 2698 
147500 3565 2641 
147550 3561 3273 
147600 3568 3503 
147650 3566 3532 
147700 3565 3514 
147750 3552 3513 
147800 3553 3497 
147850 3555 3519 
147900 3555 3510 
147950 3557 3507 
148000 3567 3526 
148050 3572 3443 
148100 3566 3375 
148150 3556 3276 
148200 3543 3196 
148250 3555 3132 
148300 3558 2977 
148350 3568 2907 
148400 3562 2797 
148450 3542 2772 
148500 3548 2696 
148550 3558 3251 
148600 3549 3435 
148650 3561 3506 
148700 3540 3499 
148750 3539 3510 
148800 3558 3493 
148850 3558 3490 
148900 3564 3500 
148950 3555 3497 
149000 3561 3517 
149050 3565 3477 
149100 3565 3401 
149150 3552 3262 
149200 3556 3136 
149250 3562 3102 
149300 3556 3016 
149350 3556 2848 
149400 3554 2657 
149450 3548 2593 
149500 3551 2446 
149550 3560 3126 
149600 3568 3463 
149650 3553 3510 
149700 3565 3527 
149750 3546 3500 
149800 3572 3532 
149850 3570 3520 
149900 3559 3506 
149950 3565 3528 
150000 3568 3531 
150050 3554 3437 
150100 3561 3325 
150150 3549 3219 
150200 3548 3101 
150250 3569 3077 
150300 3553 3004 
150350 3556 2932 
150400 3563 2875 
150450 3555 2778 
150500 3562 2669 
150550 3537 3244 
150600 3549 3461 
150650 3561 3498 
150700 3566 3510 
150750 3563 3522 
150800 3557 3525 
150850 3556 3522 
150900 3556 3511 
150950 3556 3506 
151000 3568 3519 
151050 3559 3455 
151100 3553 3311 
151150 3560 3209 
151200 3562 3105 
151250 3565 3013 
151300 3573 2946 
151350 3558 2906 
151400 3561 2845 
151450 3556 2743 
151500 3557 2636 
151550 3549 3229 
151600 3566 3490 
151650 3564 3506 
151700 3560 3509 
151750 3557 3513 
151800 3564 3528 
151850 3558 3501 
151900 3541 3491 
151950 3552 3515 
152000 3561 3523 
152050 3560 3461 
152100 3569 3343 
152150 3568 3195 
152200 3560 3119 
152250 3559 3094 
152300 3576 3012 
152350 3568 2921 
152400 3562 2852 
152450 3548 2758 
152500 3567 2804 
152550 3559 3291 
152600 3558 3469 
152650 3570 3521 
152700 3555 3496 
152750 3559 3511 
152800 3558 3523 
152850 3548 3494 
152900 3551 3505 
152950 3550 3514 
153000 3557 3512 
153050 3564 3414 
153100 3565 3351 
153150 3545 3240 
153200 3557 3153 
153250 3566 3098 
153300 3561 2974 
153350 3548 2853 
153400 3567 2758 
153450 3557 2697 
153500 3562 2587 
153550 3555 3210 
153600 3567 3476 
153650 3556 3509 
153700 3554 3490 
153750 3557 3512 
153800 3565 3505 
153850 3559 3502 
153900 3554 3511 
153950 3549 3495 
154000 3546 3501 
154050 3558 3438 
154100 3554 3335 
154150 3543 3246 
154200 3542 3197 
154250 3546 3128 
154300 3550 3016 
154350 3551 2939 
154400 3547 2829 
154450 3550 2819 
154500 3557 2754 
154550 3548 3273 
154600 3540 3445 
154650 3564 3497 
154700 3548 3513 
154750 3558 3517 
154800 3546 3494 
154850 3562 3499 
154900 3550 3480 
154950 3559 3512 
155000 3557 3509 
155050 3549 3424 
155100 3552 3310 
155150 3550 3236 
155200 3556 3146 
155250 3540 2983 
155300 3555 2929 
155350 3557 2928 
155400 3565 2844 
155450 3560 2734 
155500 3527 2554 
155550 3562 3259 
155600 3560 3471 
155650 3556 3499 
155700 3549 3506 
155750 3553 3506 
155800 3567 3510 
155850 3551 3518 
155900 3555 3493 
155950 3547 3503 
156000 3543 3503 
156050 3552 3440 
156100 3560 3337 
156150 3558 3224 
156200 3560 3149 
156250 3553 3069 
156300 3552 2977 
156350 3560 2890 
156400 3537 2840 
156450 3555 2864 
156500 3560 2812 
156550 3544 3324 
156600 3568 3498 
156650 3556 3506 
156700 3540 3505 
156750 3561 3515 
156800 3558 3502 
156850 3552 3481 
156900 3542 3479 
156950 3542 3499 
157000 3543 3497 
157050 3552 3383 
157100 3564 3280 
157150 3561 3169 
157200 3560 3083 
157250 3555 2964 
157300 3563 2832 
157350 3552 2776 
157400 3561 2725 
157450 3558 2620 
157500 3547 2498 
157550 3550 3210 
157600 3551 3428 
157650 3554 3497 
157700 3555 3498 
157750 3549 3501 
157800 3547 3489 
157850 3536 3483 
157900 3554 3519 
157950 3548 3499 
158000 3546 3499 
158050 3561 3454 
158100 3558 3346 
158150 3567 3211 
158200 3554 3121 
158250 3563 3042 
158300 3573 2925 
158350 3546 2871 
158400 3550 2790 
158450 3558 2731 
158500 3549 2674 
158550 3538 3233 
158600 3562 3486 
158650 3547 3490 
158700 3554 3493 
158750 3554 3504 
158800 3568 3521 
158850 3556 3523 
158900 3550 3489 
158950 3569 3510 
159000 3548 3465 
159050 3555 3425 
159100 3559 3353 
159150 3555 3219 
159200 3558 3170 
159250 3562 3120 
159300 3553 3032 
159350 3562 2965 
159400 3553 2834 
159450 3554 2697 
159500 3559 2607 
159550 3551 3215 
159600 3539 3464 
159650 3555 3503 
159700 3555 3505 
159750 3554 3505 
159800 3573 3516 
159850 3563 3514 
159900 3563 3515 
159950 3552 3494 
160000 3549 3486 
160050 3545 3392 
160100 3549 3288 
160150 3546 3214 
160200 3561 3064 
160250 3560 3003 
160300 3566 2921 
160350 3557 2841 
160400 3561 2757 
160450 3566 2676 
160500 3558 2620 
160550 3552 3265 
160600 3570 3492 
160650 3554 3513 
160700 3560 3507 
160750 3559 3506 
160800 3563 3515 
160850 3550 3487 
160900 3545 3498 
160950 3551 3508 
161000 3543 3501 
161050 3573 3444 
161100 3563 3343 
161150 3550 3208 
161200 3566 3117 
161250 3561 2944 
161300 3552 2865 
161350 3541 2739 
161400 3560 2659 
161450 3565 2558 
161500 3559 2437 
161550 3550 3204 
161600 3549 3450 
161650 3560 3505 
161700 3549 3522 
161750 3566 3516 
161800 3548 3499 
161850 3558 3497 
161900 3557 3501 
161950 3548 3490 
162000 3551 3502 
162050 3558 3460 
162100 3575 3369 
162150 3556 3238 
162200 3548 3079 
162250 3538 2952 
162300 3550 2885 
162350 3537 2763 
162400 3544 2722 
162450 3569 2715 
162500 3557 2675 
162550 3553 3186 
162600 3544 3428 
162650 3556 3478 
162700 3552 3491 
162750 3558 3516 
162800 3561 3505 
162850 3559 3515 
162900 3558 3514 
162950 3551 3507 
163000 3548 3489 
163050 3540 3419 
163100 3539 3323 
163150 3563 3289 
163200 3543 3155 
163250 3546 3060 
163300 3545 2954 
163350 3549 2864 
163400 3557 2783 
163450 3570 2668 
163500 3554 2534 
163550 3551 3206 
163600 3553 3468 
163650 3547 3480 
163700 3563 3513 
163750 3561 3522 
163800 3552 3507 
163850 3549 3499 
163900 3565 3526 
163950 3540 3501 
164000 3555 3519 
164050 3557 3462 
164100 3555 3316 
164150 3538 3180 
164200 3537 3102 
164250 3561 3012 
164300 3549 2959 
164350 3555 2893 
164400 3556 2883 
164450 3564 2865 
164500 3552 2740 
164550 3540 3270 
164600 3556 3476 
164650 3546 3502 
164700 3555 3519 
164750 3562 3510 
164800 3560 3494 
164850 3559 3527 
164900 3554 3501 
164950 3548 3492 
165000 3556 3506 
165050 3554 3456 
165100 3539 3308 
165150 3557 3234 
165200 3533 3069 
165250 3550 2921 
165300 3542 2813 
165350 3557 2673 
165400 3552 2573 
165450 3555 2460 
165500 3568 2437 
165550 3543 3171 
165600 3543 3455 
165650 3544 3497 
165700 3563 3524 
165750 3555 3495 
165800 3564 3517 
165850 3562 3525 
165900 3557 3509 
165950 3561 3525 
166000 3541 3491 
166050 3557 3408 
166100 3555 3319 
166150 3553 3144 
166200 3562 3043 
166250 3558 2910 
166300 3553 2790 
166350 3558 2679 
166400 3545 2509 
166450 3535 2473 
166500 3544 2347 
166550 3549 3133 
166600 3555 3440 
166650 3557 3495 
166700 3551 3498 
166750 3560 3500 
166800 3548 3485 
166850 3561 3501 
166900 3562 3519 
166950 3550 3495 
167000 3563 3513 
167050 3557 3435 
167100 3549 3347 
167150 3552 3225 
167200 3550 3120 
167250 3555 3053 
167300 3563 2948 
167350 3558 2786 
167400 3545 2666 
167450 3563 2655 
167500 3565 2565 
167550 3564 3234 
167600 3542 3446 
167650 3553 3501 
167700 3553 3507 
167750 3560 3527 
167800 3572 3511 
167850 3573 3518 
167900 3534 3481 
167950 3546 3497 
168000 3543 3504 
168050 3565 3428 
168100 3553 3306 
168150 3549 3220 
168200 3555 3161 
168250 3541 3052 
168300 3560 2907 
168350 3548 2799 
168400 3549 2712 
168450 3563 2696 
168500 3564 2633 
168550 3547 3216 
168600 3546 3457 
168650 3559 3494 
168700 3545 3493 
168750 3567 3509 
168800 3557 3495 
168850 3560 3523 
168900 3556 3503 
168950 3547 3476 
169000 3545 3488 
169050 3534 3412 
169100 3553 3348 
169150 3527 3187 
169200 3555 3074 
169250 3559 3029 
169300 3549 2971 
169350 3556 2938 
169400 3568 2909 
169450 3545 2816 
169500 3555 2691 
169550 3538 3251 
169600 3562 3456 
169650 3556 3502 
169700 3559 3510 
169750 3563 3508 
169800 3560 3532 
169850 3558 3507 
169900 3567 3510 
169950 3532 3481 
170000 3539 3478 
170050 3562 3425 
170100 3547 3325 
170150 3552 3185 
170200 3548 3099 
170250 3551 3000 
170300 3546 2907 
170350 3551 2782 
170400 3547 2603 
170450 3551 2581 
170500 3552 2484 
170550 3546 3196 
170600 3548 3449 
170650 3538 3492 
170700 3545 3491 
170750 3552 3492 
170800 3564 3519 
170850 3551 3494 
170900 3553 3507 
170950 3548 3516 
171000 3535 3480 
171050 3555 3408 
171100 3555 3286 
171150 3548 3160 
171200 3561 3064 
171250 3559 2954 
171300 3559 2824 
171350 3536 2686 
171400 3551 2624 
171450 3562 2526 
171500 3549 2434 
171550 3556 3205 
171600 3542 3428 
171650 3549 3502 
171700 3543 3512 
171750 3533 3480 
171800 3549 3503 
171850 3542 3490 
171900 3552 3497 
171950 3565 3521 
172000 3546 3495 
172050 3571 3452 
172100 3550 3311 
172150 3556 3198 
172200 3544 3039 
172250 3545 2993 
172300 3549 2996 
172350 3546 2924 
172400 3544 2837 
172450 3543 2697 
172500 3555 2543 
172550 3558 3215 
172600 3556 3461 
172650 3533 3495 
172700 3536 3497 
172750 3556 3501 
172800 3555 3511 
172850 3539 3487 
172900 3558 3502 
172950 3546 3498 
173000 3568 3526 
173050 3543 3414 
173100 3552 3344 
173150 3554 3254 
173200 3544 3110 
173250 3547 2952 
173300 3566 2932 
173350 3555 2773 
173400 3554 2646 
173450 3547 2548 
173500 3556 2530 
173550 3568 3184 
173600 3549 3438 
173650 3548 3481 
173700 3558 3506 
173750 3560 3518 
173800 3540 3490 
173850 3551 3505 
173900 3552 3502 
173950 3560 3521 
174000 3556 3501 
174050 3545 3426 
174100 3537 3320 
174150 3548 3288 
174200 3531 3216 
174250 3545 3068 
174300 3562 2976 
174350 3548 2892 
174400 3564 2813 
174450 3542 2734 
174500 3548 2655 
174550 3540 3201 
174600 3547 3468 
174650 3553 3493 
174700 3559 3497 
174750 3541 3496 
174800 3534 3472 
174850 3544 3495 
174900 3558 3519 
174950 3555 3504 
175000 3562 3522 
175050 3552 3419 
175100 3567 3311 
175150 3556 3174 
175200 3554 3061 
175250 3543 2869 
175300 3553 2789 
175350 3559 2677 
175400 3552 2613 
175450 3544 2523 
175500 3538 2468 
175550 3543 3172 
175600 3543 3439 
175650 3552 3486 
175700 3535 3472 
175750 3547 3487 
175800 3544 3503 
175850 3541 3506 
175900 3553 3491 
175950 3547 3492 
176000 3555 3524 
176050 3550 3431 
176100 3569 3315 
176150 3560 3171 
176200 3554 3085 
176250 3542 2997 
176300 3557 2944 
176350 3538 2866 
176400 3544 2720 
176450 3547 2599 
176500 3548 2609 
176550 3550 3213 
176600 3550 3453 
176650 3549 3495 
176700 3560 3505 
176750 3563 3492 
176800 3554 3510 
176850 3543 3498 
176900 3545 3481 
176950 3535 3480 
177000 3542 3520 
177050 3549 3452 
177100 3571 3370 
177150 3565 3286 
177200 3562 3159 
177250 3562 2983 
177300 3554 2909 
177350 3554 2770 
177400 3554 2703 
177450 3554 2549 
177500 3540 2424 
177550 3538 3177 
177600 3553 3480 
177650 3560 3498 
177700 3552 3500 
177750 3556 3498 
177800 3548 3494 
177850 3554 3506 
177900 3529 3471 
177950 3549 3520 
178000 3546 3492 
178050 3541 3411 
178100 3561 3343 
178150 3559 3227 
178200 3549 3116 
178250 3529 3027 
178300 3536 2879 
178350 3545 2782 
178400 3549 2746 
178450 3549 2536 
178500 3520 2497 
178550 3539 3185 
178600 3555 3463 
178650 3549 3488 
178700 3551 3506 
178750 3553 3506 
178800 3561 3506 
178850 3563 3509 
178900 3564 3521 
178950 3548 3504 
179000 3564 3515 
179050 3551 3464 
179100 3548 3382 
179150 3544 3271 
179200 3551 3200 
179250 3559 3057 
179300 3554 2990 
179350 3556 2969 
179400 3554 2897 
179450 3553 2899 
179500 3544 2838 
179550 3531 3287 
179600 3551 3475 
179650 3531 3477 
179700 3555 3511 
179750 3576 3536 
179800 3559 3522 
179850 3552 3518 
179900 3556 3516 
179950 3562 3511 
180000 3539 3479 
180050 3555 3428 
180100 3554 3297 
180150 3547 3148 
180200 3550 3063 
180250 3553 2945 
180300 3549 2787 
180350 3553 2687 
180400 3556 2667 
180450 3552 2615 
180500 3557 2585 
180550 3536 3182 
180600 3536 3445 
180650 3556 3501 
180700 3562 3513 
180750 3563 3521 
180800 3556 3508 
180850 3552 3513 
180900 3540 3497 
180950 3537 3495 
181000 3556 3501 
181050 3544 3377 
181100 3536 3256 
181150 3559 3160 
181200 3571 3074 
181250 3539 2938 
181300 3562 2887 
181350 3546 2748 
181400 3545 2681 
181450 3542 2662 
181500 3557 2597 
181550 3557 3150 
181600 3558 3395 
181650 3551 3476 
181700 3551 3492 
181750 3569 3526 
181800 3548 3497 
181850 3542 3487 
181900 3542 3505 
181950 3551 3481 
182000 3544 3488 
182050 3548 3426 
182100 3558 3316 
182150 3556 3215 
182200 3553 3127 
182250 3551 3092 
182300 3539 2939 
182350 3541 2847 
182400 3559 2711 
182450 3557 2694 
182500 3543 2661 
182550 3560 3284 
182600 3546 3468 
182650 3565 3508 
182700 3546 3495 
182750 3553 3515 
182800 3553 3496 
182850 3560 3497 
182900 3556 3503 
182950 3553 3517 
183000 3547 3497 
183050 3560 3451 
183100 3552 3342 
183150 3561 3257 
183200 3549 3098 
183250 3542 2995 
183300 3550 2925 
183350 3550 2867 
183400 3555 2869 
183450 3542 2820 
183500 3548 2729 
183550 3546 3228 
183600 3555 3442 
183650 3547 3488 
183700 3566 3524 
183750 3553 3493 
183800 3559 3505 
183850 3547 3499 
183900 3550 3502 
183950 3549 3505 
184000 3549 3495 
184050 3549 3426 
184100 3552 3309 
184150 3552 3232 
184200 3547 3122 
184250 3543 3021 
184300 3553 2977 
184350 3555 2890 
184400 3550 2795 
184450 3541 2684 
184500 3557 2646 
184550 3549 3273 
184600 3546 3458 
184650 3569 3516 
184700 3543 3498 
184750 3554 3509 
184800 3561 3509 
184850 3549 3485 
184900 3559 3509 
184950 3559 3512 
185000 3563 3506 
185050 3541 3427 
185100 3541 3305 
185150 3555 3298 
185200 3551 3142 
185250 3545 3031 
185300 3546 2925 
185350 3555 2830 
185400 3549 2688 
185450 3544 2580 
185500 3570 2467 
185550 3561 3125 
185600 3556 3430 
185650 3542 3496 
185700 3563 3516 
185750 3556 3524 
185800 3555 3509 
185850 3562 3523 
185900 3568 3514 
185950 3537 3503 
186000 3544 3488 
186050 3561 3437 
186100 3563 3348 
186150 3548 3215 
186200 3554 3104 
186250 3566 3028 
186300 3549 2932 
186350 3555 2888 
186400 3553 2730 
186450 3561 2680 
186500 3534 2546 
186550 3553 3144 
186600 3546 3412 
186650 3556 3518 
186700 3551 3495 
186750 3559 3520 
186800 3559 3510 
186850 3555 3487 
186900 3554 3516 
186950 3536 3501 
187000 3561 3509 
187050 3562 3491 
187100 3544 3337 
187150 3561 3289 
187200 3541 3148 
187250 3563 3093 
187300 3571 3009 
187350 3567 2958 
187400 3569 2869 
187450 3561 2759 
187500 3561 2772 
187550 3558 3335 
187600 3552 3471 
187650 3555 3496 
187700 3564 3499 
187750 3551 3494 
187800 3563 3510 
187850 3562 3533 
187900 3555 3516 
187950 3548 3506 
188000 3540 3501 
188050 3559 3467 
188100 3567 3399 
188150 3544 3317 
188200 3539 3244 
188250 3557 3200 
188300 3561 3025 
188350 3553 2915 
188400 3554 2810 
188450 3552 2763 
188500 3566 2698 
188550 3560 3299 
188600 3559 3481 
188650 3561 3496 
188700 3560 3521 
188750 3563 3535 
188800 3557 3518 
188850 3550 3508 
188900 3553 3504 
188950 3564 3513 
189000 3558 3514 
189050 3547 3444 
189100 3569 3344 
189150 3559 3184 
189200 3565 3086 
189250 3562 2992 
189300 3566 2917 
189350 3558 2885 
189400 3552 2789 
189450 3558 2766 
189500 3544 2711 
189550 3547 3224 
189600 3564 3452 
189650 3559 3492 
189700 3559 3503 
189750 3557 3495 
189800 3561 3501 
189850 3566 3508 
189900 3548 3497 
189950 3569 3523 
190000 3556 3504 
190050 3559 3468 
190100 3555 3361 
190150 3553 3259 
190200 3545 3084 
190250 3552 3053 
190300 3557 2979 
190350 3553 2924 
190400 3558 2923 
190450 3542 2830 
190500 3553 2747 
190550 3556 3285 
190600 3542 3470 
190650 3554 3506 
190700 3554 3517 
190750 3557 3521 
190800 3539 3502 
190850 3560 3529 
190900 3539 3490 
190950 3561 3520 
191000 3564 3522 
191050 3561 3465 
191100 3557 3383 
191150 3542 3291 
191200 3562 3173 
191250 3553 3088 
191300 3548 3029 
191350 3542 2971 
191400 3557 2896 
191450 3545 2855 
191500 3564 2748 
191550 3551 3310 
191600 3566 3493 
191650 3556 3512 
191700 3542 3501 
191750 3542 3507 
191800 3559 3513 
191850 3550 3509 
191900 3539 3503 
191950 3550 3499 
192000 3554 3497 
192050 3549 3435 
192100 3572 3361 
192150 3557 3244 
192200 3567 3179 
192250 3571 3133 
192300 3562 3072 
192350 3552 3011 
192400 3566 2925 
192450 3553 2862 
192500 3573 2879 
192550 3558 3335 
192600 3552 3502 
192650 3559 3508 
192700 3562 3513 
192750 3551 3516 
192800 3566 3521 
192850 3556 3515 
192900 3565 3505 
192950 3573 3542 
193000 3563 3520 
193050 3558 3453 
193100 3561 3331 
193150 3558 3253 
193200 3558 3194 
193250 3554 3087 
193300 3551 2934 
193350 3550 2837 
193400 3556 2756 
193450 3563 2675 
193500 3561 2668 
193550 3560 3270 
193600 3561 3482 
193650 3561 3507 
193700 3558 3496 
193750 3563 3516 
193800 3562 3510 
193850 3546 3493 
193900 3549 3502 
193950 3564 3521 
194000 3571 3537 
194050 3556 3456 
194100 3568 3386 
194150 3542 3288 
194200 3559 3255 
194250 3572 3154 
194300 3565 3081 
194350 3552 2970 
194400 3555 2945 
194450 3559 2895 
194500 3551 2803 
194550 3552 3284 
194600 3548 3472 
194650 3559 3515 
194700 3565 3511 
194750 3562 3512 
194800 3552 3505 
194850 3560 3513 
194900 3566 3515 
194950 3569 3514 
195000 3562 3508 
195050 3558 3465 
195100 3563 3397 
195150 3564 3312 
195200 3554 3223 
195250 3573 3143 
195300 3564 3105 
195350 3553 2952 
195400 3564 2832 
195450 3567 2758 
195500 3559 2744 
195550 3536 3238 
195600 3554 3478 
195650 3547 3488 
195700 3550 3524 
195750 3569 3532 
195800 3556 3513 
195850 3557 3514 
195900 3563 3537 
195950 3565 3509 
196000 3546 3506 
196050 3568 3444 
196100 3560 3340 
196150 3558 3254 
196200 3558 3180 
196250 3558 3152 
196300 3561 2971 
196350 3553 2891 
196400 3559 2806 
196450 3569 2726 
196500 3544 2570 
196550 3550 3251 
196600 3558 3481 
196650 3534 3478 
196700 3551 3503 
196750 3563 3494 
196800 3560 3531 
196850 3555 3525 
196900 3547 3495 
196950 3549 3505 
197000 3546 3510 
197050 3567 3493 
197100 3562 3382 
197150 3560 3303 
197200 3552 3170 
197250 3561 3119 
197300 3554 3052 
197350 3553 2940 
197400 3560 2852 
197450 3559 2748 
197500 3557 2708 
197550 3566 3270 
197600 3568 3469 
197650 3564 3516 
197700 3549 3508 
197750 3555 3503 
197800 3551 3500 
197850 3557 3524 
197900 3550 3504 
197950 3561 3502 
198000 3556 3526 
198050 3559 3470 
198100 3558 3363 
198150 3553 3275 
198200 3555 3203 
198250 3567 3101 
198300 3549 2995 
198350 3551 2928 
198400 3547 2848 
198450 3559 2796 
198500 3550 2710 
198550 3548 3286 
198600 3560 3488 
198650 3555 3505 
198700 3564 3513 
198750 3542 3511 
198800 3539 3482 
198850 3534 3489 
198900 3554 3519 
198950 3556 3505 
199000 3561 3517 
199050 3555 3437 
199100 3564 3348 
199150 3552 3237 
199200 3555 3143 
199250 3550 3125 
199300 3535 2995 
199350 3547 2901 
199400 3559 2728 
199450 3549 2648 
199500 3555 2682 
199550 3539 3235 
199600 3554 3463 
199650 3552 3510 
199700 3554 3516 
199750 3542 3515 
199800 3555 3507 
199850 3564 3526 
199900 3536 3496 
199950 3555 3504 
200000 3558 3509 
