# Avida tasks data
# Sat Apr  7 01:47:03 2012
# First column gives the current update, next columns give the number
# of organisms that have the particular task as a component of their merit
#  1: Update
#  2: Xor
#  3: Equals

0 0 0 
50 8 8 
100 44 44 
150 119 119 
200 241 242 
250 428 428 
300 661 661 
350 927 927 
400 1296 1296 
450 1733 1731 
500 2172 2176 
550 2678 2679 
600 3130 3130 
650 3402 3400 
700 3522 3525 
750 3527 3534 
800 3534 3539 
850 3538 3536 
900 3531 3541 
950 3542 3546 
1000 3538 3541 
1050 3536 3534 
1100 3544 3528 
1150 3546 3524 
1200 3539 3503 
1250 3529 3498 
1300 3547 3507 
1350 3517 3480 
1400 3523 3462 
1450 3544 3491 
1500 3542 3473 
1550 3530 3488 
1600 3543 3522 
1650 3536 3531 
1700 3550 3550 
1750 3547 3546 
1800 3534 3535 
1850 3560 3557 
1900 3553 3556 
1950 3548 3545 
2000 3542 3540 
2050 3549 3545 
2100 3552 3535 
2150 3522 3494 
2200 3537 3498 
2250 3546 3485 
2300 3554 3501 
2350 3525 3476 
2400 3545 3491 
2450 3540 3481 
2500 3551 3481 
2550 3527 3507 
2600 3534 3534 
2650 3530 3531 
2700 3552 3556 
2750 3551 3551 
2800 3550 3560 
2850 3541 3534 
2900 3551 3556 
2950 3553 3557 
3000 3540 3541 
3050 3546 3547 
3100 3538 3527 
3150 3540 3528 
3200 3554 3537 
3250 3555 3537 
3300 3558 3539 
3350 3551 3530 
3400 3545 3507 
3450 3558 3522 
3500 3541 3492 
3550 3532 3493 
3600 3532 3519 
3650 3535 3531 
3700 3550 3550 
3750 3556 3556 
3800 3541 3542 
3850 3535 3533 
3900 3549 3546 
3950 3534 3533 
4000 3545 3552 
4050 3536 3533 
4100 3532 3522 
4150 3553 3539 
4200 3536 3517 
4250 3524 3505 
4300 3533 3506 
4350 3541 3490 
4400 3543 3482 
4450 3557 3468 
4500 3543 3424 
4550 3545 3479 
4600 3539 3520 
4650 3546 3540 
4700 3531 3538 
4750 3537 3543 
4800 3531 3526 
4850 3523 3527 
4900 3556 3553 
4950 3545 3546 
5000 3548 3552 
5050 3538 3528 
5100 3556 3551 
5150 3545 3534 
5200 3554 3545 
5250 3531 3519 
5300 3549 3535 
5350 3541 3523 
5400 3543 3526 
5450 3534 3498 
5500 3538 3504 
5550 3534 3524 
5600 3543 3538 
5650 3548 3544 
5700 3520 3518 
5750 3536 3529 
5800 3559 3555 
5850 3551 3552 
5900 3563 3561 
5950 3529 3529 
6000 3553 3547 
6050 3535 3532 
6100 3549 3526 
6150 3547 3509 
6200 3533 3495 
6250 3555 3492 
6300 3558 3483 
6350 3561 3456 
6400 3541 3429 
6450 3542 3433 
6500 3518 3409 
6550 3533 3480 
6600 3536 3516 
6650 3541 3538 
6700 3557 3562 
6750 3551 3544 
6800 3550 3549 
6850 3557 3557 
6900 3534 3539 
6950 3544 3547 
7000 3549 3545 
7050 3533 3535 
7100 3527 3521 
7150 3527 3517 
7200 3538 3518 
7250 3547 3495 
7300 3537 3470 
7350 3555 3454 
7400 3539 3450 
7450 3537 3435 
7500 3543 3405 
7550 3547 3460 
7600 3534 3507 
7650 3524 3520 
7700 3550 3542 
7750 3556 3551 
7800 3564 3560 
7850 3546 3546 
7900 3536 3530 
7950 3540 3544 
8000 3547 3539 
8050 3554 3554 
8100 3557 3539 
8150 3540 3519 
8200 3536 3511 
8250 3544 3514 
8300 3553 3525 
8350 3546 3530 
8400 3551 3525 
8450 3541 3511 
8500 3541 3499 
8550 3541 3517 
8600 3550 3536 
8650 3563 3562 
8700 3558 3559 
8750 3553 3551 
8800 3549 3547 
8850 3548 3548 
8900 3549 3542 
8950 3546 3543 
9000 3529 3531 
9050 3544 3537 
9100 3564 3542 
9150 3543 3517 
9200 3551 3477 
9250 3560 3481 
9300 3553 3467 
9350 3535 3418 
9400 3529 3380 
9450 3539 3383 
9500 3532 3349 
9550 3542 3459 
9600 3537 3518 
9650 3549 3551 
9700 3526 3528 
9750 3540 3543 
9800 3536 3538 
9850 3557 3555 
9900 3551 3552 
9950 3545 3543 
10000 3554 3556 
10050 3550 3548 
10100 3548 3533 
10150 3543 3515 
10200 3550 3506 
10250 3538 3464 
10300 3548 3483 
10350 3556 3491 
10400 3548 3463 
10450 3552 3457 
10500 3548 3447 
10550 3545 3520 
10600 3546 3544 
10650 3550 3552 
10700 3543 3542 
10750 3556 3556 
10800 3554 3552 
10850 3543 3543 
10900 3535 3529 
10950 3550 3548 
11000 3545 3546 
11050 3546 3534 
11100 3549 3502 
11150 3540 3475 
11200 3560 3488 
11250 3547 3459 
11300 3553 3436 
11350 3532 3409 
11400 3547 3380 
11450 3544 3343 
11500 3542 3314 
11550 3532 3442 
11600 3554 3542 
11650 3568 3566 
11700 3551 3554 
11750 3545 3544 
11800 3552 3544 
11850 3537 3537 
11900 3551 3548 
11950 3547 3545 
12000 3563 3563 
12050 3550 3538 
12100 3544 3501 
12150 3542 3497 
12200 3549 3496 
12250 3542 3483 
12300 3536 3458 
12350 3557 3439 
12400 3551 3444 
12450 3551 3451 
12500 3551 3429 
12550 3549 3507 
12600 3547 3538 
12650 3552 3550 
12700 3558 3559 
12750 3550 3553 
12800 3539 3539 
12850 3552 3551 
12900 3550 3550 
12950 3545 3543 
13000 3549 3550 
13050 3551 3543 
13100 3566 3540 
13150 3549 3482 
13200 3554 3486 
13250 3551 3486 
13300 3555 3464 
13350 3544 3439 
13400 3557 3436 
13450 3542 3420 
13500 3545 3386 
13550 3549 3500 
13600 3554 3547 
13650 3556 3548 
13700 3555 3551 
13750 3550 3550 
13800 3543 3539 
13850 3547 3546 
13900 3547 3543 
13950 3553 3550 
14000 3545 3548 
14050 3550 3543 
14100 3548 3532 
14150 3543 3514 
14200 3551 3523 
14250 3550 3504 
14300 3552 3484 
14350 3533 3463 
14400 3559 3443 
14450 3543 3401 
14500 3562 3412 
14550 3548 3517 
14600 3559 3554 
14650 3557 3554 
14700 3532 3533 
14750 3562 3557 
14800 3556 3548 
14850 3545 3538 
14900 3545 3540 
14950 3555 3553 
15000 3541 3540 
15050 3562 3563 
15100 3546 3540 
15150 3554 3531 
15200 3554 3522 
15250 3558 3503 
15300 3547 3468 
15350 3559 3474 
15400 3542 3419 
15450 3554 3394 
15500 3553 3363 
15550 3549 3489 
15600 3548 3541 
15650 3560 3556 
15700 3540 3539 
15750 3550 3544 
15800 3553 3555 
15850 3553 3547 
15900 3541 3542 
15950 3550 3547 
16000 3555 3552 
16050 3555 3551 
16100 3550 3523 
16150 3553 3495 
16200 3554 3478 
16250 3562 3470 
16300 3555 3446 
16350 3553 3436 
16400 3555 3428 
16450 3557 3446 
16500 3536 3423 
16550 3559 3536 
16600 3561 3558 
16650 3540 3546 
16700 3553 3555 
16750 3557 3553 
16800 3561 3560 
16850 3553 3546 
16900 3558 3555 
16950 3563 3560 
17000 3554 3554 
17050 3546 3541 
17100 3559 3530 
17150 3536 3511 
17200 3544 3511 
17250 3555 3496 
17300 3549 3449 
17350 3560 3444 
17400 3557 3415 
17450 3553 3407 
17500 3543 3386 
17550 3541 3483 
17600 3560 3551 
17650 3543 3543 
17700 3556 3553 
17750 3548 3550 
17800 3549 3546 
17850 3537 3540 
17900 3545 3547 
17950 3539 3532 
18000 3555 3555 
18050 3556 3530 
18100 3558 3499 
18150 3564 3495 
18200 3554 3475 
18250 3553 3498 
18300 3559 3501 
18350 3546 3468 
18400 3545 3497 
18450 3568 3519 
18500 3561 3502 
18550 3553 3541 
18600 3559 3558 
18650 3542 3545 
18700 3550 3546 
18750 3560 3561 
18800 3550 3555 
18850 3566 3563 
18900 3563 3559 
18950 3556 3550 
19000 3552 3559 
19050 3566 3551 
19100 3541 3499 
19150 3559 3523 
19200 3548 3492 
19250 3553 3489 
19300 3551 3452 
19350 3546 3405 
19400 3550 3415 
19450 3555 3435 
19500 3538 3430 
19550 3530 3504 
19600 3546 3547 
19650 3549 3550 
19700 3551 3548 
19750 3547 3551 
19800 3549 3549 
19850 3562 3554 
19900 3553 3554 
19950 3534 3529 
20000 3556 3551 
20050 3543 3541 
20100 3547 3532 
20150 3553 3521 
20200 3536 3487 
20250 3540 3506 
20300 3552 3482 
20350 3549 3467 
20400 3553 3440 
20450 3553 3447 
20500 3561 3406 
20550 3546 3493 
20600 3568 3558 
20650 3548 3541 
20700 3549 3539 
20750 3556 3559 
20800 3522 3525 
20850 3538 3537 
20900 3558 3556 
20950 3549 3553 
21000 3551 3556 
21050 3553 3545 
21100 3537 3495 
21150 3550 3491 
21200 3544 3484 
21250 3543 3464 
21300 3553 3476 
21350 3563 3474 
21400 3552 3483 
21450 3533 3444 
21500 3561 3454 
21550 3545 3519 
21600 3545 3551 
21650 3553 3556 
21700 3556 3559 
21750 3554 3553 
21800 3541 3542 
21850 3568 3568 
21900 3561 3566 
21950 3544 3543 
22000 3543 3544 
22050 3558 3553 
22100 3557 3518 
22150 3551 3476 
22200 3537 3434 
22250 3557 3460 
22300 3536 3436 
22350 3552 3451 
22400 3554 3468 
22450 3557 3463 
22500 3555 3454 
22550 3552 3522 
22600 3545 3538 
22650 3547 3542 
22700 3541 3542 
22750 3539 3539 
22800 3562 3563 
22850 3524 3532 
22900 3547 3551 
22950 3557 3551 
23000 3553 3545 
23050 3518 3503 
23100 3551 3519 
23150 3552 3491 
23200 3554 3470 
23250 3551 3460 
23300 3563 3433 
23350 3545 3381 
23400 3538 3398 
23450 3547 3393 
23500 3536 3369 
23550 3552 3518 
23600 3554 3546 
23650 3548 3543 
23700 3549 3544 
23750 3533 3534 
23800 3546 3544 
23850 3558 3558 
23900 3548 3541 
23950 3550 3545 
24000 3567 3559 
24050 3556 3542 
24100 3564 3519 
24150 3545 3508 
24200 3544 3516 
24250 3545 3488 
24300 3554 3469 
24350 3545 3447 
24400 3557 3425 
24450 3541 3380 
24500 3555 3354 
24550 3555 3478 
24600 3563 3550 
24650 3556 3548 
24700 3543 3538 
24750 3563 3559 
24800 3546 3542 
24850 3553 3551 
24900 3571 3568 
24950 3539 3535 
25000 3541 3538 
25050 3560 3544 
25100 3544 3530 
25150 3550 3521 
25200 3547 3495 
25250 3547 3489 
25300 3538 3423 
25350 3557 3441 
25400 3538 3401 
25450 3551 3390 
25500 3552 3325 
25550 3542 3491 
25600 3547 3540 
25650 3567 3549 
25700 3545 3537 
25750 3525 3520 
25800 3552 3542 
25850 3548 3538 
25900 3545 3534 
25950 3545 3538 
26000 3538 3529 
26050 3537 3510 
26100 3549 3477 
26150 3563 3431 
26200 3538 3365 
26250 3551 3360 
26300 3560 3299 
26350 3549 3279 
26400 3546 3236 
26450 3545 3144 
26500 3543 3172 
26550 3553 3462 
26600 3552 3533 
26650 3543 3527 
26700 3542 3539 
26750 3558 3551 
26800 3545 3541 
26850 3554 3542 
26900 3560 3548 
26950 3534 3526 
27000 3543 3538 
27050 3549 3528 
27100 3543 3487 
27150 3554 3456 
27200 3540 3411 
27250 3550 3428 
27300 3565 3355 
27350 3552 3315 
27400 3546 3293 
27450 3547 3271 
27500 3549 3252 
27550 3545 3449 
27600 3548 3534 
27650 3554 3545 
27700 3562 3544 
27750 3556 3547 
27800 3545 3532 
27850 3549 3540 
27900 3542 3529 
27950 3540 3516 
28000 3548 3546 
28050 3549 3537 
28100 3558 3508 
28150 3550 3473 
28200 3543 3436 
28250 3537 3435 
28300 3561 3433 
28350 3547 3367 
28400 3549 3367 
28450 3554 3344 
28500 3544 3268 
28550 3541 3475 
28600 3539 3523 
28650 3551 3553 
28700 3532 3523 
28750 3547 3529 
28800 3562 3551 
28850 3544 3529 
28900 3557 3551 
28950 3553 3539 
29000 3544 3540 
29050 3551 3521 
29100 3546 3467 
29150 3548 3413 
29200 3543 3371 
29250 3556 3289 
29300 3552 3247 
29350 3556 3266 
29400 3558 3225 
29450 3546 3150 
29500 3562 3188 
29550 3540 3469 
29600 3545 3531 
29650 3554 3546 
29700 3545 3535 
29750 3550 3542 
29800 3544 3543 
29850 3553 3530 
29900 3555 3539 
29950 3558 3544 
30000 3558 3539 
30050 3558 3510 
30100 3551 3436 
30150 3554 3342 
30200 3569 3290 
30250 3546 3202 
30300 3564 3214 
30350 3554 3211 
30400 3558 3203 
30450 3552 3121 
30500 3550 3064 
30550 3551 3361 
30600 3554 3502 
30650 3563 3543 
30700 3550 3535 
30750 3546 3529 
30800 3562 3554 
30850 3552 3527 
30900 3549 3538 
30950 3554 3530 
31000 3543 3545 
31050 3549 3499 
31100 3542 3471 
31150 3537 3425 
31200 3545 3343 
31250 3553 3338 
31300 3559 3357 
31350 3555 3312 
31400 3556 3267 
31450 3543 3177 
31500 3545 3091 
31550 3534 3380 
31600 3534 3482 
31650 3554 3538 
31700 3551 3531 
31750 3563 3545 
31800 3542 3530 
31850 3545 3528 
31900 3543 3520 
31950 3545 3530 
32000 3537 3518 
32050 3536 3490 
32100 3551 3469 
32150 3541 3441 
32200 3565 3453 
32250 3551 3391 
32300 3552 3327 
32350 3555 3279 
32400 3553 3202 
32450 3540 3098 
32500 3548 3062 
32550 3551 3415 
32600 3547 3505 
32650 3558 3533 
32700 3534 3507 
32750 3547 3535 
32800 3534 3516 
32850 3555 3539 
32900 3532 3511 
32950 3554 3533 
33000 3546 3523 
33050 3554 3504 
33100 3540 3464 
33150 3560 3440 
33200 3555 3390 
33250 3547 3348 
33300 3540 3306 
33350 3557 3233 
33400 3559 3178 
33450 3545 3122 
33500 3553 3042 
33550 3550 3373 
33600 3540 3508 
33650 3547 3523 
33700 3562 3538 
33750 3552 3531 
33800 3559 3536 
33850 3549 3530 
33900 3536 3508 
33950 3542 3511 
34000 3550 3536 
34050 3570 3501 
34100 3548 3401 
34150 3547 3276 
34200 3561 3205 
34250 3558 3153 
34300 3558 3071 
34350 3537 3061 
34400 3555 3093 
34450 3553 3057 
34500 3548 3008 
34550 3540 3379 
34600 3562 3498 
34650 3554 3532 
34700 3545 3537 
34750 3546 3541 
34800 3542 3510 
34850 3550 3537 
34900 3552 3531 
34950 3545 3525 
35000 3543 3533 
35050 3555 3487 
35100 3558 3432 
35150 3543 3340 
35200 3550 3250 
35250 3541 3139 
35300 3540 3094 
35350 3542 3043 
35400 3549 3064 
35450 3556 2940 
35500 3537 2911 
35550 3555 3364 
35600 3550 3519 
35650 3547 3527 
35700 3546 3515 
35750 3541 3519 
35800 3560 3540 
35850 3550 3522 
35900 3549 3521 
35950 3555 3539 
36000 3552 3530 
36050 3524 3460 
36100 3538 3350 
36150 3557 3289 
36200 3532 3221 
36250 3548 3192 
36300 3541 3046 
36350 3549 2982 
36400 3544 2939 
36450 3545 2946 
36500 3551 2897 
36550 3555 3436 
36600 3546 3505 
36650 3541 3525 
36700 3554 3534 
36750 3546 3523 
36800 3556 3528 
36850 3553 3520 
36900 3539 3510 
36950 3546 3518 
37000 3546 3517 
37050 3545 3495 
37100 3564 3411 
37150 3551 3357 
37200 3531 3235 
37250 3539 3139 
37300 3550 3075 
37350 3564 3003 
37400 3538 2955 
37450 3569 2971 
37500 3544 2903 
37550 3542 3419 
37600 3545 3501 
37650 3548 3513 
37700 3564 3539 
37750 3548 3519 
37800 3558 3527 
37850 3532 3498 
37900 3539 3514 
37950 3547 3517 
38000 3542 3533 
38050 3545 3451 
38100 3549 3398 
38150 3544 3341 
38200 3527 3296 
38250 3551 3257 
38300 3549 3237 
38350 3567 3167 
38400 3552 3154 
38450 3549 3060 
38500 3532 2980 
38550 3543 3389 
38600 3548 3505 
38650 3560 3533 
38700 3546 3521 
38750 3561 3540 
38800 3547 3538 
38850 3538 3510 
38900 3553 3530 
38950 3532 3508 
39000 3542 3508 
39050 3543 3457 
39100 3546 3380 
39150 3542 3288 
39200 3547 3226 
39250 3543 3126 
39300 3535 3098 
39350 3553 3112 
39400 3538 3034 
39450 3551 2984 
39500 3529 2870 
39550 3537 3372 
39600 3559 3531 
39650 3539 3529 
39700 3542 3524 
39750 3540 3518 
39800 3542 3513 
39850 3556 3538 
39900 3550 3533 
39950 3550 3520 
40000 3555 3526 
40050 3548 3470 
40100 3549 3421 
40150 3542 3384 
40200 3545 3309 
40250 3546 3206 
40300 3554 3096 
40350 3556 3059 
40400 3535 2957 
40450 3547 2935 
40500 3551 2866 
40550 3532 3345 
40600 3551 3514 
40650 3539 3513 
40700 3557 3528 
40750 3568 3541 
40800 3547 3517 
40850 3559 3535 
40900 3549 3527 
40950 3532 3518 
41000 3545 3528 
41050 3546 3470 
41100 3553 3394 
41150 3559 3318 
41200 3547 3276 
41250 3539 3186 
41300 3544 3123 
41350 3538 3044 
41400 3553 2940 
41450 3551 2851 
41500 3548 2797 
41550 3556 3359 
41600 3546 3528 
41650 3552 3549 
41700 3533 3513 
41750 3553 3533 
41800 3552 3538 
41850 3559 3543 
41900 3543 3510 
41950 3571 3557 
42000 3547 3528 
42050 3555 3495 
42100 3559 3419 
42150 3553 3288 
42200 3557 3215 
42250 3537 3155 
42300 3529 3139 
42350 3545 3059 
42400 3538 2983 
42450 3546 2915 
42500 3565 2870 
42550 3548 3379 
42600 3555 3533 
42650 3552 3528 
42700 3549 3530 
42750 3553 3543 
42800 3561 3529 
42850 3542 3523 
42900 3544 3525 
42950 3534 3511 
43000 3562 3535 
43050 3545 3493 
43100 3539 3403 
43150 3554 3317 
43200 3559 3230 
43250 3554 3146 
43300 3537 3134 
43350 3546 3106 
43400 3547 3018 
43450 3550 2938 
43500 3544 2863 
43550 3552 3346 
43600 3534 3496 
43650 3548 3518 
43700 3540 3521 
43750 3545 3526 
43800 3534 3517 
43850 3545 3519 
43900 3537 3519 
43950 3541 3519 
44000 3542 3515 
44050 3553 3489 
44100 3557 3452 
44150 3557 3403 
44200 3547 3328 
44250 3563 3280 
44300 3545 3199 
44350 3555 3137 
44400 3551 3040 
44450 3540 2917 
44500 3547 2826 
44550 3547 3341 
44600 3548 3523 
44650 3561 3539 
44700 3537 3513 
44750 3539 3521 
44800 3557 3540 
44850 3568 3549 
44900 3564 3540 
44950 3549 3525 
45000 3558 3531 
45050 3553 3498 
45100 3550 3456 
45150 3549 3401 
45200 3543 3347 
45250 3548 3309 
45300 3554 3282 
45350 3554 3262 
45400 3544 3270 
45450 3576 3279 
45500 3548 3203 
45550 3540 3436 
45600 3541 3508 
45650 3549 3519 
45700 3561 3533 
45750 3550 3529 
45800 3547 3528 
45850 3545 3538 
45900 3545 3509 
45950 3555 3537 
46000 3553 3532 
46050 3560 3494 
46100 3529 3391 
46150 3554 3393 
46200 3553 3349 
46250 3550 3276 
46300 3555 3222 
46350 3553 3146 
46400 3552 3084 
46450 3561 3053 
46500 3556 3014 
46550 3542 3408 
46600 3560 3535 
46650 3552 3531 
46700 3561 3525 
46750 3546 3524 
46800 3552 3530 
46850 3546 3513 
46900 3547 3521 
46950 3541 3503 
47000 3545 3531 
47050 3551 3484 
47100 3554 3392 
47150 3554 3299 
47200 3535 3177 
47250 3550 3114 
47300 3557 2999 
47350 3547 2973 
47400 3554 2876 
47450 3556 2865 
47500 3545 2725 
47550 3539 3296 
47600 3530 3477 
47650 3557 3525 
47700 3549 3530 
47750 3550 3514 
47800 3555 3531 
47850 3548 3510 
47900 3549 3528 
47950 3553 3531 
48000 3551 3525 
48050 3557 3494 
48100 3556 3428 
48150 3552 3323 
48200 3555 3255 
48250 3553 3200 
48300 3555 3093 
48350 3567 3029 
48400 3545 2984 
48450 3537 2944 
48500 3536 2893 
48550 3541 3332 
48600 3541 3500 
48650 3547 3514 
48700 3537 3501 
48750 3561 3536 
48800 3559 3533 
48850 3540 3512 
48900 3555 3520 
48950 3542 3516 
49000 3539 3504 
49050 3542 3469 
49100 3559 3390 
49150 3545 3282 
49200 3561 3172 
49250 3563 3112 
49300 3553 3071 
49350 3549 3027 
49400 3550 2938 
49450 3558 2893 
49500 3548 2819 
49550 3550 3384 
49600 3556 3509 
49650 3568 3524 
49700 3535 3511 
49750 3547 3519 
49800 3544 3525 
49850 3546 3523 
49900 3555 3528 
49950 3541 3498 
50000 3544 3516 
50050 3538 3485 
50100 3557 3403 
50150 3549 3331 
50200 3532 3214 
50250 3558 3133 
50300 3541 3009 
50350 3563 2962 
50400 3545 2844 
50450 3530 2723 
50500 3537 2686 
50550 3540 3279 
50600 3554 3499 
50650 3541 3504 
50700 3535 3511 
50750 3551 3522 
50800 3535 3517 
50850 3553 3524 
50900 3544 3514 
50950 3568 3539 
51000 3551 3530 
51050 3544 3455 
51100 3534 3362 
51150 3554 3272 
51200 3548 3217 
51250 3559 3160 
51300 3556 3020 
51350 3537 2929 
51400 3539 2859 
51450 3555 2712 
51500 3550 2626 
51550 3523 3277 
51600 3546 3500 
51650 3561 3539 
51700 3539 3522 
51750 3546 3531 
51800 3554 3521 
51850 3538 3509 
51900 3554 3522 
51950 3547 3522 
52000 3553 3543 
52050 3561 3498 
52100 3539 3398 
52150 3557 3311 
52200 3546 3202 
52250 3554 3120 
52300 3545 3055 
52350 3549 3028 
52400 3547 2963 
52450 3550 2885 
52500 3552 2867 
52550 3534 3279 
52600 3545 3476 
52650 3561 3533 
52700 3551 3519 
52750 3550 3522 
52800 3544 3527 
52850 3555 3527 
52900 3541 3506 
52950 3543 3517 
53000 3569 3533 
53050 3553 3482 
53100 3550 3386 
53150 3548 3309 
53200 3545 3218 
53250 3543 3111 
53300 3555 2964 
53350 3544 2837 
53400 3536 2828 
53450 3548 2798 
53500 3555 2775 
53550 3551 3330 
53600 3541 3509 
53650 3553 3539 
53700 3538 3510 
53750 3550 3529 
53800 3524 3497 
53850 3544 3508 
53900 3544 3520 
53950 3556 3520 
54000 3551 3521 
54050 3554 3452 
54100 3546 3402 
54150 3549 3292 
54200 3549 3222 
54250 3558 3168 
54300 3555 3092 
54350 3556 3011 
54400 3562 2960 
54450 3557 2862 
54500 3547 2706 
54550 3559 3322 
54600 3545 3506 
54650 3542 3526 
54700 3556 3525 
54750 3551 3522 
54800 3540 3513 
54850 3542 3512 
54900 3553 3516 
54950 3567 3520 
55000 3555 3513 
55050 3550 3465 
55100 3554 3349 
55150 3523 3162 
55200 3549 3110 
55250 3540 3097 
55300 3555 3042 
55350 3556 2951 
55400 3563 2921 
55450 3553 2845 
55500 3540 2738 
55550 3532 3330 
55600 3557 3506 
55650 3551 3515 
55700 3544 3508 
55750 3558 3532 
55800 3533 3509 
55850 3555 3522 
55900 3542 3511 
55950 3555 3523 
56000 3546 3506 
56050 3541 3465 
56100 3548 3415 
56150 3541 3362 
56200 3532 3281 
56250 3553 3197 
56300 3546 3082 
56350 3534 2992 
56400 3535 2844 
56450 3551 2831 
56500 3554 2787 
56550 3537 3331 
56600 3536 3503 
56650 3558 3538 
56700 3558 3521 
56750 3562 3530 
56800 3559 3540 
56850 3538 3495 
56900 3539 3506 
56950 3554 3515 
57000 3557 3519 
57050 3556 3474 
57100 3553 3401 
57150 3558 3287 
57200 3539 3167 
57250 3546 3024 
57300 3546 2957 
57350 3551 2883 
57400 3559 2833 
57450 3558 2848 
57500 3541 2786 
57550 3558 3304 
57600 3541 3497 
57650 3547 3516 
57700 3555 3517 
57750 3554 3525 
57800 3540 3516 
57850 3554 3513 
57900 3545 3514 
57950 3537 3518 
58000 3538 3515 
58050 3548 3471 
58100 3541 3340 
58150 3547 3246 
58200 3551 3195 
58250 3545 3111 
58300 3561 3043 
58350 3537 2920 
58400 3546 2805 
58450 3549 2621 
58500 3544 2619 
58550 3553 3222 
58600 3544 3480 
58650 3563 3530 
58700 3553 3524 
58750 3543 3526 
58800 3556 3526 
58850 3537 3506 
58900 3529 3497 
58950 3561 3519 
59000 3553 3521 
59050 3557 3472 
59100 3540 3360 
59150 3544 3256 
59200 3546 3174 
59250 3543 3118 
59300 3535 3050 
59350 3544 3026 
59400 3542 3005 
59450 3555 2909 
59500 3558 2834 
59550 3546 3331 
59600 3556 3501 
59650 3555 3503 
59700 3543 3507 
59750 3557 3524 
59800 3563 3494 
59850 3526 3500 
59900 3562 3526 
59950 3549 3514 
60000 3544 3524 
60050 3550 3470 
60100 3544 3320 
60150 3543 3220 
60200 3560 3180 
60250 3565 3124 
60300 3545 2986 
60350 3548 2894 
60400 3547 2717 
60450 3545 2750 
60500 3546 2709 
60550 3538 3343 
60600 3551 3499 
60650 3551 3510 
60700 3553 3527 
60750 3552 3522 
60800 3543 3521 
60850 3544 3514 
60900 3555 3518 
60950 3545 3513 
61000 3545 3517 
61050 3555 3454 
61100 3550 3316 
61150 3557 3194 
61200 3548 3123 
61250 3545 3018 
61300 3537 2925 
61350 3541 2872 
61400 3546 2774 
61450 3554 2715 
61500 3550 2592 
61550 3555 3192 
61600 3537 3472 
61650 3551 3519 
61700 3541 3512 
61750 3536 3512 
61800 3555 3501 
61850 3534 3500 
61900 3552 3520 
61950 3545 3514 
62000 3554 3521 
62050 3533 3421 
62100 3555 3367 
62150 3552 3234 
62200 3542 3162 
62250 3561 3092 
62300 3560 3024 
62350 3556 2933 
62400 3545 2848 
62450 3555 2841 
62500 3551 2835 
62550 3548 3402 
62600 3560 3530 
62650 3554 3506 
62700 3558 3517 
62750 3552 3525 
62800 3535 3492 
62850 3561 3523 
62900 3548 3517 
62950 3555 3529 
63000 3539 3509 
63050 3554 3455 
63100 3542 3377 
63150 3536 3313 
63200 3544 3222 
63250 3532 3082 
63300 3549 3034 
63350 3538 3023 
63400 3552 2895 
63450 3554 2796 
63500 3542 2740 
63550 3554 3316 
63600 3558 3512 
63650 3546 3503 
63700 3533 3487 
63750 3552 3511 
63800 3551 3524 
63850 3551 3505 
63900 3564 3535 
63950 3554 3509 
64000 3545 3518 
64050 3560 3476 
64100 3547 3327 
64150 3569 3226 
64200 3544 3130 
64250 3547 3030 
64300 3566 2958 
64350 3546 2795 
64400 3535 2721 
64450 3544 2700 
64500 3552 2469 
64550 3533 3256 
64600 3541 3492 
64650 3546 3514 
64700 3544 3530 
64750 3553 3524 
64800 3549 3525 
64850 3547 3496 
64900 3554 3525 
64950 3547 3516 
65000 3540 3512 
65050 3544 3454 
65100 3544 3380 
65150 3549 3286 
65200 3549 3246 
65250 3557 3185 
65300 3543 3006 
65350 3551 2938 
65400 3548 2850 
65450 3542 2795 
65500 3544 2668 
65550 3544 3245 
65600 3555 3494 
65650 3548 3521 
65700 3554 3531 
65750 3557 3530 
65800 3558 3526 
65850 3552 3537 
65900 3538 3519 
65950 3542 3511 
66000 3534 3496 
66050 3547 3459 
66100 3546 3381 
66150 3553 3271 
66200 3551 3186 
66250 3533 3107 
66300 3552 3056 
66350 3538 2973 
66400 3563 2913 
66450 3543 2826 
66500 3527 2758 
66550 3548 3330 
66600 3543 3466 
66650 3534 3499 
66700 3560 3525 
66750 3556 3538 
66800 3549 3520 
66850 3559 3540 
66900 3545 3519 
66950 3538 3490 
67000 3550 3519 
67050 3552 3495 
67100 3546 3391 
67150 3549 3327 
67200 3558 3240 
67250 3551 3186 
67300 3546 3116 
67350 3545 3042 
67400 3543 3031 
67450 3544 2995 
67500 3549 2917 
67550 3535 3343 
67600 3557 3516 
67650 3544 3514 
67700 3549 3517 
67750 3539 3510 
67800 3546 3517 
67850 3541 3502 
67900 3547 3507 
67950 3556 3524 
68000 3539 3505 
68050 3543 3451 
68100 3556 3409 
68150 3556 3263 
68200 3540 3220 
68250 3562 3140 
68300 3543 3119 
68350 3550 3039 
68400 3551 2992 
68450 3541 2987 
68500 3553 2918 
68550 3558 3341 
68600 3553 3480 
68650 3553 3510 
68700 3566 3538 
68750 3553 3520 
68800 3553 3519 
68850 3538 3506 
68900 3542 3522 
68950 3535 3515 
69000 3550 3526 
69050 3540 3452 
69100 3547 3396 
69150 3546 3323 
69200 3538 3230 
69250 3566 3133 
69300 3553 3068 
69350 3550 2984 
69400 3550 2938 
69450 3543 2934 
69500 3546 2873 
69550 3537 3337 
69600 3550 3503 
69650 3548 3510 
69700 3548 3521 
69750 3552 3537 
69800 3557 3534 
69850 3558 3524 
69900 3544 3524 
69950 3554 3525 
70000 3550 3515 
70050 3550 3460 
70100 3563 3435 
70150 3537 3342 
70200 3547 3251 
70250 3561 3122 
70300 3552 3014 
70350 3547 2977 
70400 3540 2892 
70450 3548 2829 
70500 3552 2796 
70550 3550 3323 
70600 3542 3516 
70650 3554 3524 
70700 3548 3526 
70750 3564 3531 
70800 3553 3525 
70850 3548 3513 
70900 3547 3513 
70950 3550 3522 
71000 3563 3535 
71050 3556 3449 
71100 3554 3352 
71150 3560 3297 
71200 3556 3180 
71250 3549 3102 
71300 3560 2974 
71350 3549 2884 
71400 3541 2863 
71450 3540 2837 
71500 3557 2759 
71550 3552 3366 
71600 3539 3485 
71650 3547 3525 
71700 3557 3524 
71750 3551 3532 
71800 3560 3527 
71850 3552 3514 
71900 3565 3539 
71950 3553 3520 
72000 3551 3514 
72050 3540 3425 
72100 3555 3371 
72150 3548 3323 
72200 3550 3201 
72250 3559 3178 
72300 3538 3034 
72350 3547 2967 
72400 3537 2902 
72450 3531 2815 
72500 3543 2730 
72550 3552 3325 
72600 3549 3501 
72650 3554 3515 
72700 3540 3511 
72750 3546 3519 
72800 3540 3531 
72850 3540 3517 
72900 3555 3546 
72950 3554 3514 
73000 3540 3511 
73050 3554 3488 
73100 3540 3412 
73150 3551 3304 
73200 3545 3222 
73250 3563 3192 
73300 3550 3108 
73350 3544 3009 
73400 3546 2958 
73450 3553 2874 
73500 3553 2791 
73550 3546 3373 
73600 3558 3510 
73650 3558 3514 
73700 3550 3522 
73750 3560 3545 
73800 3545 3525 
73850 3543 3504 
73900 3550 3527 
73950 3548 3526 
74000 3550 3527 
74050 3548 3467 
74100 3558 3335 
74150 3554 3270 
74200 3562 3205 
74250 3561 3185 
74300 3534 3095 
74350 3555 3113 
74400 3562 3110 
74450 3549 3063 
74500 3548 2954 
74550 3545 3361 
74600 3549 3512 
74650 3543 3529 
74700 3562 3550 
74750 3544 3518 
74800 3542 3518 
74850 3549 3521 
74900 3568 3518 
74950 3558 3530 
75000 3538 3519 
75050 3545 3454 
75100 3552 3375 
75150 3533 3232 
75200 3549 3219 
75250 3551 3197 
75300 3561 3115 
75350 3547 3079 
75400 3555 2957 
75450 3546 2821 
75500 3546 2760 
75550 3538 3286 
75600 3547 3503 
75650 3555 3517 
75700 3559 3528 
75750 3550 3525 
75800 3547 3524 
75850 3541 3521 
75900 3556 3544 
75950 3556 3535 
76000 3562 3524 
76050 3542 3459 
76100 3538 3384 
76150 3537 3274 
76200 3536 3188 
76250 3544 3114 
76300 3544 3052 
76350 3546 3002 
76400 3567 3060 
76450 3547 3011 
76500 3556 2937 
76550 3553 3375 
76600 3553 3493 
76650 3536 3509 
76700 3550 3526 
76750 3552 3530 
76800 3559 3526 
76850 3553 3528 
76900 3542 3520 
76950 3553 3524 
77000 3554 3535 
77050 3554 3510 
77100 3576 3433 
77150 3534 3291 
77200 3551 3305 
77250 3546 3216 
77300 3555 3164 
77350 3564 3133 
77400 3551 3076 
77450 3546 3002 
77500 3557 2990 
77550 3549 3358 
77600 3564 3519 
77650 3547 3516 
77700 3536 3523 
77750 3552 3514 
77800 3541 3512 
77850 3559 3530 
77900 3550 3523 
77950 3552 3527 
78000 3540 3511 
78050 3548 3485 
78100 3550 3400 
78150 3550 3297 
78200 3557 3239 
78250 3554 3160 
78300 3547 3072 
78350 3553 2929 
78400 3555 2925 
78450 3544 2804 
78500 3556 2779 
78550 3537 3334 
78600 3541 3508 
78650 3549 3521 
78700 3536 3507 
78750 3553 3517 
78800 3556 3538 
78850 3560 3539 
78900 3553 3526 
78950 3541 3518 
79000 3556 3538 
79050 3560 3490 
79100 3534 3405 
79150 3550 3364 
79200 3554 3280 
79250 3556 3203 
79300 3563 3179 
79350 3521 3109 
79400 3551 3040 
79450 3546 2964 
79500 3551 2830 
79550 3558 3339 
79600 3542 3499 
79650 3556 3524 
79700 3546 3521 
79750 3537 3517 
79800 3544 3527 
79850 3550 3515 
79900 3559 3526 
79950 3542 3516 
80000 3548 3532 
80050 3559 3493 
80100 3554 3397 
80150 3534 3206 
80200 3548 3087 
80250 3562 3013 
80300 3547 2950 
80350 3552 2940 
80400 3558 2846 
80450 3541 2800 
80500 3536 2735 
80550 3540 3324 
80600 3550 3520 
80650 3542 3506 
80700 3553 3538 
80750 3549 3525 
80800 3544 3511 
80850 3552 3536 
80900 3540 3511 
80950 3561 3526 
81000 3545 3535 
81050 3534 3476 
81100 3539 3418 
81150 3534 3356 
81200 3549 3279 
81250 3539 3197 
81300 3550 3163 
81350 3534 3094 
81400 3553 3112 
81450 3555 3075 
81500 3556 3004 
81550 3562 3424 
81600 3565 3530 
81650 3547 3493 
81700 3552 3519 
81750 3545 3517 
81800 3546 3525 
81850 3547 3529 
81900 3540 3510 
81950 3554 3526 
82000 3558 3525 
82050 3543 3484 
82100 3558 3413 
82150 3539 3346 
82200 3547 3303 
82250 3535 3199 
82300 3540 3128 
82350 3554 3026 
82400 3546 2876 
82450 3547 2790 
82500 3551 2741 
82550 3542 3301 
82600 3536 3486 
82650 3545 3509 
82700 3524 3497 
82750 3555 3517 
82800 3560 3527 
82850 3553 3528 
82900 3545 3504 
82950 3540 3522 
83000 3547 3536 
83050 3558 3487 
83100 3566 3452 
83150 3544 3344 
83200 3547 3272 
83250 3548 3216 
83300 3558 3169 
83350 3563 3110 
83400 3552 3104 
83450 3549 3019 
83500 3535 2938 
83550 3546 3373 
83600 3551 3523 
83650 3553 3533 
83700 3560 3522 
83750 3544 3514 
83800 3537 3507 
83850 3556 3523 
83900 3559 3533 
83950 3549 3518 
84000 3554 3536 
84050 3551 3468 
84100 3541 3373 
84150 3559 3299 
84200 3548 3219 
84250 3550 3167 
84300 3547 3065 
84350 3547 2964 
84400 3560 2881 
84450 3542 2795 
84500 3548 2719 
84550 3550 3351 
84600 3550 3489 
84650 3550 3525 
84700 3550 3523 
84750 3550 3528 
84800 3557 3532 
84850 3553 3532 
84900 3554 3517 
84950 3556 3521 
85000 3567 3524 
85050 3560 3459 
85100 3536 3370 
85150 3540 3328 
85200 3543 3243 
85250 3561 3193 
85300 3565 3138 
85350 3545 3043 
85400 3551 2945 
85450 3547 2914 
85500 3547 2799 
85550 3548 3338 
85600 3545 3504 
85650 3554 3523 
85700 3551 3513 
85750 3552 3522 
85800 3557 3531 
85850 3558 3535 
85900 3561 3539 
85950 3551 3529 
86000 3552 3528 
86050 3556 3473 
86100 3552 3376 
86150 3540 3287 
86200 3546 3243 
86250 3569 3194 
86300 3559 3119 
86350 3550 3050 
86400 3550 3010 
86450 3555 2988 
86500 3554 2862 
86550 3539 3367 
86600 3536 3497 
86650 3559 3534 
86700 3565 3526 
86750 3560 3547 
86800 3546 3518 
86850 3547 3522 
86900 3551 3516 
86950 3555 3528 
87000 3550 3522 
87050 3546 3445 
87100 3541 3331 
87150 3545 3245 
87200 3545 3195 
87250 3548 3125 
87300 3546 3051 
87350 3550 2961 
87400 3556 2873 
87450 3550 2776 
87500 3531 2715 
87550 3535 3272 
87600 3540 3477 
87650 3543 3505 
87700 3534 3521 
87750 3542 3525 
87800 3558 3535 
87850 3544 3519 
87900 3555 3531 
87950 3556 3539 
88000 3546 3522 
88050 3555 3497 
88100 3556 3423 
88150 3548 3296 
88200 3572 3230 
88250 3544 3129 
88300 3546 3056 
88350 3548 2959 
88400 3540 2868 
88450 3539 2790 
88500 3551 2782 
88550 3556 3320 
88600 3556 3511 
88650 3551 3524 
88700 3564 3546 
88750 3554 3525 
88800 3568 3545 
88850 3542 3517 
88900 3547 3522 
88950 3549 3530 
89000 3561 3524 
89050 3542 3465 
89100 3564 3420 
89150 3546 3325 
89200 3548 3252 
89250 3563 3222 
89300 3552 3184 
89350 3548 3134 
89400 3553 3086 
89450 3535 3007 
89500 3540 2902 
89550 3557 3384 
89600 3556 3520 
89650 3558 3540 
89700 3548 3538 
89750 3549 3526 
89800 3556 3541 
89850 3559 3525 
89900 3563 3544 
89950 3558 3533 
90000 3556 3534 
90050 3551 3460 
90100 3543 3369 
90150 3566 3330 
90200 3572 3272 
90250 3546 3211 
90300 3553 3168 
90350 3555 3097 
90400 3541 3071 
90450 3553 3029 
90500 3539 2986 
90550 3551 3389 
90600 3560 3520 
90650 3555 3526 
90700 3553 3544 
90750 3556 3539 
90800 3545 3531 
90850 3531 3516 
90900 3550 3523 
90950 3539 3510 
91000 3550 3521 
91050 3569 3493 
91100 3552 3404 
91150 3557 3365 
91200 3562 3327 
91250 3558 3244 
91300 3542 3155 
91350 3554 3103 
91400 3556 3085 
91450 3540 3016 
91500 3550 2951 
91550 3549 3400 
91600 3539 3501 
91650 3562 3531 
91700 3552 3546 
91750 3544 3523 
91800 3558 3532 
91850 3550 3514 
91900 3563 3542 
91950 3562 3539 
92000 3558 3532 
92050 3545 3480 
92100 3558 3432 
92150 3548 3385 
92200 3554 3324 
92250 3549 3229 
92300 3541 3078 
92350 3559 3063 
92400 3549 3006 
92450 3544 2964 
92500 3533 2873 
92550 3556 3361 
92600 3542 3503 
92650 3560 3539 
92700 3559 3534 
92750 3544 3527 
92800 3560 3545 
92850 3554 3536 
92900 3571 3550 
92950 3552 3526 
93000 3568 3548 
93050 3540 3467 
93100 3564 3385 
93150 3549 3308 
93200 3543 3234 
93250 3535 3175 
93300 3544 3084 
93350 3567 3077 
93400 3554 3026 
93450 3542 3038 
93500 3532 2987 
93550 3550 3376 
93600 3547 3512 
93650 3548 3532 
93700 3560 3540 
93750 3552 3523 
93800 3531 3522 
93850 3550 3518 
93900 3557 3530 
93950 3565 3540 
94000 3547 3526 
94050 3551 3492 
94100 3559 3441 
94150 3566 3373 
94200 3551 3259 
94250 3548 3219 
94300 3558 3175 
94350 3557 3133 
94400 3540 3084 
94450 3546 3019 
94500 3561 3018 
94550 3548 3407 
94600 3554 3524 
94650 3551 3521 
94700 3549 3530 
94750 3555 3548 
94800 3566 3543 
94850 3556 3540 
94900 3543 3517 
94950 3548 3520 
95000 3544 3519 
95050 3551 3479 
95100 3554 3415 
95150 3545 3379 
95200 3542 3332 
95250 3553 3285 
95300 3536 3267 
95350 3554 3196 
95400 3551 3100 
95450 3565 2976 
95500 3569 2963 
95550 3561 3381 
95600 3557 3501 
95650 3565 3547 
95700 3547 3528 
95750 3555 3530 
95800 3548 3540 
95850 3539 3516 
95900 3544 3517 
95950 3528 3514 
96000 3556 3529 
96050 3557 3476 
96100 3545 3389 
96150 3560 3359 
96200 3552 3329 
96250 3542 3274 
96300 3540 3229 
96350 3550 3189 
96400 3548 3139 
96450 3537 3080 
96500 3539 3060 
96550 3532 3396 
96600 3549 3523 
96650 3550 3523 
96700 3547 3528 
96750 3552 3535 
96800 3535 3526 
96850 3559 3529 
96900 3556 3540 
96950 3551 3529 
97000 3565 3535 
97050 3547 3510 
97100 3545 3419 
97150 3560 3381 
97200 3551 3340 
97250 3555 3296 
97300 3560 3237 
97350 3551 3143 
97400 3553 3080 
97450 3546 3000 
97500 3559 2964 
97550 3552 3393 
97600 3533 3501 
97650 3540 3526 
97700 3541 3524 
97750 3551 3526 
97800 3550 3520 
97850 3550 3540 
97900 3536 3517 
97950 3555 3541 
98000 3547 3522 
98050 3547 3456 
98100 3546 3428 
98150 3546 3383 
98200 3548 3323 
98250 3550 3289 
98300 3548 3224 
98350 3555 3179 
98400 3555 3095 
98450 3559 3096 
98500 3540 3027 
98550 3552 3429 
98600 3547 3517 
98650 3549 3535 
98700 3557 3543 
98750 3536 3522 
98800 3555 3530 
98850 3547 3521 
98900 3548 3523 
98950 3550 3540 
99000 3547 3527 
99050 3550 3467 
99100 3549 3419 
99150 3556 3346 
99200 3562 3308 
99250 3541 3245 
99300 3560 3197 
99350 3549 3076 
99400 3562 3001 
99450 3548 3014 
99500 3544 2980 
99550 3533 3335 
99600 3540 3499 
99650 3540 3521 
99700 3558 3535 
99750 3543 3507 
99800 3559 3542 
99850 3524 3499 
99900 3559 3533 
99950 3555 3534 
100000 3546 3535 
100050 3555 3477 
100100 3549 3363 
100150 3564 3365 
100200 3553 3315 
100250 3537 3232 
100300 3548 3217 
100350 3557 3219 
100400 3546 3128 
100450 3552 3112 
100500 3566 3053 
100550 3549 3428 
100600 3543 3514 
100650 3541 3520 
100700 3547 3500 
100750 3550 3528 
100800 3559 3526 
100850 3558 3528 
100900 3535 3515 
100950 3535 3509 
101000 3548 3535 
101050 3538 3488 
101100 3544 3388 
101150 3555 3330 
101200 3562 3238 
101250 3552 3140 
101300 3567 3067 
101350 3536 2951 
101400 3542 2907 
101450 3556 2869 
101500 3536 2850 
101550 3542 3347 
101600 3545 3506 
101650 3549 3528 
101700 3548 3533 
101750 3557 3533 
101800 3536 3507 
101850 3516 3511 
101900 3558 3531 
101950 3562 3532 
102000 3546 3518 
102050 3553 3496 
102100 3551 3392 
102150 3542 3315 
102200 3560 3286 
102250 3550 3201 
102300 3543 3123 
102350 3564 3073 
102400 3551 2998 
102450 3546 2971 
102500 3545 2837 
102550 3558 3381 
102600 3540 3493 
102650 3551 3514 
102700 3556 3530 
102750 3549 3532 
102800 3549 3532 
102850 3554 3547 
102900 3541 3529 
102950 3547 3526 
103000 3550 3532 
103050 3559 3498 
103100 3538 3363 
103150 3546 3276 
103200 3534 3219 
103250 3546 3108 
103300 3551 3100 
103350 3553 3029 
103400 3542 2936 
103450 3550 2858 
103500 3536 2822 
103550 3538 3357 
103600 3555 3513 
103650 3551 3527 
103700 3545 3523 
103750 3543 3516 
103800 3555 3537 
103850 3544 3534 
103900 3553 3528 
103950 3550 3527 
104000 3557 3542 
104050 3558 3497 
104100 3550 3435 
104150 3543 3372 
104200 3550 3269 
104250 3542 3259 
104300 3546 3171 
104350 3551 3123 
104400 3542 3049 
104450 3546 3015 
104500 3553 2885 
104550 3544 3313 
104600 3550 3505 
104650 3553 3525 
104700 3553 3517 
104750 3542 3511 
104800 3551 3533 
104850 3563 3542 
104900 3566 3534 
104950 3538 3521 
105000 3549 3515 
105050 3554 3500 
105100 3552 3434 
105150 3544 3332 
105200 3565 3306 
105250 3535 3173 
105300 3530 3079 
105350 3542 3049 
105400 3541 2929 
105450 3556 2924 
105500 3559 2801 
105550 3551 3316 
105600 3564 3514 
105650 3534 3503 
105700 3541 3511 
105750 3550 3512 
105800 3551 3532 
105850 3541 3512 
105900 3539 3521 
105950 3553 3527 
106000 3557 3537 
106050 3546 3446 
106100 3564 3364 
106150 3554 3291 
106200 3536 3222 
106250 3533 3120 
106300 3548 2999 
106350 3539 2922 
106400 3548 2875 
106450 3544 2879 
106500 3550 2847 
106550 3536 3359 
106600 3545 3507 
106650 3551 3529 
106700 3563 3531 
106750 3550 3537 
106800 3563 3530 
106850 3560 3530 
106900 3551 3522 
106950 3559 3536 
107000 3548 3527 
107050 3557 3496 
107100 3566 3448 
107150 3549 3354 
107200 3568 3345 
107250 3554 3287 
107300 3553 3231 
107350 3560 3175 
107400 3538 3069 
107450 3558 2974 
107500 3565 2943 
107550 3550 3336 
107600 3545 3497 
107650 3536 3513 
107700 3553 3524 
107750 3550 3526 
107800 3557 3532 
107850 3552 3530 
107900 3561 3547 
107950 3565 3547 
108000 3537 3506 
108050 3557 3465 
108100 3554 3412 
108150 3544 3355 
108200 3547 3308 
108250 3533 3181 
108300 3552 3176 
108350 3553 3144 
108400 3550 3066 
108450 3558 2998 
108500 3537 2902 
108550 3537 3386 
108600 3539 3511 
108650 3542 3528 
108700 3551 3531 
108750 3549 3515 
108800 3544 3527 
108850 3555 3537 
108900 3545 3529 
108950 3541 3519 
109000 3551 3529 
109050 3535 3465 
109100 3530 3387 
109150 3545 3336 
109200 3553 3274 
109250 3533 3171 
109300 3559 3062 
109350 3557 3018 
109400 3549 2995 
109450 3543 2937 
109500 3549 2896 
109550 3537 3326 
109600 3542 3510 
109650 3561 3532 
109700 3548 3532 
109750 3546 3518 
109800 3534 3514 
109850 3548 3530 
109900 3554 3523 
109950 3544 3514 
110000 3564 3538 
110050 3547 3483 
110100 3548 3432 
110150 3564 3382 
110200 3557 3276 
110250 3544 3196 
110300 3549 3149 
110350 3555 3097 
110400 3547 3054 
110450 3555 2997 
110500 3549 2903 
110550 3560 3349 
110600 3538 3481 
110650 3555 3525 
110700 3564 3535 
110750 3549 3534 
110800 3564 3547 
110850 3560 3548 
110900 3552 3533 
110950 3550 3525 
111000 3533 3511 
111050 3544 3493 
111100 3544 3436 
111150 3545 3359 
111200 3547 3279 
111250 3564 3257 
111300 3545 3196 
111350 3542 3156 
111400 3541 3126 
111450 3561 2997 
111500 3548 2910 
111550 3556 3353 
111600 3546 3502 
111650 3546 3530 
111700 3553 3525 
111750 3551 3531 
111800 3541 3530 
111850 3551 3529 
111900 3552 3539 
111950 3544 3513 
112000 3554 3525 
112050 3549 3485 
112100 3547 3420 
112150 3551 3319 
112200 3547 3263 
112250 3548 3222 
112300 3539 3174 
112350 3550 3154 
112400 3564 3166 
112450 3549 3064 
112500 3558 2995 
112550 3531 3375 
112600 3548 3518 
112650 3537 3518 
112700 3554 3530 
112750 3565 3535 
112800 3559 3532 
112850 3563 3541 
112900 3550 3523 
112950 3548 3524 
113000 3569 3542 
113050 3552 3507 
113100 3540 3427 
113150 3543 3361 
113200 3548 3318 
113250 3530 3265 
113300 3533 3267 
113350 3551 3213 
113400 3540 3196 
113450 3555 3147 
113500 3538 3085 
113550 3549 3413 
113600 3542 3506 
113650 3553 3532 
113700 3560 3541 
113750 3552 3536 
113800 3547 3524 
113850 3543 3526 
113900 3556 3529 
113950 3553 3529 
114000 3546 3537 
114050 3541 3503 
114100 3552 3439 
114150 3551 3371 
114200 3560 3300 
114250 3560 3249 
114300 3553 3152 
114350 3553 3059 
114400 3543 2968 
114450 3549 2927 
114500 3558 2885 
114550 3553 3374 
114600 3556 3525 
114650 3553 3540 
114700 3538 3526 
114750 3539 3524 
114800 3550 3520 
114850 3545 3523 
114900 3529 3515 
114950 3556 3542 
115000 3549 3520 
115050 3555 3478 
115100 3546 3430 
115150 3548 3379 
115200 3564 3335 
115250 3536 3283 
115300 3539 3181 
115350 3536 3145 
115400 3550 3061 
115450 3531 3001 
115500 3530 2980 
115550 3543 3357 
115600 3562 3517 
115650 3552 3534 
115700 3543 3525 
115750 3533 3505 
115800 3554 3524 
115850 3551 3512 
115900 3538 3524 
115950 3528 3506 
116000 3552 3534 
116050 3538 3511 
116100 3564 3449 
116150 3549 3389 
116200 3560 3333 
116250 3537 3261 
116300 3540 3214 
116350 3556 3173 
116400 3541 3154 
116450 3552 3068 
116500 3553 3003 
116550 3551 3400 
116600 3552 3517 
116650 3555 3530 
116700 3550 3533 
116750 3540 3521 
116800 3546 3524 
116850 3558 3541 
116900 3551 3538 
116950 3551 3542 
117000 3557 3543 
117050 3553 3506 
117100 3537 3418 
117150 3546 3351 
117200 3550 3275 
117250 3553 3247 
117300 3546 3146 
117350 3550 3075 
117400 3552 3012 
117450 3566 2955 
117500 3550 2956 
117550 3538 3414 
117600 3561 3537 
117650 3554 3534 
117700 3546 3525 
117750 3555 3537 
117800 3547 3534 
117850 3546 3528 
117900 3555 3531 
117950 3550 3534 
118000 3538 3511 
118050 3553 3497 
118100 3552 3435 
118150 3550 3385 
118200 3549 3367 
118250 3549 3285 
118300 3535 3194 
118350 3544 3159 
118400 3540 3069 
118450 3542 2936 
118500 3555 2959 
118550 3547 3340 
118600 3555 3509 
118650 3545 3525 
118700 3537 3523 
118750 3532 3514 
118800 3546 3524 
118850 3543 3522 
118900 3559 3542 
118950 3551 3531 
119000 3550 3531 
119050 3545 3504 
119100 3548 3421 
119150 3560 3370 
119200 3562 3260 
119250 3548 3147 
119300 3544 3127 
119350 3554 3091 
119400 3549 3059 
119450 3533 2990 
119500 3549 2914 
119550 3544 3355 
119600 3557 3514 
119650 3544 3525 
119700 3571 3552 
119750 3552 3530 
119800 3555 3525 
119850 3553 3533 
119900 3536 3521 
119950 3546 3522 
120000 3554 3536 
120050 3566 3520 
120100 3541 3447 
120150 3557 3372 
120200 3547 3330 
120250 3558 3230 
120300 3548 3194 
120350 3558 3169 
120400 3559 3104 
120450 3553 3028 
120500 3538 2923 
120550 3554 3388 
120600 3549 3508 
120650 3544 3534 
120700 3557 3539 
120750 3546 3533 
120800 3552 3526 
120850 3562 3542 
120900 3548 3538 
120950 3553 3523 
121000 3535 3523 
121050 3542 3497 
121100 3553 3394 
121150 3551 3363 
121200 3544 3277 
121250 3551 3222 
121300 3563 3200 
121350 3556 3091 
121400 3561 3051 
121450 3550 2961 
121500 3556 2880 
121550 3545 3326 
121600 3556 3497 
121650 3537 3525 
121700 3537 3522 
121750 3549 3532 
121800 3547 3529 
121850 3540 3519 
121900 3546 3527 
121950 3550 3539 
122000 3547 3530 
122050 3552 3536 
122100 3556 3470 
122150 3556 3381 
122200 3548 3278 
122250 3546 3218 
122300 3560 3163 
122350 3544 3094 
122400 3547 3048 
122450 3533 2982 
122500 3539 2915 
122550 3542 3346 
122600 3537 3502 
122650 3551 3511 
122700 3547 3525 
122750 3553 3536 
122800 3531 3530 
122850 3555 3539 
122900 3553 3528 
122950 3539 3520 
123000 3539 3518 
123050 3557 3482 
123100 3570 3423 
123150 3550 3373 
123200 3555 3358 
123250 3553 3286 
123300 3542 3268 
123350 3557 3259 
123400 3549 3233 
123450 3548 3124 
123500 3539 3112 
123550 3549 3403 
123600 3573 3537 
123650 3551 3531 
123700 3538 3530 
123750 3555 3541 
123800 3542 3528 
123850 3548 3527 
123900 3536 3519 
123950 3544 3524 
124000 3544 3527 
124050 3550 3502 
124100 3547 3425 
124150 3553 3337 
124200 3528 3247 
124250 3552 3197 
124300 3535 3185 
124350 3543 3144 
124400 3535 3092 
124450 3566 3014 
124500 3549 2940 
124550 3512 3317 
124600 3543 3508 
124650 3564 3545 
124700 3550 3532 
124750 3550 3527 
124800 3555 3527 
124850 3561 3553 
124900 3537 3523 
124950 3554 3535 
125000 3536 3527 
125050 3534 3489 
125100 3555 3446 
125150 3548 3388 
125200 3540 3351 
125250 3542 3243 
125300 3545 3184 
125350 3542 3127 
125400 3528 3061 
125450 3550 2992 
125500 3554 2937 
125550 3555 3397 
125600 3553 3524 
125650 3563 3545 
125700 3553 3539 
125750 3552 3521 
125800 3545 3522 
125850 3562 3546 
125900 3553 3532 
125950 3556 3541 
126000 3553 3530 
126050 3549 3489 
126100 3558 3432 
126150 3547 3393 
126200 3545 3359 
126250 3541 3345 
126300 3547 3318 
126350 3553 3237 
126400 3557 3221 
126450 3556 3104 
126500 3543 3094 
126550 3545 3443 
126600 3546 3508 
126650 3562 3533 
126700 3555 3529 
126750 3541 3532 
126800 3545 3520 
126850 3552 3533 
126900 3542 3518 
126950 3553 3532 
127000 3545 3526 
127050 3552 3506 
127100 3551 3439 
127150 3548 3352 
127200 3544 3247 
127250 3553 3192 
127300 3542 3135 
127350 3540 3130 
127400 3543 3070 
127450 3546 3006 
127500 3547 2869 
127550 3561 3354 
127600 3550 3527 
127650 3558 3531 
127700 3553 3531 
127750 3554 3540 
127800 3562 3535 
127850 3555 3526 
127900 3553 3542 
127950 3562 3529 
128000 3563 3539 
128050 3552 3477 
128100 3550 3429 
128150 3532 3354 
128200 3552 3296 
128250 3560 3248 
128300 3550 3139 
128350 3542 3081 
128400 3552 3019 
128450 3561 3004 
128500 3549 3006 
128550 3547 3389 
128600 3547 3507 
128650 3562 3553 
128700 3546 3519 
128750 3543 3517 
128800 3547 3518 
128850 3545 3526 
128900 3540 3511 
128950 3552 3523 
129000 3557 3528 
129050 3553 3467 
129100 3549 3378 
129150 3546 3283 
129200 3562 3264 
129250 3551 3231 
129300 3548 3168 
129350 3551 3127 
129400 3558 3073 
129450 3566 3037 
129500 3558 2916 
129550 3545 3362 
129600 3555 3513 
129650 3551 3532 
129700 3549 3522 
129750 3539 3508 
129800 3550 3527 
129850 3546 3532 
129900 3539 3521 
129950 3551 3522 
130000 3536 3505 
130050 3567 3497 
130100 3557 3417 
130150 3542 3285 
130200 3553 3223 
130250 3537 3168 
130300 3555 3097 
130350 3538 3002 
130400 3552 2969 
130450 3554 2981 
130500 3551 2901 
130550 3542 3370 
130600 3550 3503 
130650 3546 3523 
130700 3551 3528 
130750 3560 3536 
130800 3541 3511 
130850 3551 3528 
130900 3541 3509 
130950 3527 3518 
131000 3555 3534 
131050 3551 3475 
131100 3553 3405 
131150 3540 3352 
131200 3544 3294 
131250 3561 3265 
131300 3548 3182 
131350 3540 3115 
131400 3537 3076 
131450 3561 3061 
131500 3554 3054 
131550 3548 3391 
131600 3542 3505 
131650 3552 3520 
131700 3566 3535 
131750 3534 3506 
131800 3554 3526 
131850 3551 3532 
131900 3541 3523 
131950 3539 3521 
132000 3530 3512 
132050 3546 3490 
132100 3544 3398 
132150 3545 3316 
132200 3565 3291 
132250 3547 3215 
132300 3549 3156 
132350 3524 3054 
132400 3545 3013 
132450 3548 2912 
132500 3566 2871 
132550 3557 3380 
132600 3559 3507 
132650 3538 3503 
132700 3564 3545 
132750 3564 3533 
132800 3547 3531 
132850 3555 3532 
132900 3554 3527 
132950 3548 3523 
133000 3550 3535 
133050 3556 3503 
133100 3551 3444 
133150 3549 3336 
133200 3556 3290 
133250 3542 3207 
133300 3548 3144 
133350 3547 3081 
133400 3548 3009 
133450 3551 2902 
133500 3550 2866 
133550 3543 3326 
133600 3543 3499 
133650 3536 3524 
133700 3536 3508 
133750 3534 3503 
133800 3547 3514 
133850 3549 3522 
133900 3553 3527 
133950 3559 3539 
134000 3546 3516 
134050 3555 3484 
134100 3541 3402 
134150 3553 3327 
134200 3536 3243 
134250 3544 3195 
134300 3552 3162 
134350 3536 3122 
134400 3529 3090 
134450 3560 3008 
134500 3555 2937 
134550 3537 3360 
134600 3549 3514 
134650 3538 3510 
134700 3561 3535 
134750 3562 3547 
134800 3568 3540 
134850 3550 3531 
134900 3541 3524 
134950 3556 3531 
135000 3535 3524 
135050 3553 3499 
135100 3557 3427 
135150 3546 3344 
135200 3540 3292 
135250 3545 3197 
135300 3541 3153 
135350 3554 3134 
135400 3552 3131 
135450 3549 3060 
135500 3548 3054 
135550 3552 3400 
135600 3564 3534 
135650 3551 3526 
135700 3556 3539 
135750 3549 3520 
135800 3546 3517 
135850 3565 3544 
135900 3548 3523 
135950 3554 3535 
136000 3552 3521 
136050 3557 3486 
136100 3550 3380 
136150 3545 3349 
136200 3554 3243 
136250 3560 3147 
136300 3549 3076 
136350 3547 2943 
136400 3555 2869 
136450 3550 2792 
136500 3555 2840 
136550 3547 3321 
136600 3541 3477 
136650 3543 3511 
136700 3544 3517 
136750 3549 3519 
136800 3543 3529 
136850 3548 3521 
136900 3555 3535 
136950 3564 3524 
137000 3540 3510 
137050 3539 3457 
137100 3551 3405 
137150 3554 3322 
137200 3534 3222 
137250 3556 3123 
137300 3533 3037 
137350 3561 2969 
137400 3540 2951 
137450 3544 2970 
137500 3544 2949 
137550 3545 3378 
137600 3543 3490 
137650 3566 3534 
137700 3535 3504 
137750 3550 3522 
137800 3565 3530 
137850 3550 3527 
137900 3551 3517 
137950 3538 3533 
138000 3539 3522 
138050 3517 3467 
138100 3539 3415 
138150 3553 3344 
138200 3566 3305 
138250 3539 3254 
138300 3560 3160 
138350 3552 3058 
138400 3536 2968 
138450 3552 2889 
138500 3545 2780 
138550 3538 3328 
138600 3550 3508 
138650 3547 3515 
138700 3548 3505 
138750 3541 3519 
138800 3549 3529 
138850 3545 3516 
138900 3547 3529 
138950 3538 3509 
139000 3558 3544 
139050 3551 3456 
139100 3550 3363 
139150 3551 3302 
139200 3545 3215 
139250 3528 3100 
139300 3556 3079 
139350 3556 3080 
139400 3556 3044 
139450 3547 2986 
139500 3548 2932 
139550 3557 3353 
139600 3558 3503 
139650 3537 3519 
139700 3548 3530 
139750 3556 3529 
139800 3553 3533 
139850 3556 3527 
139900 3557 3539 
139950 3548 3537 
140000 3546 3525 
140050 3548 3510 
140100 3550 3438 
140150 3541 3377 
140200 3554 3292 
140250 3541 3194 
140300 3568 3142 
140350 3560 3041 
140400 3556 2984 
140450 3549 2979 
140500 3557 2924 
140550 3546 3368 
140600 3550 3507 
140650 3538 3490 
140700 3545 3516 
140750 3543 3528 
140800 3539 3512 
140850 3556 3532 
140900 3538 3526 
140950 3548 3517 
141000 3537 3523 
141050 3558 3485 
141100 3544 3409 
141150 3540 3317 
141200 3549 3241 
141250 3560 3135 
141300 3545 3065 
141350 3558 3041 
141400 3549 3026 
141450 3547 2935 
141500 3546 2877 
141550 3560 3352 
141600 3559 3501 
141650 3550 3529 
141700 3544 3535 
141750 3553 3521 
141800 3532 3518 
141850 3552 3539 
141900 3562 3548 
141950 3540 3516 
142000 3551 3530 
142050 3546 3472 
142100 3550 3356 
142150 3548 3334 
142200 3538 3206 
142250 3558 3156 
142300 3542 3093 
142350 3548 2953 
142400 3551 2884 
142450 3538 2817 
142500 3562 2795 
142550 3544 3326 
142600 3548 3491 
142650 3560 3531 
142700 3538 3521 
142750 3551 3522 
142800 3547 3523 
142850 3541 3519 
142900 3563 3543 
142950 3545 3516 
143000 3539 3517 
143050 3552 3500 
143100 3555 3426 
143150 3531 3329 
143200 3545 3290 
143250 3542 3204 
143300 3548 3150 
143350 3540 3046 
143400 3542 2963 
143450 3554 2860 
143500 3543 2827 
143550 3545 3303 
143600 3549 3498 
143650 3556 3529 
143700 3555 3529 
143750 3539 3522 
143800 3527 3499 
143850 3538 3515 
143900 3555 3545 
143950 3553 3536 
144000 3541 3522 
144050 3561 3498 
144100 3547 3449 
144150 3557 3413 
144200 3558 3337 
144250 3548 3269 
144300 3560 3219 
144350 3556 3199 
144400 3549 3149 
144450 3548 3133 
144500 3559 3089 
144550 3549 3388 
144600 3540 3502 
144650 3557 3536 
144700 3560 3524 
144750 3546 3520 
144800 3554 3526 
144850 3546 3507 
144900 3555 3528 
144950 3559 3550 
145000 3552 3530 
145050 3545 3485 
145100 3559 3451 
145150 3556 3428 
145200 3546 3351 
145250 3545 3289 
145300 3553 3272 
145350 3556 3230 
145400 3554 3167 
145450 3547 3109 
145500 3541 3005 
145550 3547 3399 
145600 3553 3519 
145650 3545 3529 
145700 3539 3516 
145750 3549 3522 
145800 3565 3546 
145850 3548 3523 
145900 3567 3534 
145950 3555 3532 
146000 3547 3524 
146050 3550 3509 
146100 3547 3428 
146150 3563 3375 
146200 3567 3335 
146250 3556 3295 
146300 3545 3231 
146350 3548 3137 
146400 3547 3045 
146450 3541 2966 
146500 3545 2947 
146550 3560 3346 
146600 3553 3511 
146650 3545 3524 
146700 3553 3530 
146750 3569 3547 
146800 3544 3516 
146850 3560 3529 
146900 3560 3540 
146950 3552 3531 
147000 3547 3534 
147050 3553 3511 
147100 3551 3428 
147150 3567 3411 
147200 3549 3305 
147250 3543 3177 
147300 3531 3103 
147350 3536 2979 
147400 3551 2874 
147450 3559 2853 
147500 3545 2837 
147550 3550 3375 
147600 3557 3517 
147650 3553 3529 
147700 3556 3517 
147750 3537 3515 
147800 3557 3539 
147850 3543 3527 
147900 3542 3513 
147950 3546 3535 
148000 3571 3539 
148050 3558 3496 
148100 3549 3404 
148150 3557 3381 
148200 3557 3282 
148250 3548 3206 
148300 3561 3207 
148350 3537 3144 
148400 3554 3100 
148450 3567 3052 
148500 3549 3023 
148550 3537 3445 
148600 3553 3516 
148650 3552 3520 
148700 3553 3530 
148750 3564 3541 
148800 3558 3536 
148850 3544 3515 
148900 3554 3541 
148950 3549 3525 
149000 3538 3521 
149050 3543 3490 
149100 3549 3377 
149150 3547 3324 
149200 3553 3303 
149250 3538 3242 
149300 3533 3174 
149350 3539 3166 
149400 3559 3123 
149450 3554 3097 
149500 3541 3015 
149550 3555 3437 
149600 3556 3519 
149650 3548 3526 
149700 3555 3517 
149750 3548 3524 
149800 3554 3520 
149850 3560 3555 
149900 3550 3517 
149950 3541 3507 
150000 3557 3533 
150050 3555 3483 
150100 3559 3385 
150150 3564 3285 
150200 3553 3216 
150250 3551 3099 
150300 3556 3054 
150350 3556 2962 
150400 3543 2939 
150450 3552 2827 
150500 3556 2750 
150550 3537 3278 
150600 3544 3494 
150650 3544 3519 
150700 3544 3524 
150750 3544 3518 
150800 3545 3510 
150850 3535 3511 
150900 3545 3526 
150950 3542 3507 
151000 3543 3520 
151050 3552 3471 
151100 3554 3418 
151150 3551 3299 
151200 3542 3233 
151250 3535 3203 
151300 3541 3079 
151350 3548 3019 
151400 3537 2921 
151450 3557 2836 
151500 3562 2836 
151550 3552 3318 
151600 3548 3488 
151650 3549 3522 
151700 3552 3519 
151750 3545 3517 
151800 3548 3522 
151850 3548 3523 
151900 3549 3524 
151950 3543 3517 
152000 3552 3527 
152050 3551 3475 
152100 3554 3389 
152150 3565 3360 
152200 3560 3300 
152250 3548 3241 
152300 3562 3122 
152350 3559 3047 
152400 3553 3003 
152450 3560 2919 
152500 3551 2894 
152550 3548 3337 
152600 3547 3512 
152650 3566 3549 
152700 3555 3533 
152750 3556 3526 
152800 3541 3526 
152850 3546 3519 
152900 3548 3540 
152950 3552 3527 
153000 3549 3530 
153050 3550 3491 
153100 3549 3400 
153150 3533 3300 
153200 3543 3134 
153250 3542 3056 
153300 3552 2972 
153350 3544 2907 
153400 3553 2892 
153450 3535 2877 
153500 3549 2858 
153550 3547 3373 
153600 3552 3523 
153650 3545 3518 
153700 3535 3505 
153750 3558 3539 
153800 3544 3510 
153850 3565 3531 
153900 3550 3527 
153950 3542 3512 
154000 3543 3519 
154050 3541 3473 
154100 3565 3379 
154150 3567 3258 
154200 3539 3216 
154250 3556 3177 
154300 3549 3145 
154350 3559 3100 
154400 3546 3032 
154450 3555 2966 
154500 3549 2880 
154550 3552 3374 
154600 3539 3499 
154650 3540 3524 
154700 3551 3521 
154750 3539 3509 
154800 3540 3515 
154850 3550 3540 
154900 3566 3539 
154950 3540 3518 
155000 3560 3538 
155050 3546 3479 
155100 3534 3433 
155150 3552 3429 
155200 3542 3339 
155250 3555 3282 
155300 3547 3170 
155350 3553 3166 
155400 3546 3072 
155450 3552 3023 
155500 3561 2984 
155550 3541 3371 
155600 3554 3512 
155650 3547 3519 
155700 3554 3510 
155750 3550 3521 
155800 3551 3522 
155850 3540 3522 
155900 3545 3516 
155950 3557 3519 
156000 3562 3541 
156050 3563 3490 
156100 3562 3401 
156150 3541 3279 
156200 3553 3242 
156250 3546 3209 
156300 3556 3121 
156350 3556 3045 
156400 3557 3014 
156450 3559 2907 
156500 3562 2827 
156550 3552 3363 
156600 3568 3524 
156650 3544 3520 
156700 3541 3516 
156750 3557 3529 
156800 3562 3535 
156850 3546 3529 
156900 3548 3508 
156950 3549 3529 
157000 3571 3534 
157050 3556 3503 
157100 3544 3412 
157150 3549 3388 
157200 3540 3309 
157250 3566 3250 
157300 3549 3205 
157350 3538 3108 
157400 3547 3033 
157450 3550 2902 
157500 3536 2817 
157550 3552 3328 
157600 3540 3509 
157650 3559 3533 
157700 3547 3521 
157750 3540 3518 
157800 3529 3502 
157850 3549 3515 
157900 3558 3529 
157950 3547 3521 
158000 3545 3529 
158050 3555 3478 
158100 3551 3367 
158150 3566 3340 
158200 3554 3259 
158250 3549 3226 
158300 3558 3153 
158350 3557 3019 
158400 3531 2982 
158450 3547 2920 
158500 3558 2872 
158550 3532 3366 
158600 3546 3509 
158650 3567 3556 
158700 3555 3528 
158750 3553 3531 
158800 3537 3527 
158850 3549 3519 
158900 3548 3515 
158950 3555 3531 
159000 3550 3525 
159050 3544 3455 
159100 3567 3390 
159150 3548 3280 
159200 3532 3154 
159250 3547 3053 
159300 3551 2977 
159350 3554 2930 
159400 3538 2777 
159450 3538 2811 
159500 3547 2773 
159550 3543 3318 
159600 3544 3508 
159650 3548 3515 
159700 3544 3513 
159750 3556 3524 
159800 3561 3535 
159850 3558 3538 
159900 3550 3512 
159950 3546 3528 
160000 3544 3520 
160050 3548 3441 
160100 3543 3359 
160150 3543 3259 
160200 3552 3225 
160250 3557 3191 
160300 3547 3108 
160350 3542 2992 
160400 3567 2944 
160450 3563 2843 
160500 3557 2794 
160550 3544 3345 
160600 3549 3509 
160650 3553 3523 
160700 3555 3526 
160750 3554 3531 
160800 3553 3540 
160850 3553 3534 
160900 3539 3506 
160950 3551 3523 
161000 3553 3510 
161050 3544 3463 
161100 3565 3412 
161150 3553 3302 
161200 3535 3221 
161250 3540 3209 
161300 3547 3044 
161350 3552 2947 
161400 3549 2882 
161450 3564 2871 
161500 3556 2764 
161550 3544 3315 
161600 3539 3498 
161650 3558 3535 
161700 3543 3518 
161750 3552 3532 
161800 3549 3534 
161850 3543 3521 
161900 3554 3522 
161950 3555 3521 
162000 3552 3532 
162050 3541 3484 
162100 3554 3428 
162150 3542 3381 
162200 3557 3335 
162250 3555 3287 
162300 3546 3222 
162350 3553 3132 
162400 3554 2993 
162450 3554 2893 
162500 3545 2856 
162550 3547 3295 
162600 3555 3501 
162650 3533 3505 
162700 3527 3501 
162750 3555 3526 
162800 3559 3534 
162850 3537 3534 
162900 3542 3514 
162950 3555 3546 
163000 3535 3522 
163050 3553 3506 
163100 3546 3406 
163150 3552 3380 
163200 3553 3304 
163250 3555 3277 
163300 3539 3230 
163350 3547 3169 
163400 3531 3121 
163450 3553 3073 
163500 3544 3069 
163550 3550 3396 
163600 3557 3524 
163650 3552 3534 
163700 3558 3539 
163750 3546 3528 
163800 3538 3518 
163850 3559 3536 
163900 3552 3530 
163950 3539 3510 
164000 3561 3543 
164050 3557 3488 
164100 3526 3372 
164150 3543 3301 
164200 3551 3226 
164250 3549 3177 
164300 3550 3128 
164350 3556 3084 
164400 3555 3049 
164450 3544 3011 
164500 3548 2974 
164550 3551 3380 
164600 3550 3519 
164650 3534 3513 
164700 3541 3518 
164750 3552 3532 
164800 3551 3527 
164850 3556 3530 
164900 3545 3511 
164950 3545 3534 
165000 3554 3518 
165050 3545 3502 
165100 3544 3400 
165150 3544 3357 
165200 3563 3279 
165250 3554 3179 
165300 3539 3056 
165350 3545 2951 
165400 3533 2856 
165450 3552 2830 
165500 3532 2680 
165550 3544 3336 
165600 3564 3508 
165650 3542 3512 
165700 3544 3533 
165750 3540 3517 
165800 3556 3529 
165850 3552 3519 
165900 3553 3529 
165950 3540 3494 
166000 3548 3516 
166050 3559 3485 
166100 3559 3461 
166150 3558 3389 
166200 3549 3307 
166250 3555 3286 
166300 3563 3261 
166350 3548 3161 
166400 3542 3100 
166450 3548 3037 
166500 3541 2994 
166550 3541 3406 
166600 3548 3516 
166650 3537 3505 
166700 3533 3505 
166750 3556 3537 
166800 3551 3522 
166850 3548 3528 
166900 3545 3517 
166950 3555 3537 
167000 3544 3525 
167050 3558 3500 
167100 3548 3423 
167150 3554 3399 
167200 3555 3359 
167250 3543 3287 
167300 3561 3234 
167350 3553 3141 
167400 3547 3114 
167450 3552 3074 
167500 3554 2938 
167550 3552 3347 
167600 3552 3496 
167650 3543 3520 
167700 3541 3520 
167750 3550 3522 
167800 3566 3544 
167850 3543 3521 
167900 3556 3531 
167950 3561 3539 
168000 3550 3522 
168050 3556 3504 
168100 3543 3440 
168150 3548 3331 
168200 3548 3301 
168250 3550 3290 
168300 3548 3219 
168350 3553 3158 
168400 3557 3089 
168450 3539 3005 
168500 3552 2970 
168550 3555 3421 
168600 3553 3513 
168650 3544 3514 
168700 3538 3511 
168750 3554 3527 
168800 3549 3511 
168850 3551 3534 
168900 3552 3515 
168950 3557 3534 
169000 3559 3540 
169050 3550 3482 
169100 3551 3389 
169150 3558 3315 
169200 3544 3248 
169250 3560 3205 
169300 3540 3177 
169350 3557 3146 
169400 3558 3126 
169450 3546 3138 
169500 3555 3107 
169550 3537 3438 
169600 3540 3514 
169650 3551 3535 
169700 3546 3514 
169750 3534 3506 
169800 3554 3527 
169850 3544 3534 
169900 3548 3527 
169950 3565 3539 
170000 3543 3521 
170050 3540 3452 
170100 3547 3370 
170150 3549 3331 
170200 3565 3303 
170250 3551 3265 
170300 3563 3199 
170350 3554 3116 
170400 3546 3029 
170450 3546 2920 
170500 3541 2843 
170550 3548 3357 
170600 3545 3506 
170650 3556 3537 
170700 3548 3526 
170750 3535 3523 
170800 3555 3538 
170850 3554 3539 
170900 3550 3532 
170950 3550 3513 
171000 3546 3521 
171050 3559 3511 
171100 3555 3428 
171150 3548 3327 
171200 3551 3279 
171250 3549 3196 
171300 3546 3102 
171350 3563 3059 
171400 3558 2957 
171450 3551 2902 
171500 3559 2858 
171550 3555 3345 
171600 3564 3505 
171650 3568 3544 
171700 3554 3537 
171750 3546 3521 
171800 3537 3521 
171850 3566 3546 
171900 3565 3541 
171950 3556 3535 
172000 3557 3527 
172050 3541 3462 
172100 3546 3402 
172150 3561 3322 
172200 3548 3268 
172250 3549 3208 
172300 3547 3115 
172350 3538 2992 
172400 3568 2939 
172450 3545 2928 
172500 3549 2842 
172550 3549 3364 
172600 3531 3499 
172650 3556 3523 
172700 3542 3517 
172750 3552 3522 
172800 3544 3526 
172850 3555 3526 
172900 3548 3521 
172950 3559 3538 
173000 3558 3537 
173050 3554 3487 
173100 3535 3378 
173150 3540 3243 
173200 3527 3188 
173250 3565 3164 
173300 3541 3108 
173350 3546 3094 
173400 3549 3011 
173450 3536 2905 
173500 3555 2881 
173550 3565 3327 
173600 3545 3508 
173650 3551 3540 
173700 3558 3539 
173750 3558 3534 
173800 3549 3534 
173850 3557 3534 
173900 3549 3525 
173950 3541 3519 
174000 3553 3516 
174050 3539 3465 
174100 3549 3388 
174150 3566 3324 
174200 3548 3206 
174250 3551 3157 
174300 3549 3078 
174350 3575 3036 
174400 3546 2963 
174450 3558 2903 
174500 3541 2897 
174550 3555 3325 
174600 3559 3495 
174650 3570 3549 
174700 3566 3534 
174750 3552 3525 
174800 3560 3534 
174850 3566 3551 
174900 3551 3520 
174950 3557 3545 
175000 3540 3523 
175050 3539 3489 
175100 3544 3421 
175150 3549 3311 
175200 3547 3228 
175250 3549 3185 
175300 3565 3089 
175350 3565 3010 
175400 3543 2998 
175450 3545 2918 
175500 3542 2725 
175550 3553 3281 
175600 3557 3506 
175650 3554 3526 
175700 3549 3519 
175750 3545 3515 
175800 3555 3526 
175850 3551 3529 
175900 3539 3526 
175950 3554 3536 
176000 3560 3527 
176050 3544 3474 
176100 3550 3394 
176150 3548 3319 
176200 3540 3246 
176250 3557 3193 
176300 3562 3156 
176350 3564 3127 
176400 3560 3107 
176450 3554 3041 
176500 3555 2975 
176550 3547 3381 
176600 3552 3524 
176650 3550 3524 
176700 3556 3524 
176750 3560 3545 
176800 3555 3540 
176850 3550 3533 
176900 3555 3530 
176950 3555 3542 
177000 3550 3526 
177050 3545 3486 
177100 3548 3421 
177150 3549 3364 
177200 3552 3283 
177250 3566 3238 
177300 3545 3155 
177350 3555 3109 
177400 3531 3044 
177450 3562 2996 
177500 3556 2940 
177550 3537 3363 
177600 3540 3488 
177650 3547 3535 
177700 3554 3538 
177750 3552 3538 
177800 3556 3546 
177850 3540 3509 
177900 3561 3542 
177950 3566 3537 
178000 3533 3506 
178050 3552 3452 
178100 3561 3373 
178150 3558 3302 
178200 3550 3225 
178250 3552 3106 
178300 3555 3095 
178350 3537 2997 
178400 3548 2924 
178450 3552 2820 
178500 3542 2795 
178550 3562 3371 
178600 3543 3506 
178650 3549 3524 
178700 3546 3518 
178750 3538 3513 
178800 3545 3525 
178850 3550 3529 
178900 3541 3518 
178950 3552 3523 
179000 3560 3530 
179050 3552 3499 
179100 3545 3435 
179150 3556 3370 
179200 3544 3308 
179250 3551 3325 
179300 3550 3261 
179350 3546 3216 
179400 3545 3176 
179450 3558 3079 
179500 3550 3029 
179550 3540 3376 
179600 3556 3521 
179650 3541 3519 
179700 3542 3524 
179750 3547 3517 
179800 3539 3521 
179850 3529 3512 
179900 3545 3524 
179950 3553 3521 
180000 3554 3521 
180050 3558 3484 
180100 3548 3398 
180150 3552 3340 
180200 3557 3308 
180250 3558 3279 
180300 3546 3196 
180350 3540 3125 
180400 3541 3032 
180450 3546 2936 
180500 3552 2892 
180550 3550 3337 
180600 3560 3499 
180650 3547 3534 
180700 3556 3543 
180750 3557 3538 
180800 3552 3531 
180850 3558 3536 
180900 3546 3522 
180950 3545 3536 
181000 3564 3536 
181050 3547 3504 
181100 3543 3397 
181150 3552 3362 
181200 3545 3281 
181250 3547 3246 
181300 3560 3196 
181350 3554 3087 
181400 3547 2990 
181450 3552 2989 
181500 3552 2881 
181550 3539 3340 
181600 3554 3512 
181650 3555 3532 
181700 3555 3529 
181750 3545 3529 
181800 3568 3545 
181850 3555 3521 
181900 3559 3537 
181950 3546 3523 
182000 3567 3546 
182050 3571 3501 
182100 3541 3427 
182150 3539 3356 
182200 3548 3324 
182250 3540 3220 
182300 3545 3206 
182350 3553 3162 
182400 3554 3061 
182450 3557 3040 
182500 3550 2998 
182550 3563 3395 
182600 3555 3520 
182650 3548 3508 
182700 3546 3522 
182750 3545 3513 
182800 3551 3524 
182850 3544 3513 
182900 3558 3539 
182950 3551 3524 
183000 3558 3520 
183050 3549 3480 
183100 3545 3406 
183150 3529 3342 
183200 3543 3253 
183250 3540 3172 
183300 3547 3073 
183350 3538 2980 
183400 3552 2902 
183450 3539 2903 
183500 3548 2896 
183550 3540 3320 
183600 3547 3505 
183650 3549 3533 
183700 3541 3518 
183750 3547 3528 
183800 3550 3516 
183850 3548 3536 
183900 3547 3527 
183950 3551 3535 
184000 3558 3535 
184050 3557 3482 
184100 3556 3428 
184150 3560 3378 
184200 3556 3316 
184250 3546 3262 
184300 3562 3234 
184350 3556 3168 
184400 3555 3144 
184450 3563 3073 
184500 3552 3001 
184550 3545 3379 
184600 3558 3509 
184650 3556 3535 
184700 3545 3525 
184750 3546 3516 
184800 3565 3540 
184850 3550 3531 
184900 3557 3530 
184950 3539 3497 
185000 3559 3533 
185050 3550 3491 
185100 3553 3431 
185150 3530 3305 
185200 3551 3251 
185250 3552 3199 
185300 3554 3172 
185350 3568 3070 
185400 3555 2980 
185450 3568 2927 
185500 3558 2896 
185550 3558 3366 
185600 3546 3504 
185650 3546 3524 
185700 3535 3516 
185750 3551 3524 
185800 3544 3520 
185850 3557 3529 
185900 3550 3540 
185950 3545 3526 
186000 3544 3514 
186050 3559 3483 
186100 3554 3391 
186150 3549 3306 
186200 3561 3233 
186250 3544 3230 
186300 3561 3250 
186350 3536 3183 
186400 3543 3106 
186450 3549 3065 
186500 3548 3023 
186550 3562 3404 
186600 3538 3503 
186650 3553 3528 
186700 3548 3531 
186750 3543 3508 
186800 3555 3536 
186850 3561 3528 
186900 3551 3524 
186950 3549 3522 
187000 3558 3536 
187050 3555 3502 
187100 3555 3440 
187150 3554 3389 
187200 3550 3367 
187250 3548 3333 
187300 3548 3305 
187350 3552 3200 
187400 3546 3090 
187450 3544 3040 
187500 3551 3040 
187550 3569 3390 
187600 3556 3523 
187650 3550 3533 
187700 3561 3536 
187750 3566 3534 
187800 3557 3529 
187850 3533 3516 
187900 3565 3549 
187950 3542 3519 
188000 3564 3538 
188050 3555 3483 
188100 3554 3409 
188150 3551 3342 
188200 3552 3262 
188250 3547 3206 
188300 3547 3105 
188350 3550 3059 
188400 3562 2897 
188450 3543 2846 
188500 3566 2840 
188550 3564 3348 
188600 3547 3489 
188650 3554 3526 
188700 3551 3525 
188750 3571 3545 
188800 3552 3525 
188850 3567 3544 
188900 3569 3550 
188950 3530 3510 
189000 3551 3530 
189050 3539 3487 
189100 3560 3464 
189150 3561 3351 
189200 3548 3261 
189250 3555 3169 
189300 3550 3084 
189350 3551 3064 
189400 3562 3001 
189450 3548 2938 
189500 3534 2866 
189550 3551 3373 
189600 3550 3525 
189650 3536 3519 
189700 3546 3525 
189750 3574 3549 
189800 3553 3522 
189850 3563 3534 
189900 3565 3549 
189950 3549 3532 
190000 3556 3526 
190050 3547 3465 
190100 3550 3414 
190150 3529 3320 
190200 3537 3243 
190250 3551 3129 
190300 3546 3099 
190350 3557 3032 
190400 3555 2959 
190450 3540 2919 
190500 3564 2795 
190550 3539 3262 
190600 3557 3506 
190650 3557 3524 
190700 3556 3536 
190750 3561 3540 
190800 3546 3521 
190850 3555 3524 
190900 3549 3512 
190950 3549 3517 
191000 3546 3526 
191050 3541 3478 
191100 3561 3441 
191150 3551 3399 
191200 3535 3348 
191250 3556 3317 
191300 3552 3230 
191350 3551 3169 
191400 3533 3148 
191450 3555 3153 
191500 3559 3111 
191550 3533 3413 
191600 3559 3533 
191650 3548 3540 
191700 3546 3518 
191750 3541 3530 
191800 3552 3532 
191850 3552 3523 
191900 3554 3532 
191950 3562 3533 
192000 3545 3537 
192050 3534 3481 
192100 3559 3445 
192150 3569 3346 
192200 3546 3305 
192250 3547 3238 
192300 3543 3134 
192350 3564 3121 
192400 3556 3140 
192450 3557 3093 
192500 3526 3012 
192550 3550 3400 
192600 3548 3515 
192650 3545 3503 
192700 3552 3532 
192750 3557 3542 
192800 3553 3526 
192850 3539 3527 
192900 3559 3527 
192950 3550 3529 
193000 3556 3526 
193050 3561 3483 
193100 3560 3392 
193150 3524 3282 
193200 3541 3248 
193250 3562 3208 
193300 3555 3202 
193350 3549 3179 
193400 3554 3129 
193450 3544 3100 
193500 3540 3009 
193550 3538 3380 
193600 3564 3525 
193650 3556 3534 
193700 3553 3536 
193750 3550 3526 
193800 3545 3514 
193850 3547 3522 
193900 3564 3526 
193950 3545 3519 
194000 3546 3538 
194050 3544 3488 
194100 3548 3447 
194150 3551 3365 
194200 3545 3279 
194250 3546 3238 
194300 3548 3198 
194350 3543 3158 
194400 3550 3113 
194450 3525 3019 
194500 3561 3039 
194550 3542 3388 
194600 3553 3515 
194650 3552 3538 
194700 3548 3530 
194750 3570 3550 
194800 3546 3525 
194850 3544 3528 
194900 3553 3511 
194950 3559 3537 
195000 3552 3518 
195050 3560 3504 
195100 3551 3357 
195150 3544 3207 
195200 3532 3113 
195250 3542 3026 
195300 3548 2843 
195350 3547 2786 
195400 3552 2716 
195450 3534 2599 
195500 3550 2507 
195550 3530 3247 
195600 3545 3483 
195650 3561 3535 
195700 3544 3517 
195750 3536 3516 
195800 3554 3537 
195850 3549 3525 
195900 3548 3522 
195950 3550 3526 
196000 3537 3514 
196050 3556 3484 
196100 3534 3395 
196150 3553 3332 
196200 3565 3303 
196250 3552 3207 
196300 3558 3141 
196350 3555 3043 
196400 3547 2970 
196450 3546 2936 
196500 3559 2880 
196550 3545 3327 
196600 3540 3495 
196650 3559 3538 
196700 3550 3516 
196750 3548 3521 
196800 3555 3539 
196850 3552 3524 
196900 3544 3513 
196950 3555 3532 
197000 3555 3532 
197050 3543 3469 
197100 3538 3412 
197150 3542 3327 
197200 3525 3243 
197250 3535 3198 
197300 3520 3069 
197350 3547 3022 
197400 3546 2937 
197450 3546 2902 
197500 3537 2825 
197550 3558 3348 
197600 3544 3501 
197650 3550 3527 
197700 3555 3533 
197750 3556 3532 
197800 3537 3493 
197850 3552 3535 
197900 3553 3528 
197950 3554 3547 
198000 3528 3506 
198050 3534 3458 
198100 3566 3410 
198150 3555 3362 
198200 3557 3241 
198250 3552 3179 
198300 3525 3118 
198350 3557 3096 
198400 3550 3050 
198450 3566 2949 
198500 3543 2869 
198550 3548 3360 
198600 3552 3502 
198650 3550 3522 
198700 3554 3517 
198750 3539 3523 
198800 3555 3529 
198850 3553 3523 
198900 3543 3512 
198950 3547 3522 
199000 3539 3515 
199050 3553 3467 
199100 3541 3366 
199150 3549 3341 
199200 3551 3321 
199250 3549 3318 
199300 3539 3214 
199350 3551 3160 
199400 3549 3072 
199450 3561 3063 
199500 3550 2980 
199550 3536 3362 
199600 3547 3513 
199650 3536 3499 
199700 3537 3518 
199750 3562 3536 
199800 3554 3532 
199850 3536 3517 
199900 3545 3524 
199950 3542 3512 
200000 3551 3526 
