# Avida tasks data
# Sat Apr  7 23:29:38 2012
# First column gives the current update, next columns give the number
# of organisms that have the particular task as a component of their merit
#  1: Update
#  2: Xor
#  3: Equals

0 0 0 
50 5 5 
100 20 20 
150 75 75 
200 194 194 
250 356 358 
300 548 550 
350 819 816 
400 1167 1164 
450 1529 1530 
500 1958 1953 
550 2428 2435 
600 3029 3029 
650 3349 3355 
700 3507 3507 
750 3541 3539 
800 3550 3547 
850 3540 3545 
900 3537 3536 
950 3529 3542 
1000 3533 3542 
1050 3118 2888 
1100 3364 2481 
1150 3357 1896 
1200 3361 1462 
1250 3391 1193 
1300 3420 989 
1350 3435 748 
1400 3450 540 
1450 3478 367 
1500 3493 234 
1550 3520 151 
1600 3510 106 
1650 3479 723 
1700 3482 1240 
1750 3492 1658 
1800 3498 1957 
1850 3500 2215 
1900 3511 2474 
1950 3535 2700 
2000 3501 2876 
2050 3323 2186 
2100 3427 1325 
2150 3446 806 
2200 3478 500 
2250 3519 317 
2300 3532 192 
2350 3541 144 
2400 3544 103 
2450 3546 61 
2500 3530 34 
2550 3542 421 
2600 3547 952 
2650 3543 1376 
2700 3539 1812 
2750 3535 2186 
2800 3514 2480 
2850 3530 2784 
2900 3523 2990 
2950 3520 3161 
3000 3542 3307 
3050 3299 2393 
3100 3355 1563 
3150 3433 1026 
3200 3465 629 
3250 3496 430 
3300 3506 279 
3350 3528 132 
3400 3527 51 
3450 3551 22 
3500 3541 2 
3550 3540 373 
3600 3536 923 
3650 3532 1402 
3700 3534 1806 
3750 3537 2179 
3800 3544 2498 
3850 3538 2762 
3900 3542 2970 
3950 3547 3160 
4000 3554 3312 
4050 3327 2172 
4100 3443 1169 
4150 3475 643 
4200 3510 302 
4250 3528 130 
4300 3529 39 
4350 3548 17 
4400 3534 11 
4450 3544 10 
4500 3557 5 
4550 3542 310 
4600 3537 831 
4650 3532 1325 
4700 3529 1751 
4750 3546 2107 
4800 3532 2478 
4850 3544 2748 
4900 3539 2922 
4950 3539 3045 
5000 3542 3183 
5050 3371 2270 
5100 3470 1340 
5150 3507 686 
5200 3525 322 
5250 3506 128 
5300 3531 44 
5350 3545 18 
5400 3521 14 
5450 3555 4 
5500 3545 4 
5550 3546 495 
5600 3553 1163 
5650 3553 1659 
5700 3540 2050 
5750 3547 2422 
5800 3551 2749 
5850 3544 2968 
5900 3549 3162 
5950 3549 3301 
6000 3540 3359 
6050 3389 2186 
6100 3477 1191 
6150 3510 589 
6200 3523 262 
6250 3546 104 
6300 3568 34 
6350 3547 11 
6400 3535 9 
6450 3534 9 
6500 3552 3 
6550 3533 394 
6600 3527 924 
6650 3551 1318 
6700 3547 1694 
6750 3527 2031 
6800 3549 2348 
6850 3537 2609 
6900 3548 2889 
6950 3546 3093 
7000 3542 3255 
7050 3365 2172 
7100 3447 1144 
7150 3496 584 
7200 3518 278 
7250 3531 145 
7300 3525 67 
7350 3527 36 
7400 3551 13 
7450 3548 13 
7500 3534 15 
7550 3522 294 
7600 3517 870 
7650 3535 1349 
7700 3553 1703 
7750 3538 2060 
7800 3544 2399 
7850 3538 2657 
7900 3549 2867 
7950 3539 3064 
8000 3544 3218 
8050 3367 2261 
8100 3441 1344 
8150 3487 787 
8200 3508 448 
8250 3527 207 
8300 3556 100 
8350 3542 39 
8400 3552 11 
8450 3549 7 
8500 3554 12 
8550 3548 638 
8600 3538 1368 
8650 3536 1878 
8700 3540 2252 
8750 3529 2532 
8800 3538 2790 
8850 3529 2964 
8900 3553 3150 
8950 3544 3236 
9000 3541 3311 
9050 3343 2296 
9100 3437 1288 
9150 3498 715 
9200 3510 353 
9250 3540 158 
9300 3549 58 
9350 3546 23 
9400 3528 10 
9450 3537 10 
9500 3532 4 
9550 3539 161 
9600 3543 749 
9650 3552 1226 
9700 3537 1656 
9750 3538 2049 
9800 3542 2352 
9850 3540 2651 
9900 3552 2912 
9950 3550 3108 
10000 3543 3234 
10050 3277 2572 
10100 3327 1943 
10150 3349 1448 
10200 3437 1178 
10250 3466 827 
10300 3473 529 
10350 3507 303 
10400 3493 179 
10450 3506 84 
10500 3527 31 
10550 3528 6 
10600 3534 416 
10650 3537 926 
10700 3535 1382 
10750 3539 1763 
10800 3544 2104 
10850 3546 2436 
10900 3544 2753 
10950 3551 2973 
11000 3541 3108 
11050 3337 2331 
11100 3433 1447 
11150 3480 874 
11200 3505 507 
11250 3532 307 
11300 3552 176 
11350 3531 73 
11400 3535 18 
11450 3534 7 
11500 3546 6 
11550 3543 370 
11600 3544 896 
11650 3540 1342 
11700 3544 1735 
11750 3558 2120 
11800 3550 2435 
11850 3556 2744 
11900 3551 2981 
11950 3543 3121 
12000 3563 3246 
12050 3292 2293 
12100 3413 1355 
12150 3445 794 
12200 3495 514 
12250 3527 293 
12300 3546 161 
12350 3545 74 
12400 3543 33 
12450 3550 17 
12500 3551 14 
12550 3557 334 
12600 3549 1039 
12650 3557 1599 
12700 3551 1996 
12750 3555 2433 
12800 3548 2772 
12850 3548 3038 
12900 3544 3224 
12950 3542 3354 
13000 3544 3424 
13050 3314 2363 
13100 3405 1376 
13150 3459 832 
13200 3499 491 
13250 3543 312 
13300 3547 190 
13350 3550 115 
13400 3534 61 
13450 3552 39 
13500 3560 21 
13550 3556 417 
13600 3553 987 
13650 3545 1480 
13700 3547 1914 
13750 3543 2321 
13800 3555 2698 
13850 3545 2939 
13900 3546 3116 
13950 3546 3277 
14000 3559 3406 
14050 3300 2407 
14100 3410 1512 
14150 3485 938 
14200 3502 552 
14250 3535 382 
14300 3551 281 
14350 3534 181 
14400 3540 125 
14450 3541 72 
14500 3535 29 
14550 3555 216 
14600 3562 888 
14650 3544 1357 
14700 3560 1761 
14750 3551 2104 
14800 3557 2393 
14850 3553 2649 
14900 3556 2865 
14950 3554 3033 
15000 3544 3147 
15050 3369 2196 
15100 3471 1162 
15150 3503 588 
15200 3529 286 
15250 3540 143 
15300 3544 61 
15350 3535 28 
15400 3538 17 
15450 3547 5 
15500 3550 11 
15550 3546 428 
15600 3550 1017 
15650 3536 1568 
15700 3541 1996 
15750 3547 2283 
15800 3565 2561 
15850 3548 2772 
15900 3557 2958 
15950 3554 3104 
16000 3549 3225 
16050 3306 2305 
16100 3416 1369 
16150 3455 819 
16200 3515 453 
16250 3526 230 
16300 3549 143 
16350 3541 61 
16400 3535 21 
16450 3544 7 
16500 3549 13 
16550 3553 172 
16600 3549 877 
16650 3548 1340 
16700 3528 1758 
16750 3540 2165 
16800 3529 2491 
16850 3546 2778 
16900 3537 2965 
16950 3540 3112 
17000 3546 3235 
17050 3308 2410 
17100 3409 1494 
17150 3472 860 
17200 3499 507 
17250 3538 282 
17300 3564 132 
17350 3555 50 
17400 3553 14 
17450 3539 11 
17500 3540 5 
17550 3518 172 
17600 3517 981 
17650 3505 1554 
17700 3507 1925 
17750 3483 2204 
17800 3491 2473 
17850 3498 2675 
17900 3518 2882 
17950 3537 3078 
18000 3544 3258 
18050 3283 2327 
18100 3387 1429 
18150 3444 933 
18200 3462 591 
18250 3501 398 
18300 3535 290 
18350 3528 156 
18400 3529 84 
18450 3555 28 
18500 3558 9 
18550 3549 152 
18600 3550 852 
18650 3537 1358 
18700 3546 1795 
18750 3544 2161 
18800 3535 2483 
18850 3552 2748 
18900 3564 2950 
18950 3557 3084 
19000 3550 3201 
19050 3346 2227 
19100 3452 1251 
19150 3493 678 
19200 3512 352 
19250 3519 134 
19300 3550 28 
19350 3548 16 
19400 3550 12 
19450 3541 8 
19500 3535 9 
19550 3529 455 
19600 3539 1081 
19650 3538 1556 
19700 3563 1992 
19750 3554 2362 
19800 3553 2662 
19850 3568 2949 
19900 3554 3136 
19950 3559 3283 
20000 3558 3400 
20050 3393 2230 
20100 3507 1052 
20150 3526 515 
20200 3547 206 
20250 3541 60 
20300 3542 22 
20350 3550 8 
20400 3555 6 
20450 3543 6 
20500 3545 7 
20550 3532 26 
20600 3479 629 
20650 3477 1182 
20700 3465 1591 
20750 3497 1958 
20800 3515 2264 
20850 3535 2563 
20900 3554 2835 
20950 3562 3005 
21000 3547 3114 
21050 3362 2334 
21100 3453 1345 
21150 3490 733 
21200 3525 352 
21250 3530 124 
21300 3531 47 
21350 3551 18 
21400 3557 5 
21450 3557 1 
21500 3556 2 
21550 3564 237 
21600 3554 799 
21650 3569 1299 
21700 3558 1786 
21750 3566 2170 
21800 3556 2511 
21850 3545 2817 
21900 3549 3084 
21950 3543 3252 
22000 3533 3361 
22050 3377 2209 
22100 3476 1189 
22150 3510 620 
22200 3531 272 
22250 3566 113 
22300 3559 37 
22350 3548 17 
22400 3550 6 
22450 3563 5 
22500 3554 7 
22550 3530 355 
22600 3529 1017 
22650 3536 1552 
22700 3531 2069 
22750 3548 2477 
22800 3555 2800 
22850 3530 3030 
22900 3563 3248 
22950 3538 3360 
23000 3551 3452 
23050 3330 2332 
23100 3426 1281 
23150 3489 694 
23200 3524 343 
23250 3538 148 
23300 3548 57 
23350 3540 15 
23400 3561 8 
23450 3554 8 
23500 3557 8 
23550 3532 223 
23600 3538 792 
23650 3536 1220 
23700 3541 1705 
23750 3545 2178 
23800 3561 2542 
23850 3547 2871 
23900 3557 3143 
23950 3548 3301 
24000 3555 3413 
24050 3363 2314 
24100 3456 1253 
24150 3529 610 
24200 3534 260 
24250 3539 81 
24300 3552 21 
24350 3543 15 
24400 3543 3 
24450 3564 7 
24500 3557 6 
24550 3550 458 
24600 3546 1195 
24650 3547 1772 
24700 3558 2251 
24750 3557 2646 
24800 3546 2916 
24850 3572 3187 
24900 3553 3328 
24950 3552 3437 
25000 3563 3497 
25050 3334 2390 
25100 3456 1340 
25150 3525 734 
25200 3541 366 
25250 3553 166 
25300 3544 80 
25350 3547 35 
25400 3548 17 
25450 3558 6 
25500 3562 6 
25550 3558 419 
25600 3553 924 
25650 3552 1384 
25700 3545 1731 
25750 3560 2099 
25800 3547 2422 
25850 3551 2731 
25900 3541 2962 
25950 3538 3139 
26000 3556 3286 
26050 3322 2342 
26100 3427 1323 
26150 3503 597 
26200 3513 207 
26250 3550 67 
26300 3552 20 
26350 3566 5 
26400 3557 8 
26450 3545 3 
26500 3558 7 
26550 3556 384 
26600 3541 925 
26650 3549 1381 
26700 3546 1803 
26750 3548 2123 
26800 3539 2419 
26850 3553 2702 
26900 3555 2932 
26950 3560 3083 
27000 3548 3212 
27050 3251 2432 
27100 3312 1721 
27150 3355 1325 
27200 3406 1004 
27250 3486 822 
27300 3534 601 
27350 3523 405 
27400 3517 251 
27450 3552 135 
27500 3561 72 
27550 3558 451 
27600 3554 1150 
27650 3548 1673 
27700 3557 2121 
27750 3551 2444 
27800 3539 2690 
27850 3542 2938 
27900 3559 3124 
27950 3560 3283 
28000 3555 3421 
28050 3289 2445 
28100 3401 1449 
28150 3461 878 
28200 3464 532 
28250 3532 348 
28300 3532 204 
28350 3540 91 
28400 3555 28 
28450 3553 5 
28500 3540 6 
28550 3540 368 
28600 3548 978 
28650 3559 1513 
28700 3556 1899 
28750 3548 2241 
28800 3545 2543 
28850 3553 2814 
28900 3550 3024 
28950 3554 3212 
29000 3550 3295 
29050 3290 2365 
29100 3390 1543 
29150 3412 1037 
29200 3435 721 
29250 3502 575 
29300 3518 459 
29350 3545 340 
29400 3537 245 
29450 3544 178 
29500 3551 108 
29550 3549 382 
29600 3543 1169 
29650 3554 1811 
29700 3560 2329 
29750 3551 2686 
29800 3562 3040 
29850 3553 3253 
29900 3564 3434 
29950 3563 3496 
30000 3572 3534 
30050 3363 2304 
30100 3463 1237 
30150 3511 652 
30200 3522 288 
30250 3568 106 
30300 3552 49 
30350 3556 19 
30400 3541 17 
30450 3569 8 
30500 3551 6 
30550 3556 263 
30600 3551 880 
30650 3546 1319 
30700 3549 1741 
30750 3552 2152 
30800 3557 2506 
30850 3555 2750 
30900 3553 2953 
30950 3547 3120 
31000 3535 3216 
31050 3356 2259 
31100 3440 1289 
31150 3502 760 
31200 3536 415 
31250 3552 176 
31300 3562 73 
31350 3565 28 
31400 3556 12 
31450 3543 3 
31500 3539 10 
31550 3553 622 
31600 3555 1316 
31650 3546 1900 
31700 3558 2367 
31750 3547 2707 
31800 3547 2930 
31850 3551 3158 
31900 3545 3305 
31950 3547 3405 
32000 3545 3468 
32050 3330 2366 
32100 3419 1303 
32150 3486 750 
32200 3493 420 
32250 3505 239 
32300 3533 115 
32350 3542 46 
32400 3529 19 
32450 3547 8 
32500 3554 7 
32550 3546 83 
32600 3531 807 
32650 3523 1358 
32700 3529 1821 
32750 3538 2208 
32800 3522 2490 
32850 3518 2714 
32900 3532 2912 
32950 3537 3115 
33000 3528 3275 
33050 3348 2169 
33100 3469 1117 
33150 3526 465 
33200 3519 176 
33250 3553 36 
33300 3554 11 
33350 3541 6 
33400 3537 3 
33450 3549 6 
33500 3544 2 
33550 3569 338 
33600 3550 954 
33650 3542 1425 
33700 3559 1791 
33750 3539 2141 
33800 3554 2447 
33850 3547 2710 
33900 3558 2951 
33950 3559 3136 
34000 3551 3262 
34050 3369 2267 
34100 3463 1231 
34150 3504 672 
34200 3530 340 
34250 3535 143 
34300 3533 75 
34350 3552 31 
34400 3545 12 
34450 3542 8 
34500 3559 5 
34550 3549 0 
34600 3540 578 
34650 3538 1070 
34700 3539 1595 
34750 3525 1985 
34800 3535 2337 
34850 3549 2659 
34900 3554 2873 
34950 3550 3035 
35000 3547 3159 
35050 3379 2184 
35100 3476 1107 
35150 3531 565 
35200 3531 263 
35250 3533 124 
35300 3546 42 
35350 3559 17 
35400 3552 6 
35450 3559 6 
35500 3547 9 
35550 3537 308 
35600 3539 987 
35650 3540 1446 
35700 3546 1883 
35750 3551 2229 
35800 3552 2541 
35850 3548 2760 
35900 3549 2985 
35950 3537 3160 
36000 3544 3306 
36050 3383 2154 
36100 3496 977 
36150 3523 371 
36200 3530 125 
36250 3556 36 
36300 3545 17 
36350 3559 7 
36400 3552 7 
36450 3561 3 
36500 3550 8 
36550 3552 24 
36600 3539 662 
36650 3543 1098 
36700 3552 1512 
36750 3549 1869 
36800 3548 2178 
36850 3550 2434 
36900 3542 2704 
36950 3554 2958 
37000 3558 3141 
37050 3395 2160 
37100 3472 1177 
37150 3491 675 
37200 3515 329 
37250 3540 145 
37300 3552 59 
37350 3549 30 
37400 3562 13 
37450 3548 6 
37500 3552 6 
37550 3548 623 
37600 3550 1333 
37650 3562 1881 
37700 3554 2372 
37750 3538 2719 
37800 3547 3005 
37850 3554 3207 
37900 3553 3348 
37950 3552 3429 
38000 3541 3468 
38050 3346 2223 
38100 3425 1182 
38150 3494 630 
38200 3521 304 
38250 3547 108 
38300 3554 43 
38350 3538 15 
38400 3549 5 
38450 3552 9 
38500 3557 6 
38550 3557 580 
38600 3536 1256 
38650 3553 1809 
38700 3533 2201 
38750 3554 2578 
38800 3545 2881 
38850 3537 3096 
38900 3563 3267 
38950 3557 3382 
39000 3559 3478 
39050 3339 2310 
39100 3438 1263 
39150 3519 630 
39200 3532 274 
39250 3531 84 
39300 3547 34 
39350 3534 12 
39400 3561 3 
39450 3545 2 
39500 3569 7 
39550 3560 205 
39600 3544 945 
39650 3554 1458 
39700 3552 1895 
39750 3556 2227 
39800 3541 2496 
39850 3542 2754 
39900 3555 3027 
39950 3548 3236 
40000 3547 3387 
40050 3347 2468 
40100 3413 1591 
40150 3449 1120 
40200 3484 798 
40250 3534 633 
40300 3542 430 
40350 3549 276 
40400 3550 182 
40450 3546 103 
40500 3532 47 
40550 3545 511 
40600 3548 1156 
40650 3550 1610 
40700 3538 1982 
40750 3551 2324 
40800 3540 2567 
40850 3539 2785 
40900 3552 2975 
40950 3550 3146 
41000 3534 3302 
41050 3306 2364 
41100 3385 1482 
41150 3443 882 
41200 3475 466 
41250 3509 235 
41300 3532 100 
41350 3541 27 
41400 3551 9 
41450 3551 10 
41500 3554 3 
41550 3545 490 
41600 3557 1188 
41650 3551 1637 
41700 3548 2024 
41750 3550 2361 
41800 3555 2706 
41850 3559 2940 
41900 3550 3130 
41950 3551 3259 
42000 3550 3372 
42050 3334 2441 
42100 3422 1557 
42150 3472 982 
42200 3503 581 
42250 3535 402 
42300 3555 249 
42350 3557 131 
42400 3555 68 
42450 3541 32 
42500 3560 17 
42550 3557 575 
42600 3553 1200 
42650 3562 1732 
42700 3541 2108 
42750 3545 2417 
42800 3543 2710 
42850 3543 2950 
42900 3541 3131 
42950 3558 3283 
43000 3559 3429 
43050 3328 2436 
43100 3420 1465 
43150 3494 851 
43200 3538 436 
43250 3546 239 
43300 3556 118 
43350 3537 55 
43400 3545 25 
43450 3549 9 
43500 3560 4 
43550 3558 229 
43600 3554 839 
43650 3551 1334 
43700 3543 1707 
43750 3557 2048 
43800 3560 2381 
43850 3554 2615 
43900 3554 2847 
43950 3561 3049 
44000 3561 3194 
44050 3310 2414 
44100 3416 1522 
44150 3466 986 
44200 3519 536 
44250 3528 298 
44300 3526 146 
44350 3554 40 
44400 3557 15 
44450 3563 10 
44500 3546 2 
44550 3544 372 
44600 3551 855 
44650 3552 1367 
44700 3552 1776 
44750 3544 2146 
44800 3544 2472 
44850 3558 2777 
44900 3543 2998 
44950 3554 3156 
45000 3558 3312 
45050 3316 2524 
45100 3376 1749 
45150 3416 1275 
45200 3480 946 
45250 3525 710 
45300 3546 395 
45350 3543 180 
45400 3549 66 
45450 3550 14 
45500 3538 9 
45550 3561 540 
45600 3555 1320 
45650 3542 1853 
45700 3537 2241 
45750 3546 2526 
45800 3555 2772 
45850 3539 3012 
45900 3561 3208 
45950 3564 3344 
46000 3542 3429 
46050 3295 2477 
46100 3386 1637 
46150 3438 1058 
46200 3500 656 
46250 3528 414 
46300 3545 206 
46350 3552 98 
46400 3550 54 
46450 3563 14 
46500 3544 6 
46550 3548 401 
46600 3550 933 
46650 3563 1436 
46700 3554 1861 
46750 3551 2203 
46800 3549 2515 
46850 3559 2825 
46900 3548 3043 
46950 3545 3222 
47000 3554 3384 
47050 3360 2261 
47100 3433 1332 
47150 3476 793 
47200 3503 474 
47250 3523 298 
47300 3553 216 
47350 3541 114 
47400 3540 55 
47450 3557 20 
47500 3562 13 
47550 3544 399 
47600 3549 1098 
47650 3557 1623 
47700 3544 2030 
47750 3551 2341 
47800 3557 2549 
47850 3564 2775 
47900 3556 2981 
47950 3552 3166 
48000 3555 3310 
48050 3339 2294 
48100 3465 1281 
48150 3531 646 
48200 3531 286 
48250 3552 114 
48300 3557 35 
48350 3548 16 
48400 3547 11 
48450 3564 5 
48500 3551 8 
48550 3547 516 
48600 3549 1183 
48650 3556 1616 
48700 3553 1938 
48750 3546 2279 
48800 3558 2504 
48850 3560 2750 
48900 3554 2989 
48950 3553 3226 
49000 3553 3382 
49050 3315 2490 
49100 3374 1652 
49150 3435 1080 
49200 3488 722 
49250 3550 532 
49300 3542 347 
49350 3531 197 
49400 3563 116 
49450 3552 48 
49500 3553 20 
49550 3545 69 
49600 3536 632 
49650 3511 1142 
49700 3549 1563 
49750 3540 1902 
49800 3545 2289 
49850 3548 2618 
49900 3562 2911 
49950 3555 3126 
50000 3541 3235 
50050 3323 2397 
50100 3428 1407 
50150 3478 801 
50200 3521 452 
50250 3525 285 
50300 3560 195 
50350 3552 136 
50400 3561 59 
50450 3553 25 
50500 3552 12 
50550 3569 7 
50600 3568 255 
50650 3557 872 
50700 3569 1365 
50750 3558 1802 
50800 3556 2108 
50850 3562 2451 
50900 3556 2765 
50950 3562 3037 
51000 3557 3228 
51050 3303 2405 
51100 3405 1531 
51150 3460 869 
51200 3491 475 
51250 3517 253 
51300 3542 149 
51350 3557 67 
51400 3549 30 
51450 3548 11 
51500 3551 4 
51550 3539 442 
51600 3529 991 
51650 3534 1397 
51700 3546 1772 
51750 3551 2121 
51800 3546 2445 
51850 3531 2699 
51900 3542 2961 
51950 3539 3187 
52000 3529 3328 
52050 3302 2405 
52100 3371 1570 
52150 3463 988 
52200 3508 568 
52250 3538 347 
52300 3538 227 
52350 3533 131 
52400 3561 75 
52450 3550 34 
52500 3540 16 
52550 3554 326 
52600 3554 865 
52650 3558 1357 
52700 3559 1709 
52750 3543 2041 
52800 3558 2336 
52850 3545 2656 
52900 3544 2920 
52950 3541 3118 
53000 3535 3225 
53050 3302 2354 
53100 3417 1441 
53150 3466 884 
53200 3499 442 
53250 3524 207 
53300 3530 92 
53350 3547 40 
53400 3543 16 
53450 3542 9 
53500 3556 4 
53550 3536 20 
53600 3440 445 
53650 3406 1209 
53700 3401 1782 
53750 3415 2200 
53800 3435 2462 
53850 3479 2671 
53900 3496 2888 
53950 3500 3082 
54000 3527 3265 
54050 3303 2388 
54100 3444 1340 
54150 3491 722 
54200 3519 329 
54250 3540 140 
54300 3548 68 
54350 3541 29 
54400 3544 15 
54450 3549 13 
54500 3537 7 
54550 3565 460 
54600 3552 1157 
54650 3554 1699 
54700 3552 2092 
54750 3542 2408 
54800 3535 2708 
54850 3542 2976 
54900 3558 3165 
54950 3553 3270 
55000 3562 3378 
55050 3323 2396 
55100 3424 1471 
55150 3479 861 
55200 3516 448 
55250 3543 195 
55300 3556 112 
55350 3551 32 
55400 3553 14 
55450 3553 10 
55500 3564 3 
55550 3548 106 
55600 3534 867 
55650 3514 1475 
55700 3517 1898 
55750 3516 2287 
55800 3555 2611 
55850 3539 2856 
55900 3562 3061 
55950 3543 3179 
56000 3544 3322 
56050 3278 2389 
56100 3366 1597 
56150 3420 1155 
56200 3427 847 
56250 3500 719 
56300 3510 529 
56350 3520 373 
56400 3516 256 
56450 3553 170 
56500 3543 121 
56550 3527 107 
56600 3401 425 
56650 3377 950 
56700 3363 1428 
56750 3416 1816 
56800 3455 2137 
56850 3484 2430 
56900 3529 2698 
56950 3534 2879 
57000 3534 3064 
57050 3331 2330 
57100 3428 1545 
57150 3464 923 
57200 3490 532 
57250 3516 320 
57300 3534 193 
57350 3546 105 
57400 3540 53 
57450 3546 21 
57500 3549 7 
57550 3504 54 
57600 3271 465 
57650 3157 1051 
57700 3115 1535 
57750 3086 1934 
57800 3086 2260 
57850 3040 2571 
57900 3067 2838 
57950 3089 3085 
58000 3147 3256 
58050 3112 2453 
58100 3278 1608 
58150 3390 1071 
58200 3422 726 
58250 3504 562 
58300 3536 417 
58350 3552 263 
58400 3547 177 
58450 3552 124 
58500 3550 73 
58550 3550 454 
58600 3544 915 
58650 3548 1421 
58700 3552 1816 
58750 3554 2184 
58800 3548 2490 
58850 3548 2759 
58900 3558 2977 
58950 3553 3127 
59000 3549 3269 
59050 3311 2331 
59100 3408 1440 
59150 3487 900 
59200 3507 546 
59250 3521 361 
59300 3518 277 
59350 3536 156 
59400 3541 102 
59450 3538 46 
59500 3546 14 
59550 3563 2 
59600 3536 430 
59650 3554 943 
59700 3541 1396 
59750 3550 1840 
59800 3557 2238 
59850 3551 2568 
59900 3551 2827 
59950 3548 3064 
60000 3556 3271 
60050 3340 2372 
60100 3430 1466 
60150 3484 885 
60200 3529 496 
60250 3542 245 
60300 3556 118 
60350 3566 46 
60400 3553 14 
60450 3561 15 
60500 3539 9 
60550 3548 325 
60600 3560 939 
60650 3563 1391 
60700 3551 1769 
60750 3555 2128 
60800 3553 2481 
60850 3556 2786 
60900 3563 3020 
60950 3551 3181 
61000 3551 3298 
61050 3365 2286 
61100 3460 1239 
61150 3528 580 
61200 3542 288 
61250 3534 127 
61300 3541 61 
61350 3536 25 
61400 3533 17 
61450 3556 10 
61500 3543 6 
61550 3544 189 
61600 3543 978 
61650 3539 1484 
61700 3538 1921 
61750 3543 2234 
61800 3550 2547 
61850 3554 2855 
61900 3542 3103 
61950 3546 3272 
62000 3559 3387 
62050 3367 2355 
62100 3438 1385 
62150 3513 737 
62200 3522 345 
62250 3542 132 
62300 3544 64 
62350 3552 22 
62400 3544 12 
62450 3546 8 
62500 3566 10 
62550 3553 466 
62600 3540 1095 
62650 3528 1468 
62700 3535 1822 
62750 3549 2207 
62800 3537 2466 
62850 3551 2705 
62900 3566 2919 
62950 3563 3102 
63000 3563 3212 
63050 3342 2285 
63100 3450 1311 
63150 3504 688 
63200 3534 316 
63250 3532 146 
63300 3559 60 
63350 3567 34 
63400 3558 16 
63450 3550 10 
63500 3554 10 
63550 3560 576 
63600 3536 1157 
63650 3541 1648 
63700 3538 2014 
63750 3531 2308 
63800 3540 2565 
63850 3552 2822 
63900 3564 3032 
63950 3544 3199 
64000 3540 3319 
64050 3305 2427 
64100 3398 1559 
64150 3477 893 
64200 3511 420 
64250 3535 159 
64300 3550 73 
64350 3550 30 
64400 3536 19 
64450 3546 10 
64500 3556 11 
64550 3554 287 
64600 3558 1006 
64650 3552 1512 
64700 3557 1965 
64750 3557 2378 
64800 3553 2704 
64850 3553 2991 
64900 3539 3192 
64950 3549 3345 
65000 3549 3437 
65050 3352 2390 
65100 3429 1414 
65150 3502 858 
65200 3535 477 
65250 3530 242 
65300 3527 145 
65350 3555 68 
65400 3552 28 
65450 3547 8 
65500 3548 4 
65550 3556 446 
65600 3546 1166 
65650 3539 1725 
65700 3551 2193 
65750 3549 2574 
65800 3545 2918 
65850 3550 3179 
65900 3556 3343 
65950 3559 3445 
66000 3563 3520 
66050 3315 2449 
66100 3428 1506 
66150 3460 950 
66200 3516 565 
66250 3525 330 
66300 3545 146 
66350 3530 60 
66400 3548 31 
66450 3554 14 
66500 3544 5 
66550 3566 100 
66600 3552 775 
66650 3542 1303 
66700 3562 1752 
66750 3564 2140 
66800 3548 2426 
66850 3550 2685 
66900 3553 2910 
66950 3559 3100 
67000 3559 3235 
67050 3337 2321 
67100 3432 1365 
67150 3476 752 
67200 3495 357 
67250 3522 151 
67300 3547 59 
67350 3544 21 
67400 3552 9 
67450 3537 9 
67500 3537 9 
67550 3542 360 
67600 3551 871 
67650 3541 1375 
67700 3553 1732 
67750 3550 2066 
67800 3565 2423 
67850 3550 2726 
67900 3543 2964 
67950 3559 3152 
68000 3557 3271 
68050 3311 2386 
68100 3389 1514 
68150 3432 1023 
68200 3458 739 
68250 3501 537 
68300 3520 362 
68350 3538 211 
68400 3525 119 
68450 3517 58 
68500 3523 22 
68550 3530 367 
68600 3536 941 
68650 3549 1392 
68700 3537 1794 
68750 3553 2173 
68800 3541 2515 
68850 3525 2771 
68900 3541 2998 
68950 3548 3146 
69000 3554 3267 
69050 3323 2442 
69100 3362 1644 
69150 3444 1044 
69200 3483 616 
69250 3542 375 
69300 3548 214 
69350 3531 83 
69400 3556 21 
69450 3551 4 
69500 3557 0 
69550 3544 437 
69600 3560 1192 
69650 3547 1713 
69700 3545 2152 
69750 3549 2467 
69800 3556 2755 
69850 3551 3032 
69900 3534 3186 
69950 3551 3345 
70000 3555 3441 
70050 3316 2371 
70100 3407 1400 
70150 3474 811 
70200 3486 508 
70250 3523 328 
70300 3534 247 
70350 3533 178 
70400 3543 111 
70450 3556 59 
70500 3561 30 
70550 3538 377 
70600 3525 971 
70650 3522 1491 
70700 3552 1909 
70750 3543 2253 
70800 3536 2576 
70850 3515 2768 
70900 3542 3020 
70950 3555 3203 
71000 3533 3285 
71050 3313 2342 
71100 3409 1332 
71150 3480 680 
71200 3519 315 
71250 3531 128 
71300 3517 38 
71350 3533 14 
71400 3539 7 
71450 3552 2 
71500 3533 6 
71550 3551 346 
71600 3557 931 
71650 3549 1387 
71700 3550 1759 
71750 3549 2134 
71800 3546 2477 
71850 3549 2765 
71900 3543 2973 
71950 3547 3150 
72000 3546 3262 
72050 3341 2274 
72100 3451 1264 
72150 3490 645 
72200 3518 329 
72250 3518 143 
72300 3534 74 
72350 3546 35 
72400 3544 19 
72450 3545 8 
72500 3546 5 
72550 3536 333 
72600 3519 853 
72650 3530 1318 
72700 3549 1733 
72750 3546 2126 
72800 3536 2439 
72850 3526 2720 
72900 3536 2916 
72950 3527 3087 
73000 3546 3235 
73050 3345 2242 
73100 3442 1254 
73150 3457 746 
73200 3521 481 
73250 3518 257 
73300 3531 119 
73350 3534 74 
73400 3547 35 
73450 3561 12 
73500 3559 3 
73550 3536 295 
73600 3531 894 
73650 3517 1374 
73700 3506 1770 
73750 3493 2125 
73800 3506 2478 
73850 3530 2769 
73900 3529 3017 
73950 3516 3186 
74000 3521 3338 
74050 3349 2197 
74100 3455 1177 
74150 3481 681 
74200 3512 417 
74250 3537 221 
74300 3542 106 
74350 3539 41 
74400 3535 14 
74450 3542 9 
74500 3539 6 
74550 3536 451 
74600 3540 1099 
74650 3544 1633 
74700 3542 2029 
74750 3540 2430 
74800 3553 2769 
74850 3564 3056 
74900 3539 3208 
74950 3553 3358 
75000 3562 3465 
75050 3382 2086 
75100 3511 890 
75150 3519 389 
75200 3542 151 
75250 3518 62 
75300 3543 25 
75350 3552 17 
75400 3539 7 
75450 3549 6 
75500 3562 5 
75550 3549 450 
75600 3537 1182 
75650 3540 1748 
75700 3542 2243 
75750 3532 2596 
75800 3562 2866 
75850 3556 3070 
75900 3547 3254 
75950 3547 3392 
76000 3550 3471 
76050 3335 2433 
76100 3397 1531 
76150 3432 1035 
76200 3467 706 
76250 3514 529 
76300 3548 355 
76350 3547 190 
76400 3537 77 
76450 3547 25 
76500 3555 14 
76550 3520 389 
76600 3532 1110 
76650 3521 1593 
76700 3530 2055 
76750 3542 2427 
76800 3543 2815 
76850 3545 3078 
76900 3553 3246 
76950 3544 3380 
77000 3540 3467 
77050 3341 2269 
77100 3457 1239 
77150 3485 684 
77200 3513 342 
77250 3545 153 
77300 3540 67 
77350 3540 36 
77400 3551 17 
77450 3547 13 
77500 3536 7 
77550 3564 72 
77600 3542 684 
77650 3549 1290 
77700 3546 1692 
77750 3555 2064 
77800 3559 2387 
77850 3538 2653 
77900 3540 2920 
77950 3533 3110 
78000 3555 3296 
78050 3338 2254 
78100 3413 1339 
78150 3462 800 
78200 3475 507 
78250 3519 289 
78300 3548 182 
78350 3540 115 
78400 3540 56 
78450 3547 23 
78500 3556 12 
78550 3547 391 
78600 3542 962 
78650 3552 1418 
78700 3540 1804 
78750 3530 2166 
78800 3526 2521 
78850 3537 2768 
78900 3547 3012 
78950 3545 3142 
79000 3542 3248 
79050 3354 2282 
79100 3489 1148 
79150 3499 534 
79200 3520 213 
79250 3529 92 
79300 3549 40 
79350 3540 19 
79400 3533 11 
79450 3551 11 
79500 3531 14 
79550 3551 506 
79600 3538 1135 
79650 3531 1704 
79700 3541 2174 
79750 3526 2554 
79800 3564 2857 
79850 3556 3111 
79900 3551 3302 
79950 3546 3429 
80000 3554 3496 
80050 3332 2389 
80100 3399 1349 
80150 3457 832 
80200 3493 519 
80250 3518 332 
80300 3528 184 
80350 3532 87 
80400 3539 44 
80450 3561 25 
80500 3534 12 
80550 3533 310 
80600 3534 1068 
80650 3526 1613 
80700 3538 2072 
80750 3537 2478 
80800 3538 2731 
80850 3552 2995 
80900 3549 3217 
80950 3537 3364 
81000 3545 3456 
81050 3323 2312 
81100 3423 1369 
81150 3464 752 
81200 3470 391 
81250 3510 196 
81300 3516 110 
81350 3520 40 
81400 3526 17 
81450 3556 12 
81500 3537 4 
81550 3542 267 
81600 3532 831 
81650 3542 1295 
81700 3533 1691 
81750 3538 2085 
81800 3527 2389 
81850 3531 2702 
81900 3533 2979 
81950 3536 3150 
82000 3515 3242 
82050 3334 2257 
82100 3433 1251 
82150 3481 674 
82200 3518 343 
82250 3526 137 
82300 3541 61 
82350 3543 24 
82400 3555 9 
82450 3564 8 
82500 3539 5 
82550 3547 401 
82600 3545 1056 
82650 3541 1681 
82700 3562 2169 
82750 3549 2553 
82800 3534 2844 
82850 3534 3044 
82900 3531 3223 
82950 3533 3333 
83000 3535 3422 
83050 3326 2304 
83100 3430 1250 
83150 3483 696 
83200 3502 325 
83250 3503 188 
83300 3541 117 
83350 3544 58 
83400 3525 25 
83450 3544 6 
83500 3541 5 
83550 3526 414 
83600 3547 952 
83650 3550 1387 
83700 3542 1788 
83750 3549 2114 
83800 3533 2432 
83850 3546 2728 
83900 3553 2979 
83950 3532 3140 
84000 3541 3271 
84050 3370 2229 
84100 3465 1169 
84150 3510 589 
84200 3510 271 
84250 3519 116 
84300 3538 45 
84350 3537 18 
84400 3533 13 
84450 3526 7 
84500 3557 9 
84550 3553 337 
84600 3539 1230 
84650 3530 1829 
84700 3534 2286 
84750 3531 2699 
84800 3544 2960 
84850 3559 3199 
84900 3536 3342 
84950 3549 3449 
85000 3533 3483 
85050 3333 2370 
85100 3409 1383 
85150 3474 794 
85200 3502 403 
85250 3531 193 
85300 3548 100 
85350 3549 33 
85400 3546 15 
85450 3549 9 
85500 3549 6 
85550 3537 527 
85600 3541 1230 
85650 3535 1839 
85700 3543 2316 
85750 3549 2678 
85800 3553 3003 
85850 3549 3251 
85900 3554 3400 
85950 3548 3464 
86000 3551 3492 
86050 3336 2351 
86100 3429 1290 
86150 3487 682 
86200 3512 333 
86250 3540 127 
86300 3545 40 
86350 3554 13 
86400 3551 11 
86450 3523 13 
86500 3528 8 
86550 3540 185 
86600 3540 871 
86650 3539 1473 
86700 3540 1902 
86750 3530 2273 
86800 3556 2592 
86850 3552 2879 
86900 3541 3056 
86950 3550 3208 
87000 3542 3312 
87050 3309 2355 
87100 3411 1451 
87150 3486 874 
87200 3524 434 
87250 3555 182 
87300 3548 79 
87350 3554 21 
87400 3554 6 
87450 3547 3 
87500 3546 2 
87550 3547 301 
87600 3550 962 
87650 3551 1529 
87700 3570 1925 
87750 3553 2212 
87800 3549 2480 
87850 3567 2723 
87900 3539 2892 
87950 3544 3070 
88000 3548 3218 
88050 3333 2290 
88100 3450 1314 
88150 3493 722 
88200 3530 395 
88250 3527 201 
88300 3534 104 
88350 3547 45 
88400 3534 30 
88450 3546 12 
88500 3543 7 
88550 3540 347 
88600 3540 902 
88650 3538 1432 
88700 3539 1944 
88750 3544 2400 
88800 3538 2754 
88850 3527 3012 
88900 3546 3234 
88950 3562 3387 
89000 3532 3463 
89050 3319 2395 
89100 3375 1409 
89150 3413 930 
89200 3460 578 
89250 3498 381 
89300 3510 166 
89350 3511 39 
89400 3541 16 
89450 3527 9 
89500 3538 1 
89550 3533 331 
89600 3546 1050 
89650 3557 1533 
89700 3542 1908 
89750 3544 2229 
89800 3545 2527 
89850 3543 2806 
89900 3547 3035 
89950 3529 3153 
90000 3548 3283 
90050 3316 2315 
90100 3418 1361 
90150 3490 767 
90200 3509 431 
90250 3548 243 
90300 3546 146 
90350 3541 74 
90400 3524 28 
90450 3543 12 
90500 3539 6 
90550 3544 471 
90600 3553 1276 
90650 3556 1859 
90700 3540 2261 
90750 3539 2660 
90800 3535 2960 
90850 3532 3190 
90900 3533 3377 
90950 3535 3473 
91000 3539 3510 
91050 3310 2395 
91100 3395 1392 
91150 3462 795 
91200 3498 447 
91250 3512 275 
91300 3530 141 
91350 3558 81 
91400 3545 39 
91450 3549 20 
91500 3558 9 
91550 3539 369 
91600 3541 956 
91650 3535 1384 
91700 3545 1767 
91750 3543 2134 
91800 3539 2431 
91850 3538 2756 
91900 3531 3022 
91950 3545 3199 
92000 3537 3314 
92050 3332 2350 
92100 3421 1323 
92150 3496 760 
92200 3510 336 
92250 3534 142 
92300 3533 64 
92350 3543 21 
92400 3543 9 
92450 3536 7 
92500 3541 6 
92550 3514 78 
92600 3454 815 
92650 3469 1470 
92700 3487 1953 
92750 3504 2324 
92800 3526 2685 
92850 3534 2959 
92900 3539 3166 
92950 3526 3284 
93000 3538 3404 
93050 3318 2299 
93100 3409 1307 
93150 3490 639 
93200 3520 286 
93250 3533 113 
93300 3548 54 
93350 3526 13 
93400 3533 8 
93450 3549 12 
93500 3542 5 
93550 3555 360 
93600 3522 1034 
93650 3529 1578 
93700 3528 1963 
93750 3527 2311 
93800 3532 2610 
93850 3516 2850 
93900 3521 3012 
93950 3540 3172 
94000 3554 3265 
94050 3350 2232 
94100 3456 1171 
94150 3513 566 
94200 3543 236 
94250 3546 84 
94300 3543 38 
94350 3551 19 
94400 3539 22 
94450 3556 7 
94500 3547 8 
94550 3541 185 
94600 3540 837 
94650 3532 1384 
94700 3539 1865 
94750 3542 2249 
94800 3544 2560 
94850 3562 2818 
94900 3550 3033 
94950 3532 3177 
95000 3546 3323 
95050 3327 2297 
95100 3442 1277 
95150 3505 631 
95200 3530 286 
95250 3552 109 
95300 3575 40 
95350 3564 12 
95400 3550 5 
95450 3544 13 
95500 3545 5 
95550 3546 304 
95600 3546 890 
95650 3543 1392 
95700 3531 1886 
95750 3532 2256 
95800 3537 2575 
95850 3535 2819 
95900 3540 3027 
95950 3524 3146 
96000 3526 3255 
96050 3326 2162 
96100 3449 1105 
96150 3484 526 
96200 3523 247 
96250 3531 93 
96300 3534 30 
96350 3559 14 
96400 3542 10 
96450 3567 8 
96500 3551 9 
96550 3546 480 
96600 3527 1041 
96650 3538 1618 
96700 3554 2102 
96750 3543 2430 
96800 3554 2678 
96850 3538 2909 
96900 3542 3104 
96950 3548 3249 
97000 3537 3374 
97050 3331 2171 
97100 3479 1105 
97150 3510 503 
97200 3541 225 
97250 3533 82 
97300 3535 32 
97350 3541 20 
97400 3535 5 
97450 3541 2 
97500 3532 6 
97550 3529 512 
97600 3526 1120 
97650 3538 1585 
97700 3528 1961 
97750 3537 2279 
97800 3538 2577 
97850 3538 2842 
97900 3550 3049 
97950 3550 3206 
98000 3553 3354 
98050 3330 2235 
98100 3458 1182 
98150 3501 646 
98200 3532 296 
98250 3520 100 
98300 3535 40 
98350 3529 29 
98400 3550 17 
98450 3525 13 
98500 3541 10 
98550 3527 700 
98600 3537 1341 
98650 3532 1706 
98700 3536 2002 
98750 3538 2264 
98800 3543 2512 
98850 3517 2671 
98900 3550 2876 
98950 3532 3048 
99000 3541 3223 
99050 3313 2283 
99100 3409 1393 
99150 3461 865 
99200 3484 517 
99250 3505 342 
99300 3520 235 
99350 3544 135 
99400 3559 63 
99450 3554 10 
99500 3543 4 
99550 3539 382 
99600 3543 974 
99650 3540 1394 
99700 3530 1800 
99750 3538 2156 
99800 3540 2466 
99850 3534 2777 
99900 3553 3036 
99950 3546 3188 
100000 3530 3292 
100050 3343 2241 
100100 3443 1261 
100150 3494 714 
100200 3535 343 
100250 3538 134 
100300 3538 46 
100350 3545 14 
100400 3562 5 
100450 3536 8 
100500 3523 6 
100550 3545 230 
100600 3540 847 
100650 3549 1328 
100700 3539 1756 
100750 3552 2124 
100800 3550 2456 
100850 3549 2757 
100900 3550 2992 
100950 3545 3169 
101000 3540 3300 
101050 3316 2333 
101100 3389 1319 
101150 3455 731 
101200 3504 354 
101250 3517 158 
101300 3550 85 
101350 3565 33 
101400 3544 23 
101450 3545 12 
101500 3526 10 
101550 3543 67 
101600 3535 732 
101650 3545 1267 
101700 3549 1711 
101750 3538 2069 
101800 3534 2408 
101850 3549 2720 
101900 3548 3000 
101950 3552 3199 
102000 3534 3279 
102050 3296 2316 
102100 3433 1311 
102150 3483 696 
102200 3499 325 
102250 3540 122 
102300 3551 54 
102350 3550 30 
102400 3554 8 
102450 3546 7 
102500 3536 13 
102550 3521 270 
102600 3520 892 
102650 3530 1399 
102700 3544 1779 
102750 3549 2088 
102800 3537 2362 
102850 3533 2590 
102900 3546 2819 
102950 3544 2979 
103000 3538 3118 
103050 3337 2222 
103100 3434 1267 
103150 3473 739 
103200 3498 386 
103250 3507 189 
103300 3538 92 
103350 3550 57 
103400 3539 27 
103450 3529 12 
103500 3550 14 
103550 3561 366 
103600 3552 1023 
103650 3543 1568 
103700 3558 2025 
103750 3557 2372 
103800 3555 2659 
103850 3542 2913 
103900 3557 3156 
103950 3537 3308 
104000 3539 3377 
104050 3325 2304 
104100 3397 1399 
104150 3474 878 
104200 3502 487 
104250 3515 311 
104300 3512 232 
104350 3529 135 
104400 3524 67 
104450 3539 25 
104500 3534 12 
104550 3540 518 
104600 3542 1151 
104650 3538 1696 
104700 3558 2138 
104750 3552 2468 
104800 3542 2800 
104850 3561 3101 
104900 3530 3286 
104950 3529 3435 
105000 3545 3481 
105050 3337 2339 
105100 3433 1403 
105150 3477 841 
105200 3497 480 
105250 3526 279 
105300 3525 165 
105350 3538 62 
105400 3530 21 
105450 3537 10 
105500 3550 10 
105550 3540 277 
105600 3531 928 
105650 3521 1471 
105700 3532 2025 
105750 3533 2492 
105800 3547 2878 
105850 3551 3195 
105900 3549 3376 
105950 3550 3476 
106000 3550 3512 
106050 3334 2279 
106100 3412 1222 
106150 3501 682 
106200 3529 381 
106250 3539 213 
106300 3551 125 
106350 3543 74 
106400 3547 26 
106450 3553 11 
106500 3562 8 
106550 3557 483 
106600 3550 1285 
106650 3559 1881 
106700 3554 2269 
106750 3542 2572 
106800 3527 2823 
106850 3547 3054 
106900 3539 3202 
106950 3549 3361 
107000 3561 3461 
107050 3371 2263 
107100 3467 1232 
107150 3499 661 
107200 3522 338 
107250 3547 131 
107300 3555 51 
107350 3545 17 
107400 3552 12 
107450 3524 13 
107500 3536 11 
107550 3545 493 
107600 3537 1201 
107650 3539 1708 
107700 3541 2141 
107750 3544 2478 
107800 3527 2738 
107850 3535 2992 
107900 3532 3208 
107950 3532 3355 
108000 3539 3444 
108050 3379 2163 
108100 3447 1171 
108150 3482 633 
108200 3511 338 
108250 3523 135 
108300 3538 69 
108350 3547 21 
108400 3546 7 
108450 3553 9 
108500 3547 3 
108550 3545 234 
108600 3557 824 
108650 3540 1307 
108700 3548 1741 
108750 3545 2114 
108800 3537 2449 
108850 3537 2762 
108900 3554 2995 
108950 3540 3147 
109000 3544 3262 
109050 3310 2167 
109100 3402 1240 
109150 3465 633 
109200 3521 251 
109250 3537 93 
109300 3540 50 
109350 3537 22 
109400 3535 9 
109450 3548 4 
109500 3549 3 
109550 3520 382 
109600 3527 1061 
109650 3522 1606 
109700 3531 1959 
109750 3534 2255 
109800 3535 2511 
109850 3539 2739 
109900 3540 2933 
109950 3544 3130 
110000 3528 3256 
110050 3315 2181 
110100 3396 1245 
110150 3435 715 
110200 3465 395 
110250 3491 247 
110300 3531 163 
110350 3520 98 
110400 3541 42 
110450 3549 14 
110500 3541 6 
110550 3540 214 
110600 3524 1001 
110650 3520 1480 
110700 3541 1939 
110750 3524 2327 
110800 3541 2691 
110850 3545 2937 
110900 3547 3108 
110950 3556 3253 
111000 3545 3341 
111050 3345 2187 
111100 3460 1152 
111150 3483 655 
111200 3519 352 
111250 3537 171 
111300 3527 70 
111350 3541 24 
111400 3527 10 
111450 3555 8 
111500 3524 11 
111550 3540 416 
111600 3546 1022 
111650 3542 1505 
111700 3561 1982 
111750 3543 2308 
111800 3550 2631 
111850 3534 2917 
111900 3555 3162 
111950 3544 3312 
112000 3552 3420 
112050 3295 2235 
112100 3389 1295 
112150 3448 816 
112200 3446 503 
112250 3493 358 
112300 3495 265 
112350 3500 178 
112400 3502 112 
112450 3537 57 
112500 3546 27 
112550 3524 398 
112600 3525 1000 
112650 3525 1474 
112700 3538 1930 
112750 3544 2273 
112800 3531 2584 
112850 3538 2841 
112900 3545 3059 
112950 3542 3226 
113000 3545 3339 
113050 3370 2249 
113100 3467 1231 
113150 3513 656 
113200 3536 273 
113250 3550 90 
113300 3539 40 
113350 3551 8 
113400 3530 3 
113450 3528 4 
113500 3513 8 
113550 3514 166 
113600 3529 841 
113650 3537 1362 
113700 3547 1797 
113750 3535 2182 
113800 3533 2509 
113850 3535 2801 
113900 3542 3034 
113950 3548 3242 
114000 3549 3412 
114050 3268 2474 
114100 3344 1621 
114150 3391 1107 
114200 3455 754 
114250 3477 462 
114300 3485 237 
114350 3523 99 
114400 3536 48 
114450 3531 16 
114500 3529 4 
114550 3539 431 
114600 3546 1315 
114650 3550 1938 
114700 3532 2327 
114750 3529 2666 
114800 3543 2871 
114850 3541 3053 
114900 3549 3219 
114950 3543 3370 
115000 3559 3464 
115050 3301 2299 
115100 3397 1364 
115150 3467 820 
115200 3480 492 
115250 3519 298 
115300 3533 161 
115350 3541 69 
115400 3550 29 
115450 3551 24 
115500 3551 5 
115550 3545 471 
115600 3539 1084 
115650 3545 1551 
115700 3534 1976 
115750 3546 2327 
115800 3555 2626 
115850 3548 2893 
115900 3533 3078 
115950 3554 3234 
116000 3531 3335 
116050 3324 2279 
116100 3424 1345 
116150 3494 775 
116200 3518 375 
116250 3537 175 
116300 3546 82 
116350 3531 36 
116400 3539 16 
116450 3545 4 
116500 3547 10 
116550 3536 434 
116600 3543 1016 
116650 3510 1463 
116700 3510 1912 
116750 3518 2216 
116800 3516 2525 
116850 3539 2784 
116900 3556 2993 
116950 3554 3121 
117000 3555 3239 
117050 3360 2229 
117100 3463 1248 
117150 3480 686 
117200 3512 347 
117250 3519 146 
117300 3542 60 
117350 3549 33 
117400 3544 9 
117450 3535 5 
117500 3529 2 
117550 3531 339 
117600 3534 932 
117650 3536 1514 
117700 3555 1999 
117750 3532 2314 
117800 3541 2619 
117850 3538 2882 
117900 3542 3105 
117950 3519 3240 
118000 3523 3349 
118050 3277 2332 
118100 3372 1392 
118150 3450 791 
118200 3481 457 
118250 3498 288 
118300 3528 201 
118350 3542 142 
118400 3548 85 
118450 3538 39 
118500 3527 7 
118550 3531 3 
118600 3545 660 
118650 3552 1164 
118700 3544 1606 
118750 3561 1956 
118800 3561 2296 
118850 3553 2649 
118900 3566 2934 
118950 3547 3122 
119000 3543 3260 
119050 3324 2304 
119100 3399 1431 
119150 3460 889 
119200 3479 608 
119250 3519 448 
119300 3517 354 
119350 3529 256 
119400 3522 180 
119450 3528 104 
119500 3543 41 
119550 3548 445 
119600 3541 1085 
119650 3539 1592 
119700 3548 1967 
119750 3522 2284 
119800 3536 2615 
119850 3538 2882 
119900 3544 3114 
119950 3551 3280 
120000 3556 3416 
120050 3304 2389 
120100 3385 1435 
120150 3456 849 
120200 3509 454 
120250 3517 205 
120300 3532 74 
120350 3565 22 
120400 3550 14 
120450 3532 10 
120500 3536 6 
120550 3539 416 
120600 3546 1114 
120650 3534 1662 
120700 3533 2148 
120750 3540 2518 
120800 3564 2817 
120850 3558 3086 
120900 3554 3255 
120950 3539 3394 
121000 3518 3443 
121050 3326 2207 
121100 3423 1200 
121150 3499 537 
121200 3506 203 
121250 3528 61 
121300 3546 17 
121350 3539 8 
121400 3524 6 
121450 3543 2 
121500 3537 8 
121550 3542 378 
121600 3529 1121 
121650 3545 1678 
121700 3523 2081 
121750 3533 2401 
121800 3534 2672 
121850 3537 2880 
121900 3530 3074 
121950 3541 3244 
122000 3544 3384 
122050 3349 2250 
122100 3456 1189 
122150 3481 609 
122200 3512 266 
122250 3530 107 
122300 3528 33 
122350 3533 16 
122400 3550 17 
122450 3539 1 
122500 3532 2 
122550 3544 62 
122600 3555 662 
122650 3532 1192 
122700 3542 1674 
122750 3533 2048 
122800 3548 2336 
122850 3550 2651 
122900 3554 2891 
122950 3551 3092 
123000 3550 3250 
123050 3372 2240 
123100 3430 1280 
123150 3508 642 
123200 3523 318 
123250 3539 136 
123300 3540 49 
123350 3555 27 
123400 3530 12 
123450 3544 6 
123500 3534 5 
123550 3533 376 
123600 3544 896 
123650 3533 1289 
123700 3537 1694 
123750 3535 2069 
123800 3532 2384 
123850 3551 2723 
123900 3533 2984 
123950 3551 3195 
124000 3548 3374 
124050 3316 2324 
124100 3394 1446 
124150 3460 849 
124200 3483 514 
124250 3537 297 
124300 3528 168 
124350 3535 60 
124400 3545 16 
124450 3542 8 
124500 3509 8 
124550 3530 191 
124600 3535 945 
124650 3532 1532 
124700 3533 1975 
124750 3537 2261 
124800 3549 2476 
124850 3546 2702 
124900 3536 2916 
124950 3564 3125 
125000 3544 3315 
125050 3338 2162 
125100 3464 1090 
125150 3503 515 
125200 3516 220 
125250 3534 76 
125300 3559 22 
125350 3535 7 
125400 3536 12 
125450 3535 5 
125500 3532 4 
125550 3543 516 
125600 3541 1197 
125650 3544 1730 
125700 3542 2187 
125750 3542 2606 
125800 3541 2943 
125850 3544 3211 
125900 3551 3385 
125950 3535 3454 
126000 3522 3472 
126050 3331 2264 
126100 3408 1262 
126150 3481 667 
126200 3510 331 
126250 3524 144 
126300 3543 60 
126350 3536 15 
126400 3527 7 
126450 3530 8 
126500 3547 6 
126550 3532 393 
126600 3532 1266 
126650 3519 1910 
126700 3539 2476 
126750 3512 2916 
126800 3542 3216 
126850 3538 3373 
126900 3543 3470 
126950 3540 3505 
127000 3544 3518 
127050 3324 2300 
127100 3411 1340 
127150 3457 804 
127200 3474 470 
127250 3516 308 
127300 3526 202 
127350 3544 112 
127400 3548 63 
127450 3542 29 
127500 3533 18 
127550 3531 374 
127600 3536 1062 
127650 3538 1548 
127700 3545 1956 
127750 3544 2311 
127800 3526 2647 
127850 3527 2915 
127900 3538 3152 
127950 3541 3331 
128000 3555 3433 
128050 3343 2230 
128100 3450 1181 
128150 3493 657 
128200 3508 338 
128250 3521 165 
128300 3542 74 
128350 3546 26 
128400 3522 11 
128450 3545 6 
128500 3542 5 
128550 3560 453 
128600 3549 927 
128650 3536 1335 
128700 3552 1797 
128750 3542 2162 
128800 3544 2536 
128850 3534 2835 
128900 3551 3069 
128950 3542 3205 
129000 3551 3336 
129050 3330 2236 
129100 3465 1199 
129150 3514 651 
129200 3530 344 
129250 3530 140 
129300 3547 83 
129350 3529 35 
129400 3544 14 
129450 3554 8 
129500 3554 6 
129550 3547 536 
129600 3558 1072 
129650 3544 1461 
129700 3548 1885 
129750 3542 2186 
129800 3531 2464 
129850 3548 2683 
129900 3528 2868 
129950 3516 3047 
130000 3544 3235 
130050 3342 2270 
130100 3434 1330 
130150 3478 768 
130200 3503 431 
130250 3527 229 
130300 3546 126 
130350 3550 77 
130400 3547 43 
130450 3562 26 
130500 3537 17 
130550 3540 457 
130600 3543 1007 
130650 3548 1520 
130700 3544 1981 
130750 3540 2323 
130800 3543 2620 
130850 3528 2824 
130900 3535 3022 
130950 3551 3192 
131000 3551 3317 
131050 3333 2244 
131100 3431 1273 
131150 3497 701 
131200 3486 351 
131250 3517 187 
131300 3533 93 
131350 3534 39 
131400 3540 14 
131450 3542 11 
131500 3539 10 
131550 3544 510 
131600 3552 1249 
131650 3552 1823 
131700 3536 2206 
131750 3529 2624 
131800 3536 3005 
131850 3537 3232 
131900 3532 3385 
131950 3541 3451 
132000 3532 3485 
132050 3318 2250 
132100 3414 1162 
132150 3468 662 
132200 3511 327 
132250 3527 124 
132300 3541 59 
132350 3549 22 
132400 3544 8 
132450 3556 8 
132500 3553 7 
132550 3551 366 
132600 3540 928 
132650 3519 1400 
132700 3533 1831 
132750 3554 2196 
132800 3533 2496 
132850 3541 2746 
132900 3548 2938 
132950 3541 3087 
133000 3532 3178 
133050 3318 2264 
133100 3392 1499 
133150 3436 959 
133200 3454 655 
133250 3493 462 
133300 3513 338 
133350 3541 238 
133400 3553 135 
133450 3555 74 
133500 3540 39 
133550 3542 527 
133600 3542 1194 
133650 3533 1740 
133700 3526 2190 
133750 3529 2591 
133800 3530 2896 
133850 3541 3088 
133900 3533 3244 
133950 3532 3341 
134000 3531 3407 
134050 3342 2242 
134100 3457 1195 
134150 3509 587 
134200 3534 241 
134250 3532 92 
134300 3548 32 
134350 3534 14 
134400 3515 8 
134450 3542 3 
134500 3553 1 
134550 3545 212 
134600 3543 797 
134650 3545 1287 
134700 3533 1740 
134750 3553 2104 
134800 3527 2393 
134850 3533 2687 
134900 3531 2900 
134950 3528 3059 
135000 3534 3193 
135050 3379 2207 
135100 3489 1061 
135150 3502 523 
135200 3525 241 
135250 3545 106 
135300 3541 43 
135350 3537 27 
135400 3543 9 
135450 3547 7 
135500 3538 11 
135550 3539 458 
135600 3537 961 
135650 3535 1383 
135700 3542 1749 
135750 3548 2130 
135800 3535 2436 
135850 3542 2724 
135900 3541 2921 
135950 3548 3063 
136000 3545 3175 
136050 3346 2241 
136100 3467 1257 
136150 3500 636 
136200 3524 304 
136250 3546 100 
136300 3546 31 
136350 3534 17 
136400 3523 8 
136450 3527 3 
136500 3542 8 
136550 3539 438 
136600 3528 965 
136650 3540 1377 
136700 3529 1754 
136750 3540 2101 
136800 3524 2438 
136850 3537 2708 
136900 3547 2927 
136950 3540 3129 
137000 3554 3253 
137050 3338 2294 
137100 3469 1214 
137150 3492 600 
137200 3521 284 
137250 3528 98 
137300 3536 39 
137350 3550 13 
137400 3529 4 
137450 3553 8 
137500 3548 7 
137550 3535 414 
137600 3529 991 
137650 3526 1505 
137700 3539 1974 
137750 3541 2385 
137800 3535 2761 
137850 3535 3045 
137900 3542 3270 
137950 3544 3404 
138000 3537 3496 
138050 3293 2516 
138100 3397 1567 
138150 3438 950 
138200 3494 584 
138250 3523 387 
138300 3520 210 
138350 3524 108 
138400 3544 32 
138450 3558 16 
138500 3557 1 
138550 3540 408 
138600 3546 950 
138650 3536 1430 
138700 3546 1873 
138750 3539 2268 
138800 3541 2584 
138850 3549 2868 
138900 3553 3074 
138950 3548 3184 
139000 3544 3332 
139050 3327 2302 
139100 3432 1352 
139150 3503 763 
139200 3524 419 
139250 3529 224 
139300 3560 116 
139350 3550 45 
139400 3546 19 
139450 3545 14 
139500 3544 15 
139550 3528 263 
139600 3520 825 
139650 3528 1248 
139700 3537 1605 
139750 3536 1985 
139800 3535 2297 
139850 3539 2615 
139900 3535 2865 
139950 3546 3089 
140000 3546 3220 
140050 3325 2341 
140100 3418 1507 
140150 3474 959 
140200 3474 564 
140250 3516 338 
140300 3530 230 
140350 3525 150 
140400 3514 82 
140450 3542 34 
140500 3547 20 
140550 3531 477 
140600 3535 1080 
140650 3545 1582 
140700 3547 1974 
140750 3543 2360 
140800 3539 2706 
140850 3551 3033 
140900 3566 3202 
140950 3551 3346 
141000 3543 3408 
141050 3324 2301 
141100 3432 1335 
141150 3470 755 
141200 3513 369 
141250 3544 178 
141300 3541 86 
141350 3537 40 
141400 3548 22 
141450 3556 9 
141500 3540 4 
141550 3553 580 
141600 3555 1258 
141650 3555 1754 
141700 3563 2167 
141750 3547 2521 
141800 3537 2806 
141850 3557 3038 
141900 3534 3192 
141950 3561 3336 
142000 3548 3397 
142050 3334 2221 
142100 3440 1250 
142150 3473 725 
142200 3481 441 
142250 3517 301 
142300 3532 213 
142350 3538 139 
142400 3547 58 
142450 3551 31 
142500 3547 21 
142550 3534 369 
142600 3528 894 
142650 3523 1314 
142700 3522 1695 
142750 3525 2058 
142800 3538 2376 
142850 3527 2627 
142900 3521 2872 
142950 3520 3055 
143000 3546 3233 
143050 3321 2210 
143100 3416 1380 
143150 3466 907 
143200 3469 632 
143250 3494 457 
143300 3519 363 
143350 3525 276 
143400 3532 179 
143450 3532 108 
143500 3537 46 
143550 3531 385 
143600 3538 1140 
143650 3529 1634 
143700 3524 2095 
143750 3540 2526 
143800 3537 2864 
143850 3542 3119 
143900 3535 3292 
143950 3545 3403 
144000 3552 3471 
144050 3317 2462 
144100 3420 1541 
144150 3472 978 
144200 3517 597 
144250 3535 414 
144300 3539 254 
144350 3536 131 
144400 3531 67 
144450 3537 30 
144500 3552 16 
144550 3551 380 
144600 3540 1002 
144650 3551 1608 
144700 3552 2137 
144750 3545 2545 
144800 3542 2846 
144850 3545 3117 
144900 3563 3329 
144950 3551 3421 
145000 3546 3479 
145050 3336 2281 
145100 3405 1247 
145150 3486 677 
145200 3502 376 
145250 3537 212 
145300 3530 112 
145350 3548 50 
145400 3535 14 
145450 3539 8 
145500 3546 13 
145550 3549 401 
145600 3543 935 
145650 3532 1425 
145700 3532 1872 
145750 3549 2343 
145800 3523 2705 
145850 3538 3004 
145900 3551 3231 
145950 3547 3349 
146000 3552 3432 
146050 3306 2343 
146100 3446 1293 
146150 3484 759 
146200 3507 420 
146250 3510 225 
146300 3538 124 
146350 3536 57 
146400 3542 20 
146450 3547 18 
146500 3547 14 
146550 3543 452 
146600 3539 1277 
146650 3542 1887 
146700 3534 2375 
146750 3548 2735 
146800 3550 3032 
146850 3546 3242 
146900 3542 3401 
146950 3535 3453 
147000 3542 3485 
147050 3329 2300 
147100 3428 1215 
147150 3500 632 
147200 3523 280 
147250 3531 126 
147300 3545 60 
147350 3539 31 
147400 3557 18 
147450 3534 9 
147500 3530 12 
147550 3553 520 
147600 3547 1289 
147650 3540 1744 
147700 3541 2157 
147750 3548 2425 
147800 3542 2678 
147850 3550 2865 
147900 3549 3073 
147950 3550 3241 
148000 3550 3350 
148050 3318 2348 
148100 3425 1352 
148150 3506 736 
148200 3539 356 
148250 3527 118 
148300 3541 55 
148350 3546 22 
148400 3541 21 
148450 3561 15 
148500 3559 14 
148550 3554 684 
148600 3546 1358 
148650 3543 1917 
148700 3553 2445 
148750 3545 2873 
148800 3544 3192 
148850 3534 3356 
148900 3544 3463 
148950 3536 3498 
149000 3545 3526 
149050 3339 2341 
149100 3412 1328 
149150 3490 661 
149200 3514 334 
149250 3546 149 
149300 3541 71 
149350 3538 18 
149400 3544 8 
149450 3536 4 
149500 3549 5 
149550 3545 452 
149600 3543 1292 
149650 3532 1842 
149700 3544 2214 
149750 3538 2541 
149800 3555 2853 
149850 3561 3083 
149900 3549 3264 
149950 3531 3395 
150000 3538 3479 
150050 3305 2476 
150100 3379 1550 
150150 3409 1024 
150200 3453 709 
150250 3493 524 
150300 3504 357 
150350 3506 242 
150400 3532 171 
150450 3529 99 
150500 3548 59 
150550 3544 389 
150600 3536 1104 
150650 3541 1645 
150700 3546 2107 
150750 3521 2511 
150800 3537 2839 
150850 3538 3022 
150900 3545 3159 
150950 3545 3269 
151000 3538 3373 
151050 3355 2266 
151100 3468 1149 
151150 3484 495 
151200 3531 193 
151250 3541 61 
151300 3551 19 
151350 3528 15 
151400 3544 16 
151450 3542 16 
151500 3553 14 
151550 3556 379 
151600 3554 952 
151650 3543 1488 
151700 3544 1887 
151750 3541 2239 
151800 3557 2573 
151850 3550 2824 
151900 3534 2996 
151950 3545 3154 
152000 3538 3284 
152050 3326 2551 
152100 3377 1747 
152150 3408 1223 
152200 3484 882 
152250 3520 629 
152300 3526 373 
152350 3520 181 
152400 3512 80 
152450 3534 30 
152500 3551 15 
152550 3536 579 
152600 3541 1286 
152650 3542 1816 
152700 3538 2274 
152750 3534 2651 
152800 3545 2952 
152850 3561 3191 
152900 3554 3361 
152950 3540 3436 
153000 3543 3487 
153050 3314 2309 
153100 3423 1269 
153150 3488 688 
153200 3516 383 
153250 3534 215 
153300 3545 121 
153350 3545 42 
153400 3545 20 
153450 3545 8 
153500 3551 4 
153550 3546 414 
153600 3555 1015 
153650 3537 1470 
153700 3551 1902 
153750 3538 2270 
153800 3532 2579 
153850 3553 2835 
153900 3539 2960 
153950 3533 3083 
154000 3538 3215 
154050 3336 2299 
154100 3441 1302 
154150 3508 666 
154200 3518 364 
154250 3529 172 
154300 3557 82 
154350 3544 44 
154400 3557 17 
154450 3548 14 
154500 3557 15 
154550 3559 62 
154600 3543 684 
154650 3533 1121 
154700 3533 1564 
154750 3560 2031 
154800 3535 2343 
154850 3525 2585 
154900 3527 2815 
154950 3521 3005 
155000 3537 3211 
155050 3360 2178 
155100 3475 1074 
155150 3508 524 
155200 3535 224 
155250 3538 72 
155300 3552 32 
155350 3555 8 
155400 3532 7 
155450 3540 3 
155500 3546 8 
155550 3547 457 
155600 3543 991 
155650 3539 1429 
155700 3549 1805 
155750 3538 2169 
155800 3531 2483 
155850 3524 2797 
155900 3539 3050 
155950 3529 3240 
156000 3540 3383 
156050 3349 2287 
156100 3447 1263 
156150 3472 754 
156200 3502 424 
156250 3532 208 
156300 3530 110 
156350 3529 43 
156400 3550 17 
156450 3535 11 
156500 3555 5 
156550 3542 463 
156600 3536 1005 
156650 3552 1519 
156700 3543 1938 
156750 3542 2304 
156800 3540 2629 
156850 3536 2864 
156900 3531 3059 
156950 3530 3232 
157000 3530 3349 
157050 3325 2307 
157100 3431 1305 
157150 3485 736 
157200 3505 346 
157250 3529 131 
157300 3538 64 
157350 3539 31 
157400 3532 21 
157450 3537 14 
157500 3550 11 
157550 3543 582 
157600 3548 1362 
157650 3548 1882 
157700 3567 2314 
157750 3554 2616 
157800 3545 2829 
157850 3550 3056 
157900 3546 3198 
157950 3540 3288 
158000 3552 3364 
158050 3348 2265 
158100 3471 1211 
158150 3512 646 
158200 3526 338 
158250 3529 149 
158300 3546 78 
158350 3530 31 
158400 3547 11 
158450 3542 6 
158500 3541 3 
158550 3554 484 
158600 3546 1129 
158650 3557 1642 
158700 3544 2057 
158750 3552 2402 
158800 3542 2677 
158850 3552 2946 
158900 3548 3149 
158950 3544 3347 
159000 3550 3453 
159050 3404 2153 
159100 3472 1003 
159150 3530 437 
159200 3530 162 
159250 3535 44 
159300 3546 22 
159350 3552 10 
159400 3548 14 
159450 3544 15 
159500 3546 7 
159550 3550 346 
159600 3542 862 
159650 3544 1296 
159700 3546 1677 
159750 3557 2076 
159800 3543 2393 
159850 3548 2705 
159900 3551 2936 
159950 3559 3092 
160000 3549 3192 
160050 3330 2287 
160100 3428 1398 
160150 3474 784 
160200 3518 419 
160250 3523 218 
160300 3539 107 
160350 3546 64 
160400 3533 36 
160450 3556 20 
160500 3541 12 
160550 3546 248 
160600 3545 917 
160650 3539 1434 
160700 3540 1828 
160750 3550 2239 
160800 3549 2547 
160850 3534 2777 
160900 3550 3003 
160950 3543 3148 
161000 3553 3264 
161050 3359 2151 
161100 3467 1055 
161150 3518 503 
161200 3522 213 
161250 3545 92 
161300 3532 29 
161350 3542 13 
161400 3549 7 
161450 3533 7 
161500 3558 12 
161550 3550 560 
161600 3537 1326 
161650 3540 1924 
161700 3544 2332 
161750 3552 2701 
161800 3543 2943 
161850 3537 3134 
161900 3531 3292 
161950 3546 3387 
162000 3535 3418 
162050 3328 2268 
162100 3434 1261 
162150 3459 737 
162200 3490 423 
162250 3517 231 
162300 3527 136 
162350 3550 49 
162400 3553 16 
162450 3539 5 
162500 3544 5 
162550 3556 369 
162600 3562 913 
162650 3556 1358 
162700 3561 1754 
162750 3540 2098 
162800 3536 2475 
162850 3541 2752 
162900 3537 2969 
162950 3536 3105 
163000 3549 3239 
163050 3357 2196 
163100 3467 1266 
163150 3495 737 
163200 3521 389 
163250 3526 190 
163300 3533 67 
163350 3548 10 
163400 3544 4 
163450 3553 10 
163500 3544 6 
163550 3525 408 
163600 3515 1023 
163650 3539 1629 
163700 3537 2084 
163750 3528 2440 
163800 3549 2756 
163850 3543 3004 
163900 3527 3147 
163950 3539 3284 
164000 3550 3414 
164050 3364 2229 
164100 3471 1150 
164150 3506 548 
164200 3520 210 
164250 3555 80 
164300 3553 18 
164350 3548 5 
164400 3546 9 
164450 3528 9 
164500 3544 2 
164550 3558 352 
164600 3539 1023 
164650 3524 1537 
164700 3547 2002 
164750 3544 2346 
164800 3537 2660 
164850 3537 2915 
164900 3536 3117 
164950 3543 3274 
165000 3556 3396 
165050 3342 2294 
165100 3431 1252 
165150 3467 713 
165200 3487 425 
165250 3514 243 
165300 3513 170 
165350 3548 88 
165400 3544 42 
165450 3549 27 
165500 3544 16 
165550 3535 165 
165600 3521 776 
165650 3529 1235 
165700 3516 1627 
165750 3514 2019 
165800 3514 2356 
165850 3504 2646 
165900 3513 2907 
165950 3512 3087 
166000 3508 3250 
166050 3351 2168 
166100 3481 1089 
166150 3519 489 
166200 3531 213 
166250 3547 90 
166300 3538 33 
166350 3530 10 
166400 3540 5 
166450 3537 7 
166500 3542 6 
166550 3540 419 
166600 3534 963 
166650 3527 1383 
166700 3527 1763 
166750 3519 2100 
166800 3536 2446 
166850 3541 2730 
166900 3542 2947 
166950 3534 3148 
167000 3535 3300 
167050 3351 2213 
167100 3485 1142 
167150 3506 579 
167200 3537 279 
167250 3529 98 
167300 3539 27 
167350 3535 12 
167400 3542 8 
167450 3562 8 
167500 3542 6 
167550 3546 404 
167600 3536 1146 
167650 3533 1679 
167700 3547 2124 
167750 3538 2505 
167800 3524 2800 
167850 3532 3007 
167900 3536 3186 
167950 3544 3328 
168000 3550 3422 
168050 3326 2304 
168100 3418 1324 
168150 3473 778 
168200 3494 434 
168250 3520 245 
168300 3539 146 
168350 3550 53 
168400 3561 20 
168450 3542 4 
168500 3540 5 
168550 3546 387 
168600 3540 1110 
168650 3535 1625 
168700 3535 2044 
168750 3540 2404 
168800 3545 2715 
168850 3558 3004 
168900 3550 3212 
168950 3529 3302 
169000 3540 3405 
169050 3336 2379 
169100 3416 1394 
169150 3460 825 
169200 3487 468 
169250 3514 250 
169300 3534 134 
169350 3549 60 
169400 3529 19 
169450 3535 10 
169500 3555 6 
169550 3531 3 
169600 3526 374 
169650 3520 896 
169700 3520 1348 
169750 3517 1735 
169800 3516 2129 
169850 3525 2482 
169900 3530 2794 
169950 3532 3009 
170000 3543 3207 
170050 3356 2158 
170100 3435 1228 
170150 3481 683 
170200 3521 357 
170250 3522 149 
170300 3533 62 
170350 3530 18 
170400 3544 15 
170450 3548 2 
170500 3547 4 
170550 3555 470 
170600 3550 1146 
170650 3552 1629 
170700 3547 1997 
170750 3538 2285 
170800 3553 2551 
170850 3548 2757 
170900 3543 2938 
170950 3539 3102 
171000 3539 3255 
171050 3382 2176 
171100 3460 1159 
171150 3515 653 
171200 3521 385 
171250 3539 203 
171300 3541 92 
171350 3542 40 
171400 3530 16 
171450 3532 7 
171500 3558 4 
171550 3551 424 
171600 3557 932 
171650 3552 1353 
171700 3541 1710 
171750 3543 2077 
171800 3539 2433 
171850 3525 2737 
171900 3552 3021 
171950 3554 3187 
172000 3559 3332 
172050 3365 2264 
172100 3467 1271 
172150 3492 669 
172200 3516 305 
172250 3528 104 
172300 3543 24 
172350 3531 17 
172400 3535 8 
172450 3535 6 
172500 3554 3 
172550 3555 476 
172600 3561 1134 
172650 3543 1612 
172700 3547 2054 
172750 3542 2408 
172800 3547 2702 
172850 3540 2946 
172900 3549 3115 
172950 3531 3253 
173000 3560 3393 
173050 3365 2268 
173100 3479 1228 
173150 3517 604 
173200 3534 280 
173250 3551 129 
173300 3534 73 
173350 3528 35 
173400 3529 13 
173450 3538 5 
173500 3552 3 
173550 3537 77 
173600 3548 830 
173650 3530 1378 
173700 3541 1828 
173750 3525 2147 
173800 3532 2397 
173850 3533 2617 
173900 3538 2799 
173950 3536 2971 
174000 3543 3113 
174050 3378 2165 
174100 3448 1210 
174150 3468 621 
174200 3518 334 
174250 3525 173 
174300 3529 100 
174350 3527 70 
174400 3539 27 
174450 3558 11 
174500 3543 9 
174550 3533 42 
174600 3512 700 
174650 3516 1228 
174700 3520 1663 
174750 3510 2045 
174800 3522 2369 
174850 3523 2606 
174900 3537 2848 
174950 3544 3041 
175000 3549 3161 
175050 3324 2276 
175100 3449 1247 
175150 3502 620 
175200 3520 275 
175250 3540 103 
175300 3531 42 
175350 3536 21 
175400 3550 14 
175450 3529 12 
175500 3537 7 
175550 3539 431 
175600 3537 1204 
175650 3545 1741 
175700 3540 2110 
175750 3549 2391 
175800 3554 2660 
175850 3553 2886 
175900 3549 3105 
175950 3547 3281 
176000 3544 3406 
176050 3354 2148 
176100 3468 1074 
176150 3489 573 
176200 3512 286 
176250 3548 124 
176300 3539 52 
176350 3542 33 
176400 3562 17 
176450 3543 7 
176500 3547 11 
176550 3537 390 
176600 3543 1216 
176650 3551 1785 
176700 3536 2229 
176750 3531 2570 
176800 3540 2818 
176850 3536 3014 
176900 3542 3200 
176950 3553 3353 
177000 3560 3458 
177050 3355 2246 
177100 3441 1169 
177150 3488 608 
177200 3518 279 
177250 3537 119 
177300 3552 36 
177350 3542 14 
177400 3550 6 
177450 3546 10 
177500 3538 10 
177550 3536 577 
177600 3537 1104 
177650 3545 1539 
177700 3543 1890 
177750 3548 2278 
177800 3563 2584 
177850 3546 2802 
177900 3559 3033 
177950 3550 3161 
178000 3561 3310 
178050 3344 2332 
178100 3453 1383 
178150 3496 752 
178200 3489 395 
178250 3516 200 
178300 3531 108 
178350 3546 46 
178400 3545 18 
178450 3553 8 
178500 3548 9 
178550 3526 296 
178600 3522 1022 
178650 3497 1604 
178700 3509 2083 
178750 3500 2421 
178800 3505 2711 
178850 3512 2958 
178900 3519 3140 
178950 3537 3274 
179000 3544 3361 
179050 3325 2372 
179100 3408 1440 
179150 3458 872 
179200 3497 508 
179250 3518 291 
179300 3534 191 
179350 3525 124 
179400 3547 55 
179450 3556 21 
179500 3547 16 
179550 3527 357 
179600 3521 931 
179650 3538 1369 
179700 3547 1737 
179750 3541 2063 
179800 3544 2354 
179850 3548 2649 
179900 3545 2861 
179950 3544 3048 
180000 3540 3180 
180050 3376 2144 
180100 3484 1012 
180150 3516 421 
180200 3537 153 
180250 3536 47 
180300 3536 17 
180350 3549 10 
180400 3558 8 
180450 3538 8 
180500 3548 6 
180550 3535 474 
180600 3522 1134 
180650 3548 1588 
180700 3535 2024 
180750 3539 2394 
180800 3549 2690 
180850 3559 2937 
180900 3556 3099 
180950 3546 3194 
181000 3545 3303 
181050 3348 2389 
181100 3448 1377 
181150 3490 737 
181200 3527 356 
181250 3523 158 
181300 3530 70 
181350 3554 25 
181400 3540 10 
181450 3546 12 
181500 3556 10 
181550 3550 384 
181600 3556 1137 
181650 3553 1736 
181700 3544 2235 
181750 3544 2577 
181800 3536 2906 
181850 3542 3088 
181900 3550 3244 
181950 3519 3323 
182000 3549 3414 
182050 3350 2209 
182100 3452 1241 
182150 3493 622 
182200 3519 276 
182250 3532 94 
182300 3558 30 
182350 3536 7 
182400 3547 4 
182450 3541 10 
182500 3550 13 
182550 3558 520 
182600 3544 1221 
182650 3547 1824 
182700 3537 2301 
182750 3565 2733 
182800 3556 3019 
182850 3545 3198 
182900 3558 3325 
182950 3537 3390 
183000 3542 3484 
183050 3292 2278 
183100 3449 1145 
183150 3503 545 
183200 3524 258 
183250 3539 103 
183300 3523 49 
183350 3537 19 
183400 3533 12 
183450 3529 11 
183500 3528 8 
183550 3553 332 
183600 3543 995 
183650 3539 1492 
183700 3544 1963 
183750 3534 2349 
183800 3533 2732 
183850 3534 3058 
183900 3538 3251 
183950 3531 3388 
184000 3527 3463 
184050 3358 2152 
184100 3434 1164 
184150 3492 668 
184200 3519 392 
184250 3531 238 
184300 3538 156 
184350 3519 81 
184400 3540 24 
184450 3545 14 
184500 3541 10 
184550 3543 613 
184600 3550 1262 
184650 3549 1738 
184700 3555 2168 
184750 3538 2486 
184800 3537 2773 
184850 3560 3001 
184900 3551 3159 
184950 3520 3284 
185000 3539 3414 
185050 3361 2216 
185100 3467 1099 
185150 3502 543 
185200 3543 215 
185250 3553 59 
185300 3547 23 
185350 3549 6 
185400 3544 9 
185450 3548 14 
185500 3539 3 
185550 3527 61 
185600 3536 780 
185650 3542 1242 
185700 3547 1669 
185750 3543 2054 
185800 3545 2420 
185850 3524 2631 
185900 3528 2849 
185950 3529 3053 
186000 3533 3215 
186050 3380 2104 
186100 3492 1008 
186150 3509 429 
186200 3521 164 
186250 3527 64 
186300 3546 25 
186350 3524 14 
186400 3548 9 
186450 3529 9 
186500 3538 6 
186550 3528 617 
186600 3531 1448 
186650 3527 1907 
186700 3538 2305 
186750 3536 2626 
186800 3543 2913 
186850 3552 3136 
186900 3557 3289 
186950 3531 3345 
187000 3541 3409 
187050 3354 2133 
187100 3479 981 
187150 3520 463 
187200 3538 180 
187250 3543 61 
187300 3560 16 
187350 3551 10 
187400 3532 16 
187450 3532 16 
187500 3538 17 
187550 3546 222 
187600 3548 836 
187650 3540 1319 
187700 3544 1711 
187750 3546 2082 
187800 3525 2398 
187850 3527 2696 
187900 3523 2919 
187950 3528 3111 
188000 3521 3228 
188050 3281 2436 
188100 3367 1603 
188150 3445 1033 
188200 3470 680 
188250 3523 519 
188300 3535 365 
188350 3543 209 
188400 3552 111 
188450 3559 38 
188500 3561 11 
188550 3553 421 
188600 3541 966 
188650 3555 1372 
188700 3543 1745 
188750 3539 2086 
188800 3554 2362 
188850 3553 2658 
188900 3544 2868 
188950 3552 3065 
189000 3552 3177 
189050 3360 2214 
189100 3458 1211 
189150 3506 579 
189200 3530 272 
189250 3552 104 
189300 3550 32 
189350 3540 14 
189400 3548 8 
189450 3545 8 
189500 3541 8 
189550 3535 403 
189600 3540 1051 
189650 3558 1489 
189700 3558 1856 
189750 3549 2169 
189800 3553 2450 
189850 3546 2662 
189900 3543 2864 
189950 3545 3054 
190000 3536 3194 
190050 3360 2177 
190100 3452 1220 
190150 3492 615 
190200 3512 249 
190250 3513 89 
190300 3550 36 
190350 3541 17 
190400 3546 7 
190450 3539 3 
190500 3536 7 
190550 3543 356 
190600 3531 917 
190650 3534 1385 
190700 3551 1730 
190750 3540 2121 
190800 3536 2396 
190850 3544 2628 
190900 3541 2850 
190950 3542 3042 
191000 3550 3194 
191050 3379 2039 
191100 3476 1067 
191150 3525 499 
191200 3526 160 
191250 3551 53 
191300 3551 13 
191350 3541 8 
191400 3547 9 
191450 3540 8 
191500 3532 4 
191550 3531 313 
191600 3549 885 
191650 3554 1328 
191700 3553 1664 
191750 3557 2019 
191800 3549 2319 
191850 3566 2556 
191900 3556 2856 
191950 3554 3047 
192000 3553 3185 
192050 3370 2114 
192100 3500 1032 
192150 3521 455 
192200 3548 162 
192250 3523 56 
192300 3531 22 
192350 3554 11 
192400 3542 3 
192450 3540 4 
192500 3550 6 
192550 3531 290 
192600 3527 837 
192650 3539 1273 
192700 3541 1656 
192750 3539 2008 
192800 3558 2375 
192850 3545 2683 
192900 3544 2920 
192950 3541 3057 
193000 3542 3173 
193050 3385 2161 
193100 3478 1124 
193150 3520 557 
193200 3530 245 
193250 3535 105 
193300 3538 38 
193350 3512 16 
193400 3540 10 
193450 3534 4 
193500 3556 3 
193550 3554 325 
193600 3551 1002 
193650 3553 1485 
193700 3555 1903 
193750 3560 2275 
193800 3538 2589 
193850 3546 2854 
193900 3531 3036 
193950 3538 3176 
194000 3548 3316 
194050 3371 2060 
194100 3492 997 
194150 3524 461 
194200 3549 178 
194250 3544 60 
194300 3558 13 
194350 3533 7 
194400 3534 12 
194450 3552 12 
194500 3546 7 
194550 3560 570 
194600 3547 1210 
194650 3548 1727 
194700 3547 2067 
194750 3553 2323 
194800 3551 2576 
194850 3541 2766 
194900 3533 2941 
194950 3546 3122 
195000 3536 3308 
195050 3363 2139 
195100 3464 1111 
195150 3498 496 
195200 3538 243 
195250 3548 123 
195300 3549 53 
195350 3539 29 
195400 3536 9 
195450 3524 5 
195500 3519 7 
195550 3551 447 
195600 3541 982 
195650 3525 1473 
195700 3521 1852 
195750 3520 2171 
195800 3544 2521 
195850 3543 2779 
195900 3535 2997 
195950 3541 3162 
196000 3546 3297 
196050 3379 2161 
196100 3466 1183 
196150 3509 634 
196200 3531 326 
196250 3548 126 
196300 3535 33 
196350 3534 10 
196400 3549 3 
196450 3566 6 
196500 3550 13 
196550 3554 275 
196600 3540 869 
196650 3547 1346 
196700 3553 1797 
196750 3554 2171 
196800 3541 2438 
196850 3554 2743 
196900 3543 2949 
196950 3536 3083 
197000 3550 3254 
197050 3352 2278 
197100 3458 1304 
197150 3489 789 
197200 3525 465 
197250 3538 252 
197300 3546 147 
197350 3536 78 
197400 3547 26 
197450 3537 9 
197500 3533 11 
197550 3538 299 
197600 3510 917 
197650 3530 1357 
197700 3507 1783 
197750 3519 2184 
197800 3520 2523 
197850 3509 2822 
197900 3520 3044 
197950 3525 3187 
198000 3531 3332 
198050 3304 2278 
198100 3407 1375 
198150 3443 792 
198200 3498 423 
198250 3496 226 
198300 3530 128 
198350 3545 55 
198400 3551 19 
198450 3545 6 
198500 3545 3 
198550 3534 490 
198600 3541 1248 
198650 3534 1808 
198700 3531 2271 
198750 3526 2665 
198800 3531 2917 
198850 3535 3082 
198900 3543 3208 
198950 3524 3297 
199000 3529 3401 
199050 3297 2361 
199100 3416 1337 
199150 3467 843 
199200 3495 591 
199250 3513 413 
199300 3540 311 
199350 3544 198 
199400 3534 117 
199450 3515 60 
199500 3538 22 
199550 3544 266 
199600 3530 905 
199650 3522 1354 
199700 3509 1842 
199750 3515 2248 
199800 3529 2580 
199850 3536 2866 
199900 3549 3036 
199950 3548 3151 
200000 3553 3260 
