# Avida tasks data
# Sat Apr  7 02:33:22 2012
# First column gives the current update, next columns give the number
# of organisms that have the particular task as a component of their merit
#  1: Update
#  2: Xor
#  3: Equals

0 0 0 
50 4 4 
100 10 10 
150 41 41 
200 140 140 
250 284 284 
300 460 458 
350 709 709 
400 1050 1050 
450 1404 1409 
500 1806 1813 
550 2328 2328 
600 2867 2872 
650 3259 3264 
700 3446 3453 
750 3511 3509 
800 3523 3521 
850 3521 3523 
900 3550 3550 
950 3529 3529 
1000 3539 3539 
1050 3555 3554 
1100 3529 3529 
1150 3549 3557 
1200 3548 3545 
1250 3541 3539 
1300 3530 3527 
1350 3546 3546 
1400 3542 3540 
1450 3532 3531 
1500 3553 3549 
1550 3548 3549 
1600 3520 3525 
1650 3536 3537 
1700 3538 3537 
1750 3538 3537 
1800 3541 3540 
1850 3531 3530 
1900 3553 3556 
1950 3558 3557 
2000 3550 3545 
2050 3557 3556 
2100 3535 3533 
2150 3542 3540 
2200 3552 3554 
2250 3542 3545 
2300 3546 3548 
2350 3540 3537 
2400 3524 3527 
2450 3535 3538 
2500 3542 3536 
2550 3562 3566 
2600 3548 3547 
2650 3545 3541 
2700 3546 3542 
2750 3547 3549 
2800 3536 3534 
2850 3555 3546 
2900 3538 3535 
2950 3542 3542 
3000 3547 3548 
3050 3529 3528 
3100 3533 3535 
3150 3540 3549 
3200 3543 3546 
3250 3539 3542 
3300 3544 3540 
3350 3559 3560 
3400 3555 3561 
3450 3541 3540 
3500 3522 3520 
3550 3520 3523 
3600 3515 3519 
3650 3526 3531 
3700 3524 3526 
3750 3539 3543 
3800 3534 3524 
3850 3544 3536 
3900 3545 3538 
3950 3543 3542 
4000 3542 3542 
4050 3533 3532 
4100 3539 3534 
4150 3526 3521 
4200 3543 3538 
4250 3556 3552 
4300 3549 3546 
4350 3541 3547 
4400 3551 3552 
4450 3541 3545 
4500 3554 3554 
4550 3555 3550 
4600 3547 3541 
4650 3540 3538 
4700 3554 3548 
4750 3543 3545 
4800 3534 3540 
4850 3557 3562 
4900 3548 3554 
4950 3542 3539 
5000 3532 3532 
5050 3537 3537 
5100 3527 3521 
5150 3548 3543 
5200 3555 3556 
5250 3557 3559 
5300 3540 3541 
5350 3538 3537 
5400 3530 3534 
5450 3554 3551 
5500 3545 3545 
5550 3548 3546 
5600 3548 3551 
5650 3553 3556 
5700 3550 3548 
5750 3524 3523 
5800 3549 3544 
5850 3534 3538 
5900 3536 3542 
5950 3535 3540 
6000 3551 3548 
6050 3547 3555 
6100 3530 3536 
6150 3534 3534 
6200 3537 3536 
6250 3533 3531 
6300 3549 3552 
6350 3542 3544 
6400 3558 3563 
6450 3544 3544 
6500 3544 3546 
6550 3541 3542 
6600 3503 3502 
6650 3535 3535 
6700 3550 3546 
6750 3555 3555 
6800 3549 3543 
6850 3548 3546 
6900 3553 3552 
6950 3548 3548 
7000 3543 3548 
7050 3537 3543 
7100 3547 3546 
7150 3551 3555 
7200 3558 3554 
7250 3562 3557 
7300 3542 3529 
7350 3560 3557 
7400 3540 3538 
7450 3533 3539 
7500 3550 3546 
7550 3539 3533 
7600 3554 3550 
7650 3547 3546 
7700 3552 3551 
7750 3552 3548 
7800 3560 3555 
7850 3554 3552 
7900 3552 3548 
7950 3554 3550 
8000 3550 3559 
8050 3553 3552 
8100 3549 3545 
8150 3551 3548 
8200 3552 3549 
8250 3548 3545 
8300 3543 3545 
8350 3547 3548 
8400 3536 3542 
8450 3542 3540 
8500 3547 3542 
8550 3556 3554 
8600 3545 3543 
8650 3552 3548 
8700 3541 3541 
8750 3529 3529 
8800 3548 3547 
8850 3542 3538 
8900 3555 3552 
8950 3553 3551 
9000 3546 3540 
9050 3548 3544 
9100 3546 3542 
9150 3547 3543 
9200 3562 3562 
9250 3558 3557 
9300 3552 3549 
9350 3529 3540 
9400 3529 3530 
9450 3554 3563 
9500 3555 3555 
9550 3548 3546 
9600 3532 3529 
9650 3549 3547 
9700 3549 3545 
9750 3526 3523 
9800 3550 3553 
9850 3564 3563 
9900 3562 3559 
9950 3553 3557 
10000 3549 3550 
10050 3549 3550 
10100 3540 3538 
10150 3561 3558 
10200 3551 3551 
10250 3548 3543 
10300 3559 3559 
10350 3525 3519 
10400 3532 3538 
10450 3554 3552 
10500 3556 3559 
10550 3538 3542 
10600 3558 3552 
10650 3558 3555 
10700 3551 3556 
10750 3534 3542 
10800 3547 3549 
10850 3558 3557 
10900 3548 3538 
10950 3550 3547 
11000 3563 3567 
11050 3556 3554 
11100 3557 3561 
11150 3556 3553 
11200 3547 3547 
11250 3559 3558 
11300 3526 3526 
11350 3546 3542 
11400 3546 3544 
11450 3543 3543 
11500 3545 3547 
11550 3554 3556 
11600 3547 3546 
11650 3551 3552 
11700 3548 3550 
11750 3557 3551 
11800 3545 3539 
11850 3534 3532 
11900 3563 3561 
11950 3550 3550 
12000 3534 3531 
12050 3549 3549 
12100 3534 3526 
12150 3535 3535 
12200 3547 3545 
12250 3570 3565 
12300 3560 3560 
12350 3550 3551 
12400 3545 3546 
12450 3550 3548 
12500 3560 3563 
12550 3551 3548 
12600 3546 3536 
12650 3555 3547 
12700 3545 3546 
12750 3554 3552 
12800 3547 3546 
12850 3547 3541 
12900 3542 3544 
12950 3554 3555 
13000 3552 3552 
13050 3552 3550 
13100 3555 3562 
13150 3546 3543 
13200 3546 3550 
13250 3541 3543 
13300 3555 3556 
13350 3551 3556 
13400 3548 3545 
13450 3553 3556 
13500 3543 3538 
13550 3547 3552 
13600 3546 3544 
13650 3548 3548 
13700 3548 3548 
13750 3554 3552 
13800 3549 3545 
13850 3559 3558 
13900 3559 3556 
13950 3537 3545 
14000 3546 3544 
14050 3554 3553 
14100 3561 3558 
14150 3554 3557 
14200 3549 3547 
14250 3564 3563 
14300 3537 3534 
14350 3571 3572 
14400 3553 3554 
14450 3563 3558 
14500 3555 3548 
14550 3559 3557 
14600 3548 3546 
14650 3561 3556 
14700 3554 3557 
14750 3554 3551 
14800 3543 3543 
14850 3556 3557 
14900 3544 3548 
14950 3559 3561 
15000 3553 3550 
15050 3548 3550 
15100 3537 3539 
15150 3547 3549 
15200 3521 3517 
15250 3557 3556 
15300 3531 3533 
15350 3553 3550 
15400 3546 3551 
15450 3545 3547 
15500 3549 3556 
15550 3568 3568 
15600 3531 3534 
15650 3555 3555 
15700 3554 3553 
15750 3550 3553 
15800 3555 3550 
15850 3540 3542 
15900 3554 3550 
15950 3543 3541 
16000 3551 3552 
16050 3551 3549 
16100 3542 3544 
16150 3554 3556 
16200 3551 3555 
16250 3542 3534 
16300 3537 3536 
16350 3540 3549 
16400 3558 3551 
16450 3561 3563 
16500 3538 3537 
16550 3526 3531 
16600 3536 3547 
16650 3556 3553 
16700 3567 3568 
16750 3540 3541 
16800 3552 3555 
16850 3561 3561 
16900 3559 3564 
16950 3558 3551 
17000 3544 3542 
17050 3562 3563 
17100 3550 3550 
17150 3542 3549 
17200 3545 3548 
17250 3563 3550 
17300 3552 3553 
17350 3558 3552 
17400 3553 3549 
17450 3560 3560 
17500 3559 3557 
17550 3559 3560 
17600 3549 3550 
17650 3555 3558 
17700 3562 3558 
17750 3566 3569 
17800 3546 3541 
17850 3553 3544 
17900 3553 3561 
17950 3547 3549 
18000 3542 3542 
18050 3541 3540 
18100 3559 3562 
18150 3547 3551 
18200 3560 3552 
18250 3556 3561 
18300 3538 3541 
18350 3552 3555 
18400 3567 3569 
18450 3566 3560 
18500 3538 3543 
18550 3550 3550 
18600 3556 3550 
18650 3562 3560 
18700 3552 3558 
18750 3558 3563 
18800 3552 3556 
18850 3545 3554 
18900 3547 3548 
18950 3538 3545 
19000 3556 3555 
19050 3537 3537 
19100 3552 3547 
19150 3540 3535 
19200 3554 3553 
19250 3550 3552 
19300 3553 3547 
19350 3556 3555 
19400 3561 3559 
19450 3556 3557 
19500 3553 3556 
19550 3554 3555 
19600 3551 3547 
19650 3548 3552 
19700 3537 3533 
19750 3558 3561 
19800 3548 3544 
19850 3559 3555 
19900 3546 3552 
19950 3560 3560 
20000 3542 3543 
20050 3546 3547 
20100 3543 3542 
20150 3553 3557 
20200 3566 3560 
20250 3561 3557 
20300 3557 3556 
20350 3557 3553 
20400 3565 3563 
20450 3562 3561 
20500 3540 3531 
20550 3536 3544 
20600 3552 3550 
20650 3557 3554 
20700 3562 3561 
20750 3543 3545 
20800 3547 3547 
20850 3551 3551 
20900 3550 3552 
20950 3560 3561 
21000 3555 3551 
21050 3555 3555 
21100 3550 3549 
21150 3558 3559 
21200 3554 3557 
21250 3548 3554 
21300 3545 3543 
21350 3547 3543 
21400 3556 3565 
21450 3548 3551 
21500 3543 3547 
21550 3546 3544 
21600 3555 3558 
21650 3549 3552 
21700 3548 3555 
21750 3539 3537 
21800 3541 3539 
21850 3539 3538 
21900 3560 3564 
21950 3544 3546 
22000 3547 3544 
22050 3527 3526 
22100 3545 3542 
22150 3560 3550 
22200 3554 3560 
22250 3566 3561 
22300 3561 3557 
22350 3555 3554 
22400 3556 3553 
22450 3550 3551 
22500 3546 3540 
22550 3546 3540 
22600 3556 3559 
22650 3541 3545 
22700 3540 3542 
22750 3550 3550 
22800 3538 3544 
22850 3541 3539 
22900 3546 3541 
22950 3541 3543 
23000 3551 3550 
23050 3535 3543 
23100 3539 3541 
23150 3540 3545 
23200 3542 3548 
23250 3556 3555 
23300 3541 3540 
23350 3533 3540 
23400 3558 3560 
23450 3547 3552 
23500 3555 3551 
23550 3553 3555 
23600 3549 3554 
23650 3554 3554 
23700 3541 3553 
23750 3551 3545 
23800 3552 3551 
23850 3555 3556 
23900 3559 3551 
23950 3559 3558 
24000 3546 3545 
24050 3562 3563 
24100 3547 3546 
24150 3560 3560 
24200 3556 3548 
24250 3566 3565 
24300 3555 3551 
24350 3554 3551 
24400 3549 3556 
24450 3556 3551 
24500 3538 3536 
24550 3556 3563 
24600 3560 3561 
24650 3543 3543 
24700 3548 3551 
24750 3554 3539 
24800 3548 3549 
24850 3558 3552 
24900 3551 3552 
24950 3544 3542 
25000 3535 3551 
25050 3545 3551 
25100 3542 3545 
25150 3549 3550 
25200 3557 3557 
25250 3550 3546 
25300 3550 3547 
25350 3538 3543 
25400 3551 3554 
25450 3537 3540 
25500 3548 3543 
25550 3551 3546 
25600 3548 3550 
25650 3544 3545 
25700 3555 3561 
25750 3551 3555 
25800 3537 3547 
25850 3530 3533 
25900 3539 3535 
25950 3556 3559 
26000 3550 3554 
26050 3554 3549 
26100 3555 3552 
26150 3544 3544 
26200 3556 3556 
26250 3542 3543 
26300 3554 3555 
26350 3557 3548 
26400 3548 3548 
26450 3564 3558 
26500 3547 3549 
26550 3561 3557 
26600 3557 3555 
26650 3547 3549 
26700 3562 3559 
26750 3542 3545 
26800 3558 3557 
26850 3551 3554 
26900 3561 3555 
26950 3543 3543 
27000 3562 3562 
27050 3550 3544 
27100 3558 3557 
27150 3550 3554 
27200 3544 3553 
27250 3545 3539 
27300 3532 3540 
27350 3559 3557 
27400 3556 3560 
27450 3557 3557 
27500 3554 3548 
27550 3548 3546 
27600 3557 3552 
27650 3552 3556 
27700 3545 3548 
27750 3553 3553 
27800 3561 3558 
27850 3548 3538 
27900 3533 3532 
27950 3546 3548 
28000 3549 3548 
28050 3541 3543 
28100 3563 3559 
28150 3550 3539 
28200 3549 3549 
28250 3564 3567 
28300 3540 3542 
28350 3550 3552 
28400 3568 3568 
28450 3564 3565 
28500 3556 3546 
28550 3551 3554 
28600 3566 3573 
28650 3559 3559 
28700 3565 3561 
28750 3544 3539 
28800 3543 3551 
28850 3559 3562 
28900 3548 3552 
28950 3555 3559 
29000 3556 3555 
29050 3543 3538 
29100 3553 3547 
29150 3547 3539 
29200 3531 3538 
29250 3551 3548 
29300 3542 3541 
29350 3560 3561 
29400 3538 3539 
29450 3553 3550 
29500 3563 3560 
29550 3544 3551 
29600 3545 3549 
29650 3553 3548 
29700 3551 3551 
29750 3551 3551 
29800 3552 3556 
29850 3555 3552 
29900 3548 3548 
29950 3551 3542 
30000 3547 3545 
30050 3554 3550 
30100 3553 3552 
30150 3548 3550 
30200 3562 3561 
30250 3551 3551 
30300 3550 3549 
30350 3546 3556 
30400 3559 3556 
30450 3546 3544 
30500 3552 3554 
30550 3556 3556 
30600 3556 3555 
30650 3545 3542 
30700 3554 3552 
30750 3551 3542 
30800 3550 3554 
30850 3553 3550 
30900 3546 3548 
30950 3540 3541 
31000 3546 3548 
31050 3556 3552 
31100 3552 3550 
31150 3537 3538 
31200 3570 3567 
31250 3557 3559 
31300 3556 3550 
31350 3554 3552 
31400 3556 3559 
31450 3560 3556 
31500 3550 3553 
31550 3548 3551 
31600 3550 3543 
31650 3565 3555 
31700 3564 3563 
31750 3556 3555 
31800 3548 3541 
31850 3555 3553 
31900 3562 3566 
31950 3543 3546 
32000 3558 3556 
32050 3553 3553 
32100 3556 3554 
32150 3559 3558 
32200 3557 3557 
32250 3535 3534 
32300 3551 3550 
32350 3553 3552 
32400 3552 3552 
32450 3546 3549 
32500 3547 3551 
32550 3562 3558 
32600 3553 3551 
32650 3559 3564 
32700 3540 3548 
32750 3551 3552 
32800 3539 3534 
32850 3560 3559 
32900 3548 3547 
32950 3541 3537 
33000 3551 3555 
33050 3558 3561 
33100 3549 3552 
33150 3551 3551 
33200 3562 3558 
33250 3556 3558 
33300 3550 3546 
33350 3546 3548 
33400 3550 3549 
33450 3548 3548 
33500 3533 3534 
33550 3543 3544 
33600 3565 3563 
33650 3550 3552 
33700 3558 3561 
33750 3538 3535 
33800 3540 3544 
33850 3554 3550 
33900 3545 3553 
33950 3545 3544 
34000 3559 3556 
34050 3549 3545 
34100 3549 3550 
34150 3555 3557 
34200 3554 3548 
34250 3543 3539 
34300 3540 3545 
34350 3557 3558 
34400 3537 3540 
34450 3536 3537 
34500 3555 3556 
34550 3522 3524 
34600 3541 3538 
34650 3570 3568 
34700 3557 3551 
34750 3567 3563 
34800 3539 3532 
34850 3561 3559 
34900 3549 3546 
34950 3555 3550 
35000 3533 3527 
35050 3547 3545 
35100 3550 3548 
35150 3568 3566 
35200 3538 3540 
35250 3544 3541 
35300 3550 3551 
35350 3576 3573 
35400 3553 3549 
35450 3559 3556 
35500 3549 3550 
35550 3562 3562 
35600 3553 3553 
35650 3557 3555 
35700 3552 3548 
35750 3548 3549 
35800 3539 3546 
35850 3551 3545 
35900 3565 3563 
35950 3558 3556 
36000 3541 3542 
36050 3547 3554 
36100 3546 3551 
36150 3548 3549 
36200 3556 3556 
36250 3551 3556 
36300 3545 3543 
36350 3551 3546 
36400 3549 3551 
36450 3541 3541 
36500 3539 3544 
36550 3545 3543 
36600 3545 3543 
36650 3541 3539 
36700 3550 3543 
36750 3550 3554 
36800 3546 3550 
36850 3557 3553 
36900 3559 3558 
36950 3562 3567 
37000 3551 3546 
37050 3569 3573 
37100 3561 3558 
37150 3559 3559 
37200 3562 3550 
37250 3562 3561 
37300 3569 3564 
37350 3551 3542 
37400 3545 3543 
37450 3552 3547 
37500 3544 3544 
37550 3541 3544 
37600 3539 3535 
37650 3543 3545 
37700 3544 3544 
37750 3559 3554 
37800 3543 3546 
37850 3560 3563 
37900 3546 3547 
37950 3560 3555 
38000 3536 3537 
38050 3550 3550 
38100 3546 3542 
38150 3551 3561 
38200 3549 3556 
38250 3542 3545 
38300 3554 3556 
38350 3554 3564 
38400 3547 3547 
38450 3558 3561 
38500 3559 3559 
38550 3553 3552 
38600 3556 3544 
38650 3558 3555 
38700 3534 3533 
38750 3553 3552 
38800 3542 3539 
38850 3551 3557 
38900 3550 3553 
38950 3561 3565 
39000 3558 3555 
39050 3550 3549 
39100 3546 3546 
39150 3552 3542 
39200 3561 3557 
39250 3556 3553 
39300 3558 3558 
39350 3560 3560 
39400 3552 3545 
39450 3546 3547 
39500 3550 3551 
39550 3552 3554 
39600 3552 3553 
39650 3554 3551 
39700 3547 3551 
39750 3546 3544 
39800 3541 3546 
39850 3554 3553 
39900 3551 3546 
39950 3555 3551 
40000 3534 3533 
40050 3546 3550 
40100 3561 3561 
40150 3554 3546 
40200 3550 3552 
40250 3545 3550 
40300 3536 3542 
40350 3558 3564 
40400 3555 3558 
40450 3555 3552 
40500 3567 3564 
40550 3554 3560 
40600 3560 3561 
40650 3568 3562 
40700 3537 3538 
40750 3546 3550 
40800 3546 3541 
40850 3559 3558 
40900 3541 3546 
40950 3546 3544 
41000 3558 3556 
41050 3567 3566 
41100 3553 3559 
41150 3559 3560 
41200 3550 3551 
41250 3557 3558 
41300 3544 3542 
41350 3553 3547 
41400 3564 3567 
41450 3555 3555 
41500 3548 3540 
41550 3546 3541 
41600 3549 3551 
41650 3557 3554 
41700 3556 3557 
41750 3545 3543 
41800 3547 3543 
41850 3557 3554 
41900 3556 3559 
41950 3549 3550 
42000 3552 3553 
42050 3563 3561 
42100 3543 3539 
42150 3545 3538 
42200 3552 3546 
42250 3547 3545 
42300 3547 3544 
42350 3550 3547 
42400 3567 3562 
42450 3560 3552 
42500 3561 3560 
42550 3547 3552 
42600 3544 3540 
42650 3548 3549 
42700 3534 3544 
42750 3552 3553 
42800 3551 3549 
42850 3554 3554 
42900 3555 3554 
42950 3559 3549 
43000 3551 3547 
43050 3565 3560 
43100 3570 3563 
43150 3561 3558 
43200 3552 3556 
43250 3543 3547 
43300 3543 3538 
43350 3546 3545 
43400 3559 3563 
43450 3540 3542 
43500 3554 3563 
43550 3545 3547 
43600 3541 3544 
43650 3561 3562 
43700 3561 3564 
43750 3549 3546 
43800 3545 3546 
43850 3541 3539 
43900 3548 3546 
43950 3556 3558 
44000 3542 3539 
44050 3562 3563 
44100 3563 3559 
44150 3550 3543 
44200 3543 3550 
44250 3557 3553 
44300 3539 3527 
44350 3552 3552 
44400 3532 3537 
44450 3542 3550 
44500 3550 3553 
44550 3553 3550 
44600 3563 3564 
44650 3534 3537 
44700 3543 3537 
44750 3551 3554 
44800 3560 3553 
44850 3538 3539 
44900 3543 3545 
44950 3550 3548 
45000 3544 3536 
45050 3547 3546 
45100 3553 3555 
45150 3555 3551 
45200 3551 3550 
45250 3537 3532 
45300 3551 3547 
45350 3556 3553 
45400 3558 3563 
45450 3539 3543 
45500 3554 3550 
45550 3554 3544 
45600 3554 3550 
45650 3553 3550 
45700 3555 3551 
45750 3542 3538 
45800 3547 3552 
45850 3549 3558 
45900 3543 3548 
45950 3555 3553 
46000 3556 3558 
46050 3556 3553 
46100 3556 3556 
46150 3559 3551 
46200 3549 3553 
46250 3529 3530 
46300 3543 3536 
46350 3565 3568 
46400 3545 3543 
46450 3547 3551 
46500 3552 3550 
46550 3543 3542 
46600 3543 3548 
46650 3558 3559 
46700 3548 3548 
46750 3551 3551 
46800 3549 3547 
46850 3540 3535 
46900 3553 3544 
46950 3548 3544 
47000 3553 3550 
47050 3541 3536 
47100 3546 3539 
47150 3553 3552 
47200 3554 3550 
47250 3540 3541 
47300 3567 3562 
47350 3565 3558 
47400 3567 3562 
47450 3549 3550 
47500 3564 3561 
47550 3545 3551 
47600 3543 3544 
47650 3542 3538 
47700 3549 3554 
47750 3545 3539 
47800 3555 3555 
47850 3529 3536 
47900 3546 3549 
47950 3554 3553 
48000 3547 3552 
48050 3548 3542 
48100 3559 3559 
48150 3542 3545 
48200 3568 3562 
48250 3553 3545 
48300 3551 3552 
48350 3556 3553 
48400 3567 3564 
48450 3553 3557 
48500 3549 3548 
48550 3560 3565 
48600 3550 3558 
48650 3562 3556 
48700 3560 3551 
48750 3547 3552 
48800 3546 3551 
48850 3538 3546 
48900 3551 3546 
48950 3549 3546 
49000 3548 3549 
49050 3554 3553 
49100 3550 3548 
49150 3561 3559 
49200 3550 3548 
49250 3565 3558 
49300 3561 3563 
49350 3553 3548 
49400 3542 3544 
49450 3549 3541 
49500 3569 3568 
49550 3558 3559 
49600 3533 3535 
49650 3540 3543 
49700 3549 3544 
49750 3559 3559 
49800 3549 3551 
49850 3550 3555 
49900 3550 3546 
49950 3558 3561 
50000 3556 3555 
50050 3563 3561 
50100 3558 3555 
50150 3549 3543 
50200 3546 3547 
50250 3557 3552 
50300 3554 3560 
50350 3555 3554 
50400 3568 3564 
50450 3544 3546 
50500 3553 3555 
50550 3549 3543 
50600 3547 3549 
50650 3556 3557 
50700 3556 3549 
50750 3554 3548 
50800 3565 3566 
50850 3556 3557 
50900 3547 3552 
50950 3542 3539 
51000 3534 3541 
51050 3546 3545 
51100 3546 3549 
51150 3548 3547 
51200 3540 3541 
51250 3538 3537 
51300 3539 3543 
51350 3548 3544 
51400 3554 3552 
51450 3541 3546 
51500 3547 3545 
51550 3545 3549 
51600 3536 3527 
51650 3554 3551 
51700 3555 3555 
51750 3545 3545 
51800 3534 3530 
51850 3554 3557 
51900 3556 3556 
51950 3556 3554 
52000 3546 3545 
52050 3555 3550 
52100 3543 3543 
52150 3555 3548 
52200 3548 3549 
52250 3558 3558 
52300 3552 3554 
52350 3529 3531 
52400 3552 3550 
52450 3553 3556 
52500 3563 3568 
52550 3549 3550 
52600 3552 3552 
52650 3561 3563 
52700 3552 3552 
52750 3546 3547 
52800 3546 3541 
52850 3558 3564 
52900 3532 3537 
52950 3558 3555 
53000 3556 3552 
53050 3553 3557 
53100 3552 3551 
53150 3550 3551 
53200 3550 3554 
53250 3562 3562 
53300 3533 3531 
53350 3540 3545 
53400 3559 3550 
53450 3531 3532 
53500 3565 3562 
53550 3550 3544 
53600 3549 3548 
53650 3556 3556 
53700 3557 3557 
53750 3543 3543 
53800 3553 3552 
53850 3550 3551 
53900 3551 3554 
53950 3534 3538 
54000 3558 3555 
54050 3546 3548 
54100 3549 3548 
54150 3559 3559 
54200 3566 3566 
54250 3550 3561 
54300 3552 3550 
54350 3556 3556 
54400 3560 3557 
54450 3543 3534 
54500 3552 3555 
54550 3550 3557 
54600 3564 3568 
54650 3543 3547 
54700 3563 3561 
54750 3556 3555 
54800 3555 3555 
54850 3548 3548 
54900 3537 3535 
54950 3553 3550 
55000 3567 3566 
55050 3556 3557 
55100 3558 3552 
55150 3554 3553 
55200 3549 3545 
55250 3565 3561 
55300 3534 3535 
55350 3546 3552 
55400 3553 3553 
55450 3544 3544 
55500 3543 3549 
55550 3554 3549 
55600 3545 3556 
55650 3535 3541 
55700 3544 3542 
55750 3549 3551 
55800 3549 3556 
55850 3551 3554 
55900 3548 3542 
55950 3547 3551 
56000 3549 3549 
56050 3549 3552 
56100 3548 3543 
56150 3542 3541 
56200 3547 3541 
56250 3552 3549 
56300 3563 3565 
56350 3556 3555 
56400 3551 3547 
56450 3554 3556 
56500 3549 3547 
56550 3544 3551 
56600 3558 3558 
56650 3566 3567 
56700 3553 3549 
56750 3549 3548 
56800 3544 3543 
56850 3536 3541 
56900 3546 3546 
56950 3558 3558 
57000 3538 3538 
57050 3546 3539 
57100 3549 3550 
57150 3553 3550 
57200 3539 3544 
57250 3554 3542 
57300 3541 3540 
57350 3559 3559 
57400 3549 3547 
57450 3555 3552 
57500 3535 3533 
57550 3549 3555 
57600 3535 3535 
57650 3553 3553 
57700 3552 3551 
57750 3546 3549 
57800 3546 3549 
57850 3541 3537 
57900 3550 3559 
57950 3530 3533 
58000 3552 3545 
58050 3554 3554 
58100 3542 3539 
58150 3547 3545 
58200 3540 3541 
58250 3557 3558 
58300 3564 3566 
58350 3551 3556 
58400 3554 3554 
58450 3546 3540 
58500 3551 3547 
58550 3545 3550 
58600 3556 3556 
58650 3558 3554 
58700 3549 3551 
58750 3535 3542 
58800 3551 3549 
58850 3548 3538 
58900 3533 3533 
58950 3558 3551 
59000 3554 3548 
59050 3544 3543 
59100 3549 3551 
59150 3550 3553 
59200 3549 3550 
59250 3560 3566 
59300 3539 3537 
59350 3553 3544 
59400 3547 3552 
59450 3552 3549 
59500 3564 3561 
59550 3548 3540 
59600 3546 3547 
59650 3566 3565 
59700 3542 3555 
59750 3547 3552 
59800 3552 3550 
59850 3561 3561 
59900 3547 3548 
59950 3556 3564 
60000 3553 3558 
60050 3548 3547 
60100 3538 3536 
60150 3538 3539 
60200 3562 3559 
60250 3548 3553 
60300 3542 3539 
60350 3548 3548 
60400 3539 3536 
60450 3556 3551 
60500 3561 3559 
60550 3554 3559 
60600 3554 3562 
60650 3542 3554 
60700 3547 3552 
60750 3545 3544 
60800 3541 3543 
60850 3558 3555 
60900 3551 3553 
60950 3537 3534 
61000 3554 3558 
61050 3545 3541 
61100 3531 3541 
61150 3525 3522 
61200 3537 3538 
61250 3551 3553 
61300 3543 3540 
61350 3554 3558 
61400 3544 3552 
61450 3548 3547 
61500 3559 3556 
61550 3556 3563 
61600 3567 3567 
61650 3534 3539 
61700 3541 3546 
61750 3554 3560 
61800 3547 3545 
61850 3534 3535 
61900 3553 3551 
61950 3542 3543 
62000 3555 3552 
62050 3544 3545 
62100 3547 3551 
62150 3550 3553 
62200 3549 3552 
62250 3556 3556 
62300 3555 3558 
62350 3548 3549 
62400 3553 3552 
62450 3563 3559 
62500 3556 3550 
62550 3548 3548 
62600 3548 3547 
62650 3566 3561 
62700 3543 3539 
62750 3554 3551 
62800 3555 3545 
62850 3538 3535 
62900 3555 3554 
62950 3569 3569 
63000 3550 3548 
63050 3540 3542 
63100 3560 3557 
63150 3542 3549 
63200 3545 3553 
63250 3551 3553 
63300 3553 3552 
63350 3542 3545 
63400 3565 3560 
63450 3539 3550 
63500 3551 3546 
63550 3544 3545 
63600 3539 3538 
63650 3566 3567 
63700 3547 3549 
63750 3554 3561 
63800 3545 3543 
63850 3555 3554 
63900 3537 3534 
63950 3547 3544 
64000 3550 3548 
64050 3542 3536 
64100 3545 3545 
64150 3555 3557 
64200 3553 3554 
64250 3546 3553 
64300 3546 3546 
64350 3555 3552 
64400 3559 3560 
64450 3545 3545 
64500 3546 3554 
64550 3536 3542 
64600 3559 3561 
64650 3558 3557 
64700 3548 3542 
64750 3551 3552 
64800 3554 3563 
64850 3524 3522 
64900 3553 3554 
64950 3549 3550 
65000 3556 3555 
65050 3550 3555 
65100 3557 3556 
65150 3561 3556 
65200 3547 3536 
65250 3549 3549 
65300 3544 3549 
65350 3541 3542 
65400 3564 3564 
65450 3541 3540 
65500 3539 3541 
65550 3542 3542 
65600 3536 3541 
65650 3558 3556 
65700 3554 3554 
65750 3555 3553 
65800 3562 3562 
65850 3559 3558 
65900 3542 3540 
65950 3551 3554 
66000 3525 3527 
66050 3539 3545 
66100 3553 3556 
66150 3553 3557 
66200 3551 3552 
66250 3528 3534 
66300 3539 3541 
66350 3562 3555 
66400 3542 3539 
66450 3554 3555 
66500 3547 3551 
66550 3556 3559 
66600 3552 3553 
66650 3550 3551 
66700 3548 3547 
66750 3561 3560 
66800 3545 3545 
66850 3536 3536 
66900 3558 3560 
66950 3550 3547 
67000 3543 3539 
67050 3545 3550 
67100 3555 3553 
67150 3545 3540 
67200 3543 3537 
67250 3537 3544 
67300 3546 3541 
67350 3545 3550 
67400 3562 3563 
67450 3546 3551 
67500 3533 3547 
67550 3554 3556 
67600 3549 3551 
67650 3548 3550 
67700 3554 3555 
67750 3551 3552 
67800 3550 3551 
67850 3544 3547 
67900 3546 3547 
67950 3552 3556 
68000 3549 3545 
68050 3551 3545 
68100 3557 3553 
68150 3558 3557 
68200 3561 3564 
68250 3540 3541 
68300 3542 3542 
68350 3561 3563 
68400 3555 3559 
68450 3541 3549 
68500 3544 3541 
68550 3551 3549 
68600 3541 3540 
68650 3560 3557 
68700 3547 3551 
68750 3549 3554 
68800 3543 3536 
68850 3538 3539 
68900 3546 3548 
68950 3554 3557 
69000 3536 3538 
69050 3552 3547 
69100 3530 3531 
69150 3551 3550 
69200 3550 3551 
69250 3534 3538 
69300 3547 3550 
69350 3549 3544 
69400 3557 3557 
69450 3542 3541 
69500 3541 3543 
69550 3551 3558 
69600 3559 3557 
69650 3559 3564 
69700 3559 3555 
69750 3566 3563 
69800 3538 3532 
69850 3537 3535 
69900 3556 3559 
69950 3546 3543 
70000 3547 3548 
70050 3560 3558 
70100 3545 3540 
70150 3536 3538 
70200 3558 3563 
70250 3563 3566 
70300 3558 3552 
70350 3555 3555 
70400 3551 3554 
70450 3563 3560 
70500 3569 3568 
70550 3553 3555 
70600 3542 3542 
70650 3551 3559 
70700 3563 3565 
70750 3549 3549 
70800 3552 3547 
70850 3557 3554 
70900 3540 3544 
70950 3546 3543 
71000 3550 3554 
71050 3559 3562 
71100 3563 3561 
71150 3556 3557 
71200 3548 3546 
71250 3551 3552 
71300 3535 3536 
71350 3558 3557 
71400 3553 3553 
71450 3551 3559 
71500 3562 3561 
71550 3555 3551 
71600 3565 3567 
71650 3565 3569 
71700 3543 3539 
71750 3550 3547 
71800 3549 3554 
71850 3554 3548 
71900 3558 3555 
71950 3569 3563 
72000 3534 3535 
72050 3551 3554 
72100 3534 3532 
72150 3551 3546 
72200 3546 3544 
72250 3550 3551 
72300 3555 3551 
72350 3553 3554 
72400 3560 3556 
72450 3560 3558 
72500 3558 3558 
72550 3545 3544 
72600 3559 3557 
72650 3555 3547 
72700 3545 3544 
72750 3559 3559 
72800 3550 3544 
72850 3549 3547 
72900 3553 3550 
72950 3531 3533 
73000 3556 3554 
73050 3536 3540 
73100 3544 3547 
73150 3557 3559 
73200 3571 3575 
73250 3557 3556 
73300 3552 3547 
73350 3548 3545 
73400 3556 3561 
73450 3550 3543 
73500 3557 3553 
73550 3565 3561 
73600 3552 3557 
73650 3565 3561 
73700 3549 3552 
73750 3550 3552 
73800 3543 3547 
73850 3542 3545 
73900 3578 3575 
73950 3544 3547 
74000 3563 3560 
74050 3550 3552 
74100 3539 3544 
74150 3545 3548 
74200 3551 3556 
74250 3546 3543 
74300 3543 3540 
74350 3552 3556 
74400 3556 3553 
74450 3560 3559 
74500 3551 3552 
74550 3562 3562 
74600 3551 3549 
74650 3539 3543 
74700 3557 3557 
74750 3548 3549 
74800 3548 3550 
74850 3546 3548 
74900 3547 3545 
74950 3553 3552 
75000 3553 3549 
75050 3563 3556 
75100 3547 3544 
75150 3556 3554 
75200 3555 3554 
75250 3548 3551 
75300 3549 3549 
75350 3551 3556 
75400 3550 3548 
75450 3564 3563 
75500 3560 3554 
75550 3545 3550 
75600 3554 3552 
75650 3572 3564 
75700 3553 3551 
75750 3563 3559 
75800 3539 3529 
75850 3546 3541 
75900 3544 3544 
75950 3537 3531 
76000 3551 3549 
76050 3557 3552 
76100 3550 3550 
76150 3564 3559 
76200 3557 3555 
76250 3551 3551 
76300 3548 3547 
76350 3542 3545 
76400 3551 3560 
76450 3554 3552 
76500 3546 3552 
76550 3544 3542 
76600 3548 3543 
76650 3559 3559 
76700 3551 3548 
76750 3549 3552 
76800 3558 3554 
76850 3560 3556 
76900 3545 3542 
76950 3544 3545 
77000 3554 3551 
77050 3550 3548 
77100 3542 3546 
77150 3555 3551 
77200 3549 3545 
77250 3553 3551 
77300 3567 3570 
77350 3567 3567 
77400 3554 3558 
77450 3543 3546 
77500 3561 3557 
77550 3564 3563 
77600 3555 3556 
77650 3550 3544 
77700 3537 3537 
77750 3539 3535 
77800 3547 3544 
77850 3547 3546 
77900 3538 3538 
77950 3556 3556 
78000 3557 3559 
78050 3547 3551 
78100 3563 3561 
78150 3554 3552 
78200 3563 3554 
78250 3565 3556 
78300 3552 3544 
78350 3539 3537 
78400 3543 3547 
78450 3549 3549 
78500 3538 3542 
78550 3546 3545 
78600 3556 3558 
78650 3546 3549 
78700 3552 3552 
78750 3555 3546 
78800 3558 3559 
78850 3551 3551 
78900 3554 3548 
78950 3564 3565 
79000 3545 3543 
79050 3544 3554 
79100 3552 3555 
79150 3551 3556 
79200 3554 3554 
79250 3556 3555 
79300 3551 3553 
79350 3552 3552 
79400 3555 3557 
79450 3567 3568 
79500 3566 3562 
79550 3561 3560 
79600 3564 3567 
79650 3549 3553 
79700 3559 3551 
79750 3566 3566 
79800 3543 3547 
79850 3547 3546 
79900 3553 3552 
79950 3534 3540 
80000 3553 3552 
80050 3561 3558 
80100 3552 3551 
80150 3566 3561 
80200 3554 3548 
80250 3557 3555 
80300 3556 3556 
80350 3566 3570 
80400 3539 3532 
80450 3547 3549 
80500 3546 3544 
80550 3548 3550 
80600 3545 3550 
80650 3561 3557 
80700 3564 3559 
80750 3539 3541 
80800 3559 3563 
80850 3541 3544 
80900 3542 3537 
80950 3546 3547 
81000 3561 3563 
81050 3548 3552 
81100 3564 3564 
81150 3557 3559 
81200 3548 3549 
81250 3540 3543 
81300 3551 3554 
81350 3548 3553 
81400 3557 3561 
81450 3557 3558 
81500 3553 3555 
81550 3562 3562 
81600 3563 3560 
81650 3556 3556 
81700 3539 3544 
81750 3567 3564 
81800 3556 3553 
81850 3543 3545 
81900 3556 3556 
81950 3545 3545 
82000 3555 3554 
82050 3550 3549 
82100 3556 3551 
82150 3556 3559 
82200 3550 3550 
82250 3561 3564 
82300 3548 3548 
82350 3550 3550 
82400 3556 3557 
82450 3556 3550 
82500 3550 3543 
82550 3566 3565 
82600 3557 3562 
82650 3553 3551 
82700 3564 3562 
82750 3540 3541 
82800 3551 3556 
82850 3549 3553 
82900 3546 3548 
82950 3563 3560 
83000 3561 3557 
83050 3540 3541 
83100 3552 3552 
83150 3539 3535 
83200 3550 3551 
83250 3557 3554 
83300 3562 3560 
83350 3549 3553 
83400 3549 3550 
83450 3553 3548 
83500 3542 3542 
83550 3548 3549 
83600 3555 3550 
83650 3548 3548 
83700 3555 3554 
83750 3531 3527 
83800 3555 3554 
83850 3544 3548 
83900 3568 3569 
83950 3560 3563 
84000 3560 3560 
84050 3543 3550 
84100 3548 3548 
84150 3544 3547 
84200 3561 3559 
84250 3555 3556 
84300 3552 3550 
84350 3560 3559 
84400 3553 3551 
84450 3557 3558 
84500 3566 3562 
84550 3565 3560 
84600 3558 3559 
84650 3555 3557 
84700 3562 3560 
84750 3578 3571 
84800 3564 3569 
84850 3556 3558 
84900 3544 3552 
84950 3565 3572 
85000 3548 3548 
85050 3548 3555 
85100 3552 3551 
85150 3548 3548 
85200 3548 3544 
85250 3561 3555 
85300 3562 3561 
85350 3557 3551 
85400 3562 3562 
85450 3549 3549 
85500 3560 3561 
85550 3554 3556 
85600 3556 3555 
85650 3561 3562 
85700 3558 3561 
85750 3538 3547 
85800 3530 3532 
85850 3553 3553 
85900 3565 3563 
85950 3548 3545 
86000 3558 3563 
86050 3552 3548 
86100 3552 3546 
86150 3554 3548 
86200 3550 3554 
86250 3557 3555 
86300 3564 3567 
86350 3551 3549 
86400 3538 3533 
86450 3562 3557 
86500 3550 3554 
86550 3559 3553 
86600 3548 3545 
86650 3554 3553 
86700 3559 3556 
86750 3565 3559 
86800 3543 3547 
86850 3556 3554 
86900 3549 3547 
86950 3546 3554 
87000 3557 3561 
87050 3548 3549 
87100 3546 3548 
87150 3558 3552 
87200 3549 3538 
87250 3559 3551 
87300 3527 3527 
87350 3548 3541 
87400 3562 3561 
87450 3552 3552 
87500 3560 3557 
87550 3550 3553 
87600 3563 3557 
87650 3566 3555 
87700 3553 3549 
87750 3547 3550 
87800 3569 3568 
87850 3555 3556 
87900 3562 3559 
87950 3563 3556 
88000 3553 3561 
88050 3554 3545 
88100 3554 3557 
88150 3544 3548 
88200 3560 3562 
88250 3554 3552 
88300 3544 3547 
88350 3560 3557 
88400 3556 3551 
88450 3556 3558 
88500 3560 3562 
88550 3556 3553 
88600 3547 3547 
88650 3556 3553 
88700 3572 3573 
88750 3555 3555 
88800 3546 3542 
88850 3552 3557 
88900 3562 3551 
88950 3553 3551 
89000 3545 3546 
89050 3547 3547 
89100 3565 3562 
89150 3563 3554 
89200 3575 3572 
89250 3554 3555 
89300 3562 3562 
89350 3550 3542 
89400 3551 3551 
89450 3556 3555 
89500 3550 3555 
89550 3550 3553 
89600 3545 3554 
89650 3544 3554 
89700 3552 3554 
89750 3554 3550 
89800 3556 3549 
89850 3556 3548 
89900 3552 3554 
89950 3552 3548 
90000 3568 3567 
90050 3562 3561 
90100 3555 3556 
90150 3553 3552 
90200 3562 3563 
90250 3544 3545 
90300 3578 3573 
90350 3563 3568 
90400 3558 3560 
90450 3563 3556 
90500 3555 3556 
90550 3561 3558 
90600 3551 3543 
90650 3543 3545 
90700 3564 3567 
90750 3558 3559 
90800 3556 3557 
90850 3555 3557 
90900 3564 3562 
90950 3542 3537 
91000 3556 3553 
91050 3561 3560 
91100 3557 3555 
91150 3537 3537 
91200 3542 3550 
91250 3563 3553 
91300 3558 3556 
91350 3547 3545 
91400 3553 3555 
91450 3550 3553 
91500 3565 3561 
91550 3553 3552 
91600 3554 3551 
91650 3547 3547 
91700 3553 3546 
91750 3564 3563 
91800 3557 3557 
91850 3553 3551 
91900 3561 3564 
91950 3546 3552 
92000 3551 3547 
92050 3544 3541 
92100 3567 3559 
92150 3564 3566 
92200 3549 3550 
92250 3568 3567 
92300 3548 3548 
92350 3557 3553 
92400 3554 3552 
92450 3563 3559 
92500 3553 3550 
92550 3569 3565 
92600 3564 3568 
92650 3552 3549 
92700 3543 3539 
92750 3564 3556 
92800 3545 3542 
92850 3548 3549 
92900 3561 3556 
92950 3545 3537 
93000 3552 3546 
93050 3544 3550 
93100 3561 3563 
93150 3541 3546 
93200 3547 3546 
93250 3557 3558 
93300 3551 3549 
93350 3551 3554 
93400 3557 3555 
93450 3548 3549 
93500 3548 3557 
93550 3555 3557 
93600 3546 3551 
93650 3550 3546 
93700 3553 3555 
93750 3569 3561 
93800 3562 3561 
93850 3564 3565 
93900 3544 3542 
93950 3563 3561 
94000 3554 3556 
94050 3558 3550 
94100 3555 3555 
94150 3552 3550 
94200 3560 3554 
94250 3559 3556 
94300 3563 3560 
94350 3550 3556 
94400 3554 3550 
94450 3552 3559 
94500 3555 3553 
94550 3578 3579 
94600 3560 3558 
94650 3558 3561 
94700 3551 3551 
94750 3554 3556 
94800 3569 3559 
94850 3553 3552 
94900 3553 3557 
94950 3558 3554 
95000 3542 3547 
95050 3545 3553 
95100 3553 3555 
95150 3553 3556 
95200 3553 3552 
95250 3562 3555 
95300 3559 3559 
95350 3533 3534 
95400 3561 3561 
95450 3552 3552 
95500 3560 3557 
95550 3551 3552 
95600 3543 3539 
95650 3563 3562 
95700 3564 3561 
95750 3555 3550 
95800 3552 3550 
95850 3557 3560 
95900 3541 3549 
95950 3563 3558 
96000 3554 3555 
96050 3562 3560 
96100 3547 3554 
96150 3556 3563 
96200 3554 3556 
96250 3555 3552 
96300 3559 3560 
96350 3548 3554 
96400 3550 3549 
96450 3560 3554 
96500 3552 3554 
96550 3564 3566 
96600 3549 3549 
96650 3539 3545 
96700 3558 3555 
96750 3559 3560 
96800 3558 3560 
96850 3547 3549 
96900 3553 3553 
96950 3553 3550 
97000 3546 3546 
97050 3564 3556 
97100 3565 3560 
97150 3565 3568 
97200 3545 3546 
97250 3555 3551 
97300 3559 3556 
97350 3551 3552 
97400 3559 3552 
97450 3560 3551 
97500 3575 3571 
97550 3558 3556 
97600 3556 3561 
97650 3553 3553 
97700 3555 3554 
97750 3544 3547 
97800 3551 3547 
97850 3561 3554 
97900 3549 3547 
97950 3556 3554 
98000 3545 3544 
98050 3558 3558 
98100 3555 3556 
98150 3556 3562 
98200 3561 3560 
98250 3560 3558 
98300 3559 3562 
98350 3570 3569 
98400 3570 3573 
98450 3547 3544 
98500 3553 3555 
98550 3552 3551 
98600 3553 3558 
98650 3567 3560 
98700 3560 3556 
98750 3550 3555 
98800 3564 3562 
98850 3555 3557 
98900 3552 3555 
98950 3574 3574 
99000 3561 3561 
99050 3573 3573 
99100 3557 3554 
99150 3552 3555 
99200 3562 3553 
99250 3552 3553 
99300 3549 3552 
99350 3550 3549 
99400 3553 3551 
99450 3552 3553 
99500 3551 3549 
99550 3561 3567 
99600 3563 3562 
99650 3557 3562 
99700 3551 3553 
99750 3553 3552 
99800 3550 3550 
99850 3548 3550 
99900 3558 3556 
99950 3560 3560 
100000 3571 3569 
100050 3553 3549 
100100 3562 3561 
100150 3553 3553 
100200 3549 3545 
100250 3549 3556 
100300 3544 3545 
100350 3545 3544 
100400 3557 3555 
100450 3553 3554 
100500 3558 3560 
100550 3559 3560 
100600 3551 3556 
100650 3557 3559 
100700 3561 3564 
100750 3564 3566 
100800 3552 3545 
100850 3549 3553 
100900 3561 3557 
100950 3547 3545 
101000 3563 3563 
101050 3570 3564 
101100 3543 3535 
101150 3562 3559 
101200 3553 3553 
101250 3555 3555 
101300 3562 3560 
101350 3544 3549 
101400 3562 3562 
101450 3556 3555 
101500 3557 3555 
101550 3566 3561 
101600 3543 3548 
101650 3557 3555 
101700 3558 3556 
101750 3561 3563 
101800 3557 3558 
101850 3555 3559 
101900 3554 3556 
101950 3550 3550 
102000 3530 3533 
102050 3547 3545 
102100 3557 3559 
102150 3569 3570 
102200 3549 3551 
102250 3558 3561 
102300 3542 3542 
102350 3539 3541 
102400 3559 3560 
102450 3553 3554 
102500 3549 3543 
102550 3557 3551 
102600 3572 3572 
102650 3554 3552 
102700 3556 3555 
102750 3557 3560 
102800 3561 3560 
102850 3541 3543 
102900 3559 3560 
102950 3559 3553 
103000 3543 3547 
103050 3544 3542 
103100 3551 3552 
103150 3557 3564 
103200 3553 3549 
103250 3554 3557 
103300 3557 3553 
103350 3559 3562 
103400 3553 3557 
103450 3549 3553 
103500 3565 3569 
103550 3550 3542 
103600 3560 3556 
103650 3559 3562 
103700 3547 3543 
103750 3553 3555 
103800 3555 3556 
103850 3554 3557 
103900 3548 3557 
103950 3545 3543 
104000 3551 3550 
104050 3562 3567 
104100 3561 3562 
104150 3567 3563 
104200 3561 3557 
104250 3554 3551 
104300 3540 3544 
104350 3546 3549 
104400 3558 3559 
104450 3566 3559 
104500 3563 3556 
104550 3570 3577 
104600 3570 3571 
104650 3560 3562 
104700 3561 3564 
104750 3544 3542 
104800 3540 3548 
104850 3555 3557 
104900 3555 3559 
104950 3556 3561 
105000 3572 3568 
105050 3548 3544 
105100 3537 3539 
105150 3562 3563 
105200 3567 3562 
105250 3545 3540 
105300 3548 3547 
105350 3554 3551 
105400 3569 3566 
105450 3560 3554 
105500 3560 3562 
105550 3559 3561 
105600 3561 3561 
105650 3558 3550 
105700 3561 3558 
105750 3571 3570 
105800 3552 3552 
105850 3552 3557 
105900 3548 3550 
105950 3562 3563 
106000 3548 3543 
106050 3563 3561 
106100 3537 3537 
106150 3560 3564 
106200 3553 3551 
106250 3548 3546 
106300 3561 3560 
106350 3571 3572 
106400 3549 3552 
106450 3551 3549 
106500 3560 3564 
106550 3560 3562 
106600 3555 3559 
106650 3558 3558 
106700 3550 3556 
106750 3548 3554 
106800 3569 3568 
106850 3560 3556 
106900 3562 3558 
106950 3557 3560 
107000 3559 3560 
107050 3558 3558 
107100 3566 3565 
107150 3568 3565 
107200 3555 3556 
107250 3548 3546 
107300 3558 3556 
107350 3558 3558 
107400 3554 3553 
107450 3561 3555 
107500 3555 3552 
107550 3557 3556 
107600 3555 3558 
107650 3556 3555 
107700 3550 3545 
107750 3558 3556 
107800 3570 3564 
107850 3562 3560 
107900 3562 3564 
107950 3555 3551 
108000 3551 3552 
108050 3570 3568 
108100 3563 3561 
108150 3555 3553 
108200 3554 3554 
108250 3562 3565 
108300 3563 3560 
108350 3562 3558 
108400 3557 3557 
108450 3549 3547 
108500 3549 3550 
108550 3559 3559 
108600 3570 3572 
108650 3557 3557 
108700 3548 3557 
108750 3549 3544 
108800 3558 3560 
108850 3571 3568 
108900 3564 3561 
108950 3553 3545 
109000 3555 3544 
109050 3542 3540 
109100 3548 3553 
109150 3566 3568 
109200 3562 3560 
109250 3556 3545 
109300 3553 3562 
109350 3550 3551 
109400 3565 3557 
109450 3562 3556 
109500 3557 3560 
109550 3560 3566 
109600 3563 3563 
109650 3559 3562 
109700 3557 3563 
109750 3565 3566 
109800 3565 3560 
109850 3554 3554 
109900 3554 3542 
109950 3558 3551 
110000 3541 3537 
110050 3553 3556 
110100 3577 3576 
110150 3550 3544 
110200 3544 3545 
110250 3542 3541 
110300 3557 3559 
110350 3568 3561 
110400 3558 3561 
110450 3552 3563 
110500 3562 3560 
110550 3545 3547 
110600 3561 3560 
110650 3566 3575 
110700 3545 3551 
110750 3572 3572 
110800 3547 3550 
110850 3566 3569 
110900 3550 3558 
110950 3553 3561 
111000 3545 3546 
111050 3548 3548 
111100 3569 3560 
111150 3561 3554 
111200 3557 3555 
111250 3549 3546 
111300 3547 3548 
111350 3558 3558 
111400 3549 3547 
111450 3552 3550 
111500 3556 3554 
111550 3554 3551 
111600 3566 3566 
111650 3553 3552 
111700 3557 3551 
111750 3533 3534 
111800 3532 3534 
111850 3545 3548 
111900 3551 3549 
111950 3540 3545 
112000 3560 3558 
112050 3543 3541 
112100 3566 3564 
112150 3549 3549 
112200 3552 3557 
112250 3547 3544 
112300 3564 3566 
112350 3572 3574 
112400 3559 3562 
112450 3559 3558 
112500 3553 3554 
112550 3549 3554 
112600 3551 3550 
112650 3552 3552 
112700 3560 3561 
112750 3546 3547 
112800 3560 3550 
112850 3544 3545 
112900 3550 3552 
112950 3557 3551 
113000 3561 3556 
113050 3557 3548 
113100 3551 3546 
113150 3556 3557 
113200 3563 3562 
113250 3556 3560 
113300 3561 3559 
113350 3549 3550 
113400 3557 3558 
113450 3565 3565 
113500 3569 3565 
113550 3552 3547 
113600 3550 3552 
113650 3554 3553 
113700 3558 3559 
113750 3556 3555 
113800 3553 3555 
113850 3559 3551 
113900 3559 3560 
113950 3562 3560 
114000 3569 3571 
114050 3553 3554 
114100 3556 3556 
114150 3558 3562 
114200 3562 3565 
114250 3554 3556 
114300 3562 3558 
114350 3559 3561 
114400 3560 3555 
114450 3559 3552 
114500 3564 3568 
114550 3568 3565 
114600 3554 3555 
114650 3557 3558 
114700 3542 3541 
114750 3547 3550 
114800 3554 3565 
114850 3550 3556 
114900 3569 3569 
114950 3554 3556 
115000 3549 3550 
115050 3556 3555 
115100 3558 3557 
115150 3551 3556 
115200 3544 3547 
115250 3556 3550 
115300 3557 3549 
115350 3552 3549 
115400 3543 3542 
115450 3545 3549 
115500 3565 3564 
115550 3548 3550 
115600 3552 3555 
115650 3564 3561 
115700 3551 3553 
115750 3563 3563 
115800 3565 3568 
115850 3557 3552 
115900 3546 3543 
115950 3559 3555 
116000 3566 3563 
116050 3560 3565 
116100 3565 3559 
116150 3557 3562 
116200 3558 3554 
116250 3559 3558 
116300 3559 3558 
116350 3564 3567 
116400 3547 3541 
116450 3563 3555 
116500 3558 3555 
116550 3539 3535 
116600 3544 3541 
116650 3556 3550 
116700 3548 3554 
116750 3555 3551 
116800 3554 3550 
116850 3569 3567 
116900 3540 3544 
116950 3558 3560 
117000 3559 3558 
117050 3557 3561 
117100 3541 3543 
117150 3549 3553 
117200 3556 3560 
117250 3561 3558 
117300 3561 3563 
117350 3549 3549 
117400 3558 3557 
117450 3567 3570 
117500 3553 3557 
117550 3565 3561 
117600 3555 3554 
117650 3558 3558 
117700 3552 3558 
117750 3563 3561 
117800 3539 3542 
117850 3554 3556 
117900 3558 3557 
117950 3550 3555 
118000 3564 3562 
118050 3560 3559 
118100 3561 3562 
118150 3562 3557 
118200 3549 3551 
118250 3548 3554 
118300 3548 3545 
118350 3573 3570 
118400 3557 3558 
118450 3552 3551 
118500 3562 3567 
118550 3545 3545 
118600 3555 3555 
118650 3562 3560 
118700 3544 3544 
118750 3556 3560 
118800 3564 3563 
118850 3556 3558 
118900 3572 3570 
118950 3557 3559 
119000 3553 3550 
119050 3552 3547 
119100 3536 3540 
119150 3529 3526 
119200 3552 3549 
119250 3555 3554 
119300 3545 3545 
119350 3570 3565 
119400 3556 3553 
119450 3556 3553 
119500 3550 3558 
119550 3563 3560 
119600 3555 3553 
119650 3551 3557 
119700 3557 3555 
119750 3553 3555 
119800 3547 3547 
119850 3556 3554 
119900 3554 3560 
119950 3554 3552 
120000 3561 3563 
120050 3558 3560 
120100 3563 3565 
120150 3554 3556 
120200 3555 3557 
120250 3560 3563 
120300 3555 3552 
120350 3557 3555 
120400 3553 3544 
120450 3524 3527 
120500 3561 3563 
120550 3558 3559 
120600 3560 3557 
120650 3557 3559 
120700 3544 3539 
120750 3552 3549 
120800 3561 3561 
120850 3549 3544 
120900 3558 3561 
120950 3549 3551 
121000 3561 3556 
121050 3536 3543 
121100 3556 3556 
121150 3553 3556 
121200 3551 3550 
121250 3554 3555 
121300 3534 3534 
121350 3556 3553 
121400 3549 3545 
121450 3553 3552 
121500 3559 3558 
121550 3556 3556 
121600 3560 3561 
121650 3551 3555 
121700 3554 3557 
121750 3553 3556 
121800 3553 3559 
121850 3554 3549 
121900 3539 3547 
121950 3544 3544 
122000 3546 3551 
122050 3560 3558 
122100 3550 3550 
122150 3556 3553 
122200 3545 3546 
122250 3560 3555 
122300 3562 3560 
122350 3559 3563 
122400 3545 3547 
122450 3560 3564 
122500 3557 3556 
122550 3545 3546 
122600 3532 3540 
122650 3544 3547 
122700 3557 3557 
122750 3554 3548 
122800 3539 3544 
122850 3551 3555 
122900 3544 3544 
122950 3554 3554 
123000 3542 3548 
123050 3546 3553 
123100 3568 3570 
123150 3569 3566 
123200 3559 3558 
123250 3559 3553 
123300 3541 3547 
123350 3551 3549 
123400 3554 3557 
123450 3548 3544 
123500 3558 3557 
123550 3543 3543 
123600 3546 3551 
123650 3549 3545 
123700 3565 3562 
123750 3561 3561 
123800 3548 3549 
123850 3552 3552 
123900 3550 3541 
123950 3549 3547 
124000 3545 3553 
124050 3554 3547 
124100 3542 3541 
124150 3528 3534 
124200 3546 3546 
124250 3554 3553 
124300 3554 3555 
124350 3547 3549 
124400 3549 3550 
124450 3552 3548 
124500 3555 3557 
124550 3554 3552 
124600 3528 3533 
124650 3543 3545 
124700 3555 3555 
124750 3561 3563 
124800 3546 3540 
124850 3557 3553 
124900 3555 3552 
124950 3556 3545 
125000 3549 3551 
125050 3568 3566 
125100 3559 3558 
125150 3551 3545 
125200 3558 3562 
125250 3533 3528 
125300 3565 3567 
125350 3562 3563 
125400 3559 3552 
125450 3567 3569 
125500 3552 3552 
125550 3553 3548 
125600 3543 3549 
125650 3538 3542 
125700 3555 3554 
125750 3555 3558 
125800 3555 3551 
125850 3556 3561 
125900 3552 3548 
125950 3543 3552 
126000 3565 3565 
126050 3538 3538 
126100 3546 3540 
126150 3546 3542 
126200 3558 3554 
126250 3558 3558 
126300 3557 3557 
126350 3559 3560 
126400 3538 3538 
126450 3530 3528 
126500 3548 3551 
126550 3563 3566 
126600 3545 3548 
126650 3548 3554 
126700 3551 3553 
126750 3553 3554 
126800 3538 3538 
126850 3560 3556 
126900 3538 3541 
126950 3553 3549 
127000 3559 3562 
127050 3571 3568 
127100 3537 3539 
127150 3523 3526 
127200 3548 3550 
127250 3554 3551 
127300 3556 3555 
127350 3560 3562 
127400 3556 3552 
127450 3551 3555 
127500 3551 3554 
127550 3543 3548 
127600 3564 3565 
127650 3551 3555 
127700 3545 3550 
127750 3555 3553 
127800 3555 3559 
127850 3539 3536 
127900 3555 3553 
127950 3546 3552 
128000 3558 3558 
128050 3559 3557 
128100 3551 3548 
128150 3547 3550 
128200 3548 3551 
128250 3553 3556 
128300 3546 3550 
128350 3561 3563 
128400 3554 3552 
128450 3550 3549 
128500 3562 3563 
128550 3566 3570 
128600 3554 3557 
128650 3558 3557 
128700 3558 3557 
128750 3559 3550 
128800 3551 3551 
128850 3552 3551 
128900 3555 3552 
128950 3548 3554 
129000 3545 3545 
129050 3556 3556 
129100 3552 3545 
129150 3560 3564 
129200 3552 3549 
129250 3563 3560 
129300 3546 3546 
129350 3558 3562 
129400 3568 3567 
129450 3551 3546 
129500 3557 3554 
129550 3551 3548 
129600 3563 3560 
129650 3556 3555 
129700 3545 3545 
129750 3553 3561 
129800 3554 3545 
129850 3552 3549 
129900 3548 3552 
129950 3535 3532 
130000 3566 3561 
130050 3557 3556 
130100 3541 3538 
130150 3550 3551 
130200 3554 3552 
130250 3559 3554 
130300 3563 3561 
130350 3564 3563 
130400 3562 3563 
130450 3557 3552 
130500 3559 3558 
130550 3544 3546 
130600 3547 3543 
130650 3563 3560 
130700 3540 3539 
130750 3557 3553 
130800 3549 3545 
130850 3566 3569 
130900 3547 3548 
130950 3545 3545 
131000 3559 3558 
131050 3565 3567 
131100 3552 3554 
131150 3559 3555 
131200 3548 3552 
131250 3543 3542 
131300 3553 3548 
131350 3539 3542 
131400 3554 3559 
131450 3549 3557 
131500 3564 3561 
131550 3556 3549 
131600 3561 3555 
131650 3548 3555 
131700 3555 3551 
131750 3548 3551 
131800 3565 3562 
131850 3555 3555 
131900 3559 3562 
131950 3557 3552 
132000 3549 3546 
132050 3544 3548 
132100 3552 3551 
132150 3551 3554 
132200 3557 3554 
132250 3560 3560 
132300 3551 3553 
132350 3544 3540 
132400 3554 3558 
132450 3553 3549 
132500 3562 3560 
132550 3551 3554 
132600 3558 3554 
132650 3557 3552 
132700 3544 3549 
132750 3542 3543 
132800 3550 3549 
132850 3537 3539 
132900 3561 3563 
132950 3565 3569 
133000 3556 3553 
133050 3540 3550 
133100 3565 3562 
133150 3542 3541 
133200 3555 3552 
133250 3565 3564 
133300 3552 3550 
133350 3548 3554 
133400 3555 3547 
133450 3546 3539 
133500 3556 3551 
133550 3559 3556 
133600 3546 3549 
133650 3549 3547 
133700 3568 3568 
133750 3554 3555 
133800 3551 3549 
133850 3548 3559 
133900 3546 3554 
133950 3549 3551 
134000 3557 3556 
134050 3546 3544 
134100 3562 3562 
134150 3563 3561 
134200 3552 3551 
134250 3558 3563 
134300 3556 3556 
134350 3557 3559 
134400 3566 3570 
134450 3554 3562 
134500 3557 3563 
134550 3561 3563 
134600 3552 3551 
134650 3576 3574 
134700 3563 3560 
134750 3543 3545 
134800 3542 3542 
134850 3530 3531 
134900 3553 3554 
134950 3564 3563 
135000 3549 3550 
135050 3551 3553 
135100 3551 3545 
135150 3543 3542 
135200 3553 3547 
135250 3573 3573 
135300 3541 3546 
135350 3569 3567 
135400 3548 3545 
135450 3558 3558 
135500 3545 3541 
135550 3538 3542 
135600 3551 3550 
135650 3539 3546 
135700 3550 3552 
135750 3542 3541 
135800 3543 3542 
135850 3547 3548 
135900 3563 3561 
135950 3556 3553 
136000 3550 3548 
136050 3564 3557 
136100 3552 3548 
136150 3561 3551 
136200 3559 3558 
136250 3563 3560 
136300 3550 3560 
136350 3555 3551 
136400 3548 3552 
136450 3549 3541 
136500 3547 3543 
136550 3551 3549 
136600 3549 3552 
136650 3561 3567 
136700 3552 3553 
136750 3555 3555 
136800 3561 3561 
136850 3543 3540 
136900 3558 3556 
136950 3551 3552 
137000 3561 3560 
137050 3540 3537 
137100 3562 3558 
137150 3555 3552 
137200 3547 3550 
137250 3559 3553 
137300 3553 3549 
137350 3565 3558 
137400 3548 3543 
137450 3551 3544 
137500 3548 3544 
137550 3544 3543 
137600 3541 3538 
137650 3536 3536 
137700 3556 3558 
137750 3556 3557 
137800 3564 3563 
137850 3557 3553 
137900 3550 3551 
137950 3549 3551 
138000 3545 3541 
138050 3564 3571 
138100 3560 3557 
138150 3561 3559 
138200 3546 3546 
138250 3559 3566 
138300 3552 3558 
138350 3566 3562 
138400 3539 3542 
138450 3545 3549 
138500 3542 3541 
138550 3561 3553 
138600 3573 3565 
138650 3546 3542 
138700 3558 3560 
138750 3564 3558 
138800 3557 3553 
138850 3558 3557 
138900 3552 3547 
138950 3548 3550 
139000 3554 3557 
139050 3567 3566 
139100 3566 3567 
139150 3542 3538 
139200 3545 3556 
139250 3559 3556 
139300 3550 3554 
139350 3570 3566 
139400 3562 3562 
139450 3557 3553 
139500 3554 3552 
139550 3549 3551 
139600 3558 3559 
139650 3557 3555 
139700 3556 3555 
139750 3556 3555 
139800 3575 3570 
139850 3556 3549 
139900 3542 3527 
139950 3575 3574 
140000 3556 3555 
140050 3559 3559 
140100 3556 3551 
140150 3565 3559 
140200 3552 3555 
140250 3542 3537 
140300 3561 3562 
140350 3559 3558 
140400 3559 3558 
140450 3551 3550 
140500 3563 3560 
140550 3561 3560 
140600 3543 3541 
140650 3545 3545 
140700 3558 3552 
140750 3555 3552 
140800 3559 3559 
140850 3552 3550 
140900 3550 3552 
140950 3550 3551 
141000 3560 3554 
141050 3546 3549 
141100 3550 3553 
141150 3546 3545 
141200 3549 3550 
141250 3558 3555 
141300 3567 3567 
141350 3560 3566 
141400 3547 3543 
141450 3556 3559 
141500 3559 3560 
141550 3556 3555 
141600 3553 3550 
141650 3561 3552 
141700 3570 3567 
141750 3562 3555 
141800 3556 3555 
141850 3568 3564 
141900 3560 3556 
141950 3561 3568 
142000 3542 3545 
142050 3546 3549 
142100 3559 3563 
142150 3548 3553 
142200 3556 3554 
142250 3574 3575 
142300 3554 3551 
142350 3556 3555 
142400 3545 3545 
142450 3546 3554 
142500 3577 3568 
142550 3557 3554 
142600 3554 3558 
142650 3545 3547 
142700 3549 3554 
142750 3546 3547 
142800 3565 3563 
142850 3566 3574 
142900 3560 3562 
142950 3566 3566 
143000 3562 3565 
143050 3544 3543 
143100 3549 3549 
143150 3535 3543 
143200 3554 3547 
143250 3556 3547 
143300 3558 3555 
143350 3565 3564 
143400 3566 3556 
143450 3550 3548 
143500 3559 3556 
143550 3535 3546 
143600 3545 3549 
143650 3548 3548 
143700 3541 3547 
143750 3547 3552 
143800 3549 3551 
143850 3564 3564 
143900 3543 3542 
143950 3549 3546 
144000 3567 3566 
144050 3557 3562 
144100 3550 3548 
144150 3543 3549 
144200 3549 3550 
144250 3547 3555 
144300 3545 3546 
144350 3552 3548 
144400 3546 3544 
144450 3546 3545 
144500 3559 3569 
144550 3559 3560 
144600 3554 3553 
144650 3560 3561 
144700 3554 3551 
144750 3560 3568 
144800 3555 3564 
144850 3562 3565 
144900 3561 3564 
144950 3560 3559 
145000 3540 3538 
145050 3559 3556 
145100 3560 3557 
145150 3562 3567 
145200 3561 3559 
145250 3545 3549 
145300 3571 3571 
145350 3543 3551 
145400 3549 3548 
145450 3558 3559 
145500 3552 3555 
145550 3556 3554 
145600 3557 3564 
145650 3542 3534 
145700 3557 3562 
145750 3555 3559 
145800 3549 3551 
145850 3564 3554 
145900 3563 3565 
145950 3557 3550 
146000 3558 3558 
146050 3552 3556 
146100 3553 3554 
146150 3557 3550 
146200 3566 3563 
146250 3547 3554 
146300 3558 3555 
146350 3542 3545 
146400 3547 3552 
146450 3549 3549 
146500 3552 3554 
146550 3546 3555 
146600 3547 3546 
146650 3547 3548 
146700 3539 3543 
146750 3553 3556 
146800 3561 3563 
146850 3557 3558 
146900 3550 3549 
146950 3560 3561 
147000 3566 3559 
147050 3557 3558 
147100 3545 3546 
147150 3563 3568 
147200 3564 3562 
147250 3561 3560 
147300 3541 3543 
147350 3568 3569 
147400 3562 3561 
147450 3560 3562 
147500 3558 3552 
147550 3550 3557 
147600 3554 3554 
147650 3555 3554 
147700 3560 3559 
147750 3550 3549 
147800 3559 3558 
147850 3566 3563 
147900 3556 3549 
147950 3541 3541 
148000 3561 3562 
148050 3542 3547 
148100 3560 3559 
148150 3560 3557 
148200 3550 3551 
148250 3563 3570 
148300 3560 3557 
148350 3559 3557 
148400 3551 3554 
148450 3561 3559 
148500 3561 3553 
148550 3549 3546 
148600 3551 3549 
148650 3570 3569 
148700 3567 3563 
148750 3547 3549 
148800 3563 3553 
148850 3560 3551 
148900 3556 3558 
148950 3558 3552 
149000 3566 3569 
149050 3563 3558 
149100 3560 3554 
149150 3553 3555 
149200 3559 3562 
149250 3562 3560 
149300 3550 3545 
149350 3553 3549 
149400 3564 3560 
149450 3552 3552 
149500 3565 3567 
149550 3549 3547 
149600 3541 3542 
149650 3562 3554 
149700 3566 3561 
149750 3554 3557 
149800 3547 3548 
149850 3559 3550 
149900 3566 3568 
149950 3551 3549 
150000 3560 3557 
150050 3552 3551 
150100 3552 3551 
150150 3549 3553 
150200 3545 3546 
150250 3544 3544 
150300 3566 3561 
150350 3560 3560 
150400 3547 3550 
150450 3558 3554 
150500 3555 3553 
150550 3537 3540 
150600 3539 3539 
150650 3547 3551 
150700 3557 3553 
150750 3547 3555 
150800 3545 3544 
150850 3546 3545 
150900 3544 3545 
150950 3553 3548 
151000 3572 3569 
151050 3559 3562 
151100 3548 3550 
151150 3563 3561 
151200 3563 3562 
151250 3560 3562 
151300 3552 3553 
151350 3553 3552 
151400 3561 3562 
151450 3558 3560 
151500 3552 3557 
151550 3553 3553 
151600 3555 3551 
151650 3558 3560 
151700 3552 3553 
151750 3553 3555 
151800 3547 3547 
151850 3557 3560 
151900 3557 3554 
151950 3557 3551 
152000 3547 3547 
152050 3563 3563 
152100 3568 3565 
152150 3566 3568 
152200 3549 3550 
152250 3562 3561 
152300 3565 3565 
152350 3549 3555 
152400 3543 3543 
152450 3551 3551 
152500 3536 3529 
152550 3549 3550 
152600 3557 3559 
152650 3563 3556 
152700 3553 3556 
152750 3542 3547 
152800 3566 3563 
152850 3553 3557 
152900 3545 3550 
152950 3535 3536 
153000 3553 3547 
153050 3541 3546 
153100 3556 3555 
153150 3563 3568 
153200 3561 3568 
153250 3562 3559 
153300 3539 3538 
153350 3547 3544 
153400 3550 3545 
153450 3561 3560 
153500 3555 3557 
153550 3550 3547 
153600 3559 3562 
153650 3551 3550 
153700 3550 3554 
153750 3551 3549 
153800 3567 3558 
153850 3560 3561 
153900 3546 3554 
153950 3541 3542 
154000 3554 3551 
154050 3553 3558 
154100 3556 3559 
154150 3553 3551 
154200 3547 3544 
154250 3535 3532 
154300 3560 3563 
154350 3556 3552 
154400 3570 3568 
154450 3560 3555 
154500 3565 3565 
154550 3566 3565 
154600 3557 3552 
154650 3555 3559 
154700 3568 3571 
154750 3546 3544 
154800 3542 3544 
154850 3563 3566 
154900 3553 3556 
154950 3549 3553 
155000 3544 3552 
155050 3551 3558 
155100 3546 3546 
155150 3559 3560 
155200 3548 3547 
155250 3561 3555 
155300 3565 3562 
155350 3545 3549 
155400 3558 3554 
155450 3550 3544 
155500 3553 3556 
155550 3559 3557 
155600 3553 3544 
155650 3552 3551 
155700 3549 3550 
155750 3551 3552 
155800 3565 3560 
155850 3564 3563 
155900 3574 3576 
155950 3562 3564 
156000 3563 3565 
156050 3569 3564 
156100 3553 3551 
156150 3569 3565 
156200 3555 3553 
156250 3551 3552 
156300 3564 3559 
156350 3544 3549 
156400 3546 3546 
156450 3541 3537 
156500 3557 3559 
156550 3556 3556 
156600 3539 3545 
156650 3544 3545 
156700 3554 3559 
156750 3562 3563 
156800 3550 3551 
156850 3557 3557 
156900 3556 3554 
156950 3545 3546 
157000 3539 3544 
157050 3546 3542 
157100 3553 3548 
157150 3545 3544 
157200 3544 3544 
157250 3561 3558 
157300 3559 3558 
157350 3551 3550 
157400 3555 3550 
157450 3556 3554 
157500 3541 3544 
157550 3555 3554 
157600 3547 3544 
157650 3544 3545 
157700 3550 3556 
157750 3550 3544 
157800 3550 3543 
157850 3549 3547 
157900 3565 3564 
157950 3557 3558 
158000 3550 3555 
158050 3553 3551 
158100 3538 3546 
158150 3570 3565 
158200 3544 3553 
158250 3562 3560 
158300 3556 3552 
158350 3566 3559 
158400 3550 3546 
158450 3557 3553 
158500 3564 3554 
158550 3558 3565 
158600 3552 3554 
158650 3555 3552 
158700 3555 3554 
158750 3538 3542 
158800 3557 3554 
158850 3549 3551 
158900 3551 3549 
158950 3559 3563 
159000 3554 3556 
159050 3549 3549 
159100 3546 3546 
159150 3566 3563 
159200 3559 3556 
159250 3549 3549 
159300 3557 3552 
159350 3562 3553 
159400 3552 3553 
159450 3562 3560 
159500 3548 3553 
159550 3542 3548 
159600 3565 3565 
159650 3563 3563 
159700 3552 3554 
159750 3558 3557 
159800 3545 3549 
159850 3555 3549 
159900 3544 3540 
159950 3547 3553 
160000 3555 3561 
160050 3549 3544 
160100 3554 3554 
160150 3544 3544 
160200 3570 3574 
160250 3559 3553 
160300 3555 3548 
160350 3557 3553 
160400 3555 3561 
160450 3541 3540 
160500 3559 3558 
160550 3552 3551 
160600 3558 3560 
160650 3563 3561 
160700 3575 3571 
160750 3549 3556 
160800 3568 3574 
160850 3555 3564 
160900 3552 3556 
160950 3554 3558 
161000 3557 3554 
161050 3545 3544 
161100 3570 3567 
161150 3554 3550 
161200 3561 3561 
161250 3548 3548 
161300 3548 3550 
161350 3556 3557 
161400 3552 3549 
161450 3555 3550 
161500 3534 3535 
161550 3549 3546 
161600 3534 3533 
161650 3556 3556 
161700 3539 3539 
161750 3567 3555 
161800 3557 3561 
161850 3548 3548 
161900 3552 3549 
161950 3551 3555 
162000 3574 3570 
162050 3553 3558 
162100 3554 3552 
162150 3558 3546 
162200 3551 3551 
162250 3549 3551 
162300 3567 3562 
162350 3542 3536 
162400 3552 3552 
162450 3555 3556 
162500 3550 3556 
162550 3558 3557 
162600 3530 3525 
162650 3555 3552 
162700 3567 3569 
162750 3562 3564 
162800 3552 3549 
162850 3566 3565 
162900 3553 3557 
162950 3565 3561 
163000 3546 3547 
163050 3544 3544 
163100 3548 3544 
163150 3542 3537 
163200 3563 3566 
163250 3552 3558 
163300 3553 3555 
163350 3550 3553 
163400 3563 3560 
163450 3565 3563 
163500 3560 3567 
163550 3564 3561 
163600 3550 3553 
163650 3551 3549 
163700 3549 3549 
163750 3554 3550 
163800 3540 3546 
163850 3549 3553 
163900 3552 3554 
163950 3558 3561 
164000 3571 3571 
164050 3554 3549 
164100 3552 3551 
164150 3551 3541 
164200 3543 3539 
164250 3541 3540 
164300 3545 3542 
164350 3544 3543 
164400 3556 3557 
164450 3559 3559 
164500 3543 3538 
164550 3549 3552 
164600 3563 3567 
164650 3534 3535 
164700 3552 3554 
164750 3538 3540 
164800 3562 3566 
164850 3561 3557 
164900 3546 3544 
164950 3552 3553 
165000 3540 3542 
165050 3548 3551 
165100 3565 3569 
165150 3550 3546 
165200 3560 3560 
165250 3554 3551 
165300 3546 3547 
165350 3543 3548 
165400 3551 3545 
165450 3555 3558 
165500 3546 3541 
165550 3554 3558 
165600 3565 3570 
165650 3551 3553 
165700 3563 3564 
165750 3560 3563 
165800 3562 3558 
165850 3541 3536 
165900 3550 3547 
165950 3568 3560 
166000 3555 3558 
166050 3565 3565 
166100 3548 3549 
166150 3552 3546 
166200 3558 3558 
166250 3568 3562 
166300 3547 3549 
166350 3564 3558 
166400 3543 3547 
166450 3560 3560 
166500 3559 3557 
166550 3558 3561 
166600 3554 3549 
166650 3552 3552 
166700 3553 3553 
166750 3556 3557 
166800 3561 3561 
166850 3552 3553 
166900 3535 3533 
166950 3557 3549 
167000 3541 3542 
167050 3546 3543 
167100 3549 3547 
167150 3559 3552 
167200 3561 3553 
167250 3552 3553 
167300 3559 3559 
167350 3570 3562 
167400 3562 3561 
167450 3541 3544 
167500 3556 3555 
167550 3558 3556 
167600 3559 3556 
167650 3563 3557 
167700 3552 3550 
167750 3553 3549 
167800 3529 3534 
167850 3553 3557 
167900 3560 3557 
167950 3543 3549 
168000 3560 3565 
168050 3559 3560 
168100 3554 3548 
168150 3570 3567 
168200 3556 3554 
168250 3560 3556 
168300 3555 3554 
168350 3573 3567 
168400 3541 3539 
168450 3540 3535 
168500 3562 3555 
168550 3558 3561 
168600 3566 3563 
168650 3550 3551 
168700 3547 3551 
168750 3556 3553 
168800 3549 3539 
168850 3548 3550 
168900 3553 3548 
168950 3540 3547 
169000 3554 3551 
169050 3550 3549 
169100 3559 3558 
169150 3555 3555 
169200 3556 3554 
169250 3566 3568 
169300 3552 3552 
169350 3553 3555 
169400 3543 3541 
169450 3558 3555 
169500 3553 3544 
169550 3548 3546 
169600 3553 3555 
169650 3554 3550 
169700 3567 3564 
169750 3566 3563 
169800 3563 3563 
169850 3559 3559 
169900 3547 3549 
169950 3553 3552 
170000 3538 3539 
170050 3555 3552 
170100 3553 3548 
170150 3547 3547 
170200 3554 3556 
170250 3565 3562 
170300 3544 3543 
170350 3552 3562 
170400 3556 3556 
170450 3567 3567 
170500 3561 3563 
170550 3547 3549 
170600 3559 3556 
170650 3564 3557 
170700 3548 3537 
170750 3562 3559 
170800 3557 3561 
170850 3553 3552 
170900 3558 3560 
170950 3552 3554 
171000 3564 3559 
171050 3544 3542 
171100 3561 3561 
171150 3557 3562 
171200 3544 3542 
171250 3550 3548 
171300 3554 3550 
171350 3554 3560 
171400 3547 3549 
171450 3553 3549 
171500 3547 3544 
171550 3560 3563 
171600 3553 3558 
171650 3560 3557 
171700 3561 3565 
171750 3564 3568 
171800 3539 3548 
171850 3563 3558 
171900 3558 3551 
171950 3563 3568 
172000 3545 3548 
172050 3560 3557 
172100 3565 3564 
172150 3548 3551 
172200 3568 3567 
172250 3557 3556 
172300 3560 3562 
172350 3564 3565 
172400 3559 3554 
172450 3574 3566 
172500 3558 3557 
172550 3537 3536 
172600 3562 3565 
172650 3572 3571 
172700 3561 3562 
172750 3563 3565 
172800 3558 3557 
172850 3560 3563 
172900 3563 3566 
172950 3558 3559 
173000 3571 3572 
173050 3551 3551 
173100 3556 3553 
173150 3544 3549 
173200 3541 3543 
173250 3556 3549 
173300 3565 3571 
173350 3553 3553 
173400 3552 3550 
173450 3545 3539 
173500 3535 3543 
173550 3537 3539 
173600 3562 3564 
173650 3542 3541 
173700 3543 3541 
173750 3547 3548 
173800 3557 3552 
173850 3558 3558 
173900 3542 3531 
173950 3556 3562 
174000 3550 3553 
174050 3562 3565 
174100 3550 3560 
174150 3560 3559 
174200 3554 3549 
174250 3552 3549 
174300 3563 3563 
174350 3543 3550 
174400 3539 3549 
174450 3562 3565 
174500 3556 3555 
174550 3550 3550 
174600 3552 3550 
174650 3558 3555 
174700 3552 3553 
174750 3553 3551 
174800 3548 3540 
174850 3552 3558 
174900 3559 3561 
174950 3550 3553 
175000 3547 3548 
175050 3560 3564 
175100 3552 3553 
175150 3555 3559 
175200 3548 3547 
175250 3558 3558 
175300 3565 3563 
175350 3547 3543 
175400 3542 3540 
175450 3547 3551 
175500 3556 3557 
175550 3545 3549 
175600 3563 3563 
175650 3551 3559 
175700 3547 3548 
175750 3543 3539 
175800 3555 3559 
175850 3549 3547 
175900 3563 3559 
175950 3552 3553 
176000 3561 3569 
176050 3559 3557 
176100 3556 3560 
176150 3553 3554 
176200 3547 3542 
176250 3544 3537 
176300 3570 3567 
176350 3566 3572 
176400 3567 3566 
176450 3554 3558 
176500 3554 3555 
176550 3542 3547 
176600 3552 3554 
176650 3561 3563 
176700 3561 3563 
176750 3550 3549 
176800 3539 3538 
176850 3552 3550 
176900 3565 3565 
176950 3547 3546 
177000 3551 3554 
177050 3543 3546 
177100 3555 3561 
177150 3551 3545 
177200 3541 3546 
177250 3542 3537 
177300 3557 3545 
177350 3559 3560 
177400 3543 3545 
177450 3550 3555 
177500 3555 3556 
177550 3573 3569 
177600 3560 3561 
177650 3550 3549 
177700 3565 3558 
177750 3561 3560 
177800 3543 3541 
177850 3559 3564 
177900 3555 3558 
177950 3544 3542 
178000 3549 3549 
178050 3550 3552 
178100 3551 3550 
178150 3548 3542 
178200 3554 3555 
178250 3546 3546 
178300 3563 3559 
178350 3554 3547 
178400 3559 3561 
178450 3551 3551 
178500 3551 3546 
178550 3558 3556 
178600 3558 3551 
178650 3533 3538 
178700 3557 3554 
178750 3542 3541 
178800 3557 3557 
178850 3544 3545 
178900 3546 3543 
178950 3559 3557 
179000 3554 3551 
179050 3554 3552 
179100 3559 3550 
179150 3559 3559 
179200 3550 3555 
179250 3545 3542 
179300 3543 3549 
179350 3549 3552 
179400 3556 3553 
179450 3540 3544 
179500 3562 3565 
179550 3561 3558 
179600 3564 3561 
179650 3549 3540 
179700 3554 3551 
179750 3547 3550 
179800 3552 3553 
179850 3562 3563 
179900 3559 3560 
179950 3534 3539 
180000 3560 3559 
180050 3549 3556 
180100 3549 3552 
180150 3560 3554 
180200 3545 3542 
180250 3562 3562 
180300 3549 3551 
180350 3558 3551 
180400 3565 3560 
180450 3554 3552 
180500 3544 3544 
180550 3559 3560 
180600 3562 3561 
180650 3560 3552 
180700 3536 3542 
180750 3549 3553 
180800 3548 3554 
180850 3557 3565 
180900 3563 3563 
180950 3554 3565 
181000 3563 3561 
181050 3551 3549 
181100 3558 3563 
181150 3547 3546 
181200 3564 3566 
181250 3557 3557 
181300 3552 3552 
181350 3543 3548 
181400 3550 3557 
181450 3557 3557 
181500 3541 3542 
181550 3548 3548 
181600 3557 3564 
181650 3565 3568 
181700 3554 3552 
181750 3564 3558 
181800 3560 3560 
181850 3545 3546 
181900 3542 3538 
181950 3549 3549 
182000 3550 3547 
182050 3553 3554 
182100 3559 3556 
182150 3544 3551 
182200 3562 3564 
182250 3562 3558 
182300 3553 3551 
182350 3556 3554 
182400 3550 3552 
182450 3557 3548 
182500 3558 3553 
182550 3562 3559 
182600 3557 3552 
182650 3548 3549 
182700 3564 3567 
182750 3562 3561 
182800 3565 3566 
182850 3568 3571 
182900 3566 3567 
182950 3543 3548 
183000 3548 3551 
183050 3552 3548 
183100 3549 3551 
183150 3549 3550 
183200 3552 3553 
183250 3574 3570 
183300 3554 3557 
183350 3560 3560 
183400 3560 3556 
183450 3554 3552 
183500 3564 3560 
183550 3562 3559 
183600 3567 3561 
183650 3566 3564 
183700 3561 3558 
183750 3559 3561 
183800 3546 3546 
183850 3561 3561 
183900 3566 3564 
183950 3550 3550 
184000 3544 3542 
184050 3552 3551 
184100 3552 3547 
184150 3546 3548 
184200 3566 3565 
184250 3546 3551 
184300 3554 3552 
184350 3568 3564 
184400 3562 3562 
184450 3550 3547 
184500 3557 3550 
184550 3557 3562 
184600 3554 3553 
184650 3559 3562 
184700 3545 3547 
184750 3547 3551 
184800 3539 3544 
184850 3550 3551 
184900 3536 3536 
184950 3567 3567 
185000 3560 3556 
185050 3548 3554 
185100 3566 3568 
185150 3558 3562 
185200 3553 3554 
185250 3557 3562 
185300 3548 3548 
185350 3545 3539 
185400 3553 3551 
185450 3552 3554 
185500 3529 3533 
185550 3548 3553 
185600 3564 3564 
185650 3545 3546 
185700 3549 3555 
185750 3557 3559 
185800 3566 3565 
185850 3564 3553 
185900 3562 3562 
185950 3546 3553 
186000 3538 3540 
186050 3556 3550 
186100 3555 3553 
186150 3572 3568 
186200 3544 3549 
186250 3543 3541 
186300 3566 3567 
186350 3550 3548 
186400 3557 3560 
186450 3565 3559 
186500 3567 3570 
186550 3552 3559 
186600 3562 3556 
186650 3544 3550 
186700 3567 3573 
186750 3564 3563 
186800 3546 3547 
186850 3547 3550 
186900 3553 3555 
186950 3536 3538 
187000 3556 3555 
187050 3557 3552 
187100 3562 3563 
187150 3562 3564 
187200 3558 3553 
187250 3557 3559 
187300 3543 3546 
187350 3556 3555 
187400 3552 3562 
187450 3548 3546 
187500 3534 3536 
187550 3552 3549 
187600 3546 3545 
187650 3567 3570 
187700 3579 3576 
187750 3559 3559 
187800 3556 3554 
187850 3555 3560 
187900 3549 3547 
187950 3546 3554 
188000 3564 3556 
188050 3566 3568 
188100 3566 3563 
188150 3549 3549 
188200 3560 3564 
188250 3564 3564 
188300 3558 3558 
188350 3562 3565 
188400 3540 3541 
188450 3547 3553 
188500 3560 3558 
188550 3549 3550 
188600 3553 3554 
188650 3557 3555 
188700 3551 3550 
188750 3554 3554 
188800 3547 3552 
188850 3570 3566 
188900 3543 3545 
188950 3542 3540 
189000 3549 3550 
189050 3568 3562 
189100 3532 3530 
189150 3553 3551 
189200 3565 3567 
189250 3554 3552 
189300 3561 3557 
189350 3556 3556 
189400 3557 3558 
189450 3552 3550 
189500 3534 3537 
189550 3568 3573 
189600 3556 3556 
189650 3546 3551 
189700 3556 3559 
189750 3545 3543 
189800 3547 3541 
189850 3552 3549 
189900 3549 3551 
189950 3538 3540 
190000 3537 3543 
190050 3562 3560 
190100 3556 3558 
190150 3559 3560 
190200 3546 3545 
190250 3555 3557 
190300 3554 3553 
190350 3558 3556 
190400 3547 3546 
190450 3561 3561 
190500 3560 3563 
190550 3560 3557 
190600 3544 3548 
190650 3560 3558 
190700 3560 3561 
190750 3558 3559 
190800 3558 3557 
190850 3547 3545 
190900 3536 3529 
190950 3540 3541 
191000 3564 3565 
191050 3561 3561 
191100 3546 3552 
191150 3560 3559 
191200 3567 3557 
191250 3550 3554 
191300 3562 3556 
191350 3557 3558 
191400 3555 3560 
191450 3550 3549 
191500 3565 3562 
191550 3555 3557 
191600 3553 3551 
191650 3547 3548 
191700 3550 3551 
191750 3563 3563 
191800 3557 3552 
191850 3549 3545 
191900 3566 3574 
191950 3561 3564 
192000 3569 3570 
192050 3548 3545 
192100 3547 3547 
192150 3572 3565 
192200 3561 3564 
192250 3560 3562 
192300 3543 3545 
192350 3554 3553 
192400 3539 3536 
192450 3551 3551 
192500 3567 3563 
192550 3548 3554 
192600 3559 3559 
192650 3554 3557 
192700 3547 3554 
192750 3552 3554 
192800 3547 3548 
192850 3543 3547 
192900 3550 3547 
192950 3558 3553 
193000 3559 3556 
193050 3544 3538 
193100 3557 3559 
193150 3554 3548 
193200 3551 3551 
193250 3554 3548 
193300 3556 3553 
193350 3558 3559 
193400 3559 3557 
193450 3564 3570 
193500 3563 3562 
193550 3560 3559 
193600 3544 3540 
193650 3549 3556 
193700 3549 3546 
193750 3545 3542 
193800 3555 3547 
193850 3554 3560 
193900 3555 3556 
193950 3554 3554 
194000 3554 3557 
194050 3562 3561 
194100 3545 3547 
194150 3554 3549 
194200 3570 3567 
194250 3563 3558 
194300 3549 3551 
194350 3556 3559 
194400 3556 3555 
194450 3547 3547 
194500 3548 3545 
194550 3560 3558 
194600 3548 3548 
194650 3550 3545 
194700 3529 3530 
194750 3553 3556 
194800 3563 3562 
194850 3544 3546 
194900 3554 3552 
194950 3544 3551 
195000 3555 3558 
195050 3556 3566 
195100 3562 3563 
195150 3558 3554 
195200 3552 3553 
195250 3569 3572 
195300 3553 3561 
195350 3564 3563 
195400 3543 3537 
195450 3552 3549 
195500 3541 3545 
195550 3555 3550 
195600 3562 3562 
195650 3550 3546 
195700 3555 3560 
195750 3571 3565 
195800 3553 3553 
195850 3552 3551 
195900 3548 3552 
195950 3543 3538 
196000 3539 3545 
196050 3558 3557 
196100 3575 3576 
196150 3558 3555 
196200 3558 3559 
196250 3557 3558 
196300 3543 3540 
196350 3559 3555 
196400 3543 3542 
196450 3557 3557 
196500 3536 3531 
196550 3553 3552 
196600 3556 3558 
196650 3557 3555 
196700 3545 3539 
196750 3548 3546 
196800 3551 3549 
196850 3566 3561 
196900 3567 3562 
196950 3540 3537 
197000 3562 3560 
197050 3557 3555 
197100 3554 3564 
197150 3563 3565 
197200 3561 3559 
197250 3567 3570 
197300 3563 3565 
197350 3559 3560 
197400 3569 3575 
197450 3560 3561 
197500 3546 3554 
197550 3546 3548 
197600 3549 3554 
197650 3552 3556 
197700 3559 3557 
197750 3558 3556 
197800 3568 3569 
197850 3555 3559 
197900 3548 3555 
197950 3542 3538 
198000 3567 3562 
198050 3551 3554 
198100 3562 3565 
198150 3549 3548 
198200 3561 3566 
198250 3565 3574 
198300 3558 3555 
198350 3566 3564 
198400 3540 3551 
198450 3540 3545 
198500 3553 3558 
198550 3554 3555 
198600 3562 3561 
198650 3561 3555 
198700 3563 3561 
198750 3558 3555 
198800 3559 3558 
198850 3549 3555 
198900 3544 3540 
198950 3564 3561 
199000 3561 3564 
199050 3562 3563 
199100 3552 3551 
199150 3557 3555 
199200 3561 3559 
199250 3558 3561 
199300 3559 3559 
199350 3546 3547 
199400 3546 3552 
199450 3544 3543 
199500 3552 3554 
199550 3561 3560 
199600 3559 3563 
199650 3547 3550 
199700 3550 3547 
199750 3546 3550 
199800 3558 3558 
199850 3545 3547 
199900 3553 3554 
199950 3539 3540 
200000 3543 3545 
