# Avida tasks data
# Sat Apr  7 05:50:21 2012
# First column gives the current update, next columns give the number
# of organisms that have the particular task as a component of their merit
#  1: Update
#  2: Xor
#  3: Equals

0 0 0 
50 8 8 
100 47 47 
150 120 120 
200 253 255 
250 450 449 
300 688 689 
350 979 980 
400 1337 1341 
450 1759 1758 
500 2205 2210 
550 2722 2726 
600 3231 3228 
650 3460 3462 
700 3537 3543 
750 3549 3546 
800 3549 3553 
850 3542 3540 
900 3526 3527 
950 3557 3555 
1000 3546 3548 
1050 3529 3523 
1100 3555 3521 
1150 3546 3509 
1200 3541 3511 
1250 3544 3509 
1300 3554 3496 
1350 3549 3491 
1400 3540 3461 
1450 3555 3470 
1500 3554 3475 
1550 3545 3498 
1600 3545 3523 
1650 3545 3534 
1700 3543 3541 
1750 3550 3550 
1800 3543 3546 
1850 3547 3550 
1900 3544 3546 
1950 3538 3537 
2000 3542 3542 
2050 3534 3537 
2100 3558 3554 
2150 3528 3498 
2200 3546 3517 
2250 3557 3517 
2300 3550 3508 
2350 3546 3508 
2400 3549 3509 
2450 3534 3495 
2500 3534 3478 
2550 3540 3519 
2600 3547 3544 
2650 3536 3543 
2700 3546 3544 
2750 3551 3548 
2800 3559 3554 
2850 3551 3546 
2900 3547 3547 
2950 3542 3539 
3000 3553 3550 
3050 3530 3517 
3100 3506 3473 
3150 3542 3473 
3200 3555 3478 
3250 3541 3474 
3300 3539 3492 
3350 3560 3495 
3400 3540 3475 
3450 3540 3429 
3500 3556 3412 
3550 3555 3497 
3600 3550 3537 
3650 3560 3557 
3700 3531 3524 
3750 3545 3546 
3800 3550 3552 
3850 3547 3545 
3900 3541 3540 
3950 3544 3544 
4000 3537 3532 
4050 3553 3549 
4100 3547 3530 
4150 3536 3515 
4200 3532 3489 
4250 3542 3500 
4300 3543 3497 
4350 3530 3490 
4400 3547 3498 
4450 3544 3501 
4500 3549 3501 
4550 3531 3493 
4600 3519 3512 
4650 3529 3527 
4700 3550 3549 
4750 3543 3543 
4800 3545 3549 
4850 3553 3551 
4900 3544 3541 
4950 3544 3551 
5000 3569 3560 
5050 3528 3529 
5100 3536 3522 
5150 3533 3529 
5200 3539 3529 
5250 3547 3520 
5300 3555 3528 
5350 3546 3514 
5400 3543 3513 
5450 3545 3496 
5500 3545 3467 
5550 3538 3492 
5600 3554 3537 
5650 3545 3535 
5700 3552 3554 
5750 3529 3536 
5800 3556 3558 
5850 3542 3540 
5900 3549 3548 
5950 3550 3550 
6000 3549 3550 
6050 3548 3550 
6100 3554 3541 
6150 3554 3527 
6200 3528 3498 
6250 3537 3506 
6300 3544 3507 
6350 3554 3524 
6400 3544 3508 
6450 3538 3491 
6500 3537 3484 
6550 3529 3504 
6600 3543 3539 
6650 3538 3538 
6700 3547 3546 
6750 3553 3554 
6800 3549 3551 
6850 3539 3533 
6900 3516 3512 
6950 3547 3544 
7000 3537 3544 
7050 3548 3550 
7100 3553 3553 
7150 3551 3550 
7200 3540 3538 
7250 3536 3528 
7300 3556 3541 
7350 3553 3536 
7400 3546 3516 
7450 3550 3509 
7500 3552 3519 
7550 3541 3533 
7600 3546 3546 
7650 3564 3558 
7700 3552 3550 
7750 3548 3545 
7800 3542 3539 
7850 3547 3545 
7900 3546 3546 
7950 3554 3560 
8000 3537 3541 
8050 3535 3543 
8100 3542 3536 
8150 3530 3506 
8200 3550 3530 
8250 3550 3534 
8300 3527 3497 
8350 3536 3506 
8400 3537 3511 
8450 3545 3506 
8500 3544 3499 
8550 3555 3527 
8600 3549 3543 
8650 3543 3540 
8700 3541 3546 
8750 3548 3546 
8800 3549 3552 
8850 3527 3531 
8900 3531 3533 
8950 3556 3552 
9000 3540 3538 
9050 3539 3548 
9100 3538 3528 
9150 3542 3529 
9200 3529 3510 
9250 3546 3511 
9300 3553 3485 
9350 3539 3471 
9400 3558 3474 
9450 3530 3439 
9500 3560 3465 
9550 3532 3458 
9600 3549 3516 
9650 3538 3530 
9700 3548 3543 
9750 3545 3543 
9800 3544 3546 
9850 3532 3532 
9900 3544 3538 
9950 3544 3539 
10000 3555 3550 
10050 3543 3530 
10100 3552 3537 
10150 3538 3520 
10200 3529 3513 
10250 3561 3543 
10300 3541 3519 
10350 3549 3536 
10400 3542 3528 
10450 3545 3531 
10500 3546 3536 
10550 3534 3527 
10600 3542 3537 
10650 3534 3531 
10700 3544 3540 
10750 3541 3546 
10800 3535 3535 
10850 3552 3551 
10900 3543 3541 
10950 3540 3540 
11000 3540 3537 
11050 3531 3535 
11100 3533 3525 
11150 3528 3503 
11200 3534 3497 
11250 3542 3499 
11300 3531 3479 
11350 3548 3477 
11400 3551 3464 
11450 3533 3443 
11500 3543 3451 
11550 3536 3486 
11600 3551 3537 
11650 3560 3551 
11700 3564 3560 
11750 3551 3554 
11800 3533 3535 
11850 3535 3545 
11900 3528 3538 
11950 3548 3553 
12000 3553 3553 
12050 3544 3535 
12100 3542 3525 
12150 3551 3516 
12200 3548 3490 
12250 3559 3492 
12300 3543 3490 
12350 3551 3460 
12400 3547 3434 
12450 3542 3436 
12500 3528 3400 
12550 3531 3477 
12600 3544 3526 
12650 3540 3538 
12700 3533 3535 
12750 3560 3560 
12800 3555 3551 
12850 3539 3538 
12900 3531 3536 
12950 3549 3543 
13000 3530 3533 
13050 3546 3548 
13100 3542 3533 
13150 3553 3548 
13200 3555 3553 
13250 3553 3530 
13300 3533 3496 
13350 3547 3514 
13400 3540 3489 
13450 3540 3477 
13500 3555 3486 
13550 3533 3485 
13600 3536 3519 
13650 3531 3531 
13700 3531 3538 
13750 3545 3540 
13800 3551 3546 
13850 3547 3547 
13900 3558 3562 
13950 3551 3550 
14000 3549 3543 
14050 3554 3556 
14100 3559 3542 
14150 3559 3541 
14200 3545 3513 
14250 3536 3491 
14300 3543 3492 
14350 3533 3486 
14400 3531 3487 
14450 3534 3482 
14500 3541 3489 
14550 3552 3512 
14600 3552 3538 
14650 3560 3545 
14700 3541 3532 
14750 3538 3539 
14800 3537 3543 
14850 3536 3537 
14900 3542 3541 
14950 3556 3555 
15000 3566 3565 
15050 3550 3549 
15100 3548 3536 
15150 3545 3529 
15200 3538 3515 
15250 3538 3520 
15300 3533 3504 
15350 3544 3490 
15400 3534 3483 
15450 3550 3487 
15500 3554 3482 
15550 3528 3502 
15600 3543 3536 
15650 3547 3544 
15700 3555 3551 
15750 3545 3542 
15800 3544 3549 
15850 3537 3542 
15900 3537 3545 
15950 3549 3548 
16000 3550 3548 
16050 3563 3564 
16100 3550 3540 
16150 3535 3525 
16200 3532 3515 
16250 3543 3521 
16300 3544 3511 
16350 3541 3486 
16400 3556 3482 
16450 3548 3456 
16500 3548 3444 
16550 3542 3486 
16600 3532 3514 
16650 3529 3534 
16700 3542 3541 
16750 3539 3543 
16800 3545 3539 
16850 3559 3554 
16900 3535 3534 
16950 3544 3547 
17000 3536 3540 
17050 3531 3536 
17100 3559 3555 
17150 3547 3536 
17200 3551 3535 
17250 3551 3508 
17300 3544 3491 
17350 3528 3461 
17400 3540 3466 
17450 3547 3444 
17500 3520 3416 
17550 3537 3500 
17600 3528 3511 
17650 3537 3532 
17700 3538 3539 
17750 3542 3540 
17800 3539 3544 
17850 3563 3560 
17900 3539 3542 
17950 3551 3550 
18000 3564 3563 
18050 3551 3540 
18100 3557 3542 
18150 3536 3513 
18200 3531 3522 
18250 3557 3541 
18300 3552 3525 
18350 3540 3501 
18400 3542 3497 
18450 3551 3494 
18500 3529 3441 
18550 3529 3478 
18600 3540 3525 
18650 3537 3533 
18700 3538 3549 
18750 3543 3548 
18800 3528 3531 
18850 3549 3553 
18900 3550 3554 
18950 3544 3542 
19000 3526 3531 
19050 3543 3543 
19100 3545 3536 
19150 3528 3502 
19200 3558 3511 
19250 3536 3474 
19300 3546 3495 
19350 3542 3496 
19400 3546 3490 
19450 3549 3467 
19500 3552 3458 
19550 3545 3508 
19600 3540 3531 
19650 3540 3536 
19700 3534 3533 
19750 3549 3547 
19800 3538 3540 
19850 3520 3520 
19900 3542 3541 
19950 3551 3550 
20000 3545 3539 
20050 3554 3559 
20100 3551 3548 
20150 3537 3523 
20200 3552 3511 
20250 3550 3515 
20300 3540 3499 
20350 3544 3500 
20400 3558 3518 
20450 3547 3501 
20500 3538 3484 
20550 3541 3514 
20600 3560 3553 
20650 3550 3546 
20700 3533 3536 
20750 3544 3542 
20800 3534 3534 
20850 3545 3546 
20900 3545 3545 
20950 3538 3533 
21000 3550 3546 
21050 3554 3556 
21100 3567 3567 
21150 3537 3531 
21200 3561 3528 
21250 3540 3484 
21300 3546 3479 
21350 3533 3461 
21400 3521 3485 
21450 3551 3492 
21500 3521 3461 
21550 3537 3503 
21600 3541 3518 
21650 3545 3534 
21700 3557 3553 
21750 3527 3524 
21800 3541 3542 
21850 3559 3555 
21900 3546 3547 
21950 3553 3550 
22000 3541 3538 
22050 3534 3543 
22100 3535 3536 
22150 3525 3512 
22200 3556 3534 
22250 3542 3516 
22300 3552 3512 
22350 3550 3513 
22400 3545 3501 
22450 3544 3488 
22500 3529 3462 
22550 3543 3518 
22600 3537 3527 
22650 3534 3525 
22700 3524 3531 
22750 3521 3519 
22800 3521 3520 
22850 3557 3555 
22900 3543 3542 
22950 3552 3547 
23000 3535 3526 
23050 3539 3538 
23100 3558 3547 
23150 3542 3528 
23200 3548 3531 
23250 3532 3498 
23300 3546 3502 
23350 3546 3492 
23400 3534 3458 
23450 3540 3465 
23500 3543 3452 
23550 3538 3502 
23600 3542 3529 
23650 3535 3533 
23700 3540 3539 
23750 3531 3527 
23800 3525 3529 
23850 3521 3530 
23900 3547 3546 
23950 3539 3539 
24000 3549 3555 
24050 3539 3543 
24100 3555 3545 
24150 3543 3527 
24200 3558 3540 
24250 3544 3514 
24300 3544 3508 
24350 3532 3496 
24400 3540 3525 
24450 3559 3536 
24500 3543 3501 
24550 3543 3520 
24600 3550 3532 
24650 3550 3545 
24700 3547 3546 
24750 3553 3554 
24800 3553 3551 
24850 3560 3556 
24900 3541 3545 
24950 3539 3534 
25000 3554 3554 
25050 3546 3544 
25100 3525 3520 
25150 3531 3525 
25200 3552 3539 
25250 3532 3510 
25300 3552 3524 
25350 3528 3486 
25400 3534 3492 
25450 3529 3490 
25500 3541 3504 
25550 3546 3523 
25600 3538 3539 
25650 3535 3541 
25700 3538 3534 
25750 3559 3558 
25800 3539 3540 
25850 3549 3552 
25900 3556 3553 
25950 3533 3532 
26000 3548 3545 
26050 3534 3540 
26100 3554 3533 
26150 3546 3519 
26200 3547 3509 
26250 3547 3504 
26300 3545 3485 
26350 3534 3452 
26400 3548 3446 
26450 3542 3442 
26500 3536 3405 
26550 3545 3464 
26600 3551 3519 
26650 3551 3537 
26700 3549 3548 
26750 3557 3558 
26800 3542 3539 
26850 3550 3545 
26900 3546 3541 
26950 3540 3540 
27000 3547 3542 
27050 3545 3539 
27100 3543 3518 
27150 3533 3502 
27200 3536 3504 
27250 3548 3499 
27300 3546 3504 
27350 3549 3484 
27400 3563 3484 
27450 3536 3462 
27500 3536 3437 
27550 3537 3479 
27600 3552 3525 
27650 3548 3528 
27700 3546 3541 
27750 3543 3545 
27800 3554 3553 
27850 3537 3536 
27900 3551 3543 
27950 3538 3539 
28000 3546 3550 
28050 3551 3550 
28100 3547 3520 
28150 3555 3521 
28200 3555 3513 
28250 3558 3486 
28300 3541 3472 
28350 3539 3458 
28400 3544 3457 
28450 3557 3478 
28500 3534 3461 
28550 3543 3505 
28600 3559 3555 
28650 3542 3543 
28700 3541 3543 
28750 3555 3553 
28800 3555 3555 
28850 3547 3551 
28900 3545 3545 
28950 3561 3557 
29000 3545 3549 
29050 3544 3542 
29100 3540 3524 
29150 3531 3501 
29200 3552 3507 
29250 3559 3501 
29300 3550 3478 
29350 3558 3481 
29400 3544 3451 
29450 3543 3440 
29500 3541 3424 
29550 3541 3474 
29600 3551 3541 
29650 3533 3532 
29700 3534 3531 
29750 3557 3557 
29800 3553 3550 
29850 3552 3548 
29900 3545 3547 
29950 3563 3563 
30000 3525 3526 
30050 3548 3551 
30100 3551 3540 
30150 3559 3539 
30200 3540 3517 
30250 3549 3519 
30300 3538 3499 
30350 3542 3501 
30400 3545 3508 
30450 3544 3495 
30500 3547 3496 
30550 3547 3519 
30600 3541 3536 
30650 3548 3543 
30700 3548 3544 
30750 3557 3552 
30800 3558 3559 
30850 3547 3545 
30900 3552 3554 
30950 3534 3530 
31000 3541 3539 
31050 3566 3551 
31100 3556 3530 
31150 3554 3506 
31200 3559 3499 
31250 3551 3474 
31300 3545 3442 
31350 3549 3437 
31400 3547 3421 
31450 3548 3399 
31500 3562 3417 
31550 3558 3489 
31600 3547 3538 
31650 3544 3538 
31700 3551 3550 
31750 3555 3556 
31800 3548 3548 
31850 3566 3559 
31900 3550 3557 
31950 3535 3542 
32000 3555 3555 
32050 3546 3540 
32100 3545 3545 
32150 3549 3532 
32200 3543 3501 
32250 3545 3497 
32300 3545 3493 
32350 3536 3486 
32400 3544 3477 
32450 3542 3474 
32500 3530 3435 
32550 3539 3513 
32600 3546 3538 
32650 3543 3547 
32700 3538 3537 
32750 3550 3551 
32800 3552 3547 
32850 3547 3549 
32900 3558 3560 
32950 3540 3539 
33000 3562 3552 
33050 3547 3535 
33100 3556 3529 
33150 3537 3505 
33200 3553 3519 
33250 3539 3500 
33300 3530 3487 
33350 3548 3493 
33400 3532 3457 
33450 3535 3458 
33500 3564 3497 
33550 3548 3513 
33600 3523 3524 
33650 3540 3539 
33700 3552 3549 
33750 3546 3549 
33800 3548 3543 
33850 3553 3555 
33900 3546 3540 
33950 3548 3543 
34000 3552 3546 
34050 3550 3548 
34100 3541 3536 
34150 3557 3549 
34200 3542 3519 
34250 3529 3495 
34300 3544 3498 
34350 3541 3510 
34400 3535 3509 
34450 3561 3527 
34500 3563 3525 
34550 3528 3524 
34600 3548 3544 
34650 3552 3554 
34700 3559 3555 
34750 3544 3540 
34800 3525 3528 
34850 3541 3537 
34900 3541 3537 
34950 3561 3558 
35000 3544 3549 
35050 3538 3533 
35100 3543 3523 
35150 3550 3516 
35200 3549 3498 
35250 3532 3467 
35300 3550 3469 
35350 3534 3451 
35400 3554 3435 
35450 3558 3448 
35500 3561 3433 
35550 3545 3477 
35600 3543 3520 
35650 3563 3561 
35700 3542 3541 
35750 3543 3545 
35800 3552 3552 
35850 3545 3554 
35900 3551 3556 
35950 3549 3551 
36000 3552 3556 
36050 3525 3526 
36100 3565 3558 
36150 3565 3557 
36200 3553 3535 
36250 3548 3529 
36300 3543 3500 
36350 3546 3490 
36400 3561 3507 
36450 3538 3465 
36500 3545 3456 
36550 3535 3486 
36600 3535 3522 
36650 3557 3550 
36700 3545 3542 
36750 3550 3548 
36800 3560 3554 
36850 3547 3544 
36900 3542 3539 
36950 3545 3547 
37000 3537 3535 
37050 3544 3533 
37100 3537 3519 
37150 3554 3539 
37200 3541 3515 
37250 3559 3542 
37300 3548 3523 
37350 3557 3527 
37400 3561 3507 
37450 3540 3487 
37500 3551 3476 
37550 3530 3496 
37600 3539 3541 
37650 3537 3536 
37700 3543 3538 
37750 3553 3550 
37800 3541 3544 
37850 3532 3534 
37900 3535 3542 
37950 3552 3552 
38000 3536 3532 
38050 3536 3529 
38100 3543 3526 
38150 3551 3536 
38200 3543 3518 
38250 3557 3526 
38300 3545 3517 
38350 3551 3498 
38400 3546 3491 
38450 3551 3497 
38500 3560 3505 
38550 3537 3502 
38600 3541 3537 
38650 3534 3540 
38700 3549 3551 
38750 3552 3559 
38800 3549 3555 
38850 3554 3560 
38900 3550 3555 
38950 3555 3557 
39000 3552 3555 
39050 3550 3547 
39100 3550 3537 
39150 3543 3530 
39200 3555 3521 
39250 3550 3507 
39300 3551 3497 
39350 3555 3521 
39400 3546 3509 
39450 3551 3497 
39500 3547 3483 
39550 3537 3518 
39600 3542 3536 
39650 3554 3544 
39700 3555 3547 
39750 3551 3553 
39800 3546 3545 
39850 3557 3554 
39900 3537 3540 
39950 3539 3536 
40000 3552 3546 
40050 3541 3522 
40100 3549 3528 
40150 3557 3533 
40200 3562 3531 
40250 3545 3516 
40300 3550 3522 
40350 3541 3500 
40400 3543 3496 
40450 3543 3480 
40500 3552 3456 
40550 3565 3533 
40600 3550 3546 
40650 3532 3537 
40700 3561 3566 
40750 3547 3547 
40800 3556 3556 
40850 3534 3537 
40900 3551 3557 
40950 3552 3548 
41000 3530 3535 
41050 3545 3545 
41100 3544 3531 
41150 3535 3496 
41200 3538 3489 
41250 3542 3499 
41300 3544 3479 
41350 3549 3467 
41400 3558 3478 
41450 3556 3448 
41500 3540 3417 
41550 3522 3474 
41600 3559 3548 
41650 3548 3549 
41700 3555 3552 
41750 3561 3562 
41800 3561 3558 
41850 3541 3547 
41900 3552 3552 
41950 3542 3542 
42000 3536 3543 
42050 3542 3541 
42100 3548 3529 
42150 3550 3507 
42200 3545 3493 
42250 3562 3489 
42300 3549 3463 
42350 3559 3465 
42400 3556 3457 
42450 3545 3461 
42500 3538 3446 
42550 3559 3516 
42600 3546 3532 
42650 3555 3548 
42700 3546 3541 
42750 3541 3538 
42800 3555 3555 
42850 3550 3552 
42900 3536 3534 
42950 3541 3550 
43000 3549 3548 
43050 3545 3542 
43100 3539 3526 
43150 3541 3521 
43200 3550 3526 
43250 3547 3516 
43300 3553 3524 
43350 3541 3499 
43400 3553 3509 
43450 3536 3474 
43500 3543 3468 
43550 3549 3522 
43600 3541 3534 
43650 3547 3545 
43700 3546 3549 
43750 3535 3545 
43800 3552 3550 
43850 3546 3545 
43900 3554 3558 
43950 3556 3560 
44000 3541 3541 
44050 3545 3535 
44100 3559 3543 
44150 3541 3513 
44200 3538 3505 
44250 3551 3516 
44300 3533 3487 
44350 3552 3486 
44400 3564 3494 
44450 3551 3470 
44500 3562 3481 
44550 3538 3485 
44600 3552 3528 
44650 3537 3538 
44700 3531 3531 
44750 3544 3549 
44800 3548 3551 
44850 3543 3544 
44900 3542 3549 
44950 3537 3539 
45000 3541 3542 
45050 3546 3541 
45100 3558 3531 
45150 3557 3519 
45200 3553 3512 
45250 3540 3489 
45300 3553 3502 
45350 3533 3455 
45400 3541 3443 
45450 3537 3434 
45500 3535 3429 
45550 3538 3484 
45600 3536 3517 
45650 3554 3548 
45700 3564 3562 
45750 3542 3529 
45800 3539 3535 
45850 3548 3538 
45900 3531 3532 
45950 3555 3549 
46000 3540 3540 
46050 3538 3525 
46100 3543 3528 
46150 3548 3530 
46200 3552 3533 
46250 3552 3518 
46300 3542 3498 
46350 3549 3505 
46400 3543 3472 
46450 3522 3459 
46500 3549 3490 
46550 3538 3508 
46600 3538 3532 
46650 3554 3550 
46700 3556 3551 
46750 3545 3548 
46800 3541 3543 
46850 3546 3545 
46900 3536 3539 
46950 3558 3559 
47000 3560 3558 
47050 3559 3550 
47100 3553 3526 
47150 3559 3535 
47200 3560 3512 
47250 3554 3504 
47300 3545 3484 
47350 3556 3502 
47400 3548 3477 
47450 3544 3443 
47500 3547 3431 
47550 3532 3464 
47600 3541 3531 
47650 3546 3546 
47700 3542 3543 
47750 3543 3543 
47800 3541 3538 
47850 3552 3552 
47900 3557 3561 
47950 3543 3542 
48000 3556 3554 
48050 3546 3534 
48100 3538 3516 
48150 3553 3503 
48200 3548 3493 
48250 3546 3495 
48300 3567 3497 
48350 3536 3455 
48400 3553 3453 
48450 3556 3452 
48500 3552 3463 
48550 3548 3496 
48600 3559 3554 
48650 3540 3540 
48700 3536 3538 
48750 3546 3546 
48800 3550 3546 
48850 3540 3544 
48900 3539 3541 
48950 3544 3546 
49000 3549 3550 
49050 3538 3523 
49100 3549 3531 
49150 3560 3536 
49200 3534 3494 
49250 3542 3485 
49300 3544 3462 
49350 3548 3450 
49400 3558 3463 
49450 3525 3456 
49500 3538 3462 
49550 3539 3499 
49600 3548 3539 
49650 3544 3543 
49700 3541 3542 
49750 3564 3563 
49800 3555 3559 
49850 3542 3547 
49900 3553 3547 
49950 3549 3551 
50000 3558 3555 
50050 3543 3539 
50100 3553 3541 
50150 3554 3542 
50200 3550 3532 
50250 3543 3492 
50300 3546 3494 
50350 3545 3469 
50400 3564 3480 
50450 3550 3456 
50500 3539 3453 
50550 3537 3486 
50600 3542 3533 
50650 3548 3552 
50700 3559 3556 
50750 3558 3554 
50800 3549 3555 
50850 3556 3554 
50900 3560 3558 
50950 3556 3556 
51000 3546 3548 
51050 3537 3539 
51100 3544 3540 
51150 3556 3532 
51200 3562 3530 
51250 3568 3538 
51300 3552 3522 
51350 3555 3529 
51400 3546 3514 
51450 3548 3511 
51500 3553 3502 
51550 3541 3510 
51600 3537 3531 
51650 3556 3554 
51700 3562 3563 
51750 3554 3553 
51800 3547 3543 
51850 3547 3542 
51900 3550 3551 
51950 3540 3540 
52000 3536 3535 
52050 3536 3536 
52100 3547 3534 
52150 3537 3508 
52200 3552 3524 
52250 3528 3496 
52300 3554 3538 
52350 3542 3521 
52400 3546 3533 
52450 3528 3506 
52500 3543 3517 
52550 3535 3523 
52600 3548 3543 
52650 3553 3552 
52700 3542 3548 
52750 3531 3533 
52800 3552 3551 
52850 3562 3557 
52900 3541 3543 
52950 3541 3546 
53000 3543 3549 
53050 3544 3550 
53100 3547 3541 
53150 3553 3540 
53200 3544 3530 
53250 3563 3544 
53300 3539 3514 
53350 3517 3501 
53400 3555 3515 
53450 3542 3483 
53500 3520 3447 
53550 3545 3509 
53600 3552 3544 
53650 3547 3545 
53700 3555 3556 
53750 3550 3546 
53800 3529 3521 
53850 3550 3552 
53900 3554 3553 
53950 3543 3539 
54000 3553 3556 
54050 3554 3562 
54100 3541 3538 
54150 3549 3522 
54200 3538 3503 
54250 3546 3489 
54300 3542 3478 
54350 3522 3445 
54400 3554 3470 
54450 3551 3477 
54500 3540 3445 
54550 3548 3500 
54600 3551 3536 
54650 3538 3538 
54700 3556 3547 
54750 3543 3540 
54800 3565 3561 
54850 3555 3553 
54900 3551 3543 
54950 3549 3548 
55000 3537 3546 
55050 3541 3544 
55100 3556 3539 
55150 3553 3514 
55200 3556 3513 
55250 3554 3475 
55300 3542 3437 
55350 3546 3430 
55400 3555 3443 
55450 3542 3426 
55500 3550 3426 
55550 3554 3483 
55600 3542 3518 
55650 3520 3517 
55700 3543 3543 
55750 3537 3534 
55800 3547 3542 
55850 3555 3552 
55900 3566 3562 
55950 3558 3550 
56000 3542 3545 
56050 3553 3542 
56100 3548 3536 
56150 3553 3515 
56200 3550 3487 
56250 3556 3488 
56300 3560 3471 
56350 3547 3471 
56400 3545 3481 
56450 3553 3494 
56500 3557 3491 
56550 3547 3511 
56600 3541 3538 
56650 3535 3543 
56700 3548 3542 
56750 3556 3552 
56800 3556 3551 
56850 3544 3539 
56900 3543 3540 
56950 3555 3555 
57000 3548 3546 
57050 3560 3554 
57100 3543 3522 
57150 3543 3516 
57200 3559 3531 
57250 3551 3516 
57300 3540 3488 
57350 3547 3464 
57400 3540 3452 
57450 3522 3418 
57500 3554 3429 
57550 3545 3499 
57600 3551 3535 
57650 3531 3525 
57700 3542 3541 
57750 3544 3537 
57800 3555 3547 
57850 3558 3543 
57900 3558 3549 
57950 3565 3560 
58000 3554 3554 
58050 3546 3540 
58100 3542 3526 
58150 3551 3509 
58200 3561 3488 
58250 3552 3463 
58300 3554 3430 
58350 3536 3420 
58400 3549 3437 
58450 3542 3448 
58500 3556 3465 
58550 3557 3512 
58600 3542 3521 
58650 3548 3545 
58700 3547 3547 
58750 3544 3536 
58800 3561 3556 
58850 3545 3546 
58900 3540 3540 
58950 3551 3551 
59000 3548 3550 
59050 3530 3529 
59100 3554 3539 
59150 3549 3514 
59200 3555 3507 
59250 3559 3483 
59300 3557 3472 
59350 3554 3454 
59400 3547 3437 
59450 3558 3452 
59500 3549 3445 
59550 3548 3486 
59600 3551 3526 
59650 3538 3535 
59700 3552 3552 
59750 3536 3534 
59800 3539 3539 
59850 3548 3548 
59900 3553 3548 
59950 3565 3566 
60000 3547 3543 
60050 3547 3536 
60100 3560 3514 
60150 3561 3504 
60200 3552 3453 
60250 3566 3437 
60300 3561 3425 
60350 3550 3396 
60400 3554 3412 
60450 3548 3375 
60500 3550 3352 
60550 3533 3452 
60600 3526 3501 
60650 3543 3542 
60700 3545 3539 
60750 3548 3543 
60800 3559 3553 
60850 3551 3548 
60900 3534 3534 
60950 3560 3562 
61000 3543 3539 
61050 3541 3547 
61100 3537 3528 
61150 3560 3541 
61200 3550 3536 
61250 3549 3519 
61300 3558 3525 
61350 3549 3503 
61400 3541 3485 
61450 3544 3461 
61500 3553 3456 
61550 3561 3511 
61600 3533 3527 
61650 3561 3565 
61700 3557 3552 
61750 3549 3555 
61800 3558 3553 
61850 3537 3528 
61900 3537 3539 
61950 3540 3542 
62000 3547 3549 
62050 3564 3561 
62100 3544 3528 
62150 3556 3525 
62200 3539 3489 
62250 3550 3481 
62300 3543 3443 
62350 3542 3416 
62400 3549 3429 
62450 3541 3392 
62500 3554 3391 
62550 3533 3458 
62600 3540 3513 
62650 3557 3546 
62700 3551 3551 
62750 3543 3545 
62800 3551 3547 
62850 3556 3557 
62900 3546 3546 
62950 3546 3550 
63000 3559 3556 
63050 3549 3543 
63100 3531 3513 
63150 3543 3490 
63200 3544 3465 
63250 3557 3462 
63300 3544 3444 
63350 3564 3477 
63400 3540 3466 
63450 3560 3465 
63500 3553 3406 
63550 3558 3493 
63600 3553 3526 
63650 3553 3542 
63700 3551 3554 
63750 3556 3545 
63800 3546 3549 
63850 3553 3549 
63900 3549 3542 
63950 3563 3560 
64000 3557 3555 
64050 3551 3550 
64100 3555 3540 
64150 3544 3513 
64200 3552 3516 
64250 3549 3517 
64300 3547 3506 
64350 3558 3522 
64400 3556 3516 
64450 3539 3490 
64500 3553 3493 
64550 3542 3516 
64600 3546 3540 
64650 3557 3553 
64700 3552 3552 
64750 3542 3545 
64800 3542 3544 
64850 3543 3545 
64900 3538 3534 
64950 3551 3557 
65000 3546 3550 
65050 3547 3545 
65100 3555 3546 
65150 3546 3518 
65200 3539 3508 
65250 3556 3512 
65300 3547 3500 
65350 3548 3511 
65400 3551 3497 
65450 3555 3505 
65500 3535 3460 
65550 3551 3525 
65600 3551 3540 
65650 3546 3543 
65700 3550 3560 
65750 3539 3539 
65800 3547 3545 
65850 3537 3530 
65900 3553 3545 
65950 3549 3549 
66000 3537 3538 
66050 3557 3556 
66100 3537 3534 
66150 3547 3535 
66200 3532 3521 
66250 3533 3522 
66300 3546 3528 
66350 3557 3526 
66400 3559 3512 
66450 3546 3482 
66500 3537 3452 
66550 3556 3496 
66600 3547 3532 
66650 3563 3563 
66700 3563 3561 
66750 3547 3546 
66800 3551 3550 
66850 3558 3553 
66900 3565 3562 
66950 3540 3541 
67000 3543 3543 
67050 3544 3533 
67100 3555 3542 
67150 3556 3531 
67200 3542 3497 
67250 3544 3485 
67300 3554 3489 
67350 3534 3474 
67400 3539 3477 
67450 3550 3468 
67500 3541 3461 
67550 3540 3509 
67600 3555 3544 
67650 3548 3553 
67700 3553 3550 
67750 3535 3545 
67800 3546 3545 
67850 3556 3552 
67900 3544 3545 
67950 3547 3548 
68000 3558 3557 
68050 3551 3547 
68100 3544 3530 
68150 3541 3510 
68200 3546 3515 
68250 3533 3484 
68300 3532 3471 
68350 3550 3481 
68400 3551 3467 
68450 3549 3436 
68500 3527 3369 
68550 3556 3474 
68600 3543 3527 
68650 3552 3548 
68700 3547 3543 
68750 3565 3557 
68800 3561 3558 
68850 3535 3534 
68900 3549 3543 
68950 3549 3548 
69000 3568 3570 
69050 3537 3536 
69100 3546 3533 
69150 3557 3560 
69200 3530 3533 
69250 3538 3521 
69300 3553 3519 
69350 3555 3501 
69400 3567 3494 
69450 3545 3477 
69500 3543 3451 
69550 3549 3500 
69600 3546 3542 
69650 3547 3545 
69700 3554 3554 
69750 3547 3556 
69800 3542 3540 
69850 3548 3550 
69900 3547 3548 
69950 3544 3545 
70000 3530 3534 
70050 3542 3544 
70100 3557 3545 
70150 3555 3529 
70200 3564 3539 
70250 3551 3545 
70300 3536 3530 
70350 3539 3519 
70400 3534 3495 
70450 3562 3538 
70500 3547 3517 
70550 3538 3526 
70600 3546 3548 
70650 3534 3533 
70700 3548 3547 
70750 3544 3548 
70800 3556 3557 
70850 3541 3535 
70900 3553 3552 
70950 3555 3553 
71000 3554 3550 
71050 3537 3538 
71100 3546 3534 
71150 3560 3533 
71200 3556 3521 
71250 3555 3506 
71300 3542 3495 
71350 3551 3492 
71400 3561 3500 
71450 3541 3456 
71500 3547 3439 
71550 3529 3475 
71600 3547 3536 
71650 3549 3549 
71700 3541 3539 
71750 3544 3541 
71800 3534 3530 
71850 3545 3549 
71900 3548 3552 
71950 3542 3548 
72000 3564 3565 
72050 3543 3544 
72100 3537 3531 
72150 3548 3513 
72200 3554 3519 
72250 3555 3518 
72300 3566 3504 
72350 3540 3467 
72400 3542 3451 
72450 3548 3470 
72500 3559 3473 
72550 3539 3494 
72600 3539 3522 
72650 3528 3530 
72700 3550 3556 
72750 3552 3550 
72800 3552 3555 
72850 3548 3554 
72900 3555 3549 
72950 3554 3548 
73000 3555 3541 
73050 3550 3536 
73100 3546 3500 
73150 3543 3474 
73200 3569 3495 
73250 3548 3455 
73300 3565 3459 
73350 3556 3452 
73400 3545 3450 
73450 3558 3443 
73500 3562 3439 
73550 3554 3509 
73600 3542 3532 
73650 3539 3535 
73700 3541 3550 
73750 3549 3548 
73800 3559 3556 
73850 3560 3551 
73900 3547 3547 
73950 3560 3555 
74000 3538 3539 
74050 3552 3540 
74100 3551 3527 
74150 3559 3513 
74200 3556 3489 
74250 3541 3473 
74300 3564 3469 
74350 3534 3445 
74400 3547 3472 
74450 3546 3465 
74500 3543 3443 
74550 3555 3511 
74600 3559 3549 
74650 3555 3553 
74700 3540 3542 
74750 3543 3541 
74800 3547 3551 
74850 3558 3554 
74900 3545 3547 
74950 3559 3547 
75000 3543 3536 
75050 3542 3539 
75100 3546 3525 
75150 3540 3488 
75200 3554 3484 
75250 3549 3486 
75300 3547 3460 
75350 3550 3462 
75400 3532 3436 
75450 3540 3428 
75500 3560 3428 
75550 3544 3503 
75600 3548 3538 
75650 3548 3547 
75700 3558 3553 
75750 3564 3562 
75800 3538 3535 
75850 3549 3548 
75900 3547 3545 
75950 3532 3536 
76000 3559 3551 
76050 3548 3538 
76100 3553 3535 
76150 3549 3536 
76200 3542 3534 
76250 3555 3543 
76300 3537 3519 
76350 3562 3544 
76400 3554 3508 
76450 3558 3500 
76500 3544 3469 
76550 3544 3496 
76600 3538 3531 
76650 3527 3517 
76700 3549 3549 
76750 3543 3542 
76800 3542 3538 
76850 3551 3553 
76900 3546 3540 
76950 3545 3544 
77000 3542 3538 
77050 3544 3546 
77100 3558 3548 
77150 3558 3528 
77200 3544 3514 
77250 3545 3515 
77300 3551 3515 
77350 3540 3499 
77400 3551 3490 
77450 3554 3479 
77500 3558 3470 
77550 3558 3519 
77600 3549 3542 
77650 3548 3549 
77700 3540 3536 
77750 3557 3556 
77800 3560 3559 
77850 3530 3527 
77900 3553 3560 
77950 3548 3550 
78000 3560 3559 
78050 3536 3535 
78100 3552 3524 
78150 3550 3508 
78200 3554 3505 
78250 3546 3468 
78300 3558 3463 
78350 3566 3450 
78400 3551 3416 
78450 3537 3400 
78500 3549 3405 
78550 3559 3486 
78600 3557 3527 
78650 3571 3559 
78700 3544 3544 
78750 3535 3534 
78800 3549 3546 
78850 3541 3532 
78900 3558 3552 
78950 3545 3547 
79000 3542 3535 
79050 3545 3527 
79100 3562 3543 
79150 3555 3527 
79200 3547 3506 
79250 3540 3485 
79300 3545 3487 
79350 3552 3485 
79400 3546 3487 
79450 3557 3486 
79500 3545 3469 
79550 3561 3522 
79600 3555 3542 
79650 3541 3541 
79700 3536 3533 
79750 3544 3541 
79800 3547 3542 
79850 3525 3518 
79900 3552 3556 
79950 3546 3548 
80000 3550 3551 
80050 3544 3545 
80100 3562 3546 
80150 3569 3539 
80200 3549 3526 
80250 3556 3513 
80300 3551 3503 
80350 3551 3503 
80400 3555 3487 
80450 3568 3484 
80500 3547 3459 
80550 3532 3496 
80600 3528 3525 
80650 3562 3567 
80700 3557 3559 
80750 3551 3545 
80800 3550 3545 
80850 3546 3543 
80900 3544 3540 
80950 3546 3544 
81000 3549 3545 
81050 3554 3552 
81100 3559 3546 
81150 3561 3539 
81200 3551 3501 
81250 3532 3480 
81300 3529 3451 
81350 3548 3474 
81400 3533 3454 
81450 3537 3445 
81500 3544 3434 
81550 3523 3454 
81600 3536 3516 
81650 3551 3550 
81700 3544 3548 
81750 3555 3547 
81800 3544 3540 
81850 3548 3550 
81900 3557 3551 
81950 3552 3544 
82000 3558 3544 
82050 3558 3548 
82100 3555 3519 
82150 3540 3491 
82200 3554 3498 
82250 3550 3485 
82300 3549 3464 
82350 3559 3461 
82400 3552 3453 
82450 3548 3444 
82500 3532 3427 
82550 3539 3488 
82600 3547 3542 
82650 3546 3539 
82700 3548 3544 
82750 3545 3545 
82800 3556 3551 
82850 3540 3541 
82900 3547 3547 
82950 3547 3542 
83000 3543 3546 
83050 3543 3521 
83100 3546 3516 
83150 3540 3476 
83200 3557 3479 
83250 3559 3472 
83300 3556 3477 
83350 3551 3482 
83400 3541 3450 
83450 3550 3448 
83500 3537 3411 
83550 3545 3503 
83600 3555 3540 
83650 3555 3551 
83700 3550 3547 
83750 3563 3564 
83800 3561 3552 
83850 3547 3543 
83900 3545 3546 
83950 3555 3557 
84000 3539 3550 
84050 3550 3539 
84100 3541 3535 
84150 3553 3531 
84200 3555 3513 
84250 3539 3486 
84300 3533 3470 
84350 3558 3484 
84400 3532 3428 
84450 3550 3429 
84500 3546 3414 
84550 3544 3475 
84600 3551 3531 
84650 3561 3561 
84700 3549 3553 
84750 3533 3542 
84800 3536 3536 
84850 3538 3532 
84900 3559 3556 
84950 3558 3559 
85000 3560 3559 
85050 3552 3545 
85100 3564 3537 
85150 3562 3528 
85200 3561 3524 
85250 3546 3487 
85300 3545 3472 
85350 3544 3452 
85400 3554 3460 
85450 3539 3422 
85500 3546 3420 
85550 3541 3477 
85600 3550 3531 
85650 3552 3550 
85700 3537 3537 
85750 3559 3554 
85800 3549 3544 
85850 3554 3549 
85900 3548 3549 
85950 3562 3561 
86000 3544 3543 
86050 3542 3542 
86100 3555 3551 
86150 3549 3546 
86200 3550 3549 
86250 3547 3536 
86300 3557 3532 
86350 3561 3527 
86400 3547 3495 
86450 3557 3489 
86500 3547 3449 
86550 3551 3513 
86600 3542 3523 
86650 3538 3535 
86700 3544 3537 
86750 3549 3543 
86800 3543 3540 
86850 3561 3558 
86900 3559 3555 
86950 3562 3556 
87000 3552 3546 
87050 3550 3544 
87100 3542 3514 
87150 3549 3500 
87200 3559 3501 
87250 3552 3496 
87300 3558 3510 
87350 3549 3480 
87400 3557 3478 
87450 3540 3437 
87500 3547 3424 
87550 3545 3501 
87600 3545 3531 
87650 3538 3532 
87700 3522 3524 
87750 3535 3529 
87800 3551 3543 
87850 3537 3532 
87900 3546 3545 
87950 3548 3545 
88000 3529 3521 
88050 3541 3531 
88100 3542 3522 
88150 3554 3531 
88200 3538 3505 
88250 3538 3496 
88300 3544 3483 
88350 3550 3484 
88400 3546 3456 
88450 3553 3466 
88500 3543 3454 
88550 3554 3523 
88600 3532 3532 
88650 3537 3538 
88700 3540 3538 
88750 3554 3552 
88800 3539 3541 
88850 3531 3526 
88900 3545 3542 
88950 3547 3546 
89000 3562 3551 
89050 3540 3533 
89100 3561 3555 
89150 3527 3524 
89200 3560 3533 
89250 3538 3502 
89300 3514 3476 
89350 3550 3488 
89400 3556 3468 
89450 3553 3439 
89500 3541 3434 
89550 3538 3484 
89600 3535 3520 
89650 3544 3542 
89700 3540 3537 
89750 3544 3542 
89800 3548 3544 
89850 3551 3538 
89900 3558 3554 
89950 3564 3569 
90000 3551 3556 
90050 3554 3534 
90100 3559 3536 
90150 3552 3515 
90200 3527 3474 
90250 3553 3476 
90300 3563 3468 
90350 3557 3434 
90400 3551 3417 
90450 3545 3405 
90500 3548 3393 
90550 3551 3458 
90600 3542 3516 
90650 3553 3544 
90700 3550 3548 
90750 3544 3543 
90800 3552 3538 
90850 3546 3548 
90900 3558 3557 
90950 3546 3542 
91000 3542 3536 
91050 3554 3536 
91100 3553 3520 
91150 3558 3523 
91200 3550 3498 
91250 3550 3493 
91300 3556 3475 
91350 3552 3456 
91400 3558 3437 
91450 3546 3401 
91500 3544 3383 
91550 3538 3472 
91600 3544 3524 
91650 3542 3540 
91700 3555 3549 
91750 3552 3549 
91800 3551 3543 
91850 3554 3551 
91900 3549 3545 
91950 3554 3551 
92000 3541 3539 
92050 3543 3529 
92100 3572 3538 
92150 3553 3511 
92200 3555 3486 
92250 3554 3485 
92300 3548 3469 
92350 3532 3434 
92400 3548 3449 
92450 3549 3449 
92500 3558 3418 
92550 3546 3478 
92600 3544 3522 
92650 3546 3540 
92700 3543 3539 
92750 3543 3534 
92800 3542 3538 
92850 3551 3555 
92900 3563 3559 
92950 3542 3538 
93000 3537 3534 
93050 3544 3540 
93100 3542 3523 
93150 3552 3514 
93200 3541 3478 
93250 3547 3480 
93300 3559 3479 
93350 3556 3477 
93400 3554 3467 
93450 3552 3457 
93500 3561 3428 
93550 3545 3493 
93600 3533 3529 
93650 3533 3528 
93700 3538 3537 
93750 3546 3542 
93800 3539 3539 
93850 3540 3537 
93900 3547 3542 
93950 3531 3536 
94000 3544 3539 
94050 3529 3527 
94100 3561 3537 
94150 3554 3517 
94200 3554 3501 
94250 3545 3474 
94300 3545 3444 
94350 3545 3449 
94400 3537 3428 
94450 3556 3437 
94500 3551 3442 
94550 3547 3494 
94600 3545 3529 
94650 3554 3543 
94700 3552 3544 
94750 3551 3548 
94800 3543 3539 
94850 3549 3545 
94900 3551 3550 
94950 3547 3548 
95000 3551 3540 
95050 3540 3527 
95100 3548 3510 
95150 3541 3484 
95200 3538 3459 
95250 3540 3445 
95300 3539 3425 
95350 3534 3406 
95400 3543 3393 
95450 3540 3380 
95500 3557 3381 
95550 3547 3481 
95600 3553 3529 
95650 3536 3535 
95700 3522 3524 
95750 3543 3537 
95800 3553 3545 
95850 3538 3532 
95900 3560 3558 
95950 3544 3545 
96000 3557 3550 
96050 3546 3532 
96100 3549 3496 
96150 3562 3491 
96200 3541 3452 
96250 3543 3409 
96300 3552 3426 
96350 3541 3400 
96400 3542 3388 
96450 3542 3399 
96500 3543 3388 
96550 3547 3469 
96600 3549 3523 
96650 3542 3533 
96700 3539 3537 
96750 3542 3533 
96800 3533 3536 
96850 3541 3538 
96900 3542 3547 
96950 3546 3550 
97000 3553 3554 
97050 3544 3537 
97100 3520 3504 
97150 3554 3517 
97200 3544 3505 
97250 3549 3497 
97300 3534 3452 
97350 3544 3432 
97400 3538 3419 
97450 3558 3408 
97500 3542 3398 
97550 3537 3464 
97600 3549 3531 
97650 3559 3548 
97700 3542 3548 
97750 3570 3567 
97800 3545 3539 
97850 3546 3538 
97900 3543 3544 
97950 3549 3550 
98000 3561 3556 
98050 3557 3549 
98100 3552 3524 
98150 3527 3496 
98200 3546 3486 
98250 3556 3467 
98300 3547 3459 
98350 3549 3431 
98400 3563 3430 
98450 3543 3372 
98500 3545 3363 
98550 3544 3452 
98600 3547 3526 
98650 3542 3534 
98700 3536 3534 
98750 3546 3537 
98800 3549 3539 
98850 3551 3542 
98900 3538 3535 
98950 3542 3537 
99000 3534 3532 
99050 3554 3558 
99100 3551 3545 
99150 3550 3500 
99200 3558 3492 
99250 3534 3455 
99300 3545 3444 
99350 3534 3406 
99400 3534 3397 
99450 3546 3380 
99500 3553 3378 
99550 3550 3481 
99600 3544 3533 
99650 3548 3540 
99700 3539 3540 
99750 3543 3540 
99800 3537 3539 
99850 3534 3531 
99900 3540 3534 
99950 3550 3548 
100000 3540 3542 
100050 3548 3549 
100100 3557 3533 
100150 3554 3531 
100200 3554 3514 
100250 3553 3466 
100300 3553 3451 
100350 3547 3422 
100400 3553 3428 
100450 3541 3383 
100500 3548 3366 
100550 3543 3445 
100600 3557 3533 
100650 3553 3544 
100700 3537 3536 
100750 3538 3536 
100800 3557 3549 
100850 3545 3537 
100900 3540 3543 
100950 3548 3540 
101000 3551 3547 
101050 3559 3546 
101100 3561 3531 
101150 3530 3496 
101200 3556 3509 
101250 3547 3502 
101300 3549 3486 
101350 3543 3478 
101400 3550 3488 
101450 3544 3476 
101500 3542 3479 
101550 3533 3470 
101600 3549 3536 
101650 3566 3556 
101700 3541 3537 
101750 3527 3524 
101800 3541 3541 
101850 3543 3543 
101900 3556 3558 
101950 3566 3558 
102000 3559 3549 
102050 3558 3548 
102100 3572 3548 
102150 3544 3505 
102200 3562 3480 
102250 3535 3446 
102300 3542 3427 
102350 3543 3421 
102400 3549 3419 
102450 3551 3433 
102500 3548 3410 
102550 3538 3461 
102600 3540 3504 
102650 3551 3536 
102700 3559 3549 
102750 3555 3548 
102800 3547 3545 
102850 3536 3534 
102900 3547 3541 
102950 3552 3557 
103000 3559 3546 
103050 3554 3535 
103100 3548 3493 
103150 3547 3510 
103200 3545 3472 
103250 3555 3487 
103300 3542 3452 
103350 3553 3466 
103400 3549 3443 
103450 3533 3420 
103500 3547 3425 
103550 3547 3502 
103600 3536 3518 
103650 3544 3542 
103700 3553 3549 
103750 3561 3549 
103800 3541 3524 
103850 3542 3529 
103900 3542 3540 
103950 3549 3542 
104000 3544 3548 
104050 3555 3535 
104100 3559 3510 
104150 3556 3487 
104200 3545 3467 
104250 3543 3439 
104300 3557 3450 
104350 3549 3419 
104400 3555 3410 
104450 3556 3370 
104500 3543 3324 
104550 3534 3428 
104600 3550 3513 
104650 3551 3541 
104700 3547 3547 
104750 3555 3538 
104800 3556 3551 
104850 3560 3557 
104900 3554 3553 
104950 3550 3541 
105000 3548 3542 
105050 3553 3525 
105100 3551 3517 
105150 3551 3484 
105200 3548 3473 
105250 3542 3453 
105300 3527 3426 
105350 3524 3407 
105400 3534 3394 
105450 3534 3425 
105500 3546 3436 
105550 3553 3483 
105600 3546 3527 
105650 3534 3525 
105700 3543 3531 
105750 3537 3538 
105800 3543 3542 
105850 3544 3542 
105900 3543 3538 
105950 3559 3549 
106000 3547 3532 
106050 3535 3526 
106100 3553 3529 
106150 3558 3515 
106200 3533 3482 
106250 3551 3467 
106300 3549 3454 
106350 3523 3390 
106400 3544 3376 
106450 3549 3365 
106500 3545 3325 
106550 3561 3471 
106600 3544 3524 
106650 3556 3554 
106700 3548 3550 
106750 3527 3530 
106800 3534 3527 
106850 3544 3531 
106900 3557 3551 
106950 3539 3530 
107000 3545 3535 
107050 3558 3532 
107100 3545 3485 
107150 3554 3486 
107200 3543 3469 
107250 3541 3461 
107300 3537 3451 
107350 3549 3439 
107400 3550 3455 
107450 3553 3441 
107500 3554 3436 
107550 3541 3495 
107600 3543 3538 
107650 3539 3538 
107700 3554 3551 
107750 3543 3527 
107800 3544 3535 
107850 3560 3557 
107900 3551 3545 
107950 3556 3542 
108000 3553 3554 
108050 3557 3541 
108100 3548 3525 
108150 3537 3517 
108200 3550 3525 
108250 3543 3508 
108300 3557 3536 
108350 3552 3507 
108400 3556 3495 
108450 3551 3470 
108500 3534 3415 
108550 3549 3482 
108600 3540 3520 
108650 3544 3536 
108700 3559 3551 
108750 3561 3556 
108800 3565 3551 
108850 3543 3538 
108900 3546 3542 
108950 3552 3543 
109000 3533 3518 
109050 3558 3531 
109100 3545 3508 
109150 3547 3479 
109200 3535 3455 
109250 3553 3459 
109300 3551 3447 
109350 3543 3432 
109400 3528 3405 
109450 3550 3402 
109500 3554 3386 
109550 3548 3451 
109600 3551 3506 
109650 3550 3529 
109700 3546 3539 
109750 3559 3546 
109800 3553 3540 
109850 3537 3533 
109900 3543 3540 
109950 3537 3529 
110000 3569 3561 
110050 3546 3519 
110100 3556 3519 
110150 3532 3467 
110200 3547 3464 
110250 3549 3432 
110300 3541 3393 
110350 3542 3385 
110400 3547 3356 
110450 3549 3358 
110500 3547 3355 
110550 3547 3453 
110600 3531 3498 
110650 3551 3526 
110700 3528 3517 
110750 3550 3543 
110800 3551 3540 
110850 3552 3540 
110900 3542 3529 
110950 3548 3545 
111000 3550 3544 
111050 3543 3512 
111100 3554 3495 
111150 3558 3488 
111200 3550 3415 
111250 3546 3387 
111300 3541 3360 
111350 3556 3362 
111400 3548 3335 
111450 3560 3317 
111500 3546 3277 
111550 3553 3401 
111600 3537 3487 
111650 3560 3543 
111700 3545 3524 
111750 3545 3540 
111800 3536 3528 
111850 3539 3528 
111900 3540 3535 
111950 3553 3537 
112000 3558 3549 
112050 3550 3533 
112100 3548 3520 
112150 3560 3509 
112200 3549 3471 
112250 3544 3444 
112300 3549 3389 
112350 3557 3381 
112400 3544 3347 
112450 3546 3355 
112500 3562 3350 
112550 3551 3445 
112600 3536 3505 
112650 3528 3519 
112700 3551 3546 
112750 3535 3535 
112800 3538 3528 
112850 3540 3540 
112900 3560 3544 
112950 3548 3536 
113000 3538 3529 
113050 3542 3525 
113100 3543 3500 
113150 3553 3481 
113200 3550 3452 
113250 3554 3458 
113300 3553 3432 
113350 3543 3413 
113400 3554 3392 
113450 3548 3352 
113500 3544 3299 
113550 3549 3432 
113600 3556 3514 
113650 3532 3523 
113700 3547 3535 
113750 3563 3549 
113800 3553 3541 
113850 3543 3521 
113900 3546 3533 
113950 3548 3537 
114000 3547 3547 
114050 3559 3527 
114100 3541 3483 
114150 3546 3453 
114200 3561 3464 
114250 3539 3430 
114300 3536 3418 
114350 3550 3399 
114400 3545 3349 
114450 3550 3328 
114500 3545 3300 
114550 3545 3417 
114600 3545 3506 
114650 3544 3533 
114700 3539 3532 
114750 3544 3531 
114800 3548 3526 
114850 3542 3530 
114900 3551 3535 
114950 3556 3539 
115000 3531 3512 
115050 3550 3538 
115100 3554 3523 
115150 3529 3471 
115200 3558 3491 
115250 3568 3475 
115300 3548 3434 
115350 3563 3426 
115400 3554 3404 
115450 3549 3329 
115500 3565 3323 
115550 3549 3430 
115600 3538 3499 
115650 3522 3517 
115700 3530 3520 
115750 3537 3529 
115800 3545 3543 
115850 3538 3534 
115900 3553 3546 
115950 3558 3545 
116000 3548 3545 
116050 3552 3528 
116100 3537 3501 
116150 3536 3476 
116200 3548 3480 
116250 3547 3447 
116300 3549 3428 
116350 3551 3408 
116400 3569 3385 
116450 3547 3354 
116500 3546 3313 
116550 3524 3419 
116600 3543 3511 
116650 3550 3524 
116700 3546 3540 
116750 3531 3531 
116800 3560 3546 
116850 3551 3545 
116900 3539 3530 
116950 3549 3540 
117000 3547 3535 
117050 3543 3528 
117100 3549 3519 
117150 3542 3497 
117200 3527 3467 
117250 3551 3471 
117300 3540 3422 
117350 3533 3424 
117400 3559 3401 
117450 3547 3326 
117500 3537 3317 
117550 3546 3447 
117600 3544 3502 
117650 3549 3538 
117700 3549 3542 
117750 3549 3543 
117800 3545 3540 
117850 3551 3541 
117900 3554 3540 
117950 3534 3529 
118000 3550 3527 
118050 3528 3501 
118100 3547 3481 
118150 3557 3492 
118200 3540 3460 
118250 3541 3446 
118300 3540 3423 
118350 3538 3392 
118400 3531 3359 
118450 3551 3320 
118500 3556 3279 
118550 3541 3383 
118600 3545 3490 
118650 3547 3525 
118700 3553 3538 
118750 3544 3529 
118800 3531 3516 
118850 3549 3526 
118900 3547 3539 
118950 3552 3544 
119000 3540 3541 
119050 3554 3544 
119100 3543 3508 
119150 3552 3484 
119200 3555 3459 
119250 3553 3461 
119300 3544 3433 
119350 3548 3384 
119400 3530 3358 
119450 3551 3323 
119500 3553 3292 
119550 3526 3388 
119600 3547 3491 
119650 3542 3510 
119700 3543 3520 
119750 3558 3548 
119800 3539 3525 
119850 3557 3542 
119900 3537 3527 
119950 3546 3534 
120000 3542 3531 
120050 3546 3526 
120100 3553 3512 
120150 3540 3487 
120200 3533 3451 
120250 3537 3432 
120300 3541 3427 
120350 3548 3382 
120400 3551 3352 
120450 3550 3358 
120500 3537 3325 
120550 3542 3423 
120600 3544 3506 
120650 3564 3549 
120700 3550 3536 
120750 3539 3532 
120800 3556 3542 
120850 3569 3544 
120900 3563 3550 
120950 3551 3542 
121000 3551 3534 
121050 3561 3530 
121100 3539 3474 
121150 3554 3446 
121200 3537 3385 
121250 3551 3359 
121300 3555 3340 
121350 3552 3316 
121400 3563 3298 
121450 3544 3302 
121500 3551 3294 
121550 3542 3389 
121600 3546 3481 
121650 3549 3526 
121700 3550 3525 
121750 3530 3524 
121800 3538 3507 
121850 3545 3536 
121900 3551 3539 
121950 3557 3537 
122000 3545 3525 
122050 3531 3510 
122100 3536 3486 
122150 3537 3455 
122200 3550 3415 
122250 3551 3381 
122300 3566 3363 
122350 3537 3333 
122400 3559 3316 
122450 3557 3258 
122500 3536 3231 
122550 3559 3426 
122600 3567 3505 
122650 3534 3509 
122700 3541 3527 
122750 3529 3515 
122800 3542 3535 
122850 3550 3537 
122900 3553 3541 
122950 3565 3556 
123000 3562 3538 
123050 3552 3520 
123100 3546 3486 
123150 3561 3469 
123200 3542 3432 
123250 3546 3390 
123300 3538 3334 
123350 3568 3326 
123400 3543 3312 
123450 3560 3295 
123500 3565 3281 
123550 3542 3406 
123600 3550 3507 
123650 3553 3531 
123700 3545 3534 
123750 3557 3552 
123800 3556 3544 
123850 3550 3535 
123900 3554 3542 
123950 3553 3542 
124000 3539 3532 
124050 3557 3536 
124100 3558 3505 
124150 3558 3467 
124200 3544 3407 
124250 3557 3405 
124300 3550 3339 
124350 3557 3295 
124400 3548 3254 
124450 3547 3233 
124500 3564 3200 
124550 3533 3362 
124600 3549 3511 
124650 3553 3529 
124700 3534 3518 
124750 3550 3534 
124800 3546 3533 
124850 3545 3526 
124900 3546 3524 
124950 3556 3533 
125000 3552 3530 
125050 3569 3535 
125100 3556 3482 
125150 3566 3449 
125200 3546 3408 
125250 3545 3377 
125300 3536 3360 
125350 3550 3340 
125400 3545 3306 
125450 3546 3290 
125500 3540 3237 
125550 3552 3409 
125600 3542 3500 
125650 3530 3508 
125700 3537 3521 
125750 3553 3535 
125800 3529 3509 
125850 3551 3536 
125900 3542 3526 
125950 3538 3527 
126000 3536 3525 
126050 3544 3518 
126100 3546 3497 
126150 3545 3451 
126200 3547 3430 
126250 3543 3352 
126300 3546 3331 
126350 3553 3312 
126400 3547 3286 
126450 3544 3258 
126500 3552 3212 
126550 3538 3394 
126600 3546 3503 
126650 3551 3543 
126700 3529 3513 
126750 3545 3525 
126800 3527 3517 
126850 3540 3530 
126900 3543 3542 
126950 3560 3539 
127000 3542 3523 
127050 3543 3509 
127100 3555 3487 
127150 3552 3451 
127200 3553 3432 
127250 3544 3416 
127300 3546 3380 
127350 3532 3330 
127400 3553 3322 
127450 3550 3273 
127500 3528 3267 
127550 3567 3435 
127600 3551 3511 
127650 3543 3522 
127700 3538 3525 
127750 3541 3524 
127800 3535 3524 
127850 3543 3533 
127900 3556 3549 
127950 3557 3537 
128000 3546 3531 
128050 3553 3515 
128100 3542 3487 
128150 3540 3439 
128200 3569 3395 
128250 3556 3334 
128300 3557 3288 
128350 3546 3229 
128400 3545 3154 
128450 3553 3139 
128500 3541 3084 
128550 3533 3289 
128600 3546 3457 
128650 3553 3518 
128700 3562 3540 
128750 3545 3529 
128800 3523 3516 
128850 3543 3532 
128900 3531 3518 
128950 3542 3519 
129000 3551 3535 
129050 3558 3504 
129100 3545 3460 
129150 3549 3452 
129200 3560 3391 
129250 3553 3371 
129300 3558 3331 
129350 3567 3322 
129400 3557 3275 
129450 3542 3216 
129500 3549 3219 
129550 3533 3362 
129600 3532 3476 
129650 3556 3530 
129700 3553 3538 
129750 3554 3549 
129800 3543 3533 
129850 3553 3545 
129900 3536 3525 
129950 3542 3520 
130000 3541 3518 
130050 3554 3526 
130100 3547 3482 
130150 3523 3455 
130200 3553 3459 
130250 3557 3463 
130300 3544 3429 
130350 3549 3382 
130400 3543 3338 
130450 3533 3302 
130500 3538 3281 
130550 3553 3429 
130600 3552 3504 
130650 3549 3525 
130700 3553 3523 
130750 3552 3534 
130800 3549 3534 
130850 3551 3538 
130900 3553 3539 
130950 3553 3531 
131000 3544 3528 
131050 3546 3526 
131100 3561 3511 
131150 3550 3468 
131200 3547 3413 
131250 3546 3328 
131300 3539 3260 
131350 3544 3240 
131400 3542 3218 
131450 3543 3220 
131500 3556 3195 
131550 3537 3361 
131600 3548 3475 
131650 3554 3521 
131700 3553 3535 
131750 3552 3547 
131800 3541 3533 
131850 3543 3527 
131900 3546 3541 
131950 3555 3538 
132000 3540 3533 
132050 3555 3532 
132100 3550 3485 
132150 3546 3476 
132200 3555 3447 
132250 3553 3416 
132300 3554 3393 
132350 3550 3345 
132400 3542 3317 
132450 3554 3290 
132500 3546 3238 
132550 3545 3372 
132600 3548 3496 
132650 3543 3524 
132700 3544 3529 
132750 3544 3535 
132800 3556 3540 
132850 3555 3533 
132900 3550 3540 
132950 3543 3521 
133000 3558 3534 
133050 3549 3517 
133100 3543 3481 
133150 3543 3438 
133200 3538 3413 
133250 3539 3403 
133300 3568 3420 
133350 3557 3362 
133400 3550 3358 
133450 3551 3294 
133500 3545 3315 
133550 3554 3474 
133600 3542 3517 
133650 3539 3510 
133700 3546 3522 
133750 3536 3513 
133800 3548 3533 
133850 3548 3530 
133900 3564 3545 
133950 3556 3541 
134000 3539 3531 
134050 3560 3538 
134100 3544 3493 
134150 3540 3462 
134200 3551 3434 
134250 3560 3408 
134300 3552 3371 
134350 3557 3357 
134400 3552 3320 
134450 3553 3275 
134500 3544 3235 
134550 3541 3355 
134600 3538 3489 
134650 3548 3536 
134700 3549 3536 
134750 3548 3523 
134800 3554 3533 
134850 3557 3551 
134900 3546 3542 
134950 3557 3536 
135000 3554 3543 
135050 3541 3510 
135100 3568 3494 
135150 3556 3454 
135200 3538 3397 
135250 3549 3337 
135300 3558 3319 
135350 3547 3309 
135400 3562 3297 
135450 3558 3269 
135500 3539 3217 
135550 3533 3395 
135600 3556 3500 
135650 3561 3540 
135700 3559 3544 
135750 3560 3541 
135800 3562 3550 
135850 3553 3547 
135900 3543 3526 
135950 3543 3528 
136000 3546 3534 
136050 3552 3514 
136100 3539 3491 
136150 3550 3470 
136200 3539 3404 
136250 3542 3343 
136300 3531 3337 
136350 3544 3314 
136400 3546 3298 
136450 3547 3247 
136500 3537 3204 
136550 3541 3383 
136600 3544 3500 
136650 3554 3531 
136700 3542 3518 
136750 3546 3527 
136800 3563 3547 
136850 3548 3536 
136900 3539 3520 
136950 3544 3527 
137000 3544 3533 
137050 3553 3529 
137100 3550 3489 
137150 3546 3488 
137200 3544 3462 
137250 3541 3410 
137300 3529 3361 
137350 3529 3378 
137400 3541 3410 
137450 3549 3364 
137500 3536 3316 
137550 3554 3426 
137600 3538 3500 
137650 3551 3535 
137700 3544 3530 
137750 3546 3529 
137800 3547 3519 
137850 3548 3535 
137900 3539 3518 
137950 3542 3525 
138000 3542 3535 
138050 3549 3522 
138100 3556 3479 
138150 3548 3448 
138200 3558 3444 
138250 3551 3419 
138300 3550 3421 
138350 3537 3332 
138400 3541 3332 
138450 3544 3302 
138500 3554 3231 
138550 3532 3377 
138600 3549 3509 
138650 3548 3530 
138700 3550 3545 
138750 3550 3533 
138800 3556 3536 
138850 3549 3530 
138900 3562 3536 
138950 3550 3540 
139000 3547 3534 
139050 3544 3512 
139100 3543 3464 
139150 3549 3426 
139200 3549 3421 
139250 3536 3348 
139300 3539 3323 
139350 3547 3286 
139400 3548 3258 
139450 3537 3272 
139500 3562 3252 
139550 3536 3399 
139600 3549 3506 
139650 3538 3524 
139700 3548 3527 
139750 3554 3541 
139800 3560 3541 
139850 3551 3538 
139900 3548 3532 
139950 3544 3528 
140000 3552 3537 
140050 3552 3539 
140100 3540 3466 
140150 3550 3431 
140200 3552 3397 
140250 3559 3374 
140300 3561 3321 
140350 3548 3239 
140400 3565 3234 
140450 3552 3224 
140500 3550 3140 
140550 3544 3343 
140600 3546 3480 
140650 3549 3522 
140700 3548 3528 
140750 3548 3544 
140800 3549 3536 
140850 3558 3538 
140900 3530 3508 
140950 3535 3510 
141000 3540 3525 
141050 3546 3515 
141100 3552 3481 
141150 3553 3431 
141200 3536 3375 
141250 3546 3339 
141300 3549 3359 
141350 3545 3374 
141400 3558 3339 
141450 3548 3325 
141500 3540 3341 
141550 3546 3448 
141600 3559 3515 
141650 3553 3540 
141700 3536 3515 
141750 3549 3530 
141800 3542 3523 
141850 3543 3531 
141900 3562 3548 
141950 3537 3523 
142000 3538 3515 
142050 3541 3505 
142100 3555 3480 
142150 3526 3427 
142200 3544 3415 
142250 3542 3384 
142300 3552 3340 
142350 3539 3320 
142400 3538 3298 
142450 3550 3332 
142500 3547 3315 
142550 3539 3405 
142600 3558 3509 
142650 3546 3520 
142700 3569 3548 
142750 3540 3516 
142800 3544 3536 
142850 3546 3545 
142900 3548 3533 
142950 3540 3523 
143000 3548 3534 
143050 3554 3513 
143100 3540 3462 
143150 3553 3474 
143200 3541 3405 
143250 3532 3364 
143300 3541 3341 
143350 3539 3298 
143400 3551 3280 
143450 3550 3251 
143500 3549 3222 
143550 3539 3407 
143600 3540 3515 
143650 3565 3545 
143700 3558 3543 
143750 3541 3532 
143800 3528 3502 
143850 3555 3528 
143900 3543 3523 
143950 3551 3526 
144000 3541 3528 
144050 3526 3490 
144100 3545 3467 
144150 3531 3425 
144200 3541 3374 
144250 3549 3355 
144300 3544 3331 
144350 3556 3324 
144400 3532 3252 
144450 3545 3220 
144500 3555 3230 
144550 3543 3362 
144600 3541 3484 
144650 3526 3510 
144700 3541 3520 
144750 3551 3530 
144800 3554 3538 
144850 3555 3542 
144900 3559 3547 
144950 3561 3544 
145000 3564 3543 
145050 3558 3528 
145100 3551 3455 
145150 3541 3410 
145200 3553 3404 
145250 3549 3383 
145300 3559 3355 
145350 3558 3339 
145400 3550 3319 
145450 3555 3272 
145500 3553 3231 
145550 3540 3362 
145600 3547 3501 
145650 3550 3529 
145700 3553 3521 
145750 3537 3530 
145800 3544 3537 
145850 3531 3487 
145900 3543 3523 
145950 3526 3502 
146000 3538 3526 
146050 3546 3527 
146100 3550 3486 
146150 3542 3434 
146200 3535 3379 
146250 3540 3329 
146300 3547 3306 
146350 3559 3286 
146400 3549 3216 
146450 3548 3190 
146500 3551 3174 
146550 3539 3342 
146600 3554 3474 
146650 3544 3514 
146700 3557 3538 
146750 3536 3526 
146800 3551 3543 
146850 3518 3498 
146900 3556 3541 
146950 3530 3514 
147000 3538 3521 
147050 3554 3529 
147100 3545 3477 
147150 3538 3443 
147200 3541 3395 
147250 3548 3367 
147300 3537 3353 
147350 3557 3374 
147400 3547 3354 
147450 3533 3334 
147500 3551 3296 
147550 3547 3419 
147600 3544 3496 
147650 3552 3530 
147700 3544 3530 
147750 3546 3530 
147800 3557 3537 
147850 3554 3542 
147900 3554 3541 
147950 3555 3531 
148000 3544 3530 
148050 3546 3497 
148100 3546 3459 
148150 3547 3422 
148200 3554 3416 
148250 3542 3347 
148300 3552 3315 
148350 3555 3296 
148400 3554 3252 
148450 3529 3225 
148500 3526 3202 
148550 3551 3367 
148600 3537 3462 
148650 3546 3512 
148700 3561 3534 
148750 3553 3533 
148800 3546 3525 
148850 3554 3538 
148900 3537 3529 
148950 3547 3531 
149000 3545 3522 
149050 3543 3509 
149100 3556 3487 
149150 3549 3442 
149200 3564 3424 
149250 3550 3379 
149300 3552 3347 
149350 3541 3290 
149400 3567 3283 
149450 3550 3219 
149500 3563 3167 
149550 3545 3351 
149600 3533 3456 
149650 3560 3526 
149700 3549 3532 
149750 3545 3540 
149800 3556 3533 
149850 3534 3518 
149900 3556 3540 
149950 3558 3531 
150000 3557 3539 
150050 3560 3517 
150100 3563 3487 
150150 3552 3430 
150200 3548 3377 
150250 3555 3337 
150300 3565 3317 
150350 3543 3221 
150400 3546 3210 
150450 3551 3178 
150500 3532 3139 
150550 3537 3360 
150600 3561 3501 
150650 3524 3496 
150700 3528 3510 
150750 3548 3539 
150800 3549 3528 
150850 3555 3531 
150900 3558 3541 
150950 3544 3529 
151000 3543 3510 
151050 3547 3490 
151100 3543 3452 
151150 3549 3451 
151200 3545 3406 
151250 3541 3372 
151300 3547 3326 
151350 3529 3275 
151400 3544 3253 
151450 3557 3238 
151500 3552 3209 
151550 3534 3389 
151600 3539 3485 
151650 3536 3517 
151700 3557 3552 
151750 3533 3516 
151800 3557 3541 
151850 3553 3532 
151900 3544 3524 
151950 3552 3540 
152000 3551 3530 
152050 3544 3502 
152100 3558 3470 
152150 3543 3407 
152200 3564 3365 
152250 3554 3329 
152300 3547 3313 
152350 3543 3298 
152400 3539 3262 
152450 3540 3212 
152500 3537 3117 
152550 3541 3315 
152600 3538 3480 
152650 3532 3502 
152700 3541 3499 
152750 3553 3539 
152800 3531 3519 
152850 3551 3536 
152900 3539 3529 
152950 3540 3526 
153000 3538 3516 
153050 3542 3508 
153100 3559 3468 
153150 3546 3452 
153200 3545 3413 
153250 3548 3385 
153300 3562 3375 
153350 3549 3338 
153400 3555 3289 
153450 3550 3241 
153500 3545 3203 
153550 3545 3388 
153600 3549 3508 
153650 3531 3512 
153700 3541 3513 
153750 3545 3526 
153800 3555 3534 
153850 3549 3531 
153900 3540 3517 
153950 3554 3539 
154000 3553 3544 
154050 3543 3509 
154100 3543 3499 
154150 3552 3486 
154200 3557 3437 
154250 3557 3364 
154300 3555 3343 
154350 3551 3283 
154400 3541 3270 
154450 3549 3236 
154500 3541 3212 
154550 3548 3377 
154600 3547 3474 
154650 3544 3514 
154700 3554 3536 
154750 3547 3538 
154800 3564 3547 
154850 3548 3527 
154900 3548 3543 
154950 3542 3525 
155000 3563 3543 
155050 3558 3515 
155100 3561 3494 
155150 3548 3437 
155200 3556 3403 
155250 3548 3353 
155300 3541 3327 
155350 3545 3298 
155400 3556 3260 
155450 3551 3223 
155500 3537 3193 
155550 3533 3349 
155600 3546 3464 
155650 3535 3510 
155700 3548 3542 
155750 3543 3532 
155800 3551 3533 
155850 3556 3533 
155900 3555 3539 
155950 3555 3536 
156000 3565 3544 
156050 3547 3526 
156100 3558 3505 
156150 3547 3471 
156200 3545 3429 
156250 3552 3431 
156300 3557 3430 
156350 3544 3354 
156400 3552 3321 
156450 3548 3269 
156500 3550 3221 
156550 3558 3384 
156600 3535 3500 
156650 3551 3524 
156700 3546 3539 
156750 3534 3516 
156800 3562 3545 
156850 3546 3524 
156900 3564 3537 
156950 3550 3529 
157000 3547 3519 
157050 3536 3469 
157100 3558 3446 
157150 3557 3415 
157200 3560 3374 
157250 3560 3347 
157300 3561 3289 
157350 3545 3230 
157400 3545 3201 
157450 3553 3179 
157500 3542 3115 
157550 3549 3349 
157600 3555 3483 
157650 3544 3517 
157700 3561 3531 
157750 3543 3514 
157800 3553 3523 
157850 3552 3529 
157900 3553 3534 
157950 3545 3529 
158000 3539 3520 
158050 3543 3505 
158100 3549 3479 
158150 3558 3459 
158200 3566 3436 
158250 3557 3393 
158300 3541 3330 
158350 3548 3313 
158400 3541 3249 
158450 3550 3175 
158500 3546 3136 
158550 3518 3323 
158600 3539 3455 
158650 3541 3512 
158700 3535 3505 
158750 3559 3540 
158800 3544 3539 
158850 3566 3545 
158900 3548 3529 
158950 3548 3536 
159000 3552 3544 
159050 3552 3512 
159100 3550 3475 
159150 3554 3439 
159200 3557 3400 
159250 3560 3376 
159300 3545 3354 
159350 3544 3302 
159400 3553 3297 
159450 3550 3269 
159500 3540 3230 
159550 3548 3412 
159600 3543 3484 
159650 3540 3518 
159700 3545 3524 
159750 3543 3525 
159800 3559 3531 
159850 3555 3531 
159900 3540 3522 
159950 3560 3548 
160000 3556 3538 
160050 3554 3526 
160100 3558 3483 
160150 3535 3423 
160200 3559 3381 
160250 3537 3334 
160300 3551 3323 
160350 3543 3325 
160400 3546 3300 
160450 3544 3327 
160500 3547 3308 
160550 3550 3450 
160600 3540 3500 
160650 3545 3524 
160700 3555 3535 
160750 3542 3522 
160800 3549 3527 
160850 3548 3534 
160900 3556 3544 
160950 3553 3526 
161000 3534 3500 
161050 3531 3506 
161100 3540 3477 
161150 3549 3441 
161200 3533 3399 
161250 3548 3336 
161300 3553 3280 
161350 3554 3244 
161400 3554 3251 
161450 3539 3212 
161500 3535 3232 
161550 3537 3367 
161600 3540 3496 
161650 3539 3521 
161700 3550 3535 
161750 3557 3545 
161800 3550 3528 
161850 3538 3519 
161900 3543 3516 
161950 3543 3511 
162000 3544 3530 
162050 3538 3509 
162100 3546 3477 
162150 3548 3475 
162200 3548 3434 
162250 3551 3399 
162300 3564 3405 
162350 3557 3374 
162400 3539 3313 
162450 3542 3252 
162500 3540 3236 
162550 3546 3374 
162600 3525 3478 
162650 3538 3508 
162700 3540 3521 
162750 3553 3532 
162800 3541 3532 
162850 3563 3555 
162900 3548 3524 
162950 3534 3519 
163000 3542 3529 
163050 3544 3516 
163100 3556 3511 
163150 3555 3462 
163200 3564 3442 
163250 3549 3389 
163300 3541 3341 
163350 3530 3288 
163400 3543 3245 
163450 3528 3182 
163500 3539 3140 
163550 3543 3348 
163600 3545 3473 
163650 3551 3526 
163700 3542 3522 
163750 3545 3531 
163800 3565 3536 
163850 3566 3545 
163900 3534 3514 
163950 3555 3541 
164000 3539 3523 
164050 3557 3522 
164100 3548 3484 
164150 3546 3467 
164200 3537 3406 
164250 3539 3370 
164300 3551 3321 
164350 3536 3302 
164400 3548 3274 
164450 3544 3230 
164500 3541 3209 
164550 3535 3394 
164600 3537 3471 
164650 3559 3531 
164700 3556 3532 
164750 3560 3544 
164800 3563 3551 
164850 3544 3518 
164900 3553 3531 
164950 3531 3517 
165000 3538 3522 
165050 3541 3492 
165100 3553 3489 
165150 3553 3460 
165200 3544 3419 
165250 3546 3382 
165300 3531 3354 
165350 3535 3315 
165400 3555 3316 
165450 3551 3264 
165500 3537 3191 
165550 3534 3353 
165600 3538 3455 
165650 3550 3518 
165700 3556 3528 
165750 3564 3538 
165800 3560 3538 
165850 3546 3529 
165900 3551 3533 
165950 3560 3525 
166000 3549 3532 
166050 3544 3507 
166100 3560 3484 
166150 3554 3437 
166200 3549 3380 
166250 3544 3358 
166300 3537 3299 
166350 3548 3251 
166400 3547 3233 
166450 3542 3195 
166500 3557 3197 
166550 3531 3345 
166600 3549 3470 
166650 3559 3539 
166700 3551 3534 
166750 3549 3539 
166800 3546 3533 
166850 3548 3534 
166900 3544 3530 
166950 3563 3549 
167000 3553 3531 
167050 3540 3523 
167100 3542 3482 
167150 3564 3485 
167200 3548 3427 
167250 3542 3406 
167300 3545 3358 
167350 3550 3342 
167400 3552 3293 
167450 3546 3248 
167500 3539 3222 
167550 3540 3418 
167600 3537 3490 
167650 3555 3528 
167700 3550 3522 
167750 3551 3532 
167800 3537 3523 
167850 3545 3524 
167900 3541 3529 
167950 3552 3544 
168000 3553 3531 
168050 3551 3522 
168100 3553 3494 
168150 3552 3442 
168200 3553 3408 
168250 3551 3403 
168300 3565 3373 
168350 3552 3310 
168400 3544 3258 
168450 3544 3256 
168500 3547 3230 
168550 3547 3380 
168600 3554 3493 
168650 3545 3521 
168700 3544 3530 
168750 3544 3524 
168800 3528 3518 
168850 3542 3533 
168900 3532 3523 
168950 3557 3538 
169000 3539 3514 
169050 3551 3501 
169100 3548 3466 
169150 3548 3433 
169200 3547 3396 
169250 3543 3373 
169300 3551 3337 
169350 3552 3288 
169400 3531 3291 
169450 3547 3280 
169500 3530 3243 
169550 3539 3405 
169600 3527 3503 
169650 3549 3541 
169700 3547 3536 
169750 3539 3517 
169800 3547 3528 
169850 3553 3538 
169900 3545 3521 
169950 3544 3523 
170000 3552 3548 
170050 3550 3509 
170100 3543 3455 
170150 3560 3409 
170200 3556 3376 
170250 3549 3334 
170300 3554 3275 
170350 3528 3188 
170400 3553 3222 
170450 3545 3201 
170500 3565 3167 
170550 3548 3332 
170600 3535 3458 
170650 3552 3526 
170700 3556 3527 
170750 3542 3520 
170800 3544 3513 
170850 3536 3519 
170900 3541 3520 
170950 3551 3529 
171000 3529 3517 
171050 3532 3495 
171100 3552 3484 
171150 3551 3458 
171200 3561 3415 
171250 3554 3366 
171300 3537 3316 
171350 3529 3273 
171400 3543 3301 
171450 3552 3243 
171500 3550 3232 
171550 3534 3372 
171600 3542 3498 
171650 3572 3545 
171700 3562 3547 
171750 3541 3514 
171800 3546 3532 
171850 3544 3534 
171900 3552 3536 
171950 3574 3555 
172000 3554 3527 
172050 3535 3507 
172100 3552 3484 
172150 3547 3440 
172200 3546 3432 
172250 3550 3411 
172300 3550 3409 
172350 3549 3389 
172400 3553 3390 
172450 3542 3345 
172500 3557 3330 
172550 3550 3433 
172600 3553 3510 
172650 3549 3526 
172700 3555 3534 
172750 3538 3518 
172800 3543 3536 
172850 3548 3536 
172900 3542 3522 
172950 3552 3541 
173000 3552 3535 
173050 3534 3517 
173100 3543 3482 
173150 3540 3450 
173200 3533 3416 
173250 3550 3417 
173300 3554 3398 
173350 3552 3350 
173400 3541 3258 
173450 3544 3176 
173500 3548 3117 
173550 3536 3333 
173600 3535 3479 
173650 3550 3522 
173700 3540 3526 
173750 3538 3519 
173800 3550 3538 
173850 3554 3537 
173900 3538 3527 
173950 3535 3520 
174000 3548 3527 
174050 3567 3528 
174100 3548 3475 
174150 3552 3428 
174200 3542 3391 
174250 3563 3366 
174300 3539 3306 
174350 3553 3299 
174400 3535 3263 
174450 3558 3218 
174500 3531 3125 
174550 3547 3312 
174600 3553 3459 
174650 3551 3516 
174700 3547 3524 
174750 3540 3525 
174800 3544 3532 
174850 3544 3520 
174900 3542 3523 
174950 3534 3521 
175000 3545 3524 
175050 3545 3520 
175100 3539 3501 
175150 3527 3460 
175200 3556 3475 
175250 3550 3410 
175300 3531 3333 
175350 3544 3314 
175400 3532 3263 
175450 3545 3261 
175500 3551 3245 
175550 3550 3405 
175600 3553 3500 
175650 3553 3530 
175700 3551 3540 
175750 3561 3544 
175800 3554 3533 
175850 3544 3537 
175900 3538 3527 
175950 3532 3519 
176000 3525 3506 
176050 3555 3512 
176100 3546 3463 
176150 3561 3432 
176200 3549 3393 
176250 3564 3369 
176300 3552 3294 
176350 3554 3264 
176400 3534 3228 
176450 3554 3206 
176500 3558 3181 
176550 3545 3352 
176600 3553 3483 
176650 3543 3518 
176700 3536 3523 
176750 3533 3525 
176800 3550 3541 
176850 3549 3532 
176900 3547 3530 
176950 3548 3538 
177000 3542 3531 
177050 3549 3526 
177100 3545 3492 
177150 3539 3452 
177200 3546 3430 
177250 3546 3408 
177300 3563 3400 
177350 3542 3337 
177400 3562 3295 
177450 3550 3264 
177500 3553 3249 
177550 3532 3393 
177600 3547 3491 
177650 3538 3520 
177700 3548 3529 
177750 3555 3538 
177800 3549 3528 
177850 3540 3528 
177900 3547 3534 
177950 3558 3538 
178000 3555 3534 
178050 3544 3496 
178100 3544 3454 
178150 3557 3460 
178200 3546 3401 
178250 3555 3376 
178300 3543 3335 
178350 3541 3327 
178400 3541 3278 
178450 3556 3273 
178500 3562 3202 
178550 3546 3390 
178600 3549 3486 
178650 3547 3525 
178700 3543 3522 
178750 3552 3539 
178800 3561 3541 
178850 3540 3509 
178900 3544 3520 
178950 3561 3542 
179000 3542 3521 
179050 3549 3514 
179100 3550 3491 
179150 3553 3432 
179200 3537 3363 
179250 3530 3320 
179300 3539 3311 
179350 3545 3252 
179400 3548 3258 
179450 3540 3164 
179500 3558 3121 
179550 3549 3330 
179600 3573 3494 
179650 3553 3520 
179700 3550 3537 
179750 3545 3525 
179800 3560 3538 
179850 3555 3538 
179900 3547 3532 
179950 3556 3535 
180000 3568 3559 
180050 3551 3519 
180100 3557 3478 
180150 3543 3439 
180200 3558 3399 
180250 3533 3311 
180300 3550 3257 
180350 3540 3260 
180400 3544 3233 
180450 3556 3264 
180500 3552 3251 
180550 3557 3442 
180600 3554 3516 
180650 3545 3521 
180700 3560 3541 
180750 3559 3535 
180800 3566 3543 
180850 3554 3531 
180900 3554 3540 
180950 3560 3540 
181000 3552 3521 
181050 3563 3534 
181100 3562 3501 
181150 3535 3436 
181200 3541 3420 
181250 3544 3380 
181300 3531 3331 
181350 3529 3237 
181400 3533 3208 
181450 3549 3188 
181500 3554 3172 
181550 3565 3347 
181600 3549 3482 
181650 3544 3508 
181700 3553 3523 
181750 3542 3518 
181800 3542 3524 
181850 3544 3528 
181900 3547 3533 
181950 3547 3532 
182000 3541 3530 
182050 3537 3513 
182100 3552 3486 
182150 3552 3474 
182200 3548 3437 
182250 3555 3408 
182300 3542 3343 
182350 3563 3336 
182400 3560 3274 
182450 3535 3244 
182500 3538 3179 
182550 3545 3378 
182600 3525 3481 
182650 3544 3518 
182700 3553 3536 
182750 3542 3515 
182800 3550 3531 
182850 3543 3522 
182900 3558 3540 
182950 3537 3517 
183000 3554 3535 
183050 3561 3522 
183100 3552 3481 
183150 3555 3424 
183200 3540 3387 
183250 3536 3349 
183300 3547 3327 
183350 3546 3314 
183400 3539 3278 
183450 3532 3248 
183500 3535 3256 
183550 3542 3395 
183600 3544 3490 
183650 3534 3512 
183700 3547 3523 
183750 3531 3502 
183800 3551 3533 
183850 3546 3521 
183900 3546 3531 
183950 3548 3537 
184000 3540 3526 
184050 3543 3518 
184100 3561 3481 
184150 3541 3442 
184200 3538 3419 
184250 3547 3395 
184300 3556 3362 
184350 3544 3303 
184400 3540 3274 
184450 3540 3210 
184500 3541 3203 
184550 3559 3406 
184600 3561 3525 
184650 3552 3536 
184700 3547 3531 
184750 3545 3516 
184800 3544 3534 
184850 3539 3531 
184900 3543 3529 
184950 3546 3532 
185000 3554 3535 
185050 3543 3500 
185100 3542 3429 
185150 3543 3395 
185200 3550 3333 
185250 3557 3340 
185300 3550 3294 
185350 3546 3279 
185400 3552 3291 
185450 3528 3272 
185500 3542 3293 
185550 3521 3396 
185600 3542 3481 
185650 3551 3512 
185700 3546 3521 
185750 3546 3530 
185800 3545 3505 
185850 3544 3530 
185900 3539 3525 
185950 3548 3535 
186000 3532 3516 
186050 3552 3524 
186100 3548 3489 
186150 3547 3450 
186200 3550 3451 
186250 3551 3414 
186300 3536 3381 
186350 3549 3362 
186400 3545 3339 
186450 3540 3300 
186500 3551 3307 
186550 3538 3439 
186600 3553 3516 
186650 3540 3526 
186700 3534 3528 
186750 3532 3525 
186800 3550 3530 
186850 3550 3525 
186900 3571 3565 
186950 3535 3507 
187000 3532 3519 
187050 3529 3501 
187100 3554 3503 
187150 3534 3418 
187200 3542 3371 
187250 3549 3339 
187300 3534 3312 
187350 3554 3308 
187400 3544 3241 
187450 3541 3183 
187500 3555 3199 
187550 3551 3383 
187600 3548 3500 
187650 3549 3529 
187700 3546 3525 
187750 3548 3531 
187800 3558 3546 
187850 3558 3543 
187900 3562 3539 
187950 3546 3527 
188000 3544 3512 
188050 3549 3515 
188100 3545 3489 
188150 3546 3463 
188200 3538 3417 
188250 3541 3403 
188300 3551 3378 
188350 3544 3358 
188400 3557 3323 
188450 3553 3287 
188500 3552 3281 
188550 3535 3424 
188600 3523 3503 
188650 3547 3534 
188700 3555 3535 
188750 3561 3542 
188800 3550 3542 
188850 3545 3518 
188900 3558 3544 
188950 3544 3522 
189000 3523 3507 
189050 3545 3503 
189100 3562 3502 
189150 3540 3465 
189200 3551 3437 
189250 3547 3382 
189300 3558 3341 
189350 3548 3314 
189400 3553 3289 
189450 3547 3249 
189500 3537 3224 
189550 3522 3349 
189600 3551 3498 
189650 3545 3522 
189700 3543 3527 
189750 3548 3541 
189800 3542 3518 
189850 3550 3536 
189900 3553 3535 
189950 3553 3544 
190000 3547 3528 
190050 3546 3516 
190100 3548 3471 
190150 3568 3458 
190200 3552 3380 
190250 3549 3338 
190300 3545 3309 
190350 3544 3275 
190400 3548 3270 
190450 3543 3264 
190500 3548 3255 
190550 3549 3404 
190600 3536 3487 
190650 3549 3518 
190700 3547 3519 
190750 3546 3527 
190800 3531 3519 
190850 3546 3525 
190900 3552 3532 
190950 3541 3523 
191000 3548 3543 
191050 3551 3494 
191100 3550 3459 
191150 3551 3407 
191200 3536 3362 
191250 3550 3340 
191300 3558 3304 
191350 3534 3288 
191400 3562 3324 
191450 3543 3273 
191500 3538 3258 
191550 3551 3425 
191600 3554 3497 
191650 3551 3520 
191700 3548 3525 
191750 3548 3521 
191800 3543 3526 
191850 3539 3509 
191900 3564 3543 
191950 3551 3529 
192000 3552 3534 
192050 3552 3496 
192100 3562 3461 
192150 3538 3384 
192200 3541 3389 
192250 3555 3397 
192300 3543 3321 
192350 3534 3223 
192400 3550 3216 
192450 3554 3183 
192500 3550 3176 
192550 3550 3363 
192600 3543 3474 
192650 3542 3523 
192700 3537 3511 
192750 3542 3530 
192800 3548 3525 
192850 3540 3517 
192900 3546 3522 
192950 3544 3520 
193000 3543 3527 
193050 3557 3520 
193100 3553 3493 
193150 3556 3469 
193200 3549 3441 
193250 3530 3376 
193300 3557 3345 
193350 3564 3348 
193400 3543 3266 
193450 3542 3224 
193500 3542 3225 
193550 3536 3405 
193600 3545 3496 
193650 3548 3528 
193700 3548 3533 
193750 3549 3535 
193800 3548 3529 
193850 3547 3530 
193900 3557 3524 
193950 3528 3517 
194000 3551 3540 
194050 3550 3535 
194100 3557 3511 
194150 3559 3468 
194200 3545 3413 
194250 3555 3352 
194300 3539 3288 
194350 3541 3276 
194400 3542 3234 
194450 3543 3205 
194500 3542 3208 
194550 3535 3383 
194600 3547 3480 
194650 3556 3520 
194700 3548 3529 
194750 3567 3551 
194800 3544 3520 
194850 3545 3518 
194900 3559 3534 
194950 3552 3533 
195000 3541 3527 
195050 3544 3511 
195100 3542 3460 
195150 3549 3441 
195200 3538 3424 
195250 3560 3391 
195300 3551 3389 
195350 3557 3330 
195400 3548 3204 
195450 3549 3138 
195500 3557 3070 
195550 3544 3296 
195600 3559 3489 
195650 3543 3513 
195700 3544 3529 
195750 3564 3536 
195800 3543 3537 
195850 3552 3536 
195900 3554 3525 
195950 3555 3545 
196000 3526 3514 
196050 3529 3491 
196100 3556 3439 
196150 3554 3415 
196200 3543 3347 
196250 3554 3302 
196300 3559 3262 
196350 3553 3231 
196400 3551 3200 
196450 3558 3157 
196500 3549 3116 
196550 3543 3351 
196600 3545 3476 
196650 3558 3533 
196700 3547 3531 
196750 3559 3534 
196800 3557 3536 
196850 3544 3530 
196900 3541 3525 
196950 3543 3540 
197000 3556 3538 
197050 3563 3541 
197100 3557 3508 
197150 3549 3442 
197200 3550 3359 
197250 3556 3344 
197300 3545 3285 
197350 3547 3221 
197400 3549 3188 
197450 3562 3196 
197500 3549 3141 
197550 3540 3332 
197600 3533 3465 
197650 3547 3524 
197700 3545 3522 
197750 3546 3534 
197800 3542 3524 
197850 3538 3517 
197900 3549 3532 
197950 3547 3531 
198000 3553 3541 
198050 3575 3537 
198100 3558 3479 
198150 3540 3436 
198200 3540 3407 
198250 3558 3398 
198300 3551 3334 
198350 3548 3283 
198400 3541 3270 
198450 3545 3240 
198500 3554 3240 
198550 3549 3363 
198600 3549 3476 
198650 3552 3518 
198700 3538 3535 
198750 3547 3537 
198800 3543 3517 
198850 3559 3543 
198900 3526 3514 
198950 3556 3536 
199000 3544 3538 
199050 3559 3528 
199100 3552 3491 
199150 3556 3445 
199200 3549 3431 
199250 3548 3417 
199300 3547 3388 
199350 3550 3363 
199400 3556 3302 
199450 3538 3233 
199500 3559 3217 
199550 3558 3374 
199600 3556 3479 
199650 3557 3528 
199700 3542 3517 
199750 3557 3541 
199800 3543 3524 
199850 3546 3534 
199900 3558 3539 
199950 3554 3543 
200000 3545 3531 
