# Avida tasks data
# Sat Apr  7 03:20:30 2012
# First column gives the current update, next columns give the number
# of organisms that have the particular task as a component of their merit
#  1: Update
#  2: Xor
#  3: Equals

0 0 0 
50 7 7 
100 29 29 
150 83 83 
200 189 189 
250 368 370 
300 601 603 
350 861 858 
400 1178 1180 
450 1572 1575 
500 2020 2018 
550 2495 2490 
600 3028 3024 
650 3357 3361 
700 3503 3508 
750 3527 3528 
800 3539 3542 
850 3537 3532 
900 3529 3532 
950 3533 3532 
1000 3537 3536 
1050 3531 3536 
1100 3540 3524 
1150 3535 3516 
1200 3553 3532 
1250 3540 3528 
1300 3532 3522 
1350 3543 3524 
1400 3541 3521 
1450 3516 3483 
1500 3549 3514 
1550 3542 3521 
1600 3550 3542 
1650 3552 3549 
1700 3539 3541 
1750 3533 3536 
1800 3530 3533 
1850 3544 3543 
1900 3559 3555 
1950 3544 3542 
2000 3546 3542 
2050 3531 3537 
2100 3553 3547 
2150 3540 3517 
2200 3547 3509 
2250 3546 3501 
2300 3538 3485 
2350 3542 3476 
2400 3546 3446 
2450 3539 3454 
2500 3557 3451 
2550 3543 3475 
2600 3540 3501 
2650 3545 3521 
2700 3548 3532 
2750 3522 3519 
2800 3551 3554 
2850 3543 3543 
2900 3560 3562 
2950 3535 3534 
3000 3548 3550 
3050 3547 3541 
3100 3559 3547 
3150 3543 3527 
3200 3547 3510 
3250 3550 3493 
3300 3550 3463 
3350 3537 3433 
3400 3541 3445 
3450 3543 3418 
3500 3549 3395 
3550 3521 3420 
3600 3519 3468 
3650 3546 3530 
3700 3525 3525 
3750 3549 3552 
3800 3535 3532 
3850 3540 3540 
3900 3527 3533 
3950 3548 3549 
4000 3550 3553 
4050 3547 3547 
4100 3547 3537 
4150 3554 3530 
4200 3529 3506 
4250 3547 3511 
4300 3527 3496 
4350 3529 3504 
4400 3530 3491 
4450 3548 3501 
4500 3548 3495 
4550 3544 3507 
4600 3546 3531 
4650 3531 3525 
4700 3546 3545 
4750 3547 3549 
4800 3543 3542 
4850 3554 3553 
4900 3552 3553 
4950 3552 3554 
5000 3547 3546 
5050 3552 3555 
5100 3554 3549 
5150 3539 3524 
5200 3555 3535 
5250 3552 3523 
5300 3528 3492 
5350 3541 3505 
5400 3551 3515 
5450 3529 3483 
5500 3549 3487 
5550 3550 3527 
5600 3544 3532 
5650 3554 3550 
5700 3557 3555 
5750 3550 3544 
5800 3547 3550 
5850 3552 3547 
5900 3548 3543 
5950 3537 3546 
6000 3526 3526 
6050 3542 3546 
6100 3536 3523 
6150 3543 3508 
6200 3518 3486 
6250 3535 3505 
6300 3539 3500 
6350 3530 3494 
6400 3541 3480 
6450 3541 3457 
6500 3557 3468 
6550 3561 3522 
6600 3534 3523 
6650 3549 3546 
6700 3546 3541 
6750 3547 3545 
6800 3545 3552 
6850 3552 3552 
6900 3563 3556 
6950 3553 3553 
7000 3543 3539 
7050 3547 3544 
7100 3566 3558 
7150 3546 3539 
7200 3546 3531 
7250 3548 3514 
7300 3553 3497 
7350 3555 3492 
7400 3541 3461 
7450 3561 3474 
7500 3553 3428 
7550 3538 3469 
7600 3536 3519 
7650 3550 3541 
7700 3552 3547 
7750 3550 3548 
7800 3547 3549 
7850 3550 3549 
7900 3543 3542 
7950 3545 3544 
8000 3551 3546 
8050 3551 3546 
8100 3564 3555 
8150 3561 3525 
8200 3533 3500 
8250 3560 3524 
8300 3532 3487 
8350 3547 3512 
8400 3550 3512 
8450 3546 3509 
8500 3544 3498 
8550 3533 3506 
8600 3541 3530 
8650 3539 3541 
8700 3539 3543 
8750 3554 3550 
8800 3553 3551 
8850 3554 3554 
8900 3534 3532 
8950 3554 3553 
9000 3560 3560 
9050 3544 3544 
9100 3553 3537 
9150 3539 3515 
9200 3547 3513 
9250 3532 3500 
9300 3542 3498 
9350 3549 3480 
9400 3562 3493 
9450 3543 3482 
9500 3547 3465 
9550 3547 3504 
9600 3564 3545 
9650 3535 3531 
9700 3537 3542 
9750 3556 3564 
9800 3553 3555 
9850 3553 3552 
9900 3550 3548 
9950 3555 3562 
10000 3521 3529 
10050 3527 3538 
10100 3538 3528 
10150 3515 3496 
10200 3521 3508 
10250 3553 3527 
10300 3537 3494 
10350 3547 3491 
10400 3553 3502 
10450 3539 3473 
10500 3553 3490 
10550 3544 3509 
10600 3539 3533 
10650 3548 3540 
10700 3528 3529 
10750 3557 3555 
10800 3544 3545 
10850 3533 3536 
10900 3543 3541 
10950 3535 3535 
11000 3545 3551 
11050 3543 3545 
11100 3549 3550 
11150 3553 3538 
11200 3544 3515 
11250 3540 3524 
11300 3537 3510 
11350 3538 3494 
11400 3550 3490 
11450 3544 3489 
11500 3537 3449 
11550 3539 3481 
11600 3539 3514 
11650 3547 3540 
11700 3534 3533 
11750 3544 3546 
11800 3539 3539 
11850 3545 3546 
11900 3537 3540 
11950 3557 3554 
12000 3539 3528 
12050 3549 3546 
12100 3561 3538 
12150 3554 3525 
12200 3533 3508 
12250 3566 3535 
12300 3548 3526 
12350 3548 3500 
12400 3543 3479 
12450 3551 3488 
12500 3552 3492 
12550 3540 3501 
12600 3542 3515 
12650 3535 3529 
12700 3539 3538 
12750 3543 3539 
12800 3543 3539 
12850 3543 3545 
12900 3542 3542 
12950 3536 3537 
13000 3536 3535 
13050 3548 3546 
13100 3548 3544 
13150 3526 3532 
13200 3533 3525 
13250 3562 3535 
13300 3539 3486 
13350 3540 3500 
13400 3534 3478 
13450 3543 3489 
13500 3534 3470 
13550 3521 3488 
13600 3528 3521 
13650 3539 3533 
13700 3539 3539 
13750 3545 3544 
13800 3567 3562 
13850 3540 3544 
13900 3541 3541 
13950 3561 3557 
14000 3546 3539 
14050 3533 3521 
14100 3560 3527 
14150 3535 3487 
14200 3543 3494 
14250 3534 3475 
14300 3551 3467 
14350 3551 3424 
14400 3569 3433 
14450 3542 3409 
14500 3553 3424 
14550 3548 3473 
14600 3533 3506 
14650 3541 3534 
14700 3557 3547 
14750 3545 3542 
14800 3548 3547 
14850 3560 3560 
14900 3546 3535 
14950 3545 3538 
15000 3530 3530 
15050 3558 3550 
15100 3534 3516 
15150 3546 3511 
15200 3532 3486 
15250 3560 3514 
15300 3545 3510 
15350 3555 3502 
15400 3548 3489 
15450 3541 3487 
15500 3527 3457 
15550 3533 3504 
15600 3533 3525 
15650 3545 3548 
15700 3546 3548 
15750 3534 3534 
15800 3552 3559 
15850 3549 3549 
15900 3563 3558 
15950 3539 3532 
16000 3544 3543 
16050 3528 3537 
16100 3548 3526 
16150 3554 3523 
16200 3545 3509 
16250 3544 3503 
16300 3541 3495 
16350 3557 3486 
16400 3556 3465 
16450 3528 3437 
16500 3536 3442 
16550 3544 3507 
16600 3542 3529 
16650 3533 3531 
16700 3552 3551 
16750 3541 3538 
16800 3540 3540 
16850 3551 3553 
16900 3549 3547 
16950 3561 3559 
17000 3561 3558 
17050 3546 3545 
17100 3544 3529 
17150 3545 3508 
17200 3542 3477 
17250 3561 3501 
17300 3545 3482 
17350 3545 3460 
17400 3548 3458 
17450 3538 3440 
17500 3544 3433 
17550 3547 3480 
17600 3546 3516 
17650 3530 3526 
17700 3531 3525 
17750 3546 3544 
17800 3557 3561 
17850 3554 3555 
17900 3537 3543 
17950 3536 3539 
18000 3538 3535 
18050 3553 3548 
18100 3558 3532 
18150 3542 3507 
18200 3558 3508 
18250 3571 3510 
18300 3561 3494 
18350 3539 3470 
18400 3545 3479 
18450 3538 3464 
18500 3538 3458 
18550 3536 3489 
18600 3553 3544 
18650 3534 3539 
18700 3540 3548 
18750 3561 3558 
18800 3543 3546 
18850 3550 3552 
18900 3544 3541 
18950 3552 3555 
19000 3546 3550 
19050 3540 3546 
19100 3538 3531 
19150 3552 3543 
19200 3557 3527 
19250 3540 3513 
19300 3554 3526 
19350 3547 3494 
19400 3549 3507 
19450 3546 3500 
19500 3552 3498 
19550 3539 3509 
19600 3541 3539 
19650 3559 3558 
19700 3532 3525 
19750 3539 3538 
19800 3540 3542 
19850 3555 3552 
19900 3547 3553 
19950 3553 3551 
20000 3538 3541 
20050 3544 3541 
20100 3545 3528 
20150 3537 3518 
20200 3543 3522 
20250 3550 3530 
20300 3542 3508 
20350 3536 3491 
20400 3548 3480 
20450 3540 3462 
20500 3533 3446 
20550 3538 3501 
20600 3538 3533 
20650 3554 3550 
20700 3548 3542 
20750 3535 3534 
20800 3554 3550 
20850 3550 3554 
20900 3555 3556 
20950 3550 3556 
21000 3558 3556 
21050 3545 3539 
21100 3552 3528 
21150 3546 3528 
21200 3551 3524 
21250 3520 3468 
21300 3557 3490 
21350 3541 3468 
21400 3534 3441 
21450 3525 3451 
21500 3540 3469 
21550 3531 3489 
21600 3528 3516 
21650 3543 3537 
21700 3555 3556 
21750 3553 3547 
21800 3545 3543 
21850 3538 3537 
21900 3528 3531 
21950 3540 3540 
22000 3549 3542 
22050 3540 3539 
22100 3557 3532 
22150 3539 3500 
22200 3535 3505 
22250 3534 3484 
22300 3539 3477 
22350 3553 3488 
22400 3539 3465 
22450 3546 3450 
22500 3540 3445 
22550 3540 3500 
22600 3542 3542 
22650 3543 3546 
22700 3536 3538 
22750 3550 3555 
22800 3546 3541 
22850 3549 3549 
22900 3521 3519 
22950 3534 3538 
23000 3551 3553 
23050 3530 3540 
23100 3561 3552 
23150 3542 3529 
23200 3553 3521 
23250 3527 3476 
23300 3549 3490 
23350 3537 3492 
23400 3536 3486 
23450 3534 3468 
23500 3528 3451 
23550 3544 3501 
23600 3562 3549 
23650 3550 3542 
23700 3546 3547 
23750 3555 3557 
23800 3545 3547 
23850 3539 3537 
23900 3541 3542 
23950 3547 3553 
24000 3532 3530 
24050 3548 3549 
24100 3534 3528 
24150 3539 3526 
24200 3543 3521 
24250 3542 3519 
24300 3533 3498 
24350 3528 3488 
24400 3544 3494 
24450 3548 3491 
24500 3547 3475 
24550 3541 3488 
24600 3523 3512 
24650 3555 3554 
24700 3555 3553 
24750 3537 3542 
24800 3564 3563 
24850 3550 3551 
24900 3552 3549 
24950 3544 3543 
25000 3545 3542 
25050 3557 3557 
25100 3567 3558 
25150 3531 3521 
25200 3540 3530 
25250 3530 3518 
25300 3542 3507 
25350 3543 3493 
25400 3540 3478 
25450 3552 3506 
25500 3547 3501 
25550 3557 3529 
25600 3540 3530 
25650 3539 3537 
25700 3548 3546 
25750 3549 3558 
25800 3534 3539 
25850 3541 3543 
25900 3551 3549 
25950 3554 3553 
26000 3567 3574 
26050 3552 3560 
26100 3552 3540 
26150 3523 3512 
26200 3537 3526 
26250 3551 3547 
26300 3547 3530 
26350 3553 3536 
26400 3533 3518 
26450 3542 3531 
26500 3544 3526 
26550 3540 3524 
26600 3544 3541 
26650 3541 3541 
26700 3542 3542 
26750 3553 3546 
26800 3547 3540 
26850 3543 3546 
26900 3545 3550 
26950 3543 3549 
27000 3536 3537 
27050 3539 3533 
27100 3537 3519 
27150 3537 3519 
27200 3541 3500 
27250 3544 3498 
27300 3539 3482 
27350 3539 3470 
27400 3544 3444 
27450 3547 3440 
27500 3556 3455 
27550 3535 3474 
27600 3544 3501 
27650 3554 3527 
27700 3535 3525 
27750 3547 3549 
27800 3539 3543 
27850 3545 3549 
27900 3559 3565 
27950 3561 3563 
28000 3565 3563 
28050 3550 3551 
28100 3560 3543 
28150 3551 3517 
28200 3557 3520 
28250 3553 3492 
28300 3564 3495 
28350 3552 3471 
28400 3553 3448 
28450 3546 3459 
28500 3551 3446 
28550 3544 3481 
28600 3555 3535 
28650 3552 3543 
28700 3552 3549 
28750 3552 3554 
28800 3547 3552 
28850 3561 3563 
28900 3551 3550 
28950 3545 3545 
29000 3535 3543 
29050 3537 3544 
29100 3555 3528 
29150 3552 3526 
29200 3556 3529 
29250 3556 3528 
29300 3541 3513 
29350 3550 3496 
29400 3550 3481 
29450 3569 3512 
29500 3547 3499 
29550 3540 3525 
29600 3534 3533 
29650 3529 3533 
29700 3535 3542 
29750 3548 3551 
29800 3560 3560 
29850 3556 3556 
29900 3547 3549 
29950 3549 3552 
30000 3542 3546 
30050 3539 3538 
30100 3558 3544 
30150 3538 3527 
30200 3549 3510 
30250 3550 3505 
30300 3546 3502 
30350 3549 3490 
30400 3544 3479 
30450 3541 3435 
30500 3571 3473 
30550 3540 3484 
30600 3541 3527 
30650 3542 3537 
30700 3553 3550 
30750 3541 3542 
30800 3527 3525 
30850 3535 3537 
30900 3553 3551 
30950 3565 3558 
31000 3549 3552 
31050 3536 3530 
31100 3550 3530 
31150 3556 3531 
31200 3560 3527 
31250 3536 3498 
31300 3570 3520 
31350 3561 3496 
31400 3562 3485 
31450 3548 3458 
31500 3538 3455 
31550 3558 3515 
31600 3536 3536 
31650 3536 3535 
31700 3542 3542 
31750 3548 3549 
31800 3546 3546 
31850 3546 3546 
31900 3531 3531 
31950 3554 3548 
32000 3553 3552 
32050 3547 3538 
32100 3548 3522 
32150 3552 3495 
32200 3561 3510 
32250 3556 3490 
32300 3548 3477 
32350 3551 3472 
32400 3551 3471 
32450 3550 3466 
32500 3549 3448 
32550 3541 3515 
32600 3548 3532 
32650 3547 3546 
32700 3550 3544 
32750 3550 3552 
32800 3546 3547 
32850 3551 3545 
32900 3556 3558 
32950 3552 3559 
33000 3572 3571 
33050 3562 3553 
33100 3562 3544 
33150 3555 3532 
33200 3543 3507 
33250 3536 3481 
33300 3560 3479 
33350 3553 3477 
33400 3549 3472 
33450 3544 3455 
33500 3553 3443 
33550 3530 3471 
33600 3558 3538 
33650 3544 3539 
33700 3550 3549 
33750 3545 3537 
33800 3569 3562 
33850 3546 3533 
33900 3552 3546 
33950 3542 3544 
34000 3559 3556 
34050 3557 3545 
34100 3558 3533 
34150 3545 3509 
34200 3535 3476 
34250 3537 3475 
34300 3551 3480 
34350 3547 3453 
34400 3542 3429 
34450 3561 3421 
34500 3551 3400 
34550 3542 3453 
34600 3541 3518 
34650 3525 3520 
34700 3544 3547 
34750 3557 3549 
34800 3552 3548 
34850 3558 3552 
34900 3560 3551 
34950 3552 3545 
35000 3555 3538 
35050 3558 3536 
35100 3550 3515 
35150 3535 3493 
35200 3541 3479 
35250 3558 3483 
35300 3555 3441 
35350 3553 3452 
35400 3537 3442 
35450 3562 3426 
35500 3565 3423 
35550 3559 3483 
35600 3551 3524 
35650 3544 3530 
35700 3544 3538 
35750 3561 3545 
35800 3556 3543 
35850 3541 3535 
35900 3553 3546 
35950 3548 3542 
36000 3558 3554 
36050 3539 3520 
36100 3568 3539 
36150 3552 3512 
36200 3543 3463 
36250 3555 3454 
36300 3547 3449 
36350 3545 3427 
36400 3567 3441 
36450 3550 3441 
36500 3552 3443 
36550 3537 3481 
36600 3549 3530 
36650 3562 3549 
36700 3550 3536 
36750 3564 3555 
36800 3557 3548 
36850 3556 3545 
36900 3561 3549 
36950 3551 3543 
37000 3542 3532 
37050 3555 3524 
37100 3561 3509 
37150 3556 3468 
37200 3540 3454 
37250 3550 3440 
37300 3548 3416 
37350 3565 3398 
37400 3568 3355 
37450 3553 3325 
37500 3548 3311 
37550 3548 3419 
37600 3543 3500 
37650 3546 3536 
37700 3547 3537 
37750 3543 3532 
37800 3556 3551 
37850 3548 3540 
37900 3570 3563 
37950 3542 3530 
38000 3564 3558 
38050 3559 3526 
38100 3536 3476 
38150 3545 3482 
38200 3555 3455 
38250 3559 3458 
38300 3556 3457 
38350 3536 3401 
38400 3561 3428 
38450 3559 3401 
38500 3558 3387 
38550 3564 3471 
38600 3558 3527 
38650 3561 3551 
38700 3550 3532 
38750 3540 3523 
38800 3552 3540 
38850 3533 3529 
38900 3557 3539 
38950 3555 3542 
39000 3557 3543 
39050 3557 3533 
39100 3548 3514 
39150 3550 3467 
39200 3559 3456 
39250 3565 3438 
39300 3540 3429 
39350 3542 3397 
39400 3547 3400 
39450 3557 3395 
39500 3558 3381 
39550 3541 3480 
39600 3555 3535 
39650 3554 3543 
39700 3563 3554 
39750 3562 3553 
39800 3550 3542 
39850 3538 3519 
39900 3563 3552 
39950 3543 3526 
40000 3543 3529 
40050 3542 3511 
40100 3551 3502 
40150 3546 3477 
40200 3556 3459 
40250 3569 3467 
40300 3564 3456 
40350 3546 3431 
40400 3549 3414 
40450 3551 3409 
40500 3536 3376 
40550 3557 3493 
40600 3546 3522 
40650 3546 3522 
40700 3541 3524 
40750 3532 3528 
40800 3553 3540 
40850 3550 3539 
40900 3556 3540 
40950 3549 3544 
41000 3544 3542 
41050 3553 3527 
41100 3556 3489 
41150 3545 3432 
41200 3550 3434 
41250 3549 3405 
41300 3563 3418 
41350 3554 3369 
41400 3563 3356 
41450 3551 3312 
41500 3530 3305 
41550 3539 3452 
41600 3546 3507 
41650 3546 3514 
41700 3541 3525 
41750 3552 3543 
41800 3551 3539 
41850 3545 3537 
41900 3560 3550 
41950 3563 3556 
42000 3555 3538 
42050 3546 3519 
42100 3564 3492 
42150 3546 3433 
42200 3552 3420 
42250 3545 3373 
42300 3546 3320 
42350 3562 3302 
42400 3551 3266 
42450 3548 3241 
42500 3539 3221 
42550 3558 3413 
42600 3557 3518 
42650 3559 3540 
42700 3566 3551 
42750 3563 3544 
42800 3543 3526 
42850 3545 3530 
42900 3552 3531 
42950 3552 3539 
43000 3555 3549 
43050 3551 3530 
43100 3553 3512 
43150 3551 3506 
43200 3552 3483 
43250 3556 3464 
43300 3559 3439 
43350 3543 3435 
43400 3533 3404 
43450 3549 3407 
43500 3558 3432 
43550 3558 3507 
43600 3554 3534 
43650 3542 3533 
43700 3546 3529 
43750 3546 3529 
43800 3559 3538 
43850 3554 3536 
43900 3541 3529 
43950 3543 3524 
44000 3554 3559 
44050 3554 3507 
44100 3559 3478 
44150 3556 3433 
44200 3553 3426 
44250 3551 3381 
44300 3548 3342 
44350 3552 3329 
44400 3551 3310 
44450 3547 3319 
44500 3541 3300 
44550 3539 3442 
44600 3534 3502 
44650 3553 3530 
44700 3552 3538 
44750 3547 3532 
44800 3561 3550 
44850 3561 3542 
44900 3550 3541 
44950 3547 3534 
45000 3557 3548 
45050 3554 3525 
45100 3538 3499 
45150 3543 3469 
45200 3550 3448 
45250 3562 3436 
45300 3538 3385 
45350 3550 3352 
45400 3548 3337 
45450 3543 3295 
45500 3549 3222 
45550 3549 3368 
45600 3542 3467 
45650 3566 3542 
45700 3536 3533 
45750 3550 3533 
45800 3551 3535 
45850 3565 3545 
45900 3542 3524 
45950 3543 3522 
46000 3556 3539 
46050 3550 3535 
46100 3546 3513 
46150 3549 3487 
46200 3559 3458 
46250 3551 3434 
46300 3544 3375 
46350 3562 3343 
46400 3551 3312 
46450 3560 3282 
46500 3552 3215 
46550 3549 3390 
46600 3558 3499 
46650 3557 3535 
46700 3546 3532 
46750 3549 3540 
46800 3545 3535 
46850 3549 3544 
46900 3553 3546 
46950 3545 3528 
47000 3552 3534 
47050 3557 3516 
47100 3539 3457 
47150 3540 3443 
47200 3550 3407 
47250 3558 3419 
47300 3554 3416 
47350 3549 3387 
47400 3554 3363 
47450 3557 3373 
47500 3545 3338 
47550 3554 3476 
47600 3561 3541 
47650 3536 3519 
47700 3533 3523 
47750 3556 3539 
47800 3545 3531 
47850 3550 3538 
47900 3549 3548 
47950 3559 3553 
48000 3560 3549 
48050 3543 3522 
48100 3553 3514 
48150 3556 3498 
48200 3557 3482 
48250 3535 3444 
48300 3559 3450 
48350 3559 3440 
48400 3561 3421 
48450 3552 3350 
48500 3554 3369 
48550 3525 3460 
48600 3556 3525 
48650 3533 3526 
48700 3562 3557 
48750 3546 3533 
48800 3542 3531 
48850 3554 3537 
48900 3550 3544 
48950 3560 3547 
49000 3563 3555 
49050 3546 3517 
49100 3536 3484 
49150 3537 3448 
49200 3547 3448 
49250 3555 3447 
49300 3540 3415 
49350 3556 3460 
49400 3553 3462 
49450 3550 3420 
49500 3546 3384 
49550 3540 3455 
49600 3546 3510 
49650 3560 3548 
49700 3555 3540 
49750 3536 3526 
49800 3556 3552 
49850 3544 3536 
49900 3553 3542 
49950 3563 3539 
50000 3558 3536 
50050 3544 3510 
50100 3550 3481 
50150 3554 3469 
50200 3558 3463 
50250 3563 3456 
50300 3551 3413 
50350 3543 3369 
50400 3557 3363 
50450 3551 3344 
50500 3541 3347 
50550 3544 3475 
50600 3564 3547 
50650 3544 3534 
50700 3555 3537 
50750 3556 3535 
50800 3537 3525 
50850 3548 3536 
50900 3551 3542 
50950 3543 3537 
51000 3553 3543 
51050 3545 3523 
51100 3549 3513 
51150 3538 3492 
51200 3549 3482 
51250 3551 3478 
51300 3539 3443 
51350 3551 3444 
51400 3566 3425 
51450 3563 3394 
51500 3548 3392 
51550 3546 3445 
51600 3546 3522 
51650 3558 3551 
51700 3546 3540 
51750 3544 3531 
51800 3550 3538 
51850 3564 3537 
51900 3554 3544 
51950 3559 3554 
52000 3557 3548 
52050 3551 3534 
52100 3553 3496 
52150 3555 3460 
52200 3546 3424 
52250 3548 3369 
52300 3551 3337 
52350 3557 3305 
52400 3549 3293 
52450 3559 3242 
52500 3550 3228 
52550 3556 3415 
52600 3547 3507 
52650 3545 3535 
52700 3531 3519 
52750 3560 3549 
52800 3549 3546 
52850 3548 3544 
52900 3553 3543 
52950 3559 3546 
53000 3548 3536 
53050 3537 3508 
53100 3561 3510 
53150 3564 3462 
53200 3554 3435 
53250 3557 3399 
53300 3547 3332 
53350 3547 3311 
53400 3548 3300 
53450 3546 3314 
53500 3561 3290 
53550 3545 3434 
53600 3555 3520 
53650 3561 3542 
53700 3564 3553 
53750 3542 3523 
53800 3557 3551 
53850 3548 3542 
53900 3554 3543 
53950 3549 3536 
54000 3552 3535 
54050 3568 3546 
54100 3568 3519 
54150 3556 3489 
54200 3550 3451 
54250 3550 3451 
54300 3550 3413 
54350 3546 3392 
54400 3553 3382 
54450 3538 3352 
54500 3538 3310 
54550 3539 3433 
54600 3554 3523 
54650 3558 3549 
54700 3548 3547 
54750 3548 3538 
54800 3559 3549 
54850 3570 3560 
54900 3542 3525 
54950 3564 3553 
55000 3562 3541 
55050 3541 3509 
55100 3560 3498 
55150 3560 3457 
55200 3552 3434 
55250 3556 3398 
55300 3540 3384 
55350 3526 3336 
55400 3555 3311 
55450 3557 3256 
55500 3551 3261 
55550 3555 3420 
55600 3545 3512 
55650 3546 3528 
55700 3557 3544 
55750 3564 3550 
55800 3567 3553 
55850 3544 3531 
55900 3552 3540 
55950 3560 3555 
56000 3554 3539 
56050 3549 3508 
56100 3549 3489 
56150 3554 3470 
56200 3553 3453 
56250 3556 3434 
56300 3541 3416 
56350 3560 3398 
56400 3555 3397 
56450 3533 3355 
56500 3552 3372 
56550 3542 3460 
56600 3545 3518 
56650 3553 3536 
56700 3559 3543 
56750 3558 3551 
56800 3545 3542 
56850 3558 3546 
56900 3549 3531 
56950 3534 3515 
57000 3554 3531 
57050 3549 3516 
57100 3531 3466 
57150 3539 3445 
57200 3551 3396 
57250 3535 3391 
57300 3551 3388 
57350 3554 3346 
57400 3546 3332 
57450 3537 3275 
57500 3549 3239 
57550 3530 3433 
57600 3550 3528 
57650 3543 3527 
57700 3546 3537 
57750 3544 3532 
57800 3539 3531 
57850 3552 3532 
57900 3569 3551 
57950 3561 3546 
58000 3555 3543 
58050 3554 3517 
58100 3543 3485 
58150 3546 3445 
58200 3559 3453 
58250 3566 3426 
58300 3547 3370 
58350 3554 3366 
58400 3539 3324 
58450 3567 3312 
58500 3550 3282 
58550 3534 3402 
58600 3538 3492 
58650 3555 3543 
58700 3546 3534 
58750 3546 3522 
58800 3552 3533 
58850 3551 3534 
58900 3553 3541 
58950 3560 3547 
59000 3554 3538 
59050 3558 3541 
59100 3549 3515 
59150 3551 3504 
59200 3559 3461 
59250 3552 3424 
59300 3556 3426 
59350 3553 3425 
59400 3547 3409 
59450 3575 3439 
59500 3560 3428 
59550 3566 3513 
59600 3553 3534 
59650 3546 3531 
59700 3537 3526 
59750 3552 3536 
59800 3558 3538 
59850 3552 3536 
59900 3563 3552 
59950 3560 3548 
60000 3557 3543 
60050 3554 3513 
60100 3542 3479 
60150 3545 3470 
60200 3553 3447 
60250 3535 3399 
60300 3553 3395 
60350 3557 3397 
60400 3539 3343 
60450 3549 3340 
60500 3554 3266 
60550 3546 3428 
60600 3548 3508 
60650 3551 3531 
60700 3536 3532 
60750 3538 3533 
60800 3543 3533 
60850 3557 3534 
60900 3562 3538 
60950 3558 3540 
61000 3549 3530 
61050 3550 3513 
61100 3561 3491 
61150 3553 3479 
61200 3548 3431 
61250 3571 3450 
61300 3555 3403 
61350 3555 3389 
61400 3556 3369 
61450 3548 3347 
61500 3542 3353 
61550 3554 3468 
61600 3545 3513 
61650 3552 3526 
61700 3562 3546 
61750 3557 3550 
61800 3554 3546 
61850 3559 3544 
61900 3526 3523 
61950 3539 3536 
62000 3547 3524 
62050 3544 3501 
62100 3540 3485 
62150 3547 3469 
62200 3556 3447 
62250 3550 3430 
62300 3554 3407 
62350 3565 3380 
62400 3535 3294 
62450 3554 3331 
62500 3546 3308 
62550 3547 3436 
62600 3521 3488 
62650 3545 3523 
62700 3548 3535 
62750 3540 3528 
62800 3555 3550 
62850 3556 3544 
62900 3555 3543 
62950 3554 3536 
63000 3556 3543 
63050 3557 3543 
63100 3552 3522 
63150 3557 3491 
63200 3563 3470 
63250 3555 3466 
63300 3548 3440 
63350 3551 3435 
63400 3557 3448 
63450 3562 3434 
63500 3557 3426 
63550 3556 3490 
63600 3559 3532 
63650 3543 3529 
63700 3562 3541 
63750 3550 3539 
63800 3543 3531 
63850 3560 3540 
63900 3560 3552 
63950 3558 3548 
64000 3566 3551 
64050 3555 3521 
64100 3553 3476 
64150 3553 3451 
64200 3560 3445 
64250 3551 3404 
64300 3555 3370 
64350 3537 3329 
64400 3540 3304 
64450 3548 3299 
64500 3546 3287 
64550 3544 3424 
64600 3550 3508 
64650 3542 3531 
64700 3562 3548 
64750 3568 3552 
64800 3564 3551 
64850 3557 3549 
64900 3552 3540 
64950 3547 3539 
65000 3546 3539 
65050 3551 3502 
65100 3551 3492 
65150 3552 3467 
65200 3559 3443 
65250 3545 3415 
65300 3541 3415 
65350 3549 3426 
65400 3536 3422 
65450 3540 3414 
65500 3542 3400 
65550 3551 3479 
65600 3544 3521 
65650 3565 3547 
65700 3551 3528 
65750 3529 3521 
65800 3559 3542 
65850 3563 3548 
65900 3547 3531 
65950 3558 3539 
66000 3558 3546 
66050 3551 3532 
66100 3552 3526 
66150 3553 3486 
66200 3548 3478 
66250 3537 3457 
66300 3559 3458 
66350 3552 3408 
66400 3546 3387 
66450 3560 3377 
66500 3543 3353 
66550 3538 3445 
66600 3550 3515 
66650 3555 3538 
66700 3554 3551 
66750 3551 3542 
66800 3553 3542 
66850 3543 3529 
66900 3552 3542 
66950 3558 3541 
67000 3552 3543 
67050 3556 3538 
67100 3534 3519 
67150 3545 3492 
67200 3570 3471 
67250 3565 3440 
67300 3559 3398 
67350 3570 3387 
67400 3547 3372 
67450 3543 3334 
67500 3551 3332 
67550 3547 3451 
67600 3563 3529 
67650 3543 3528 
67700 3549 3532 
67750 3550 3536 
67800 3552 3546 
67850 3548 3540 
67900 3545 3528 
67950 3539 3531 
68000 3548 3542 
68050 3556 3531 
68100 3562 3508 
68150 3543 3458 
68200 3561 3453 
68250 3560 3393 
68300 3549 3374 
68350 3547 3341 
68400 3553 3361 
68450 3557 3346 
68500 3551 3294 
68550 3556 3437 
68600 3555 3505 
68650 3553 3545 
68700 3551 3534 
68750 3571 3555 
68800 3554 3553 
68850 3561 3556 
68900 3555 3549 
68950 3563 3557 
69000 3557 3540 
69050 3557 3526 
69100 3559 3514 
69150 3529 3440 
69200 3538 3444 
69250 3560 3433 
69300 3554 3409 
69350 3548 3387 
69400 3560 3390 
69450 3568 3407 
69500 3554 3349 
69550 3566 3462 
69600 3557 3521 
69650 3549 3524 
69700 3549 3539 
69750 3531 3514 
69800 3555 3546 
69850 3545 3533 
69900 3561 3553 
69950 3551 3544 
70000 3540 3531 
70050 3547 3521 
70100 3563 3510 
70150 3549 3487 
70200 3557 3465 
70250 3552 3416 
70300 3537 3385 
70350 3556 3387 
70400 3566 3368 
70450 3564 3341 
70500 3552 3377 
70550 3559 3475 
70600 3548 3540 
70650 3561 3545 
70700 3549 3539 
70750 3543 3535 
70800 3540 3529 
70850 3543 3530 
70900 3559 3540 
70950 3557 3558 
71000 3548 3541 
71050 3545 3529 
71100 3553 3513 
71150 3543 3451 
71200 3541 3422 
71250 3553 3414 
71300 3550 3394 
71350 3543 3372 
71400 3556 3370 
71450 3565 3343 
71500 3552 3294 
71550 3540 3414 
71600 3542 3497 
71650 3545 3526 
71700 3545 3534 
71750 3544 3529 
71800 3547 3534 
71850 3554 3540 
71900 3561 3552 
71950 3543 3531 
72000 3554 3542 
72050 3554 3514 
72100 3562 3495 
72150 3544 3463 
72200 3541 3465 
72250 3545 3442 
72300 3561 3424 
72350 3563 3403 
72400 3553 3386 
72450 3554 3353 
72500 3554 3327 
72550 3545 3437 
72600 3549 3521 
72650 3557 3548 
72700 3560 3547 
72750 3562 3553 
72800 3559 3546 
72850 3541 3517 
72900 3560 3545 
72950 3542 3532 
73000 3559 3549 
73050 3558 3530 
73100 3561 3512 
73150 3570 3488 
73200 3543 3464 
73250 3552 3437 
73300 3558 3406 
73350 3549 3366 
73400 3539 3322 
73450 3554 3321 
73500 3550 3318 
73550 3537 3433 
73600 3545 3512 
73650 3532 3517 
73700 3542 3523 
73750 3555 3547 
73800 3566 3557 
73850 3558 3542 
73900 3545 3532 
73950 3547 3538 
74000 3544 3534 
74050 3550 3520 
74100 3536 3475 
74150 3563 3482 
74200 3544 3442 
74250 3551 3442 
74300 3545 3365 
74350 3551 3339 
74400 3554 3294 
74450 3560 3298 
74500 3565 3329 
74550 3560 3443 
74600 3556 3522 
74650 3567 3554 
74700 3555 3549 
74750 3555 3552 
74800 3559 3549 
74850 3547 3532 
74900 3545 3542 
74950 3551 3540 
75000 3541 3528 
75050 3536 3511 
75100 3552 3496 
75150 3546 3449 
75200 3539 3390 
75250 3525 3381 
75300 3548 3405 
75350 3558 3360 
75400 3552 3366 
75450 3560 3335 
75500 3545 3272 
75550 3550 3442 
75600 3571 3530 
75650 3555 3540 
75700 3544 3533 
75750 3552 3545 
75800 3546 3533 
75850 3541 3536 
75900 3550 3542 
75950 3562 3548 
76000 3555 3552 
76050 3552 3523 
76100 3557 3482 
76150 3558 3453 
76200 3560 3403 
76250 3555 3391 
76300 3552 3362 
76350 3545 3343 
76400 3547 3325 
76450 3543 3265 
76500 3556 3265 
76550 3558 3401 
76600 3563 3510 
76650 3553 3524 
76700 3539 3531 
76750 3568 3555 
76800 3554 3542 
76850 3536 3532 
76900 3554 3542 
76950 3557 3548 
77000 3547 3537 
77050 3543 3510 
77100 3543 3460 
77150 3550 3466 
77200 3557 3461 
77250 3558 3460 
77300 3559 3418 
77350 3555 3399 
77400 3556 3394 
77450 3529 3357 
77500 3552 3360 
77550 3565 3492 
77600 3547 3525 
77650 3554 3538 
77700 3541 3525 
77750 3539 3531 
77800 3545 3530 
77850 3542 3534 
77900 3557 3549 
77950 3560 3547 
78000 3552 3537 
78050 3560 3539 
78100 3545 3491 
78150 3564 3466 
78200 3558 3458 
78250 3538 3386 
78300 3543 3365 
78350 3550 3313 
78400 3545 3297 
78450 3542 3308 
78500 3545 3290 
78550 3534 3431 
78600 3540 3505 
78650 3540 3528 
78700 3549 3531 
78750 3545 3533 
78800 3557 3540 
78850 3532 3524 
78900 3550 3532 
78950 3564 3554 
79000 3548 3538 
79050 3551 3516 
79100 3560 3483 
79150 3545 3448 
79200 3544 3438 
79250 3537 3408 
79300 3551 3422 
79350 3555 3412 
79400 3556 3389 
79450 3544 3340 
79500 3556 3338 
79550 3542 3436 
79600 3551 3513 
79650 3552 3551 
79700 3546 3539 
79750 3543 3535 
79800 3546 3536 
79850 3549 3539 
79900 3565 3560 
79950 3556 3547 
80000 3558 3547 
80050 3543 3525 
80100 3543 3496 
80150 3545 3459 
80200 3547 3426 
80250 3561 3427 
80300 3556 3411 
80350 3534 3351 
80400 3540 3320 
80450 3555 3306 
80500 3541 3251 
80550 3555 3431 
80600 3553 3519 
80650 3562 3546 
80700 3545 3528 
80750 3547 3538 
80800 3559 3543 
80850 3554 3541 
80900 3556 3542 
80950 3557 3550 
81000 3553 3552 
81050 3558 3551 
81100 3573 3538 
81150 3557 3492 
81200 3555 3459 
81250 3554 3430 
81300 3540 3383 
81350 3549 3370 
81400 3540 3338 
81450 3539 3344 
81500 3552 3366 
81550 3532 3443 
81600 3560 3537 
81650 3558 3546 
81700 3558 3539 
81750 3560 3542 
81800 3551 3533 
81850 3547 3538 
81900 3570 3558 
81950 3547 3532 
82000 3559 3544 
82050 3563 3523 
82100 3559 3494 
82150 3554 3473 
82200 3553 3449 
82250 3568 3476 
82300 3550 3437 
82350 3560 3457 
82400 3548 3463 
82450 3554 3419 
82500 3549 3353 
82550 3560 3476 
82600 3557 3522 
82650 3539 3525 
82700 3566 3547 
82750 3555 3544 
82800 3549 3537 
82850 3564 3547 
82900 3553 3539 
82950 3553 3530 
83000 3562 3548 
83050 3546 3513 
83100 3548 3499 
83150 3551 3486 
83200 3554 3444 
83250 3566 3404 
83300 3564 3372 
83350 3545 3333 
83400 3551 3317 
83450 3553 3284 
83500 3555 3225 
83550 3561 3420 
83600 3557 3505 
83650 3546 3527 
83700 3555 3536 
83750 3545 3537 
83800 3555 3550 
83850 3551 3544 
83900 3552 3538 
83950 3553 3533 
84000 3553 3533 
84050 3562 3539 
84100 3560 3507 
84150 3552 3471 
84200 3546 3422 
84250 3544 3395 
84300 3552 3345 
84350 3544 3287 
84400 3548 3258 
84450 3558 3271 
84500 3555 3227 
84550 3539 3386 
84600 3560 3508 
84650 3556 3551 
84700 3560 3550 
84750 3547 3523 
84800 3561 3545 
84850 3551 3544 
84900 3557 3540 
84950 3563 3553 
85000 3566 3555 
85050 3556 3536 
85100 3546 3502 
85150 3553 3496 
85200 3550 3474 
85250 3558 3472 
85300 3546 3446 
85350 3557 3402 
85400 3558 3368 
85450 3551 3343 
85500 3549 3330 
85550 3559 3456 
85600 3533 3510 
85650 3545 3530 
85700 3552 3545 
85750 3541 3533 
85800 3545 3533 
85850 3561 3554 
85900 3542 3527 
85950 3547 3529 
86000 3560 3553 
86050 3561 3542 
86100 3543 3496 
86150 3550 3465 
86200 3558 3452 
86250 3544 3421 
86300 3548 3350 
86350 3530 3316 
86400 3542 3322 
86450 3568 3303 
86500 3563 3280 
86550 3542 3396 
86600 3552 3501 
86650 3552 3534 
86700 3566 3547 
86750 3553 3532 
86800 3557 3547 
86850 3557 3540 
86900 3558 3542 
86950 3538 3529 
87000 3558 3537 
87050 3547 3514 
87100 3552 3485 
87150 3547 3461 
87200 3548 3421 
87250 3548 3396 
87300 3548 3385 
87350 3541 3372 
87400 3534 3360 
87450 3554 3362 
87500 3564 3345 
87550 3544 3473 
87600 3560 3523 
87650 3553 3546 
87700 3552 3543 
87750 3532 3526 
87800 3557 3540 
87850 3553 3541 
87900 3556 3545 
87950 3567 3556 
88000 3549 3533 
88050 3543 3524 
88100 3560 3505 
88150 3549 3483 
88200 3537 3470 
88250 3561 3476 
88300 3557 3476 
88350 3565 3457 
88400 3548 3429 
88450 3538 3373 
88500 3562 3389 
88550 3557 3479 
88600 3556 3526 
88650 3531 3511 
88700 3545 3541 
88750 3540 3536 
88800 3545 3546 
88850 3555 3533 
88900 3551 3548 
88950 3547 3537 
89000 3542 3535 
89050 3538 3518 
89100 3530 3469 
89150 3543 3470 
89200 3545 3413 
89250 3566 3414 
89300 3558 3384 
89350 3546 3285 
89400 3560 3281 
89450 3552 3226 
89500 3567 3197 
89550 3540 3364 
89600 3552 3503 
89650 3554 3534 
89700 3559 3545 
89750 3553 3551 
89800 3556 3544 
89850 3568 3547 
89900 3536 3533 
89950 3541 3530 
90000 3549 3539 
90050 3546 3522 
90100 3567 3526 
90150 3553 3493 
90200 3567 3475 
90250 3549 3461 
90300 3553 3438 
90350 3550 3418 
90400 3554 3395 
90450 3543 3375 
90500 3547 3322 
90550 3546 3466 
90600 3550 3522 
90650 3546 3536 
90700 3551 3542 
90750 3548 3537 
90800 3559 3548 
90850 3558 3543 
90900 3557 3541 
90950 3557 3544 
91000 3558 3547 
91050 3542 3526 
91100 3526 3501 
91150 3557 3518 
91200 3556 3483 
91250 3556 3455 
91300 3552 3445 
91350 3563 3435 
91400 3552 3399 
91450 3545 3350 
91500 3547 3326 
91550 3544 3447 
91600 3555 3520 
91650 3556 3532 
91700 3553 3533 
91750 3562 3546 
91800 3547 3532 
91850 3544 3532 
91900 3555 3541 
91950 3546 3536 
92000 3560 3548 
92050 3559 3534 
92100 3548 3505 
92150 3547 3484 
92200 3557 3457 
92250 3552 3410 
92300 3537 3378 
92350 3561 3405 
92400 3561 3428 
92450 3564 3433 
92500 3557 3401 
92550 3557 3478 
92600 3541 3514 
92650 3542 3535 
92700 3529 3514 
92750 3551 3543 
92800 3541 3525 
92850 3558 3545 
92900 3544 3537 
92950 3560 3546 
93000 3548 3539 
93050 3558 3523 
93100 3570 3519 
93150 3565 3489 
93200 3555 3431 
93250 3544 3407 
93300 3532 3401 
93350 3546 3418 
93400 3561 3420 
93450 3549 3396 
93500 3546 3366 
93550 3551 3468 
93600 3533 3510 
93650 3553 3540 
93700 3552 3536 
93750 3552 3546 
93800 3545 3528 
93850 3534 3532 
93900 3553 3546 
93950 3543 3536 
94000 3571 3559 
94050 3553 3514 
94100 3566 3516 
94150 3539 3471 
94200 3543 3421 
94250 3549 3401 
94300 3549 3353 
94350 3542 3265 
94400 3552 3250 
94450 3562 3248 
94500 3552 3233 
94550 3556 3411 
94600 3558 3522 
94650 3566 3551 
94700 3544 3527 
94750 3563 3547 
94800 3564 3546 
94850 3548 3531 
94900 3562 3548 
94950 3544 3525 
95000 3547 3528 
95050 3537 3503 
95100 3538 3499 
95150 3540 3466 
95200 3552 3451 
95250 3553 3427 
95300 3550 3410 
95350 3538 3409 
95400 3543 3401 
95450 3555 3430 
95500 3550 3395 
95550 3552 3476 
95600 3553 3529 
95650 3561 3540 
95700 3554 3542 
95750 3540 3527 
95800 3553 3535 
95850 3558 3547 
95900 3557 3540 
95950 3558 3551 
96000 3567 3555 
96050 3546 3525 
96100 3550 3509 
96150 3552 3457 
96200 3553 3433 
96250 3545 3399 
96300 3535 3363 
96350 3549 3387 
96400 3548 3360 
96450 3551 3339 
96500 3544 3309 
96550 3541 3423 
96600 3565 3533 
96650 3551 3537 
96700 3548 3544 
96750 3561 3542 
96800 3543 3533 
96850 3559 3544 
96900 3557 3547 
96950 3542 3529 
97000 3539 3534 
97050 3535 3517 
97100 3544 3502 
97150 3548 3479 
97200 3556 3480 
97250 3559 3456 
97300 3559 3449 
97350 3551 3374 
97400 3560 3357 
97450 3567 3340 
97500 3552 3305 
97550 3552 3464 
97600 3534 3513 
97650 3566 3553 
97700 3545 3531 
97750 3565 3543 
97800 3555 3549 
97850 3556 3544 
97900 3565 3559 
97950 3541 3520 
98000 3561 3552 
98050 3550 3522 
98100 3542 3484 
98150 3551 3475 
98200 3557 3480 
98250 3561 3454 
98300 3556 3439 
98350 3554 3413 
98400 3557 3389 
98450 3570 3399 
98500 3536 3391 
98550 3553 3476 
98600 3540 3502 
98650 3550 3528 
98700 3554 3540 
98750 3555 3549 
98800 3547 3537 
98850 3556 3543 
98900 3548 3531 
98950 3550 3541 
99000 3554 3540 
99050 3568 3556 
99100 3569 3523 
99150 3558 3492 
99200 3549 3456 
99250 3536 3388 
99300 3562 3404 
99350 3560 3370 
99400 3540 3334 
99450 3568 3345 
99500 3555 3358 
99550 3548 3485 
99600 3555 3545 
99650 3533 3528 
99700 3527 3521 
99750 3553 3547 
99800 3550 3530 
99850 3541 3530 
99900 3552 3535 
99950 3558 3541 
100000 3553 3541 
100050 3542 3519 
100100 3560 3498 
100150 3541 3455 
100200 3540 3431 
100250 3542 3386 
100300 3547 3348 
100350 3544 3337 
100400 3536 3328 
100450 3536 3310 
100500 3539 3323 
100550 3551 3446 
100600 3554 3533 
100650 3530 3513 
100700 3551 3535 
100750 3544 3524 
100800 3536 3521 
100850 3537 3525 
100900 3564 3558 
100950 3542 3529 
101000 3552 3541 
101050 3547 3513 
101100 3558 3494 
101150 3559 3471 
101200 3542 3426 
101250 3563 3403 
101300 3551 3349 
101350 3557 3316 
101400 3555 3284 
101450 3561 3235 
101500 3551 3231 
101550 3562 3420 
101600 3567 3521 
101650 3548 3537 
101700 3536 3525 
101750 3544 3522 
101800 3549 3536 
101850 3549 3529 
101900 3543 3539 
101950 3549 3540 
102000 3549 3542 
102050 3545 3543 
102100 3536 3501 
102150 3545 3473 
102200 3535 3438 
102250 3544 3431 
102300 3573 3430 
102350 3550 3420 
102400 3555 3407 
102450 3551 3366 
102500 3556 3352 
102550 3549 3467 
102600 3558 3529 
102650 3557 3541 
102700 3572 3561 
102750 3562 3544 
102800 3549 3534 
102850 3561 3551 
102900 3553 3546 
102950 3541 3532 
103000 3554 3552 
103050 3562 3544 
103100 3567 3526 
103150 3545 3495 
103200 3559 3478 
103250 3560 3475 
103300 3537 3417 
103350 3537 3392 
103400 3556 3384 
103450 3541 3376 
103500 3556 3352 
103550 3560 3468 
103600 3550 3508 
103650 3551 3541 
103700 3559 3543 
103750 3553 3544 
103800 3555 3534 
103850 3567 3551 
103900 3551 3534 
103950 3548 3535 
104000 3549 3530 
104050 3547 3529 
104100 3559 3507 
104150 3556 3498 
104200 3553 3481 
104250 3545 3470 
104300 3540 3453 
104350 3556 3464 
104400 3539 3411 
104450 3565 3415 
104500 3566 3388 
104550 3551 3464 
104600 3542 3524 
104650 3549 3538 
104700 3543 3525 
104750 3556 3547 
104800 3563 3544 
104850 3536 3524 
104900 3552 3540 
104950 3548 3536 
105000 3564 3555 
105050 3561 3550 
105100 3551 3497 
105150 3536 3453 
105200 3538 3456 
105250 3554 3441 
105300 3547 3445 
105350 3552 3426 
105400 3542 3427 
105450 3540 3393 
105500 3540 3394 
105550 3541 3471 
105600 3551 3522 
105650 3556 3549 
105700 3543 3541 
105750 3545 3537 
105800 3545 3531 
105850 3550 3540 
105900 3528 3526 
105950 3552 3540 
106000 3560 3555 
106050 3546 3511 
106100 3535 3464 
106150 3543 3444 
106200 3548 3452 
106250 3565 3435 
106300 3557 3416 
106350 3550 3373 
106400 3558 3336 
106450 3550 3279 
106500 3546 3284 
106550 3533 3415 
106600 3537 3491 
106650 3560 3536 
106700 3543 3538 
106750 3553 3532 
106800 3537 3525 
106850 3557 3549 
106900 3539 3524 
106950 3550 3539 
107000 3546 3533 
107050 3549 3530 
107100 3570 3538 
107150 3543 3474 
107200 3556 3430 
107250 3561 3411 
107300 3552 3384 
107350 3560 3388 
107400 3562 3346 
107450 3558 3314 
107500 3550 3241 
107550 3547 3426 
107600 3550 3518 
107650 3563 3556 
107700 3551 3546 
107750 3552 3537 
107800 3543 3529 
107850 3541 3531 
107900 3552 3545 
107950 3532 3522 
108000 3550 3535 
108050 3540 3523 
108100 3537 3519 
108150 3532 3477 
108200 3534 3428 
108250 3546 3431 
108300 3544 3404 
108350 3556 3419 
108400 3548 3374 
108450 3554 3327 
108500 3556 3300 
108550 3557 3450 
108600 3548 3523 
108650 3541 3524 
108700 3551 3542 
108750 3548 3539 
108800 3548 3539 
108850 3547 3533 
108900 3558 3542 
108950 3559 3549 
109000 3548 3537 
109050 3556 3530 
109100 3558 3490 
109150 3553 3450 
109200 3548 3407 
109250 3566 3389 
109300 3557 3348 
109350 3553 3330 
109400 3560 3309 
109450 3544 3287 
109500 3544 3273 
109550 3551 3435 
109600 3557 3513 
109650 3559 3538 
109700 3561 3545 
109750 3556 3546 
109800 3535 3517 
109850 3529 3518 
109900 3546 3532 
109950 3555 3544 
110000 3547 3531 
110050 3547 3522 
110100 3558 3510 
110150 3539 3466 
110200 3547 3487 
110250 3545 3479 
110300 3557 3465 
110350 3551 3468 
110400 3558 3474 
110450 3566 3489 
110500 3548 3434 
110550 3557 3482 
110600 3549 3512 
110650 3555 3540 
110700 3557 3538 
110750 3542 3530 
110800 3553 3542 
110850 3551 3542 
110900 3537 3524 
110950 3548 3536 
111000 3557 3538 
111050 3542 3496 
111100 3546 3472 
111150 3528 3409 
111200 3548 3422 
111250 3548 3402 
111300 3549 3404 
111350 3553 3402 
111400 3539 3394 
111450 3548 3358 
111500 3560 3356 
111550 3558 3469 
111600 3547 3527 
111650 3559 3548 
111700 3558 3546 
111750 3547 3544 
111800 3553 3544 
111850 3542 3533 
111900 3543 3531 
111950 3547 3534 
112000 3553 3542 
112050 3566 3525 
112100 3564 3514 
112150 3540 3473 
112200 3544 3449 
112250 3555 3441 
112300 3553 3437 
112350 3545 3381 
112400 3547 3383 
112450 3546 3344 
112500 3539 3332 
112550 3543 3425 
112600 3543 3495 
112650 3540 3518 
112700 3566 3555 
112750 3547 3537 
112800 3549 3546 
112850 3554 3538 
112900 3544 3531 
112950 3538 3513 
113000 3531 3520 
113050 3537 3516 
113100 3552 3514 
113150 3549 3494 
113200 3547 3502 
113250 3548 3487 
113300 3557 3472 
113350 3540 3447 
113400 3537 3371 
113450 3552 3404 
113500 3541 3351 
113550 3560 3477 
113600 3547 3525 
113650 3558 3550 
113700 3549 3528 
113750 3550 3532 
113800 3553 3541 
113850 3559 3554 
113900 3548 3540 
113950 3562 3552 
114000 3554 3537 
114050 3572 3549 
114100 3550 3502 
114150 3538 3464 
114200 3540 3462 
114250 3542 3449 
114300 3560 3465 
114350 3556 3436 
114400 3555 3413 
114450 3554 3368 
114500 3525 3279 
114550 3534 3443 
114600 3537 3519 
114650 3541 3526 
114700 3553 3542 
114750 3541 3524 
114800 3568 3555 
114850 3551 3530 
114900 3554 3539 
114950 3547 3545 
115000 3559 3547 
115050 3545 3506 
115100 3546 3482 
115150 3542 3466 
115200 3551 3431 
115250 3545 3431 
115300 3559 3433 
115350 3560 3421 
115400 3560 3408 
115450 3543 3393 
115500 3547 3360 
115550 3550 3437 
115600 3545 3511 
115650 3538 3526 
115700 3546 3534 
115750 3560 3556 
115800 3542 3526 
115850 3550 3538 
115900 3538 3524 
115950 3546 3537 
116000 3521 3504 
116050 3545 3522 
116100 3548 3493 
116150 3545 3475 
116200 3542 3422 
116250 3537 3397 
116300 3556 3410 
116350 3560 3393 
116400 3550 3390 
116450 3545 3380 
116500 3536 3352 
116550 3545 3466 
116600 3554 3534 
116650 3567 3546 
116700 3557 3552 
116750 3538 3525 
116800 3566 3555 
116850 3557 3543 
116900 3554 3550 
116950 3535 3523 
117000 3558 3544 
117050 3547 3532 
117100 3548 3519 
117150 3533 3510 
117200 3561 3511 
117250 3547 3456 
117300 3568 3428 
117350 3544 3396 
117400 3547 3406 
117450 3550 3397 
117500 3559 3368 
117550 3553 3487 
117600 3548 3528 
117650 3549 3543 
117700 3556 3540 
117750 3544 3531 
117800 3552 3533 
117850 3536 3518 
117900 3544 3533 
117950 3566 3557 
118000 3542 3530 
118050 3545 3523 
118100 3560 3518 
118150 3547 3489 
118200 3531 3440 
118250 3544 3410 
118300 3550 3385 
118350 3547 3361 
118400 3556 3371 
118450 3549 3347 
118500 3546 3329 
118550 3539 3451 
118600 3545 3518 
118650 3550 3536 
118700 3553 3543 
118750 3559 3554 
118800 3546 3531 
118850 3560 3537 
118900 3549 3538 
118950 3540 3525 
119000 3542 3532 
119050 3551 3525 
119100 3548 3485 
119150 3562 3503 
119200 3555 3470 
119250 3556 3441 
119300 3561 3443 
119350 3543 3400 
119400 3546 3388 
119450 3539 3330 
119500 3544 3338 
119550 3542 3431 
119600 3546 3503 
119650 3561 3540 
119700 3567 3553 
119750 3544 3529 
119800 3552 3538 
119850 3563 3548 
119900 3561 3546 
119950 3547 3531 
120000 3547 3530 
120050 3554 3536 
120100 3558 3513 
120150 3535 3489 
120200 3556 3467 
120250 3537 3471 
120300 3548 3471 
120350 3559 3461 
120400 3545 3438 
120450 3563 3418 
120500 3551 3378 
120550 3541 3458 
120600 3546 3524 
120650 3540 3530 
120700 3553 3535 
120750 3566 3556 
120800 3556 3543 
120850 3553 3542 
120900 3552 3541 
120950 3567 3556 
121000 3554 3541 
121050 3542 3527 
121100 3559 3512 
121150 3531 3460 
121200 3539 3448 
121250 3549 3412 
121300 3549 3398 
121350 3556 3388 
121400 3551 3345 
121450 3554 3353 
121500 3559 3331 
121550 3547 3449 
121600 3549 3505 
121650 3551 3531 
121700 3554 3533 
121750 3558 3539 
121800 3548 3534 
121850 3535 3527 
121900 3554 3543 
121950 3564 3556 
122000 3569 3559 
122050 3565 3547 
122100 3551 3498 
122150 3560 3458 
122200 3555 3427 
122250 3542 3358 
122300 3549 3311 
122350 3549 3257 
122400 3566 3255 
122450 3564 3240 
122500 3553 3230 
122550 3555 3450 
122600 3546 3504 
122650 3560 3549 
122700 3540 3534 
122750 3553 3530 
122800 3540 3519 
122850 3549 3537 
122900 3544 3523 
122950 3531 3519 
123000 3555 3550 
123050 3533 3505 
123100 3557 3509 
123150 3539 3479 
123200 3546 3434 
123250 3562 3443 
123300 3548 3419 
123350 3566 3393 
123400 3555 3365 
123450 3544 3328 
123500 3562 3363 
123550 3552 3456 
123600 3557 3531 
123650 3548 3525 
123700 3565 3548 
123750 3557 3547 
123800 3548 3536 
123850 3557 3542 
123900 3552 3539 
123950 3561 3548 
124000 3550 3537 
124050 3548 3520 
124100 3548 3501 
124150 3555 3491 
124200 3562 3441 
124250 3538 3376 
124300 3533 3356 
124350 3536 3351 
124400 3547 3346 
124450 3540 3287 
124500 3560 3271 
124550 3548 3423 
124600 3540 3520 
124650 3542 3532 
124700 3560 3546 
124750 3558 3549 
124800 3560 3546 
124850 3541 3531 
124900 3565 3544 
124950 3555 3527 
125000 3567 3551 
125050 3560 3532 
125100 3557 3500 
125150 3551 3471 
125200 3545 3453 
125250 3562 3414 
125300 3556 3404 
125350 3561 3386 
125400 3563 3335 
125450 3559 3296 
125500 3559 3261 
125550 3539 3420 
125600 3553 3521 
125650 3553 3539 
125700 3551 3538 
125750 3562 3541 
125800 3561 3543 
125850 3547 3534 
125900 3558 3541 
125950 3554 3525 
126000 3557 3547 
126050 3559 3529 
126100 3557 3515 
126150 3547 3477 
126200 3563 3468 
126250 3563 3457 
126300 3558 3384 
126350 3546 3334 
126400 3554 3324 
126450 3541 3271 
126500 3559 3306 
126550 3559 3438 
126600 3549 3517 
126650 3548 3539 
126700 3538 3530 
126750 3536 3524 
126800 3540 3522 
126850 3568 3556 
126900 3557 3536 
126950 3561 3543 
127000 3559 3547 
127050 3549 3515 
127100 3553 3495 
127150 3552 3477 
127200 3548 3429 
127250 3556 3403 
127300 3546 3379 
127350 3556 3370 
127400 3539 3306 
127450 3551 3301 
127500 3550 3261 
127550 3549 3411 
127600 3552 3511 
127650 3544 3524 
127700 3542 3527 
127750 3557 3548 
127800 3554 3535 
127850 3560 3553 
127900 3542 3517 
127950 3565 3554 
128000 3549 3537 
128050 3542 3527 
128100 3550 3522 
128150 3530 3485 
128200 3535 3477 
128250 3549 3446 
128300 3544 3429 
128350 3550 3433 
128400 3547 3407 
128450 3531 3378 
128500 3555 3351 
128550 3544 3450 
128600 3546 3510 
128650 3535 3519 
128700 3553 3539 
128750 3553 3536 
128800 3539 3525 
128850 3563 3549 
128900 3552 3534 
128950 3537 3522 
129000 3554 3538 
129050 3554 3536 
129100 3553 3510 
129150 3545 3474 
129200 3550 3439 
129250 3550 3413 
129300 3548 3360 
129350 3547 3367 
129400 3535 3345 
129450 3558 3352 
129500 3558 3349 
129550 3549 3461 
129600 3562 3518 
129650 3561 3534 
129700 3551 3531 
129750 3550 3539 
129800 3559 3557 
129850 3560 3553 
129900 3544 3526 
129950 3556 3542 
130000 3560 3551 
130050 3561 3539 
130100 3562 3517 
130150 3544 3488 
130200 3528 3445 
130250 3548 3465 
130300 3542 3417 
130350 3553 3384 
130400 3543 3353 
130450 3539 3329 
130500 3553 3334 
130550 3558 3460 
130600 3562 3531 
130650 3544 3530 
130700 3544 3524 
130750 3543 3525 
130800 3551 3539 
130850 3561 3544 
130900 3556 3546 
130950 3547 3546 
131000 3540 3533 
131050 3562 3533 
131100 3563 3522 
131150 3558 3503 
131200 3549 3457 
131250 3539 3454 
131300 3541 3433 
131350 3531 3409 
131400 3557 3441 
131450 3549 3393 
131500 3550 3387 
131550 3550 3463 
131600 3557 3523 
131650 3554 3537 
131700 3550 3535 
131750 3564 3544 
131800 3565 3552 
131850 3533 3520 
131900 3551 3535 
131950 3563 3552 
132000 3558 3544 
132050 3561 3544 
132100 3569 3503 
132150 3541 3448 
132200 3549 3401 
132250 3552 3361 
132300 3555 3328 
132350 3553 3307 
132400 3554 3287 
132450 3560 3225 
132500 3559 3230 
132550 3545 3398 
132600 3553 3505 
132650 3567 3536 
132700 3544 3533 
132750 3548 3532 
132800 3567 3549 
132850 3548 3534 
132900 3568 3562 
132950 3548 3535 
133000 3548 3540 
133050 3550 3515 
133100 3549 3501 
133150 3565 3485 
133200 3561 3420 
133250 3551 3387 
133300 3547 3343 
133350 3545 3336 
133400 3558 3335 
133450 3549 3306 
133500 3549 3315 
133550 3535 3443 
133600 3555 3529 
133650 3555 3543 
133700 3545 3534 
133750 3557 3535 
133800 3560 3544 
133850 3548 3541 
133900 3566 3548 
133950 3559 3546 
134000 3528 3518 
134050 3550 3541 
134100 3548 3516 
134150 3555 3489 
134200 3534 3447 
134250 3562 3435 
134300 3546 3411 
134350 3544 3408 
134400 3545 3401 
134450 3569 3384 
134500 3567 3308 
134550 3545 3413 
134600 3557 3515 
134650 3549 3534 
134700 3549 3528 
134750 3545 3532 
134800 3546 3531 
134850 3522 3519 
134900 3560 3560 
134950 3549 3530 
135000 3558 3536 
135050 3545 3517 
135100 3545 3498 
135150 3563 3476 
135200 3532 3449 
135250 3558 3421 
135300 3536 3384 
135350 3552 3356 
135400 3538 3293 
135450 3545 3280 
135500 3557 3293 
135550 3545 3440 
135600 3551 3519 
135650 3548 3535 
135700 3556 3547 
135750 3547 3530 
135800 3556 3542 
135850 3551 3541 
135900 3549 3534 
135950 3551 3533 
136000 3539 3529 
136050 3554 3530 
136100 3545 3487 
136150 3550 3473 
136200 3546 3435 
136250 3561 3414 
136300 3553 3366 
136350 3529 3354 
136400 3542 3330 
136450 3555 3326 
136500 3540 3285 
136550 3562 3467 
136600 3557 3529 
136650 3556 3546 
136700 3557 3547 
136750 3548 3533 
136800 3557 3548 
136850 3547 3538 
136900 3560 3550 
136950 3551 3540 
137000 3557 3546 
137050 3550 3520 
137100 3547 3489 
137150 3536 3464 
137200 3549 3466 
137250 3553 3443 
137300 3555 3438 
137350 3550 3405 
137400 3551 3389 
137450 3551 3342 
137500 3550 3331 
137550 3537 3431 
137600 3532 3505 
137650 3550 3538 
137700 3559 3546 
137750 3534 3526 
137800 3563 3558 
137850 3544 3536 
137900 3552 3544 
137950 3552 3528 
138000 3563 3541 
138050 3545 3514 
138100 3558 3517 
138150 3549 3490 
138200 3532 3442 
138250 3544 3439 
138300 3557 3464 
138350 3548 3436 
138400 3552 3410 
138450 3569 3416 
138500 3541 3363 
138550 3557 3476 
138600 3538 3508 
138650 3558 3547 
138700 3552 3535 
138750 3551 3532 
138800 3565 3553 
138850 3547 3540 
138900 3560 3547 
138950 3540 3523 
139000 3539 3521 
139050 3550 3527 
139100 3552 3464 
139150 3545 3416 
139200 3547 3374 
139250 3554 3358 
139300 3563 3357 
139350 3569 3366 
139400 3557 3319 
139450 3548 3283 
139500 3558 3288 
139550 3536 3387 
139600 3557 3495 
139650 3535 3533 
139700 3564 3551 
139750 3548 3531 
139800 3554 3541 
139850 3564 3550 
139900 3549 3541 
139950 3553 3543 
140000 3547 3547 
140050 3538 3526 
140100 3551 3511 
140150 3554 3478 
140200 3541 3420 
140250 3546 3411 
140300 3556 3387 
140350 3555 3350 
140400 3560 3294 
140450 3543 3274 
140500 3542 3234 
140550 3547 3369 
140600 3557 3498 
140650 3557 3532 
140700 3554 3535 
140750 3551 3541 
140800 3541 3526 
140850 3557 3532 
140900 3532 3521 
140950 3544 3534 
141000 3553 3549 
141050 3551 3542 
141100 3553 3488 
141150 3542 3466 
141200 3559 3453 
141250 3541 3430 
141300 3547 3407 
141350 3537 3364 
141400 3549 3362 
141450 3545 3392 
141500 3554 3375 
141550 3548 3491 
141600 3558 3544 
141650 3564 3550 
141700 3560 3546 
141750 3559 3544 
141800 3541 3529 
141850 3557 3552 
141900 3544 3535 
141950 3547 3527 
142000 3556 3535 
142050 3548 3508 
142100 3546 3468 
142150 3546 3440 
142200 3559 3429 
142250 3547 3402 
142300 3550 3394 
142350 3546 3372 
142400 3553 3326 
142450 3547 3286 
142500 3554 3243 
142550 3547 3400 
142600 3563 3504 
142650 3544 3511 
142700 3551 3534 
142750 3540 3526 
142800 3556 3539 
142850 3546 3531 
142900 3536 3521 
142950 3561 3548 
143000 3545 3535 
143050 3549 3536 
143100 3559 3519 
143150 3547 3468 
143200 3542 3454 
143250 3550 3449 
143300 3547 3426 
143350 3554 3455 
143400 3554 3444 
143450 3544 3377 
143500 3562 3348 
143550 3561 3449 
143600 3539 3504 
143650 3544 3522 
143700 3547 3538 
143750 3554 3533 
143800 3552 3538 
143850 3547 3534 
143900 3553 3535 
143950 3561 3544 
144000 3554 3541 
144050 3538 3501 
144100 3533 3475 
144150 3539 3479 
144200 3546 3466 
144250 3548 3445 
144300 3550 3434 
144350 3558 3440 
144400 3553 3407 
144450 3549 3406 
144500 3559 3374 
144550 3542 3481 
144600 3539 3520 
144650 3546 3527 
144700 3540 3543 
144750 3535 3530 
144800 3532 3533 
144850 3553 3533 
144900 3555 3539 
144950 3540 3538 
145000 3558 3544 
145050 3562 3538 
145100 3536 3467 
145150 3548 3424 
145200 3557 3420 
145250 3535 3375 
145300 3546 3344 
145350 3562 3363 
145400 3568 3367 
145450 3553 3330 
145500 3541 3251 
145550 3543 3384 
145600 3548 3488 
145650 3549 3530 
145700 3558 3549 
145750 3553 3540 
145800 3553 3548 
145850 3559 3549 
145900 3561 3553 
145950 3544 3535 
146000 3559 3545 
146050 3537 3523 
146100 3546 3492 
146150 3550 3467 
146200 3538 3433 
146250 3546 3416 
146300 3555 3425 
146350 3549 3392 
146400 3563 3397 
146450 3551 3404 
146500 3552 3339 
146550 3546 3443 
146600 3556 3519 
146650 3546 3532 
146700 3550 3542 
146750 3534 3529 
146800 3537 3534 
146850 3548 3536 
146900 3541 3525 
146950 3551 3538 
147000 3559 3546 
147050 3562 3543 
147100 3563 3513 
147150 3556 3478 
147200 3556 3464 
147250 3542 3408 
147300 3548 3407 
147350 3552 3420 
147400 3551 3413 
147450 3552 3389 
147500 3558 3393 
147550 3549 3483 
147600 3565 3538 
147650 3560 3546 
147700 3555 3538 
147750 3543 3532 
147800 3536 3531 
147850 3553 3554 
147900 3544 3539 
147950 3556 3543 
148000 3545 3537 
148050 3547 3531 
148100 3556 3518 
148150 3558 3486 
148200 3553 3467 
148250 3557 3447 
148300 3547 3431 
148350 3552 3400 
148400 3560 3362 
148450 3549 3373 
148500 3553 3370 
148550 3561 3468 
148600 3540 3512 
148650 3550 3521 
148700 3548 3525 
148750 3551 3546 
148800 3553 3544 
148850 3561 3547 
148900 3560 3550 
148950 3557 3542 
149000 3565 3549 
149050 3555 3535 
149100 3553 3523 
149150 3563 3505 
149200 3552 3473 
149250 3569 3481 
149300 3560 3448 
149350 3549 3401 
149400 3540 3378 
149450 3542 3336 
149500 3548 3322 
149550 3543 3437 
149600 3539 3509 
149650 3545 3530 
149700 3549 3542 
149750 3553 3544 
149800 3542 3536 
149850 3535 3519 
149900 3529 3520 
149950 3550 3538 
150000 3560 3539 
150050 3558 3545 
150100 3540 3513 
150150 3530 3489 
150200 3530 3475 
150250 3540 3463 
150300 3565 3445 
150350 3565 3461 
150400 3562 3424 
150450 3551 3412 
150500 3547 3384 
150550 3525 3458 
150600 3538 3510 
150650 3556 3535 
150700 3552 3543 
150750 3566 3551 
150800 3545 3527 
150850 3554 3540 
150900 3554 3535 
150950 3546 3538 
151000 3557 3542 
151050 3558 3524 
151100 3550 3480 
151150 3555 3455 
151200 3555 3401 
151250 3550 3392 
151300 3564 3376 
151350 3543 3327 
151400 3549 3307 
151450 3555 3311 
151500 3540 3272 
151550 3547 3435 
151600 3562 3503 
151650 3565 3546 
151700 3542 3535 
151750 3548 3538 
151800 3542 3530 
151850 3550 3544 
151900 3549 3535 
151950 3550 3536 
152000 3562 3540 
152050 3557 3536 
152100 3556 3529 
152150 3540 3488 
152200 3550 3455 
152250 3557 3456 
152300 3547 3416 
152350 3539 3377 
152400 3543 3353 
152450 3554 3305 
152500 3543 3265 
152550 3540 3435 
152600 3553 3508 
152650 3558 3539 
152700 3541 3526 
152750 3558 3544 
152800 3552 3537 
152850 3545 3532 
152900 3538 3516 
152950 3552 3535 
153000 3539 3522 
153050 3552 3511 
153100 3553 3500 
153150 3546 3488 
153200 3553 3489 
153250 3542 3460 
153300 3560 3442 
153350 3557 3410 
153400 3544 3355 
153450 3549 3306 
153500 3569 3319 
153550 3554 3416 
153600 3544 3496 
153650 3550 3524 
153700 3563 3545 
153750 3567 3554 
153800 3545 3536 
153850 3566 3553 
153900 3553 3535 
153950 3547 3542 
154000 3559 3550 
154050 3555 3535 
154100 3560 3498 
154150 3555 3454 
154200 3542 3417 
154250 3547 3380 
154300 3557 3381 
154350 3546 3332 
154400 3558 3318 
154450 3555 3293 
154500 3552 3308 
154550 3551 3436 
154600 3564 3532 
154650 3568 3549 
154700 3548 3542 
154750 3554 3546 
154800 3563 3543 
154850 3560 3554 
154900 3556 3543 
154950 3556 3539 
155000 3547 3546 
155050 3543 3517 
155100 3567 3537 
155150 3552 3502 
155200 3557 3475 
155250 3549 3447 
155300 3553 3418 
155350 3555 3417 
155400 3534 3356 
155450 3566 3335 
155500 3548 3296 
155550 3550 3462 
155600 3556 3528 
155650 3552 3540 
155700 3547 3536 
155750 3560 3553 
155800 3556 3547 
155850 3570 3557 
155900 3546 3537 
155950 3554 3547 
156000 3550 3539 
156050 3544 3526 
156100 3541 3478 
156150 3555 3425 
156200 3559 3418 
156250 3563 3413 
156300 3554 3403 
156350 3546 3408 
156400 3550 3413 
156450 3528 3397 
156500 3535 3349 
156550 3548 3465 
156600 3533 3500 
156650 3550 3546 
156700 3548 3538 
156750 3541 3532 
156800 3543 3525 
156850 3563 3545 
156900 3565 3550 
156950 3556 3542 
157000 3544 3539 
157050 3564 3538 
157100 3552 3497 
157150 3554 3453 
157200 3555 3433 
157250 3546 3402 
157300 3552 3403 
157350 3553 3348 
157400 3554 3295 
157450 3562 3262 
157500 3549 3228 
157550 3554 3413 
157600 3568 3526 
157650 3552 3533 
157700 3544 3536 
157750 3557 3530 
157800 3563 3548 
157850 3555 3532 
157900 3555 3549 
157950 3550 3538 
158000 3549 3538 
158050 3560 3528 
158100 3557 3518 
158150 3554 3466 
158200 3551 3435 
158250 3556 3414 
158300 3550 3409 
158350 3543 3361 
158400 3542 3326 
158450 3561 3304 
158500 3541 3248 
158550 3537 3402 
158600 3557 3511 
158650 3547 3530 
158700 3568 3552 
158750 3545 3538 
158800 3550 3539 
158850 3552 3536 
158900 3546 3536 
158950 3545 3530 
159000 3558 3540 
159050 3556 3530 
159100 3568 3522 
159150 3551 3480 
159200 3536 3426 
159250 3548 3419 
159300 3546 3399 
159350 3552 3413 
159400 3555 3435 
159450 3548 3424 
159500 3556 3395 
159550 3564 3473 
159600 3544 3518 
159650 3563 3547 
159700 3548 3542 
159750 3555 3540 
159800 3547 3546 
159850 3554 3548 
159900 3533 3514 
159950 3544 3526 
160000 3556 3537 
160050 3540 3506 
160100 3546 3480 
160150 3543 3432 
160200 3537 3433 
160250 3548 3444 
160300 3555 3415 
160350 3537 3364 
160400 3551 3408 
160450 3547 3398 
160500 3553 3398 
160550 3531 3457 
160600 3545 3529 
160650 3564 3557 
160700 3544 3533 
160750 3529 3518 
160800 3560 3550 
160850 3553 3534 
160900 3552 3536 
160950 3543 3529 
161000 3531 3524 
161050 3545 3523 
161100 3550 3504 
161150 3531 3461 
161200 3550 3407 
161250 3566 3399 
161300 3549 3372 
161350 3546 3332 
161400 3555 3326 
161450 3556 3325 
161500 3554 3309 
161550 3545 3446 
161600 3550 3523 
161650 3569 3558 
161700 3555 3539 
161750 3557 3541 
161800 3551 3539 
161850 3538 3531 
161900 3554 3542 
161950 3568 3559 
162000 3552 3545 
162050 3543 3521 
162100 3546 3514 
162150 3549 3501 
162200 3546 3450 
162250 3563 3410 
162300 3555 3401 
162350 3557 3395 
162400 3561 3368 
162450 3560 3326 
162500 3554 3326 
162550 3561 3474 
162600 3558 3534 
162650 3544 3533 
162700 3539 3518 
162750 3557 3539 
162800 3539 3527 
162850 3547 3532 
162900 3559 3548 
162950 3548 3535 
163000 3543 3538 
163050 3545 3520 
163100 3544 3479 
163150 3544 3440 
163200 3541 3408 
163250 3554 3420 
163300 3537 3416 
163350 3550 3403 
163400 3543 3380 
163450 3541 3343 
163500 3550 3309 
163550 3545 3422 
163600 3556 3516 
163650 3549 3532 
163700 3545 3532 
163750 3560 3552 
163800 3562 3556 
163850 3546 3539 
163900 3559 3549 
163950 3544 3541 
164000 3542 3540 
164050 3538 3525 
164100 3549 3496 
164150 3558 3492 
164200 3537 3457 
164250 3543 3415 
164300 3544 3406 
164350 3545 3377 
164400 3557 3320 
164450 3546 3282 
164500 3547 3263 
164550 3545 3447 
164600 3549 3518 
164650 3529 3523 
164700 3531 3514 
164750 3545 3540 
164800 3542 3544 
164850 3533 3523 
164900 3544 3534 
164950 3558 3539 
165000 3549 3526 
165050 3538 3521 
165100 3554 3512 
165150 3558 3486 
165200 3554 3437 
165250 3542 3416 
165300 3547 3386 
165350 3560 3337 
165400 3554 3296 
165450 3548 3251 
165500 3542 3222 
165550 3541 3426 
165600 3560 3518 
165650 3546 3535 
165700 3546 3538 
165750 3544 3531 
165800 3553 3537 
165850 3536 3522 
165900 3548 3542 
165950 3556 3545 
166000 3544 3541 
166050 3567 3564 
166100 3552 3508 
166150 3555 3467 
166200 3551 3448 
166250 3563 3451 
166300 3550 3431 
166350 3544 3405 
166400 3548 3389 
166450 3555 3375 
166500 3544 3317 
166550 3557 3449 
166600 3553 3520 
166650 3564 3549 
166700 3549 3524 
166750 3556 3542 
166800 3561 3548 
166850 3557 3550 
166900 3573 3560 
166950 3552 3542 
167000 3551 3543 
167050 3560 3517 
167100 3545 3454 
167150 3544 3422 
167200 3547 3425 
167250 3541 3385 
167300 3559 3377 
167350 3542 3300 
167400 3556 3281 
167450 3573 3274 
167500 3559 3230 
167550 3539 3401 
167600 3544 3487 
167650 3552 3528 
167700 3552 3546 
167750 3556 3531 
167800 3557 3534 
167850 3560 3539 
167900 3551 3534 
167950 3554 3535 
168000 3552 3539 
168050 3556 3501 
168100 3560 3456 
168150 3574 3420 
168200 3558 3401 
168250 3547 3338 
168300 3556 3350 
168350 3551 3306 
168400 3569 3293 
168450 3555 3263 
168500 3545 3209 
168550 3548 3413 
168600 3548 3521 
168650 3555 3536 
168700 3547 3530 
168750 3543 3525 
168800 3561 3552 
168850 3546 3525 
168900 3543 3534 
168950 3558 3546 
169000 3548 3529 
169050 3565 3537 
169100 3550 3484 
169150 3562 3417 
169200 3539 3370 
169250 3554 3355 
169300 3561 3285 
169350 3559 3242 
169400 3545 3190 
169450 3553 3145 
169500 3554 3131 
169550 3560 3422 
169600 3552 3513 
169650 3563 3539 
169700 3556 3540 
169750 3558 3538 
169800 3546 3534 
169850 3557 3542 
169900 3545 3536 
169950 3547 3529 
170000 3551 3537 
170050 3558 3520 
170100 3560 3501 
170150 3559 3476 
170200 3567 3439 
170250 3547 3380 
170300 3560 3391 
170350 3558 3385 
170400 3567 3382 
170450 3573 3327 
170500 3554 3266 
170550 3559 3424 
170600 3545 3507 
170650 3551 3535 
170700 3547 3533 
170750 3556 3539 
170800 3560 3544 
170850 3567 3549 
170900 3555 3547 
170950 3547 3532 
171000 3538 3523 
171050 3547 3527 
171100 3564 3516 
171150 3550 3481 
171200 3542 3477 
171250 3557 3485 
171300 3566 3437 
171350 3556 3450 
171400 3540 3372 
171450 3546 3327 
171500 3562 3324 
171550 3547 3456 
171600 3564 3537 
171650 3568 3553 
171700 3556 3548 
171750 3548 3536 
171800 3564 3555 
171850 3564 3550 
171900 3550 3534 
171950 3542 3518 
172000 3557 3540 
172050 3563 3517 
172100 3557 3471 
172150 3557 3453 
172200 3556 3408 
172250 3553 3367 
172300 3551 3325 
172350 3542 3281 
172400 3541 3254 
172450 3560 3227 
172500 3560 3268 
172550 3558 3449 
172600 3554 3522 
172650 3558 3545 
172700 3544 3531 
172750 3574 3560 
172800 3565 3552 
172850 3550 3537 
172900 3560 3549 
172950 3549 3534 
173000 3542 3526 
173050 3544 3507 
173100 3538 3484 
173150 3551 3472 
173200 3545 3436 
173250 3560 3417 
173300 3562 3403 
173350 3556 3396 
173400 3548 3347 
173450 3548 3330 
173500 3545 3305 
173550 3560 3452 
173600 3558 3525 
173650 3537 3535 
173700 3552 3538 
173750 3560 3551 
173800 3552 3539 
173850 3552 3544 
173900 3545 3530 
173950 3546 3535 
174000 3557 3536 
174050 3568 3533 
174100 3549 3481 
174150 3563 3481 
174200 3558 3404 
174250 3537 3363 
174300 3558 3364 
174350 3562 3368 
174400 3553 3348 
174450 3549 3329 
174500 3542 3307 
174550 3551 3461 
174600 3552 3527 
174650 3564 3549 
174700 3552 3532 
174750 3550 3526 
174800 3558 3543 
174850 3567 3550 
174900 3549 3533 
174950 3561 3543 
175000 3567 3543 
175050 3570 3535 
175100 3547 3490 
175150 3550 3455 
175200 3548 3397 
175250 3544 3373 
175300 3557 3374 
175350 3555 3334 
175400 3559 3319 
175450 3555 3232 
175500 3552 3188 
175550 3547 3406 
175600 3548 3514 
175650 3557 3535 
175700 3564 3551 
175750 3558 3541 
175800 3559 3550 
175850 3564 3549 
175900 3566 3561 
175950 3541 3533 
176000 3549 3528 
176050 3558 3503 
176100 3551 3457 
176150 3562 3439 
176200 3557 3420 
176250 3549 3417 
176300 3549 3404 
176350 3540 3382 
176400 3550 3356 
176450 3553 3287 
176500 3554 3286 
176550 3550 3445 
176600 3549 3520 
176650 3557 3539 
176700 3557 3553 
176750 3560 3545 
176800 3545 3534 
176850 3571 3544 
176900 3557 3548 
176950 3553 3543 
177000 3567 3552 
177050 3555 3524 
177100 3560 3479 
177150 3558 3469 
177200 3545 3461 
177250 3526 3440 
177300 3557 3434 
177350 3562 3399 
177400 3546 3384 
177450 3564 3360 
177500 3553 3304 
177550 3555 3462 
177600 3563 3534 
177650 3569 3556 
177700 3558 3548 
177750 3559 3534 
177800 3561 3543 
177850 3549 3532 
177900 3548 3546 
177950 3564 3550 
178000 3557 3541 
178050 3558 3526 
178100 3557 3491 
178150 3546 3455 
178200 3548 3452 
178250 3550 3409 
178300 3552 3364 
178350 3562 3292 
178400 3544 3235 
178450 3549 3191 
178500 3554 3166 
178550 3553 3403 
178600 3545 3503 
178650 3551 3540 
178700 3544 3527 
178750 3561 3539 
178800 3564 3547 
178850 3554 3540 
178900 3545 3536 
178950 3537 3534 
179000 3551 3536 
179050 3549 3515 
179100 3540 3487 
179150 3556 3475 
179200 3554 3431 
179250 3541 3391 
179300 3545 3389 
179350 3554 3365 
179400 3552 3351 
179450 3554 3346 
179500 3548 3322 
179550 3556 3458 
179600 3563 3531 
179650 3558 3539 
179700 3540 3532 
179750 3560 3555 
179800 3551 3536 
179850 3549 3535 
179900 3562 3543 
179950 3567 3545 
180000 3567 3548 
180050 3564 3533 
180100 3549 3460 
180150 3551 3407 
180200 3576 3389 
180250 3551 3367 
180300 3556 3376 
180350 3558 3344 
180400 3541 3271 
180450 3554 3256 
180500 3552 3210 
180550 3560 3449 
180600 3575 3548 
180650 3577 3558 
180700 3575 3554 
180750 3556 3543 
180800 3548 3537 
180850 3551 3543 
180900 3563 3545 
180950 3540 3525 
181000 3557 3534 
181050 3548 3521 
181100 3558 3487 
181150 3547 3461 
181200 3559 3440 
181250 3552 3397 
181300 3545 3369 
181350 3552 3347 
181400 3550 3329 
181450 3563 3294 
181500 3551 3231 
181550 3569 3467 
181600 3567 3540 
181650 3543 3518 
181700 3567 3560 
181750 3552 3535 
181800 3563 3542 
181850 3561 3544 
181900 3558 3549 
181950 3546 3529 
182000 3563 3554 
182050 3554 3523 
182100 3537 3464 
182150 3556 3461 
182200 3562 3404 
182250 3562 3342 
182300 3561 3270 
182350 3558 3216 
182400 3561 3196 
182450 3573 3194 
182500 3559 3160 
182550 3541 3414 
182600 3559 3525 
182650 3546 3531 
182700 3554 3523 
182750 3548 3534 
182800 3550 3536 
182850 3557 3528 
182900 3555 3539 
182950 3548 3524 
183000 3562 3542 
183050 3557 3517 
183100 3551 3481 
183150 3557 3476 
183200 3562 3479 
183250 3567 3432 
183300 3555 3364 
183350 3555 3325 
183400 3554 3290 
183450 3556 3250 
183500 3553 3217 
183550 3553 3446 
183600 3560 3538 
183650 3555 3543 
183700 3562 3545 
183750 3563 3546 
183800 3555 3535 
183850 3549 3535 
183900 3550 3536 
183950 3538 3527 
184000 3563 3548 
184050 3555 3526 
184100 3557 3497 
184150 3543 3476 
184200 3561 3434 
184250 3549 3396 
184300 3557 3392 
184350 3557 3354 
184400 3558 3348 
184450 3558 3330 
184500 3539 3235 
184550 3545 3434 
184600 3557 3527 
184650 3564 3544 
184700 3560 3543 
184750 3554 3542 
184800 3558 3533 
184850 3554 3537 
184900 3562 3549 
184950 3545 3536 
185000 3557 3548 
185050 3551 3524 
185100 3539 3457 
185150 3551 3413 
185200 3555 3379 
185250 3560 3360 
185300 3545 3334 
185350 3559 3310 
185400 3555 3286 
185450 3543 3259 
185500 3567 3251 
185550 3541 3419 
185600 3569 3540 
185650 3565 3540 
185700 3557 3544 
185750 3553 3543 
185800 3565 3549 
185850 3563 3535 
185900 3567 3544 
185950 3565 3545 
186000 3562 3547 
186050 3566 3538 
186100 3567 3495 
186150 3552 3462 
186200 3566 3474 
186250 3564 3447 
186300 3540 3358 
186350 3550 3296 
186400 3546 3273 
186450 3565 3230 
186500 3573 3218 
186550 3549 3411 
186600 3562 3528 
186650 3560 3539 
186700 3564 3541 
186750 3550 3530 
186800 3551 3531 
186850 3548 3531 
186900 3561 3546 
186950 3541 3530 
187000 3567 3551 
187050 3558 3526 
187100 3544 3488 
187150 3560 3479 
187200 3541 3453 
187250 3553 3408 
187300 3560 3364 
187350 3558 3325 
187400 3560 3272 
187450 3552 3232 
187500 3549 3200 
187550 3540 3420 
187600 3565 3525 
187650 3554 3537 
187700 3546 3531 
187750 3562 3548 
187800 3569 3548 
187850 3563 3544 
187900 3560 3539 
187950 3561 3528 
188000 3552 3529 
188050 3563 3529 
188100 3572 3517 
188150 3569 3491 
188200 3566 3462 
188250 3552 3429 
188300 3567 3427 
188350 3552 3340 
188400 3567 3313 
188450 3542 3269 
188500 3561 3256 
188550 3545 3461 
188600 3538 3524 
188650 3544 3535 
188700 3552 3541 
188750 3568 3547 
188800 3558 3540 
188850 3557 3545 
188900 3568 3545 
188950 3557 3537 
189000 3563 3550 
189050 3562 3538 
189100 3561 3502 
189150 3556 3474 
189200 3552 3445 
189250 3566 3426 
189300 3554 3411 
189350 3555 3363 
189400 3562 3340 
189450 3561 3317 
189500 3559 3278 
189550 3555 3438 
189600 3558 3517 
189650 3548 3525 
189700 3552 3536 
189750 3553 3536 
189800 3557 3533 
189850 3547 3536 
189900 3530 3514 
189950 3547 3516 
190000 3563 3550 
190050 3562 3537 
190100 3565 3488 
190150 3540 3456 
190200 3561 3424 
190250 3563 3403 
190300 3564 3388 
190350 3558 3360 
190400 3534 3323 
190450 3553 3332 
190500 3572 3309 
190550 3554 3455 
190600 3544 3504 
190650 3535 3521 
190700 3556 3541 
190750 3563 3548 
190800 3548 3531 
190850 3540 3528 
190900 3554 3540 
190950 3563 3553 
191000 3548 3537 
191050 3535 3504 
191100 3550 3489 
191150 3549 3448 
191200 3570 3431 
191250 3564 3377 
191300 3562 3327 
191350 3559 3308 
191400 3555 3246 
191450 3550 3221 
191500 3540 3196 
191550 3557 3409 
191600 3556 3508 
191650 3555 3541 
191700 3553 3543 
191750 3560 3543 
191800 3558 3545 
191850 3551 3537 
191900 3549 3536 
191950 3567 3554 
192000 3554 3541 
192050 3559 3546 
192100 3565 3528 
192150 3553 3475 
192200 3565 3453 
192250 3566 3403 
192300 3548 3383 
192350 3554 3383 
192400 3531 3361 
192450 3540 3358 
192500 3561 3311 
192550 3555 3480 
192600 3540 3522 
192650 3553 3533 
192700 3548 3523 
192750 3565 3547 
192800 3570 3549 
192850 3552 3542 
192900 3558 3540 
192950 3548 3536 
193000 3553 3540 
193050 3546 3508 
193100 3564 3474 
193150 3553 3450 
193200 3538 3390 
193250 3553 3395 
193300 3556 3366 
193350 3544 3323 
193400 3552 3327 
193450 3548 3251 
193500 3558 3270 
193550 3540 3423 
193600 3555 3528 
193650 3556 3542 
193700 3561 3548 
193750 3562 3544 
193800 3555 3541 
193850 3556 3542 
193900 3555 3548 
193950 3549 3533 
194000 3564 3547 
194050 3554 3528 
194100 3554 3496 
194150 3557 3438 
194200 3546 3376 
194250 3553 3381 
194300 3557 3361 
194350 3554 3352 
194400 3543 3296 
194450 3551 3303 
194500 3551 3355 
194550 3568 3503 
194600 3545 3523 
194650 3543 3525 
194700 3550 3538 
194750 3557 3547 
194800 3573 3547 
194850 3554 3541 
194900 3564 3546 
194950 3561 3546 
195000 3558 3545 
195050 3552 3529 
195100 3559 3505 
195150 3553 3454 
195200 3553 3421 
195250 3562 3413 
195300 3557 3411 
195350 3552 3362 
195400 3560 3340 
195450 3544 3287 
195500 3554 3296 
195550 3559 3462 
195600 3546 3528 
195650 3556 3548 
195700 3538 3533 
195750 3572 3555 
195800 3555 3542 
195850 3539 3527 
195900 3554 3528 
195950 3557 3545 
196000 3554 3545 
196050 3557 3510 
196100 3538 3439 
196150 3539 3421 
196200 3554 3420 
196250 3567 3408 
196300 3573 3365 
196350 3553 3244 
196400 3537 3214 
196450 3562 3176 
196500 3565 3107 
196550 3540 3348 
196600 3551 3503 
196650 3544 3531 
196700 3547 3526 
196750 3555 3534 
196800 3556 3535 
196850 3559 3532 
196900 3536 3516 
196950 3566 3546 
197000 3556 3547 
197050 3556 3534 
197100 3557 3507 
197150 3562 3493 
197200 3557 3441 
197250 3560 3396 
197300 3568 3355 
197350 3555 3353 
197400 3559 3348 
197450 3561 3327 
197500 3571 3311 
197550 3565 3456 
197600 3564 3527 
197650 3567 3550 
197700 3558 3549 
197750 3554 3530 
197800 3567 3545 
197850 3545 3528 
197900 3549 3537 
197950 3545 3528 
198000 3541 3528 
198050 3555 3489 
198100 3560 3423 
198150 3548 3387 
198200 3535 3301 
198250 3548 3260 
198300 3558 3225 
198350 3555 3204 
198400 3560 3151 
198450 3547 3117 
198500 3554 3062 
198550 3544 3369 
198600 3549 3509 
198650 3552 3534 
198700 3558 3549 
198750 3569 3552 
198800 3548 3527 
198850 3547 3535 
198900 3539 3526 
198950 3553 3540 
199000 3561 3552 
199050 3553 3522 
199100 3547 3495 
199150 3545 3443 
199200 3547 3403 
199250 3546 3372 
199300 3553 3348 
199350 3564 3344 
199400 3541 3284 
199450 3559 3277 
199500 3542 3256 
199550 3563 3464 
199600 3550 3528 
199650 3549 3525 
199700 3556 3549 
199750 3573 3563 
199800 3539 3523 
199850 3562 3550 
199900 3538 3531 
199950 3562 3550 
200000 3555 3537 
