# Avida tasks data
# Sat Apr  7 00:13:59 2012
# First column gives the current update, next columns give the number
# of organisms that have the particular task as a component of their merit
#  1: Update
#  2: Xor
#  3: Equals

0 0 0 
50 5 5 
100 28 28 
150 87 87 
200 204 204 
250 382 382 
300 601 598 
350 866 865 
400 1210 1209 
450 1588 1587 
500 2005 2009 
550 2521 2520 
600 3058 3060 
650 3351 3349 
700 3480 3476 
750 3541 3539 
800 3552 3546 
850 3539 3544 
900 3558 3558 
950 3530 3532 
1000 3562 3556 
1050 3544 3537 
1100 3540 3535 
1150 3540 3540 
1200 3533 3528 
1250 3544 3545 
1300 3544 3533 
1350 3533 3526 
1400 3538 3537 
1450 3544 3546 
1500 3543 3540 
1550 3544 3550 
1600 3549 3542 
1650 3544 3543 
1700 3550 3551 
1750 3548 3550 
1800 3555 3550 
1850 3555 3556 
1900 3557 3549 
1950 3549 3547 
2000 3527 3524 
2050 3534 3532 
2100 3544 3541 
2150 3525 3522 
2200 3548 3552 
2250 3542 3546 
2300 3546 3541 
2350 3547 3548 
2400 3546 3548 
2450 3541 3535 
2500 3554 3551 
2550 3539 3541 
2600 3558 3556 
2650 3559 3553 
2700 3553 3551 
2750 3549 3546 
2800 3547 3543 
2850 3547 3542 
2900 3539 3540 
2950 3550 3553 
3000 3536 3542 
3050 3534 3543 
3100 3544 3549 
3150 3534 3550 
3200 3532 3534 
3250 3541 3543 
3300 3535 3530 
3350 3528 3530 
3400 3548 3552 
3450 3531 3538 
3500 3523 3529 
3550 3534 3533 
3600 3547 3549 
3650 3555 3548 
3700 3568 3563 
3750 3538 3537 
3800 3541 3535 
3850 3548 3550 
3900 3544 3539 
3950 3536 3539 
4000 3536 3538 
4050 3529 3532 
4100 3545 3545 
4150 3537 3539 
4200 3550 3551 
4250 3556 3552 
4300 3554 3554 
4350 3543 3537 
4400 3534 3519 
4450 3521 3520 
4500 3548 3552 
4550 3541 3545 
4600 3545 3547 
4650 3551 3552 
4700 3545 3549 
4750 3532 3536 
4800 3539 3547 
4850 3537 3531 
4900 3541 3544 
4950 3539 3538 
5000 3537 3540 
5050 3537 3533 
5100 3555 3556 
5150 3541 3540 
5200 3531 3526 
5250 3540 3539 
5300 3536 3530 
5350 3542 3541 
5400 3542 3539 
5450 3555 3546 
5500 3546 3544 
5550 3535 3541 
5600 3538 3541 
5650 3546 3548 
5700 3551 3548 
5750 3531 3538 
5800 3535 3537 
5850 3538 3537 
5900 3554 3556 
5950 3546 3547 
6000 3552 3549 
6050 3540 3538 
6100 3538 3536 
6150 3531 3535 
6200 3554 3556 
6250 3525 3525 
6300 3545 3551 
6350 3555 3562 
6400 3541 3538 
6450 3531 3534 
6500 3554 3554 
6550 3540 3536 
6600 3534 3537 
6650 3548 3548 
6700 3523 3525 
6750 3526 3528 
6800 3551 3548 
6850 3538 3542 
6900 3542 3547 
6950 3558 3556 
7000 3566 3563 
7050 3547 3552 
7100 3529 3532 
7150 3542 3547 
7200 3539 3539 
7250 3543 3551 
7300 3545 3551 
7350 3556 3554 
7400 3554 3551 
7450 3551 3548 
7500 3527 3530 
7550 3538 3535 
7600 3560 3557 
7650 3531 3527 
7700 3530 3531 
7750 3547 3542 
7800 3546 3539 
7850 3533 3528 
7900 3553 3548 
7950 3539 3537 
8000 3552 3551 
8050 3554 3552 
8100 3533 3521 
8150 3538 3535 
8200 3537 3528 
8250 3545 3547 
8300 3551 3549 
8350 3538 3537 
8400 3531 3541 
8450 3540 3549 
8500 3542 3545 
8550 3524 3516 
8600 3550 3548 
8650 3544 3542 
8700 3556 3555 
8750 3547 3544 
8800 3549 3544 
8850 3555 3545 
8900 3542 3547 
8950 3546 3544 
9000 3533 3542 
9050 3541 3549 
9100 3550 3550 
9150 3542 3544 
9200 3548 3551 
9250 3553 3559 
9300 3553 3555 
9350 3552 3553 
9400 3552 3553 
9450 3525 3536 
9500 3532 3534 
9550 3548 3546 
9600 3541 3542 
9650 3537 3536 
9700 3542 3548 
9750 3556 3560 
9800 3537 3541 
9850 3536 3539 
9900 3546 3548 
9950 3547 3544 
10000 3539 3538 
10050 3548 3555 
10100 3541 3548 
10150 3543 3550 
10200 3551 3551 
10250 3547 3555 
10300 3549 3546 
10350 3531 3532 
10400 3542 3541 
10450 3540 3539 
10500 3535 3541 
10550 3538 3542 
10600 3528 3528 
10650 3539 3534 
10700 3547 3537 
10750 3555 3554 
10800 3544 3543 
10850 3548 3547 
10900 3552 3547 
10950 3535 3541 
11000 3554 3562 
11050 3556 3555 
11100 3550 3551 
11150 3565 3562 
11200 3549 3546 
11250 3547 3546 
11300 3533 3532 
11350 3546 3538 
11400 3555 3550 
11450 3554 3553 
11500 3553 3548 
11550 3534 3534 
11600 3537 3535 
11650 3539 3543 
11700 3539 3544 
11750 3548 3545 
11800 3539 3542 
11850 3548 3552 
11900 3554 3553 
11950 3547 3543 
12000 3551 3551 
12050 3544 3541 
12100 3551 3551 
12150 3536 3542 
12200 3543 3543 
12250 3548 3545 
12300 3531 3530 
12350 3547 3534 
12400 3538 3533 
12450 3549 3550 
12500 3544 3542 
12550 3547 3553 
12600 3557 3554 
12650 3529 3528 
12700 3541 3545 
12750 3557 3557 
12800 3561 3561 
12850 3524 3527 
12900 3542 3537 
12950 3554 3552 
13000 3557 3557 
13050 3544 3541 
13100 3549 3547 
13150 3546 3550 
13200 3545 3539 
13250 3559 3553 
13300 3558 3561 
13350 3556 3561 
13400 3549 3553 
13450 3546 3552 
13500 3549 3543 
13550 3552 3544 
13600 3551 3557 
13650 3540 3539 
13700 3549 3544 
13750 3551 3548 
13800 3552 3553 
13850 3551 3552 
13900 3527 3516 
13950 3544 3539 
14000 3553 3553 
14050 3543 3546 
14100 3529 3523 
14150 3541 3534 
14200 3547 3542 
14250 3556 3550 
14300 3543 3548 
14350 3552 3556 
14400 3544 3548 
14450 3532 3530 
14500 3545 3540 
14550 3551 3549 
14600 3542 3546 
14650 3563 3562 
14700 3551 3552 
14750 3553 3558 
14800 3554 3551 
14850 3538 3539 
14900 3540 3537 
14950 3548 3550 
15000 3551 3552 
15050 3560 3560 
15100 3549 3547 
15150 3546 3547 
15200 3548 3549 
15250 3550 3554 
15300 3545 3547 
15350 3544 3544 
15400 3548 3542 
15450 3554 3548 
15500 3554 3553 
15550 3539 3537 
15600 3536 3536 
15650 3539 3528 
15700 3547 3544 
15750 3544 3542 
15800 3552 3539 
15850 3547 3547 
15900 3549 3547 
15950 3556 3553 
16000 3534 3529 
16050 3536 3539 
16100 3551 3553 
16150 3538 3535 
16200 3541 3543 
16250 3546 3546 
16300 3537 3532 
16350 3553 3554 
16400 3544 3547 
16450 3545 3546 
16500 3549 3545 
16550 3534 3542 
16600 3548 3554 
16650 3550 3546 
16700 3529 3538 
16750 3554 3551 
16800 3536 3536 
16850 3547 3545 
16900 3553 3547 
16950 3539 3533 
17000 3543 3549 
17050 3541 3545 
17100 3547 3544 
17150 3558 3553 
17200 3550 3551 
17250 3558 3557 
17300 3550 3542 
17350 3544 3539 
17400 3549 3547 
17450 3547 3537 
17500 3547 3536 
17550 3539 3533 
17600 3544 3541 
17650 3538 3539 
17700 3561 3560 
17750 3541 3548 
17800 3551 3553 
17850 3546 3554 
17900 3555 3556 
17950 3561 3562 
18000 3541 3539 
18050 3552 3547 
18100 3542 3544 
18150 3528 3526 
18200 3547 3535 
18250 3566 3564 
18300 3548 3545 
18350 3545 3535 
18400 3545 3541 
18450 3549 3548 
18500 3550 3550 
18550 3543 3544 
18600 3561 3562 
18650 3558 3548 
18700 3559 3552 
18750 3552 3555 
18800 3548 3549 
18850 3561 3557 
18900 3544 3544 
18950 3537 3533 
19000 3536 3540 
19050 3534 3532 
19100 3558 3555 
19150 3559 3556 
19200 3548 3544 
19250 3542 3537 
19300 3531 3532 
19350 3545 3543 
19400 3562 3565 
19450 3544 3549 
19500 3561 3562 
19550 3554 3544 
19600 3546 3540 
19650 3538 3531 
19700 3532 3524 
19750 3546 3536 
19800 3544 3540 
19850 3547 3550 
19900 3529 3526 
19950 3541 3541 
20000 3550 3551 
20050 3564 3563 
20100 3548 3547 
20150 3556 3551 
20200 3534 3535 
20250 3551 3552 
20300 3555 3559 
20350 3538 3544 
20400 3541 3545 
20450 3535 3539 
20500 3545 3542 
20550 3550 3548 
20600 3554 3549 
20650 3550 3547 
20700 3550 3547 
20750 3540 3544 
20800 3553 3551 
20850 3541 3547 
20900 3554 3550 
20950 3539 3528 
21000 3536 3528 
21050 3547 3542 
21100 3551 3547 
21150 3567 3562 
21200 3547 3547 
21250 3543 3545 
21300 3560 3557 
21350 3556 3556 
21400 3549 3544 
21450 3540 3537 
21500 3545 3539 
21550 3539 3540 
21600 3553 3551 
21650 3548 3548 
21700 3537 3533 
21750 3548 3553 
21800 3547 3552 
21850 3556 3563 
21900 3540 3541 
21950 3547 3550 
22000 3545 3541 
22050 3555 3556 
22100 3551 3550 
22150 3538 3531 
22200 3537 3541 
22250 3565 3564 
22300 3535 3534 
22350 3552 3550 
22400 3548 3541 
22450 3541 3541 
22500 3548 3550 
22550 3545 3536 
22600 3555 3554 
22650 3535 3533 
22700 3552 3546 
22750 3538 3531 
22800 3547 3546 
22850 3530 3524 
22900 3554 3544 
22950 3540 3535 
23000 3556 3560 
23050 3547 3546 
23100 3547 3546 
23150 3546 3549 
23200 3549 3551 
23250 3547 3549 
23300 3538 3540 
23350 3548 3549 
23400 3535 3528 
23450 3546 3542 
23500 3549 3544 
23550 3555 3558 
23600 3541 3546 
23650 3531 3538 
23700 3548 3555 
23750 3558 3554 
23800 3532 3539 
23850 3540 3542 
23900 3525 3528 
23950 3537 3532 
24000 3544 3542 
24050 3551 3552 
24100 3534 3527 
24150 3545 3539 
24200 3542 3542 
24250 3540 3543 
24300 3549 3551 
24350 3543 3544 
24400 3537 3530 
24450 3549 3544 
24500 3537 3543 
24550 3544 3550 
24600 3546 3541 
24650 3544 3548 
24700 3550 3555 
24750 3538 3538 
24800 3527 3533 
24850 3542 3547 
24900 3536 3542 
24950 3543 3540 
25000 3537 3530 
25050 3543 3541 
25100 3536 3536 
25150 3547 3547 
25200 3544 3545 
25250 3557 3556 
25300 3558 3553 
25350 3554 3550 
25400 3568 3568 
25450 3557 3556 
25500 3535 3539 
25550 3538 3541 
25600 3552 3544 
25650 3570 3569 
25700 3552 3549 
25750 3549 3543 
25800 3541 3537 
25850 3558 3548 
25900 3546 3543 
25950 3546 3543 
26000 3572 3566 
26050 3558 3558 
26100 3551 3555 
26150 3555 3560 
26200 3542 3535 
26250 3541 3546 
26300 3539 3535 
26350 3551 3551 
26400 3557 3555 
26450 3558 3554 
26500 3550 3548 
26550 3543 3545 
26600 3546 3545 
26650 3545 3539 
26700 3559 3559 
26750 3552 3562 
26800 3555 3559 
26850 3537 3538 
26900 3555 3555 
26950 3551 3548 
27000 3544 3543 
27050 3544 3540 
27100 3529 3527 
27150 3550 3553 
27200 3555 3555 
27250 3559 3545 
27300 3549 3552 
27350 3550 3550 
27400 3549 3549 
27450 3536 3539 
27500 3544 3542 
27550 3542 3541 
27600 3545 3542 
27650 3555 3560 
27700 3548 3551 
27750 3551 3548 
27800 3536 3533 
27850 3548 3545 
27900 3549 3545 
27950 3550 3546 
28000 3546 3545 
28050 3549 3551 
28100 3550 3546 
28150 3533 3529 
28200 3549 3546 
28250 3553 3551 
28300 3542 3542 
28350 3550 3551 
28400 3529 3524 
28450 3551 3551 
28500 3525 3528 
28550 3538 3539 
28600 3541 3542 
28650 3544 3549 
28700 3525 3524 
28750 3548 3550 
28800 3554 3563 
28850 3533 3533 
28900 3539 3540 
28950 3536 3538 
29000 3542 3544 
29050 3541 3542 
29100 3548 3549 
29150 3548 3548 
29200 3544 3543 
29250 3552 3547 
29300 3535 3537 
29350 3555 3554 
29400 3547 3547 
29450 3556 3557 
29500 3540 3540 
29550 3539 3542 
29600 3561 3554 
29650 3555 3550 
29700 3543 3538 
29750 3537 3541 
29800 3536 3540 
29850 3550 3554 
29900 3534 3535 
29950 3552 3554 
30000 3546 3546 
30050 3534 3538 
30100 3549 3550 
30150 3545 3547 
30200 3553 3546 
30250 3572 3565 
30300 3543 3540 
30350 3537 3538 
30400 3544 3549 
30450 3550 3550 
30500 3548 3547 
30550 3536 3538 
30600 3550 3551 
30650 3538 3542 
30700 3553 3549 
30750 3550 3548 
30800 3537 3532 
30850 3539 3540 
30900 3535 3540 
30950 3553 3557 
31000 3556 3554 
31050 3554 3550 
31100 3554 3555 
31150 3541 3537 
31200 3545 3550 
31250 3542 3543 
31300 3558 3556 
31350 3550 3546 
31400 3548 3546 
31450 3529 3525 
31500 3535 3533 
31550 3540 3530 
31600 3556 3552 
31650 3545 3542 
31700 3543 3546 
31750 3541 3536 
31800 3529 3532 
31850 3550 3546 
31900 3544 3548 
31950 3560 3553 
32000 3534 3532 
32050 3541 3542 
32100 3542 3536 
32150 3527 3528 
32200 3556 3552 
32250 3541 3545 
32300 3536 3538 
32350 3526 3537 
32400 3529 3533 
32450 3552 3556 
32500 3546 3544 
32550 3544 3538 
32600 3552 3555 
32650 3551 3549 
32700 3558 3544 
32750 3544 3543 
32800 3540 3540 
32850 3546 3549 
32900 3537 3537 
32950 3550 3554 
33000 3547 3541 
33050 3541 3538 
33100 3533 3527 
33150 3552 3555 
33200 3543 3542 
33250 3542 3549 
33300 3542 3547 
33350 3530 3533 
33400 3538 3541 
33450 3537 3540 
33500 3543 3541 
33550 3550 3556 
33600 3542 3538 
33650 3556 3561 
33700 3525 3542 
33750 3543 3548 
33800 3539 3544 
33850 3545 3541 
33900 3551 3550 
33950 3544 3542 
34000 3539 3544 
34050 3528 3532 
34100 3559 3555 
34150 3553 3558 
34200 3549 3546 
34250 3543 3540 
34300 3551 3547 
34350 3554 3545 
34400 3534 3535 
34450 3542 3539 
34500 3553 3547 
34550 3543 3546 
34600 3543 3538 
34650 3549 3545 
34700 3550 3550 
34750 3554 3549 
34800 3541 3541 
34850 3549 3546 
34900 3542 3542 
34950 3537 3533 
35000 3548 3540 
35050 3559 3556 
35100 3561 3559 
35150 3531 3533 
35200 3529 3535 
35250 3548 3545 
35300 3532 3533 
35350 3550 3550 
35400 3528 3525 
35450 3532 3534 
35500 3556 3554 
35550 3528 3533 
35600 3535 3532 
35650 3547 3547 
35700 3560 3562 
35750 3554 3555 
35800 3555 3555 
35850 3546 3549 
35900 3544 3547 
35950 3547 3547 
36000 3543 3544 
36050 3542 3537 
36100 3545 3542 
36150 3537 3536 
36200 3543 3546 
36250 3546 3548 
36300 3545 3545 
36350 3540 3543 
36400 3560 3558 
36450 3552 3541 
36500 3523 3522 
36550 3536 3538 
36600 3544 3547 
36650 3544 3544 
36700 3525 3526 
36750 3539 3543 
36800 3538 3542 
36850 3538 3541 
36900 3548 3544 
36950 3550 3548 
37000 3546 3550 
37050 3540 3537 
37100 3552 3553 
37150 3537 3535 
37200 3559 3550 
37250 3534 3541 
37300 3551 3547 
37350 3540 3538 
37400 3554 3555 
37450 3544 3544 
37500 3567 3570 
37550 3547 3547 
37600 3551 3548 
37650 3536 3539 
37700 3532 3532 
37750 3563 3558 
37800 3561 3560 
37850 3533 3539 
37900 3549 3550 
37950 3551 3551 
38000 3538 3541 
38050 3544 3546 
38100 3546 3544 
38150 3556 3558 
38200 3562 3565 
38250 3542 3545 
38300 3535 3528 
38350 3548 3552 
38400 3554 3554 
38450 3555 3551 
38500 3535 3535 
38550 3530 3536 
38600 3538 3540 
38650 3531 3536 
38700 3546 3544 
38750 3541 3545 
38800 3533 3534 
38850 3547 3550 
38900 3545 3547 
38950 3524 3533 
39000 3526 3529 
39050 3547 3547 
39100 3557 3558 
39150 3566 3569 
39200 3554 3544 
39250 3545 3541 
39300 3542 3543 
39350 3554 3553 
39400 3539 3538 
39450 3562 3556 
39500 3557 3554 
39550 3518 3524 
39600 3541 3548 
39650 3544 3545 
39700 3543 3552 
39750 3544 3541 
39800 3548 3552 
39850 3556 3552 
39900 3556 3549 
39950 3546 3545 
40000 3535 3534 
40050 3554 3553 
40100 3536 3537 
40150 3541 3541 
40200 3556 3553 
40250 3561 3562 
40300 3567 3566 
40350 3546 3544 
40400 3542 3545 
40450 3545 3550 
40500 3549 3547 
40550 3553 3552 
40600 3552 3555 
40650 3554 3545 
40700 3555 3558 
40750 3542 3545 
40800 3528 3529 
40850 3541 3536 
40900 3551 3554 
40950 3542 3539 
41000 3542 3541 
41050 3539 3538 
41100 3546 3546 
41150 3549 3545 
41200 3542 3545 
41250 3548 3547 
41300 3549 3553 
41350 3549 3544 
41400 3532 3535 
41450 3545 3543 
41500 3544 3542 
41550 3544 3543 
41600 3544 3546 
41650 3537 3536 
41700 3549 3543 
41750 3545 3547 
41800 3524 3534 
41850 3549 3549 
41900 3549 3554 
41950 3547 3551 
42000 3548 3546 
42050 3539 3536 
42100 3556 3551 
42150 3550 3549 
42200 3545 3546 
42250 3547 3552 
42300 3536 3533 
42350 3531 3533 
42400 3528 3526 
42450 3542 3540 
42500 3536 3537 
42550 3547 3547 
42600 3529 3535 
42650 3537 3541 
42700 3554 3553 
42750 3541 3542 
42800 3547 3549 
42850 3555 3548 
42900 3541 3531 
42950 3529 3529 
43000 3545 3546 
43050 3540 3547 
43100 3541 3534 
43150 3545 3541 
43200 3548 3545 
43250 3532 3537 
43300 3548 3550 
43350 3536 3539 
43400 3540 3539 
43450 3555 3547 
43500 3542 3540 
43550 3529 3534 
43600 3542 3545 
43650 3531 3525 
43700 3554 3554 
43750 3545 3542 
43800 3553 3547 
43850 3546 3541 
43900 3552 3550 
43950 3545 3546 
44000 3546 3548 
44050 3558 3548 
44100 3552 3545 
44150 3539 3536 
44200 3541 3539 
44250 3546 3546 
44300 3550 3553 
44350 3528 3530 
44400 3538 3544 
44450 3544 3555 
44500 3537 3540 
44550 3555 3553 
44600 3552 3548 
44650 3547 3549 
44700 3549 3553 
44750 3540 3543 
44800 3547 3554 
44850 3552 3557 
44900 3561 3564 
44950 3541 3542 
45000 3547 3546 
45050 3548 3550 
45100 3556 3559 
45150 3528 3523 
45200 3544 3544 
45250 3541 3545 
45300 3547 3543 
45350 3562 3565 
45400 3547 3548 
45450 3542 3542 
45500 3542 3545 
45550 3543 3544 
45600 3544 3541 
45650 3544 3546 
45700 3543 3547 
45750 3544 3541 
45800 3547 3545 
45850 3542 3549 
45900 3546 3546 
45950 3546 3545 
46000 3531 3532 
46050 3536 3529 
46100 3546 3540 
46150 3534 3534 
46200 3550 3547 
46250 3550 3552 
46300 3548 3548 
46350 3541 3543 
46400 3556 3559 
46450 3550 3545 
46500 3532 3532 
46550 3541 3544 
46600 3545 3544 
46650 3537 3538 
46700 3534 3540 
46750 3539 3535 
46800 3540 3540 
46850 3549 3550 
46900 3525 3534 
46950 3537 3542 
47000 3557 3555 
47050 3539 3539 
47100 3553 3550 
47150 3542 3541 
47200 3539 3534 
47250 3545 3546 
47300 3540 3540 
47350 3548 3544 
47400 3532 3532 
47450 3550 3550 
47500 3541 3544 
47550 3540 3540 
47600 3564 3559 
47650 3574 3576 
47700 3563 3560 
47750 3558 3557 
47800 3549 3549 
47850 3540 3538 
47900 3531 3537 
47950 3561 3559 
48000 3535 3530 
48050 3544 3538 
48100 3549 3553 
48150 3558 3554 
48200 3558 3559 
48250 3554 3555 
48300 3560 3563 
48350 3546 3547 
48400 3559 3555 
48450 3543 3536 
48500 3545 3546 
48550 3539 3536 
48600 3547 3547 
48650 3549 3554 
48700 3546 3549 
48750 3548 3549 
48800 3557 3558 
48850 3556 3554 
48900 3535 3533 
48950 3552 3548 
49000 3549 3546 
49050 3543 3533 
49100 3535 3537 
49150 3557 3557 
49200 3560 3556 
49250 3541 3545 
49300 3546 3554 
49350 3529 3533 
49400 3534 3539 
49450 3547 3543 
49500 3533 3534 
49550 3552 3549 
49600 3533 3528 
49650 3548 3540 
49700 3547 3549 
49750 3551 3544 
49800 3535 3542 
49850 3556 3555 
49900 3531 3533 
49950 3539 3546 
50000 3542 3543 
50050 3537 3541 
50100 3555 3554 
50150 3557 3553 
50200 3559 3564 
50250 3548 3548 
50300 3559 3560 
50350 3540 3540 
50400 3553 3555 
50450 3549 3546 
50500 3543 3548 
50550 3541 3541 
50600 3540 3544 
50650 3539 3539 
50700 3541 3540 
50750 3522 3518 
50800 3530 3529 
50850 3545 3548 
50900 3541 3547 
50950 3536 3533 
51000 3531 3532 
51050 3553 3555 
51100 3533 3534 
51150 3538 3541 
51200 3540 3543 
51250 3552 3558 
51300 3542 3539 
51350 3539 3539 
51400 3543 3545 
51450 3536 3537 
51500 3547 3549 
51550 3550 3551 
51600 3557 3561 
51650 3545 3551 
51700 3550 3555 
51750 3541 3549 
51800 3540 3543 
51850 3539 3540 
51900 3555 3556 
51950 3536 3540 
52000 3551 3554 
52050 3543 3546 
52100 3556 3548 
52150 3545 3544 
52200 3539 3537 
52250 3558 3562 
52300 3537 3544 
52350 3549 3552 
52400 3544 3545 
52450 3536 3535 
52500 3549 3546 
52550 3550 3550 
52600 3548 3543 
52650 3566 3561 
52700 3552 3545 
52750 3541 3544 
52800 3553 3554 
52850 3549 3549 
52900 3539 3539 
52950 3541 3540 
53000 3550 3550 
53050 3553 3552 
53100 3547 3552 
53150 3539 3542 
53200 3529 3529 
53250 3527 3526 
53300 3544 3551 
53350 3549 3546 
53400 3542 3552 
53450 3547 3544 
53500 3553 3550 
53550 3537 3534 
53600 3530 3536 
53650 3550 3550 
53700 3542 3541 
53750 3549 3556 
53800 3540 3544 
53850 3553 3548 
53900 3543 3546 
53950 3550 3551 
54000 3546 3541 
54050 3537 3541 
54100 3544 3546 
54150 3542 3535 
54200 3527 3525 
54250 3546 3534 
54300 3534 3530 
54350 3557 3553 
54400 3537 3534 
54450 3543 3548 
54500 3547 3550 
54550 3532 3538 
54600 3555 3558 
54650 3564 3562 
54700 3532 3532 
54750 3539 3538 
54800 3542 3544 
54850 3542 3538 
54900 3544 3539 
54950 3550 3545 
55000 3542 3549 
55050 3551 3554 
55100 3529 3528 
55150 3550 3552 
55200 3532 3531 
55250 3543 3540 
55300 3549 3548 
55350 3544 3549 
55400 3548 3542 
55450 3552 3552 
55500 3540 3539 
55550 3540 3544 
55600 3531 3531 
55650 3550 3552 
55700 3559 3559 
55750 3539 3537 
55800 3560 3558 
55850 3561 3555 
55900 3536 3536 
55950 3536 3539 
56000 3559 3560 
56050 3548 3552 
56100 3539 3533 
56150 3539 3542 
56200 3544 3546 
56250 3537 3534 
56300 3553 3551 
56350 3529 3531 
56400 3548 3545 
56450 3535 3537 
56500 3546 3543 
56550 3544 3539 
56600 3538 3531 
56650 3549 3545 
56700 3558 3559 
56750 3554 3549 
56800 3543 3538 
56850 3539 3533 
56900 3544 3535 
56950 3544 3536 
57000 3554 3554 
57050 3553 3554 
57100 3543 3538 
57150 3532 3532 
57200 3542 3542 
57250 3556 3553 
57300 3549 3548 
57350 3548 3543 
57400 3534 3540 
57450 3543 3542 
57500 3545 3544 
57550 3568 3563 
57600 3555 3562 
57650 3560 3558 
57700 3561 3562 
57750 3554 3551 
57800 3544 3543 
57850 3559 3560 
57900 3549 3553 
57950 3534 3528 
58000 3532 3532 
58050 3554 3556 
58100 3547 3549 
58150 3561 3558 
58200 3557 3559 
58250 3552 3553 
58300 3552 3555 
58350 3555 3559 
58400 3540 3543 
58450 3534 3531 
58500 3558 3559 
58550 3527 3532 
58600 3539 3534 
58650 3543 3542 
58700 3546 3547 
58750 3537 3545 
58800 3548 3547 
58850 3533 3530 
58900 3544 3536 
58950 3546 3545 
59000 3538 3540 
59050 3554 3552 
59100 3530 3535 
59150 3540 3539 
59200 3558 3559 
59250 3550 3563 
59300 3540 3535 
59350 3557 3555 
59400 3537 3539 
59450 3542 3535 
59500 3553 3555 
59550 3565 3561 
59600 3550 3547 
59650 3554 3547 
59700 3544 3544 
59750 3540 3538 
59800 3550 3556 
59850 3552 3551 
59900 3537 3535 
59950 3552 3544 
60000 3542 3536 
60050 3540 3539 
60100 3545 3549 
60150 3527 3527 
60200 3559 3555 
60250 3554 3558 
60300 3564 3564 
60350 3558 3562 
60400 3548 3548 
60450 3550 3549 
60500 3551 3550 
60550 3530 3527 
60600 3558 3564 
60650 3553 3557 
60700 3554 3549 
60750 3536 3546 
60800 3544 3545 
60850 3562 3550 
60900 3550 3550 
60950 3541 3541 
61000 3559 3558 
61050 3562 3566 
61100 3561 3556 
61150 3546 3547 
61200 3551 3553 
61250 3558 3556 
61300 3555 3551 
61350 3536 3538 
61400 3552 3557 
61450 3557 3557 
61500 3536 3532 
61550 3543 3544 
61600 3557 3557 
61650 3556 3556 
61700 3545 3547 
61750 3547 3545 
61800 3551 3550 
61850 3549 3547 
61900 3534 3523 
61950 3537 3532 
62000 3551 3552 
62050 3548 3546 
62100 3571 3573 
62150 3541 3542 
62200 3551 3552 
62250 3557 3556 
62300 3559 3555 
62350 3556 3552 
62400 3547 3540 
62450 3533 3536 
62500 3539 3542 
62550 3539 3545 
62600 3551 3550 
62650 3549 3554 
62700 3551 3550 
62750 3545 3547 
62800 3549 3548 
62850 3553 3548 
62900 3538 3540 
62950 3556 3552 
63000 3548 3544 
63050 3543 3541 
63100 3550 3556 
63150 3556 3560 
63200 3549 3555 
63250 3537 3545 
63300 3555 3558 
63350 3553 3556 
63400 3556 3555 
63450 3548 3555 
63500 3555 3550 
63550 3551 3551 
63600 3549 3547 
63650 3545 3549 
63700 3548 3552 
63750 3548 3553 
63800 3562 3561 
63850 3546 3548 
63900 3544 3541 
63950 3542 3533 
64000 3558 3557 
64050 3550 3546 
64100 3558 3547 
64150 3552 3544 
64200 3559 3554 
64250 3553 3551 
64300 3552 3552 
64350 3541 3539 
64400 3566 3568 
64450 3575 3567 
64500 3563 3559 
64550 3558 3558 
64600 3542 3542 
64650 3550 3550 
64700 3563 3564 
64750 3561 3561 
64800 3547 3550 
64850 3546 3547 
64900 3556 3552 
64950 3563 3562 
65000 3560 3557 
65050 3544 3542 
65100 3546 3551 
65150 3546 3544 
65200 3559 3554 
65250 3556 3557 
65300 3539 3545 
65350 3567 3570 
65400 3539 3539 
65450 3555 3553 
65500 3536 3540 
65550 3547 3543 
65600 3545 3543 
65650 3553 3547 
65700 3550 3553 
65750 3546 3548 
65800 3561 3557 
65850 3549 3548 
65900 3554 3555 
65950 3559 3551 
66000 3544 3544 
66050 3533 3532 
66100 3547 3541 
66150 3560 3555 
66200 3568 3568 
66250 3544 3548 
66300 3542 3542 
66350 3534 3524 
66400 3552 3545 
66450 3544 3545 
66500 3544 3550 
66550 3545 3551 
66600 3550 3552 
66650 3542 3540 
66700 3548 3547 
66750 3532 3536 
66800 3550 3549 
66850 3554 3554 
66900 3543 3555 
66950 3533 3542 
67000 3555 3553 
67050 3555 3556 
67100 3566 3562 
67150 3551 3552 
67200 3557 3558 
67250 3564 3567 
67300 3556 3557 
67350 3538 3540 
67400 3549 3550 
67450 3551 3552 
67500 3551 3544 
67550 3552 3553 
67600 3543 3540 
67650 3549 3549 
67700 3544 3540 
67750 3545 3542 
67800 3544 3547 
67850 3556 3554 
67900 3543 3553 
67950 3547 3553 
68000 3554 3557 
68050 3559 3554 
68100 3557 3557 
68150 3556 3559 
68200 3558 3556 
68250 3561 3558 
68300 3546 3551 
68350 3549 3545 
68400 3561 3557 
68450 3550 3558 
68500 3554 3550 
68550 3550 3557 
68600 3554 3554 
68650 3555 3557 
68700 3545 3541 
68750 3551 3557 
68800 3544 3545 
68850 3539 3541 
68900 3560 3556 
68950 3553 3553 
69000 3549 3550 
69050 3560 3560 
69100 3561 3559 
69150 3543 3548 
69200 3559 3561 
69250 3551 3553 
69300 3548 3551 
69350 3543 3544 
69400 3546 3546 
69450 3559 3552 
69500 3561 3561 
69550 3553 3553 
69600 3538 3537 
69650 3543 3550 
69700 3542 3544 
69750 3554 3554 
69800 3546 3542 
69850 3543 3546 
69900 3528 3533 
69950 3550 3544 
70000 3560 3564 
70050 3553 3557 
70100 3558 3555 
70150 3559 3563 
70200 3550 3554 
70250 3552 3544 
70300 3562 3560 
70350 3554 3549 
70400 3551 3553 
70450 3558 3559 
70500 3558 3558 
70550 3554 3555 
70600 3554 3555 
70650 3562 3559 
70700 3538 3539 
70750 3553 3552 
70800 3543 3546 
70850 3555 3560 
70900 3547 3546 
70950 3548 3548 
71000 3554 3552 
71050 3532 3539 
71100 3556 3552 
71150 3549 3549 
71200 3534 3537 
71250 3549 3552 
71300 3555 3556 
71350 3558 3556 
71400 3555 3553 
71450 3542 3538 
71500 3537 3541 
71550 3546 3540 
71600 3565 3563 
71650 3555 3557 
71700 3569 3569 
71750 3559 3555 
71800 3551 3548 
71850 3547 3548 
71900 3551 3544 
71950 3570 3567 
72000 3569 3566 
72050 3554 3556 
72100 3553 3554 
72150 3565 3566 
72200 3544 3547 
72250 3557 3554 
72300 3538 3543 
72350 3539 3539 
72400 3572 3570 
72450 3545 3546 
72500 3547 3544 
72550 3569 3562 
72600 3544 3544 
72650 3543 3545 
72700 3546 3547 
72750 3550 3547 
72800 3553 3542 
72850 3559 3554 
72900 3542 3545 
72950 3536 3540 
73000 3547 3548 
73050 3554 3556 
73100 3555 3556 
73150 3551 3548 
73200 3561 3567 
73250 3554 3551 
73300 3541 3547 
73350 3546 3545 
73400 3555 3557 
73450 3550 3550 
73500 3548 3556 
73550 3569 3570 
73600 3545 3545 
73650 3555 3558 
73700 3553 3552 
73750 3543 3544 
73800 3552 3553 
73850 3552 3549 
73900 3545 3550 
73950 3551 3549 
74000 3568 3570 
74050 3548 3547 
74100 3554 3558 
74150 3541 3539 
74200 3541 3541 
74250 3549 3554 
74300 3560 3565 
74350 3540 3541 
74400 3553 3553 
74450 3552 3541 
74500 3539 3545 
74550 3548 3546 
74600 3540 3543 
74650 3535 3538 
74700 3565 3558 
74750 3546 3542 
74800 3545 3542 
74850 3541 3541 
74900 3537 3531 
74950 3554 3549 
75000 3531 3537 
75050 3556 3552 
75100 3561 3560 
75150 3541 3548 
75200 3542 3537 
75250 3562 3555 
75300 3548 3540 
75350 3570 3570 
75400 3551 3547 
75450 3554 3558 
75500 3525 3543 
75550 3560 3550 
75600 3554 3551 
75650 3556 3551 
75700 3541 3549 
75750 3542 3543 
75800 3541 3540 
75850 3549 3554 
75900 3550 3551 
75950 3554 3555 
76000 3554 3551 
76050 3534 3538 
76100 3549 3549 
76150 3562 3549 
76200 3552 3550 
76250 3556 3556 
76300 3556 3559 
76350 3546 3546 
76400 3557 3557 
76450 3544 3540 
76500 3548 3540 
76550 3555 3556 
76600 3541 3543 
76650 3535 3531 
76700 3556 3559 
76750 3553 3546 
76800 3540 3541 
76850 3547 3552 
76900 3554 3558 
76950 3546 3543 
77000 3554 3553 
77050 3556 3555 
77100 3554 3556 
77150 3537 3544 
77200 3554 3549 
77250 3548 3549 
77300 3539 3540 
77350 3554 3546 
77400 3556 3554 
77450 3537 3537 
77500 3562 3558 
77550 3551 3551 
77600 3545 3541 
77650 3555 3550 
77700 3556 3556 
77750 3544 3542 
77800 3545 3545 
77850 3547 3551 
77900 3553 3551 
77950 3544 3544 
78000 3537 3532 
78050 3562 3561 
78100 3548 3550 
78150 3555 3554 
78200 3543 3547 
78250 3569 3571 
78300 3552 3550 
78350 3551 3549 
78400 3550 3558 
78450 3547 3547 
78500 3568 3565 
78550 3560 3552 
78600 3548 3546 
78650 3558 3563 
78700 3542 3546 
78750 3535 3541 
78800 3554 3552 
78850 3554 3562 
78900 3553 3547 
78950 3544 3546 
79000 3558 3561 
79050 3545 3544 
79100 3562 3556 
79150 3542 3541 
79200 3533 3539 
79250 3558 3559 
79300 3566 3564 
79350 3551 3543 
79400 3547 3542 
79450 3554 3553 
79500 3562 3559 
79550 3555 3555 
79600 3544 3544 
79650 3551 3550 
79700 3555 3552 
79750 3561 3560 
79800 3556 3552 
79850 3558 3564 
79900 3564 3561 
79950 3544 3544 
80000 3560 3558 
80050 3537 3543 
80100 3546 3548 
80150 3556 3556 
80200 3538 3537 
80250 3553 3553 
80300 3565 3559 
80350 3553 3553 
80400 3553 3551 
80450 3553 3556 
80500 3553 3552 
80550 3537 3537 
80600 3557 3555 
80650 3546 3550 
80700 3543 3539 
80750 3554 3548 
80800 3552 3552 
80850 3551 3554 
80900 3548 3548 
80950 3548 3548 
81000 3564 3560 
81050 3533 3534 
81100 3563 3567 
81150 3561 3558 
81200 3540 3539 
81250 3550 3551 
81300 3541 3537 
81350 3550 3550 
81400 3554 3554 
81450 3538 3536 
81500 3553 3555 
81550 3577 3568 
81600 3532 3533 
81650 3559 3556 
81700 3556 3559 
81750 3556 3557 
81800 3550 3550 
81850 3556 3559 
81900 3556 3557 
81950 3550 3543 
82000 3540 3549 
82050 3551 3547 
82100 3545 3549 
82150 3556 3556 
82200 3543 3545 
82250 3551 3552 
82300 3541 3550 
82350 3552 3549 
82400 3552 3550 
82450 3545 3544 
82500 3552 3551 
82550 3549 3549 
82600 3570 3570 
82650 3554 3548 
82700 3553 3540 
82750 3545 3552 
82800 3549 3549 
82850 3550 3556 
82900 3553 3554 
82950 3552 3553 
83000 3558 3558 
83050 3551 3549 
83100 3552 3552 
83150 3543 3541 
83200 3554 3558 
83250 3544 3548 
83300 3537 3541 
83350 3541 3544 
83400 3535 3539 
83450 3558 3562 
83500 3551 3552 
83550 3539 3537 
83600 3539 3538 
83650 3557 3552 
83700 3534 3531 
83750 3554 3556 
83800 3540 3539 
83850 3542 3540 
83900 3560 3559 
83950 3550 3557 
84000 3544 3547 
84050 3558 3552 
84100 3550 3547 
84150 3554 3553 
84200 3564 3566 
84250 3560 3556 
84300 3551 3555 
84350 3549 3550 
84400 3553 3556 
84450 3561 3559 
84500 3545 3549 
84550 3544 3545 
84600 3567 3559 
84650 3556 3552 
84700 3536 3541 
84750 3546 3545 
84800 3556 3558 
84850 3569 3566 
84900 3565 3566 
84950 3545 3548 
85000 3543 3538 
85050 3548 3552 
85100 3547 3548 
85150 3556 3556 
85200 3559 3557 
85250 3542 3540 
85300 3562 3562 
85350 3550 3549 
85400 3544 3543 
85450 3549 3554 
85500 3552 3553 
85550 3553 3552 
85600 3561 3561 
85650 3540 3540 
85700 3538 3541 
85750 3546 3555 
85800 3541 3545 
85850 3545 3542 
85900 3549 3547 
85950 3556 3552 
86000 3559 3551 
86050 3552 3544 
86100 3555 3555 
86150 3547 3543 
86200 3552 3553 
86250 3541 3539 
86300 3550 3551 
86350 3545 3546 
86400 3532 3533 
86450 3559 3562 
86500 3560 3558 
86550 3544 3541 
86600 3546 3538 
86650 3554 3555 
86700 3534 3535 
86750 3547 3549 
86800 3560 3564 
86850 3559 3562 
86900 3537 3540 
86950 3550 3551 
87000 3557 3555 
87050 3552 3558 
87100 3547 3548 
87150 3541 3545 
87200 3560 3556 
87250 3555 3556 
87300 3545 3549 
87350 3539 3543 
87400 3538 3534 
87450 3540 3533 
87500 3551 3549 
87550 3541 3541 
87600 3536 3542 
87650 3553 3550 
87700 3553 3557 
87750 3545 3544 
87800 3538 3531 
87850 3560 3555 
87900 3548 3549 
87950 3548 3547 
88000 3538 3538 
88050 3566 3566 
88100 3552 3552 
88150 3567 3562 
88200 3565 3559 
88250 3563 3572 
88300 3553 3549 
88350 3558 3557 
88400 3562 3560 
88450 3546 3540 
88500 3538 3537 
88550 3550 3549 
88600 3553 3551 
88650 3552 3548 
88700 3553 3549 
88750 3554 3554 
88800 3557 3552 
88850 3545 3547 
88900 3564 3571 
88950 3549 3553 
89000 3560 3561 
89050 3547 3546 
89100 3552 3554 
89150 3546 3552 
89200 3565 3557 
89250 3562 3559 
89300 3550 3554 
89350 3542 3547 
89400 3530 3538 
89450 3545 3549 
89500 3550 3556 
89550 3527 3533 
89600 3537 3537 
89650 3540 3539 
89700 3561 3558 
89750 3545 3541 
89800 3563 3566 
89850 3551 3545 
89900 3550 3548 
89950 3537 3543 
90000 3554 3556 
90050 3552 3550 
90100 3542 3536 
90150 3541 3533 
90200 3549 3549 
90250 3545 3547 
90300 3549 3557 
90350 3558 3557 
90400 3566 3565 
90450 3547 3544 
90500 3544 3549 
90550 3554 3554 
90600 3557 3562 
90650 3561 3556 
90700 3572 3571 
90750 3558 3558 
90800 3558 3555 
90850 3550 3547 
90900 3553 3556 
90950 3544 3546 
91000 3552 3550 
91050 3559 3554 
91100 3543 3545 
91150 3539 3533 
91200 3559 3559 
91250 3548 3545 
91300 3555 3550 
91350 3550 3546 
91400 3553 3558 
91450 3540 3538 
91500 3543 3542 
91550 3544 3546 
91600 3552 3553 
91650 3547 3541 
91700 3558 3556 
91750 3554 3558 
91800 3557 3557 
91850 3527 3530 
91900 3542 3544 
91950 3549 3545 
92000 3544 3540 
92050 3547 3544 
92100 3547 3549 
92150 3542 3540 
92200 3548 3550 
92250 3543 3544 
92300 3554 3551 
92350 3551 3552 
92400 3550 3546 
92450 3552 3547 
92500 3540 3542 
92550 3538 3545 
92600 3554 3551 
92650 3557 3555 
92700 3558 3559 
92750 3564 3564 
92800 3539 3539 
92850 3544 3544 
92900 3540 3539 
92950 3534 3530 
93000 3566 3559 
93050 3567 3562 
93100 3549 3550 
93150 3551 3549 
93200 3539 3544 
93250 3544 3544 
93300 3545 3550 
93350 3544 3540 
93400 3554 3555 
93450 3561 3561 
93500 3550 3550 
93550 3559 3558 
93600 3547 3546 
93650 3558 3556 
93700 3558 3550 
93750 3552 3556 
93800 3556 3559 
93850 3551 3552 
93900 3554 3551 
93950 3558 3560 
94000 3559 3559 
94050 3554 3552 
94100 3538 3541 
94150 3539 3531 
94200 3546 3545 
94250 3539 3537 
94300 3553 3555 
94350 3545 3548 
94400 3554 3549 
94450 3548 3542 
94500 3550 3545 
94550 3564 3564 
94600 3542 3542 
94650 3533 3537 
94700 3548 3551 
94750 3553 3548 
94800 3547 3547 
94850 3558 3555 
94900 3545 3538 
94950 3555 3560 
95000 3562 3563 
95050 3566 3561 
95100 3557 3551 
95150 3545 3547 
95200 3544 3542 
95250 3555 3551 
95300 3547 3555 
95350 3541 3546 
95400 3554 3550 
95450 3556 3560 
95500 3535 3536 
95550 3539 3545 
95600 3562 3563 
95650 3530 3535 
95700 3567 3566 
95750 3546 3541 
95800 3552 3554 
95850 3534 3530 
95900 3553 3551 
95950 3558 3555 
96000 3560 3557 
96050 3551 3549 
96100 3555 3550 
96150 3536 3536 
96200 3546 3546 
96250 3549 3552 
96300 3552 3552 
96350 3542 3542 
96400 3563 3563 
96450 3561 3557 
96500 3547 3544 
96550 3549 3549 
96600 3551 3555 
96650 3537 3542 
96700 3539 3535 
96750 3546 3544 
96800 3551 3548 
96850 3551 3545 
96900 3539 3543 
96950 3550 3551 
97000 3555 3557 
97050 3554 3558 
97100 3556 3562 
97150 3553 3553 
97200 3554 3551 
97250 3536 3534 
97300 3554 3553 
97350 3549 3551 
97400 3554 3553 
97450 3570 3569 
97500 3549 3551 
97550 3555 3554 
97600 3548 3552 
97650 3542 3541 
97700 3546 3544 
97750 3549 3552 
97800 3536 3530 
97850 3551 3549 
97900 3551 3557 
97950 3555 3552 
98000 3565 3568 
98050 3558 3559 
98100 3559 3565 
98150 3556 3554 
98200 3560 3558 
98250 3543 3546 
98300 3541 3541 
98350 3561 3555 
98400 3550 3549 
98450 3556 3558 
98500 3553 3549 
98550 3538 3542 
98600 3553 3556 
98650 3561 3557 
98700 3562 3557 
98750 3551 3551 
98800 3543 3540 
98850 3552 3552 
98900 3546 3541 
98950 3560 3561 
99000 3559 3562 
99050 3549 3548 
99100 3554 3551 
99150 3555 3554 
99200 3554 3555 
99250 3550 3557 
99300 3549 3540 
99350 3557 3558 
99400 3564 3565 
99450 3541 3543 
99500 3548 3545 
99550 3553 3556 
99600 3544 3538 
99650 3547 3550 
99700 3555 3561 
99750 3563 3564 
99800 3541 3545 
99850 3553 3559 
99900 3546 3545 
99950 3544 3545 
100000 3552 3550 
100050 3548 3545 
100100 3531 3528 
100150 3548 3548 
100200 3545 3547 
100250 3558 3561 
100300 3558 3558 
100350 3562 3555 
100400 3554 3558 
100450 3555 3556 
100500 3551 3550 
100550 3551 3552 
100600 3564 3561 
100650 3553 3552 
100700 3556 3554 
100750 3558 3564 
100800 3543 3546 
100850 3548 3554 
100900 3557 3548 
100950 3556 3557 
101000 3550 3554 
101050 3557 3551 
101100 3563 3561 
101150 3555 3552 
101200 3546 3546 
101250 3550 3549 
101300 3556 3555 
101350 3555 3548 
101400 3559 3554 
101450 3559 3566 
101500 3541 3540 
101550 3550 3552 
101600 3568 3566 
101650 3546 3544 
101700 3539 3538 
101750 3544 3541 
101800 3551 3545 
101850 3557 3554 
101900 3544 3539 
101950 3548 3547 
102000 3550 3552 
102050 3545 3546 
102100 3536 3530 
102150 3546 3541 
102200 3557 3550 
102250 3546 3545 
102300 3554 3551 
102350 3544 3545 
102400 3565 3564 
102450 3551 3549 
102500 3541 3543 
102550 3562 3560 
102600 3551 3549 
102650 3546 3544 
102700 3556 3553 
102750 3541 3536 
102800 3561 3557 
102850 3546 3548 
102900 3553 3551 
102950 3553 3552 
103000 3536 3527 
103050 3545 3546 
103100 3552 3549 
103150 3549 3554 
103200 3538 3536 
103250 3547 3546 
103300 3536 3533 
103350 3538 3539 
103400 3551 3544 
103450 3559 3556 
103500 3553 3552 
103550 3538 3544 
103600 3556 3558 
103650 3545 3549 
103700 3541 3548 
103750 3556 3555 
103800 3557 3552 
103850 3552 3551 
103900 3554 3552 
103950 3546 3545 
104000 3540 3539 
104050 3577 3570 
104100 3556 3554 
104150 3552 3557 
104200 3555 3555 
104250 3553 3553 
104300 3555 3554 
104350 3555 3554 
104400 3558 3550 
104450 3552 3554 
104500 3544 3551 
104550 3548 3548 
104600 3538 3538 
104650 3558 3555 
104700 3548 3550 
104750 3546 3544 
104800 3558 3558 
104850 3565 3556 
104900 3558 3556 
104950 3545 3545 
105000 3553 3553 
105050 3548 3544 
105100 3537 3535 
105150 3558 3549 
105200 3538 3544 
105250 3556 3558 
105300 3540 3544 
105350 3544 3550 
105400 3545 3551 
105450 3552 3549 
105500 3566 3562 
105550 3569 3560 
105600 3553 3555 
105650 3544 3545 
105700 3539 3547 
105750 3553 3550 
105800 3559 3560 
105850 3545 3547 
105900 3547 3544 
105950 3544 3555 
106000 3523 3523 
106050 3545 3543 
106100 3567 3561 
106150 3567 3560 
106200 3560 3555 
106250 3555 3555 
106300 3554 3553 
106350 3546 3551 
106400 3572 3571 
106450 3537 3540 
106500 3552 3546 
106550 3544 3547 
106600 3550 3559 
106650 3544 3546 
106700 3552 3557 
106750 3536 3538 
106800 3552 3552 
106850 3559 3561 
106900 3559 3554 
106950 3549 3550 
107000 3556 3565 
107050 3556 3565 
107100 3557 3562 
107150 3546 3549 
107200 3535 3536 
107250 3554 3559 
107300 3565 3560 
107350 3563 3562 
107400 3554 3548 
107450 3558 3556 
107500 3542 3541 
107550 3543 3543 
107600 3543 3534 
107650 3556 3558 
107700 3546 3544 
107750 3558 3557 
107800 3566 3562 
107850 3563 3565 
107900 3556 3555 
107950 3545 3544 
108000 3550 3551 
108050 3557 3557 
108100 3561 3559 
108150 3555 3554 
108200 3544 3540 
108250 3553 3549 
108300 3561 3557 
108350 3555 3555 
108400 3554 3547 
108450 3552 3545 
108500 3555 3554 
108550 3546 3546 
108600 3532 3522 
108650 3551 3551 
108700 3543 3547 
108750 3561 3551 
108800 3546 3547 
108850 3556 3551 
108900 3562 3561 
108950 3562 3560 
109000 3555 3557 
109050 3550 3564 
109100 3551 3555 
109150 3547 3543 
109200 3546 3551 
109250 3547 3549 
109300 3549 3548 
109350 3552 3545 
109400 3552 3548 
109450 3549 3550 
109500 3558 3550 
109550 3550 3553 
109600 3551 3553 
109650 3563 3561 
109700 3556 3548 
109750 3547 3545 
109800 3548 3549 
109850 3531 3532 
109900 3543 3544 
109950 3561 3560 
110000 3553 3551 
110050 3564 3563 
110100 3542 3539 
110150 3550 3549 
110200 3557 3551 
110250 3551 3551 
110300 3546 3539 
110350 3538 3539 
110400 3552 3555 
110450 3555 3552 
110500 3548 3547 
110550 3548 3544 
110600 3558 3561 
110650 3554 3554 
110700 3557 3554 
110750 3543 3550 
110800 3543 3545 
110850 3552 3551 
110900 3562 3561 
110950 3545 3547 
111000 3544 3540 
111050 3540 3547 
111100 3553 3556 
111150 3564 3561 
111200 3549 3551 
111250 3553 3552 
111300 3562 3556 
111350 3564 3562 
111400 3543 3544 
111450 3548 3547 
111500 3546 3545 
111550 3538 3543 
111600 3547 3547 
111650 3566 3558 
111700 3556 3557 
111750 3555 3549 
111800 3545 3546 
111850 3547 3545 
111900 3554 3554 
111950 3571 3567 
112000 3554 3551 
112050 3561 3560 
112100 3536 3543 
112150 3549 3551 
112200 3548 3543 
112250 3550 3548 
112300 3536 3540 
112350 3543 3545 
112400 3548 3548 
112450 3546 3547 
112500 3543 3545 
112550 3552 3554 
112600 3531 3535 
112650 3545 3542 
112700 3554 3552 
112750 3547 3546 
112800 3548 3548 
112850 3544 3543 
112900 3534 3537 
112950 3549 3548 
113000 3534 3537 
113050 3554 3553 
113100 3556 3556 
113150 3544 3543 
113200 3551 3549 
113250 3548 3551 
113300 3545 3536 
113350 3534 3536 
113400 3547 3546 
113450 3547 3547 
113500 3541 3545 
113550 3541 3541 
113600 3560 3560 
113650 3539 3543 
113700 3556 3559 
113750 3547 3548 
113800 3551 3547 
113850 3542 3545 
113900 3553 3553 
113950 3560 3558 
114000 3550 3551 
114050 3543 3543 
114100 3555 3551 
114150 3555 3557 
114200 3539 3535 
114250 3547 3551 
114300 3544 3542 
114350 3549 3545 
114400 3558 3558 
114450 3552 3548 
114500 3552 3554 
114550 3538 3539 
114600 3548 3552 
114650 3552 3546 
114700 3552 3546 
114750 3540 3542 
114800 3545 3551 
114850 3532 3534 
114900 3538 3532 
114950 3542 3539 
115000 3535 3533 
115050 3543 3545 
115100 3552 3549 
115150 3566 3564 
115200 3547 3549 
115250 3538 3540 
115300 3536 3538 
115350 3550 3555 
115400 3560 3558 
115450 3557 3551 
115500 3548 3548 
115550 3549 3547 
115600 3541 3540 
115650 3540 3542 
115700 3566 3561 
115750 3541 3542 
115800 3558 3558 
115850 3538 3544 
115900 3565 3563 
115950 3560 3556 
116000 3559 3554 
116050 3539 3543 
116100 3549 3543 
116150 3556 3563 
116200 3534 3531 
116250 3536 3536 
116300 3553 3542 
116350 3560 3559 
116400 3556 3553 
116450 3544 3544 
116500 3544 3549 
116550 3542 3548 
116600 3540 3539 
116650 3560 3558 
116700 3540 3544 
116750 3538 3541 
116800 3542 3547 
116850 3560 3557 
116900 3563 3563 
116950 3550 3547 
117000 3545 3535 
117050 3546 3542 
117100 3552 3552 
117150 3547 3543 
117200 3552 3549 
117250 3558 3564 
117300 3552 3545 
117350 3547 3544 
117400 3553 3555 
117450 3551 3549 
117500 3548 3549 
117550 3559 3560 
117600 3557 3558 
117650 3542 3541 
117700 3547 3552 
117750 3538 3544 
117800 3541 3541 
117850 3545 3551 
117900 3551 3551 
117950 3545 3546 
118000 3564 3567 
118050 3545 3544 
118100 3550 3544 
118150 3548 3547 
118200 3550 3554 
118250 3555 3557 
118300 3552 3552 
118350 3554 3557 
118400 3556 3552 
118450 3549 3549 
118500 3549 3551 
118550 3546 3542 
118600 3545 3546 
118650 3546 3543 
118700 3543 3544 
118750 3548 3546 
118800 3550 3550 
118850 3560 3559 
118900 3568 3565 
118950 3557 3560 
119000 3554 3549 
119050 3563 3561 
119100 3540 3542 
119150 3550 3557 
119200 3547 3540 
119250 3546 3543 
119300 3545 3544 
119350 3546 3544 
119400 3544 3550 
119450 3560 3561 
119500 3547 3543 
119550 3564 3568 
119600 3546 3547 
119650 3562 3565 
119700 3548 3554 
119750 3562 3561 
119800 3555 3554 
119850 3560 3563 
119900 3552 3557 
119950 3551 3548 
120000 3554 3563 
120050 3535 3534 
120100 3555 3557 
120150 3539 3542 
120200 3552 3555 
120250 3555 3561 
120300 3565 3569 
120350 3544 3546 
120400 3551 3547 
120450 3541 3546 
120500 3549 3551 
120550 3543 3545 
120600 3540 3545 
120650 3541 3549 
120700 3545 3545 
120750 3550 3547 
120800 3536 3534 
120850 3544 3540 
120900 3551 3548 
120950 3547 3552 
121000 3556 3556 
121050 3555 3558 
121100 3565 3569 
121150 3548 3545 
121200 3567 3571 
121250 3561 3554 
121300 3562 3561 
121350 3560 3564 
121400 3548 3550 
121450 3557 3559 
121500 3555 3557 
121550 3556 3556 
121600 3552 3552 
121650 3542 3538 
121700 3540 3546 
121750 3548 3547 
121800 3555 3545 
121850 3565 3560 
121900 3554 3553 
121950 3561 3564 
122000 3541 3539 
122050 3562 3560 
122100 3537 3538 
122150 3548 3554 
122200 3551 3550 
122250 3552 3558 
122300 3547 3547 
122350 3546 3550 
122400 3548 3554 
122450 3547 3545 
122500 3551 3547 
122550 3557 3563 
122600 3557 3555 
122650 3543 3541 
122700 3546 3546 
122750 3547 3552 
122800 3553 3547 
122850 3557 3554 
122900 3550 3549 
122950 3558 3551 
123000 3550 3556 
123050 3534 3531 
123100 3550 3555 
123150 3533 3533 
123200 3559 3559 
123250 3559 3564 
123300 3556 3551 
123350 3569 3569 
123400 3557 3556 
123450 3545 3554 
123500 3551 3552 
123550 3566 3565 
123600 3565 3567 
123650 3566 3565 
123700 3549 3545 
123750 3549 3549 
123800 3543 3548 
123850 3553 3547 
123900 3547 3555 
123950 3564 3566 
124000 3555 3554 
124050 3544 3546 
124100 3530 3538 
124150 3542 3544 
124200 3543 3548 
124250 3549 3544 
124300 3554 3556 
124350 3532 3532 
124400 3545 3539 
124450 3570 3572 
124500 3558 3557 
124550 3548 3550 
124600 3543 3549 
124650 3562 3562 
124700 3547 3547 
124750 3561 3565 
124800 3548 3551 
124850 3556 3552 
124900 3557 3556 
124950 3556 3552 
125000 3550 3552 
125050 3547 3550 
125100 3530 3527 
125150 3547 3546 
125200 3555 3555 
125250 3553 3555 
125300 3553 3552 
125350 3528 3526 
125400 3548 3544 
125450 3552 3547 
125500 3541 3523 
125550 3557 3553 
125600 3544 3542 
125650 3550 3551 
125700 3547 3559 
125750 3553 3554 
125800 3554 3555 
125850 3547 3549 
125900 3545 3544 
125950 3557 3558 
126000 3554 3551 
126050 3560 3557 
126100 3542 3545 
126150 3568 3566 
126200 3557 3549 
126250 3552 3544 
126300 3558 3554 
126350 3545 3550 
126400 3559 3558 
126450 3550 3555 
126500 3550 3550 
126550 3553 3553 
126600 3555 3557 
126650 3549 3542 
126700 3544 3548 
126750 3542 3540 
126800 3561 3561 
126850 3550 3552 
126900 3552 3550 
126950 3548 3542 
127000 3561 3566 
127050 3551 3552 
127100 3542 3542 
127150 3545 3546 
127200 3561 3560 
127250 3541 3544 
127300 3546 3546 
127350 3553 3555 
127400 3524 3526 
127450 3561 3553 
127500 3559 3558 
127550 3563 3560 
127600 3552 3559 
127650 3554 3551 
127700 3549 3547 
127750 3549 3548 
127800 3549 3550 
127850 3530 3541 
127900 3555 3556 
127950 3543 3544 
128000 3555 3551 
128050 3559 3552 
128100 3548 3546 
128150 3554 3559 
128200 3554 3550 
128250 3551 3553 
128300 3559 3564 
128350 3542 3542 
128400 3543 3544 
128450 3548 3554 
128500 3537 3533 
128550 3535 3535 
128600 3546 3541 
128650 3566 3562 
128700 3554 3552 
128750 3552 3550 
128800 3559 3561 
128850 3552 3556 
128900 3556 3551 
128950 3550 3550 
129000 3562 3566 
129050 3553 3552 
129100 3552 3554 
129150 3564 3555 
129200 3555 3560 
129250 3553 3549 
129300 3549 3556 
129350 3546 3544 
129400 3557 3558 
129450 3533 3532 
129500 3541 3545 
129550 3546 3539 
129600 3550 3552 
129650 3552 3546 
129700 3539 3530 
129750 3547 3545 
129800 3531 3535 
129850 3557 3553 
129900 3550 3552 
129950 3549 3555 
130000 3547 3555 
130050 3550 3557 
130100 3553 3557 
130150 3543 3547 
130200 3556 3552 
130250 3555 3555 
130300 3556 3554 
130350 3538 3537 
130400 3552 3546 
130450 3549 3546 
130500 3545 3546 
130550 3541 3543 
130600 3549 3548 
130650 3551 3554 
130700 3542 3539 
130750 3553 3552 
130800 3552 3549 
130850 3536 3534 
130900 3543 3548 
130950 3559 3557 
131000 3543 3545 
131050 3552 3549 
131100 3553 3557 
131150 3555 3550 
131200 3548 3545 
131250 3546 3544 
131300 3551 3551 
131350 3556 3554 
131400 3559 3562 
131450 3551 3556 
131500 3555 3551 
131550 3547 3549 
131600 3554 3555 
131650 3554 3555 
131700 3550 3551 
131750 3560 3566 
131800 3558 3561 
131850 3544 3546 
131900 3554 3556 
131950 3558 3561 
132000 3548 3547 
132050 3557 3559 
132100 3538 3542 
132150 3557 3556 
132200 3565 3562 
132250 3555 3554 
132300 3546 3552 
132350 3541 3542 
132400 3549 3547 
132450 3550 3549 
132500 3555 3553 
132550 3546 3548 
132600 3538 3536 
132650 3546 3544 
132700 3566 3566 
132750 3556 3563 
132800 3558 3557 
132850 3548 3557 
132900 3550 3545 
132950 3535 3535 
133000 3558 3556 
133050 3545 3550 
133100 3548 3550 
133150 3570 3564 
133200 3555 3554 
133250 3556 3560 
133300 3555 3557 
133350 3544 3541 
133400 3552 3556 
133450 3554 3549 
133500 3540 3542 
133550 3555 3548 
133600 3536 3534 
133650 3552 3550 
133700 3538 3543 
133750 3544 3552 
133800 3547 3548 
133850 3544 3542 
133900 3551 3554 
133950 3554 3556 
134000 3537 3545 
134050 3551 3551 
134100 3554 3555 
134150 3542 3533 
134200 3568 3563 
134250 3537 3539 
134300 3550 3550 
134350 3559 3557 
134400 3542 3551 
134450 3544 3538 
134500 3556 3560 
134550 3541 3537 
134600 3560 3548 
134650 3556 3551 
134700 3547 3546 
134750 3561 3568 
134800 3560 3557 
134850 3546 3548 
134900 3543 3544 
134950 3550 3544 
135000 3559 3557 
135050 3551 3553 
135100 3544 3542 
135150 3555 3560 
135200 3563 3568 
135250 3548 3546 
135300 3555 3555 
135350 3529 3529 
135400 3552 3549 
135450 3545 3544 
135500 3555 3554 
135550 3561 3560 
135600 3561 3559 
135650 3547 3542 
135700 3545 3550 
135750 3543 3544 
135800 3562 3556 
135850 3561 3553 
135900 3557 3558 
135950 3554 3551 
136000 3548 3551 
136050 3564 3555 
136100 3560 3563 
136150 3545 3547 
136200 3547 3545 
136250 3551 3550 
136300 3561 3551 
136350 3551 3548 
136400 3550 3546 
136450 3557 3555 
136500 3551 3558 
136550 3559 3558 
136600 3550 3554 
136650 3550 3550 
136700 3550 3549 
136750 3552 3555 
136800 3552 3550 
136850 3546 3554 
136900 3563 3558 
136950 3546 3547 
137000 3553 3552 
137050 3537 3536 
137100 3539 3532 
137150 3549 3548 
137200 3542 3541 
137250 3548 3547 
137300 3556 3554 
137350 3557 3556 
137400 3562 3566 
137450 3549 3550 
137500 3550 3550 
137550 3550 3551 
137600 3550 3549 
137650 3557 3558 
137700 3549 3548 
137750 3532 3529 
137800 3551 3551 
137850 3558 3559 
137900 3552 3555 
137950 3558 3558 
138000 3549 3552 
138050 3534 3539 
138100 3549 3545 
138150 3539 3545 
138200 3566 3563 
138250 3552 3555 
138300 3541 3540 
138350 3551 3551 
138400 3555 3556 
138450 3551 3551 
138500 3541 3538 
138550 3559 3561 
138600 3561 3564 
138650 3559 3556 
138700 3544 3547 
138750 3557 3553 
138800 3557 3552 
138850 3554 3551 
138900 3539 3543 
138950 3550 3549 
139000 3557 3555 
139050 3555 3551 
139100 3540 3541 
139150 3537 3536 
139200 3553 3549 
139250 3557 3560 
139300 3551 3546 
139350 3563 3561 
139400 3564 3564 
139450 3564 3564 
139500 3555 3560 
139550 3548 3548 
139600 3549 3549 
139650 3553 3554 
139700 3548 3553 
139750 3552 3552 
139800 3559 3559 
139850 3552 3551 
139900 3564 3566 
139950 3570 3572 
140000 3553 3556 
140050 3535 3535 
140100 3560 3558 
140150 3558 3560 
140200 3549 3553 
140250 3557 3557 
140300 3556 3553 
140350 3553 3551 
140400 3555 3560 
140450 3561 3559 
140500 3560 3562 
140550 3538 3539 
140600 3543 3541 
140650 3555 3548 
140700 3546 3545 
140750 3542 3542 
140800 3567 3562 
140850 3552 3550 
140900 3557 3557 
140950 3544 3547 
141000 3554 3553 
141050 3553 3550 
141100 3558 3554 
141150 3545 3547 
141200 3553 3558 
141250 3550 3553 
141300 3561 3558 
141350 3541 3537 
141400 3562 3561 
141450 3552 3553 
141500 3538 3540 
141550 3539 3536 
141600 3555 3557 
141650 3546 3543 
141700 3538 3538 
141750 3553 3553 
141800 3557 3550 
141850 3543 3537 
141900 3551 3551 
141950 3549 3546 
142000 3544 3545 
142050 3550 3546 
142100 3564 3561 
142150 3553 3554 
142200 3548 3550 
142250 3562 3558 
142300 3540 3535 
142350 3543 3544 
142400 3557 3557 
142450 3551 3558 
142500 3550 3551 
142550 3557 3553 
142600 3543 3540 
142650 3550 3542 
142700 3543 3542 
142750 3541 3544 
142800 3541 3541 
142850 3555 3552 
142900 3542 3539 
142950 3554 3558 
143000 3551 3551 
143050 3558 3557 
143100 3554 3551 
143150 3558 3556 
143200 3545 3545 
143250 3560 3563 
143300 3552 3550 
143350 3545 3546 
143400 3541 3542 
143450 3559 3556 
143500 3552 3556 
143550 3549 3553 
143600 3555 3558 
143650 3544 3546 
143700 3544 3541 
143750 3533 3536 
143800 3557 3547 
143850 3555 3554 
143900 3548 3556 
143950 3559 3557 
144000 3562 3560 
144050 3546 3544 
144100 3564 3558 
144150 3556 3553 
144200 3554 3552 
144250 3547 3547 
144300 3557 3555 
144350 3552 3554 
144400 3527 3529 
144450 3542 3545 
144500 3543 3542 
144550 3551 3550 
144600 3549 3545 
144650 3537 3536 
144700 3558 3553 
144750 3543 3539 
144800 3548 3547 
144850 3560 3558 
144900 3551 3554 
144950 3550 3554 
145000 3559 3565 
145050 3535 3536 
145100 3537 3539 
145150 3550 3544 
145200 3560 3555 
145250 3545 3545 
145300 3563 3561 
145350 3550 3552 
145400 3551 3549 
145450 3553 3554 
145500 3532 3535 
145550 3548 3548 
145600 3542 3543 
145650 3549 3551 
145700 3538 3537 
145750 3546 3542 
145800 3544 3545 
145850 3539 3545 
145900 3540 3537 
145950 3565 3564 
146000 3548 3548 
146050 3554 3557 
146100 3551 3551 
146150 3537 3539 
146200 3553 3547 
146250 3550 3549 
146300 3548 3554 
146350 3541 3539 
146400 3560 3560 
146450 3548 3542 
146500 3552 3548 
146550 3560 3559 
146600 3564 3560 
146650 3550 3543 
146700 3560 3561 
146750 3554 3551 
146800 3539 3534 
146850 3553 3553 
146900 3546 3542 
146950 3551 3548 
147000 3536 3541 
147050 3531 3536 
147100 3549 3549 
147150 3543 3538 
147200 3552 3554 
147250 3552 3551 
147300 3552 3552 
147350 3547 3548 
147400 3547 3547 
147450 3565 3562 
147500 3554 3551 
147550 3539 3537 
147600 3544 3537 
147650 3553 3553 
147700 3545 3550 
147750 3548 3556 
147800 3548 3546 
147850 3544 3550 
147900 3557 3553 
147950 3543 3543 
148000 3548 3550 
148050 3551 3546 
148100 3563 3554 
148150 3538 3536 
148200 3540 3536 
148250 3550 3549 
148300 3553 3554 
148350 3544 3543 
148400 3551 3552 
148450 3545 3540 
148500 3553 3548 
148550 3567 3567 
148600 3558 3554 
148650 3533 3533 
148700 3556 3553 
148750 3554 3560 
148800 3532 3536 
148850 3541 3540 
148900 3546 3540 
148950 3561 3558 
149000 3559 3564 
149050 3547 3546 
149100 3550 3553 
149150 3554 3554 
149200 3555 3553 
149250 3555 3554 
149300 3553 3556 
149350 3554 3553 
149400 3543 3548 
149450 3557 3560 
149500 3554 3553 
149550 3558 3554 
149600 3555 3555 
149650 3557 3557 
149700 3558 3558 
149750 3550 3543 
149800 3558 3557 
149850 3562 3561 
149900 3536 3531 
149950 3550 3552 
150000 3538 3541 
150050 3547 3546 
150100 3538 3547 
150150 3551 3549 
150200 3544 3543 
150250 3541 3536 
150300 3548 3542 
150350 3550 3557 
150400 3540 3542 
150450 3550 3550 
150500 3546 3547 
150550 3540 3539 
150600 3567 3569 
150650 3557 3556 
150700 3549 3544 
150750 3550 3551 
150800 3531 3530 
150850 3555 3551 
150900 3547 3548 
150950 3564 3564 
151000 3541 3540 
151050 3544 3537 
151100 3544 3549 
151150 3535 3538 
151200 3545 3548 
151250 3543 3544 
151300 3553 3555 
151350 3544 3545 
151400 3543 3544 
151450 3551 3552 
151500 3561 3564 
151550 3534 3534 
151600 3549 3550 
151650 3571 3563 
151700 3548 3545 
151750 3551 3550 
151800 3537 3535 
151850 3529 3527 
151900 3550 3547 
151950 3543 3543 
152000 3545 3548 
152050 3542 3546 
152100 3532 3538 
152150 3541 3540 
152200 3551 3546 
152250 3552 3542 
152300 3559 3557 
152350 3543 3546 
152400 3545 3542 
152450 3556 3549 
152500 3552 3545 
152550 3543 3539 
152600 3545 3542 
152650 3544 3544 
152700 3554 3549 
152750 3551 3548 
152800 3551 3560 
152850 3555 3557 
152900 3560 3554 
152950 3553 3558 
153000 3548 3542 
153050 3550 3549 
153100 3560 3557 
153150 3542 3538 
153200 3549 3556 
153250 3541 3534 
153300 3548 3546 
153350 3555 3554 
153400 3558 3559 
153450 3546 3550 
153500 3545 3539 
153550 3552 3546 
153600 3557 3558 
153650 3547 3555 
153700 3558 3553 
153750 3544 3546 
153800 3548 3543 
153850 3545 3544 
153900 3552 3554 
153950 3550 3548 
154000 3539 3545 
154050 3530 3540 
154100 3557 3552 
154150 3556 3557 
154200 3555 3554 
154250 3547 3545 
154300 3557 3559 
154350 3535 3536 
154400 3543 3548 
154450 3559 3560 
154500 3536 3531 
154550 3553 3551 
154600 3560 3560 
154650 3541 3543 
154700 3560 3561 
154750 3544 3547 
154800 3551 3547 
154850 3537 3539 
154900 3543 3548 
154950 3561 3562 
155000 3554 3557 
155050 3556 3553 
155100 3557 3559 
155150 3543 3551 
155200 3552 3555 
155250 3555 3553 
155300 3559 3561 
155350 3547 3550 
155400 3543 3539 
155450 3537 3537 
155500 3554 3552 
155550 3569 3572 
155600 3558 3563 
155650 3564 3564 
155700 3529 3537 
155750 3544 3551 
155800 3540 3542 
155850 3563 3561 
155900 3541 3537 
155950 3548 3547 
156000 3560 3564 
156050 3555 3558 
156100 3548 3551 
156150 3554 3558 
156200 3552 3551 
156250 3546 3552 
156300 3551 3557 
156350 3547 3552 
156400 3557 3559 
156450 3548 3536 
156500 3547 3548 
156550 3552 3551 
156600 3562 3559 
156650 3548 3542 
156700 3551 3554 
156750 3546 3541 
156800 3549 3548 
156850 3554 3564 
156900 3555 3558 
156950 3555 3555 
157000 3550 3552 
157050 3554 3545 
157100 3550 3544 
157150 3549 3549 
157200 3547 3548 
157250 3562 3566 
157300 3559 3560 
157350 3552 3552 
157400 3564 3559 
157450 3545 3547 
157500 3523 3525 
157550 3535 3539 
157600 3550 3552 
157650 3544 3540 
157700 3558 3558 
157750 3553 3559 
157800 3554 3553 
157850 3534 3534 
157900 3553 3556 
157950 3551 3555 
158000 3553 3554 
158050 3530 3528 
158100 3547 3551 
158150 3555 3551 
158200 3544 3542 
158250 3552 3541 
158300 3573 3564 
158350 3539 3542 
158400 3554 3561 
158450 3561 3560 
158500 3542 3537 
158550 3552 3552 
158600 3549 3544 
158650 3555 3551 
158700 3542 3540 
158750 3540 3540 
158800 3535 3537 
158850 3561 3565 
158900 3536 3535 
158950 3548 3548 
159000 3552 3552 
159050 3564 3566 
159100 3540 3540 
159150 3549 3551 
159200 3545 3542 
159250 3550 3550 
159300 3542 3549 
159350 3545 3540 
159400 3549 3548 
159450 3536 3539 
159500 3546 3544 
159550 3555 3552 
159600 3545 3546 
159650 3551 3549 
159700 3534 3531 
159750 3553 3548 
159800 3542 3535 
159850 3567 3570 
159900 3524 3527 
159950 3544 3548 
160000 3544 3545 
160050 3539 3547 
160100 3553 3557 
160150 3540 3538 
160200 3549 3547 
160250 3554 3549 
160300 3539 3539 
160350 3547 3547 
160400 3564 3563 
160450 3532 3540 
160500 3541 3542 
160550 3557 3557 
160600 3556 3558 
160650 3541 3542 
160700 3544 3548 
160750 3533 3539 
160800 3552 3548 
160850 3557 3553 
160900 3549 3548 
160950 3545 3551 
161000 3550 3550 
161050 3537 3533 
161100 3558 3559 
161150 3544 3548 
161200 3531 3527 
161250 3551 3550 
161300 3544 3546 
161350 3544 3538 
161400 3547 3543 
161450 3542 3531 
161500 3544 3549 
161550 3552 3547 
161600 3551 3553 
161650 3534 3534 
161700 3534 3524 
161750 3566 3560 
161800 3550 3545 
161850 3555 3560 
161900 3542 3549 
161950 3546 3554 
162000 3554 3560 
162050 3557 3558 
162100 3556 3556 
162150 3551 3548 
162200 3541 3537 
162250 3559 3553 
162300 3563 3559 
162350 3564 3561 
162400 3524 3530 
162450 3548 3551 
162500 3548 3544 
162550 3561 3557 
162600 3527 3528 
162650 3553 3548 
162700 3555 3553 
162750 3553 3550 
162800 3545 3541 
162850 3560 3556 
162900 3537 3534 
162950 3543 3534 
163000 3552 3551 
163050 3563 3554 
163100 3549 3549 
163150 3524 3530 
163200 3539 3544 
163250 3540 3543 
163300 3548 3556 
163350 3556 3556 
163400 3545 3538 
163450 3549 3557 
163500 3537 3545 
163550 3538 3541 
163600 3551 3548 
163650 3537 3540 
163700 3537 3538 
163750 3542 3545 
163800 3537 3546 
163850 3549 3541 
163900 3535 3539 
163950 3540 3535 
164000 3553 3544 
164050 3551 3557 
164100 3557 3557 
164150 3529 3536 
164200 3540 3544 
164250 3538 3535 
164300 3550 3543 
164350 3543 3547 
164400 3540 3538 
164450 3547 3543 
164500 3567 3568 
164550 3545 3541 
164600 3543 3544 
164650 3530 3527 
164700 3544 3548 
164750 3546 3545 
164800 3541 3540 
164850 3537 3539 
164900 3534 3539 
164950 3534 3533 
165000 3546 3547 
165050 3547 3549 
165100 3551 3556 
165150 3551 3543 
165200 3546 3542 
165250 3546 3542 
165300 3565 3567 
165350 3555 3559 
165400 3548 3548 
165450 3551 3545 
165500 3536 3539 
165550 3537 3537 
165600 3541 3542 
165650 3546 3551 
165700 3552 3552 
165750 3548 3554 
165800 3547 3549 
165850 3543 3545 
165900 3533 3530 
165950 3545 3544 
166000 3550 3545 
166050 3553 3555 
166100 3552 3544 
166150 3553 3547 
166200 3554 3555 
166250 3536 3543 
166300 3548 3547 
166350 3528 3535 
166400 3543 3548 
166450 3546 3542 
166500 3550 3548 
166550 3550 3552 
166600 3543 3537 
166650 3538 3535 
166700 3545 3537 
166750 3533 3532 
166800 3556 3558 
166850 3550 3553 
166900 3545 3542 
166950 3553 3554 
167000 3534 3535 
167050 3548 3548 
167100 3553 3556 
167150 3528 3533 
167200 3548 3542 
167250 3534 3539 
167300 3549 3551 
167350 3536 3541 
167400 3549 3547 
167450 3533 3537 
167500 3562 3561 
167550 3552 3551 
167600 3533 3542 
167650 3540 3538 
167700 3560 3562 
167750 3561 3559 
167800 3548 3539 
167850 3547 3549 
167900 3552 3556 
167950 3535 3540 
168000 3548 3547 
168050 3548 3546 
168100 3531 3530 
168150 3536 3537 
168200 3535 3540 
168250 3553 3557 
168300 3545 3544 
168350 3551 3545 
168400 3543 3544 
168450 3546 3540 
168500 3545 3548 
168550 3551 3554 
168600 3545 3537 
168650 3528 3527 
168700 3545 3544 
168750 3552 3556 
168800 3532 3531 
168850 3559 3568 
168900 3538 3546 
168950 3544 3543 
169000 3539 3540 
169050 3554 3554 
169100 3528 3536 
169150 3538 3547 
169200 3551 3556 
169250 3552 3560 
169300 3543 3539 
169350 3539 3543 
169400 3547 3542 
169450 3547 3554 
169500 3553 3546 
169550 3552 3553 
169600 3541 3541 
169650 3553 3546 
169700 3548 3539 
169750 3562 3561 
169800 3554 3559 
169850 3546 3556 
169900 3552 3553 
169950 3535 3538 
170000 3550 3548 
170050 3539 3541 
170100 3552 3547 
170150 3557 3556 
170200 3535 3534 
170250 3530 3531 
170300 3551 3554 
170350 3560 3564 
170400 3533 3541 
170450 3549 3549 
170500 3548 3546 
170550 3546 3550 
170600 3556 3561 
170650 3550 3554 
170700 3538 3537 
170750 3533 3533 
170800 3532 3536 
170850 3544 3537 
170900 3546 3544 
170950 3547 3552 
171000 3550 3551 
171050 3560 3556 
171100 3557 3551 
171150 3562 3563 
171200 3544 3546 
171250 3547 3546 
171300 3540 3542 
171350 3532 3535 
171400 3547 3542 
171450 3550 3545 
171500 3545 3548 
171550 3535 3536 
171600 3557 3556 
171650 3544 3548 
171700 3537 3535 
171750 3552 3556 
171800 3543 3548 
171850 3541 3547 
171900 3544 3548 
171950 3542 3544 
172000 3542 3540 
172050 3546 3549 
172100 3546 3548 
172150 3565 3564 
172200 3531 3538 
172250 3541 3537 
172300 3556 3559 
172350 3549 3549 
172400 3540 3547 
172450 3544 3541 
172500 3544 3536 
172550 3543 3545 
172600 3536 3534 
172650 3544 3546 
172700 3551 3546 
172750 3545 3540 
172800 3543 3540 
172850 3542 3541 
172900 3556 3555 
172950 3550 3547 
173000 3546 3545 
173050 3542 3544 
173100 3554 3558 
173150 3562 3562 
173200 3538 3536 
173250 3543 3541 
173300 3556 3554 
173350 3557 3552 
173400 3537 3535 
173450 3528 3531 
173500 3550 3548 
173550 3530 3531 
173600 3536 3536 
173650 3546 3554 
173700 3550 3549 
173750 3557 3557 
173800 3550 3550 
173850 3536 3532 
173900 3528 3532 
173950 3539 3537 
174000 3539 3542 
174050 3537 3539 
174100 3543 3539 
174150 3552 3554 
174200 3549 3549 
174250 3532 3533 
174300 3556 3559 
174350 3548 3553 
174400 3538 3541 
174450 3545 3548 
174500 3546 3554 
174550 3552 3547 
174600 3552 3551 
174650 3549 3548 
174700 3565 3566 
174750 3547 3547 
174800 3546 3546 
174850 3537 3536 
174900 3549 3550 
174950 3549 3545 
175000 3535 3530 
175050 3551 3545 
175100 3540 3548 
175150 3535 3537 
175200 3557 3552 
175250 3550 3553 
175300 3540 3542 
175350 3549 3551 
175400 3534 3537 
175450 3552 3541 
175500 3533 3539 
175550 3552 3548 
175600 3553 3551 
175650 3548 3549 
175700 3546 3551 
175750 3533 3535 
175800 3547 3553 
175850 3531 3529 
175900 3553 3550 
175950 3550 3549 
176000 3551 3547 
176050 3558 3556 
176100 3538 3532 
176150 3542 3538 
176200 3543 3545 
176250 3546 3549 
176300 3543 3542 
176350 3542 3549 
176400 3546 3544 
176450 3551 3550 
176500 3539 3542 
176550 3536 3541 
176600 3544 3534 
176650 3548 3537 
176700 3542 3535 
176750 3538 3541 
176800 3555 3561 
176850 3532 3530 
176900 3532 3537 
176950 3550 3555 
177000 3545 3552 
177050 3553 3551 
177100 3537 3533 
177150 3544 3539 
177200 3542 3541 
177250 3543 3542 
177300 3545 3553 
177350 3557 3560 
177400 3536 3541 
177450 3535 3541 
177500 3523 3528 
177550 3564 3562 
177600 3553 3556 
177650 3552 3548 
177700 3527 3530 
177750 3551 3549 
177800 3556 3558 
177850 3556 3557 
177900 3538 3534 
177950 3554 3552 
178000 3554 3555 
178050 3535 3537 
178100 3546 3547 
178150 3530 3530 
178200 3546 3547 
178250 3547 3541 
178300 3548 3547 
178350 3546 3553 
178400 3547 3548 
178450 3543 3551 
178500 3548 3561 
178550 3552 3555 
178600 3548 3549 
178650 3550 3544 
178700 3537 3531 
178750 3545 3543 
178800 3553 3556 
178850 3541 3545 
178900 3552 3550 
178950 3551 3556 
179000 3574 3569 
179050 3532 3535 
179100 3538 3541 
179150 3555 3553 
179200 3545 3549 
179250 3539 3538 
179300 3555 3556 
179350 3555 3562 
179400 3547 3546 
179450 3559 3556 
179500 3538 3532 
179550 3549 3549 
179600 3552 3552 
179650 3549 3548 
179700 3551 3550 
179750 3547 3548 
179800 3557 3555 
179850 3548 3548 
179900 3556 3550 
179950 3551 3547 
180000 3544 3545 
180050 3538 3544 
180100 3547 3547 
180150 3567 3560 
180200 3525 3515 
180250 3545 3542 
180300 3536 3547 
180350 3531 3530 
180400 3555 3553 
180450 3525 3516 
180500 3536 3534 
180550 3556 3551 
180600 3546 3547 
180650 3567 3559 
180700 3531 3534 
180750 3548 3540 
180800 3548 3545 
180850 3549 3541 
180900 3548 3546 
180950 3553 3550 
181000 3524 3526 
181050 3528 3533 
181100 3546 3542 
181150 3570 3567 
181200 3546 3548 
181250 3530 3536 
181300 3550 3557 
181350 3537 3532 
181400 3553 3549 
181450 3556 3558 
181500 3544 3544 
181550 3554 3551 
181600 3558 3558 
181650 3538 3544 
181700 3543 3547 
181750 3531 3530 
181800 3549 3555 
181850 3554 3554 
181900 3532 3531 
181950 3542 3543 
182000 3549 3552 
182050 3557 3559 
182100 3536 3536 
182150 3553 3554 
182200 3547 3547 
182250 3544 3542 
182300 3549 3549 
182350 3548 3547 
182400 3543 3540 
182450 3555 3549 
182500 3554 3550 
182550 3559 3560 
182600 3548 3545 
182650 3550 3552 
182700 3550 3547 
182750 3555 3552 
182800 3546 3550 
182850 3541 3542 
182900 3522 3531 
182950 3543 3552 
183000 3556 3559 
183050 3538 3533 
183100 3549 3550 
183150 3538 3534 
183200 3549 3547 
183250 3547 3545 
183300 3554 3542 
183350 3548 3546 
183400 3538 3541 
183450 3530 3534 
183500 3547 3548 
183550 3559 3563 
183600 3546 3549 
183650 3563 3568 
183700 3542 3542 
183750 3548 3550 
183800 3540 3546 
183850 3541 3535 
183900 3554 3553 
183950 3533 3538 
184000 3544 3547 
184050 3548 3545 
184100 3532 3529 
184150 3543 3547 
184200 3549 3547 
184250 3547 3551 
184300 3542 3544 
184350 3559 3557 
184400 3548 3555 
184450 3552 3552 
184500 3536 3535 
184550 3539 3542 
184600 3555 3556 
184650 3561 3559 
184700 3543 3545 
184750 3547 3542 
184800 3550 3549 
184850 3545 3541 
184900 3540 3540 
184950 3544 3541 
185000 3558 3558 
185050 3548 3543 
185100 3551 3545 
185150 3546 3554 
185200 3548 3546 
185250 3554 3545 
185300 3556 3551 
185350 3542 3539 
185400 3520 3514 
185450 3548 3552 
185500 3539 3541 
185550 3546 3549 
185600 3547 3546 
185650 3550 3542 
185700 3545 3541 
185750 3565 3559 
185800 3544 3544 
185850 3554 3558 
185900 3548 3546 
185950 3558 3560 
186000 3535 3542 
186050 3548 3548 
186100 3550 3547 
186150 3550 3550 
186200 3536 3540 
186250 3538 3546 
186300 3534 3539 
186350 3543 3542 
186400 3551 3553 
186450 3541 3538 
186500 3542 3546 
186550 3535 3532 
186600 3543 3544 
186650 3545 3548 
186700 3550 3553 
186750 3529 3531 
186800 3541 3545 
186850 3537 3539 
186900 3547 3542 
186950 3538 3539 
187000 3537 3534 
187050 3544 3545 
187100 3549 3549 
187150 3537 3548 
187200 3549 3546 
187250 3531 3534 
187300 3544 3543 
187350 3551 3553 
187400 3555 3558 
187450 3535 3534 
187500 3561 3563 
187550 3562 3560 
187600 3543 3552 
187650 3546 3550 
187700 3552 3548 
187750 3556 3558 
187800 3549 3551 
187850 3548 3545 
187900 3545 3537 
187950 3551 3554 
188000 3551 3544 
188050 3537 3541 
188100 3552 3553 
188150 3533 3534 
188200 3565 3559 
188250 3552 3548 
188300 3537 3540 
188350 3543 3542 
188400 3555 3549 
188450 3519 3526 
188500 3545 3547 
188550 3550 3545 
188600 3551 3554 
188650 3555 3554 
188700 3528 3522 
188750 3546 3548 
188800 3572 3569 
188850 3548 3545 
188900 3532 3535 
188950 3534 3531 
189000 3545 3549 
189050 3530 3526 
189100 3552 3555 
189150 3541 3544 
189200 3548 3553 
189250 3558 3563 
189300 3541 3539 
189350 3531 3530 
189400 3535 3534 
189450 3540 3540 
189500 3551 3547 
189550 3543 3544 
189600 3555 3556 
189650 3553 3551 
189700 3542 3545 
189750 3539 3535 
189800 3540 3539 
189850 3546 3546 
189900 3537 3550 
189950 3545 3540 
190000 3549 3549 
190050 3546 3543 
190100 3561 3560 
190150 3545 3543 
190200 3545 3544 
190250 3534 3538 
190300 3551 3549 
190350 3547 3554 
190400 3549 3552 
190450 3536 3538 
190500 3528 3528 
190550 3540 3541 
190600 3550 3545 
190650 3539 3543 
190700 3534 3533 
190750 3532 3538 
190800 3563 3560 
190850 3545 3545 
190900 3552 3563 
190950 3574 3569 
191000 3543 3542 
191050 3549 3557 
191100 3561 3560 
191150 3546 3535 
191200 3558 3555 
191250 3546 3545 
191300 3550 3556 
191350 3551 3540 
191400 3551 3552 
191450 3551 3555 
191500 3547 3546 
191550 3550 3547 
191600 3551 3548 
191650 3540 3542 
191700 3551 3545 
191750 3539 3543 
191800 3544 3546 
191850 3542 3540 
191900 3546 3546 
191950 3544 3544 
192000 3541 3545 
192050 3539 3537 
192100 3538 3539 
192150 3550 3555 
192200 3559 3560 
192250 3549 3546 
192300 3541 3536 
192350 3549 3542 
192400 3548 3547 
192450 3547 3543 
192500 3522 3528 
192550 3548 3544 
192600 3567 3570 
192650 3539 3547 
192700 3553 3552 
192750 3557 3557 
192800 3543 3549 
192850 3533 3528 
192900 3540 3538 
192950 3561 3563 
193000 3534 3536 
193050 3546 3546 
193100 3544 3547 
193150 3567 3566 
193200 3548 3545 
193250 3543 3549 
193300 3541 3541 
193350 3538 3538 
193400 3527 3524 
193450 3554 3551 
193500 3530 3523 
193550 3551 3553 
193600 3542 3537 
193650 3553 3552 
193700 3548 3551 
193750 3548 3552 
193800 3553 3542 
193850 3550 3553 
193900 3563 3564 
193950 3546 3547 
194000 3554 3553 
194050 3555 3554 
194100 3549 3545 
194150 3556 3549 
194200 3556 3553 
194250 3548 3547 
194300 3528 3524 
194350 3537 3534 
194400 3542 3537 
194450 3530 3517 
194500 3547 3546 
194550 3552 3549 
194600 3533 3535 
194650 3552 3548 
194700 3546 3537 
194750 3570 3565 
194800 3554 3558 
194850 3559 3556 
194900 3559 3561 
194950 3556 3557 
195000 3539 3534 
195050 3550 3548 
195100 3562 3553 
195150 3560 3557 
195200 3557 3554 
195250 3543 3541 
195300 3552 3547 
195350 3567 3558 
195400 3558 3561 
195450 3540 3538 
195500 3556 3546 
195550 3541 3540 
195600 3556 3553 
195650 3541 3542 
195700 3566 3560 
195750 3551 3550 
195800 3547 3545 
195850 3552 3553 
195900 3543 3539 
195950 3547 3545 
196000 3539 3536 
196050 3542 3543 
196100 3562 3560 
196150 3547 3542 
196200 3547 3556 
196250 3536 3528 
196300 3561 3557 
196350 3544 3542 
196400 3542 3540 
196450 3537 3533 
196500 3546 3548 
196550 3555 3548 
196600 3546 3528 
196650 3541 3545 
196700 3539 3541 
196750 3548 3551 
196800 3551 3545 
196850 3545 3545 
196900 3541 3545 
196950 3551 3552 
197000 3540 3543 
197050 3556 3555 
197100 3551 3548 
197150 3550 3547 
197200 3547 3541 
197250 3541 3541 
197300 3529 3532 
197350 3547 3545 
197400 3564 3558 
197450 3549 3553 
197500 3549 3555 
197550 3526 3536 
197600 3538 3540 
197650 3558 3550 
197700 3537 3536 
197750 3562 3562 
197800 3559 3561 
197850 3540 3535 
197900 3547 3546 
197950 3559 3558 
198000 3544 3546 
198050 3543 3547 
198100 3545 3551 
198150 3536 3534 
198200 3545 3547 
198250 3563 3563 
198300 3540 3539 
198350 3547 3547 
198400 3551 3553 
198450 3536 3539 
198500 3552 3551 
198550 3544 3544 
198600 3545 3544 
198650 3545 3545 
198700 3550 3553 
198750 3565 3561 
198800 3554 3546 
198850 3544 3544 
198900 3543 3546 
198950 3549 3548 
199000 3565 3562 
199050 3541 3541 
199100 3554 3548 
199150 3550 3545 
199200 3542 3543 
199250 3545 3543 
199300 3553 3547 
199350 3545 3551 
199400 3545 3549 
199450 3566 3564 
199500 3544 3541 
199550 3551 3552 
199600 3544 3542 
199650 3529 3532 
199700 3554 3551 
199750 3546 3543 
199800 3549 3550 
199850 3537 3532 
199900 3550 3540 
199950 3538 3533 
200000 3539 3541 
