# Avida tasks data
# Sat Apr  7 01:50:58 2012
# First column gives the current update, next columns give the number
# of organisms that have the particular task as a component of their merit
#  1: Update
#  2: Xor
#  3: Equals

0 0 0 
50 8 8 
100 45 45 
150 128 128 
200 252 252 
250 458 458 
300 699 700 
350 989 992 
400 1365 1366 
450 1768 1769 
500 2229 2230 
550 2757 2756 
600 3257 3255 
650 3461 3458 
700 3545 3544 
750 3543 3548 
800 3549 3549 
850 3549 3551 
900 3538 3532 
950 3533 3524 
1000 3543 3538 
1050 3540 3549 
1100 3545 3539 
1150 3533 3516 
1200 3557 3531 
1250 3524 3491 
1300 3538 3497 
1350 3556 3506 
1400 3545 3492 
1450 3518 3474 
1500 3525 3474 
1550 3532 3507 
1600 3541 3529 
1650 3555 3550 
1700 3529 3522 
1750 3539 3533 
1800 3541 3541 
1850 3531 3530 
1900 3550 3547 
1950 3551 3545 
2000 3541 3540 
2050 3533 3529 
2100 3536 3517 
2150 3546 3511 
2200 3548 3517 
2250 3539 3502 
2300 3532 3477 
2350 3531 3475 
2400 3550 3481 
2450 3539 3436 
2500 3535 3420 
2550 3538 3458 
2600 3553 3532 
2650 3539 3537 
2700 3533 3530 
2750 3554 3558 
2800 3534 3537 
2850 3550 3550 
2900 3552 3548 
2950 3546 3550 
3000 3529 3534 
3050 3532 3535 
3100 3546 3536 
3150 3555 3520 
3200 3549 3500 
3250 3543 3456 
3300 3548 3437 
3350 3546 3434 
3400 3528 3411 
3450 3556 3449 
3500 3556 3433 
3550 3541 3467 
3600 3546 3528 
3650 3544 3537 
3700 3525 3520 
3750 3538 3543 
3800 3559 3560 
3850 3547 3541 
3900 3548 3541 
3950 3551 3545 
4000 3553 3548 
4050 3542 3538 
4100 3545 3517 
4150 3550 3523 
4200 3531 3510 
4250 3542 3523 
4300 3544 3517 
4350 3534 3487 
4400 3536 3468 
4450 3542 3473 
4500 3543 3465 
4550 3542 3506 
4600 3544 3539 
4650 3536 3535 
4700 3535 3534 
4750 3552 3550 
4800 3551 3555 
4850 3539 3542 
4900 3546 3548 
4950 3550 3543 
5000 3543 3538 
5050 3533 3527 
5100 3532 3514 
5150 3547 3489 
5200 3545 3494 
5250 3535 3482 
5300 3544 3481 
5350 3538 3474 
5400 3550 3485 
5450 3551 3485 
5500 3549 3491 
5550 3539 3492 
5600 3547 3528 
5650 3555 3544 
5700 3550 3550 
5750 3550 3548 
5800 3544 3545 
5850 3556 3555 
5900 3544 3548 
5950 3553 3555 
6000 3546 3540 
6050 3550 3548 
6100 3539 3538 
6150 3542 3528 
6200 3552 3530 
6250 3540 3523 
6300 3557 3536 
6350 3558 3537 
6400 3558 3533 
6450 3554 3523 
6500 3558 3526 
6550 3542 3532 
6600 3544 3534 
6650 3545 3542 
6700 3547 3545 
6750 3543 3538 
6800 3530 3533 
6850 3549 3544 
6900 3551 3548 
6950 3539 3535 
7000 3529 3530 
7050 3547 3544 
7100 3545 3544 
7150 3550 3526 
7200 3549 3507 
7250 3540 3475 
7300 3548 3473 
7350 3542 3442 
7400 3551 3447 
7450 3543 3441 
7500 3555 3418 
7550 3549 3474 
7600 3547 3520 
7650 3548 3540 
7700 3549 3543 
7750 3537 3536 
7800 3536 3531 
7850 3535 3534 
7900 3541 3544 
7950 3532 3531 
8000 3544 3542 
8050 3554 3550 
8100 3549 3536 
8150 3551 3524 
8200 3542 3498 
8250 3544 3487 
8300 3543 3476 
8350 3551 3465 
8400 3536 3463 
8450 3532 3442 
8500 3533 3449 
8550 3545 3493 
8600 3555 3534 
8650 3550 3544 
8700 3544 3550 
8750 3536 3533 
8800 3541 3546 
8850 3543 3545 
8900 3519 3525 
8950 3552 3549 
9000 3548 3553 
9050 3550 3551 
9100 3546 3529 
9150 3554 3521 
9200 3543 3493 
9250 3544 3475 
9300 3540 3450 
9350 3538 3451 
9400 3548 3433 
9450 3529 3417 
9500 3548 3443 
9550 3546 3477 
9600 3539 3516 
9650 3554 3546 
9700 3540 3542 
9750 3545 3545 
9800 3527 3525 
9850 3539 3538 
9900 3534 3528 
9950 3559 3556 
10000 3549 3550 
10050 3543 3545 
10100 3554 3551 
10150 3526 3517 
10200 3550 3533 
10250 3552 3534 
10300 3548 3527 
10350 3540 3514 
10400 3538 3505 
10450 3537 3479 
10500 3556 3476 
10550 3537 3486 
10600 3538 3516 
10650 3545 3531 
10700 3540 3535 
10750 3544 3540 
10800 3549 3549 
10850 3555 3558 
10900 3549 3550 
10950 3539 3540 
11000 3546 3546 
11050 3550 3550 
11100 3552 3543 
11150 3547 3510 
11200 3535 3505 
11250 3520 3503 
11300 3541 3501 
11350 3539 3454 
11400 3544 3464 
11450 3547 3453 
11500 3534 3446 
11550 3536 3494 
11600 3531 3519 
11650 3538 3538 
11700 3547 3553 
11750 3536 3536 
11800 3532 3535 
11850 3544 3535 
11900 3545 3546 
11950 3557 3552 
12000 3552 3554 
12050 3545 3542 
12100 3540 3525 
12150 3543 3507 
12200 3549 3518 
12250 3548 3500 
12300 3542 3518 
12350 3541 3505 
12400 3542 3490 
12450 3532 3465 
12500 3559 3498 
12550 3558 3527 
12600 3549 3537 
12650 3544 3545 
12700 3546 3539 
12750 3535 3541 
12800 3543 3537 
12850 3554 3554 
12900 3546 3541 
12950 3548 3545 
13000 3561 3562 
13050 3542 3533 
13100 3527 3511 
13150 3533 3502 
13200 3546 3489 
13250 3553 3485 
13300 3542 3455 
13350 3553 3460 
13400 3543 3426 
13450 3540 3408 
13500 3536 3396 
13550 3534 3433 
13600 3523 3478 
13650 3551 3523 
13700 3554 3539 
13750 3541 3534 
13800 3554 3548 
13850 3546 3543 
13900 3522 3523 
13950 3555 3557 
14000 3544 3546 
14050 3530 3532 
14100 3541 3537 
14150 3543 3527 
14200 3549 3529 
14250 3533 3499 
14300 3548 3510 
14350 3540 3470 
14400 3535 3460 
14450 3529 3445 
14500 3551 3464 
14550 3548 3486 
14600 3546 3523 
14650 3559 3557 
14700 3541 3533 
14750 3549 3542 
14800 3560 3554 
14850 3544 3546 
14900 3534 3535 
14950 3536 3540 
15000 3555 3548 
15050 3542 3541 
15100 3549 3543 
15150 3542 3528 
15200 3548 3523 
15250 3542 3524 
15300 3551 3533 
15350 3566 3534 
15400 3547 3519 
15450 3545 3494 
15500 3553 3500 
15550 3548 3523 
15600 3536 3530 
15650 3549 3544 
15700 3542 3541 
15750 3564 3562 
15800 3549 3543 
15850 3537 3537 
15900 3547 3542 
15950 3530 3530 
16000 3550 3549 
16050 3546 3553 
16100 3562 3561 
16150 3538 3512 
16200 3546 3511 
16250 3553 3513 
16300 3558 3502 
16350 3556 3472 
16400 3558 3450 
16450 3542 3419 
16500 3538 3424 
16550 3540 3476 
16600 3547 3536 
16650 3550 3551 
16700 3534 3521 
16750 3533 3533 
16800 3552 3553 
16850 3555 3555 
16900 3540 3543 
16950 3541 3548 
17000 3547 3547 
17050 3544 3545 
17100 3564 3546 
17150 3541 3523 
17200 3542 3513 
17250 3546 3525 
17300 3541 3494 
17350 3550 3500 
17400 3549 3478 
17450 3546 3466 
17500 3540 3444 
17550 3538 3502 
17600 3546 3539 
17650 3537 3537 
17700 3544 3547 
17750 3541 3545 
17800 3526 3529 
17850 3544 3541 
17900 3555 3555 
17950 3543 3539 
18000 3551 3552 
18050 3536 3533 
18100 3546 3527 
18150 3534 3512 
18200 3536 3496 
18250 3541 3502 
18300 3552 3521 
18350 3536 3492 
18400 3551 3478 
18450 3543 3474 
18500 3559 3478 
18550 3562 3532 
18600 3548 3543 
18650 3562 3549 
18700 3562 3565 
18750 3546 3548 
18800 3540 3545 
18850 3542 3547 
18900 3530 3532 
18950 3535 3534 
19000 3544 3549 
19050 3542 3547 
19100 3567 3550 
19150 3533 3508 
19200 3551 3518 
19250 3550 3505 
19300 3555 3500 
19350 3548 3480 
19400 3550 3458 
19450 3549 3458 
19500 3552 3453 
19550 3530 3477 
19600 3550 3529 
19650 3554 3546 
19700 3548 3544 
19750 3546 3544 
19800 3542 3540 
19850 3543 3544 
19900 3548 3541 
19950 3556 3555 
20000 3537 3535 
20050 3538 3544 
20100 3545 3529 
20150 3540 3524 
20200 3558 3519 
20250 3543 3508 
20300 3562 3513 
20350 3548 3499 
20400 3559 3487 
20450 3548 3472 
20500 3535 3470 
20550 3543 3505 
20600 3539 3533 
20650 3537 3535 
20700 3551 3559 
20750 3558 3554 
20800 3533 3528 
20850 3537 3540 
20900 3556 3560 
20950 3535 3535 
21000 3550 3546 
21050 3556 3550 
21100 3543 3537 
21150 3527 3522 
21200 3558 3551 
21250 3544 3524 
21300 3548 3520 
21350 3548 3519 
21400 3556 3512 
21450 3538 3490 
21500 3550 3501 
21550 3550 3514 
21600 3548 3541 
21650 3553 3554 
21700 3547 3543 
21750 3558 3558 
21800 3558 3558 
21850 3556 3550 
21900 3558 3555 
21950 3570 3569 
22000 3560 3557 
22050 3540 3545 
22100 3546 3542 
22150 3539 3521 
22200 3555 3531 
22250 3548 3504 
22300 3550 3512 
22350 3548 3503 
22400 3543 3498 
22450 3560 3486 
22500 3551 3466 
22550 3537 3509 
22600 3541 3535 
22650 3531 3529 
22700 3555 3553 
22750 3536 3535 
22800 3542 3543 
22850 3550 3549 
22900 3549 3542 
22950 3560 3565 
23000 3542 3544 
23050 3537 3546 
23100 3540 3537 
23150 3544 3528 
23200 3540 3509 
23250 3542 3495 
23300 3532 3462 
23350 3548 3453 
23400 3549 3475 
23450 3568 3483 
23500 3557 3470 
23550 3555 3510 
23600 3538 3528 
23650 3547 3544 
23700 3552 3555 
23750 3549 3551 
23800 3548 3552 
23850 3537 3543 
23900 3541 3542 
23950 3533 3536 
24000 3539 3538 
24050 3534 3528 
24100 3549 3537 
24150 3535 3500 
24200 3546 3509 
24250 3555 3508 
24300 3558 3497 
24350 3554 3475 
24400 3545 3457 
24450 3551 3469 
24500 3547 3464 
24550 3553 3498 
24600 3540 3529 
24650 3559 3552 
24700 3537 3533 
24750 3535 3531 
24800 3528 3522 
24850 3561 3552 
24900 3543 3545 
24950 3545 3549 
25000 3559 3558 
25050 3529 3541 
25100 3560 3549 
25150 3543 3542 
25200 3551 3551 
25250 3545 3527 
25300 3529 3521 
25350 3546 3540 
25400 3541 3533 
25450 3551 3538 
25500 3560 3528 
25550 3562 3550 
25600 3538 3531 
25650 3550 3546 
25700 3529 3531 
25750 3552 3555 
25800 3552 3550 
25850 3564 3553 
25900 3543 3540 
25950 3542 3544 
26000 3539 3540 
26050 3527 3525 
26100 3533 3532 
26150 3525 3517 
26200 3555 3533 
26250 3534 3498 
26300 3536 3491 
26350 3556 3498 
26400 3551 3504 
26450 3545 3497 
26500 3550 3498 
26550 3538 3524 
26600 3526 3515 
26650 3536 3537 
26700 3543 3545 
26750 3545 3543 
26800 3552 3555 
26850 3532 3535 
26900 3551 3555 
26950 3540 3545 
27000 3541 3536 
27050 3538 3542 
27100 3546 3538 
27150 3539 3519 
27200 3542 3508 
27250 3552 3514 
27300 3549 3508 
27350 3538 3500 
27400 3549 3492 
27450 3544 3476 
27500 3543 3457 
27550 3543 3507 
27600 3548 3547 
27650 3544 3546 
27700 3541 3541 
27750 3541 3540 
27800 3548 3543 
27850 3551 3548 
27900 3541 3541 
27950 3537 3539 
28000 3555 3555 
28050 3558 3558 
28100 3556 3545 
28150 3510 3504 
28200 3553 3541 
28250 3538 3525 
28300 3549 3527 
28350 3558 3511 
28400 3534 3475 
28450 3532 3468 
28500 3543 3487 
28550 3553 3516 
28600 3548 3538 
28650 3532 3529 
28700 3547 3548 
28750 3550 3542 
28800 3551 3546 
28850 3550 3547 
28900 3548 3543 
28950 3543 3544 
29000 3549 3547 
29050 3534 3541 
29100 3554 3551 
29150 3546 3531 
29200 3542 3524 
29250 3547 3525 
29300 3557 3527 
29350 3550 3519 
29400 3550 3508 
29450 3544 3511 
29500 3541 3491 
29550 3549 3513 
29600 3550 3536 
29650 3550 3543 
29700 3538 3538 
29750 3552 3552 
29800 3559 3562 
29850 3555 3554 
29900 3551 3554 
29950 3543 3541 
30000 3563 3562 
30050 3561 3561 
30100 3568 3545 
30150 3554 3529 
30200 3556 3516 
30250 3531 3481 
30300 3559 3476 
30350 3546 3472 
30400 3543 3465 
30450 3550 3477 
30500 3537 3440 
30550 3541 3468 
30600 3548 3536 
30650 3540 3542 
30700 3542 3540 
30750 3555 3550 
30800 3547 3551 
30850 3560 3562 
30900 3552 3547 
30950 3537 3537 
31000 3535 3536 
31050 3532 3541 
31100 3553 3542 
31150 3550 3535 
31200 3555 3535 
31250 3554 3535 
31300 3544 3512 
31350 3532 3463 
31400 3538 3458 
31450 3545 3442 
31500 3533 3412 
31550 3542 3480 
31600 3547 3520 
31650 3540 3536 
31700 3534 3533 
31750 3541 3539 
31800 3560 3561 
31850 3546 3549 
31900 3538 3537 
31950 3528 3532 
32000 3547 3551 
32050 3534 3534 
32100 3541 3516 
32150 3535 3514 
32200 3552 3518 
32250 3546 3506 
32300 3543 3501 
32350 3533 3465 
32400 3549 3470 
32450 3535 3451 
32500 3532 3462 
32550 3535 3497 
32600 3532 3513 
32650 3544 3535 
32700 3527 3527 
32750 3551 3549 
32800 3546 3545 
32850 3538 3538 
32900 3551 3549 
32950 3539 3540 
33000 3547 3553 
33050 3519 3527 
33100 3550 3535 
33150 3545 3516 
33200 3553 3514 
33250 3543 3493 
33300 3546 3479 
33350 3547 3486 
33400 3544 3489 
33450 3554 3512 
33500 3556 3501 
33550 3549 3505 
33600 3561 3550 
33650 3556 3554 
33700 3542 3538 
33750 3556 3557 
33800 3532 3535 
33850 3544 3546 
33900 3554 3552 
33950 3551 3550 
34000 3540 3540 
34050 3542 3531 
34100 3559 3525 
34150 3543 3499 
34200 3556 3498 
34250 3552 3494 
34300 3533 3474 
34350 3528 3461 
34400 3528 3425 
34450 3540 3397 
34500 3540 3421 
34550 3552 3517 
34600 3535 3526 
34650 3532 3537 
34700 3551 3553 
34750 3551 3553 
34800 3553 3551 
34850 3551 3558 
34900 3553 3553 
34950 3543 3549 
35000 3556 3553 
35050 3556 3559 
35100 3548 3540 
35150 3553 3536 
35200 3550 3527 
35250 3543 3531 
35300 3545 3536 
35350 3561 3536 
35400 3533 3511 
35450 3552 3509 
35500 3547 3506 
35550 3525 3513 
35600 3543 3538 
35650 3541 3538 
35700 3539 3540 
35750 3554 3554 
35800 3535 3539 
35850 3537 3544 
35900 3542 3549 
35950 3558 3559 
36000 3547 3550 
36050 3559 3552 
36100 3548 3523 
36150 3551 3514 
36200 3536 3507 
36250 3547 3500 
36300 3541 3485 
36350 3537 3478 
36400 3534 3469 
36450 3538 3449 
36500 3538 3451 
36550 3543 3500 
36600 3535 3528 
36650 3536 3544 
36700 3551 3556 
36750 3529 3532 
36800 3552 3555 
36850 3570 3570 
36900 3548 3552 
36950 3547 3544 
37000 3552 3550 
37050 3540 3544 
37100 3564 3553 
37150 3531 3511 
37200 3546 3517 
37250 3539 3506 
37300 3545 3505 
37350 3555 3501 
37400 3546 3475 
37450 3532 3463 
37500 3555 3461 
37550 3546 3509 
37600 3529 3514 
37650 3534 3534 
37700 3542 3544 
37750 3555 3552 
37800 3541 3543 
37850 3542 3539 
37900 3539 3541 
37950 3542 3535 
38000 3555 3552 
38050 3551 3547 
38100 3572 3542 
38150 3551 3507 
38200 3557 3509 
38250 3535 3495 
38300 3548 3503 
38350 3557 3497 
38400 3541 3476 
38450 3533 3481 
38500 3527 3459 
38550 3540 3496 
38600 3538 3517 
38650 3524 3515 
38700 3540 3541 
38750 3534 3535 
38800 3550 3552 
38850 3539 3533 
38900 3547 3548 
38950 3552 3549 
39000 3545 3549 
39050 3546 3538 
39100 3544 3506 
39150 3552 3499 
39200 3546 3479 
39250 3541 3471 
39300 3536 3450 
39350 3531 3434 
39400 3542 3443 
39450 3539 3448 
39500 3538 3398 
39550 3546 3458 
39600 3556 3518 
39650 3540 3528 
39700 3548 3546 
39750 3558 3559 
39800 3538 3538 
39850 3539 3538 
39900 3543 3544 
39950 3543 3545 
40000 3545 3546 
40050 3537 3543 
40100 3549 3544 
40150 3541 3521 
40200 3547 3494 
40250 3546 3482 
40300 3555 3484 
40350 3548 3467 
40400 3543 3444 
40450 3531 3434 
40500 3557 3447 
40550 3550 3500 
40600 3555 3538 
40650 3540 3541 
40700 3539 3544 
40750 3544 3546 
40800 3553 3552 
40850 3547 3542 
40900 3549 3555 
40950 3547 3550 
41000 3538 3534 
41050 3552 3547 
41100 3544 3534 
41150 3528 3515 
41200 3554 3534 
41250 3547 3519 
41300 3553 3514 
41350 3548 3499 
41400 3547 3495 
41450 3545 3482 
41500 3557 3486 
41550 3537 3503 
41600 3534 3527 
41650 3538 3534 
41700 3546 3545 
41750 3534 3533 
41800 3537 3529 
41850 3547 3547 
41900 3550 3548 
41950 3550 3549 
42000 3543 3549 
42050 3544 3548 
42100 3552 3529 
42150 3562 3532 
42200 3551 3525 
42250 3542 3510 
42300 3534 3491 
42350 3554 3494 
42400 3524 3467 
42450 3543 3471 
42500 3546 3454 
42550 3539 3486 
42600 3535 3520 
42650 3536 3534 
42700 3552 3553 
42750 3555 3550 
42800 3548 3550 
42850 3550 3552 
42900 3548 3545 
42950 3535 3545 
43000 3563 3563 
43050 3530 3534 
43100 3546 3537 
43150 3535 3523 
43200 3533 3508 
43250 3541 3533 
43300 3539 3522 
43350 3556 3531 
43400 3553 3520 
43450 3527 3486 
43500 3554 3489 
43550 3544 3508 
43600 3535 3534 
43650 3538 3537 
43700 3537 3537 
43750 3548 3552 
43800 3535 3538 
43850 3539 3536 
43900 3546 3544 
43950 3555 3554 
44000 3541 3534 
44050 3548 3544 
44100 3548 3551 
44150 3530 3525 
44200 3543 3540 
44250 3538 3516 
44300 3531 3513 
44350 3540 3503 
44400 3551 3492 
44450 3542 3474 
44500 3532 3423 
44550 3535 3485 
44600 3557 3531 
44650 3543 3533 
44700 3540 3541 
44750 3542 3548 
44800 3565 3568 
44850 3551 3556 
44900 3547 3549 
44950 3547 3546 
45000 3553 3547 
45050 3535 3532 
45100 3543 3535 
45150 3554 3536 
45200 3529 3497 
45250 3549 3482 
45300 3545 3450 
45350 3544 3435 
45400 3542 3463 
45450 3537 3441 
45500 3521 3413 
45550 3522 3471 
45600 3527 3514 
45650 3541 3539 
45700 3553 3549 
45750 3550 3548 
45800 3536 3546 
45850 3550 3549 
45900 3540 3543 
45950 3542 3548 
46000 3552 3552 
46050 3539 3540 
46100 3567 3547 
46150 3549 3525 
46200 3562 3539 
46250 3549 3520 
46300 3558 3522 
46350 3538 3481 
46400 3539 3483 
46450 3538 3475 
46500 3543 3458 
46550 3539 3490 
46600 3554 3542 
46650 3549 3542 
46700 3544 3551 
46750 3559 3553 
46800 3548 3539 
46850 3536 3537 
46900 3541 3543 
46950 3530 3533 
47000 3535 3541 
47050 3515 3508 
47100 3548 3530 
47150 3540 3516 
47200 3543 3515 
47250 3531 3500 
47300 3531 3491 
47350 3529 3489 
47400 3555 3492 
47450 3553 3486 
47500 3553 3488 
47550 3547 3510 
47600 3553 3542 
47650 3546 3544 
47700 3553 3549 
47750 3542 3547 
47800 3551 3541 
47850 3540 3533 
47900 3544 3542 
47950 3537 3534 
48000 3545 3549 
48050 3540 3541 
48100 3544 3526 
48150 3553 3524 
48200 3553 3498 
48250 3533 3461 
48300 3515 3423 
48350 3533 3419 
48400 3554 3415 
48450 3534 3402 
48500 3537 3382 
48550 3531 3433 
48600 3558 3499 
48650 3545 3524 
48700 3546 3537 
48750 3557 3558 
48800 3536 3534 
48850 3531 3533 
48900 3551 3551 
48950 3547 3547 
49000 3535 3525 
49050 3541 3525 
49100 3560 3548 
49150 3557 3533 
49200 3547 3522 
49250 3552 3520 
49300 3548 3499 
49350 3541 3469 
49400 3553 3448 
49450 3542 3411 
49500 3528 3405 
49550 3530 3469 
49600 3527 3498 
49650 3555 3545 
49700 3557 3551 
49750 3528 3530 
49800 3566 3560 
49850 3542 3541 
49900 3544 3537 
49950 3544 3539 
50000 3552 3547 
50050 3550 3548 
50100 3550 3537 
50150 3541 3525 
50200 3543 3538 
50250 3553 3548 
50300 3553 3533 
50350 3556 3530 
50400 3545 3511 
50450 3540 3477 
50500 3541 3485 
50550 3543 3501 
50600 3536 3520 
50650 3543 3533 
50700 3558 3549 
50750 3555 3552 
50800 3557 3550 
50850 3548 3549 
50900 3555 3550 
50950 3549 3544 
51000 3566 3555 
51050 3551 3541 
51100 3530 3508 
51150 3545 3517 
51200 3556 3507 
51250 3544 3473 
51300 3541 3453 
51350 3547 3447 
51400 3526 3409 
51450 3534 3416 
51500 3531 3446 
51550 3542 3494 
51600 3522 3505 
51650 3555 3544 
51700 3533 3525 
51750 3549 3536 
51800 3548 3536 
51850 3548 3539 
51900 3556 3546 
51950 3547 3544 
52000 3541 3529 
52050 3543 3541 
52100 3561 3544 
52150 3552 3527 
52200 3547 3493 
52250 3538 3470 
52300 3544 3460 
52350 3548 3426 
52400 3555 3425 
52450 3545 3404 
52500 3549 3377 
52550 3546 3463 
52600 3531 3510 
52650 3553 3547 
52700 3545 3545 
52750 3543 3539 
52800 3551 3548 
52850 3543 3535 
52900 3539 3532 
52950 3527 3525 
53000 3542 3540 
53050 3542 3533 
53100 3543 3538 
53150 3533 3502 
53200 3536 3488 
53250 3535 3466 
53300 3556 3468 
53350 3550 3448 
53400 3554 3394 
53450 3531 3376 
53500 3535 3351 
53550 3549 3467 
53600 3520 3498 
53650 3545 3525 
53700 3551 3536 
53750 3550 3541 
53800 3549 3540 
53850 3536 3535 
53900 3540 3542 
53950 3554 3550 
54000 3535 3529 
54050 3528 3510 
54100 3545 3512 
54150 3553 3508 
54200 3548 3478 
54250 3537 3465 
54300 3531 3443 
54350 3537 3440 
54400 3528 3401 
54450 3530 3396 
54500 3543 3366 
54550 3530 3447 
54600 3522 3484 
54650 3535 3522 
54700 3545 3535 
54750 3562 3552 
54800 3553 3544 
54850 3561 3555 
54900 3561 3558 
54950 3561 3557 
55000 3551 3554 
55050 3539 3539 
55100 3547 3520 
55150 3557 3516 
55200 3529 3481 
55250 3546 3499 
55300 3553 3508 
55350 3527 3454 
55400 3529 3457 
55450 3541 3456 
55500 3537 3450 
55550 3550 3500 
55600 3540 3521 
55650 3556 3547 
55700 3546 3539 
55750 3548 3552 
55800 3548 3544 
55850 3547 3539 
55900 3555 3551 
55950 3548 3552 
56000 3555 3553 
56050 3536 3536 
56100 3535 3530 
56150 3553 3507 
56200 3544 3516 
56250 3533 3470 
56300 3547 3492 
56350 3535 3458 
56400 3559 3474 
56450 3558 3491 
56500 3548 3462 
56550 3540 3500 
56600 3552 3540 
56650 3551 3547 
56700 3538 3537 
56750 3549 3551 
56800 3558 3557 
56850 3562 3558 
56900 3544 3539 
56950 3542 3538 
57000 3540 3535 
57050 3545 3544 
57100 3542 3523 
57150 3545 3512 
57200 3551 3502 
57250 3550 3476 
57300 3543 3487 
57350 3542 3454 
57400 3553 3435 
57450 3550 3411 
57500 3558 3393 
57550 3545 3468 
57600 3552 3520 
57650 3535 3522 
57700 3559 3550 
57750 3546 3540 
57800 3544 3540 
57850 3547 3542 
57900 3543 3543 
57950 3534 3532 
58000 3550 3539 
58050 3555 3540 
58100 3548 3522 
58150 3555 3517 
58200 3538 3488 
58250 3530 3465 
58300 3539 3461 
58350 3537 3466 
58400 3550 3435 
58450 3557 3413 
58500 3545 3401 
58550 3542 3469 
58600 3533 3514 
58650 3534 3526 
58700 3541 3539 
58750 3553 3550 
58800 3527 3522 
58850 3529 3522 
58900 3530 3528 
58950 3556 3551 
59000 3558 3560 
59050 3542 3550 
59100 3556 3526 
59150 3559 3508 
59200 3532 3487 
59250 3555 3457 
59300 3555 3430 
59350 3547 3397 
59400 3539 3375 
59450 3545 3396 
59500 3511 3377 
59550 3524 3438 
59600 3537 3509 
59650 3545 3542 
59700 3534 3526 
59750 3546 3549 
59800 3525 3528 
59850 3524 3528 
59900 3533 3545 
59950 3548 3550 
60000 3554 3548 
60050 3554 3547 
60100 3558 3531 
60150 3535 3502 
60200 3538 3496 
60250 3551 3495 
60300 3553 3474 
60350 3557 3462 
60400 3551 3454 
60450 3546 3436 
60500 3541 3426 
60550 3536 3480 
60600 3556 3541 
60650 3545 3550 
60700 3543 3549 
60750 3547 3552 
60800 3532 3525 
60850 3550 3548 
60900 3560 3560 
60950 3553 3548 
61000 3556 3543 
61050 3545 3536 
61100 3543 3521 
61150 3557 3513 
61200 3561 3492 
61250 3525 3437 
61300 3543 3447 
61350 3538 3415 
61400 3553 3400 
61450 3538 3387 
61500 3550 3335 
61550 3558 3437 
61600 3559 3527 
61650 3568 3558 
61700 3540 3535 
61750 3547 3538 
61800 3556 3543 
61850 3542 3535 
61900 3541 3531 
61950 3555 3534 
62000 3540 3532 
62050 3549 3537 
62100 3545 3525 
62150 3557 3527 
62200 3546 3521 
62250 3565 3507 
62300 3564 3487 
62350 3555 3466 
62400 3534 3432 
62450 3529 3410 
62500 3536 3385 
62550 3563 3469 
62600 3553 3513 
62650 3549 3539 
62700 3549 3544 
62750 3550 3549 
62800 3530 3519 
62850 3537 3534 
62900 3534 3538 
62950 3546 3541 
63000 3548 3542 
63050 3540 3532 
63100 3556 3534 
63150 3551 3490 
63200 3539 3473 
63250 3548 3495 
63300 3548 3469 
63350 3541 3459 
63400 3547 3446 
63450 3530 3431 
63500 3546 3433 
63550 3526 3468 
63600 3539 3529 
63650 3550 3547 
63700 3543 3540 
63750 3535 3531 
63800 3539 3536 
63850 3542 3534 
63900 3554 3538 
63950 3557 3549 
64000 3554 3541 
64050 3555 3540 
64100 3560 3519 
64150 3551 3503 
64200 3535 3470 
64250 3560 3486 
64300 3545 3434 
64350 3551 3427 
64400 3544 3398 
64450 3545 3387 
64500 3556 3390 
64550 3537 3468 
64600 3542 3512 
64650 3554 3540 
64700 3545 3539 
64750 3542 3536 
64800 3539 3532 
64850 3552 3546 
64900 3551 3553 
64950 3546 3548 
65000 3542 3539 
65050 3544 3535 
65100 3556 3538 
65150 3553 3508 
65200 3542 3494 
65250 3548 3461 
65300 3540 3436 
65350 3558 3452 
65400 3555 3432 
65450 3545 3414 
65500 3575 3420 
65550 3539 3477 
65600 3538 3515 
65650 3528 3521 
65700 3552 3557 
65750 3555 3551 
65800 3541 3542 
65850 3548 3548 
65900 3543 3537 
65950 3532 3528 
66000 3541 3540 
66050 3545 3538 
66100 3549 3528 
66150 3543 3479 
66200 3553 3472 
66250 3530 3428 
66300 3523 3389 
66350 3545 3414 
66400 3552 3352 
66450 3542 3311 
66500 3532 3317 
66550 3546 3412 
66600 3545 3504 
66650 3543 3530 
66700 3515 3509 
66750 3549 3552 
66800 3549 3542 
66850 3545 3533 
66900 3546 3547 
66950 3548 3542 
67000 3553 3550 
67050 3543 3540 
67100 3544 3522 
67150 3570 3518 
67200 3544 3485 
67250 3548 3474 
67300 3539 3433 
67350 3539 3409 
67400 3539 3369 
67450 3541 3374 
67500 3541 3389 
67550 3540 3478 
67600 3545 3523 
67650 3553 3543 
67700 3544 3536 
67750 3545 3544 
67800 3553 3556 
67850 3532 3523 
67900 3539 3538 
67950 3545 3533 
68000 3526 3532 
68050 3541 3531 
68100 3547 3511 
68150 3557 3512 
68200 3546 3479 
68250 3550 3426 
68300 3540 3380 
68350 3551 3374 
68400 3535 3331 
68450 3533 3314 
68500 3540 3341 
68550 3545 3438 
68600 3538 3526 
68650 3553 3547 
68700 3546 3540 
68750 3531 3529 
68800 3540 3534 
68850 3527 3516 
68900 3526 3515 
68950 3553 3551 
69000 3541 3536 
69050 3549 3525 
69100 3554 3498 
69150 3531 3459 
69200 3534 3455 
69250 3533 3468 
69300 3537 3470 
69350 3533 3426 
69400 3558 3423 
69450 3555 3414 
69500 3539 3403 
69550 3551 3464 
69600 3550 3508 
69650 3540 3521 
69700 3536 3530 
69750 3527 3529 
69800 3522 3520 
69850 3538 3531 
69900 3535 3523 
69950 3549 3529 
70000 3544 3536 
70050 3534 3526 
70100 3549 3511 
70150 3553 3505 
70200 3542 3483 
70250 3530 3448 
70300 3538 3448 
70350 3539 3415 
70400 3548 3409 
70450 3544 3397 
70500 3553 3355 
70550 3545 3429 
70600 3537 3494 
70650 3547 3542 
70700 3539 3537 
70750 3536 3539 
70800 3543 3538 
70850 3550 3552 
70900 3537 3540 
70950 3556 3554 
71000 3552 3543 
71050 3558 3539 
71100 3553 3512 
71150 3538 3474 
71200 3548 3456 
71250 3539 3434 
71300 3541 3413 
71350 3535 3417 
71400 3533 3418 
71450 3548 3381 
71500 3564 3396 
71550 3529 3440 
71600 3536 3505 
71650 3530 3523 
71700 3537 3534 
71750 3548 3542 
71800 3556 3541 
71850 3537 3534 
71900 3529 3520 
71950 3535 3536 
72000 3542 3530 
72050 3557 3538 
72100 3532 3493 
72150 3541 3483 
72200 3536 3455 
72250 3545 3422 
72300 3539 3380 
72350 3546 3381 
72400 3549 3329 
72450 3552 3298 
72500 3553 3278 
72550 3553 3391 
72600 3540 3485 
72650 3527 3509 
72700 3548 3542 
72750 3536 3528 
72800 3548 3547 
72850 3534 3517 
72900 3556 3539 
72950 3540 3529 
73000 3533 3526 
73050 3548 3534 
73100 3546 3518 
73150 3538 3480 
73200 3553 3455 
73250 3572 3443 
73300 3536 3395 
73350 3546 3355 
73400 3542 3341 
73450 3539 3334 
73500 3548 3325 
73550 3545 3407 
73600 3550 3498 
73650 3543 3520 
73700 3532 3537 
73750 3529 3530 
73800 3532 3520 
73850 3534 3532 
73900 3537 3532 
73950 3554 3546 
74000 3561 3559 
74050 3539 3530 
74100 3532 3513 
74150 3564 3514 
74200 3556 3488 
74250 3548 3473 
74300 3549 3465 
74350 3539 3432 
74400 3542 3411 
74450 3552 3400 
74500 3554 3412 
74550 3538 3486 
74600 3529 3507 
74650 3553 3535 
74700 3535 3523 
74750 3530 3519 
74800 3539 3533 
74850 3546 3539 
74900 3526 3516 
74950 3556 3549 
75000 3542 3534 
75050 3548 3545 
75100 3546 3514 
75150 3554 3510 
75200 3556 3484 
75250 3560 3482 
75300 3568 3456 
75350 3546 3392 
75400 3549 3350 
75450 3530 3330 
75500 3544 3317 
75550 3553 3396 
75600 3553 3487 
75650 3535 3520 
75700 3548 3551 
75750 3542 3537 
75800 3521 3511 
75850 3536 3532 
75900 3543 3548 
75950 3540 3543 
76000 3536 3529 
76050 3550 3542 
76100 3559 3524 
76150 3547 3484 
76200 3527 3439 
76250 3538 3423 
76300 3533 3384 
76350 3527 3356 
76400 3536 3311 
76450 3536 3273 
76500 3534 3235 
76550 3533 3374 
76600 3548 3500 
76650 3548 3533 
76700 3548 3542 
76750 3548 3548 
76800 3537 3532 
76850 3559 3549 
76900 3563 3553 
76950 3548 3546 
77000 3538 3534 
77050 3521 3506 
77100 3541 3491 
77150 3548 3500 
77200 3537 3468 
77250 3519 3413 
77300 3538 3423 
77350 3545 3398 
77400 3541 3347 
77450 3545 3350 
77500 3531 3334 
77550 3530 3469 
77600 3532 3527 
77650 3544 3531 
77700 3547 3544 
77750 3545 3542 
77800 3536 3530 
77850 3560 3553 
77900 3548 3544 
77950 3539 3531 
78000 3540 3543 
78050 3532 3526 
78100 3559 3528 
78150 3543 3505 
78200 3555 3474 
78250 3540 3454 
78300 3547 3458 
78350 3541 3459 
78400 3554 3451 
78450 3556 3425 
78500 3546 3398 
78550 3533 3471 
78600 3544 3515 
78650 3542 3538 
78700 3533 3527 
78750 3548 3539 
78800 3530 3528 
78850 3522 3517 
78900 3552 3549 
78950 3537 3530 
79000 3532 3532 
79050 3537 3536 
79100 3551 3532 
79150 3540 3499 
79200 3550 3488 
79250 3559 3473 
79300 3548 3451 
79350 3536 3421 
79400 3545 3424 
79450 3530 3375 
79500 3549 3362 
79550 3541 3440 
79600 3534 3503 
79650 3545 3530 
79700 3537 3522 
79750 3546 3545 
79800 3532 3525 
79850 3522 3517 
79900 3547 3536 
79950 3549 3548 
80000 3553 3551 
80050 3554 3552 
80100 3567 3536 
80150 3546 3476 
80200 3548 3437 
80250 3527 3398 
80300 3556 3372 
80350 3564 3350 
80400 3560 3330 
80450 3543 3322 
80500 3543 3301 
80550 3542 3431 
80600 3550 3518 
80650 3553 3543 
80700 3523 3522 
80750 3539 3536 
80800 3546 3536 
80850 3529 3531 
80900 3538 3536 
80950 3537 3539 
81000 3548 3532 
81050 3524 3514 
81100 3530 3473 
81150 3548 3469 
81200 3542 3432 
81250 3547 3422 
81300 3541 3384 
81350 3539 3379 
81400 3548 3382 
81450 3546 3373 
81500 3552 3327 
81550 3546 3433 
81600 3557 3531 
81650 3551 3540 
81700 3529 3524 
81750 3551 3543 
81800 3564 3555 
81850 3545 3537 
81900 3551 3550 
81950 3550 3542 
82000 3565 3560 
82050 3538 3529 
82100 3556 3506 
82150 3546 3460 
82200 3534 3434 
82250 3540 3383 
82300 3528 3325 
82350 3531 3327 
82400 3537 3322 
82450 3548 3349 
82500 3544 3335 
82550 3550 3448 
82600 3549 3518 
82650 3551 3541 
82700 3547 3545 
82750 3545 3545 
82800 3545 3537 
82850 3538 3534 
82900 3550 3546 
82950 3514 3515 
83000 3540 3534 
83050 3544 3540 
83100 3554 3529 
83150 3551 3519 
83200 3562 3512 
83250 3554 3493 
83300 3552 3483 
83350 3547 3447 
83400 3539 3402 
83450 3537 3385 
83500 3522 3351 
83550 3528 3447 
83600 3534 3505 
83650 3544 3545 
83700 3548 3549 
83750 3551 3548 
83800 3549 3542 
83850 3550 3546 
83900 3544 3545 
83950 3548 3543 
84000 3557 3554 
84050 3538 3521 
84100 3550 3504 
84150 3563 3479 
84200 3542 3434 
84250 3548 3438 
84300 3541 3413 
84350 3549 3405 
84400 3555 3369 
84450 3558 3334 
84500 3549 3340 
84550 3535 3424 
84600 3544 3516 
84650 3555 3550 
84700 3536 3529 
84750 3534 3526 
84800 3549 3544 
84850 3557 3557 
84900 3558 3551 
84950 3555 3553 
85000 3544 3535 
85050 3556 3542 
85100 3550 3528 
85150 3520 3479 
85200 3528 3487 
85250 3548 3492 
85300 3548 3491 
85350 3550 3475 
85400 3561 3472 
85450 3548 3435 
85500 3547 3415 
85550 3549 3520 
85600 3551 3547 
85650 3550 3550 
85700 3545 3544 
85750 3542 3531 
85800 3546 3545 
85850 3554 3534 
85900 3537 3534 
85950 3558 3548 
86000 3538 3537 
86050 3543 3513 
86100 3544 3489 
86150 3541 3483 
86200 3535 3456 
86250 3548 3427 
86300 3557 3447 
86350 3549 3434 
86400 3538 3390 
86450 3555 3347 
86500 3537 3270 
86550 3544 3475 
86600 3549 3542 
86650 3553 3552 
86700 3543 3543 
86750 3554 3557 
86800 3553 3546 
86850 3545 3547 
86900 3547 3544 
86950 3550 3545 
87000 3543 3540 
87050 3557 3544 
87100 3545 3518 
87150 3537 3509 
87200 3555 3483 
87250 3549 3456 
87300 3540 3445 
87350 3552 3439 
87400 3544 3404 
87450 3549 3368 
87500 3552 3402 
87550 3548 3508 
87600 3550 3544 
87650 3548 3546 
87700 3541 3527 
87750 3537 3529 
87800 3538 3538 
87850 3545 3542 
87900 3551 3548 
87950 3561 3555 
88000 3548 3547 
88050 3539 3525 
88100 3552 3531 
88150 3545 3518 
88200 3554 3504 
88250 3552 3457 
88300 3537 3434 
88350 3555 3422 
88400 3559 3374 
88450 3550 3348 
88500 3562 3348 
88550 3559 3495 
88600 3550 3531 
88650 3543 3531 
88700 3548 3546 
88750 3560 3551 
88800 3559 3557 
88850 3559 3550 
88900 3562 3548 
88950 3546 3544 
89000 3555 3550 
89050 3554 3546 
89100 3551 3517 
89150 3547 3505 
89200 3553 3487 
89250 3547 3466 
89300 3542 3465 
89350 3540 3434 
89400 3540 3391 
89450 3551 3345 
89500 3545 3337 
89550 3544 3491 
89600 3537 3522 
89650 3553 3546 
89700 3545 3545 
89750 3551 3543 
89800 3551 3551 
89850 3552 3549 
89900 3554 3553 
89950 3542 3541 
90000 3565 3561 
90050 3547 3521 
90100 3551 3503 
90150 3533 3480 
90200 3545 3461 
90250 3556 3425 
90300 3546 3404 
90350 3547 3363 
90400 3545 3320 
90450 3529 3290 
90500 3548 3269 
90550 3535 3439 
90600 3553 3538 
90650 3550 3541 
90700 3551 3543 
90750 3547 3535 
90800 3560 3556 
90850 3551 3544 
90900 3557 3543 
90950 3555 3552 
91000 3562 3557 
91050 3548 3536 
91100 3560 3520 
91150 3535 3460 
91200 3546 3483 
91250 3548 3473 
91300 3547 3432 
91350 3533 3428 
91400 3544 3461 
91450 3557 3475 
91500 3543 3415 
91550 3542 3506 
91600 3542 3533 
91650 3568 3564 
91700 3543 3546 
91750 3534 3527 
91800 3552 3551 
91850 3561 3559 
91900 3564 3561 
91950 3558 3554 
92000 3547 3550 
92050 3530 3483 
92100 3544 3445 
92150 3570 3481 
92200 3548 3449 
92250 3554 3413 
92300 3541 3391 
92350 3550 3334 
92400 3541 3277 
92450 3548 3286 
92500 3545 3249 
92550 3544 3428 
92600 3551 3534 
92650 3538 3533 
92700 3551 3551 
92750 3550 3549 
92800 3538 3533 
92850 3527 3523 
92900 3550 3555 
92950 3528 3525 
93000 3539 3537 
93050 3544 3515 
93100 3530 3477 
93150 3553 3486 
93200 3554 3452 
93250 3550 3423 
93300 3551 3384 
93350 3560 3363 
93400 3554 3297 
93450 3570 3288 
93500 3560 3248 
93550 3550 3445 
93600 3547 3536 
93650 3526 3520 
93700 3527 3530 
93750 3540 3533 
93800 3554 3548 
93850 3540 3539 
93900 3549 3545 
93950 3540 3529 
94000 3558 3546 
94050 3541 3517 
94100 3539 3499 
94150 3552 3491 
94200 3543 3443 
94250 3539 3419 
94300 3539 3379 
94350 3532 3353 
94400 3560 3344 
94450 3541 3303 
94500 3544 3261 
94550 3559 3494 
94600 3559 3542 
94650 3555 3552 
94700 3559 3559 
94750 3561 3564 
94800 3560 3555 
94850 3537 3529 
94900 3550 3541 
94950 3554 3547 
95000 3550 3541 
95050 3552 3521 
95100 3557 3490 
95150 3560 3465 
95200 3549 3452 
95250 3541 3483 
95300 3536 3464 
95350 3562 3452 
95400 3554 3431 
95450 3551 3386 
95500 3547 3382 
95550 3527 3464 
95600 3542 3533 
95650 3542 3541 
95700 3554 3550 
95750 3555 3545 
95800 3550 3552 
95850 3553 3548 
95900 3549 3531 
95950 3558 3551 
96000 3547 3553 
96050 3545 3522 
96100 3536 3482 
96150 3559 3479 
96200 3554 3462 
96250 3555 3456 
96300 3549 3426 
96350 3560 3429 
96400 3547 3396 
96450 3554 3377 
96500 3563 3402 
96550 3551 3495 
96600 3556 3542 
96650 3556 3553 
96700 3545 3537 
96750 3549 3545 
96800 3556 3554 
96850 3539 3533 
96900 3568 3559 
96950 3552 3544 
97000 3557 3549 
97050 3537 3528 
97100 3546 3512 
97150 3536 3485 
97200 3536 3449 
97250 3548 3419 
97300 3533 3371 
97350 3539 3343 
97400 3548 3299 
97450 3539 3297 
97500 3539 3333 
97550 3535 3480 
97600 3554 3545 
97650 3551 3545 
97700 3554 3554 
97750 3546 3547 
97800 3561 3560 
97850 3531 3530 
97900 3546 3546 
97950 3557 3549 
98000 3550 3542 
98050 3555 3530 
98100 3548 3480 
98150 3556 3464 
98200 3568 3470 
98250 3563 3430 
98300 3556 3403 
98350 3540 3386 
98400 3548 3346 
98450 3551 3297 
98500 3548 3271 
98550 3548 3465 
98600 3539 3531 
98650 3536 3532 
98700 3550 3542 
98750 3545 3542 
98800 3542 3535 
98850 3566 3565 
98900 3544 3542 
98950 3546 3539 
99000 3545 3543 
99050 3542 3532 
99100 3535 3490 
99150 3552 3485 
99200 3561 3487 
99250 3539 3464 
99300 3562 3487 
99350 3553 3452 
99400 3554 3410 
99450 3546 3387 
99500 3557 3367 
99550 3540 3466 
99600 3549 3542 
99650 3560 3552 
99700 3567 3565 
99750 3548 3537 
99800 3552 3550 
99850 3538 3543 
99900 3563 3557 
99950 3556 3552 
100000 3563 3560 
100050 3557 3538 
100100 3547 3514 
100150 3542 3484 
100200 3554 3489 
100250 3544 3472 
100300 3541 3419 
100350 3550 3437 
100400 3547 3417 
100450 3552 3352 
100500 3539 3336 
100550 3546 3455 
100600 3548 3527 
100650 3558 3558 
100700 3548 3541 
100750 3556 3553 
100800 3530 3528 
100850 3545 3555 
100900 3549 3548 
100950 3553 3555 
101000 3557 3554 
101050 3552 3541 
101100 3554 3508 
101150 3557 3505 
101200 3535 3484 
101250 3550 3475 
101300 3540 3453 
101350 3550 3430 
101400 3549 3412 
101450 3555 3388 
101500 3555 3384 
101550 3553 3510 
101600 3550 3529 
101650 3537 3522 
101700 3551 3544 
101750 3545 3543 
101800 3546 3547 
101850 3551 3547 
101900 3556 3549 
101950 3534 3531 
102000 3531 3531 
102050 3554 3540 
102100 3554 3521 
102150 3559 3510 
102200 3554 3467 
102250 3545 3475 
102300 3541 3462 
102350 3541 3450 
102400 3548 3457 
102450 3570 3464 
102500 3529 3405 
102550 3553 3520 
102600 3547 3543 
102650 3562 3563 
102700 3557 3554 
102750 3545 3541 
102800 3559 3558 
102850 3559 3558 
102900 3520 3528 
102950 3554 3551 
103000 3551 3541 
103050 3552 3541 
103100 3537 3516 
103150 3538 3511 
103200 3547 3513 
103250 3545 3497 
103300 3548 3475 
103350 3564 3478 
103400 3545 3443 
103450 3570 3439 
103500 3541 3422 
103550 3520 3501 
103600 3542 3528 
103650 3540 3530 
103700 3549 3546 
103750 3558 3552 
103800 3553 3545 
103850 3552 3543 
103900 3550 3551 
103950 3552 3552 
104000 3538 3530 
104050 3555 3542 
104100 3550 3526 
104150 3553 3530 
104200 3555 3479 
104250 3546 3443 
104300 3562 3465 
104350 3552 3412 
104400 3544 3441 
104450 3547 3400 
104500 3539 3359 
104550 3549 3490 
104600 3562 3548 
104650 3556 3545 
104700 3554 3557 
104750 3556 3556 
104800 3550 3547 
104850 3558 3554 
104900 3555 3555 
104950 3547 3550 
105000 3552 3546 
105050 3535 3527 
105100 3545 3513 
105150 3548 3501 
105200 3553 3507 
105250 3552 3495 
105300 3542 3446 
105350 3549 3447 
105400 3542 3414 
105450 3542 3385 
105500 3553 3391 
105550 3532 3475 
105600 3554 3543 
105650 3546 3542 
105700 3545 3542 
105750 3541 3541 
105800 3544 3544 
105850 3534 3527 
105900 3562 3553 
105950 3571 3567 
106000 3553 3556 
106050 3562 3554 
106100 3558 3539 
106150 3547 3497 
106200 3554 3484 
106250 3554 3450 
106300 3549 3399 
106350 3539 3374 
106400 3536 3383 
106450 3539 3346 
106500 3554 3359 
106550 3557 3493 
106600 3553 3551 
106650 3542 3543 
106700 3559 3553 
106750 3539 3532 
106800 3551 3543 
106850 3554 3544 
106900 3558 3557 
106950 3561 3561 
107000 3557 3551 
107050 3544 3541 
107100 3538 3514 
107150 3542 3493 
107200 3546 3481 
107250 3554 3459 
107300 3557 3459 
107350 3545 3408 
107400 3543 3396 
107450 3562 3407 
107500 3555 3360 
107550 3548 3487 
107600 3550 3541 
107650 3545 3541 
107700 3541 3537 
107750 3523 3522 
107800 3555 3550 
107850 3554 3552 
107900 3564 3556 
107950 3544 3537 
108000 3560 3559 
108050 3557 3554 
108100 3567 3561 
108150 3558 3522 
108200 3550 3501 
108250 3564 3476 
108300 3561 3486 
108350 3555 3456 
108400 3554 3437 
108450 3555 3426 
108500 3540 3399 
108550 3549 3507 
108600 3534 3522 
108650 3550 3541 
108700 3541 3543 
108750 3545 3539 
108800 3538 3526 
108850 3552 3544 
108900 3556 3553 
108950 3553 3559 
109000 3558 3558 
109050 3555 3538 
109100 3555 3518 
109150 3531 3460 
109200 3557 3441 
109250 3560 3418 
109300 3539 3404 
109350 3543 3385 
109400 3556 3361 
109450 3543 3314 
109500 3555 3290 
109550 3554 3467 
109600 3559 3551 
109650 3554 3546 
109700 3549 3542 
109750 3524 3520 
109800 3558 3553 
109850 3555 3556 
109900 3547 3543 
109950 3551 3543 
110000 3549 3534 
110050 3554 3539 
110100 3546 3518 
110150 3542 3498 
110200 3557 3507 
110250 3563 3477 
110300 3543 3425 
110350 3538 3425 
110400 3558 3423 
110450 3547 3373 
110500 3542 3348 
110550 3550 3514 
110600 3557 3543 
110650 3549 3549 
110700 3545 3537 
110750 3550 3549 
110800 3560 3556 
110850 3542 3542 
110900 3546 3539 
110950 3556 3546 
111000 3546 3539 
111050 3544 3522 
111100 3540 3468 
111150 3558 3447 
111200 3564 3455 
111250 3544 3400 
111300 3548 3367 
111350 3541 3327 
111400 3551 3301 
111450 3541 3272 
111500 3537 3217 
111550 3553 3471 
111600 3545 3542 
111650 3545 3535 
111700 3572 3573 
111750 3560 3558 
111800 3556 3547 
111850 3553 3546 
111900 3551 3548 
111950 3557 3552 
112000 3554 3544 
112050 3559 3539 
112100 3557 3533 
112150 3537 3504 
112200 3532 3471 
112250 3544 3468 
112300 3557 3460 
112350 3548 3420 
112400 3551 3364 
112450 3547 3344 
112500 3551 3306 
112550 3545 3476 
112600 3533 3519 
112650 3544 3548 
112700 3542 3536 
112750 3553 3555 
112800 3550 3543 
112850 3560 3550 
112900 3553 3552 
112950 3554 3548 
113000 3533 3520 
113050 3561 3542 
113100 3556 3524 
113150 3556 3529 
113200 3535 3498 
113250 3550 3509 
113300 3543 3487 
113350 3543 3471 
113400 3550 3436 
113450 3549 3383 
113500 3559 3384 
113550 3549 3488 
113600 3553 3538 
113650 3570 3556 
113700 3549 3549 
113750 3545 3537 
113800 3556 3550 
113850 3543 3547 
113900 3549 3532 
113950 3531 3526 
114000 3552 3554 
114050 3545 3531 
114100 3550 3492 
114150 3558 3463 
114200 3557 3412 
114250 3540 3403 
114300 3539 3381 
114350 3550 3336 
114400 3546 3317 
114450 3548 3285 
114500 3554 3229 
114550 3541 3425 
114600 3549 3536 
114650 3559 3549 
114700 3562 3553 
114750 3559 3552 
114800 3536 3536 
114850 3563 3554 
114900 3552 3542 
114950 3544 3534 
115000 3542 3540 
115050 3545 3528 
115100 3543 3494 
115150 3547 3445 
115200 3547 3419 
115250 3549 3360 
115300 3560 3316 
115350 3554 3249 
115400 3555 3227 
115450 3543 3185 
115500 3539 3160 
115550 3525 3453 
115600 3559 3535 
115650 3538 3531 
115700 3552 3545 
115750 3556 3551 
115800 3559 3558 
115850 3536 3532 
115900 3562 3554 
115950 3534 3530 
116000 3563 3549 
116050 3550 3527 
116100 3559 3497 
116150 3536 3447 
116200 3546 3422 
116250 3547 3402 
116300 3546 3411 
116350 3550 3399 
116400 3559 3354 
116450 3557 3316 
116500 3539 3319 
116550 3543 3490 
116600 3544 3539 
116650 3551 3546 
116700 3547 3526 
116750 3532 3525 
116800 3566 3553 
116850 3547 3529 
116900 3567 3548 
116950 3553 3544 
117000 3547 3535 
117050 3551 3521 
117100 3553 3497 
117150 3546 3445 
117200 3548 3421 
117250 3549 3387 
117300 3573 3394 
117350 3543 3387 
117400 3529 3363 
117450 3534 3329 
117500 3547 3351 
117550 3550 3480 
117600 3549 3529 
117650 3549 3521 
117700 3539 3532 
117750 3550 3538 
117800 3558 3550 
117850 3547 3530 
117900 3550 3543 
117950 3543 3531 
118000 3562 3557 
118050 3543 3526 
118100 3542 3447 
118150 3546 3407 
118200 3543 3368 
118250 3544 3330 
118300 3550 3254 
118350 3538 3225 
118400 3557 3237 
118450 3561 3164 
118500 3538 3135 
118550 3545 3383 
118600 3550 3512 
118650 3547 3527 
118700 3533 3536 
118750 3542 3534 
118800 3564 3547 
118850 3559 3547 
118900 3547 3536 
118950 3550 3547 
119000 3544 3547 
119050 3557 3530 
119100 3526 3461 
119150 3545 3458 
119200 3550 3445 
119250 3544 3372 
119300 3548 3296 
119350 3559 3322 
119400 3561 3367 
119450 3547 3325 
119500 3541 3267 
119550 3560 3485 
119600 3539 3514 
119650 3555 3540 
119700 3534 3515 
119750 3558 3542 
119800 3540 3529 
119850 3546 3527 
119900 3547 3536 
119950 3559 3553 
120000 3558 3550 
120050 3549 3506 
120100 3553 3498 
120150 3552 3445 
120200 3545 3414 
120250 3553 3420 
120300 3542 3403 
120350 3549 3383 
120400 3543 3351 
120450 3549 3294 
120500 3537 3272 
120550 3559 3461 
120600 3559 3551 
120650 3548 3535 
120700 3560 3555 
120750 3555 3548 
120800 3548 3540 
120850 3538 3531 
120900 3541 3524 
120950 3561 3539 
121000 3545 3544 
121050 3536 3493 
121100 3554 3461 
121150 3554 3408 
121200 3539 3347 
121250 3549 3320 
121300 3539 3270 
121350 3548 3250 
121400 3545 3216 
121450 3547 3208 
121500 3542 3197 
121550 3556 3442 
121600 3548 3529 
121650 3545 3539 
121700 3555 3526 
121750 3548 3535 
121800 3562 3550 
121850 3552 3529 
121900 3546 3537 
121950 3553 3538 
122000 3556 3551 
122050 3551 3516 
122100 3548 3460 
122150 3552 3412 
122200 3551 3369 
122250 3548 3303 
122300 3560 3255 
122350 3571 3248 
122400 3547 3202 
122450 3538 3146 
122500 3547 3078 
122550 3547 3367 
122600 3533 3516 
122650 3546 3536 
122700 3540 3533 
122750 3538 3532 
122800 3542 3523 
122850 3543 3538 
122900 3555 3550 
122950 3548 3539 
123000 3540 3529 
123050 3539 3500 
123100 3549 3472 
123150 3552 3428 
123200 3564 3406 
123250 3553 3337 
123300 3534 3310 
123350 3562 3336 
123400 3541 3276 
123450 3548 3258 
123500 3551 3280 
123550 3559 3478 
123600 3565 3540 
123650 3558 3544 
123700 3546 3527 
123750 3545 3527 
123800 3557 3534 
123850 3532 3516 
123900 3551 3537 
123950 3537 3520 
124000 3554 3547 
124050 3548 3522 
124100 3550 3482 
124150 3553 3438 
124200 3544 3378 
124250 3536 3357 
124300 3548 3332 
124350 3554 3286 
124400 3546 3268 
124450 3557 3235 
124500 3536 3229 
124550 3542 3435 
124600 3548 3521 
124650 3555 3545 
124700 3564 3543 
124750 3543 3531 
124800 3553 3545 
124850 3552 3537 
124900 3540 3535 
124950 3559 3546 
125000 3549 3540 
125050 3536 3509 
125100 3551 3452 
125150 3540 3406 
125200 3547 3393 
125250 3559 3352 
125300 3549 3344 
125350 3550 3292 
125400 3541 3262 
125450 3541 3214 
125500 3562 3171 
125550 3545 3413 
125600 3558 3517 
125650 3550 3534 
125700 3557 3535 
125750 3558 3530 
125800 3570 3556 
125850 3550 3536 
125900 3557 3546 
125950 3547 3528 
126000 3555 3538 
126050 3539 3489 
126100 3548 3437 
126150 3555 3370 
126200 3547 3272 
126250 3556 3218 
126300 3559 3149 
126350 3552 3116 
126400 3546 3039 
126450 3563 3054 
126500 3541 3030 
126550 3557 3427 
126600 3553 3533 
126650 3546 3530 
126700 3539 3527 
126750 3529 3521 
126800 3566 3550 
126850 3552 3540 
126900 3557 3530 
126950 3561 3542 
127000 3562 3534 
127050 3542 3511 
127100 3561 3509 
127150 3546 3432 
127200 3557 3414 
127250 3551 3338 
127300 3555 3334 
127350 3549 3245 
127400 3550 3201 
127450 3543 3166 
127500 3550 3126 
127550 3543 3358 
127600 3534 3496 
127650 3557 3529 
127700 3542 3506 
127750 3544 3528 
127800 3528 3502 
127850 3546 3530 
127900 3557 3538 
127950 3547 3519 
128000 3553 3540 
128050 3539 3486 
128100 3538 3431 
128150 3551 3361 
128200 3542 3285 
128250 3554 3299 
128300 3533 3229 
128350 3555 3186 
128400 3551 3084 
128450 3544 2989 
128500 3557 2967 
128550 3556 3372 
128600 3546 3521 
128650 3537 3520 
128700 3549 3516 
128750 3541 3527 
128800 3550 3530 
128850 3563 3550 
128900 3563 3548 
128950 3546 3523 
129000 3531 3521 
129050 3534 3503 
129100 3547 3475 
129150 3564 3449 
129200 3561 3364 
129250 3534 3305 
129300 3540 3259 
129350 3546 3242 
129400 3549 3237 
129450 3541 3195 
129500 3549 3130 
129550 3543 3426 
129600 3553 3525 
129650 3558 3519 
129700 3552 3546 
129750 3549 3536 
129800 3554 3530 
129850 3565 3537 
129900 3557 3537 
129950 3560 3540 
130000 3543 3522 
130050 3550 3451 
130100 3545 3389 
130150 3559 3338 
130200 3534 3255 
130250 3534 3214 
130300 3558 3210 
130350 3531 3108 
130400 3556 3084 
130450 3539 2956 
130500 3565 2977 
130550 3553 3369 
130600 3558 3517 
130650 3556 3521 
130700 3556 3531 
130750 3553 3536 
130800 3544 3533 
130850 3542 3533 
130900 3554 3531 
130950 3544 3527 
131000 3544 3528 
131050 3532 3470 
131100 3550 3439 
131150 3563 3371 
131200 3550 3275 
131250 3561 3231 
131300 3551 3137 
131350 3555 3087 
131400 3558 3027 
131450 3552 2958 
131500 3562 2901 
131550 3555 3359 
131600 3548 3502 
131650 3546 3533 
131700 3561 3521 
131750 3542 3514 
131800 3563 3535 
131850 3556 3524 
131900 3560 3541 
131950 3561 3535 
132000 3550 3531 
132050 3539 3502 
132100 3553 3440 
132150 3541 3360 
132200 3548 3306 
132250 3562 3201 
132300 3546 3109 
132350 3561 3080 
132400 3538 3021 
132450 3562 2972 
132500 3548 2922 
132550 3550 3369 
132600 3559 3527 
132650 3543 3528 
132700 3548 3534 
132750 3539 3508 
132800 3548 3517 
132850 3535 3534 
132900 3565 3550 
132950 3538 3510 
133000 3554 3536 
133050 3533 3487 
133100 3555 3420 
133150 3552 3360 
133200 3556 3296 
133250 3533 3211 
133300 3544 3147 
133350 3550 3131 
133400 3558 3017 
133450 3566 3020 
133500 3557 2982 
133550 3542 3364 
133600 3550 3504 
133650 3539 3518 
133700 3549 3526 
133750 3563 3547 
133800 3559 3537 
133850 3547 3537 
133900 3553 3526 
133950 3555 3538 
134000 3545 3531 
134050 3554 3509 
134100 3569 3472 
134150 3564 3416 
134200 3559 3323 
134250 3546 3243 
134300 3539 3139 
134350 3550 3110 
134400 3547 3072 
134450 3563 3062 
134500 3554 3020 
134550 3551 3371 
134600 3551 3499 
134650 3553 3532 
134700 3540 3513 
134750 3547 3535 
134800 3557 3535 
134850 3541 3534 
134900 3544 3516 
134950 3564 3535 
135000 3545 3528 
135050 3564 3511 
135100 3545 3438 
135150 3550 3374 
135200 3560 3314 
135250 3549 3220 
135300 3558 3133 
135350 3557 3077 
135400 3546 3052 
135450 3515 2999 
135500 3545 2930 
135550 3556 3371 
135600 3551 3494 
135650 3551 3535 
135700 3558 3538 
135750 3533 3505 
135800 3546 3525 
135850 3551 3532 
135900 3555 3532 
135950 3533 3498 
136000 3558 3534 
136050 3536 3484 
136100 3542 3429 
136150 3553 3363 
136200 3540 3296 
136250 3538 3249 
136300 3546 3163 
136350 3561 3142 
136400 3542 3030 
136450 3549 2963 
136500 3546 2866 
136550 3559 3312 
136600 3545 3500 
136650 3557 3511 
136700 3536 3511 
136750 3546 3527 
136800 3547 3518 
136850 3565 3536 
136900 3534 3520 
136950 3561 3538 
137000 3546 3533 
137050 3538 3466 
137100 3545 3398 
137150 3532 3315 
137200 3536 3258 
137250 3540 3160 
137300 3541 3105 
137350 3543 3064 
137400 3554 3017 
137450 3549 2933 
137500 3547 2872 
137550 3563 3314 
137600 3544 3468 
137650 3530 3511 
137700 3558 3542 
137750 3527 3508 
137800 3544 3521 
137850 3544 3525 
137900 3551 3521 
137950 3551 3542 
138000 3552 3534 
138050 3544 3480 
138100 3545 3372 
138150 3556 3262 
138200 3553 3221 
138250 3548 3147 
138300 3545 3056 
138350 3554 2919 
138400 3559 2851 
138450 3546 2796 
138500 3553 2735 
138550 3555 3275 
138600 3558 3500 
138650 3553 3530 
138700 3564 3539 
138750 3541 3519 
138800 3538 3518 
138850 3545 3512 
138900 3561 3539 
138950 3540 3520 
139000 3544 3527 
139050 3554 3504 
139100 3562 3484 
139150 3563 3381 
139200 3543 3289 
139250 3552 3291 
139300 3546 3203 
139350 3532 3084 
139400 3553 3116 
139450 3561 2992 
139500 3558 2947 
139550 3548 3347 
139600 3543 3507 
139650 3551 3519 
139700 3554 3537 
139750 3545 3524 
139800 3552 3543 
139850 3527 3512 
139900 3553 3538 
139950 3554 3535 
140000 3546 3529 
140050 3558 3503 
140100 3550 3391 
140150 3546 3265 
140200 3566 3184 
140250 3559 3195 
140300 3558 3085 
140350 3557 3047 
140400 3542 2951 
140450 3550 2903 
140500 3553 2782 
140550 3556 3320 
140600 3556 3516 
140650 3558 3527 
140700 3552 3531 
140750 3535 3516 
140800 3557 3534 
140850 3561 3541 
140900 3544 3517 
140950 3542 3524 
141000 3544 3517 
141050 3542 3490 
141100 3551 3452 
141150 3569 3365 
141200 3554 3296 
141250 3537 3193 
141300 3554 3128 
141350 3562 3057 
141400 3549 3006 
141450 3551 2966 
141500 3545 2913 
141550 3551 3381 
141600 3562 3530 
141650 3547 3532 
141700 3566 3527 
141750 3556 3527 
141800 3555 3521 
141850 3549 3530 
141900 3561 3524 
141950 3550 3542 
142000 3556 3523 
142050 3562 3474 
142100 3543 3426 
142150 3561 3396 
142200 3559 3306 
142250 3564 3260 
142300 3546 3190 
142350 3569 3163 
142400 3539 3097 
142450 3546 2997 
142500 3544 2942 
142550 3550 3358 
142600 3569 3538 
142650 3545 3513 
142700 3553 3533 
142750 3548 3522 
142800 3564 3528 
142850 3540 3513 
142900 3552 3525 
142950 3556 3516 
143000 3547 3518 
143050 3552 3476 
143100 3551 3360 
143150 3555 3288 
143200 3560 3219 
143250 3549 3239 
143300 3548 3201 
143350 3552 3168 
143400 3555 3056 
143450 3561 2999 
143500 3557 2910 
143550 3544 3336 
143600 3552 3526 
143650 3547 3519 
143700 3562 3541 
143750 3555 3531 
143800 3561 3544 
143850 3530 3507 
143900 3554 3527 
143950 3556 3527 
144000 3558 3535 
144050 3559 3484 
144100 3525 3375 
144150 3539 3280 
144200 3533 3237 
144250 3541 3171 
144300 3538 3119 
144350 3548 3046 
144400 3532 2967 
144450 3562 2913 
144500 3550 2844 
144550 3551 3386 
144600 3542 3505 
144650 3546 3519 
144700 3551 3532 
144750 3558 3534 
144800 3553 3519 
144850 3552 3524 
144900 3545 3509 
144950 3531 3524 
145000 3551 3523 
145050 3541 3466 
145100 3542 3407 
145150 3543 3357 
145200 3552 3292 
145250 3545 3245 
145300 3548 3152 
145350 3547 3010 
145400 3539 2981 
145450 3563 2926 
145500 3546 2873 
145550 3550 3333 
145600 3536 3472 
145650 3539 3518 
145700 3547 3531 
145750 3548 3517 
145800 3556 3533 
145850 3530 3510 
145900 3546 3525 
145950 3543 3530 
146000 3563 3537 
146050 3551 3481 
146100 3556 3403 
146150 3549 3352 
146200 3549 3293 
146250 3553 3284 
146300 3538 3214 
146350 3563 3185 
146400 3542 3148 
146450 3560 3145 
146500 3554 3104 
146550 3553 3399 
146600 3548 3523 
146650 3548 3537 
146700 3551 3527 
146750 3547 3531 
146800 3558 3524 
146850 3547 3530 
146900 3545 3526 
146950 3546 3527 
147000 3549 3533 
147050 3544 3484 
147100 3555 3453 
147150 3546 3372 
147200 3553 3328 
147250 3545 3291 
147300 3540 3210 
147350 3552 3189 
147400 3549 3064 
147450 3541 3027 
147500 3551 3058 
147550 3549 3405 
147600 3558 3521 
147650 3564 3553 
147700 3563 3533 
147750 3552 3527 
147800 3555 3524 
147850 3548 3522 
147900 3555 3535 
147950 3557 3524 
148000 3548 3517 
148050 3560 3471 
148100 3541 3419 
148150 3557 3359 
148200 3548 3217 
148250 3543 3127 
148300 3541 3084 
148350 3559 3033 
148400 3554 2998 
148450 3560 2943 
148500 3550 2900 
148550 3543 3359 
148600 3557 3504 
148650 3555 3519 
148700 3553 3542 
148750 3564 3537 
148800 3544 3528 
148850 3546 3521 
148900 3553 3511 
148950 3559 3524 
149000 3560 3526 
149050 3557 3491 
149100 3556 3448 
149150 3558 3357 
149200 3556 3284 
149250 3535 3237 
149300 3553 3239 
149350 3565 3209 
149400 3547 3122 
149450 3546 3057 
149500 3547 2983 
149550 3545 3410 
149600 3546 3521 
149650 3551 3517 
149700 3549 3526 
149750 3546 3525 
149800 3548 3521 
149850 3545 3521 
149900 3555 3537 
149950 3542 3523 
150000 3550 3530 
150050 3555 3512 
150100 3555 3442 
150150 3569 3377 
150200 3543 3213 
150250 3569 3176 
150300 3552 3122 
150350 3553 3065 
150400 3562 3007 
150450 3556 2917 
150500 3563 2843 
150550 3556 3283 
150600 3548 3480 
150650 3544 3516 
150700 3552 3537 
150750 3564 3546 
150800 3530 3503 
150850 3544 3516 
150900 3553 3520 
150950 3563 3530 
151000 3563 3527 
151050 3555 3489 
151100 3538 3443 
151150 3552 3361 
151200 3542 3314 
151250 3541 3241 
151300 3560 3182 
151350 3538 3116 
151400 3567 3077 
151450 3567 2919 
151500 3549 2874 
151550 3564 3356 
151600 3562 3514 
151650 3550 3522 
151700 3554 3527 
151750 3559 3529 
151800 3555 3523 
151850 3547 3524 
151900 3556 3542 
151950 3562 3545 
152000 3552 3536 
152050 3549 3503 
152100 3562 3463 
152150 3544 3372 
152200 3543 3291 
152250 3546 3234 
152300 3544 3189 
152350 3553 3141 
152400 3548 3044 
152450 3558 3005 
152500 3552 2967 
152550 3537 3355 
152600 3561 3515 
152650 3553 3513 
152700 3555 3531 
152750 3559 3526 
152800 3548 3535 
152850 3553 3526 
152900 3552 3533 
152950 3549 3530 
153000 3547 3530 
153050 3537 3479 
153100 3538 3425 
153150 3546 3384 
153200 3550 3341 
153250 3548 3336 
153300 3536 3254 
153350 3549 3208 
153400 3549 3138 
153450 3545 3062 
153500 3561 3004 
153550 3543 3401 
153600 3565 3524 
153650 3548 3521 
153700 3534 3509 
153750 3557 3528 
153800 3550 3521 
153850 3541 3518 
153900 3531 3512 
153950 3550 3515 
154000 3556 3535 
154050 3561 3504 
154100 3555 3437 
154150 3548 3349 
154200 3571 3320 
154250 3545 3234 
154300 3545 3199 
154350 3538 3114 
154400 3559 3121 
154450 3557 3119 
154500 3552 3032 
154550 3543 3395 
154600 3540 3503 
154650 3563 3556 
154700 3563 3533 
154750 3553 3534 
154800 3560 3529 
154850 3553 3528 
154900 3546 3517 
154950 3539 3530 
155000 3546 3533 
155050 3554 3503 
155100 3553 3390 
155150 3561 3322 
155200 3553 3233 
155250 3560 3209 
155300 3552 3153 
155350 3553 3120 
155400 3559 3034 
155450 3554 2933 
155500 3554 2907 
155550 3531 3380 
155600 3555 3524 
155650 3530 3511 
155700 3548 3525 
155750 3550 3520 
155800 3557 3536 
155850 3543 3508 
155900 3555 3520 
155950 3533 3508 
156000 3553 3525 
156050 3554 3483 
156100 3541 3411 
156150 3542 3336 
156200 3566 3275 
156250 3569 3235 
156300 3551 3147 
156350 3557 3160 
156400 3548 3061 
156450 3548 3014 
156500 3551 2953 
156550 3552 3345 
156600 3554 3488 
156650 3559 3539 
156700 3557 3528 
156750 3558 3539 
156800 3546 3533 
156850 3542 3529 
156900 3543 3516 
156950 3550 3517 
157000 3553 3524 
157050 3557 3490 
157100 3568 3420 
157150 3560 3377 
157200 3551 3313 
157250 3544 3252 
157300 3553 3184 
157350 3549 3113 
157400 3558 3043 
157450 3548 2983 
157500 3526 2916 
157550 3554 3391 
157600 3547 3509 
157650 3535 3507 
157700 3547 3518 
157750 3552 3523 
157800 3571 3537 
157850 3533 3501 
157900 3554 3526 
157950 3562 3537 
158000 3560 3541 
158050 3545 3497 
158100 3567 3448 
158150 3556 3355 
158200 3542 3178 
158250 3551 3112 
158300 3540 3058 
158350 3546 3018 
158400 3557 2964 
158450 3548 2940 
158500 3551 2843 
158550 3561 3363 
158600 3559 3509 
158650 3551 3526 
158700 3552 3524 
158750 3551 3516 
158800 3557 3526 
158850 3548 3519 
158900 3574 3543 
158950 3559 3526 
159000 3562 3547 
159050 3550 3500 
159100 3544 3434 
159150 3557 3391 
159200 3543 3317 
159250 3550 3272 
159300 3553 3222 
159350 3564 3211 
159400 3551 3184 
159450 3550 3174 
159500 3553 3135 
159550 3545 3422 
159600 3557 3529 
159650 3542 3521 
159700 3563 3540 
159750 3568 3548 
159800 3558 3530 
159850 3562 3530 
159900 3565 3541 
159950 3552 3533 
160000 3561 3535 
160050 3541 3506 
160100 3568 3454 
160150 3543 3321 
160200 3536 3239 
160250 3552 3238 
160300 3550 3213 
160350 3555 3150 
160400 3548 3120 
160450 3556 3055 
160500 3541 2974 
160550 3551 3360 
160600 3550 3497 
160650 3552 3517 
160700 3560 3535 
160750 3552 3523 
160800 3574 3555 
160850 3563 3538 
160900 3562 3540 
160950 3549 3517 
161000 3552 3527 
161050 3552 3479 
161100 3545 3436 
161150 3547 3391 
161200 3547 3354 
161250 3528 3329 
161300 3529 3288 
161350 3549 3250 
161400 3549 3184 
161450 3545 3095 
161500 3553 3097 
161550 3540 3353 
161600 3551 3511 
161650 3550 3528 
161700 3561 3535 
161750 3544 3532 
161800 3552 3524 
161850 3561 3534 
161900 3559 3539 
161950 3553 3528 
162000 3551 3531 
162050 3542 3479 
162100 3558 3414 
162150 3561 3353 
162200 3554 3279 
162250 3548 3172 
162300 3546 3096 
162350 3552 3106 
162400 3553 2999 
162450 3552 2970 
162500 3544 2972 
162550 3565 3384 
162600 3567 3500 
162650 3564 3539 
162700 3556 3534 
162750 3551 3521 
162800 3555 3542 
162850 3556 3542 
162900 3540 3522 
162950 3545 3506 
163000 3556 3541 
163050 3550 3471 
163100 3568 3433 
163150 3544 3350 
163200 3560 3279 
163250 3557 3274 
163300 3548 3148 
163350 3554 3137 
163400 3551 3109 
163450 3558 3019 
163500 3556 2927 
163550 3550 3352 
163600 3549 3500 
163650 3554 3524 
163700 3552 3539 
163750 3552 3532 
163800 3548 3518 
163850 3543 3529 
163900 3555 3527 
163950 3556 3541 
164000 3561 3538 
164050 3560 3503 
164100 3546 3436 
164150 3545 3381 
164200 3550 3303 
164250 3567 3270 
164300 3552 3122 
164350 3544 3002 
164400 3562 3032 
164450 3556 2954 
164500 3555 2849 
164550 3545 3360 
164600 3556 3532 
164650 3555 3525 
164700 3553 3536 
164750 3559 3537 
164800 3555 3525 
164850 3559 3534 
164900 3543 3512 
164950 3554 3512 
165000 3552 3530 
165050 3565 3514 
165100 3552 3415 
165150 3530 3334 
165200 3539 3256 
165250 3559 3221 
165300 3540 3122 
165350 3552 3108 
165400 3530 3027 
165450 3563 2994 
165500 3559 2918 
165550 3553 3357 
165600 3560 3527 
165650 3552 3534 
165700 3548 3527 
165750 3552 3531 
165800 3550 3531 
165850 3537 3526 
165900 3551 3534 
165950 3549 3530 
166000 3559 3528 
166050 3543 3479 
166100 3544 3416 
166150 3550 3364 
166200 3548 3320 
166250 3556 3259 
166300 3551 3208 
166350 3552 3129 
166400 3553 3079 
166450 3555 2933 
166500 3552 2873 
166550 3539 3316 
166600 3561 3496 
166650 3554 3519 
166700 3563 3545 
166750 3550 3533 
166800 3549 3532 
166850 3550 3518 
166900 3561 3541 
166950 3553 3529 
167000 3550 3515 
167050 3550 3501 
167100 3538 3443 
167150 3556 3371 
167200 3562 3328 
167250 3557 3262 
167300 3553 3195 
167350 3562 3147 
167400 3543 3065 
167450 3549 2978 
167500 3552 2974 
167550 3554 3385 
167600 3565 3511 
167650 3551 3535 
167700 3561 3542 
167750 3558 3525 
167800 3544 3532 
167850 3562 3548 
167900 3550 3522 
167950 3555 3530 
168000 3539 3522 
168050 3547 3477 
168100 3555 3477 
168150 3556 3422 
168200 3558 3391 
168250 3557 3313 
168300 3577 3249 
168350 3559 3207 
168400 3558 3266 
168450 3557 3190 
168500 3545 3065 
168550 3565 3419 
168600 3535 3502 
168650 3566 3543 
168700 3554 3530 
168750 3565 3539 
168800 3556 3543 
168850 3565 3551 
168900 3551 3516 
168950 3569 3533 
169000 3549 3522 
169050 3551 3506 
169100 3559 3463 
169150 3553 3395 
169200 3567 3382 
169250 3555 3328 
169300 3563 3281 
169350 3527 3232 
169400 3558 3190 
169450 3557 3136 
169500 3544 3045 
169550 3545 3399 
169600 3541 3503 
169650 3545 3516 
169700 3551 3515 
169750 3571 3541 
169800 3561 3540 
169850 3550 3523 
169900 3558 3536 
169950 3548 3518 
170000 3554 3540 
170050 3548 3513 
170100 3555 3483 
170150 3562 3428 
170200 3555 3352 
170250 3556 3283 
170300 3562 3213 
170350 3551 3134 
170400 3545 3146 
170450 3561 3125 
170500 3554 3081 
170550 3559 3460 
170600 3554 3526 
170650 3554 3520 
170700 3562 3539 
170750 3562 3537 
170800 3560 3548 
170850 3555 3526 
170900 3556 3534 
170950 3559 3540 
171000 3548 3527 
171050 3530 3482 
171100 3555 3404 
171150 3568 3361 
171200 3555 3272 
171250 3556 3204 
171300 3548 3092 
171350 3556 3055 
171400 3561 2973 
171450 3557 2878 
171500 3554 2788 
171550 3551 3307 
171600 3549 3523 
171650 3542 3530 
171700 3555 3525 
171750 3534 3514 
171800 3563 3541 
171850 3541 3523 
171900 3557 3545 
171950 3545 3526 
172000 3569 3544 
172050 3562 3498 
172100 3557 3458 
172150 3555 3388 
172200 3558 3311 
172250 3547 3219 
172300 3552 3240 
172350 3553 3172 
172400 3538 3116 
172450 3550 2975 
172500 3546 2860 
172550 3559 3361 
172600 3547 3510 
172650 3560 3532 
172700 3551 3515 
172750 3565 3540 
172800 3559 3524 
172850 3537 3524 
172900 3558 3535 
172950 3565 3539 
173000 3551 3543 
173050 3552 3496 
173100 3545 3428 
173150 3563 3344 
173200 3557 3285 
173250 3559 3231 
173300 3540 3140 
173350 3553 3085 
173400 3570 3037 
173450 3561 3055 
173500 3558 3008 
173550 3565 3404 
173600 3544 3511 
173650 3554 3542 
173700 3549 3544 
173750 3553 3536 
173800 3556 3526 
173850 3556 3518 
173900 3566 3541 
173950 3557 3534 
174000 3558 3540 
174050 3555 3517 
174100 3560 3465 
174150 3561 3424 
174200 3546 3316 
174250 3544 3249 
174300 3551 3193 
174350 3552 3123 
174400 3561 3073 
174450 3553 3033 
174500 3553 2949 
174550 3557 3403 
174600 3555 3522 
174650 3560 3546 
174700 3559 3543 
174750 3559 3544 
174800 3539 3528 
174850 3559 3537 
174900 3550 3520 
174950 3560 3540 
175000 3559 3539 
175050 3561 3516 
175100 3541 3438 
175150 3549 3358 
175200 3554 3322 
175250 3563 3279 
175300 3548 3239 
175350 3568 3210 
175400 3568 3109 
175450 3557 3058 
175500 3552 3006 
175550 3554 3377 
175600 3579 3546 
175650 3572 3555 
175700 3558 3543 
175750 3539 3532 
175800 3531 3524 
175850 3569 3550 
175900 3558 3544 
175950 3534 3530 
176000 3541 3524 
176050 3545 3501 
176100 3557 3472 
176150 3557 3402 
176200 3549 3314 
176250 3555 3287 
176300 3550 3224 
176350 3564 3254 
176400 3537 3166 
176450 3551 3069 
176500 3552 3082 
176550 3554 3392 
176600 3552 3514 
176650 3560 3535 
176700 3577 3552 
176750 3550 3529 
176800 3557 3544 
176850 3566 3552 
176900 3566 3545 
176950 3559 3539 
177000 3556 3544 
177050 3565 3511 
177100 3566 3454 
177150 3569 3412 
177200 3554 3308 
177250 3549 3319 
177300 3544 3253 
177350 3563 3224 
177400 3552 3160 
177450 3556 3051 
177500 3564 3031 
177550 3555 3404 
177600 3560 3508 
177650 3550 3529 
177700 3556 3534 
177750 3562 3549 
177800 3560 3540 
177850 3554 3535 
177900 3570 3536 
177950 3544 3531 
178000 3560 3549 
178050 3547 3474 
178100 3559 3422 
178150 3575 3360 
178200 3578 3319 
178250 3553 3221 
178300 3557 3172 
178350 3561 3074 
178400 3573 3018 
178450 3555 2905 
178500 3568 2761 
178550 3560 3332 
178600 3562 3518 
178650 3557 3536 
178700 3561 3543 
178750 3550 3528 
178800 3546 3520 
178850 3554 3540 
178900 3551 3529 
178950 3555 3529 
179000 3557 3535 
179050 3547 3513 
179100 3556 3460 
179150 3563 3428 
179200 3554 3343 
179250 3559 3309 
179300 3550 3260 
179350 3559 3203 
179400 3546 3215 
179450 3554 3208 
179500 3561 3203 
179550 3545 3398 
179600 3565 3514 
179650 3563 3538 
179700 3563 3536 
179750 3561 3535 
179800 3576 3557 
179850 3568 3551 
179900 3561 3541 
179950 3544 3516 
180000 3549 3524 
180050 3546 3492 
180100 3564 3485 
180150 3549 3450 
180200 3555 3418 
180250 3555 3339 
180300 3554 3238 
180350 3567 3232 
180400 3553 3155 
180450 3566 3087 
180500 3555 2997 
180550 3549 3370 
180600 3550 3519 
180650 3562 3540 
180700 3556 3541 
180750 3548 3535 
180800 3557 3539 
180850 3562 3545 
180900 3557 3536 
180950 3544 3521 
181000 3563 3534 
181050 3556 3517 
181100 3560 3447 
181150 3555 3365 
181200 3556 3369 
181250 3541 3388 
181300 3566 3347 
181350 3553 3267 
181400 3561 3246 
181450 3556 3223 
181500 3556 3165 
181550 3566 3427 
181600 3551 3523 
181650 3556 3524 
181700 3557 3532 
181750 3541 3508 
181800 3550 3533 
181850 3565 3542 
181900 3552 3526 
181950 3538 3523 
182000 3551 3533 
182050 3541 3494 
182100 3549 3435 
182150 3543 3371 
182200 3545 3305 
182250 3557 3281 
182300 3568 3273 
182350 3552 3171 
182400 3552 3151 
182450 3563 3131 
182500 3564 3123 
182550 3554 3405 
182600 3563 3515 
182650 3564 3540 
182700 3561 3543 
182750 3546 3519 
182800 3548 3529 
182850 3553 3533 
182900 3557 3532 
182950 3559 3539 
183000 3561 3550 
183050 3560 3531 
183100 3548 3473 
183150 3561 3431 
183200 3555 3386 
183250 3550 3327 
183300 3571 3295 
183350 3542 3254 
183400 3559 3206 
183450 3560 3111 
183500 3547 3032 
183550 3541 3399 
183600 3553 3503 
183650 3554 3529 
183700 3544 3534 
183750 3544 3527 
183800 3561 3540 
183850 3569 3552 
183900 3548 3525 
183950 3546 3522 
184000 3557 3538 
184050 3556 3484 
184100 3555 3414 
184150 3559 3366 
184200 3546 3284 
184250 3563 3193 
184300 3552 3194 
184350 3557 3136 
184400 3547 3039 
184450 3546 3048 
184500 3552 2909 
184550 3546 3355 
184600 3545 3504 
184650 3549 3528 
184700 3566 3546 
184750 3553 3533 
184800 3565 3542 
184850 3548 3532 
184900 3551 3524 
184950 3555 3541 
185000 3543 3522 
185050 3560 3500 
185100 3543 3428 
185150 3536 3378 
185200 3545 3335 
185250 3557 3300 
185300 3541 3184 
185350 3542 3067 
185400 3556 2996 
185450 3542 2931 
185500 3569 2846 
185550 3551 3325 
185600 3547 3505 
185650 3550 3525 
185700 3562 3536 
185750 3553 3538 
185800 3560 3531 
185850 3545 3526 
185900 3564 3531 
185950 3568 3548 
186000 3545 3526 
186050 3530 3470 
186100 3560 3446 
186150 3563 3366 
186200 3548 3292 
186250 3551 3278 
186300 3561 3186 
186350 3557 3087 
186400 3552 2973 
186450 3565 2915 
186500 3535 2835 
186550 3545 3342 
186600 3547 3512 
186650 3553 3529 
186700 3545 3522 
186750 3535 3518 
186800 3546 3537 
186850 3572 3560 
186900 3558 3536 
186950 3543 3535 
187000 3545 3534 
187050 3541 3509 
187100 3560 3473 
187150 3557 3423 
187200 3555 3358 
187250 3558 3307 
187300 3544 3217 
187350 3553 3102 
187400 3561 3031 
187450 3548 2951 
187500 3548 2938 
187550 3544 3327 
187600 3551 3502 
187650 3555 3538 
187700 3549 3530 
187750 3551 3533 
187800 3551 3528 
187850 3545 3516 
187900 3550 3533 
187950 3557 3521 
188000 3566 3550 
188050 3563 3518 
188100 3544 3422 
188150 3556 3372 
188200 3544 3275 
188250 3546 3209 
188300 3554 3169 
188350 3569 3170 
188400 3546 3100 
188450 3542 3077 
188500 3562 3043 
188550 3543 3360 
188600 3551 3504 
188650 3567 3554 
188700 3542 3519 
188750 3556 3541 
188800 3566 3547 
188850 3551 3528 
188900 3543 3522 
188950 3546 3525 
189000 3529 3504 
189050 3550 3485 
189100 3554 3445 
189150 3547 3358 
189200 3548 3252 
189250 3531 3214 
189300 3541 3184 
189350 3535 3138 
189400 3544 3117 
189450 3558 3083 
189500 3555 3066 
189550 3561 3427 
189600 3556 3521 
189650 3556 3533 
189700 3556 3531 
189750 3553 3540 
189800 3550 3532 
189850 3556 3537 
189900 3547 3533 
189950 3553 3529 
190000 3565 3550 
190050 3549 3512 
190100 3551 3449 
190150 3545 3378 
190200 3547 3273 
190250 3553 3224 
190300 3546 3214 
190350 3561 3181 
190400 3564 3139 
190450 3563 3106 
190500 3551 3093 
190550 3552 3408 
190600 3544 3535 
190650 3554 3536 
190700 3566 3541 
190750 3556 3543 
190800 3559 3544 
190850 3550 3540 
190900 3563 3548 
190950 3572 3546 
191000 3548 3534 
191050 3562 3507 
191100 3562 3444 
191150 3563 3437 
191200 3560 3382 
191250 3548 3327 
191300 3561 3265 
191350 3556 3267 
191400 3552 3234 
191450 3545 3132 
191500 3538 3072 
191550 3543 3412 
191600 3550 3520 
191650 3557 3532 
191700 3557 3537 
191750 3556 3545 
191800 3553 3538 
191850 3543 3528 
191900 3549 3529 
191950 3570 3551 
192000 3554 3520 
192050 3554 3492 
192100 3552 3439 
192150 3549 3380 
192200 3549 3321 
192250 3556 3276 
192300 3547 3278 
192350 3539 3210 
192400 3539 3129 
192450 3551 3069 
192500 3542 3006 
192550 3542 3395 
192600 3542 3520 
192650 3541 3521 
192700 3561 3545 
192750 3542 3522 
192800 3558 3533 
192850 3553 3534 
192900 3554 3537 
192950 3560 3543 
193000 3553 3535 
193050 3563 3513 
193100 3546 3427 
193150 3561 3402 
193200 3542 3358 
193250 3559 3308 
193300 3543 3216 
193350 3555 3190 
193400 3544 3161 
193450 3552 3123 
193500 3552 3127 
193550 3554 3436 
193600 3546 3511 
193650 3539 3516 
193700 3537 3529 
193750 3557 3540 
193800 3546 3519 
193850 3569 3533 
193900 3552 3527 
193950 3560 3538 
194000 3544 3534 
194050 3558 3523 
194100 3533 3421 
194150 3538 3390 
194200 3544 3364 
194250 3555 3277 
194300 3561 3241 
194350 3554 3183 
194400 3551 3169 
194450 3539 3122 
194500 3554 3106 
194550 3543 3416 
194600 3566 3544 
194650 3557 3534 
194700 3561 3538 
194750 3555 3536 
194800 3565 3535 
194850 3557 3534 
194900 3526 3513 
194950 3538 3514 
195000 3562 3539 
195050 3554 3518 
195100 3553 3430 
195150 3557 3401 
195200 3537 3332 
195250 3539 3292 
195300 3551 3250 
195350 3529 3168 
195400 3544 3087 
195450 3556 3080 
195500 3547 3005 
195550 3552 3387 
195600 3559 3534 
195650 3550 3525 
195700 3567 3542 
195750 3544 3530 
195800 3558 3531 
195850 3542 3531 
195900 3537 3514 
195950 3563 3541 
196000 3550 3533 
196050 3556 3507 
196100 3541 3437 
196150 3542 3384 
196200 3537 3340 
196250 3553 3299 
196300 3559 3214 
196350 3564 3215 
196400 3546 3116 
196450 3553 3074 
196500 3541 2896 
196550 3545 3328 
196600 3555 3507 
196650 3547 3524 
196700 3549 3527 
196750 3535 3523 
196800 3554 3538 
196850 3548 3519 
196900 3550 3522 
196950 3553 3530 
197000 3542 3535 
197050 3545 3483 
197100 3549 3423 
197150 3545 3367 
197200 3560 3353 
197250 3549 3272 
197300 3534 3237 
197350 3554 3216 
197400 3569 3139 
197450 3577 3154 
197500 3558 3067 
197550 3542 3420 
197600 3551 3524 
197650 3563 3554 
197700 3550 3532 
197750 3553 3528 
197800 3558 3541 
197850 3552 3541 
197900 3568 3562 
197950 3550 3542 
198000 3542 3529 
198050 3552 3496 
198100 3545 3436 
198150 3552 3391 
198200 3561 3344 
198250 3539 3334 
198300 3545 3290 
198350 3547 3221 
198400 3555 3179 
198450 3566 3136 
198500 3548 3121 
198550 3559 3462 
198600 3558 3524 
198650 3546 3517 
198700 3540 3504 
198750 3556 3538 
198800 3548 3532 
198850 3541 3519 
198900 3549 3537 
198950 3538 3524 
199000 3550 3532 
199050 3558 3519 
199100 3550 3475 
199150 3552 3438 
199200 3550 3386 
199250 3550 3324 
199300 3557 3304 
199350 3570 3254 
199400 3540 3146 
199450 3557 3073 
199500 3541 3056 
199550 3548 3401 
199600 3558 3509 
199650 3554 3524 
199700 3563 3547 
199750 3553 3537 
199800 3548 3528 
199850 3546 3512 
199900 3552 3527 
199950 3555 3538 
200000 3551 3527 
