# Avida tasks data
# Sat Apr  7 01:48:44 2012
# First column gives the current update, next columns give the number
# of organisms that have the particular task as a component of their merit
#  1: Update
#  2: Xor
#  3: Equals

0 0 0 
50 7 7 
100 39 39 
150 110 110 
200 222 221 
250 409 407 
300 637 637 
350 923 925 
400 1281 1282 
450 1699 1704 
500 2139 2137 
550 2624 2624 
600 3138 3140 
650 3421 3419 
700 3530 3534 
750 3552 3547 
800 3537 3538 
850 3553 3552 
900 3537 3535 
950 3542 3546 
1000 3533 3533 
1050 3558 3553 
1100 3543 3523 
1150 3535 3508 
1200 3543 3514 
1250 3543 3511 
1300 3547 3515 
1350 3550 3517 
1400 3541 3497 
1450 3538 3493 
1500 3527 3506 
1550 3539 3520 
1600 3531 3529 
1650 3524 3528 
1700 3544 3547 
1750 3539 3541 
1800 3548 3548 
1850 3550 3548 
1900 3554 3554 
1950 3544 3550 
2000 3548 3551 
2050 3539 3546 
2100 3547 3537 
2150 3538 3506 
2200 3534 3504 
2250 3546 3508 
2300 3533 3502 
2350 3541 3497 
2400 3527 3442 
2450 3543 3473 
2500 3543 3445 
2550 3542 3491 
2600 3529 3515 
2650 3529 3534 
2700 3532 3538 
2750 3547 3547 
2800 3550 3551 
2850 3549 3552 
2900 3539 3541 
2950 3536 3540 
3000 3551 3549 
3050 3561 3562 
3100 3547 3544 
3150 3556 3547 
3200 3546 3547 
3250 3549 3542 
3300 3545 3515 
3350 3540 3518 
3400 3552 3510 
3450 3536 3501 
3500 3540 3524 
3550 3533 3516 
3600 3536 3530 
3650 3548 3541 
3700 3546 3544 
3750 3538 3542 
3800 3555 3557 
3850 3562 3565 
3900 3550 3550 
3950 3551 3548 
4000 3555 3555 
4050 3550 3551 
4100 3561 3549 
4150 3540 3521 
4200 3526 3486 
4250 3529 3485 
4300 3537 3479 
4350 3542 3469 
4400 3543 3455 
4450 3548 3441 
4500 3532 3408 
4550 3525 3450 
4600 3534 3518 
4650 3531 3527 
4700 3536 3542 
4750 3536 3535 
4800 3538 3542 
4850 3546 3542 
4900 3530 3533 
4950 3553 3554 
5000 3531 3534 
5050 3542 3544 
5100 3541 3544 
5150 3545 3526 
5200 3530 3527 
5250 3546 3528 
5300 3547 3518 
5350 3550 3531 
5400 3541 3498 
5450 3547 3497 
5500 3534 3473 
5550 3527 3495 
5600 3532 3522 
5650 3525 3514 
5700 3538 3537 
5750 3538 3542 
5800 3541 3540 
5850 3542 3544 
5900 3543 3542 
5950 3541 3543 
6000 3519 3517 
6050 3538 3531 
6100 3552 3537 
6150 3532 3512 
6200 3554 3538 
6250 3546 3508 
6300 3548 3490 
6350 3547 3481 
6400 3536 3440 
6450 3555 3452 
6500 3529 3453 
6550 3534 3484 
6600 3560 3552 
6650 3545 3548 
6700 3542 3543 
6750 3538 3541 
6800 3547 3551 
6850 3549 3544 
6900 3534 3537 
6950 3551 3554 
7000 3548 3550 
7050 3544 3539 
7100 3539 3528 
7150 3546 3527 
7200 3541 3508 
7250 3545 3481 
7300 3545 3469 
7350 3539 3469 
7400 3556 3476 
7450 3547 3469 
7500 3545 3445 
7550 3530 3480 
7600 3533 3527 
7650 3541 3538 
7700 3550 3550 
7750 3551 3547 
7800 3544 3543 
7850 3555 3559 
7900 3537 3539 
7950 3556 3555 
8000 3566 3560 
8050 3542 3548 
8100 3533 3527 
8150 3541 3523 
8200 3517 3483 
8250 3554 3512 
8300 3539 3474 
8350 3535 3449 
8400 3550 3430 
8450 3534 3384 
8500 3548 3377 
8550 3551 3460 
8600 3546 3507 
8650 3553 3545 
8700 3558 3548 
8750 3550 3549 
8800 3545 3541 
8850 3552 3551 
8900 3550 3548 
8950 3549 3548 
9000 3548 3552 
9050 3538 3543 
9100 3544 3541 
9150 3548 3529 
9200 3539 3524 
9250 3554 3530 
9300 3539 3524 
9350 3541 3507 
9400 3549 3488 
9450 3546 3472 
9500 3529 3451 
9550 3533 3470 
9600 3538 3510 
9650 3532 3525 
9700 3551 3550 
9750 3535 3535 
9800 3528 3531 
9850 3539 3539 
9900 3554 3545 
9950 3550 3548 
10000 3546 3545 
10050 3543 3547 
10100 3538 3540 
10150 3543 3531 
10200 3532 3512 
10250 3553 3525 
10300 3519 3502 
10350 3549 3517 
10400 3522 3496 
10450 3529 3493 
10500 3556 3497 
10550 3544 3520 
10600 3546 3541 
10650 3544 3538 
10700 3533 3538 
10750 3551 3544 
10800 3555 3551 
10850 3548 3545 
10900 3561 3561 
10950 3550 3543 
11000 3554 3547 
11050 3550 3539 
11100 3556 3543 
11150 3530 3502 
11200 3544 3507 
11250 3554 3496 
11300 3543 3494 
11350 3541 3455 
11400 3544 3434 
11450 3523 3412 
11500 3544 3435 
11550 3547 3506 
11600 3544 3525 
11650 3555 3556 
11700 3552 3556 
11750 3542 3539 
11800 3556 3555 
11850 3546 3549 
11900 3553 3553 
11950 3534 3536 
12000 3543 3538 
12050 3530 3532 
12100 3552 3552 
12150 3559 3534 
12200 3539 3506 
12250 3542 3519 
12300 3550 3519 
12350 3556 3520 
12400 3564 3531 
12450 3539 3495 
12500 3559 3516 
12550 3550 3531 
12600 3553 3545 
12650 3542 3542 
12700 3546 3547 
12750 3548 3550 
12800 3535 3541 
12850 3545 3541 
12900 3550 3551 
12950 3559 3556 
13000 3545 3543 
13050 3552 3550 
13100 3557 3538 
13150 3544 3512 
13200 3533 3487 
13250 3544 3453 
13300 3533 3429 
13350 3526 3407 
13400 3549 3412 
13450 3542 3383 
13500 3546 3353 
13550 3541 3455 
13600 3546 3522 
13650 3555 3542 
13700 3551 3548 
13750 3550 3546 
13800 3539 3547 
13850 3538 3538 
13900 3545 3544 
13950 3545 3547 
14000 3549 3546 
14050 3541 3537 
14100 3545 3533 
14150 3541 3531 
14200 3538 3508 
14250 3542 3487 
14300 3542 3466 
14350 3556 3475 
14400 3534 3446 
14450 3544 3462 
14500 3538 3448 
14550 3541 3481 
14600 3545 3516 
14650 3542 3531 
14700 3535 3533 
14750 3547 3548 
14800 3551 3554 
14850 3556 3550 
14900 3547 3543 
14950 3537 3544 
15000 3537 3536 
15050 3555 3547 
15100 3565 3539 
15150 3541 3522 
15200 3557 3538 
15250 3543 3527 
15300 3554 3523 
15350 3555 3508 
15400 3534 3468 
15450 3528 3452 
15500 3552 3456 
15550 3549 3496 
15600 3546 3533 
15650 3554 3548 
15700 3549 3556 
15750 3550 3549 
15800 3558 3547 
15850 3530 3533 
15900 3559 3561 
15950 3546 3548 
16000 3554 3553 
16050 3560 3560 
16100 3543 3535 
16150 3550 3527 
16200 3529 3484 
16250 3550 3500 
16300 3564 3492 
16350 3553 3487 
16400 3541 3469 
16450 3530 3452 
16500 3542 3461 
16550 3545 3519 
16600 3552 3548 
16650 3545 3548 
16700 3560 3555 
16750 3540 3531 
16800 3543 3540 
16850 3543 3538 
16900 3551 3548 
16950 3551 3548 
17000 3553 3547 
17050 3539 3543 
17100 3547 3544 
17150 3555 3541 
17200 3552 3508 
17250 3549 3479 
17300 3538 3460 
17350 3534 3448 
17400 3527 3447 
17450 3540 3436 
17500 3557 3423 
17550 3530 3448 
17600 3540 3491 
17650 3546 3523 
17700 3537 3532 
17750 3554 3550 
17800 3557 3560 
17850 3558 3557 
17900 3559 3552 
17950 3558 3553 
18000 3542 3532 
18050 3544 3536 
18100 3544 3535 
18150 3533 3519 
18200 3542 3528 
18250 3536 3511 
18300 3525 3504 
18350 3536 3514 
18400 3542 3517 
18450 3548 3528 
18500 3555 3537 
18550 3537 3528 
18600 3562 3554 
18650 3531 3533 
18700 3549 3552 
18750 3557 3557 
18800 3547 3551 
18850 3542 3540 
18900 3549 3545 
18950 3550 3546 
19000 3550 3553 
19050 3528 3534 
19100 3555 3551 
19150 3540 3526 
19200 3543 3520 
19250 3556 3524 
19300 3544 3522 
19350 3520 3495 
19400 3546 3522 
19450 3546 3516 
19500 3541 3526 
19550 3554 3544 
19600 3533 3532 
19650 3554 3557 
19700 3553 3548 
19750 3545 3542 
19800 3543 3536 
19850 3540 3537 
19900 3547 3548 
19950 3555 3549 
20000 3534 3535 
20050 3541 3533 
20100 3547 3535 
20150 3559 3549 
20200 3546 3539 
20250 3544 3530 
20300 3542 3511 
20350 3538 3525 
20400 3537 3504 
20450 3549 3512 
20500 3545 3506 
20550 3556 3529 
20600 3546 3541 
20650 3546 3546 
20700 3557 3556 
20750 3555 3557 
20800 3544 3545 
20850 3572 3565 
20900 3523 3516 
20950 3561 3559 
21000 3551 3550 
21050 3559 3555 
21100 3556 3534 
21150 3540 3516 
21200 3549 3519 
21250 3548 3513 
21300 3562 3520 
21350 3550 3502 
21400 3541 3490 
21450 3557 3505 
21500 3547 3504 
21550 3539 3523 
21600 3531 3525 
21650 3552 3544 
21700 3551 3556 
21750 3559 3564 
21800 3543 3550 
21850 3572 3568 
21900 3533 3540 
21950 3548 3554 
22000 3535 3536 
22050 3525 3525 
22100 3555 3547 
22150 3540 3528 
22200 3529 3512 
22250 3556 3522 
22300 3545 3507 
22350 3540 3503 
22400 3540 3499 
22450 3545 3502 
22500 3538 3482 
22550 3560 3530 
22600 3541 3530 
22650 3550 3555 
22700 3561 3559 
22750 3546 3544 
22800 3559 3553 
22850 3550 3544 
22900 3551 3553 
22950 3547 3547 
23000 3547 3549 
23050 3547 3549 
23100 3564 3555 
23150 3550 3529 
23200 3557 3523 
23250 3558 3511 
23300 3562 3514 
23350 3552 3480 
23400 3546 3460 
23450 3557 3482 
23500 3559 3469 
23550 3547 3520 
23600 3556 3551 
23650 3550 3556 
23700 3548 3547 
23750 3536 3545 
23800 3542 3540 
23850 3545 3548 
23900 3547 3546 
23950 3551 3557 
24000 3554 3555 
24050 3544 3543 
24100 3543 3514 
24150 3538 3504 
24200 3563 3524 
24250 3547 3502 
24300 3541 3494 
24350 3535 3453 
24400 3541 3437 
24450 3535 3418 
24500 3555 3424 
24550 3554 3500 
24600 3542 3530 
24650 3568 3568 
24700 3544 3549 
24750 3546 3547 
24800 3552 3550 
24850 3549 3549 
24900 3547 3554 
24950 3555 3561 
25000 3523 3524 
25050 3540 3540 
25100 3558 3549 
25150 3549 3528 
25200 3547 3505 
25250 3557 3491 
25300 3567 3487 
25350 3549 3445 
25400 3545 3412 
25450 3548 3413 
25500 3556 3426 
25550 3551 3504 
25600 3549 3548 
25650 3551 3552 
25700 3551 3555 
25750 3542 3551 
25800 3540 3545 
25850 3547 3546 
25900 3556 3555 
25950 3555 3553 
26000 3537 3539 
26050 3547 3541 
26100 3551 3518 
26150 3538 3472 
26200 3528 3448 
26250 3540 3432 
26300 3560 3433 
26350 3552 3411 
26400 3550 3394 
26450 3558 3405 
26500 3538 3347 
26550 3541 3453 
26600 3554 3543 
26650 3553 3554 
26700 3564 3557 
26750 3566 3563 
26800 3539 3536 
26850 3556 3555 
26900 3560 3557 
26950 3549 3549 
27000 3544 3545 
27050 3536 3538 
27100 3551 3538 
27150 3568 3546 
27200 3551 3508 
27250 3557 3493 
27300 3546 3500 
27350 3550 3492 
27400 3548 3486 
27450 3547 3479 
27500 3548 3464 
27550 3559 3530 
27600 3562 3556 
27650 3550 3542 
27700 3546 3548 
27750 3558 3555 
27800 3546 3549 
27850 3532 3540 
27900 3558 3555 
27950 3553 3555 
28000 3529 3527 
28050 3557 3558 
28100 3542 3532 
28150 3555 3536 
28200 3550 3518 
28250 3545 3488 
28300 3552 3452 
28350 3550 3428 
28400 3544 3390 
28450 3543 3357 
28500 3553 3359 
28550 3560 3461 
28600 3555 3529 
28650 3542 3545 
28700 3542 3539 
28750 3548 3549 
28800 3548 3543 
28850 3539 3541 
28900 3543 3551 
28950 3539 3538 
29000 3557 3554 
29050 3555 3554 
29100 3535 3530 
29150 3554 3545 
29200 3554 3524 
29250 3555 3510 
29300 3562 3493 
29350 3541 3451 
29400 3554 3425 
29450 3545 3393 
29500 3564 3419 
29550 3551 3499 
29600 3550 3542 
29650 3546 3548 
29700 3555 3550 
29750 3546 3545 
29800 3549 3547 
29850 3560 3554 
29900 3536 3538 
29950 3546 3558 
30000 3559 3561 
30050 3550 3541 
30100 3544 3534 
30150 3553 3523 
30200 3554 3497 
30250 3543 3490 
30300 3555 3492 
30350 3550 3480 
30400 3538 3496 
30450 3554 3518 
30500 3545 3498 
30550 3548 3536 
30600 3550 3541 
30650 3561 3559 
30700 3560 3553 
30750 3542 3540 
30800 3545 3547 
30850 3564 3561 
30900 3548 3550 
30950 3551 3557 
31000 3564 3568 
31050 3533 3532 
31100 3550 3535 
31150 3543 3509 
31200 3554 3499 
31250 3548 3479 
31300 3551 3514 
31350 3545 3514 
31400 3551 3513 
31450 3553 3478 
31500 3542 3470 
31550 3559 3543 
31600 3537 3541 
31650 3548 3552 
31700 3535 3533 
31750 3549 3551 
31800 3543 3540 
31850 3550 3551 
31900 3547 3546 
31950 3564 3565 
32000 3552 3553 
32050 3545 3540 
32100 3545 3508 
32150 3572 3504 
32200 3558 3494 
32250 3536 3491 
32300 3544 3484 
32350 3558 3452 
32400 3545 3427 
32450 3545 3400 
32500 3543 3396 
32550 3548 3499 
32600 3544 3532 
32650 3547 3544 
32700 3569 3560 
32750 3562 3564 
32800 3545 3544 
32850 3556 3558 
32900 3555 3553 
32950 3545 3549 
33000 3551 3555 
33050 3545 3543 
33100 3559 3532 
33150 3563 3519 
33200 3546 3494 
33250 3559 3506 
33300 3557 3477 
33350 3529 3444 
33400 3531 3418 
33450 3537 3384 
33500 3546 3310 
33550 3547 3490 
33600 3541 3537 
33650 3544 3544 
33700 3553 3553 
33750 3551 3551 
33800 3541 3537 
33850 3554 3552 
33900 3549 3546 
33950 3544 3551 
34000 3550 3553 
34050 3553 3545 
34100 3548 3505 
34150 3552 3505 
34200 3559 3479 
34250 3553 3492 
34300 3560 3486 
34350 3555 3462 
34400 3556 3458 
34450 3543 3447 
34500 3541 3418 
34550 3539 3508 
34600 3537 3534 
34650 3550 3550 
34700 3558 3548 
34750 3539 3538 
34800 3553 3556 
34850 3535 3533 
34900 3554 3552 
34950 3561 3560 
35000 3556 3561 
35050 3554 3541 
35100 3541 3500 
35150 3549 3500 
35200 3557 3480 
35250 3560 3434 
35300 3542 3399 
35350 3541 3345 
35400 3551 3338 
35450 3545 3290 
35500 3552 3308 
35550 3530 3467 
35600 3528 3527 
35650 3555 3556 
35700 3545 3540 
35750 3547 3546 
35800 3551 3550 
35850 3546 3547 
35900 3560 3555 
35950 3562 3560 
36000 3559 3555 
36050 3551 3543 
36100 3539 3518 
36150 3546 3508 
36200 3535 3481 
36250 3560 3465 
36300 3548 3439 
36350 3553 3432 
36400 3549 3416 
36450 3565 3426 
36500 3542 3385 
36550 3551 3494 
36600 3569 3560 
36650 3531 3539 
36700 3551 3551 
36750 3561 3565 
36800 3537 3541 
36850 3547 3549 
36900 3562 3560 
36950 3548 3550 
37000 3543 3546 
37050 3553 3536 
37100 3524 3482 
37150 3538 3469 
37200 3543 3441 
37250 3535 3415 
37300 3554 3397 
37350 3555 3358 
37400 3554 3342 
37450 3542 3314 
37500 3558 3315 
37550 3551 3474 
37600 3544 3545 
37650 3559 3565 
37700 3549 3551 
37750 3549 3556 
37800 3553 3549 
37850 3549 3549 
37900 3549 3547 
37950 3536 3539 
38000 3555 3547 
38050 3547 3537 
38100 3555 3521 
38150 3549 3518 
38200 3551 3516 
38250 3553 3492 
38300 3542 3456 
38350 3557 3431 
38400 3559 3431 
38450 3556 3454 
38500 3531 3400 
38550 3543 3507 
38600 3545 3541 
38650 3551 3547 
38700 3555 3558 
38750 3553 3555 
38800 3560 3559 
38850 3563 3556 
38900 3544 3546 
38950 3539 3538 
39000 3556 3559 
39050 3559 3550 
39100 3564 3542 
39150 3553 3512 
39200 3537 3491 
39250 3535 3448 
39300 3558 3470 
39350 3548 3442 
39400 3549 3425 
39450 3551 3411 
39500 3539 3376 
39550 3537 3487 
39600 3547 3538 
39650 3552 3549 
39700 3549 3542 
39750 3546 3547 
39800 3546 3547 
39850 3547 3551 
39900 3562 3557 
39950 3553 3554 
40000 3555 3558 
40050 3551 3542 
40100 3551 3523 
40150 3558 3529 
40200 3529 3484 
40250 3546 3486 
40300 3565 3521 
40350 3556 3475 
40400 3530 3438 
40450 3528 3441 
40500 3554 3460 
40550 3556 3521 
40600 3544 3542 
40650 3556 3559 
40700 3520 3521 
40750 3538 3537 
40800 3564 3564 
40850 3563 3562 
40900 3564 3557 
40950 3564 3561 
41000 3558 3563 
41050 3549 3542 
41100 3566 3532 
41150 3545 3505 
41200 3556 3475 
41250 3544 3457 
41300 3552 3422 
41350 3564 3418 
41400 3549 3408 
41450 3544 3415 
41500 3553 3398 
41550 3545 3489 
41600 3548 3546 
41650 3556 3550 
41700 3566 3563 
41750 3551 3555 
41800 3554 3550 
41850 3555 3550 
41900 3542 3541 
41950 3559 3560 
42000 3547 3548 
42050 3547 3542 
42100 3555 3510 
42150 3551 3481 
42200 3566 3487 
42250 3565 3465 
42300 3550 3448 
42350 3558 3449 
42400 3570 3460 
42450 3551 3395 
42500 3555 3385 
42550 3552 3497 
42600 3554 3551 
42650 3537 3538 
42700 3524 3530 
42750 3547 3548 
42800 3555 3552 
42850 3536 3538 
42900 3531 3537 
42950 3546 3542 
43000 3551 3555 
43050 3530 3529 
43100 3544 3529 
43150 3554 3528 
43200 3545 3518 
43250 3540 3486 
43300 3555 3478 
43350 3550 3473 
43400 3547 3453 
43450 3558 3426 
43500 3542 3410 
43550 3549 3510 
43600 3555 3547 
43650 3547 3544 
43700 3546 3550 
43750 3565 3562 
43800 3562 3557 
43850 3546 3554 
43900 3554 3554 
43950 3547 3539 
44000 3546 3545 
44050 3562 3555 
44100 3561 3537 
44150 3554 3501 
44200 3541 3493 
44250 3538 3477 
44300 3568 3468 
44350 3551 3449 
44400 3559 3443 
44450 3554 3416 
44500 3552 3399 
44550 3557 3505 
44600 3551 3541 
44650 3559 3558 
44700 3545 3555 
44750 3541 3542 
44800 3543 3542 
44850 3549 3552 
44900 3555 3550 
44950 3556 3555 
45000 3537 3535 
45050 3556 3545 
45100 3565 3530 
45150 3546 3476 
45200 3558 3485 
45250 3552 3477 
45300 3541 3459 
45350 3544 3452 
45400 3559 3456 
45450 3548 3439 
45500 3537 3428 
45550 3535 3496 
45600 3558 3554 
45650 3554 3554 
45700 3536 3544 
45750 3546 3545 
45800 3547 3551 
45850 3538 3542 
45900 3542 3534 
45950 3541 3540 
46000 3541 3537 
46050 3549 3545 
46100 3553 3533 
46150 3554 3509 
46200 3531 3453 
46250 3536 3474 
46300 3569 3498 
46350 3535 3449 
46400 3546 3452 
46450 3557 3452 
46500 3557 3431 
46550 3547 3507 
46600 3562 3551 
46650 3553 3554 
46700 3550 3546 
46750 3552 3547 
46800 3557 3548 
46850 3559 3560 
46900 3564 3567 
46950 3551 3558 
47000 3540 3540 
47050 3543 3533 
47100 3557 3554 
47150 3563 3542 
47200 3555 3522 
47250 3568 3530 
47300 3562 3512 
47350 3540 3471 
47400 3565 3470 
47450 3562 3476 
47500 3561 3441 
47550 3562 3523 
47600 3549 3542 
47650 3550 3551 
47700 3546 3548 
47750 3544 3544 
47800 3558 3557 
47850 3555 3555 
47900 3559 3554 
47950 3557 3562 
48000 3558 3550 
48050 3543 3528 
48100 3540 3505 
48150 3532 3445 
48200 3549 3424 
48250 3543 3410 
48300 3548 3406 
48350 3546 3406 
48400 3554 3421 
48450 3545 3372 
48500 3524 3366 
48550 3529 3487 
48600 3529 3516 
48650 3544 3549 
48700 3551 3546 
48750 3535 3538 
48800 3552 3556 
48850 3551 3544 
48900 3557 3545 
48950 3559 3558 
49000 3548 3552 
49050 3558 3559 
49100 3550 3546 
49150 3548 3537 
49200 3552 3534 
49250 3557 3529 
49300 3558 3522 
49350 3556 3518 
49400 3556 3504 
49450 3553 3478 
49500 3545 3442 
49550 3555 3534 
49600 3557 3545 
49650 3543 3545 
49700 3543 3540 
49750 3534 3540 
49800 3548 3549 
49850 3564 3562 
49900 3549 3550 
49950 3552 3555 
50000 3531 3537 
50050 3556 3558 
50100 3555 3543 
50150 3554 3518 
50200 3545 3499 
50250 3552 3497 
50300 3555 3499 
50350 3546 3466 
50400 3549 3401 
50450 3528 3393 
50500 3533 3386 
50550 3553 3503 
50600 3548 3549 
50650 3559 3558 
50700 3561 3554 
50750 3561 3560 
50800 3549 3549 
50850 3555 3549 
50900 3549 3548 
50950 3562 3563 
51000 3544 3546 
51050 3566 3550 
51100 3552 3532 
51150 3549 3520 
51200 3549 3512 
51250 3539 3505 
51300 3550 3494 
51350 3558 3484 
51400 3542 3468 
51450 3565 3465 
51500 3544 3450 
51550 3533 3505 
51600 3542 3538 
51650 3558 3557 
51700 3545 3538 
51750 3546 3542 
51800 3559 3555 
51850 3563 3559 
51900 3550 3557 
51950 3551 3551 
52000 3563 3558 
52050 3552 3523 
52100 3547 3520 
52150 3531 3467 
52200 3540 3466 
52250 3549 3429 
52300 3545 3436 
52350 3552 3437 
52400 3547 3416 
52450 3543 3448 
52500 3552 3467 
52550 3551 3514 
52600 3540 3538 
52650 3555 3551 
52700 3558 3557 
52750 3549 3549 
52800 3560 3558 
52850 3558 3560 
52900 3558 3556 
52950 3544 3543 
53000 3557 3555 
53050 3556 3543 
53100 3548 3521 
53150 3547 3474 
53200 3552 3472 
53250 3544 3459 
53300 3547 3460 
53350 3546 3474 
53400 3545 3471 
53450 3550 3474 
53500 3557 3453 
53550 3541 3515 
53600 3546 3547 
53650 3542 3533 
53700 3547 3544 
53750 3546 3550 
53800 3548 3546 
53850 3563 3557 
53900 3531 3528 
53950 3554 3550 
54000 3535 3537 
54050 3546 3532 
54100 3545 3492 
54150 3547 3458 
54200 3556 3471 
54250 3547 3478 
54300 3547 3465 
54350 3564 3449 
54400 3547 3385 
54450 3550 3399 
54500 3546 3412 
54550 3549 3517 
54600 3546 3544 
54650 3559 3557 
54700 3539 3548 
54750 3546 3550 
54800 3538 3543 
54850 3541 3538 
54900 3564 3555 
54950 3564 3554 
55000 3557 3551 
55050 3542 3518 
55100 3566 3518 
55150 3556 3504 
55200 3550 3504 
55250 3536 3478 
55300 3553 3473 
55350 3549 3473 
55400 3549 3492 
55450 3569 3483 
55500 3561 3478 
55550 3539 3522 
55600 3553 3550 
55650 3541 3546 
55700 3550 3548 
55750 3542 3547 
55800 3550 3548 
55850 3541 3539 
55900 3572 3564 
55950 3534 3530 
56000 3540 3536 
56050 3550 3546 
56100 3545 3513 
56150 3542 3535 
56200 3547 3518 
56250 3553 3508 
56300 3559 3497 
56350 3560 3500 
56400 3547 3457 
56450 3543 3409 
56500 3556 3398 
56550 3534 3480 
56600 3542 3536 
56650 3549 3547 
56700 3550 3546 
56750 3564 3560 
56800 3549 3550 
56850 3550 3543 
56900 3544 3542 
56950 3531 3537 
57000 3534 3540 
57050 3533 3521 
57100 3553 3531 
57150 3554 3543 
57200 3569 3555 
57250 3541 3533 
57300 3555 3516 
57350 3543 3515 
57400 3557 3537 
57450 3543 3512 
57500 3551 3527 
57550 3541 3535 
57600 3538 3532 
57650 3549 3551 
57700 3565 3557 
57750 3555 3538 
57800 3567 3565 
57850 3566 3568 
57900 3543 3542 
57950 3555 3558 
58000 3549 3542 
58050 3548 3524 
58100 3549 3501 
58150 3548 3520 
58200 3553 3504 
58250 3550 3475 
58300 3546 3414 
58350 3550 3391 
58400 3549 3397 
58450 3548 3390 
58500 3572 3407 
58550 3545 3510 
58600 3551 3541 
58650 3554 3554 
58700 3564 3565 
58750 3555 3553 
58800 3555 3550 
58850 3554 3553 
58900 3552 3548 
58950 3562 3565 
59000 3541 3542 
59050 3528 3523 
59100 3550 3531 
59150 3550 3532 
59200 3553 3517 
59250 3548 3507 
59300 3539 3500 
59350 3544 3488 
59400 3544 3494 
59450 3558 3495 
59500 3539 3485 
59550 3553 3542 
59600 3552 3548 
59650 3564 3564 
59700 3542 3541 
59750 3523 3527 
59800 3545 3542 
59850 3549 3548 
59900 3557 3550 
59950 3545 3541 
60000 3541 3548 
60050 3557 3556 
60100 3560 3540 
60150 3563 3524 
60200 3563 3503 
60250 3558 3513 
60300 3559 3514 
60350 3541 3495 
60400 3540 3466 
60450 3542 3458 
60500 3537 3450 
60550 3553 3528 
60600 3545 3541 
60650 3553 3547 
60700 3552 3550 
60750 3547 3547 
60800 3550 3551 
60850 3550 3552 
60900 3564 3556 
60950 3548 3545 
61000 3567 3562 
61050 3551 3537 
61100 3554 3494 
61150 3552 3480 
61200 3535 3442 
61250 3566 3450 
61300 3556 3478 
61350 3551 3462 
61400 3560 3486 
61450 3547 3464 
61500 3544 3459 
61550 3543 3528 
61600 3553 3556 
61650 3557 3560 
61700 3556 3556 
61750 3554 3555 
61800 3533 3536 
61850 3522 3524 
61900 3552 3556 
61950 3557 3563 
62000 3559 3550 
62050 3559 3547 
62100 3548 3510 
62150 3546 3489 
62200 3536 3471 
62250 3535 3466 
62300 3553 3448 
62350 3559 3437 
62400 3559 3439 
62450 3552 3441 
62500 3552 3408 
62550 3556 3511 
62600 3564 3557 
62650 3558 3560 
62700 3557 3560 
62750 3549 3555 
62800 3544 3547 
62850 3563 3559 
62900 3557 3556 
62950 3543 3542 
63000 3537 3541 
63050 3554 3544 
63100 3560 3533 
63150 3555 3498 
63200 3557 3468 
63250 3557 3490 
63300 3539 3492 
63350 3557 3490 
63400 3538 3458 
63450 3556 3460 
63500 3542 3460 
63550 3551 3534 
63600 3553 3550 
63650 3536 3548 
63700 3545 3546 
63750 3564 3554 
63800 3554 3552 
63850 3556 3549 
63900 3552 3541 
63950 3562 3562 
64000 3533 3527 
64050 3560 3549 
64100 3545 3514 
64150 3558 3511 
64200 3550 3493 
64250 3543 3435 
64300 3560 3415 
64350 3543 3448 
64400 3552 3438 
64450 3562 3442 
64500 3549 3431 
64550 3544 3508 
64600 3553 3551 
64650 3546 3551 
64700 3560 3558 
64750 3553 3548 
64800 3551 3548 
64850 3564 3563 
64900 3557 3568 
64950 3564 3563 
65000 3557 3552 
65050 3554 3531 
65100 3565 3524 
65150 3540 3478 
65200 3535 3457 
65250 3539 3428 
65300 3542 3424 
65350 3556 3410 
65400 3540 3374 
65450 3558 3329 
65500 3539 3279 
65550 3564 3504 
65600 3543 3537 
65650 3547 3552 
65700 3532 3536 
65750 3561 3563 
65800 3543 3546 
65850 3548 3549 
65900 3556 3560 
65950 3541 3533 
66000 3536 3532 
66050 3528 3516 
66100 3542 3509 
66150 3545 3502 
66200 3549 3490 
66250 3548 3457 
66300 3537 3453 
66350 3542 3472 
66400 3547 3488 
66450 3546 3491 
66500 3549 3468 
66550 3545 3530 
66600 3541 3543 
66650 3549 3547 
66700 3553 3550 
66750 3560 3556 
66800 3565 3571 
66850 3559 3564 
66900 3551 3540 
66950 3561 3552 
67000 3554 3549 
67050 3542 3526 
67100 3554 3523 
67150 3550 3516 
67200 3552 3497 
67250 3552 3479 
67300 3549 3477 
67350 3536 3428 
67400 3546 3447 
67450 3553 3466 
67500 3554 3449 
67550 3535 3526 
67600 3546 3545 
67650 3530 3538 
67700 3545 3547 
67750 3553 3552 
67800 3554 3546 
67850 3545 3550 
67900 3556 3556 
67950 3561 3566 
68000 3549 3550 
68050 3554 3532 
68100 3555 3530 
68150 3556 3552 
68200 3533 3520 
68250 3517 3476 
68300 3552 3482 
68350 3547 3440 
68400 3551 3409 
68450 3552 3393 
68500 3542 3383 
68550 3531 3489 
68600 3554 3552 
68650 3551 3545 
68700 3549 3547 
68750 3554 3558 
68800 3551 3544 
68850 3550 3549 
68900 3542 3539 
68950 3544 3549 
69000 3558 3562 
69050 3539 3524 
69100 3542 3520 
69150 3546 3513 
69200 3573 3516 
69250 3550 3477 
69300 3548 3439 
69350 3550 3445 
69400 3543 3441 
69450 3545 3433 
69500 3542 3424 
69550 3543 3512 
69600 3544 3540 
69650 3544 3546 
69700 3558 3555 
69750 3548 3546 
69800 3557 3559 
69850 3554 3556 
69900 3557 3550 
69950 3565 3559 
70000 3536 3533 
70050 3534 3533 
70100 3544 3533 
70150 3552 3524 
70200 3558 3528 
70250 3559 3511 
70300 3556 3503 
70350 3561 3491 
70400 3551 3445 
70450 3565 3435 
70500 3549 3382 
70550 3554 3501 
70600 3538 3529 
70650 3537 3542 
70700 3550 3550 
70750 3559 3557 
70800 3552 3552 
70850 3555 3560 
70900 3550 3549 
70950 3538 3538 
71000 3540 3538 
71050 3543 3530 
71100 3551 3529 
71150 3541 3500 
71200 3549 3485 
71250 3563 3519 
71300 3568 3510 
71350 3556 3471 
71400 3546 3434 
71450 3545 3447 
71500 3550 3438 
71550 3545 3487 
71600 3538 3532 
71650 3557 3553 
71700 3554 3555 
71750 3553 3558 
71800 3543 3541 
71850 3551 3549 
71900 3543 3548 
71950 3546 3546 
72000 3543 3542 
72050 3545 3537 
72100 3542 3492 
72150 3548 3470 
72200 3538 3427 
72250 3546 3389 
72300 3563 3393 
72350 3551 3354 
72400 3558 3313 
72450 3559 3338 
72500 3552 3318 
72550 3553 3449 
72600 3544 3537 
72650 3555 3566 
72700 3555 3549 
72750 3544 3538 
72800 3539 3536 
72850 3557 3552 
72900 3556 3557 
72950 3565 3563 
73000 3558 3551 
73050 3561 3549 
73100 3555 3546 
73150 3544 3532 
73200 3558 3532 
73250 3549 3539 
73300 3533 3513 
73350 3536 3506 
73400 3552 3498 
73450 3550 3462 
73500 3541 3439 
73550 3547 3534 
73600 3559 3561 
73650 3550 3557 
73700 3546 3548 
73750 3545 3545 
73800 3546 3549 
73850 3547 3544 
73900 3543 3538 
73950 3556 3553 
74000 3562 3560 
74050 3546 3531 
74100 3549 3512 
74150 3552 3495 
74200 3560 3509 
74250 3559 3483 
74300 3553 3449 
74350 3568 3463 
74400 3550 3418 
74450 3550 3433 
74500 3545 3415 
74550 3564 3535 
74600 3552 3536 
74650 3551 3540 
74700 3557 3554 
74750 3539 3536 
74800 3538 3536 
74850 3562 3566 
74900 3540 3541 
74950 3555 3557 
75000 3551 3559 
75050 3555 3543 
75100 3553 3520 
75150 3561 3487 
75200 3539 3437 
75250 3552 3463 
75300 3558 3424 
75350 3550 3441 
75400 3549 3440 
75450 3557 3457 
75500 3566 3380 
75550 3552 3509 
75600 3548 3545 
75650 3552 3550 
75700 3550 3552 
75750 3547 3548 
75800 3546 3549 
75850 3557 3557 
75900 3551 3548 
75950 3553 3555 
76000 3556 3552 
76050 3555 3551 
76100 3558 3541 
76150 3529 3508 
76200 3557 3527 
76250 3563 3529 
76300 3543 3476 
76350 3549 3456 
76400 3541 3455 
76450 3548 3463 
76500 3555 3445 
76550 3551 3518 
76600 3545 3548 
76650 3546 3548 
76700 3558 3557 
76750 3552 3553 
76800 3552 3556 
76850 3540 3547 
76900 3548 3550 
76950 3540 3535 
77000 3542 3543 
77050 3540 3533 
77100 3553 3507 
77150 3551 3494 
77200 3560 3485 
77250 3546 3474 
77300 3536 3456 
77350 3549 3455 
77400 3549 3426 
77450 3550 3405 
77500 3539 3345 
77550 3546 3503 
77600 3565 3558 
77650 3534 3533 
77700 3536 3534 
77750 3559 3561 
77800 3526 3525 
77850 3544 3545 
77900 3550 3547 
77950 3553 3550 
78000 3559 3561 
78050 3553 3558 
78100 3573 3572 
78150 3551 3534 
78200 3533 3516 
78250 3563 3523 
78300 3560 3529 
78350 3556 3507 
78400 3556 3494 
78450 3547 3479 
78500 3538 3451 
78550 3555 3516 
78600 3544 3533 
78650 3551 3547 
78700 3555 3556 
78750 3542 3544 
78800 3541 3541 
78850 3558 3562 
78900 3542 3549 
78950 3562 3561 
79000 3558 3565 
79050 3542 3549 
79100 3542 3521 
79150 3551 3512 
79200 3553 3503 
79250 3561 3474 
79300 3559 3481 
79350 3542 3441 
79400 3554 3425 
79450 3549 3401 
79500 3546 3365 
79550 3550 3505 
79600 3549 3548 
79650 3548 3543 
79700 3559 3561 
79750 3551 3547 
79800 3558 3554 
79850 3559 3562 
79900 3541 3540 
79950 3552 3546 
80000 3557 3554 
80050 3557 3549 
80100 3555 3521 
80150 3544 3500 
80200 3554 3511 
80250 3540 3480 
80300 3562 3476 
80350 3553 3432 
80400 3552 3406 
80450 3538 3394 
80500 3545 3378 
80550 3550 3513 
80600 3533 3533 
80650 3544 3539 
80700 3562 3555 
80750 3565 3562 
80800 3557 3557 
80850 3571 3574 
80900 3563 3562 
80950 3558 3557 
81000 3540 3545 
81050 3553 3539 
81100 3550 3515 
81150 3545 3504 
81200 3560 3487 
81250 3551 3462 
81300 3543 3430 
81350 3552 3419 
81400 3551 3402 
81450 3539 3357 
81500 3540 3314 
81550 3532 3474 
81600 3548 3537 
81650 3545 3543 
81700 3564 3562 
81750 3546 3543 
81800 3560 3557 
81850 3555 3546 
81900 3551 3551 
81950 3554 3553 
82000 3537 3538 
82050 3544 3542 
82100 3554 3536 
82150 3537 3528 
82200 3546 3533 
82250 3550 3512 
82300 3566 3491 
82350 3557 3461 
82400 3548 3433 
82450 3548 3402 
82500 3547 3403 
82550 3533 3490 
82600 3553 3555 
82650 3551 3546 
82700 3559 3556 
82750 3527 3534 
82800 3577 3573 
82850 3552 3549 
82900 3544 3544 
82950 3542 3545 
83000 3539 3540 
83050 3572 3564 
83100 3561 3543 
83150 3548 3528 
83200 3549 3501 
83250 3547 3480 
83300 3558 3482 
83350 3543 3473 
83400 3553 3481 
83450 3542 3445 
83500 3548 3450 
83550 3543 3494 
83600 3549 3541 
83650 3562 3559 
83700 3554 3566 
83750 3545 3550 
83800 3546 3540 
83850 3545 3544 
83900 3538 3540 
83950 3557 3557 
84000 3547 3543 
84050 3556 3539 
84100 3560 3559 
84150 3549 3539 
84200 3560 3520 
84250 3541 3493 
84300 3559 3511 
84350 3559 3480 
84400 3538 3444 
84450 3550 3401 
84500 3533 3380 
84550 3549 3506 
84600 3539 3545 
84650 3550 3542 
84700 3557 3561 
84750 3539 3533 
84800 3547 3549 
84850 3543 3543 
84900 3548 3550 
84950 3551 3553 
85000 3548 3547 
85050 3559 3561 
85100 3556 3556 
85150 3538 3527 
85200 3546 3525 
85250 3558 3533 
85300 3554 3517 
85350 3551 3522 
85400 3555 3521 
85450 3552 3520 
85500 3554 3500 
85550 3562 3552 
85600 3558 3558 
85650 3545 3544 
85700 3557 3558 
85750 3555 3554 
85800 3536 3532 
85850 3538 3540 
85900 3540 3547 
85950 3567 3570 
86000 3553 3551 
86050 3545 3538 
86100 3547 3521 
86150 3566 3530 
86200 3554 3488 
86250 3550 3483 
86300 3556 3473 
86350 3553 3473 
86400 3545 3477 
86450 3553 3482 
86500 3544 3453 
86550 3551 3512 
86600 3542 3530 
86650 3560 3549 
86700 3550 3550 
86750 3551 3560 
86800 3562 3554 
86850 3557 3551 
86900 3573 3569 
86950 3559 3562 
87000 3549 3551 
87050 3550 3535 
87100 3549 3516 
87150 3562 3511 
87200 3552 3499 
87250 3566 3499 
87300 3551 3457 
87350 3559 3427 
87400 3561 3414 
87450 3554 3370 
87500 3558 3383 
87550 3553 3484 
87600 3565 3551 
87650 3544 3542 
87700 3551 3542 
87750 3557 3559 
87800 3544 3555 
87850 3526 3531 
87900 3555 3557 
87950 3566 3564 
88000 3539 3539 
88050 3557 3556 
88100 3562 3546 
88150 3554 3499 
88200 3552 3472 
88250 3557 3468 
88300 3535 3416 
88350 3561 3448 
88400 3546 3434 
88450 3552 3430 
88500 3561 3402 
88550 3543 3515 
88600 3553 3540 
88650 3543 3542 
88700 3547 3551 
88750 3558 3562 
88800 3562 3560 
88850 3540 3547 
88900 3556 3557 
88950 3552 3556 
89000 3560 3557 
89050 3535 3526 
89100 3561 3526 
89150 3548 3511 
89200 3553 3485 
89250 3552 3471 
89300 3564 3496 
89350 3555 3479 
89400 3546 3454 
89450 3548 3430 
89500 3562 3448 
89550 3547 3511 
89600 3551 3548 
89650 3540 3537 
89700 3547 3546 
89750 3544 3538 
89800 3551 3542 
89850 3553 3551 
89900 3555 3549 
89950 3556 3554 
90000 3550 3555 
90050 3549 3538 
90100 3544 3508 
90150 3545 3517 
90200 3560 3500 
90250 3552 3479 
90300 3540 3462 
90350 3559 3486 
90400 3534 3443 
90450 3557 3437 
90500 3546 3401 
90550 3541 3507 
90600 3543 3539 
90650 3535 3534 
90700 3549 3550 
90750 3548 3552 
90800 3550 3552 
90850 3550 3554 
90900 3554 3549 
90950 3562 3558 
91000 3560 3561 
91050 3567 3558 
91100 3554 3534 
91150 3556 3525 
91200 3551 3518 
91250 3552 3525 
91300 3531 3472 
91350 3550 3480 
91400 3554 3460 
91450 3531 3432 
91500 3550 3441 
91550 3560 3514 
91600 3548 3537 
91650 3548 3550 
91700 3540 3539 
91750 3549 3558 
91800 3546 3551 
91850 3552 3554 
91900 3555 3554 
91950 3541 3547 
92000 3565 3562 
92050 3547 3539 
92100 3544 3531 
92150 3558 3536 
92200 3564 3542 
92250 3538 3487 
92300 3541 3480 
92350 3542 3460 
92400 3540 3435 
92450 3549 3399 
92500 3548 3407 
92550 3547 3514 
92600 3555 3551 
92650 3549 3543 
92700 3559 3562 
92750 3548 3539 
92800 3534 3539 
92850 3549 3550 
92900 3545 3548 
92950 3552 3555 
93000 3537 3530 
93050 3538 3535 
93100 3553 3538 
93150 3558 3530 
93200 3549 3498 
93250 3543 3468 
93300 3549 3471 
93350 3556 3486 
93400 3562 3489 
93450 3546 3436 
93500 3550 3394 
93550 3553 3500 
93600 3550 3534 
93650 3555 3550 
93700 3542 3538 
93750 3561 3566 
93800 3534 3536 
93850 3551 3547 
93900 3556 3558 
93950 3555 3554 
94000 3550 3548 
94050 3547 3544 
94100 3549 3549 
94150 3549 3549 
94200 3558 3525 
94250 3562 3518 
94300 3551 3487 
94350 3548 3454 
94400 3545 3428 
94450 3553 3427 
94500 3558 3392 
94550 3544 3489 
94600 3563 3562 
94650 3546 3541 
94700 3549 3553 
94750 3538 3537 
94800 3561 3561 
94850 3535 3531 
94900 3543 3547 
94950 3545 3545 
95000 3546 3545 
95050 3548 3548 
95100 3548 3524 
95150 3557 3502 
95200 3555 3470 
95250 3567 3462 
95300 3543 3419 
95350 3558 3448 
95400 3565 3465 
95450 3554 3433 
95500 3534 3432 
95550 3544 3510 
95600 3542 3547 
95650 3552 3551 
95700 3544 3544 
95750 3552 3555 
95800 3561 3558 
95850 3547 3546 
95900 3552 3557 
95950 3545 3546 
96000 3523 3527 
96050 3526 3534 
96100 3538 3527 
96150 3546 3532 
96200 3557 3536 
96250 3550 3510 
96300 3559 3505 
96350 3557 3491 
96400 3535 3459 
96450 3548 3467 
96500 3557 3461 
96550 3557 3534 
96600 3536 3536 
96650 3537 3536 
96700 3552 3548 
96750 3548 3551 
96800 3556 3557 
96850 3547 3553 
96900 3545 3546 
96950 3554 3550 
97000 3533 3534 
97050 3553 3535 
97100 3553 3524 
97150 3552 3513 
97200 3537 3495 
97250 3547 3480 
97300 3536 3413 
97350 3526 3384 
97400 3540 3376 
97450 3549 3353 
97500 3551 3340 
97550 3552 3508 
97600 3552 3553 
97650 3553 3548 
97700 3534 3534 
97750 3544 3542 
97800 3562 3565 
97850 3541 3540 
97900 3527 3526 
97950 3537 3529 
98000 3530 3541 
98050 3524 3539 
98100 3557 3528 
98150 3551 3482 
98200 3561 3466 
98250 3551 3486 
98300 3544 3476 
98350 3558 3481 
98400 3555 3476 
98450 3547 3450 
98500 3558 3437 
98550 3553 3510 
98600 3541 3539 
98650 3553 3564 
98700 3542 3552 
98750 3558 3562 
98800 3561 3556 
98850 3559 3562 
98900 3561 3558 
98950 3557 3556 
99000 3539 3537 
99050 3547 3544 
99100 3569 3554 
99150 3559 3553 
99200 3556 3525 
99250 3540 3515 
99300 3567 3533 
99350 3551 3506 
99400 3531 3453 
99450 3562 3456 
99500 3549 3442 
99550 3547 3527 
99600 3554 3555 
99650 3550 3553 
99700 3559 3555 
99750 3553 3554 
99800 3548 3546 
99850 3537 3542 
99900 3532 3536 
99950 3541 3543 
100000 3556 3556 
100050 3557 3556 
100100 3553 3541 
100150 3533 3501 
100200 3564 3493 
100250 3563 3459 
100300 3541 3437 
100350 3535 3433 
100400 3554 3426 
100450 3543 3403 
100500 3549 3368 
100550 3540 3469 
100600 3554 3544 
100650 3554 3550 
100700 3552 3556 
100750 3565 3561 
100800 3548 3544 
100850 3543 3539 
100900 3534 3529 
100950 3549 3549 
101000 3553 3548 
101050 3569 3559 
101100 3553 3523 
101150 3555 3513 
101200 3550 3496 
101250 3546 3515 
101300 3549 3507 
101350 3549 3481 
101400 3554 3482 
101450 3553 3432 
101500 3558 3435 
101550 3561 3511 
101600 3558 3552 
101650 3554 3549 
101700 3563 3562 
101750 3547 3544 
101800 3539 3536 
101850 3560 3555 
101900 3559 3559 
101950 3557 3551 
102000 3546 3543 
102050 3548 3540 
102100 3540 3512 
102150 3550 3528 
102200 3567 3532 
102250 3549 3479 
102300 3569 3479 
102350 3559 3450 
102400 3553 3434 
102450 3553 3403 
102500 3558 3388 
102550 3540 3502 
102600 3557 3560 
102650 3558 3558 
102700 3564 3562 
102750 3555 3554 
102800 3563 3562 
102850 3550 3551 
102900 3547 3545 
102950 3559 3556 
103000 3548 3549 
103050 3539 3525 
103100 3537 3501 
103150 3552 3502 
103200 3548 3497 
103250 3550 3494 
103300 3554 3476 
103350 3551 3476 
103400 3556 3458 
103450 3551 3438 
103500 3542 3442 
103550 3544 3524 
103600 3542 3541 
103650 3558 3559 
103700 3542 3546 
103750 3547 3552 
103800 3552 3552 
103850 3551 3547 
103900 3544 3547 
103950 3545 3545 
104000 3554 3553 
104050 3552 3538 
104100 3549 3501 
104150 3549 3488 
104200 3544 3480 
104250 3554 3490 
104300 3554 3441 
104350 3542 3419 
104400 3548 3391 
104450 3543 3371 
104500 3552 3377 
104550 3556 3517 
104600 3540 3540 
104650 3557 3561 
104700 3545 3549 
104750 3560 3557 
104800 3534 3536 
104850 3552 3545 
104900 3560 3559 
104950 3543 3539 
105000 3547 3539 
105050 3533 3513 
105100 3554 3519 
105150 3531 3500 
105200 3554 3497 
105250 3551 3483 
105300 3555 3492 
105350 3556 3450 
105400 3560 3415 
105450 3562 3403 
105500 3549 3367 
105550 3531 3482 
105600 3554 3551 
105650 3546 3550 
105700 3548 3550 
105750 3560 3559 
105800 3550 3547 
105850 3552 3550 
105900 3541 3541 
105950 3560 3556 
106000 3558 3554 
106050 3549 3537 
106100 3546 3525 
106150 3552 3504 
106200 3541 3473 
106250 3545 3446 
106300 3559 3451 
106350 3547 3457 
106400 3542 3447 
106450 3546 3457 
106500 3560 3444 
106550 3547 3524 
106600 3530 3532 
106650 3542 3544 
106700 3555 3549 
106750 3554 3559 
106800 3564 3564 
106850 3554 3552 
106900 3558 3558 
106950 3567 3570 
107000 3535 3538 
107050 3544 3537 
107100 3536 3506 
107150 3547 3474 
107200 3553 3457 
107250 3545 3432 
107300 3548 3444 
107350 3548 3402 
107400 3547 3360 
107450 3538 3338 
107500 3561 3387 
107550 3553 3494 
107600 3547 3531 
107650 3555 3551 
107700 3554 3556 
107750 3547 3543 
107800 3556 3557 
107850 3547 3534 
107900 3548 3547 
107950 3557 3557 
108000 3552 3558 
108050 3558 3555 
108100 3547 3540 
108150 3562 3534 
108200 3558 3510 
108250 3566 3486 
108300 3568 3495 
108350 3550 3491 
108400 3557 3471 
108450 3547 3462 
108500 3547 3467 
108550 3557 3522 
108600 3556 3555 
108650 3556 3551 
108700 3559 3562 
108750 3537 3544 
108800 3547 3557 
108850 3542 3538 
108900 3549 3554 
108950 3557 3563 
109000 3553 3554 
109050 3538 3527 
109100 3553 3532 
109150 3551 3531 
109200 3558 3504 
109250 3558 3494 
109300 3552 3478 
109350 3553 3470 
109400 3563 3449 
109450 3553 3429 
109500 3542 3360 
109550 3553 3498 
109600 3540 3532 
109650 3550 3552 
109700 3543 3543 
109750 3552 3552 
109800 3539 3538 
109850 3542 3534 
109900 3543 3540 
109950 3563 3560 
110000 3557 3554 
110050 3558 3556 
110100 3547 3542 
110150 3559 3557 
110200 3549 3524 
110250 3535 3487 
110300 3559 3504 
110350 3534 3449 
110400 3558 3448 
110450 3561 3439 
110500 3544 3421 
110550 3543 3495 
110600 3546 3543 
110650 3545 3545 
110700 3540 3542 
110750 3555 3558 
110800 3549 3552 
110850 3558 3550 
110900 3551 3552 
110950 3550 3549 
111000 3544 3543 
111050 3559 3543 
111100 3553 3530 
111150 3564 3516 
111200 3557 3467 
111250 3554 3479 
111300 3537 3439 
111350 3559 3424 
111400 3551 3405 
111450 3553 3389 
111500 3555 3372 
111550 3550 3511 
111600 3533 3533 
111650 3555 3557 
111700 3546 3546 
111750 3550 3553 
111800 3553 3555 
111850 3542 3546 
111900 3560 3561 
111950 3558 3564 
112000 3551 3548 
112050 3549 3528 
112100 3564 3532 
112150 3554 3512 
112200 3558 3503 
112250 3555 3489 
112300 3561 3481 
112350 3552 3474 
112400 3558 3447 
112450 3551 3443 
112500 3561 3421 
112550 3550 3511 
112600 3551 3548 
112650 3547 3544 
112700 3540 3533 
112750 3546 3541 
112800 3558 3556 
112850 3558 3562 
112900 3564 3557 
112950 3548 3552 
113000 3545 3546 
113050 3544 3538 
113100 3556 3512 
113150 3543 3493 
113200 3546 3478 
113250 3549 3462 
113300 3548 3468 
113350 3560 3485 
113400 3550 3462 
113450 3542 3442 
113500 3558 3434 
113550 3574 3530 
113600 3532 3530 
113650 3542 3539 
113700 3549 3552 
113750 3544 3543 
113800 3556 3552 
113850 3557 3552 
113900 3559 3560 
113950 3544 3545 
114000 3555 3549 
114050 3566 3561 
114100 3555 3535 
114150 3552 3518 
114200 3562 3529 
114250 3540 3507 
114300 3547 3490 
114350 3556 3478 
114400 3548 3456 
114450 3546 3463 
114500 3559 3451 
114550 3541 3512 
114600 3568 3564 
114650 3538 3536 
114700 3549 3546 
114750 3563 3566 
114800 3552 3552 
114850 3539 3543 
114900 3539 3545 
114950 3538 3550 
115000 3554 3555 
115050 3564 3556 
115100 3565 3538 
115150 3543 3505 
115200 3554 3510 
115250 3541 3502 
115300 3553 3511 
115350 3563 3495 
115400 3554 3498 
115450 3544 3483 
115500 3530 3457 
115550 3534 3530 
115600 3542 3542 
115650 3549 3553 
115700 3546 3545 
115750 3550 3550 
115800 3536 3537 
115850 3530 3533 
115900 3557 3559 
115950 3548 3555 
116000 3548 3550 
116050 3553 3546 
116100 3546 3528 
116150 3543 3505 
116200 3542 3466 
116250 3544 3457 
116300 3554 3460 
116350 3542 3408 
116400 3555 3397 
116450 3558 3374 
116500 3531 3316 
116550 3530 3426 
116600 3550 3530 
116650 3551 3557 
116700 3556 3560 
116750 3550 3542 
116800 3544 3542 
116850 3545 3547 
116900 3562 3555 
116950 3554 3556 
117000 3556 3553 
117050 3542 3539 
117100 3540 3519 
117150 3549 3510 
117200 3551 3475 
117250 3547 3457 
117300 3535 3467 
117350 3555 3468 
117400 3547 3432 
117450 3544 3418 
117500 3565 3412 
117550 3565 3500 
117600 3548 3539 
117650 3560 3553 
117700 3534 3534 
117750 3562 3558 
117800 3539 3542 
117850 3537 3538 
117900 3558 3557 
117950 3562 3561 
118000 3552 3549 
118050 3553 3545 
118100 3562 3541 
118150 3541 3524 
118200 3537 3493 
118250 3552 3462 
118300 3556 3444 
118350 3558 3417 
118400 3537 3436 
118450 3548 3405 
118500 3559 3383 
118550 3550 3506 
118600 3537 3535 
118650 3546 3545 
118700 3564 3564 
118750 3551 3546 
118800 3537 3542 
118850 3541 3542 
118900 3537 3529 
118950 3563 3556 
119000 3550 3553 
119050 3560 3553 
119100 3540 3530 
119150 3547 3513 
119200 3539 3472 
119250 3532 3459 
119300 3548 3439 
119350 3551 3433 
119400 3547 3399 
119450 3545 3379 
119500 3541 3333 
119550 3563 3492 
119600 3547 3535 
119650 3556 3559 
119700 3561 3548 
119750 3559 3555 
119800 3536 3536 
119850 3551 3548 
119900 3563 3565 
119950 3542 3541 
120000 3561 3562 
120050 3565 3537 
120100 3548 3510 
120150 3557 3505 
120200 3546 3455 
120250 3552 3461 
120300 3541 3441 
120350 3546 3446 
120400 3550 3423 
120450 3559 3433 
120500 3557 3378 
120550 3548 3506 
120600 3537 3538 
120650 3549 3548 
120700 3549 3548 
120750 3560 3559 
120800 3571 3567 
120850 3554 3553 
120900 3552 3553 
120950 3551 3551 
121000 3546 3540 
121050 3551 3542 
121100 3547 3512 
121150 3541 3488 
121200 3550 3498 
121250 3547 3488 
121300 3550 3498 
121350 3566 3489 
121400 3532 3463 
121450 3553 3471 
121500 3567 3438 
121550 3562 3534 
121600 3562 3556 
121650 3568 3562 
121700 3558 3552 
121750 3530 3536 
121800 3547 3556 
121850 3546 3537 
121900 3541 3534 
121950 3558 3553 
122000 3557 3562 
122050 3544 3541 
122100 3546 3515 
122150 3543 3495 
122200 3548 3444 
122250 3550 3446 
122300 3554 3463 
122350 3550 3466 
122400 3521 3417 
122450 3548 3396 
122500 3555 3372 
122550 3547 3472 
122600 3569 3557 
122650 3547 3551 
122700 3545 3548 
122750 3560 3567 
122800 3559 3555 
122850 3556 3559 
122900 3550 3559 
122950 3544 3545 
123000 3551 3550 
123050 3547 3541 
123100 3544 3523 
123150 3560 3540 
123200 3557 3535 
123250 3541 3504 
123300 3549 3491 
123350 3544 3469 
123400 3528 3446 
123450 3543 3413 
123500 3554 3398 
123550 3548 3502 
123600 3546 3535 
123650 3545 3542 
123700 3530 3531 
123750 3563 3560 
123800 3551 3556 
123850 3552 3547 
123900 3532 3528 
123950 3551 3547 
124000 3542 3545 
124050 3557 3546 
124100 3546 3516 
124150 3543 3480 
124200 3558 3509 
124250 3544 3480 
124300 3562 3479 
124350 3562 3463 
124400 3549 3414 
124450 3542 3399 
124500 3552 3417 
124550 3549 3494 
124600 3557 3549 
124650 3560 3560 
124700 3543 3546 
124750 3558 3555 
124800 3546 3547 
124850 3554 3550 
124900 3561 3561 
124950 3557 3558 
125000 3555 3563 
125050 3541 3540 
125100 3554 3532 
125150 3544 3504 
125200 3547 3513 
125250 3555 3515 
125300 3557 3463 
125350 3562 3468 
125400 3551 3440 
125450 3544 3434 
125500 3543 3424 
125550 3557 3518 
125600 3538 3530 
125650 3548 3544 
125700 3553 3555 
125750 3550 3551 
125800 3552 3556 
125850 3543 3546 
125900 3560 3562 
125950 3551 3550 
126000 3522 3529 
126050 3544 3534 
126100 3549 3519 
126150 3559 3505 
126200 3557 3505 
126250 3562 3466 
126300 3557 3461 
126350 3544 3463 
126400 3544 3441 
126450 3552 3440 
126500 3523 3418 
126550 3529 3482 
126600 3549 3539 
126650 3547 3542 
126700 3547 3550 
126750 3562 3556 
126800 3542 3540 
126850 3560 3561 
126900 3534 3532 
126950 3520 3526 
127000 3548 3548 
127050 3542 3537 
127100 3536 3500 
127150 3551 3473 
127200 3548 3443 
127250 3549 3431 
127300 3551 3442 
127350 3554 3462 
127400 3558 3458 
127450 3532 3432 
127500 3546 3476 
127550 3536 3519 
127600 3551 3536 
127650 3559 3553 
127700 3562 3562 
127750 3543 3541 
127800 3552 3550 
127850 3557 3553 
127900 3550 3547 
127950 3553 3555 
128000 3544 3543 
128050 3563 3554 
128100 3539 3521 
128150 3539 3518 
128200 3553 3515 
128250 3551 3487 
128300 3544 3461 
128350 3550 3454 
128400 3545 3432 
128450 3533 3425 
128500 3549 3445 
128550 3540 3521 
128600 3543 3554 
128650 3548 3546 
128700 3547 3553 
128750 3547 3553 
128800 3548 3548 
128850 3556 3552 
128900 3558 3548 
128950 3553 3554 
129000 3555 3547 
129050 3542 3532 
129100 3549 3537 
129150 3547 3514 
129200 3545 3491 
129250 3547 3507 
129300 3539 3507 
129350 3552 3519 
129400 3548 3503 
129450 3531 3443 
129500 3521 3413 
129550 3549 3513 
129600 3538 3530 
129650 3552 3554 
129700 3549 3546 
129750 3552 3552 
129800 3552 3555 
129850 3556 3555 
129900 3546 3545 
129950 3552 3552 
130000 3563 3565 
130050 3553 3549 
130100 3544 3521 
130150 3554 3522 
130200 3542 3473 
130250 3551 3459 
130300 3543 3440 
130350 3550 3463 
130400 3542 3460 
130450 3555 3470 
130500 3533 3433 
130550 3543 3527 
130600 3545 3543 
130650 3554 3548 
130700 3550 3547 
130750 3552 3546 
130800 3560 3556 
130850 3544 3542 
130900 3544 3541 
130950 3551 3555 
131000 3548 3553 
131050 3542 3539 
131100 3554 3529 
131150 3564 3506 
131200 3543 3491 
131250 3545 3471 
131300 3548 3460 
131350 3542 3449 
131400 3539 3456 
131450 3547 3448 
131500 3546 3433 
131550 3559 3536 
131600 3537 3532 
131650 3546 3550 
131700 3562 3560 
131750 3561 3564 
131800 3566 3565 
131850 3545 3539 
131900 3541 3544 
131950 3545 3547 
132000 3563 3562 
132050 3551 3550 
132100 3554 3539 
132150 3548 3511 
132200 3558 3518 
132250 3559 3526 
132300 3540 3493 
132350 3551 3490 
132400 3552 3465 
132450 3550 3414 
132500 3544 3393 
132550 3543 3509 
132600 3551 3539 
132650 3539 3535 
132700 3570 3568 
132750 3541 3538 
132800 3544 3548 
132850 3549 3545 
132900 3554 3552 
132950 3561 3564 
133000 3559 3555 
133050 3552 3554 
133100 3553 3546 
133150 3556 3521 
133200 3565 3506 
133250 3562 3500 
133300 3547 3483 
133350 3557 3478 
133400 3557 3473 
133450 3556 3471 
133500 3545 3443 
133550 3556 3527 
133600 3548 3543 
133650 3559 3555 
133700 3535 3536 
133750 3557 3559 
133800 3548 3542 
133850 3543 3542 
133900 3546 3542 
133950 3530 3527 
134000 3560 3560 
134050 3552 3541 
134100 3553 3539 
134150 3558 3537 
134200 3550 3528 
134250 3536 3500 
134300 3535 3467 
134350 3540 3438 
134400 3543 3422 
134450 3552 3460 
134500 3545 3439 
134550 3554 3513 
134600 3557 3548 
134650 3560 3562 
134700 3551 3553 
134750 3545 3539 
134800 3545 3546 
134850 3557 3554 
134900 3556 3557 
134950 3548 3549 
135000 3547 3543 
135050 3547 3545 
135100 3549 3535 
135150 3547 3515 
135200 3549 3497 
135250 3558 3483 
135300 3563 3464 
135350 3555 3428 
135400 3560 3415 
135450 3526 3399 
135500 3557 3434 
135550 3537 3501 
135600 3546 3539 
135650 3547 3537 
135700 3551 3554 
135750 3539 3539 
135800 3546 3542 
135850 3536 3541 
135900 3549 3546 
135950 3546 3540 
136000 3557 3555 
136050 3548 3542 
136100 3567 3533 
136150 3552 3507 
136200 3545 3480 
136250 3557 3472 
136300 3551 3449 
136350 3573 3473 
136400 3560 3470 
136450 3567 3475 
136500 3556 3424 
136550 3556 3512 
136600 3554 3547 
136650 3549 3547 
136700 3541 3544 
136750 3546 3537 
136800 3547 3550 
136850 3550 3546 
136900 3542 3540 
136950 3556 3555 
137000 3550 3545 
137050 3546 3537 
137100 3552 3536 
137150 3549 3504 
137200 3553 3479 
137250 3540 3409 
137300 3548 3383 
137350 3554 3390 
137400 3551 3405 
137450 3554 3390 
137500 3553 3370 
137550 3556 3490 
137600 3556 3550 
137650 3555 3552 
137700 3565 3562 
137750 3563 3565 
137800 3557 3557 
137850 3550 3553 
137900 3564 3565 
137950 3554 3559 
138000 3548 3546 
138050 3559 3550 
138100 3555 3542 
138150 3537 3503 
138200 3559 3502 
138250 3557 3485 
138300 3556 3473 
138350 3554 3453 
138400 3543 3438 
138450 3550 3459 
138500 3544 3450 
138550 3545 3522 
138600 3554 3547 
138650 3547 3537 
138700 3553 3549 
138750 3543 3542 
138800 3524 3533 
138850 3540 3541 
138900 3548 3552 
138950 3547 3549 
139000 3541 3542 
139050 3550 3556 
139100 3525 3523 
139150 3540 3524 
139200 3556 3517 
139250 3555 3498 
139300 3555 3491 
139350 3554 3484 
139400 3565 3482 
139450 3557 3431 
139500 3552 3396 
139550 3557 3528 
139600 3546 3548 
139650 3555 3555 
139700 3544 3543 
139750 3553 3552 
139800 3568 3566 
139850 3544 3548 
139900 3558 3558 
139950 3547 3547 
140000 3560 3558 
140050 3549 3547 
140100 3560 3546 
140150 3546 3513 
140200 3540 3499 
140250 3556 3481 
140300 3537 3484 
140350 3558 3502 
140400 3555 3487 
140450 3551 3457 
140500 3547 3430 
140550 3552 3515 
140600 3551 3550 
140650 3546 3551 
140700 3531 3529 
140750 3544 3551 
140800 3563 3559 
140850 3555 3550 
140900 3531 3537 
140950 3546 3552 
141000 3546 3548 
141050 3541 3538 
141100 3549 3540 
141150 3540 3517 
141200 3556 3483 
141250 3551 3453 
141300 3556 3459 
141350 3558 3469 
141400 3558 3447 
141450 3534 3397 
141500 3547 3396 
141550 3547 3506 
141600 3545 3540 
141650 3530 3527 
141700 3550 3553 
141750 3532 3527 
141800 3549 3542 
141850 3545 3544 
141900 3540 3545 
141950 3566 3555 
142000 3545 3544 
142050 3552 3533 
142100 3557 3532 
142150 3544 3493 
142200 3562 3500 
142250 3569 3493 
142300 3560 3487 
142350 3549 3445 
142400 3552 3420 
142450 3550 3371 
142500 3546 3338 
142550 3567 3501 
142600 3569 3559 
142650 3554 3554 
142700 3555 3554 
142750 3546 3543 
142800 3562 3563 
142850 3548 3550 
142900 3562 3562 
142950 3547 3545 
143000 3548 3548 
143050 3550 3544 
143100 3566 3547 
143150 3540 3484 
143200 3527 3445 
143250 3559 3456 
143300 3537 3453 
143350 3546 3466 
143400 3535 3446 
143450 3553 3466 
143500 3531 3419 
143550 3549 3523 
143600 3543 3540 
143650 3550 3554 
143700 3544 3548 
143750 3549 3542 
143800 3568 3562 
143850 3541 3538 
143900 3555 3555 
143950 3531 3528 
144000 3549 3548 
144050 3554 3546 
144100 3532 3521 
144150 3537 3517 
144200 3558 3541 
144250 3547 3527 
144300 3552 3518 
144350 3561 3526 
144400 3565 3501 
144450 3551 3483 
144500 3537 3443 
144550 3543 3521 
144600 3546 3541 
144650 3544 3540 
144700 3553 3553 
144750 3556 3553 
144800 3536 3528 
144850 3563 3561 
144900 3548 3551 
144950 3540 3535 
145000 3547 3541 
145050 3542 3546 
145100 3548 3508 
145150 3549 3515 
145200 3534 3491 
145250 3552 3485 
145300 3548 3484 
145350 3553 3487 
145400 3551 3478 
145450 3557 3491 
145500 3553 3471 
145550 3561 3549 
145600 3556 3556 
145650 3553 3550 
145700 3553 3551 
145750 3556 3552 
145800 3541 3542 
145850 3544 3539 
145900 3536 3538 
145950 3563 3562 
146000 3536 3539 
146050 3551 3540 
146100 3541 3503 
146150 3550 3482 
146200 3574 3463 
146250 3553 3408 
146300 3543 3346 
146350 3555 3290 
146400 3545 3289 
146450 3542 3314 
146500 3559 3343 
146550 3543 3441 
146600 3538 3529 
146650 3534 3540 
146700 3555 3556 
146750 3562 3564 
146800 3539 3535 
146850 3539 3543 
146900 3546 3540 
146950 3548 3549 
147000 3547 3548 
147050 3540 3530 
147100 3553 3529 
147150 3551 3504 
147200 3561 3521 
147250 3560 3490 
147300 3551 3490 
147350 3553 3481 
147400 3553 3431 
147450 3559 3434 
147500 3565 3404 
147550 3538 3497 
147600 3554 3549 
147650 3549 3548 
147700 3556 3560 
147750 3560 3562 
147800 3551 3552 
147850 3553 3557 
147900 3552 3559 
147950 3544 3543 
148000 3534 3540 
148050 3554 3555 
148100 3542 3536 
148150 3545 3523 
148200 3553 3537 
148250 3555 3519 
148300 3573 3525 
148350 3546 3503 
148400 3541 3471 
148450 3560 3476 
148500 3546 3468 
148550 3561 3533 
148600 3545 3537 
148650 3554 3556 
148700 3546 3543 
148750 3541 3545 
148800 3536 3535 
148850 3539 3539 
148900 3542 3534 
148950 3554 3556 
149000 3541 3550 
149050 3548 3547 
149100 3554 3546 
149150 3550 3523 
149200 3538 3497 
149250 3562 3511 
149300 3554 3492 
149350 3548 3469 
149400 3560 3471 
149450 3560 3457 
149500 3560 3464 
149550 3553 3535 
149600 3539 3543 
149650 3552 3551 
149700 3562 3561 
149750 3548 3547 
149800 3560 3557 
149850 3542 3543 
149900 3551 3545 
149950 3559 3557 
150000 3538 3538 
150050 3543 3527 
150100 3557 3518 
150150 3542 3511 
150200 3556 3517 
150250 3545 3498 
150300 3529 3443 
150350 3535 3431 
150400 3537 3429 
150450 3539 3413 
150500 3540 3421 
150550 3548 3510 
150600 3556 3550 
150650 3551 3548 
150700 3539 3536 
150750 3564 3563 
150800 3544 3545 
150850 3550 3555 
150900 3536 3535 
150950 3565 3561 
151000 3560 3558 
151050 3555 3533 
151100 3556 3527 
151150 3562 3524 
151200 3567 3501 
151250 3544 3457 
151300 3555 3446 
151350 3549 3419 
151400 3551 3427 
151450 3544 3407 
151500 3555 3387 
151550 3558 3518 
151600 3544 3546 
151650 3544 3549 
151700 3535 3539 
151750 3562 3561 
151800 3543 3550 
151850 3537 3536 
151900 3545 3548 
151950 3548 3550 
152000 3530 3536 
152050 3551 3546 
152100 3541 3528 
152150 3556 3527 
152200 3551 3507 
152250 3549 3472 
152300 3550 3466 
152350 3556 3440 
152400 3551 3404 
152450 3563 3396 
152500 3557 3404 
152550 3541 3491 
152600 3556 3545 
152650 3561 3558 
152700 3548 3551 
152750 3562 3561 
152800 3565 3560 
152850 3548 3547 
152900 3538 3544 
152950 3558 3558 
153000 3558 3555 
153050 3549 3540 
153100 3540 3519 
153150 3553 3522 
153200 3557 3482 
153250 3538 3471 
153300 3543 3476 
153350 3555 3482 
153400 3562 3464 
153450 3546 3440 
153500 3546 3440 
153550 3544 3530 
153600 3540 3535 
153650 3553 3555 
153700 3553 3552 
153750 3569 3573 
153800 3549 3556 
153850 3564 3561 
153900 3549 3548 
153950 3533 3529 
154000 3541 3541 
154050 3549 3549 
154100 3536 3526 
154150 3546 3527 
154200 3543 3515 
154250 3556 3503 
154300 3543 3471 
154350 3553 3475 
154400 3546 3448 
154450 3557 3436 
154500 3570 3428 
154550 3556 3520 
154600 3558 3556 
154650 3563 3564 
154700 3554 3552 
154750 3553 3556 
154800 3535 3543 
154850 3562 3560 
154900 3548 3548 
154950 3551 3547 
155000 3558 3562 
155050 3550 3543 
155100 3553 3536 
155150 3547 3499 
155200 3556 3480 
155250 3552 3463 
155300 3555 3459 
155350 3548 3405 
155400 3534 3369 
155450 3542 3361 
155500 3534 3324 
155550 3540 3519 
155600 3549 3548 
155650 3553 3557 
155700 3538 3536 
155750 3552 3551 
155800 3554 3553 
155850 3551 3542 
155900 3546 3548 
155950 3559 3551 
156000 3538 3535 
156050 3543 3542 
156100 3556 3539 
156150 3557 3525 
156200 3557 3504 
156250 3554 3495 
156300 3535 3437 
156350 3563 3421 
156400 3546 3405 
156450 3556 3387 
156500 3551 3397 
156550 3549 3504 
156600 3562 3560 
156650 3553 3548 
156700 3561 3555 
156750 3556 3553 
156800 3543 3539 
156850 3558 3540 
156900 3547 3549 
156950 3553 3553 
157000 3556 3554 
157050 3538 3533 
157100 3564 3530 
157150 3556 3503 
157200 3544 3485 
157250 3541 3471 
157300 3573 3476 
157350 3539 3463 
157400 3556 3448 
157450 3564 3444 
157500 3554 3405 
157550 3538 3499 
157600 3549 3529 
157650 3553 3545 
157700 3547 3540 
157750 3545 3537 
157800 3565 3564 
157850 3542 3541 
157900 3563 3558 
157950 3550 3546 
158000 3550 3539 
158050 3548 3520 
158100 3562 3522 
158150 3547 3489 
158200 3547 3447 
158250 3546 3450 
158300 3557 3446 
158350 3542 3401 
158400 3556 3415 
158450 3549 3426 
158500 3556 3417 
158550 3558 3532 
158600 3556 3535 
158650 3571 3569 
158700 3558 3556 
158750 3550 3538 
158800 3559 3555 
158850 3549 3549 
158900 3554 3550 
158950 3560 3557 
159000 3542 3542 
159050 3546 3526 
159100 3548 3480 
159150 3549 3460 
159200 3553 3433 
159250 3558 3441 
159300 3550 3424 
159350 3560 3393 
159400 3542 3362 
159450 3546 3358 
159500 3534 3344 
159550 3544 3492 
159600 3555 3541 
159650 3556 3553 
159700 3554 3546 
159750 3564 3560 
159800 3545 3537 
159850 3551 3543 
159900 3535 3531 
159950 3549 3540 
160000 3559 3551 
160050 3544 3525 
160100 3561 3511 
160150 3565 3485 
160200 3557 3430 
160250 3548 3383 
160300 3554 3315 
160350 3549 3269 
160400 3543 3213 
160450 3570 3179 
160500 3548 3127 
160550 3551 3428 
160600 3546 3523 
160650 3552 3540 
160700 3555 3548 
160750 3550 3535 
160800 3548 3548 
160850 3552 3539 
160900 3549 3535 
160950 3564 3558 
161000 3552 3541 
161050 3552 3528 
161100 3548 3481 
161150 3556 3454 
161200 3550 3373 
161250 3551 3362 
161300 3564 3329 
161350 3552 3306 
161400 3557 3249 
161450 3558 3246 
161500 3551 3235 
161550 3540 3434 
161600 3552 3534 
161650 3554 3533 
161700 3551 3534 
161750 3558 3537 
161800 3547 3531 
161850 3552 3545 
161900 3560 3541 
161950 3563 3553 
162000 3556 3544 
162050 3552 3521 
162100 3570 3458 
162150 3561 3380 
162200 3532 3295 
162250 3549 3221 
162300 3554 3180 
162350 3568 3163 
162400 3554 3095 
162450 3551 3029 
162500 3559 3049 
162550 3557 3409 
162600 3563 3532 
162650 3565 3538 
162700 3556 3539 
162750 3555 3546 
162800 3563 3544 
162850 3551 3529 
162900 3571 3559 
162950 3557 3542 
163000 3562 3550 
163050 3553 3522 
163100 3545 3480 
163150 3543 3449 
163200 3567 3451 
163250 3558 3359 
163300 3537 3297 
163350 3560 3286 
163400 3545 3215 
163450 3557 3218 
163500 3547 3126 
163550 3540 3450 
163600 3551 3522 
163650 3557 3529 
163700 3555 3544 
163750 3559 3541 
163800 3563 3551 
163850 3561 3551 
163900 3543 3526 
163950 3551 3526 
164000 3549 3542 
164050 3557 3520 
164100 3560 3475 
164150 3567 3454 
164200 3559 3387 
164250 3557 3327 
164300 3546 3308 
164350 3545 3257 
164400 3558 3225 
164450 3558 3198 
164500 3566 3217 
164550 3551 3435 
164600 3566 3546 
164650 3542 3528 
164700 3552 3537 
164750 3569 3556 
164800 3556 3544 
164850 3558 3540 
164900 3562 3539 
164950 3555 3542 
165000 3561 3538 
165050 3552 3510 
165100 3556 3418 
165150 3557 3377 
165200 3533 3296 
165250 3541 3293 
165300 3554 3260 
165350 3555 3235 
165400 3557 3144 
165450 3553 3060 
165500 3538 3023 
165550 3550 3437 
165600 3536 3521 
165650 3548 3541 
165700 3535 3525 
165750 3552 3545 
165800 3559 3541 
165850 3565 3556 
165900 3563 3545 
165950 3554 3532 
166000 3545 3521 
166050 3554 3509 
166100 3548 3462 
166150 3568 3421 
166200 3549 3353 
166250 3572 3347 
166300 3558 3326 
166350 3538 3302 
166400 3551 3188 
166450 3553 3169 
166500 3547 3121 
166550 3571 3457 
166600 3555 3535 
166650 3553 3540 
166700 3551 3545 
166750 3560 3541 
166800 3563 3548 
166850 3563 3555 
166900 3561 3548 
166950 3569 3559 
167000 3555 3548 
167050 3547 3514 
167100 3554 3486 
167150 3554 3425 
167200 3553 3404 
167250 3543 3359 
167300 3556 3323 
167350 3548 3258 
167400 3560 3234 
167450 3538 3134 
167500 3553 3062 
167550 3540 3404 
167600 3557 3535 
167650 3561 3552 
167700 3546 3525 
167750 3563 3545 
167800 3536 3521 
167850 3563 3553 
167900 3553 3544 
167950 3559 3555 
168000 3565 3547 
168050 3553 3517 
168100 3549 3509 
168150 3560 3468 
168200 3560 3433 
168250 3568 3450 
168300 3557 3365 
168350 3556 3405 
168400 3544 3365 
168450 3554 3327 
168500 3557 3287 
168550 3556 3460 
168600 3562 3533 
168650 3553 3534 
168700 3547 3532 
168750 3551 3539 
168800 3550 3537 
168850 3566 3548 
168900 3550 3529 
168950 3541 3529 
169000 3559 3542 
169050 3545 3501 
169100 3558 3486 
169150 3549 3449 
169200 3549 3375 
169250 3547 3309 
169300 3559 3281 
169350 3554 3249 
169400 3554 3215 
169450 3550 3192 
169500 3551 3190 
169550 3558 3453 
169600 3558 3537 
169650 3551 3539 
169700 3571 3555 
169750 3557 3540 
169800 3547 3531 
169850 3553 3535 
169900 3552 3545 
169950 3558 3534 
170000 3554 3543 
170050 3555 3531 
170100 3538 3481 
170150 3548 3450 
170200 3554 3415 
170250 3556 3313 
170300 3555 3306 
170350 3552 3278 
170400 3557 3313 
170450 3566 3281 
170500 3558 3245 
170550 3557 3462 
170600 3542 3530 
170650 3545 3536 
170700 3542 3522 
170750 3557 3548 
170800 3572 3553 
170850 3564 3550 
170900 3563 3550 
170950 3559 3540 
171000 3546 3532 
171050 3557 3509 
171100 3540 3448 
171150 3546 3424 
171200 3544 3384 
171250 3554 3355 
171300 3554 3331 
171350 3537 3271 
171400 3544 3215 
171450 3551 3168 
171500 3564 3201 
171550 3573 3479 
171600 3553 3529 
171650 3550 3539 
171700 3563 3557 
171750 3557 3546 
171800 3563 3538 
171850 3563 3552 
171900 3565 3549 
171950 3552 3537 
172000 3568 3557 
172050 3559 3506 
172100 3548 3476 
172150 3555 3445 
172200 3561 3394 
172250 3561 3372 
172300 3564 3327 
172350 3547 3321 
172400 3539 3314 
172450 3541 3287 
172500 3560 3252 
172550 3566 3496 
172600 3555 3544 
172650 3536 3525 
172700 3562 3541 
172750 3547 3533 
172800 3552 3540 
172850 3547 3526 
172900 3561 3545 
172950 3578 3568 
173000 3557 3548 
173050 3560 3499 
173100 3550 3419 
173150 3569 3388 
173200 3551 3358 
173250 3546 3301 
173300 3544 3296 
173350 3549 3226 
173400 3556 3180 
173450 3572 3123 
173500 3558 3060 
173550 3556 3455 
173600 3557 3536 
173650 3551 3528 
173700 3557 3549 
173750 3561 3544 
173800 3556 3537 
173850 3540 3531 
173900 3560 3549 
173950 3552 3539 
174000 3561 3547 
174050 3554 3535 
174100 3555 3497 
174150 3545 3421 
174200 3559 3368 
174250 3565 3318 
174300 3555 3276 
174350 3562 3243 
174400 3563 3202 
174450 3554 3127 
174500 3548 3065 
174550 3549 3408 
174600 3548 3516 
174650 3551 3538 
174700 3557 3541 
174750 3537 3519 
174800 3551 3535 
174850 3546 3534 
174900 3563 3548 
174950 3542 3531 
175000 3563 3537 
175050 3566 3523 
175100 3545 3493 
175150 3544 3434 
175200 3563 3429 
175250 3557 3401 
175300 3557 3386 
175350 3559 3338 
175400 3559 3300 
175450 3561 3295 
175500 3551 3222 
175550 3544 3455 
175600 3560 3533 
175650 3554 3541 
175700 3551 3537 
175750 3558 3551 
175800 3551 3537 
175850 3552 3540 
175900 3557 3543 
175950 3542 3533 
176000 3535 3521 
176050 3555 3507 
176100 3549 3463 
176150 3556 3440 
176200 3553 3396 
176250 3545 3307 
176300 3547 3285 
176350 3540 3214 
176400 3546 3155 
176450 3562 3155 
176500 3565 3179 
176550 3559 3437 
176600 3549 3534 
176650 3553 3529 
176700 3561 3541 
176750 3555 3552 
176800 3545 3529 
176850 3552 3542 
176900 3546 3529 
176950 3560 3533 
177000 3543 3533 
177050 3530 3514 
177100 3554 3528 
177150 3547 3477 
177200 3556 3436 
177250 3554 3398 
177300 3557 3347 
177350 3555 3318 
177400 3547 3334 
177450 3545 3304 
177500 3558 3305 
177550 3558 3491 
177600 3555 3534 
177650 3555 3538 
177700 3567 3554 
177750 3544 3541 
177800 3560 3545 
177850 3548 3539 
177900 3555 3540 
177950 3558 3538 
178000 3559 3553 
178050 3538 3501 
178100 3561 3485 
178150 3555 3409 
178200 3553 3393 
178250 3540 3387 
178300 3554 3339 
178350 3558 3297 
178400 3558 3255 
178450 3551 3217 
178500 3564 3136 
178550 3568 3414 
178600 3554 3530 
178650 3556 3550 
178700 3548 3541 
178750 3561 3554 
178800 3548 3537 
178850 3550 3546 
178900 3564 3549 
178950 3569 3552 
179000 3571 3560 
179050 3550 3515 
179100 3542 3442 
179150 3544 3431 
179200 3543 3415 
179250 3551 3416 
179300 3550 3358 
179350 3543 3326 
179400 3553 3338 
179450 3553 3286 
179500 3556 3235 
179550 3558 3488 
179600 3561 3536 
179650 3541 3531 
179700 3541 3527 
179750 3557 3546 
179800 3557 3543 
179850 3571 3552 
179900 3544 3530 
179950 3556 3544 
180000 3568 3554 
180050 3558 3527 
180100 3554 3457 
180150 3550 3412 
180200 3552 3386 
180250 3544 3374 
180300 3534 3347 
180350 3544 3307 
180400 3546 3272 
180450 3560 3171 
180500 3549 3092 
180550 3555 3420 
180600 3546 3518 
180650 3553 3549 
180700 3555 3540 
180750 3560 3549 
180800 3562 3558 
180850 3559 3554 
180900 3562 3545 
180950 3562 3539 
181000 3558 3548 
181050 3545 3511 
181100 3560 3501 
181150 3560 3490 
181200 3557 3455 
181250 3540 3374 
181300 3548 3383 
181350 3556 3346 
181400 3548 3264 
181450 3558 3264 
181500 3553 3263 
181550 3550 3468 
181600 3540 3512 
181650 3559 3547 
181700 3546 3536 
181750 3562 3553 
181800 3542 3532 
181850 3557 3549 
181900 3552 3544 
181950 3568 3547 
182000 3544 3536 
182050 3546 3508 
182100 3558 3471 
182150 3541 3398 
182200 3557 3372 
182250 3544 3290 
182300 3558 3289 
182350 3554 3252 
182400 3556 3251 
182450 3545 3243 
182500 3539 3143 
182550 3553 3460 
182600 3546 3533 
182650 3535 3517 
182700 3551 3546 
182750 3559 3541 
182800 3541 3537 
182850 3546 3539 
182900 3548 3537 
182950 3554 3543 
183000 3557 3545 
183050 3570 3528 
183100 3550 3461 
183150 3568 3429 
183200 3548 3314 
183250 3560 3288 
183300 3550 3242 
183350 3559 3230 
183400 3556 3178 
183450 3559 3159 
183500 3551 3063 
183550 3549 3440 
183600 3550 3523 
183650 3561 3550 
183700 3564 3555 
183750 3552 3539 
183800 3542 3524 
183850 3553 3544 
183900 3567 3552 
183950 3552 3539 
184000 3550 3536 
184050 3556 3531 
184100 3545 3498 
184150 3559 3435 
184200 3537 3379 
184250 3536 3341 
184300 3554 3279 
184350 3554 3234 
184400 3546 3267 
184450 3546 3232 
184500 3542 3230 
184550 3565 3461 
184600 3551 3522 
184650 3536 3530 
184700 3561 3547 
184750 3555 3541 
184800 3545 3541 
184850 3551 3541 
184900 3536 3524 
184950 3554 3538 
185000 3565 3552 
185050 3556 3512 
185100 3561 3496 
185150 3546 3479 
185200 3555 3462 
185250 3552 3463 
185300 3530 3394 
185350 3560 3377 
185400 3561 3327 
185450 3550 3238 
185500 3565 3220 
185550 3561 3475 
185600 3556 3538 
185650 3551 3535 
185700 3576 3561 
185750 3564 3544 
185800 3539 3533 
185850 3543 3533 
185900 3544 3538 
185950 3531 3506 
186000 3558 3536 
186050 3541 3511 
186100 3550 3480 
186150 3549 3445 
186200 3560 3394 
186250 3556 3322 
186300 3546 3303 
186350 3545 3285 
186400 3550 3271 
186450 3553 3193 
186500 3554 3092 
186550 3552 3392 
186600 3530 3484 
186650 3554 3539 
186700 3542 3534 
186750 3543 3528 
186800 3535 3529 
186850 3555 3546 
186900 3553 3542 
186950 3564 3559 
187000 3548 3542 
187050 3559 3521 
187100 3543 3458 
187150 3544 3406 
187200 3572 3428 
187250 3547 3351 
187300 3557 3298 
187350 3560 3250 
187400 3556 3229 
187450 3560 3226 
187500 3562 3187 
187550 3560 3460 
187600 3544 3532 
187650 3550 3543 
187700 3561 3544 
187750 3550 3530 
187800 3556 3533 
187850 3552 3535 
187900 3557 3540 
187950 3545 3532 
188000 3562 3551 
188050 3564 3531 
188100 3562 3501 
188150 3536 3462 
188200 3567 3454 
188250 3552 3391 
188300 3545 3359 
188350 3534 3303 
188400 3551 3285 
188450 3551 3242 
188500 3555 3249 
188550 3555 3480 
188600 3558 3548 
188650 3542 3530 
188700 3564 3554 
188750 3543 3533 
188800 3550 3535 
188850 3544 3528 
188900 3558 3538 
188950 3544 3531 
189000 3563 3556 
189050 3563 3508 
189100 3555 3476 
189150 3538 3375 
189200 3544 3346 
189250 3545 3315 
189300 3556 3282 
189350 3571 3229 
189400 3552 3181 
189450 3557 3117 
189500 3548 3138 
189550 3530 3415 
189600 3547 3522 
189650 3562 3548 
189700 3555 3549 
189750 3560 3548 
189800 3552 3533 
189850 3562 3546 
189900 3551 3546 
189950 3539 3529 
190000 3544 3532 
190050 3564 3532 
190100 3550 3481 
190150 3556 3437 
190200 3550 3397 
190250 3563 3370 
190300 3554 3330 
190350 3549 3303 
190400 3534 3299 
190450 3545 3316 
190500 3555 3267 
190550 3542 3476 
190600 3546 3534 
190650 3558 3546 
190700 3547 3542 
190750 3542 3539 
190800 3561 3546 
190850 3544 3529 
190900 3548 3544 
190950 3558 3543 
191000 3556 3544 
191050 3565 3536 
191100 3559 3501 
191150 3551 3480 
191200 3554 3448 
191250 3562 3421 
191300 3554 3370 
191350 3553 3337 
191400 3548 3308 
191450 3538 3286 
191500 3552 3228 
191550 3534 3455 
191600 3569 3554 
191650 3562 3555 
191700 3553 3548 
191750 3549 3544 
191800 3563 3556 
191850 3551 3528 
191900 3551 3539 
191950 3552 3544 
192000 3547 3545 
192050 3557 3528 
192100 3554 3513 
192150 3545 3487 
192200 3562 3492 
192250 3562 3422 
192300 3559 3399 
192350 3571 3366 
192400 3554 3271 
192450 3561 3232 
192500 3562 3198 
192550 3555 3457 
192600 3543 3514 
192650 3557 3548 
192700 3558 3549 
192750 3560 3553 
192800 3564 3556 
192850 3564 3544 
192900 3561 3547 
192950 3564 3548 
193000 3561 3544 
193050 3558 3545 
193100 3554 3491 
193150 3567 3480 
193200 3566 3424 
193250 3565 3375 
193300 3559 3317 
193350 3555 3312 
193400 3556 3305 
193450 3558 3221 
193500 3564 3266 
193550 3560 3455 
193600 3556 3527 
193650 3557 3542 
193700 3554 3542 
193750 3560 3549 
193800 3549 3528 
193850 3560 3544 
193900 3557 3551 
193950 3563 3557 
194000 3551 3544 
194050 3558 3530 
194100 3553 3469 
194150 3550 3430 
194200 3544 3390 
194250 3567 3393 
194300 3558 3338 
194350 3560 3303 
194400 3540 3274 
194450 3540 3226 
194500 3563 3231 
194550 3551 3473 
194600 3563 3551 
194650 3554 3541 
194700 3558 3547 
194750 3553 3544 
194800 3532 3518 
194850 3556 3546 
194900 3545 3541 
194950 3563 3552 
195000 3547 3541 
195050 3535 3517 
195100 3546 3493 
195150 3563 3463 
195200 3549 3370 
195250 3541 3329 
195300 3552 3301 
195350 3557 3319 
195400 3561 3284 
195450 3545 3234 
195500 3537 3175 
195550 3547 3454 
195600 3548 3525 
195650 3570 3565 
195700 3557 3543 
195750 3526 3514 
195800 3559 3552 
195850 3545 3533 
195900 3561 3556 
195950 3567 3564 
196000 3557 3556 
196050 3551 3524 
196100 3546 3465 
196150 3563 3462 
196200 3536 3415 
196250 3557 3430 
196300 3546 3400 
196350 3556 3366 
196400 3561 3268 
196450 3549 3243 
196500 3553 3242 
196550 3559 3492 
196600 3556 3539 
196650 3550 3543 
196700 3554 3550 
196750 3563 3556 
196800 3565 3548 
196850 3544 3538 
196900 3552 3540 
196950 3559 3539 
197000 3543 3540 
197050 3562 3541 
197100 3566 3489 
197150 3554 3462 
197200 3554 3442 
197250 3535 3355 
197300 3562 3298 
197350 3556 3289 
197400 3555 3230 
197450 3558 3214 
197500 3548 3089 
197550 3550 3425 
197600 3563 3540 
197650 3555 3545 
197700 3551 3534 
197750 3558 3551 
197800 3552 3539 
197850 3555 3551 
197900 3550 3533 
197950 3555 3534 
198000 3541 3529 
198050 3563 3531 
198100 3559 3487 
198150 3557 3446 
198200 3552 3371 
198250 3560 3340 
198300 3534 3257 
198350 3555 3242 
198400 3554 3222 
198450 3562 3225 
198500 3554 3240 
198550 3549 3460 
198600 3563 3547 
198650 3554 3536 
198700 3547 3529 
198750 3560 3553 
198800 3557 3548 
198850 3546 3539 
198900 3553 3538 
198950 3554 3540 
199000 3556 3536 
199050 3555 3502 
199100 3564 3458 
199150 3549 3395 
199200 3564 3376 
199250 3546 3314 
199300 3550 3298 
199350 3551 3244 
199400 3560 3321 
199450 3556 3273 
199500 3548 3215 
199550 3543 3465 
199600 3557 3541 
199650 3545 3529 
199700 3559 3544 
199750 3550 3531 
199800 3554 3524 
199850 3545 3534 
199900 3537 3527 
199950 3549 3535 
200000 3556 3543 
