# Avida tasks data
# Sat Apr  7 00:16:56 2012
# First column gives the current update, next columns give the number
# of organisms that have the particular task as a component of their merit
#  1: Update
#  2: Xor
#  3: Equals

0 0 0 
50 8 8 
100 39 39 
150 116 116 
200 265 264 
250 453 455 
300 712 711 
350 1001 1001 
400 1366 1370 
450 1798 1799 
500 2244 2247 
550 2759 2762 
600 3252 3250 
650 3457 3459 
700 3540 3549 
750 3539 3553 
800 3539 3538 
850 3542 3539 
900 3536 3536 
950 3542 3538 
1000 3556 3555 
1050 3547 3551 
1100 3559 3561 
1150 3555 3551 
1200 3543 3541 
1250 3538 3548 
1300 3545 3550 
1350 3538 3534 
1400 3552 3550 
1450 3543 3546 
1500 3543 3538 
1550 3545 3547 
1600 3549 3549 
1650 3544 3544 
1700 3556 3553 
1750 3547 3543 
1800 3539 3536 
1850 3546 3546 
1900 3546 3546 
1950 3546 3544 
2000 3557 3561 
2050 3547 3549 
2100 3550 3550 
2150 3537 3537 
2200 3543 3544 
2250 3539 3544 
2300 3536 3542 
2350 3542 3546 
2400 3542 3539 
2450 3546 3550 
2500 3546 3538 
2550 3548 3544 
2600 3545 3543 
2650 3529 3528 
2700 3551 3553 
2750 3553 3551 
2800 3561 3556 
2850 3567 3571 
2900 3557 3559 
2950 3548 3548 
3000 3538 3539 
3050 3543 3545 
3100 3556 3552 
3150 3535 3534 
3200 3563 3560 
3250 3520 3522 
3300 3536 3546 
3350 3541 3538 
3400 3549 3551 
3450 3533 3535 
3500 3537 3538 
3550 3546 3549 
3600 3548 3553 
3650 3548 3548 
3700 3545 3544 
3750 3537 3535 
3800 3560 3557 
3850 3544 3534 
3900 3555 3553 
3950 3554 3557 
4000 3543 3543 
4050 3547 3549 
4100 3540 3538 
4150 3545 3542 
4200 3535 3538 
4250 3540 3546 
4300 3541 3543 
4350 3541 3540 
4400 3547 3550 
4450 3544 3540 
4500 3542 3534 
4550 3530 3528 
4600 3536 3546 
4650 3540 3542 
4700 3557 3556 
4750 3561 3570 
4800 3549 3556 
4850 3538 3545 
4900 3541 3547 
4950 3536 3539 
5000 3528 3529 
5050 3545 3548 
5100 3556 3552 
5150 3551 3552 
5200 3546 3548 
5250 3543 3539 
5300 3539 3540 
5350 3543 3544 
5400 3551 3549 
5450 3558 3556 
5500 3542 3541 
5550 3551 3547 
5600 3548 3541 
5650 3558 3562 
5700 3538 3533 
5750 3536 3531 
5800 3560 3557 
5850 3534 3536 
5900 3553 3548 
5950 3552 3553 
6000 3547 3548 
6050 3537 3535 
6100 3547 3542 
6150 3551 3553 
6200 3549 3548 
6250 3546 3544 
6300 3531 3535 
6350 3551 3552 
6400 3526 3529 
6450 3545 3541 
6500 3542 3538 
6550 3548 3554 
6600 3549 3547 
6650 3541 3545 
6700 3535 3544 
6750 3548 3557 
6800 3554 3555 
6850 3556 3559 
6900 3543 3547 
6950 3553 3561 
7000 3526 3526 
7050 3527 3528 
7100 3535 3542 
7150 3549 3551 
7200 3548 3550 
7250 3557 3551 
7300 3550 3555 
7350 3556 3557 
7400 3544 3555 
7450 3528 3531 
7500 3538 3542 
7550 3545 3542 
7600 3545 3548 
7650 3563 3564 
7700 3540 3548 
7750 3514 3513 
7800 3547 3542 
7850 3560 3558 
7900 3557 3555 
7950 3549 3553 
8000 3540 3541 
8050 3550 3551 
8100 3544 3549 
8150 3547 3547 
8200 3536 3537 
8250 3555 3550 
8300 3547 3545 
8350 3541 3540 
8400 3543 3539 
8450 3551 3550 
8500 3549 3554 
8550 3541 3540 
8600 3545 3540 
8650 3540 3541 
8700 3535 3542 
8750 3559 3557 
8800 3533 3539 
8850 3553 3549 
8900 3555 3555 
8950 3544 3547 
9000 3553 3547 
9050 3550 3552 
9100 3549 3546 
9150 3550 3555 
9200 3549 3546 
9250 3552 3551 
9300 3557 3549 
9350 3547 3545 
9400 3544 3545 
9450 3548 3548 
9500 3559 3558 
9550 3534 3533 
9600 3539 3534 
9650 3548 3544 
9700 3548 3554 
9750 3537 3535 
9800 3536 3533 
9850 3520 3525 
9900 3531 3536 
9950 3543 3546 
10000 3542 3544 
10050 3549 3549 
10100 3549 3544 
10150 3547 3554 
10200 3546 3549 
10250 3545 3548 
10300 3538 3541 
10350 3543 3548 
10400 3562 3561 
10450 3551 3551 
10500 3557 3554 
10550 3534 3529 
10600 3543 3547 
10650 3532 3537 
10700 3533 3534 
10750 3546 3543 
10800 3546 3551 
10850 3566 3557 
10900 3553 3548 
10950 3555 3556 
11000 3548 3546 
11050 3552 3554 
11100 3544 3543 
11150 3546 3544 
11200 3552 3554 
11250 3551 3551 
11300 3547 3542 
11350 3543 3537 
11400 3553 3550 
11450 3538 3536 
11500 3528 3531 
11550 3552 3556 
11600 3531 3532 
11650 3547 3543 
11700 3545 3546 
11750 3565 3568 
11800 3547 3547 
11850 3544 3545 
11900 3529 3530 
11950 3531 3532 
12000 3540 3532 
12050 3547 3544 
12100 3561 3561 
12150 3551 3552 
12200 3565 3560 
12250 3550 3551 
12300 3555 3558 
12350 3553 3549 
12400 3548 3546 
12450 3553 3548 
12500 3540 3537 
12550 3555 3555 
12600 3553 3554 
12650 3540 3540 
12700 3540 3539 
12750 3543 3537 
12800 3534 3536 
12850 3542 3542 
12900 3549 3550 
12950 3548 3545 
13000 3529 3527 
13050 3552 3546 
13100 3530 3530 
13150 3534 3539 
13200 3539 3537 
13250 3527 3531 
13300 3551 3544 
13350 3527 3523 
13400 3538 3537 
13450 3537 3539 
13500 3532 3536 
13550 3544 3535 
13600 3550 3546 
13650 3555 3556 
13700 3555 3551 
13750 3543 3547 
13800 3546 3540 
13850 3544 3549 
13900 3547 3550 
13950 3535 3533 
14000 3527 3524 
14050 3547 3554 
14100 3544 3545 
14150 3531 3530 
14200 3539 3539 
14250 3542 3547 
14300 3548 3545 
14350 3526 3523 
14400 3547 3549 
14450 3535 3537 
14500 3546 3541 
14550 3564 3564 
14600 3535 3536 
14650 3557 3559 
14700 3548 3550 
14750 3548 3550 
14800 3547 3550 
14850 3543 3540 
14900 3535 3538 
14950 3548 3546 
15000 3554 3554 
15050 3541 3545 
15100 3526 3532 
15150 3544 3542 
15200 3539 3535 
15250 3544 3550 
15300 3532 3537 
15350 3547 3542 
15400 3545 3540 
15450 3539 3543 
15500 3562 3552 
15550 3543 3539 
15600 3554 3555 
15650 3548 3542 
15700 3550 3547 
15750 3548 3547 
15800 3546 3543 
15850 3551 3549 
15900 3552 3548 
15950 3553 3543 
16000 3557 3555 
16050 3559 3553 
16100 3547 3546 
16150 3527 3533 
16200 3554 3553 
16250 3539 3540 
16300 3561 3554 
16350 3551 3547 
16400 3548 3547 
16450 3533 3542 
16500 3557 3555 
16550 3558 3553 
16600 3543 3544 
16650 3550 3547 
16700 3551 3554 
16750 3534 3530 
16800 3550 3543 
16850 3546 3547 
16900 3537 3539 
16950 3554 3551 
17000 3552 3544 
17050 3559 3559 
17100 3560 3557 
17150 3556 3553 
17200 3544 3543 
17250 3541 3536 
17300 3550 3548 
17350 3558 3556 
17400 3544 3547 
17450 3556 3556 
17500 3538 3535 
17550 3558 3558 
17600 3554 3546 
17650 3546 3541 
17700 3539 3537 
17750 3538 3538 
17800 3543 3540 
17850 3544 3544 
17900 3539 3539 
17950 3547 3544 
18000 3541 3536 
18050 3545 3543 
18100 3532 3527 
18150 3555 3553 
18200 3550 3550 
18250 3551 3551 
18300 3548 3554 
18350 3546 3548 
18400 3531 3527 
18450 3541 3535 
18500 3549 3551 
18550 3532 3535 
18600 3549 3553 
18650 3542 3549 
18700 3539 3541 
18750 3537 3538 
18800 3547 3552 
18850 3548 3551 
18900 3544 3535 
18950 3556 3552 
19000 3558 3555 
19050 3543 3542 
19100 3542 3544 
19150 3537 3536 
19200 3535 3541 
19250 3536 3538 
19300 3544 3543 
19350 3540 3545 
19400 3543 3545 
19450 3541 3543 
19500 3553 3551 
19550 3557 3558 
19600 3562 3558 
19650 3548 3552 
19700 3568 3566 
19750 3552 3548 
19800 3552 3553 
19850 3548 3554 
19900 3551 3551 
19950 3536 3538 
20000 3524 3528 
20050 3546 3549 
20100 3543 3541 
20150 3539 3531 
20200 3540 3539 
20250 3545 3543 
20300 3539 3540 
20350 3537 3537 
20400 3545 3548 
20450 3536 3537 
20500 3549 3553 
20550 3550 3553 
20600 3549 3545 
20650 3545 3546 
20700 3547 3545 
20750 3555 3550 
20800 3545 3543 
20850 3544 3546 
20900 3543 3541 
20950 3544 3539 
21000 3541 3548 
21050 3535 3540 
21100 3538 3537 
21150 3532 3530 
21200 3546 3543 
21250 3548 3545 
21300 3548 3547 
21350 3539 3534 
21400 3551 3548 
21450 3551 3547 
21500 3555 3555 
21550 3551 3546 
21600 3538 3539 
21650 3537 3536 
21700 3536 3536 
21750 3538 3540 
21800 3543 3548 
21850 3534 3540 
21900 3540 3539 
21950 3550 3552 
22000 3552 3546 
22050 3527 3525 
22100 3557 3551 
22150 3564 3565 
22200 3554 3554 
22250 3555 3550 
22300 3541 3535 
22350 3541 3536 
22400 3519 3521 
22450 3538 3524 
22500 3547 3546 
22550 3547 3546 
22600 3551 3551 
22650 3550 3538 
22700 3548 3536 
22750 3537 3534 
22800 3557 3562 
22850 3524 3532 
22900 3533 3534 
22950 3550 3543 
23000 3548 3549 
23050 3547 3550 
23100 3548 3547 
23150 3543 3546 
23200 3540 3536 
23250 3546 3553 
23300 3542 3541 
23350 3541 3540 
23400 3553 3545 
23450 3534 3537 
23500 3551 3555 
23550 3561 3552 
23600 3555 3555 
23650 3545 3542 
23700 3539 3536 
23750 3549 3544 
23800 3561 3558 
23850 3545 3541 
23900 3564 3559 
23950 3543 3542 
24000 3531 3537 
24050 3551 3552 
24100 3550 3546 
24150 3544 3546 
24200 3553 3553 
24250 3533 3527 
24300 3552 3551 
24350 3527 3523 
24400 3551 3549 
24450 3541 3535 
24500 3543 3548 
24550 3551 3548 
24600 3557 3549 
24650 3547 3549 
24700 3545 3547 
24750 3538 3535 
24800 3530 3529 
24850 3555 3552 
24900 3555 3553 
24950 3554 3557 
25000 3546 3549 
25050 3552 3551 
25100 3542 3546 
25150 3556 3559 
25200 3528 3528 
25250 3557 3551 
25300 3552 3551 
25350 3545 3547 
25400 3548 3540 
25450 3546 3545 
25500 3540 3540 
25550 3548 3544 
25600 3549 3540 
25650 3557 3553 
25700 3558 3546 
25750 3554 3554 
25800 3556 3551 
25850 3555 3549 
25900 3539 3539 
25950 3548 3543 
26000 3555 3556 
26050 3544 3544 
26100 3547 3543 
26150 3541 3539 
26200 3550 3550 
26250 3539 3539 
26300 3517 3523 
26350 3545 3549 
26400 3534 3531 
26450 3527 3526 
26500 3531 3529 
26550 3523 3521 
26600 3547 3547 
26650 3542 3535 
26700 3535 3541 
26750 3553 3548 
26800 3540 3538 
26850 3555 3550 
26900 3544 3548 
26950 3543 3543 
27000 3549 3549 
27050 3549 3546 
27100 3560 3556 
27150 3541 3541 
27200 3543 3542 
27250 3543 3553 
27300 3545 3550 
27350 3564 3568 
27400 3547 3545 
27450 3554 3554 
27500 3550 3548 
27550 3550 3541 
27600 3564 3565 
27650 3550 3549 
27700 3551 3552 
27750 3547 3542 
27800 3544 3546 
27850 3546 3551 
27900 3522 3525 
27950 3536 3536 
28000 3529 3533 
28050 3545 3550 
28100 3544 3549 
28150 3539 3539 
28200 3544 3544 
28250 3553 3556 
28300 3552 3552 
28350 3539 3541 
28400 3554 3551 
28450 3544 3545 
28500 3540 3538 
28550 3546 3550 
28600 3548 3551 
28650 3554 3553 
28700 3555 3554 
28750 3541 3535 
28800 3547 3549 
28850 3546 3539 
28900 3546 3535 
28950 3550 3541 
29000 3540 3539 
29050 3538 3539 
29100 3519 3518 
29150 3544 3543 
29200 3548 3547 
29250 3550 3549 
29300 3554 3557 
29350 3551 3555 
29400 3536 3539 
29450 3565 3565 
29500 3553 3557 
29550 3556 3545 
29600 3541 3537 
29650 3531 3535 
29700 3552 3550 
29750 3560 3559 
29800 3550 3553 
29850 3540 3543 
29900 3548 3551 
29950 3546 3550 
30000 3556 3551 
30050 3553 3555 
30100 3541 3536 
30150 3537 3536 
30200 3541 3546 
30250 3546 3541 
30300 3536 3534 
30350 3556 3557 
30400 3559 3565 
30450 3533 3528 
30500 3558 3557 
30550 3528 3534 
30600 3556 3556 
30650 3551 3548 
30700 3545 3541 
30750 3558 3559 
30800 3539 3541 
30850 3553 3551 
30900 3535 3540 
30950 3556 3553 
31000 3552 3551 
31050 3552 3555 
31100 3539 3533 
31150 3552 3556 
31200 3560 3558 
31250 3552 3548 
31300 3539 3537 
31350 3552 3548 
31400 3558 3554 
31450 3554 3558 
31500 3554 3558 
31550 3550 3555 
31600 3531 3530 
31650 3541 3538 
31700 3563 3563 
31750 3548 3550 
31800 3560 3559 
31850 3532 3540 
31900 3544 3546 
31950 3532 3531 
32000 3540 3542 
32050 3560 3560 
32100 3555 3561 
32150 3559 3560 
32200 3551 3553 
32250 3546 3545 
32300 3545 3550 
32350 3549 3555 
32400 3535 3532 
32450 3566 3561 
32500 3551 3546 
32550 3555 3560 
32600 3558 3553 
32650 3558 3556 
32700 3564 3562 
32750 3546 3547 
32800 3553 3549 
32850 3553 3551 
32900 3545 3550 
32950 3550 3550 
33000 3559 3553 
33050 3563 3556 
33100 3540 3535 
33150 3536 3543 
33200 3557 3565 
33250 3549 3542 
33300 3550 3550 
33350 3546 3547 
33400 3551 3556 
33450 3550 3552 
33500 3541 3545 
33550 3552 3556 
33600 3555 3552 
33650 3554 3551 
33700 3550 3559 
33750 3536 3534 
33800 3556 3552 
33850 3541 3543 
33900 3555 3552 
33950 3559 3566 
34000 3562 3561 
34050 3532 3537 
34100 3548 3551 
34150 3555 3549 
34200 3547 3556 
34250 3556 3554 
34300 3548 3550 
34350 3544 3545 
34400 3544 3543 
34450 3540 3533 
34500 3542 3547 
34550 3541 3548 
34600 3545 3555 
34650 3544 3551 
34700 3553 3554 
34750 3562 3561 
34800 3543 3544 
34850 3561 3555 
34900 3539 3540 
34950 3558 3564 
35000 3552 3559 
35050 3550 3551 
35100 3557 3549 
35150 3545 3544 
35200 3547 3543 
35250 3553 3553 
35300 3556 3553 
35350 3554 3547 
35400 3556 3559 
35450 3553 3555 
35500 3551 3552 
35550 3558 3560 
35600 3542 3546 
35650 3550 3549 
35700 3553 3552 
35750 3553 3554 
35800 3544 3547 
35850 3560 3558 
35900 3538 3540 
35950 3526 3528 
36000 3549 3549 
36050 3555 3557 
36100 3545 3544 
36150 3551 3549 
36200 3545 3543 
36250 3555 3552 
36300 3548 3547 
36350 3550 3550 
36400 3540 3532 
36450 3544 3539 
36500 3550 3552 
36550 3559 3553 
36600 3545 3539 
36650 3556 3554 
36700 3562 3567 
36750 3551 3551 
36800 3544 3542 
36850 3556 3556 
36900 3552 3556 
36950 3547 3551 
37000 3556 3559 
37050 3554 3556 
37100 3543 3542 
37150 3557 3555 
37200 3547 3546 
37250 3555 3555 
37300 3554 3552 
37350 3551 3551 
37400 3543 3542 
37450 3546 3542 
37500 3544 3542 
37550 3538 3545 
37600 3542 3543 
37650 3535 3538 
37700 3569 3576 
37750 3544 3544 
37800 3555 3552 
37850 3551 3551 
37900 3552 3548 
37950 3554 3552 
38000 3542 3537 
38050 3558 3558 
38100 3551 3548 
38150 3546 3546 
38200 3559 3557 
38250 3566 3569 
38300 3551 3544 
38350 3544 3539 
38400 3555 3549 
38450 3552 3551 
38500 3541 3546 
38550 3541 3545 
38600 3559 3557 
38650 3541 3541 
38700 3546 3543 
38750 3549 3557 
38800 3548 3544 
38850 3548 3547 
38900 3523 3531 
38950 3555 3558 
39000 3555 3556 
39050 3539 3543 
39100 3544 3547 
39150 3558 3556 
39200 3540 3535 
39250 3556 3560 
39300 3549 3554 
39350 3540 3537 
39400 3564 3565 
39450 3540 3538 
39500 3555 3551 
39550 3546 3548 
39600 3546 3550 
39650 3538 3535 
39700 3553 3551 
39750 3559 3551 
39800 3544 3550 
39850 3539 3540 
39900 3537 3537 
39950 3547 3550 
40000 3540 3540 
40050 3541 3539 
40100 3555 3553 
40150 3553 3551 
40200 3549 3553 
40250 3553 3557 
40300 3536 3541 
40350 3544 3542 
40400 3550 3546 
40450 3545 3548 
40500 3540 3539 
40550 3537 3534 
40600 3544 3546 
40650 3549 3541 
40700 3534 3539 
40750 3546 3552 
40800 3556 3557 
40850 3550 3548 
40900 3540 3542 
40950 3548 3550 
41000 3549 3554 
41050 3535 3535 
41100 3557 3556 
41150 3568 3571 
41200 3557 3555 
41250 3549 3547 
41300 3548 3551 
41350 3554 3560 
41400 3546 3547 
41450 3562 3562 
41500 3556 3557 
41550 3546 3546 
41600 3542 3544 
41650 3567 3568 
41700 3551 3550 
41750 3563 3563 
41800 3536 3536 
41850 3564 3562 
41900 3557 3550 
41950 3562 3560 
42000 3541 3543 
42050 3546 3547 
42100 3549 3551 
42150 3552 3545 
42200 3550 3544 
42250 3543 3550 
42300 3550 3555 
42350 3551 3550 
42400 3544 3543 
42450 3543 3543 
42500 3546 3538 
42550 3552 3550 
42600 3551 3551 
42650 3551 3550 
42700 3551 3544 
42750 3552 3548 
42800 3561 3556 
42850 3547 3539 
42900 3556 3559 
42950 3549 3553 
43000 3546 3543 
43050 3544 3541 
43100 3555 3553 
43150 3553 3552 
43200 3551 3556 
43250 3561 3552 
43300 3546 3546 
43350 3544 3540 
43400 3546 3551 
43450 3533 3538 
43500 3558 3555 
43550 3551 3550 
43600 3549 3551 
43650 3546 3543 
43700 3545 3549 
43750 3536 3528 
43800 3529 3528 
43850 3547 3555 
43900 3547 3545 
43950 3539 3536 
44000 3536 3536 
44050 3540 3538 
44100 3537 3537 
44150 3564 3559 
44200 3549 3551 
44250 3540 3539 
44300 3548 3550 
44350 3530 3539 
44400 3560 3555 
44450 3537 3535 
44500 3553 3551 
44550 3560 3559 
44600 3554 3555 
44650 3555 3555 
44700 3554 3551 
44750 3558 3560 
44800 3546 3548 
44850 3544 3550 
44900 3541 3536 
44950 3550 3547 
45000 3540 3537 
45050 3552 3543 
45100 3548 3543 
45150 3558 3559 
45200 3547 3542 
45250 3546 3553 
45300 3553 3550 
45350 3540 3532 
45400 3554 3550 
45450 3539 3539 
45500 3541 3546 
45550 3533 3527 
45600 3559 3557 
45650 3552 3550 
45700 3547 3550 
45750 3535 3539 
45800 3542 3541 
45850 3545 3547 
45900 3538 3540 
45950 3550 3545 
46000 3555 3552 
46050 3548 3545 
46100 3558 3557 
46150 3567 3561 
46200 3556 3555 
46250 3554 3550 
46300 3560 3557 
46350 3552 3554 
46400 3551 3550 
46450 3552 3546 
46500 3558 3557 
46550 3553 3551 
46600 3549 3550 
46650 3542 3540 
46700 3551 3550 
46750 3546 3548 
46800 3547 3544 
46850 3551 3554 
46900 3563 3561 
46950 3549 3543 
47000 3533 3527 
47050 3542 3546 
47100 3546 3543 
47150 3545 3538 
47200 3560 3561 
47250 3544 3539 
47300 3543 3540 
47350 3562 3560 
47400 3539 3541 
47450 3571 3565 
47500 3561 3555 
47550 3554 3556 
47600 3540 3533 
47650 3552 3546 
47700 3555 3558 
47750 3550 3543 
47800 3547 3543 
47850 3557 3556 
47900 3552 3550 
47950 3549 3546 
48000 3557 3556 
48050 3557 3561 
48100 3551 3554 
48150 3545 3544 
48200 3548 3550 
48250 3551 3551 
48300 3552 3557 
48350 3548 3546 
48400 3539 3544 
48450 3543 3546 
48500 3552 3548 
48550 3553 3554 
48600 3544 3541 
48650 3549 3549 
48700 3542 3543 
48750 3561 3566 
48800 3542 3543 
48850 3547 3548 
48900 3554 3550 
48950 3547 3553 
49000 3550 3550 
49050 3539 3541 
49100 3553 3553 
49150 3538 3543 
49200 3534 3537 
49250 3564 3564 
49300 3540 3542 
49350 3540 3536 
49400 3533 3535 
49450 3552 3553 
49500 3547 3549 
49550 3559 3559 
49600 3546 3546 
49650 3546 3546 
49700 3549 3554 
49750 3553 3550 
49800 3554 3557 
49850 3561 3565 
49900 3555 3566 
49950 3549 3549 
50000 3537 3536 
50050 3534 3536 
50100 3548 3547 
50150 3541 3538 
50200 3560 3564 
50250 3560 3562 
50300 3557 3557 
50350 3565 3564 
50400 3540 3542 
50450 3544 3543 
50500 3544 3544 
50550 3543 3545 
50600 3546 3547 
50650 3533 3544 
50700 3556 3557 
50750 3562 3564 
50800 3543 3546 
50850 3551 3547 
50900 3555 3555 
50950 3541 3543 
51000 3553 3555 
51050 3543 3547 
51100 3557 3561 
51150 3555 3562 
51200 3558 3556 
51250 3547 3547 
51300 3548 3553 
51350 3554 3558 
51400 3551 3554 
51450 3546 3546 
51500 3546 3543 
51550 3542 3544 
51600 3559 3557 
51650 3542 3547 
51700 3551 3550 
51750 3553 3556 
51800 3539 3542 
51850 3550 3552 
51900 3551 3553 
51950 3548 3550 
52000 3558 3555 
52050 3540 3538 
52100 3550 3548 
52150 3550 3552 
52200 3550 3547 
52250 3544 3546 
52300 3559 3557 
52350 3558 3562 
52400 3551 3545 
52450 3544 3548 
52500 3556 3560 
52550 3565 3565 
52600 3550 3553 
52650 3538 3537 
52700 3550 3553 
52750 3549 3552 
52800 3552 3553 
52850 3538 3541 
52900 3560 3555 
52950 3546 3550 
53000 3544 3539 
53050 3547 3544 
53100 3559 3556 
53150 3556 3561 
53200 3548 3546 
53250 3558 3556 
53300 3565 3559 
53350 3555 3547 
53400 3551 3548 
53450 3547 3547 
53500 3570 3566 
53550 3553 3552 
53600 3543 3552 
53650 3539 3534 
53700 3553 3552 
53750 3559 3564 
53800 3551 3544 
53850 3560 3568 
53900 3560 3559 
53950 3539 3543 
54000 3546 3548 
54050 3548 3552 
54100 3540 3536 
54150 3546 3549 
54200 3542 3540 
54250 3534 3527 
54300 3548 3551 
54350 3547 3550 
54400 3551 3553 
54450 3542 3540 
54500 3549 3540 
54550 3552 3551 
54600 3569 3569 
54650 3552 3551 
54700 3547 3544 
54750 3561 3562 
54800 3544 3543 
54850 3544 3544 
54900 3551 3548 
54950 3543 3543 
55000 3552 3561 
55050 3543 3543 
55100 3552 3554 
55150 3538 3545 
55200 3553 3552 
55250 3533 3532 
55300 3554 3560 
55350 3549 3555 
55400 3536 3545 
55450 3554 3557 
55500 3544 3546 
55550 3551 3550 
55600 3537 3527 
55650 3534 3535 
55700 3545 3547 
55750 3545 3551 
55800 3560 3554 
55850 3567 3564 
55900 3553 3560 
55950 3558 3557 
56000 3543 3545 
56050 3552 3548 
56100 3540 3545 
56150 3552 3562 
56200 3541 3538 
56250 3534 3535 
56300 3550 3551 
56350 3557 3550 
56400 3540 3539 
56450 3556 3557 
56500 3554 3558 
56550 3541 3546 
56600 3532 3530 
56650 3549 3550 
56700 3541 3542 
56750 3546 3556 
56800 3555 3552 
56850 3558 3548 
56900 3552 3546 
56950 3550 3548 
57000 3562 3558 
57050 3543 3543 
57100 3556 3559 
57150 3527 3524 
57200 3550 3551 
57250 3547 3548 
57300 3548 3544 
57350 3555 3554 
57400 3548 3544 
57450 3551 3550 
57500 3549 3550 
57550 3551 3553 
57600 3543 3537 
57650 3543 3538 
57700 3551 3554 
57750 3539 3546 
57800 3539 3537 
57850 3559 3556 
57900 3556 3552 
57950 3559 3552 
58000 3550 3553 
58050 3536 3538 
58100 3557 3557 
58150 3548 3548 
58200 3556 3556 
58250 3559 3556 
58300 3551 3549 
58350 3551 3558 
58400 3549 3551 
58450 3548 3548 
58500 3544 3537 
58550 3558 3565 
58600 3550 3563 
58650 3552 3556 
58700 3550 3543 
58750 3551 3550 
58800 3567 3558 
58850 3550 3551 
58900 3547 3544 
58950 3553 3549 
59000 3550 3550 
59050 3550 3557 
59100 3553 3552 
59150 3542 3545 
59200 3557 3558 
59250 3553 3554 
59300 3552 3560 
59350 3544 3542 
59400 3561 3561 
59450 3552 3548 
59500 3545 3547 
59550 3557 3557 
59600 3550 3544 
59650 3555 3546 
59700 3549 3547 
59750 3545 3546 
59800 3551 3557 
59850 3549 3549 
59900 3559 3555 
59950 3555 3546 
60000 3548 3547 
60050 3541 3544 
60100 3552 3552 
60150 3550 3548 
60200 3558 3555 
60250 3552 3550 
60300 3556 3555 
60350 3561 3557 
60400 3555 3552 
60450 3545 3545 
60500 3543 3540 
60550 3546 3545 
60600 3564 3563 
60650 3543 3547 
60700 3561 3560 
60750 3549 3549 
60800 3549 3546 
60850 3540 3538 
60900 3555 3553 
60950 3540 3534 
61000 3548 3546 
61050 3550 3549 
61100 3562 3562 
61150 3542 3539 
61200 3550 3552 
61250 3543 3549 
61300 3546 3542 
61350 3565 3561 
61400 3550 3550 
61450 3549 3546 
61500 3557 3553 
61550 3545 3544 
61600 3548 3549 
61650 3543 3541 
61700 3554 3552 
61750 3554 3550 
61800 3549 3547 
61850 3561 3562 
61900 3549 3549 
61950 3546 3546 
62000 3561 3557 
62050 3555 3559 
62100 3559 3555 
62150 3555 3549 
62200 3551 3548 
62250 3535 3532 
62300 3551 3547 
62350 3560 3562 
62400 3553 3548 
62450 3550 3546 
62500 3564 3556 
62550 3549 3551 
62600 3565 3567 
62650 3554 3559 
62700 3549 3544 
62750 3543 3539 
62800 3553 3553 
62850 3544 3547 
62900 3556 3549 
62950 3521 3521 
63000 3546 3543 
63050 3552 3556 
63100 3552 3553 
63150 3541 3536 
63200 3567 3562 
63250 3548 3544 
63300 3561 3558 
63350 3554 3554 
63400 3552 3546 
63450 3549 3547 
63500 3545 3546 
63550 3541 3536 
63600 3551 3548 
63650 3537 3543 
63700 3545 3549 
63750 3547 3554 
63800 3570 3570 
63850 3544 3544 
63900 3558 3556 
63950 3549 3552 
64000 3563 3561 
64050 3545 3547 
64100 3542 3539 
64150 3551 3550 
64200 3560 3559 
64250 3535 3537 
64300 3536 3538 
64350 3559 3560 
64400 3550 3547 
64450 3546 3534 
64500 3549 3549 
64550 3555 3556 
64600 3553 3553 
64650 3562 3565 
64700 3553 3559 
64750 3553 3554 
64800 3542 3544 
64850 3550 3544 
64900 3535 3540 
64950 3532 3532 
65000 3541 3537 
65050 3557 3554 
65100 3540 3544 
65150 3552 3557 
65200 3541 3538 
65250 3545 3549 
65300 3559 3556 
65350 3560 3557 
65400 3556 3555 
65450 3550 3543 
65500 3550 3549 
65550 3564 3564 
65600 3560 3553 
65650 3558 3561 
65700 3557 3568 
65750 3540 3536 
65800 3551 3550 
65850 3543 3540 
65900 3535 3538 
65950 3542 3547 
66000 3538 3544 
66050 3562 3557 
66100 3555 3547 
66150 3545 3535 
66200 3555 3559 
66250 3549 3545 
66300 3549 3558 
66350 3550 3550 
66400 3546 3543 
66450 3549 3549 
66500 3555 3543 
66550 3545 3539 
66600 3541 3547 
66650 3543 3537 
66700 3538 3536 
66750 3543 3547 
66800 3560 3566 
66850 3555 3559 
66900 3556 3554 
66950 3554 3560 
67000 3548 3548 
67050 3536 3533 
67100 3533 3528 
67150 3554 3554 
67200 3558 3562 
67250 3544 3545 
67300 3536 3533 
67350 3543 3543 
67400 3560 3561 
67450 3551 3551 
67500 3553 3550 
67550 3543 3550 
67600 3540 3540 
67650 3535 3534 
67700 3552 3557 
67750 3559 3555 
67800 3536 3541 
67850 3553 3557 
67900 3541 3539 
67950 3547 3545 
68000 3536 3542 
68050 3552 3543 
68100 3548 3542 
68150 3544 3541 
68200 3536 3530 
68250 3557 3556 
68300 3550 3550 
68350 3554 3552 
68400 3542 3543 
68450 3550 3549 
68500 3545 3544 
68550 3551 3550 
68600 3557 3556 
68650 3557 3557 
68700 3560 3557 
68750 3553 3546 
68800 3532 3537 
68850 3555 3554 
68900 3550 3549 
68950 3547 3544 
69000 3542 3552 
69050 3544 3546 
69100 3554 3552 
69150 3554 3554 
69200 3550 3545 
69250 3558 3554 
69300 3540 3537 
69350 3546 3544 
69400 3545 3543 
69450 3552 3547 
69500 3550 3555 
69550 3550 3552 
69600 3554 3552 
69650 3553 3545 
69700 3551 3546 
69750 3548 3549 
69800 3552 3555 
69850 3550 3556 
69900 3562 3565 
69950 3545 3546 
70000 3539 3534 
70050 3551 3554 
70100 3537 3535 
70150 3564 3563 
70200 3564 3569 
70250 3544 3551 
70300 3542 3540 
70350 3554 3549 
70400 3562 3559 
70450 3546 3554 
70500 3552 3553 
70550 3560 3553 
70600 3558 3552 
70650 3553 3555 
70700 3539 3541 
70750 3547 3553 
70800 3557 3555 
70850 3547 3546 
70900 3546 3547 
70950 3546 3546 
71000 3544 3541 
71050 3556 3552 
71100 3550 3564 
71150 3544 3544 
71200 3541 3547 
71250 3562 3563 
71300 3553 3548 
71350 3550 3549 
71400 3548 3544 
71450 3551 3553 
71500 3551 3550 
71550 3557 3558 
71600 3562 3564 
71650 3550 3549 
71700 3542 3541 
71750 3543 3539 
71800 3560 3561 
71850 3554 3551 
71900 3541 3545 
71950 3557 3554 
72000 3563 3566 
72050 3557 3553 
72100 3538 3541 
72150 3534 3535 
72200 3556 3556 
72250 3545 3537 
72300 3558 3558 
72350 3536 3537 
72400 3550 3551 
72450 3546 3550 
72500 3548 3545 
72550 3543 3543 
72600 3545 3539 
72650 3553 3554 
72700 3552 3552 
72750 3543 3544 
72800 3543 3537 
72850 3559 3563 
72900 3555 3556 
72950 3544 3545 
73000 3542 3547 
73050 3556 3557 
73100 3543 3542 
73150 3548 3543 
73200 3555 3556 
73250 3535 3542 
73300 3544 3547 
73350 3554 3552 
73400 3558 3555 
73450 3534 3541 
73500 3554 3556 
73550 3550 3548 
73600 3547 3547 
73650 3523 3522 
73700 3544 3540 
73750 3548 3552 
73800 3529 3533 
73850 3553 3558 
73900 3556 3560 
73950 3558 3553 
74000 3555 3562 
74050 3536 3535 
74100 3557 3555 
74150 3559 3560 
74200 3548 3546 
74250 3551 3547 
74300 3544 3544 
74350 3551 3553 
74400 3555 3556 
74450 3546 3544 
74500 3557 3552 
74550 3560 3562 
74600 3559 3559 
74650 3550 3546 
74700 3550 3545 
74750 3558 3556 
74800 3546 3549 
74850 3566 3564 
74900 3558 3559 
74950 3551 3555 
75000 3536 3533 
75050 3540 3530 
75100 3551 3548 
75150 3551 3547 
75200 3546 3543 
75250 3541 3543 
75300 3547 3545 
75350 3542 3539 
75400 3546 3544 
75450 3550 3552 
75500 3540 3540 
75550 3544 3545 
75600 3542 3547 
75650 3549 3550 
75700 3543 3542 
75750 3548 3547 
75800 3539 3543 
75850 3538 3540 
75900 3543 3545 
75950 3544 3542 
76000 3540 3542 
76050 3540 3534 
76100 3549 3546 
76150 3550 3549 
76200 3550 3551 
76250 3558 3558 
76300 3536 3537 
76350 3547 3550 
76400 3545 3553 
76450 3544 3547 
76500 3549 3550 
76550 3549 3552 
76600 3563 3562 
76650 3556 3555 
76700 3541 3541 
76750 3539 3551 
76800 3554 3557 
76850 3541 3535 
76900 3541 3539 
76950 3561 3557 
77000 3561 3560 
77050 3563 3557 
77100 3543 3546 
77150 3548 3548 
77200 3550 3551 
77250 3550 3550 
77300 3545 3550 
77350 3557 3546 
77400 3550 3543 
77450 3555 3550 
77500 3535 3538 
77550 3560 3552 
77600 3540 3542 
77650 3558 3559 
77700 3525 3534 
77750 3555 3555 
77800 3551 3545 
77850 3554 3556 
77900 3556 3555 
77950 3544 3544 
78000 3544 3547 
78050 3536 3535 
78100 3546 3545 
78150 3536 3543 
78200 3556 3558 
78250 3541 3546 
78300 3555 3553 
78350 3541 3543 
78400 3557 3555 
78450 3544 3541 
78500 3550 3547 
78550 3556 3556 
78600 3545 3548 
78650 3551 3546 
78700 3559 3553 
78750 3549 3546 
78800 3549 3551 
78850 3548 3546 
78900 3545 3541 
78950 3551 3548 
79000 3555 3555 
79050 3532 3531 
79100 3532 3537 
79150 3530 3530 
79200 3554 3557 
79250 3542 3543 
79300 3538 3534 
79350 3550 3551 
79400 3545 3553 
79450 3566 3563 
79500 3566 3568 
79550 3552 3554 
79600 3543 3546 
79650 3530 3533 
79700 3543 3540 
79750 3544 3544 
79800 3551 3551 
79850 3564 3559 
79900 3554 3553 
79950 3558 3553 
80000 3561 3562 
80050 3553 3546 
80100 3546 3551 
80150 3553 3552 
80200 3554 3548 
80250 3559 3556 
80300 3541 3544 
80350 3542 3547 
80400 3560 3554 
80450 3543 3540 
80500 3541 3538 
80550 3548 3551 
80600 3554 3553 
80650 3549 3546 
80700 3552 3545 
80750 3554 3555 
80800 3560 3564 
80850 3531 3537 
80900 3552 3553 
80950 3552 3555 
81000 3555 3558 
81050 3554 3553 
81100 3555 3553 
81150 3550 3542 
81200 3553 3553 
81250 3561 3555 
81300 3545 3547 
81350 3546 3547 
81400 3553 3553 
81450 3548 3537 
81500 3536 3544 
81550 3546 3546 
81600 3542 3542 
81650 3544 3546 
81700 3548 3542 
81750 3550 3544 
81800 3544 3544 
81850 3553 3551 
81900 3555 3550 
81950 3557 3554 
82000 3547 3550 
82050 3549 3548 
82100 3550 3552 
82150 3533 3527 
82200 3547 3544 
82250 3543 3542 
82300 3559 3554 
82350 3545 3550 
82400 3553 3554 
82450 3555 3552 
82500 3558 3553 
82550 3534 3531 
82600 3558 3552 
82650 3557 3557 
82700 3550 3552 
82750 3565 3562 
82800 3555 3557 
82850 3548 3548 
82900 3566 3564 
82950 3549 3550 
83000 3541 3541 
83050 3538 3539 
83100 3559 3558 
83150 3572 3568 
83200 3548 3548 
83250 3563 3563 
83300 3538 3538 
83350 3545 3540 
83400 3552 3550 
83450 3552 3549 
83500 3549 3548 
83550 3553 3553 
83600 3554 3557 
83650 3551 3547 
83700 3552 3549 
83750 3548 3546 
83800 3532 3526 
83850 3553 3549 
83900 3538 3536 
83950 3556 3556 
84000 3542 3535 
84050 3549 3545 
84100 3537 3528 
84150 3559 3551 
84200 3543 3542 
84250 3542 3542 
84300 3549 3540 
84350 3551 3545 
84400 3541 3540 
84450 3545 3544 
84500 3553 3549 
84550 3555 3552 
84600 3565 3562 
84650 3572 3568 
84700 3566 3564 
84750 3555 3554 
84800 3551 3552 
84850 3548 3544 
84900 3545 3547 
84950 3548 3558 
85000 3534 3536 
85050 3548 3545 
85100 3538 3543 
85150 3535 3541 
85200 3547 3550 
85250 3553 3544 
85300 3566 3565 
85350 3556 3554 
85400 3557 3555 
85450 3548 3551 
85500 3547 3551 
85550 3540 3548 
85600 3550 3550 
85650 3562 3558 
85700 3541 3545 
85750 3547 3544 
85800 3539 3537 
85850 3558 3560 
85900 3540 3539 
85950 3541 3538 
86000 3543 3538 
86050 3544 3543 
86100 3544 3546 
86150 3550 3550 
86200 3554 3555 
86250 3545 3548 
86300 3559 3556 
86350 3552 3547 
86400 3556 3556 
86450 3556 3563 
86500 3549 3554 
86550 3557 3563 
86600 3548 3551 
86650 3531 3532 
86700 3562 3564 
86750 3552 3558 
86800 3558 3550 
86850 3539 3540 
86900 3544 3546 
86950 3539 3543 
87000 3552 3551 
87050 3540 3535 
87100 3546 3544 
87150 3550 3546 
87200 3541 3535 
87250 3547 3546 
87300 3526 3531 
87350 3531 3531 
87400 3547 3550 
87450 3532 3527 
87500 3555 3555 
87550 3552 3543 
87600 3558 3555 
87650 3559 3554 
87700 3549 3542 
87750 3541 3544 
87800 3527 3528 
87850 3544 3539 
87900 3551 3545 
87950 3551 3551 
88000 3533 3533 
88050 3556 3557 
88100 3535 3537 
88150 3546 3548 
88200 3558 3556 
88250 3550 3548 
88300 3550 3559 
88350 3541 3544 
88400 3539 3542 
88450 3547 3543 
88500 3544 3545 
88550 3555 3558 
88600 3549 3545 
88650 3563 3564 
88700 3535 3532 
88750 3556 3551 
88800 3549 3545 
88850 3552 3551 
88900 3544 3537 
88950 3556 3556 
89000 3553 3553 
89050 3544 3543 
89100 3549 3548 
89150 3534 3543 
89200 3538 3543 
89250 3557 3557 
89300 3542 3541 
89350 3551 3555 
89400 3554 3554 
89450 3549 3556 
89500 3557 3559 
89550 3538 3538 
89600 3560 3550 
89650 3535 3538 
89700 3558 3548 
89750 3561 3564 
89800 3540 3541 
89850 3533 3533 
89900 3546 3544 
89950 3563 3561 
90000 3555 3548 
90050 3559 3557 
90100 3554 3557 
90150 3552 3545 
90200 3542 3536 
90250 3554 3556 
90300 3538 3543 
90350 3550 3550 
90400 3554 3545 
90450 3539 3534 
90500 3556 3550 
90550 3549 3549 
90600 3553 3552 
90650 3538 3539 
90700 3546 3553 
90750 3544 3550 
90800 3558 3558 
90850 3555 3552 
90900 3552 3556 
90950 3553 3550 
91000 3542 3545 
91050 3545 3543 
91100 3552 3545 
91150 3545 3548 
91200 3547 3550 
91250 3530 3537 
91300 3564 3555 
91350 3556 3555 
91400 3561 3553 
91450 3541 3537 
91500 3541 3539 
91550 3535 3539 
91600 3531 3535 
91650 3547 3545 
91700 3535 3534 
91750 3553 3548 
91800 3547 3545 
91850 3536 3545 
91900 3549 3550 
91950 3541 3539 
92000 3559 3559 
92050 3541 3536 
92100 3540 3544 
92150 3537 3537 
92200 3549 3546 
92250 3548 3550 
92300 3559 3562 
92350 3552 3549 
92400 3549 3550 
92450 3549 3556 
92500 3576 3572 
92550 3566 3564 
92600 3553 3553 
92650 3545 3546 
92700 3548 3554 
92750 3553 3559 
92800 3550 3555 
92850 3548 3548 
92900 3560 3552 
92950 3528 3527 
93000 3538 3543 
93050 3541 3543 
93100 3554 3561 
93150 3539 3536 
93200 3542 3545 
93250 3546 3541 
93300 3555 3549 
93350 3546 3552 
93400 3544 3542 
93450 3552 3552 
93500 3556 3560 
93550 3553 3552 
93600 3551 3547 
93650 3541 3541 
93700 3563 3562 
93750 3545 3546 
93800 3545 3546 
93850 3558 3556 
93900 3540 3547 
93950 3544 3544 
94000 3538 3537 
94050 3546 3542 
94100 3541 3536 
94150 3547 3547 
94200 3539 3543 
94250 3533 3543 
94300 3544 3540 
94350 3559 3557 
94400 3557 3556 
94450 3548 3549 
94500 3539 3539 
94550 3561 3559 
94600 3549 3551 
94650 3548 3549 
94700 3557 3551 
94750 3567 3566 
94800 3557 3563 
94850 3548 3549 
94900 3544 3548 
94950 3547 3541 
95000 3550 3553 
95050 3558 3567 
95100 3544 3551 
95150 3541 3544 
95200 3539 3535 
95250 3549 3550 
95300 3543 3550 
95350 3554 3553 
95400 3547 3551 
95450 3558 3559 
95500 3551 3550 
95550 3559 3560 
95600 3550 3544 
95650 3537 3544 
95700 3546 3549 
95750 3547 3542 
95800 3552 3549 
95850 3554 3554 
95900 3538 3543 
95950 3553 3556 
96000 3551 3550 
96050 3546 3543 
96100 3559 3559 
96150 3544 3544 
96200 3546 3547 
96250 3550 3547 
96300 3555 3555 
96350 3551 3551 
96400 3561 3559 
96450 3539 3535 
96500 3531 3532 
96550 3558 3555 
96600 3542 3544 
96650 3549 3545 
96700 3541 3542 
96750 3541 3542 
96800 3561 3562 
96850 3553 3553 
96900 3543 3546 
96950 3529 3537 
97000 3541 3542 
97050 3545 3550 
97100 3546 3539 
97150 3546 3548 
97200 3551 3553 
97250 3547 3544 
97300 3551 3551 
97350 3554 3553 
97400 3540 3539 
97450 3547 3552 
97500 3548 3556 
97550 3566 3559 
97600 3545 3543 
97650 3550 3549 
97700 3550 3546 
97750 3550 3553 
97800 3553 3554 
97850 3555 3555 
97900 3546 3544 
97950 3550 3552 
98000 3527 3531 
98050 3557 3554 
98100 3546 3549 
98150 3558 3559 
98200 3561 3558 
98250 3555 3553 
98300 3554 3555 
98350 3542 3543 
98400 3548 3551 
98450 3565 3560 
98500 3543 3545 
98550 3568 3571 
98600 3543 3542 
98650 3542 3541 
98700 3540 3551 
98750 3544 3542 
98800 3555 3554 
98850 3542 3539 
98900 3539 3541 
98950 3541 3543 
99000 3548 3548 
99050 3543 3547 
99100 3546 3540 
99150 3554 3551 
99200 3544 3532 
99250 3553 3556 
99300 3555 3556 
99350 3548 3541 
99400 3553 3553 
99450 3550 3542 
99500 3541 3541 
99550 3567 3565 
99600 3549 3550 
99650 3554 3562 
99700 3546 3548 
99750 3546 3548 
99800 3546 3542 
99850 3558 3553 
99900 3545 3540 
99950 3551 3551 
100000 3551 3556 
100050 3540 3546 
100100 3533 3538 
100150 3550 3547 
100200 3564 3561 
100250 3537 3531 
100300 3542 3538 
100350 3551 3554 
100400 3548 3546 
100450 3550 3548 
100500 3565 3566 
100550 3540 3536 
100600 3550 3550 
100650 3541 3541 
100700 3549 3546 
100750 3548 3555 
100800 3538 3541 
100850 3556 3550 
100900 3550 3551 
100950 3551 3543 
101000 3570 3565 
101050 3545 3543 
101100 3554 3554 
101150 3534 3544 
101200 3553 3549 
101250 3566 3561 
101300 3559 3556 
101350 3530 3523 
101400 3539 3542 
101450 3544 3536 
101500 3551 3549 
101550 3558 3558 
101600 3536 3533 
101650 3549 3549 
101700 3551 3552 
101750 3554 3553 
101800 3545 3542 
101850 3549 3542 
101900 3547 3540 
101950 3557 3551 
102000 3548 3553 
102050 3543 3541 
102100 3557 3552 
102150 3549 3553 
102200 3540 3544 
102250 3539 3550 
102300 3547 3554 
102350 3556 3551 
102400 3552 3555 
102450 3557 3563 
102500 3552 3558 
102550 3559 3557 
102600 3528 3523 
102650 3532 3529 
102700 3532 3534 
102750 3534 3528 
102800 3547 3553 
102850 3545 3546 
102900 3561 3561 
102950 3551 3547 
103000 3560 3560 
103050 3560 3562 
103100 3550 3548 
103150 3552 3552 
103200 3551 3543 
103250 3544 3542 
103300 3544 3540 
103350 3553 3550 
103400 3557 3559 
103450 3545 3543 
103500 3538 3535 
103550 3544 3538 
103600 3539 3534 
103650 3555 3553 
103700 3547 3544 
103750 3562 3555 
103800 3558 3556 
103850 3553 3557 
103900 3545 3541 
103950 3574 3567 
104000 3546 3542 
104050 3557 3556 
104100 3554 3551 
104150 3554 3555 
104200 3554 3547 
104250 3548 3542 
104300 3551 3554 
104350 3555 3554 
104400 3554 3557 
104450 3531 3535 
104500 3552 3548 
104550 3552 3549 
104600 3548 3553 
104650 3556 3555 
104700 3554 3551 
104750 3556 3547 
104800 3553 3544 
104850 3560 3554 
104900 3532 3534 
104950 3555 3556 
105000 3549 3551 
105050 3550 3551 
105100 3561 3553 
105150 3539 3539 
105200 3566 3560 
105250 3547 3542 
105300 3540 3542 
105350 3551 3556 
105400 3569 3568 
105450 3546 3549 
105500 3566 3569 
105550 3545 3551 
105600 3556 3556 
105650 3550 3551 
105700 3550 3556 
105750 3561 3561 
105800 3549 3552 
105850 3534 3533 
105900 3553 3547 
105950 3552 3549 
106000 3544 3540 
106050 3541 3540 
106100 3544 3536 
106150 3557 3551 
106200 3541 3537 
106250 3565 3567 
106300 3549 3555 
106350 3556 3556 
106400 3540 3541 
106450 3551 3552 
106500 3551 3555 
106550 3548 3547 
106600 3555 3553 
106650 3543 3540 
106700 3550 3545 
106750 3573 3572 
106800 3543 3545 
106850 3544 3540 
106900 3561 3550 
106950 3549 3542 
107000 3550 3547 
107050 3556 3551 
107100 3546 3548 
107150 3538 3539 
107200 3548 3546 
107250 3542 3541 
107300 3542 3539 
107350 3546 3546 
107400 3554 3548 
107450 3558 3559 
107500 3550 3548 
107550 3556 3554 
107600 3564 3558 
107650 3550 3547 
107700 3567 3569 
107750 3555 3555 
107800 3564 3561 
107850 3533 3536 
107900 3558 3553 
107950 3551 3548 
108000 3546 3553 
108050 3532 3538 
108100 3549 3546 
108150 3559 3555 
108200 3545 3545 
108250 3553 3550 
108300 3560 3558 
108350 3542 3543 
108400 3545 3546 
108450 3554 3555 
108500 3564 3559 
108550 3556 3556 
108600 3557 3552 
108650 3555 3555 
108700 3545 3535 
108750 3541 3537 
108800 3558 3552 
108850 3553 3543 
108900 3553 3546 
108950 3556 3554 
109000 3557 3557 
109050 3556 3555 
109100 3562 3568 
109150 3553 3561 
109200 3562 3558 
109250 3553 3552 
109300 3561 3553 
109350 3535 3533 
109400 3553 3548 
109450 3543 3544 
109500 3554 3554 
109550 3559 3557 
109600 3560 3556 
109650 3555 3553 
109700 3558 3557 
109750 3558 3556 
109800 3544 3540 
109850 3560 3558 
109900 3541 3542 
109950 3557 3551 
110000 3549 3543 
110050 3551 3550 
110100 3566 3565 
110150 3537 3536 
110200 3553 3550 
110250 3544 3541 
110300 3554 3557 
110350 3551 3548 
110400 3557 3547 
110450 3539 3544 
110500 3542 3542 
110550 3558 3556 
110600 3529 3529 
110650 3538 3546 
110700 3530 3530 
110750 3535 3537 
110800 3555 3553 
110850 3549 3548 
110900 3549 3546 
110950 3537 3541 
111000 3557 3559 
111050 3569 3566 
111100 3567 3561 
111150 3546 3545 
111200 3541 3539 
111250 3540 3542 
111300 3542 3540 
111350 3533 3533 
111400 3548 3547 
111450 3531 3531 
111500 3547 3545 
111550 3556 3557 
111600 3546 3549 
111650 3542 3540 
111700 3548 3547 
111750 3551 3555 
111800 3552 3553 
111850 3556 3548 
111900 3538 3542 
111950 3552 3556 
112000 3538 3539 
112050 3553 3550 
112100 3551 3551 
112150 3560 3558 
112200 3561 3566 
112250 3565 3564 
112300 3560 3554 
112350 3547 3539 
112400 3547 3545 
112450 3550 3543 
112500 3531 3525 
112550 3555 3553 
112600 3549 3546 
112650 3543 3536 
112700 3565 3564 
112750 3561 3554 
112800 3554 3556 
112850 3556 3555 
112900 3563 3562 
112950 3549 3544 
113000 3541 3532 
113050 3539 3537 
113100 3542 3541 
113150 3548 3553 
113200 3525 3528 
113250 3539 3534 
113300 3563 3563 
113350 3566 3566 
113400 3551 3551 
113450 3545 3548 
113500 3560 3554 
113550 3544 3547 
113600 3553 3551 
113650 3571 3569 
113700 3529 3529 
113750 3546 3541 
113800 3534 3525 
113850 3545 3549 
113900 3557 3550 
113950 3543 3541 
114000 3554 3549 
114050 3558 3555 
114100 3569 3569 
114150 3557 3557 
114200 3572 3564 
114250 3551 3545 
114300 3548 3550 
114350 3556 3557 
114400 3559 3557 
114450 3556 3554 
114500 3551 3550 
114550 3551 3552 
114600 3553 3553 
114650 3559 3558 
114700 3555 3549 
114750 3545 3552 
114800 3544 3547 
114850 3541 3536 
114900 3552 3544 
114950 3554 3551 
115000 3558 3554 
115050 3554 3547 
115100 3556 3563 
115150 3541 3539 
115200 3556 3558 
115250 3535 3544 
115300 3556 3557 
115350 3546 3550 
115400 3556 3550 
115450 3551 3544 
115500 3550 3550 
115550 3554 3550 
115600 3557 3551 
115650 3563 3556 
115700 3555 3552 
115750 3545 3542 
115800 3568 3567 
115850 3546 3542 
115900 3531 3534 
115950 3542 3540 
116000 3546 3539 
116050 3557 3557 
116100 3556 3554 
116150 3556 3555 
116200 3552 3550 
116250 3559 3553 
116300 3549 3545 
116350 3561 3558 
116400 3550 3543 
116450 3561 3559 
116500 3563 3571 
116550 3553 3552 
116600 3547 3554 
116650 3555 3554 
116700 3536 3542 
116750 3541 3536 
116800 3543 3536 
116850 3550 3548 
116900 3552 3552 
116950 3551 3551 
117000 3547 3544 
117050 3556 3552 
117100 3543 3550 
117150 3562 3560 
117200 3552 3552 
117250 3564 3560 
117300 3559 3554 
117350 3549 3549 
117400 3540 3543 
117450 3546 3555 
117500 3567 3563 
117550 3550 3544 
117600 3536 3541 
117650 3566 3564 
117700 3567 3555 
117750 3542 3546 
117800 3532 3540 
117850 3539 3543 
117900 3554 3546 
117950 3563 3559 
118000 3559 3555 
118050 3551 3551 
118100 3541 3538 
118150 3538 3539 
118200 3558 3556 
118250 3560 3558 
118300 3553 3554 
118350 3540 3534 
118400 3552 3545 
118450 3557 3546 
118500 3546 3547 
118550 3548 3551 
118600 3554 3551 
118650 3549 3557 
118700 3554 3552 
118750 3552 3549 
118800 3551 3551 
118850 3536 3540 
118900 3559 3557 
118950 3569 3573 
119000 3539 3542 
119050 3555 3552 
119100 3547 3547 
119150 3544 3545 
119200 3546 3543 
119250 3551 3552 
119300 3552 3549 
119350 3558 3552 
119400 3562 3560 
119450 3541 3542 
119500 3547 3542 
119550 3555 3559 
119600 3537 3537 
119650 3557 3557 
119700 3553 3551 
119750 3538 3547 
119800 3538 3542 
119850 3533 3532 
119900 3556 3553 
119950 3558 3557 
120000 3562 3558 
120050 3550 3544 
120100 3563 3564 
120150 3547 3542 
120200 3560 3561 
120250 3540 3530 
120300 3546 3541 
120350 3557 3552 
120400 3553 3562 
120450 3551 3551 
120500 3557 3553 
120550 3538 3545 
120600 3541 3544 
120650 3532 3532 
120700 3532 3533 
120750 3556 3553 
120800 3552 3545 
120850 3563 3562 
120900 3560 3561 
120950 3548 3548 
121000 3540 3540 
121050 3564 3558 
121100 3543 3548 
121150 3542 3540 
121200 3559 3558 
121250 3554 3555 
121300 3552 3552 
121350 3540 3542 
121400 3553 3560 
121450 3554 3555 
121500 3547 3543 
121550 3543 3543 
121600 3556 3558 
121650 3546 3549 
121700 3543 3544 
121750 3546 3544 
121800 3553 3553 
121850 3555 3557 
121900 3563 3567 
121950 3550 3549 
122000 3559 3554 
122050 3557 3555 
122100 3554 3553 
122150 3546 3547 
122200 3547 3546 
122250 3543 3550 
122300 3532 3535 
122350 3534 3535 
122400 3558 3556 
122450 3549 3547 
122500 3551 3554 
122550 3542 3547 
122600 3540 3540 
122650 3568 3563 
122700 3537 3541 
122750 3562 3568 
122800 3558 3556 
122850 3558 3555 
122900 3538 3540 
122950 3556 3556 
123000 3552 3551 
123050 3555 3560 
123100 3544 3551 
123150 3545 3542 
123200 3562 3559 
123250 3557 3556 
123300 3566 3565 
123350 3539 3540 
123400 3560 3555 
123450 3558 3560 
123500 3553 3552 
123550 3545 3551 
123600 3543 3545 
123650 3553 3554 
123700 3551 3553 
123750 3546 3548 
123800 3555 3555 
123850 3542 3547 
123900 3542 3547 
123950 3536 3540 
124000 3546 3544 
124050 3545 3540 
124100 3538 3537 
124150 3554 3555 
124200 3556 3561 
124250 3547 3544 
124300 3553 3551 
124350 3544 3545 
124400 3540 3548 
124450 3555 3548 
124500 3556 3557 
124550 3550 3548 
124600 3555 3553 
124650 3556 3563 
124700 3558 3557 
124750 3549 3542 
124800 3553 3549 
124850 3554 3549 
124900 3565 3569 
124950 3542 3541 
125000 3554 3561 
125050 3545 3545 
125100 3543 3548 
125150 3539 3540 
125200 3542 3537 
125250 3543 3544 
125300 3546 3553 
125350 3560 3563 
125400 3548 3546 
125450 3554 3557 
125500 3544 3535 
125550 3549 3551 
125600 3552 3553 
125650 3560 3557 
125700 3544 3545 
125750 3544 3552 
125800 3549 3549 
125850 3566 3566 
125900 3542 3535 
125950 3560 3558 
126000 3530 3519 
126050 3554 3546 
126100 3549 3549 
126150 3546 3544 
126200 3556 3558 
126250 3557 3555 
126300 3556 3558 
126350 3555 3557 
126400 3538 3537 
126450 3550 3550 
126500 3544 3546 
126550 3534 3536 
126600 3539 3541 
126650 3555 3554 
126700 3547 3550 
126750 3555 3550 
126800 3565 3566 
126850 3533 3534 
126900 3533 3527 
126950 3551 3553 
127000 3537 3541 
127050 3547 3550 
127100 3558 3558 
127150 3562 3561 
127200 3555 3559 
127250 3556 3560 
127300 3546 3551 
127350 3544 3549 
127400 3544 3549 
127450 3539 3540 
127500 3552 3550 
127550 3556 3557 
127600 3550 3547 
127650 3545 3550 
127700 3563 3560 
127750 3552 3551 
127800 3559 3558 
127850 3555 3552 
127900 3552 3548 
127950 3562 3560 
128000 3542 3540 
128050 3542 3542 
128100 3553 3550 
128150 3541 3537 
128200 3553 3552 
128250 3551 3550 
128300 3550 3552 
128350 3556 3562 
128400 3539 3537 
128450 3555 3556 
128500 3543 3540 
128550 3554 3552 
128600 3546 3545 
128650 3549 3548 
128700 3566 3566 
128750 3551 3549 
128800 3546 3546 
128850 3552 3556 
128900 3552 3554 
128950 3544 3542 
129000 3551 3542 
129050 3541 3538 
129100 3546 3547 
129150 3559 3558 
129200 3543 3537 
129250 3559 3557 
129300 3545 3544 
129350 3559 3562 
129400 3556 3557 
129450 3543 3542 
129500 3560 3561 
129550 3540 3539 
129600 3558 3560 
129650 3557 3558 
129700 3537 3534 
129750 3553 3546 
129800 3544 3546 
129850 3546 3545 
129900 3546 3545 
129950 3547 3551 
130000 3556 3555 
130050 3548 3544 
130100 3542 3542 
130150 3553 3550 
130200 3552 3556 
130250 3551 3553 
130300 3558 3560 
130350 3545 3550 
130400 3556 3557 
130450 3543 3542 
130500 3557 3545 
130550 3556 3552 
130600 3546 3550 
130650 3560 3562 
130700 3565 3563 
130750 3553 3557 
130800 3555 3552 
130850 3556 3554 
130900 3548 3552 
130950 3552 3548 
131000 3560 3556 
131050 3549 3551 
131100 3542 3540 
131150 3547 3549 
131200 3558 3557 
131250 3558 3560 
131300 3557 3559 
131350 3566 3559 
131400 3541 3549 
131450 3541 3551 
131500 3569 3576 
131550 3551 3550 
131600 3549 3549 
131650 3553 3551 
131700 3560 3558 
131750 3562 3560 
131800 3546 3550 
131850 3551 3554 
131900 3552 3541 
131950 3539 3535 
132000 3542 3542 
132050 3552 3549 
132100 3538 3535 
132150 3553 3559 
132200 3550 3547 
132250 3539 3544 
132300 3552 3550 
132350 3545 3545 
132400 3550 3545 
132450 3554 3563 
132500 3542 3543 
132550 3545 3546 
132600 3552 3548 
132650 3550 3550 
132700 3549 3543 
132750 3549 3550 
132800 3545 3544 
132850 3557 3561 
132900 3549 3553 
132950 3530 3525 
133000 3545 3539 
133050 3565 3572 
133100 3550 3554 
133150 3549 3545 
133200 3562 3557 
133250 3543 3547 
133300 3559 3557 
133350 3546 3552 
133400 3550 3547 
133450 3545 3546 
133500 3550 3555 
133550 3540 3543 
133600 3554 3551 
133650 3544 3546 
133700 3554 3552 
133750 3552 3553 
133800 3540 3535 
133850 3539 3541 
133900 3552 3556 
133950 3533 3530 
134000 3565 3562 
134050 3546 3547 
134100 3553 3549 
134150 3541 3537 
134200 3560 3557 
134250 3558 3557 
134300 3555 3552 
134350 3547 3546 
134400 3536 3538 
134450 3557 3557 
134500 3549 3555 
134550 3541 3542 
134600 3554 3555 
134650 3547 3547 
134700 3550 3547 
134750 3548 3546 
134800 3547 3548 
134850 3546 3540 
134900 3555 3555 
134950 3552 3554 
135000 3557 3552 
135050 3540 3543 
135100 3552 3549 
135150 3552 3551 
135200 3551 3554 
135250 3554 3549 
135300 3546 3550 
135350 3547 3551 
135400 3558 3555 
135450 3539 3543 
135500 3553 3554 
135550 3530 3534 
135600 3563 3563 
135650 3542 3539 
135700 3549 3546 
135750 3562 3557 
135800 3557 3560 
135850 3539 3540 
135900 3553 3551 
135950 3552 3553 
136000 3549 3550 
136050 3550 3557 
136100 3538 3537 
136150 3545 3539 
136200 3546 3547 
136250 3554 3562 
136300 3535 3537 
136350 3538 3537 
136400 3551 3554 
136450 3549 3550 
136500 3551 3557 
136550 3554 3559 
136600 3554 3556 
136650 3557 3557 
136700 3524 3528 
136750 3546 3537 
136800 3558 3557 
136850 3549 3547 
136900 3544 3544 
136950 3546 3550 
137000 3555 3555 
137050 3556 3551 
137100 3541 3537 
137150 3540 3545 
137200 3554 3559 
137250 3557 3560 
137300 3552 3548 
137350 3558 3560 
137400 3543 3548 
137450 3545 3543 
137500 3540 3534 
137550 3541 3544 
137600 3539 3536 
137650 3554 3555 
137700 3557 3559 
137750 3543 3550 
137800 3552 3551 
137850 3549 3550 
137900 3546 3549 
137950 3557 3556 
138000 3533 3541 
138050 3554 3556 
138100 3540 3546 
138150 3542 3543 
138200 3531 3539 
138250 3540 3537 
138300 3550 3553 
138350 3564 3561 
138400 3555 3561 
138450 3547 3548 
138500 3561 3562 
138550 3545 3555 
138600 3556 3553 
138650 3556 3554 
138700 3556 3551 
138750 3553 3558 
138800 3540 3543 
138850 3541 3538 
138900 3530 3529 
138950 3552 3546 
139000 3548 3549 
139050 3541 3543 
139100 3564 3565 
139150 3532 3534 
139200 3549 3544 
139250 3550 3546 
139300 3553 3546 
139350 3550 3547 
139400 3544 3544 
139450 3546 3545 
139500 3544 3544 
139550 3535 3532 
139600 3557 3561 
139650 3557 3554 
139700 3540 3535 
139750 3546 3549 
139800 3547 3540 
139850 3537 3535 
139900 3540 3543 
139950 3555 3559 
140000 3556 3557 
140050 3552 3550 
140100 3536 3528 
140150 3554 3554 
140200 3554 3554 
140250 3556 3553 
140300 3554 3551 
140350 3545 3544 
140400 3552 3552 
140450 3554 3556 
140500 3554 3550 
140550 3558 3562 
140600 3557 3553 
140650 3556 3552 
140700 3565 3559 
140750 3560 3558 
140800 3546 3550 
140850 3544 3542 
140900 3529 3535 
140950 3544 3553 
141000 3539 3541 
141050 3550 3560 
141100 3551 3554 
141150 3552 3558 
141200 3540 3539 
141250 3560 3555 
141300 3555 3557 
141350 3541 3544 
141400 3560 3559 
141450 3553 3547 
141500 3546 3550 
141550 3563 3564 
141600 3553 3552 
141650 3546 3549 
141700 3547 3546 
141750 3545 3542 
141800 3548 3548 
141850 3545 3540 
141900 3553 3555 
141950 3553 3553 
142000 3556 3551 
142050 3554 3554 
142100 3550 3549 
142150 3552 3552 
142200 3560 3564 
142250 3557 3555 
142300 3553 3548 
142350 3546 3547 
142400 3545 3543 
142450 3558 3552 
142500 3550 3554 
142550 3554 3555 
142600 3542 3543 
142650 3556 3557 
142700 3554 3552 
142750 3540 3537 
142800 3547 3550 
142850 3556 3557 
142900 3558 3558 
142950 3555 3553 
143000 3570 3569 
143050 3533 3537 
143100 3551 3553 
143150 3541 3548 
143200 3555 3558 
143250 3542 3550 
143300 3548 3553 
143350 3538 3534 
143400 3550 3557 
143450 3567 3566 
143500 3554 3555 
143550 3560 3557 
143600 3557 3558 
143650 3556 3554 
143700 3554 3549 
143750 3561 3551 
143800 3549 3562 
143850 3557 3553 
143900 3550 3543 
143950 3552 3551 
144000 3545 3542 
144050 3555 3556 
144100 3548 3548 
144150 3549 3555 
144200 3548 3542 
144250 3552 3551 
144300 3555 3554 
144350 3549 3553 
144400 3529 3537 
144450 3556 3557 
144500 3559 3554 
144550 3559 3558 
144600 3542 3540 
144650 3546 3546 
144700 3550 3550 
144750 3543 3544 
144800 3550 3550 
144850 3556 3549 
144900 3548 3545 
144950 3554 3551 
145000 3557 3558 
145050 3557 3554 
145100 3544 3541 
145150 3549 3548 
145200 3555 3551 
145250 3543 3540 
145300 3534 3536 
145350 3539 3542 
145400 3556 3556 
145450 3538 3543 
145500 3564 3560 
145550 3551 3556 
145600 3562 3561 
145650 3552 3558 
145700 3560 3559 
145750 3552 3554 
145800 3538 3543 
145850 3540 3537 
145900 3546 3541 
145950 3539 3536 
146000 3552 3548 
146050 3547 3542 
146100 3562 3562 
146150 3555 3554 
146200 3543 3544 
146250 3552 3558 
146300 3551 3549 
146350 3537 3537 
146400 3543 3543 
146450 3537 3534 
146500 3547 3542 
146550 3539 3539 
146600 3563 3557 
146650 3538 3535 
146700 3551 3547 
146750 3553 3550 
146800 3551 3543 
146850 3541 3543 
146900 3548 3551 
146950 3546 3549 
147000 3550 3550 
147050 3556 3554 
147100 3557 3556 
147150 3550 3544 
147200 3554 3558 
147250 3555 3558 
147300 3556 3547 
147350 3543 3547 
147400 3549 3555 
147450 3540 3540 
147500 3546 3550 
147550 3548 3542 
147600 3557 3550 
147650 3550 3541 
147700 3551 3544 
147750 3557 3557 
147800 3553 3554 
147850 3555 3552 
147900 3555 3552 
147950 3545 3547 
148000 3558 3551 
148050 3550 3548 
148100 3555 3556 
148150 3544 3551 
148200 3547 3544 
148250 3565 3556 
148300 3550 3552 
148350 3547 3542 
148400 3555 3558 
148450 3555 3558 
148500 3549 3547 
148550 3548 3549 
148600 3550 3552 
148650 3544 3548 
148700 3547 3544 
148750 3570 3570 
148800 3555 3558 
148850 3556 3553 
148900 3545 3550 
148950 3543 3545 
149000 3553 3551 
149050 3558 3555 
149100 3542 3547 
149150 3537 3536 
149200 3561 3558 
149250 3538 3538 
149300 3543 3547 
149350 3534 3536 
149400 3555 3557 
149450 3542 3546 
149500 3532 3535 
149550 3524 3524 
149600 3551 3553 
149650 3568 3567 
149700 3546 3544 
149750 3540 3536 
149800 3546 3545 
149850 3541 3541 
149900 3554 3556 
149950 3529 3524 
150000 3549 3550 
150050 3557 3557 
150100 3550 3550 
150150 3553 3553 
150200 3556 3558 
150250 3560 3563 
150300 3554 3554 
150350 3549 3544 
150400 3549 3551 
150450 3544 3537 
150500 3553 3554 
150550 3558 3559 
150600 3544 3542 
150650 3556 3552 
150700 3553 3552 
150750 3554 3547 
150800 3532 3535 
150850 3559 3558 
150900 3551 3551 
150950 3547 3546 
151000 3547 3541 
151050 3546 3540 
151100 3541 3541 
151150 3543 3547 
151200 3539 3532 
151250 3551 3552 
151300 3555 3548 
151350 3556 3551 
151400 3551 3553 
151450 3558 3556 
151500 3536 3529 
151550 3554 3556 
151600 3556 3556 
151650 3560 3558 
151700 3556 3559 
151750 3554 3551 
151800 3562 3561 
151850 3553 3553 
151900 3559 3565 
151950 3543 3542 
152000 3569 3562 
152050 3540 3548 
152100 3546 3546 
152150 3558 3556 
152200 3523 3535 
152250 3545 3549 
152300 3539 3544 
152350 3552 3550 
152400 3544 3544 
152450 3566 3564 
152500 3535 3536 
152550 3551 3550 
152600 3539 3539 
152650 3551 3547 
152700 3548 3550 
152750 3557 3554 
152800 3561 3557 
152850 3553 3553 
152900 3549 3551 
152950 3535 3528 
153000 3564 3551 
153050 3562 3554 
153100 3540 3545 
153150 3549 3546 
153200 3553 3554 
153250 3554 3551 
153300 3552 3557 
153350 3545 3546 
153400 3568 3562 
153450 3550 3548 
153500 3549 3550 
153550 3549 3543 
153600 3555 3556 
153650 3553 3557 
153700 3540 3540 
153750 3555 3556 
153800 3550 3549 
153850 3546 3550 
153900 3552 3542 
153950 3573 3571 
154000 3556 3560 
154050 3548 3551 
154100 3535 3531 
154150 3545 3547 
154200 3548 3560 
154250 3549 3554 
154300 3543 3542 
154350 3558 3563 
154400 3565 3563 
154450 3546 3543 
154500 3559 3555 
154550 3551 3552 
154600 3546 3545 
154650 3541 3542 
154700 3549 3547 
154750 3540 3539 
154800 3543 3545 
154850 3541 3529 
154900 3550 3554 
154950 3547 3552 
155000 3553 3551 
155050 3544 3550 
155100 3555 3556 
155150 3550 3552 
155200 3550 3551 
155250 3553 3553 
155300 3552 3549 
155350 3549 3559 
155400 3546 3544 
155450 3559 3556 
155500 3537 3539 
155550 3565 3561 
155600 3556 3554 
155650 3560 3549 
155700 3565 3562 
155750 3547 3548 
155800 3552 3552 
155850 3549 3549 
155900 3537 3538 
155950 3550 3544 
156000 3547 3547 
156050 3563 3563 
156100 3541 3543 
156150 3545 3541 
156200 3549 3547 
156250 3549 3552 
156300 3556 3554 
156350 3546 3544 
156400 3541 3542 
156450 3546 3546 
156500 3539 3545 
156550 3541 3544 
156600 3550 3554 
156650 3546 3544 
156700 3556 3557 
156750 3554 3552 
156800 3544 3540 
156850 3551 3552 
156900 3550 3548 
156950 3539 3536 
157000 3556 3549 
157050 3565 3559 
157100 3556 3549 
157150 3559 3559 
157200 3553 3553 
157250 3557 3558 
157300 3551 3555 
157350 3550 3554 
157400 3573 3571 
157450 3545 3555 
157500 3559 3559 
157550 3521 3532 
157600 3548 3547 
157650 3574 3576 
157700 3562 3563 
157750 3561 3563 
157800 3535 3541 
157850 3556 3558 
157900 3546 3543 
157950 3543 3544 
158000 3560 3557 
158050 3558 3554 
158100 3543 3540 
158150 3537 3532 
158200 3556 3552 
158250 3553 3554 
158300 3554 3560 
158350 3543 3540 
158400 3560 3559 
158450 3536 3528 
158500 3534 3539 
158550 3541 3548 
158600 3560 3556 
158650 3558 3554 
158700 3541 3543 
158750 3514 3508 
158800 3536 3532 
158850 3554 3549 
158900 3557 3558 
158950 3554 3549 
159000 3552 3553 
159050 3557 3552 
159100 3551 3550 
159150 3546 3545 
159200 3548 3546 
159250 3550 3545 
159300 3537 3539 
159350 3555 3558 
159400 3537 3542 
159450 3550 3548 
159500 3542 3544 
159550 3555 3552 
159600 3564 3559 
159650 3545 3537 
159700 3562 3559 
159750 3556 3555 
159800 3544 3543 
159850 3553 3547 
159900 3541 3535 
159950 3546 3550 
160000 3556 3555 
160050 3550 3546 
160100 3552 3550 
160150 3560 3565 
160200 3550 3543 
160250 3554 3548 
160300 3539 3541 
160350 3554 3550 
160400 3545 3550 
160450 3549 3547 
160500 3545 3544 
160550 3553 3552 
160600 3540 3546 
160650 3548 3545 
160700 3529 3530 
160750 3550 3551 
160800 3555 3558 
160850 3551 3545 
160900 3547 3538 
160950 3543 3547 
161000 3547 3549 
161050 3548 3549 
161100 3547 3541 
161150 3552 3548 
161200 3547 3549 
161250 3555 3553 
161300 3552 3555 
161350 3553 3555 
161400 3552 3553 
161450 3535 3541 
161500 3553 3551 
161550 3544 3549 
161600 3563 3563 
161650 3538 3537 
161700 3551 3549 
161750 3551 3553 
161800 3559 3560 
161850 3560 3559 
161900 3556 3558 
161950 3541 3533 
162000 3549 3551 
162050 3545 3548 
162100 3563 3562 
162150 3548 3553 
162200 3549 3551 
162250 3555 3562 
162300 3544 3550 
162350 3557 3557 
162400 3540 3543 
162450 3564 3561 
162500 3555 3560 
162550 3555 3553 
162600 3553 3559 
162650 3560 3554 
162700 3550 3552 
162750 3552 3549 
162800 3544 3544 
162850 3559 3555 
162900 3560 3559 
162950 3551 3553 
163000 3550 3548 
163050 3551 3556 
163100 3546 3544 
163150 3552 3558 
163200 3558 3555 
163250 3560 3564 
163300 3524 3529 
163350 3541 3538 
163400 3553 3553 
163450 3565 3564 
163500 3543 3538 
163550 3555 3553 
163600 3560 3566 
163650 3541 3544 
163700 3556 3549 
163750 3547 3550 
163800 3557 3555 
163850 3547 3551 
163900 3548 3547 
163950 3552 3549 
164000 3546 3546 
164050 3553 3553 
164100 3558 3557 
164150 3552 3544 
164200 3550 3549 
164250 3566 3564 
164300 3553 3555 
164350 3555 3553 
164400 3537 3536 
164450 3543 3545 
164500 3549 3550 
164550 3553 3551 
164600 3549 3550 
164650 3553 3554 
164700 3559 3559 
164750 3559 3561 
164800 3549 3551 
164850 3545 3543 
164900 3560 3560 
164950 3550 3545 
165000 3546 3544 
165050 3536 3536 
165100 3546 3544 
165150 3549 3548 
165200 3543 3533 
165250 3562 3558 
165300 3554 3556 
165350 3537 3535 
165400 3558 3559 
165450 3555 3556 
165500 3547 3549 
165550 3544 3543 
165600 3548 3550 
165650 3563 3569 
165700 3560 3559 
165750 3537 3543 
165800 3550 3552 
165850 3570 3567 
165900 3543 3542 
165950 3546 3554 
166000 3561 3564 
166050 3561 3555 
166100 3538 3541 
166150 3551 3549 
166200 3561 3561 
166250 3558 3558 
166300 3545 3549 
166350 3550 3549 
166400 3535 3530 
166450 3544 3543 
166500 3544 3547 
166550 3540 3542 
166600 3551 3547 
166650 3564 3564 
166700 3544 3546 
166750 3552 3555 
166800 3559 3558 
166850 3560 3558 
166900 3535 3538 
166950 3543 3534 
167000 3556 3555 
167050 3560 3552 
167100 3558 3553 
167150 3553 3557 
167200 3540 3543 
167250 3543 3546 
167300 3539 3546 
167350 3548 3547 
167400 3549 3550 
167450 3552 3553 
167500 3560 3562 
167550 3558 3552 
167600 3546 3547 
167650 3538 3535 
167700 3546 3554 
167750 3540 3545 
167800 3547 3552 
167850 3532 3532 
167900 3549 3549 
167950 3548 3547 
168000 3552 3551 
168050 3549 3552 
168100 3552 3553 
168150 3550 3548 
168200 3564 3567 
168250 3549 3549 
168300 3568 3560 
168350 3557 3558 
168400 3538 3533 
168450 3519 3513 
168500 3526 3530 
168550 3540 3540 
168600 3562 3564 
168650 3540 3535 
168700 3537 3542 
168750 3542 3547 
168800 3549 3549 
168850 3542 3541 
168900 3541 3540 
168950 3566 3566 
169000 3549 3546 
169050 3558 3558 
169100 3546 3536 
169150 3553 3547 
169200 3561 3557 
169250 3550 3548 
169300 3558 3562 
169350 3553 3558 
169400 3551 3547 
169450 3559 3563 
169500 3553 3551 
169550 3570 3569 
169600 3552 3545 
169650 3550 3548 
169700 3537 3533 
169750 3557 3558 
169800 3559 3564 
169850 3561 3563 
169900 3537 3542 
169950 3542 3539 
170000 3559 3557 
170050 3547 3555 
170100 3552 3557 
170150 3571 3564 
170200 3562 3560 
170250 3547 3554 
170300 3556 3549 
170350 3554 3557 
170400 3553 3551 
170450 3541 3543 
170500 3554 3549 
170550 3546 3544 
170600 3545 3543 
170650 3545 3547 
170700 3560 3560 
170750 3553 3559 
170800 3549 3546 
170850 3549 3555 
170900 3565 3556 
170950 3561 3558 
171000 3549 3547 
171050 3556 3553 
171100 3534 3532 
171150 3545 3538 
171200 3560 3561 
171250 3548 3553 
171300 3550 3553 
171350 3545 3547 
171400 3551 3548 
171450 3546 3541 
171500 3555 3553 
171550 3562 3559 
171600 3554 3555 
171650 3556 3555 
171700 3549 3542 
171750 3548 3545 
171800 3558 3552 
171850 3547 3541 
171900 3548 3554 
171950 3551 3555 
172000 3550 3554 
172050 3554 3553 
172100 3544 3541 
172150 3563 3559 
172200 3546 3551 
172250 3550 3550 
172300 3548 3549 
172350 3551 3553 
172400 3544 3544 
172450 3551 3547 
172500 3551 3555 
172550 3543 3539 
172600 3557 3553 
172650 3559 3562 
172700 3530 3531 
172750 3541 3546 
172800 3538 3542 
172850 3558 3562 
172900 3549 3545 
172950 3526 3530 
173000 3535 3534 
173050 3549 3555 
173100 3549 3549 
173150 3545 3542 
173200 3545 3540 
173250 3554 3550 
173300 3564 3563 
173350 3539 3542 
173400 3565 3567 
173450 3536 3533 
173500 3555 3555 
173550 3553 3553 
173600 3554 3553 
173650 3554 3546 
173700 3543 3541 
173750 3546 3548 
173800 3550 3550 
173850 3548 3554 
173900 3548 3550 
173950 3538 3544 
174000 3548 3552 
174050 3565 3564 
174100 3553 3558 
174150 3553 3549 
174200 3555 3557 
174250 3546 3551 
174300 3544 3540 
174350 3556 3554 
174400 3558 3559 
174450 3537 3542 
174500 3542 3542 
174550 3563 3561 
174600 3554 3554 
174650 3559 3559 
174700 3562 3562 
174750 3551 3546 
174800 3556 3551 
174850 3554 3554 
174900 3546 3544 
174950 3564 3566 
175000 3552 3555 
175050 3549 3543 
175100 3548 3552 
175150 3544 3543 
175200 3555 3552 
175250 3550 3549 
175300 3555 3554 
175350 3545 3542 
175400 3550 3550 
175450 3547 3545 
175500 3557 3557 
175550 3566 3562 
175600 3537 3539 
175650 3546 3540 
175700 3564 3557 
175750 3554 3551 
175800 3552 3553 
175850 3556 3549 
175900 3546 3543 
175950 3548 3547 
176000 3553 3554 
176050 3550 3553 
176100 3548 3550 
176150 3545 3545 
176200 3559 3554 
176250 3565 3559 
176300 3563 3560 
176350 3552 3553 
176400 3564 3562 
176450 3546 3543 
176500 3565 3558 
176550 3566 3561 
176600 3556 3557 
176650 3544 3545 
176700 3545 3550 
176750 3543 3537 
176800 3545 3539 
176850 3551 3548 
176900 3548 3547 
176950 3538 3540 
177000 3551 3561 
177050 3569 3568 
177100 3551 3545 
177150 3552 3544 
177200 3548 3543 
177250 3556 3549 
177300 3552 3551 
177350 3558 3558 
177400 3544 3547 
177450 3556 3558 
177500 3571 3566 
177550 3544 3543 
177600 3546 3545 
177650 3551 3546 
177700 3545 3548 
177750 3551 3546 
177800 3558 3560 
177850 3539 3537 
177900 3546 3543 
177950 3552 3548 
178000 3548 3552 
178050 3557 3562 
178100 3552 3553 
178150 3564 3563 
178200 3548 3550 
178250 3555 3547 
178300 3544 3544 
178350 3530 3528 
178400 3543 3537 
178450 3543 3539 
178500 3532 3538 
178550 3543 3545 
178600 3560 3557 
178650 3558 3556 
178700 3546 3541 
178750 3555 3552 
178800 3545 3547 
178850 3547 3544 
178900 3555 3553 
178950 3557 3559 
179000 3555 3559 
179050 3559 3558 
179100 3528 3535 
179150 3552 3552 
179200 3561 3555 
179250 3557 3562 
179300 3546 3540 
179350 3549 3551 
179400 3546 3548 
179450 3556 3559 
179500 3544 3543 
179550 3540 3538 
179600 3562 3560 
179650 3561 3558 
179700 3559 3557 
179750 3559 3556 
179800 3560 3565 
179850 3538 3543 
179900 3545 3543 
179950 3570 3569 
180000 3550 3548 
180050 3539 3543 
180100 3556 3550 
180150 3544 3543 
180200 3552 3552 
180250 3551 3554 
180300 3549 3553 
180350 3553 3556 
180400 3573 3564 
180450 3542 3545 
180500 3550 3548 
180550 3553 3556 
180600 3543 3541 
180650 3560 3559 
180700 3544 3545 
180750 3554 3548 
180800 3533 3538 
180850 3540 3546 
180900 3549 3553 
180950 3554 3560 
181000 3552 3555 
181050 3531 3530 
181100 3551 3545 
181150 3555 3553 
181200 3551 3553 
181250 3550 3550 
181300 3548 3542 
181350 3554 3556 
181400 3556 3557 
181450 3557 3560 
181500 3554 3554 
181550 3548 3542 
181600 3563 3558 
181650 3559 3561 
181700 3561 3563 
181750 3542 3542 
181800 3557 3560 
181850 3556 3555 
181900 3557 3562 
181950 3555 3552 
182000 3550 3548 
182050 3559 3559 
182100 3554 3551 
182150 3551 3551 
182200 3557 3561 
182250 3538 3538 
182300 3545 3546 
182350 3556 3555 
182400 3547 3549 
182450 3549 3547 
182500 3547 3549 
182550 3557 3563 
182600 3529 3529 
182650 3559 3550 
182700 3553 3555 
182750 3555 3551 
182800 3552 3549 
182850 3558 3559 
182900 3543 3543 
182950 3549 3546 
183000 3548 3550 
183050 3548 3546 
183100 3551 3555 
183150 3559 3548 
183200 3561 3558 
183250 3557 3558 
183300 3548 3546 
183350 3567 3565 
183400 3553 3548 
183450 3552 3548 
183500 3540 3538 
183550 3544 3542 
183600 3543 3541 
183650 3546 3545 
183700 3554 3554 
183750 3530 3527 
183800 3535 3535 
183850 3551 3547 
183900 3545 3547 
183950 3556 3549 
184000 3552 3552 
184050 3535 3534 
184100 3548 3555 
184150 3546 3547 
184200 3550 3550 
184250 3542 3546 
184300 3553 3558 
184350 3544 3551 
184400 3547 3549 
184450 3539 3539 
184500 3538 3540 
184550 3559 3553 
184600 3560 3555 
184650 3560 3555 
184700 3551 3552 
184750 3547 3555 
184800 3553 3547 
184850 3538 3542 
184900 3540 3538 
184950 3544 3537 
185000 3532 3537 
185050 3555 3553 
185100 3547 3547 
185150 3553 3560 
185200 3552 3551 
185250 3555 3555 
185300 3549 3551 
185350 3547 3557 
185400 3550 3555 
185450 3551 3548 
185500 3549 3544 
185550 3543 3537 
185600 3546 3537 
185650 3551 3553 
185700 3555 3556 
185750 3555 3558 
185800 3549 3554 
185850 3547 3543 
185900 3552 3547 
185950 3563 3560 
186000 3554 3553 
186050 3560 3556 
186100 3562 3562 
186150 3551 3548 
186200 3547 3544 
186250 3535 3532 
186300 3541 3539 
186350 3559 3556 
186400 3548 3550 
186450 3548 3549 
186500 3540 3537 
186550 3555 3553 
186600 3559 3551 
186650 3552 3543 
186700 3551 3556 
186750 3544 3539 
186800 3544 3537 
186850 3536 3536 
186900 3551 3547 
186950 3547 3551 
187000 3539 3552 
187050 3543 3538 
187100 3568 3564 
187150 3552 3554 
187200 3548 3545 
187250 3546 3548 
187300 3534 3535 
187350 3544 3554 
187400 3548 3545 
187450 3540 3537 
187500 3564 3565 
187550 3552 3559 
187600 3536 3538 
187650 3561 3561 
187700 3536 3540 
187750 3545 3550 
187800 3558 3556 
187850 3563 3562 
187900 3564 3566 
187950 3556 3560 
188000 3558 3561 
188050 3531 3527 
188100 3549 3552 
188150 3558 3549 
188200 3547 3548 
188250 3556 3553 
188300 3550 3545 
188350 3557 3561 
188400 3557 3559 
188450 3549 3549 
188500 3559 3557 
188550 3539 3538 
188600 3553 3557 
188650 3547 3551 
188700 3545 3543 
188750 3537 3538 
188800 3545 3542 
188850 3532 3537 
188900 3542 3546 
188950 3560 3561 
189000 3543 3546 
189050 3562 3561 
189100 3557 3557 
189150 3544 3536 
189200 3549 3552 
189250 3542 3545 
189300 3537 3541 
189350 3551 3548 
189400 3537 3538 
189450 3537 3529 
189500 3538 3533 
189550 3557 3554 
189600 3558 3553 
189650 3550 3548 
189700 3550 3549 
189750 3557 3552 
189800 3558 3556 
189850 3549 3542 
189900 3563 3565 
189950 3549 3549 
190000 3530 3536 
190050 3536 3540 
190100 3548 3547 
190150 3563 3567 
190200 3549 3549 
190250 3533 3538 
190300 3556 3556 
190350 3556 3554 
190400 3547 3549 
190450 3549 3552 
190500 3569 3564 
190550 3540 3547 
190600 3556 3547 
190650 3541 3543 
190700 3548 3545 
190750 3544 3546 
190800 3546 3546 
190850 3559 3555 
190900 3554 3547 
190950 3556 3557 
191000 3542 3544 
191050 3547 3550 
191100 3556 3555 
191150 3554 3554 
191200 3542 3543 
191250 3557 3555 
191300 3548 3554 
191350 3556 3554 
191400 3562 3560 
191450 3564 3561 
191500 3552 3555 
191550 3564 3558 
191600 3559 3561 
191650 3548 3559 
191700 3555 3558 
191750 3542 3546 
191800 3550 3559 
191850 3551 3556 
191900 3528 3535 
191950 3556 3558 
192000 3560 3559 
192050 3545 3550 
192100 3547 3541 
192150 3542 3540 
192200 3526 3530 
192250 3553 3555 
192300 3551 3552 
192350 3541 3534 
192400 3547 3550 
192450 3539 3538 
192500 3557 3555 
192550 3547 3548 
192600 3555 3547 
192650 3552 3553 
192700 3550 3550 
192750 3550 3545 
192800 3546 3544 
192850 3544 3544 
192900 3549 3552 
192950 3544 3544 
193000 3557 3564 
193050 3555 3553 
193100 3537 3535 
193150 3551 3551 
193200 3540 3543 
193250 3548 3545 
193300 3560 3565 
193350 3567 3565 
193400 3553 3552 
193450 3545 3552 
193500 3531 3542 
193550 3540 3547 
193600 3552 3547 
193650 3546 3549 
193700 3560 3558 
193750 3541 3541 
193800 3557 3554 
193850 3558 3560 
193900 3559 3558 
193950 3563 3564 
194000 3550 3545 
194050 3551 3557 
194100 3549 3547 
194150 3549 3543 
194200 3560 3557 
194250 3538 3539 
194300 3547 3549 
194350 3562 3566 
194400 3554 3554 
194450 3551 3553 
194500 3527 3527 
194550 3523 3519 
194600 3554 3554 
194650 3557 3558 
194700 3548 3549 
194750 3540 3541 
194800 3545 3546 
194850 3530 3534 
194900 3531 3526 
194950 3555 3559 
195000 3551 3548 
195050 3551 3550 
195100 3560 3559 
195150 3539 3544 
195200 3560 3558 
195250 3543 3540 
195300 3561 3559 
195350 3538 3533 
195400 3556 3553 
195450 3541 3540 
195500 3538 3536 
195550 3553 3550 
195600 3559 3547 
195650 3545 3537 
195700 3558 3556 
195750 3549 3548 
195800 3557 3557 
195850 3558 3551 
195900 3555 3547 
195950 3557 3557 
196000 3564 3566 
196050 3545 3541 
196100 3548 3554 
196150 3541 3538 
196200 3554 3549 
196250 3548 3551 
196300 3552 3554 
196350 3548 3550 
196400 3559 3557 
196450 3550 3555 
196500 3567 3562 
196550 3542 3544 
196600 3546 3537 
196650 3553 3547 
196700 3543 3537 
196750 3567 3573 
196800 3541 3545 
196850 3558 3560 
196900 3550 3552 
196950 3531 3536 
197000 3529 3536 
197050 3552 3550 
197100 3554 3558 
197150 3547 3545 
197200 3540 3540 
197250 3550 3551 
197300 3544 3542 
197350 3544 3545 
197400 3549 3553 
197450 3557 3565 
197500 3531 3533 
197550 3558 3558 
197600 3564 3566 
197650 3548 3551 
197700 3541 3545 
197750 3545 3548 
197800 3546 3549 
197850 3541 3542 
197900 3559 3555 
197950 3562 3558 
198000 3547 3544 
198050 3533 3540 
198100 3551 3559 
198150 3556 3560 
198200 3569 3566 
198250 3560 3557 
198300 3544 3545 
198350 3567 3564 
198400 3545 3554 
198450 3563 3569 
198500 3539 3537 
198550 3562 3559 
198600 3554 3559 
198650 3557 3556 
198700 3555 3556 
198750 3522 3527 
198800 3551 3549 
198850 3544 3536 
198900 3545 3548 
198950 3566 3566 
199000 3558 3559 
199050 3553 3553 
199100 3543 3547 
199150 3531 3527 
199200 3552 3555 
199250 3548 3554 
199300 3536 3532 
199350 3544 3541 
199400 3529 3528 
199450 3548 3548 
199500 3560 3562 
199550 3549 3546 
199600 3549 3549 
199650 3529 3529 
199700 3549 3552 
199750 3529 3532 
199800 3526 3527 
199850 3538 3536 
199900 3545 3545 
199950 3559 3563 
200000 3547 3547 
