# Avida tasks data
# Sat Apr  7 02:41:55 2012
# First column gives the current update, next columns give the number
# of organisms that have the particular task as a component of their merit
#  1: Update
#  2: Xor
#  3: Equals

0 0 0 
50 5 5 
100 21 21 
150 80 80 
200 190 190 
250 362 362 
300 590 593 
350 839 839 
400 1169 1166 
450 1580 1574 
500 2004 1998 
550 2494 2489 
600 3060 3060 
650 3347 3345 
700 3481 3476 
750 3534 3527 
800 3540 3539 
850 3548 3549 
900 3541 3547 
950 3534 3532 
1000 3539 3534 
1050 3523 3511 
1100 3546 3535 
1150 3530 3504 
1200 3526 3505 
1250 3529 3512 
1300 3537 3506 
1350 3545 3495 
1400 3532 3473 
1450 3531 3456 
1500 3554 3473 
1550 3540 3493 
1600 3544 3522 
1650 3542 3532 
1700 3537 3534 
1750 3545 3544 
1800 3551 3545 
1850 3547 3547 
1900 3541 3546 
1950 3527 3534 
2000 3553 3555 
2050 3536 3534 
2100 3568 3556 
2150 3542 3538 
2200 3544 3523 
2250 3532 3477 
2300 3534 3448 
2350 3543 3432 
2400 3535 3418 
2450 3536 3429 
2500 3550 3460 
2550 3540 3483 
2600 3547 3523 
2650 3536 3523 
2700 3549 3550 
2750 3544 3550 
2800 3532 3541 
2850 3529 3528 
2900 3536 3531 
2950 3541 3541 
3000 3550 3553 
3050 3546 3541 
3100 3544 3526 
3150 3546 3507 
3200 3544 3500 
3250 3548 3482 
3300 3533 3480 
3350 3549 3475 
3400 3546 3453 
3450 3536 3423 
3500 3527 3402 
3550 3535 3464 
3600 3521 3485 
3650 3540 3531 
3700 3512 3508 
3750 3534 3530 
3800 3539 3538 
3850 3558 3565 
3900 3540 3547 
3950 3552 3550 
4000 3550 3545 
4050 3540 3535 
4100 3549 3537 
4150 3551 3539 
4200 3537 3516 
4250 3545 3505 
4300 3546 3499 
4350 3545 3513 
4400 3553 3510 
4450 3563 3508 
4500 3542 3464 
4550 3548 3503 
4600 3541 3524 
4650 3540 3535 
4700 3541 3536 
4750 3540 3538 
4800 3544 3544 
4850 3538 3534 
4900 3545 3540 
4950 3535 3537 
5000 3535 3542 
5050 3532 3528 
5100 3558 3541 
5150 3536 3508 
5200 3539 3517 
5250 3551 3514 
5300 3538 3492 
5350 3548 3484 
5400 3544 3463 
5450 3542 3453 
5500 3533 3431 
5550 3553 3492 
5600 3546 3536 
5650 3545 3549 
5700 3533 3537 
5750 3518 3525 
5800 3544 3545 
5850 3540 3546 
5900 3544 3543 
5950 3530 3529 
6000 3551 3548 
6050 3538 3549 
6100 3550 3531 
6150 3552 3513 
6200 3550 3521 
6250 3547 3514 
6300 3545 3524 
6350 3538 3506 
6400 3534 3490 
6450 3556 3516 
6500 3536 3502 
6550 3536 3515 
6600 3525 3520 
6650 3519 3517 
6700 3536 3530 
6750 3548 3546 
6800 3539 3539 
6850 3548 3553 
6900 3533 3539 
6950 3542 3541 
7000 3524 3525 
7050 3532 3536 
7100 3545 3548 
7150 3532 3531 
7200 3533 3514 
7250 3544 3522 
7300 3553 3533 
7350 3540 3507 
7400 3565 3539 
7450 3552 3517 
7500 3544 3484 
7550 3562 3520 
7600 3551 3528 
7650 3546 3548 
7700 3541 3542 
7750 3537 3537 
7800 3538 3537 
7850 3551 3555 
7900 3544 3540 
7950 3541 3548 
8000 3543 3538 
8050 3541 3533 
8100 3561 3551 
8150 3540 3520 
8200 3543 3521 
8250 3556 3524 
8300 3531 3493 
8350 3554 3508 
8400 3562 3517 
8450 3544 3486 
8500 3544 3480 
8550 3534 3485 
8600 3544 3528 
8650 3537 3531 
8700 3545 3543 
8750 3542 3540 
8800 3544 3542 
8850 3544 3544 
8900 3544 3544 
8950 3544 3545 
9000 3559 3555 
9050 3552 3541 
9100 3541 3527 
9150 3532 3512 
9200 3528 3495 
9250 3535 3469 
9300 3541 3469 
9350 3541 3482 
9400 3540 3484 
9450 3541 3453 
9500 3540 3429 
9550 3539 3478 
9600 3552 3527 
9650 3541 3539 
9700 3549 3551 
9750 3547 3553 
9800 3549 3557 
9850 3546 3554 
9900 3560 3558 
9950 3541 3542 
10000 3540 3547 
10050 3539 3536 
10100 3555 3545 
10150 3561 3540 
10200 3549 3518 
10250 3543 3497 
10300 3532 3479 
10350 3557 3508 
10400 3548 3473 
10450 3542 3460 
10500 3544 3447 
10550 3551 3508 
10600 3542 3529 
10650 3539 3527 
10700 3530 3528 
10750 3525 3532 
10800 3551 3556 
10850 3543 3543 
10900 3539 3536 
10950 3524 3527 
11000 3555 3555 
11050 3524 3527 
11100 3539 3533 
11150 3557 3530 
11200 3544 3501 
11250 3542 3482 
11300 3556 3479 
11350 3540 3443 
11400 3551 3439 
11450 3531 3433 
11500 3559 3448 
11550 3528 3480 
11600 3535 3519 
11650 3533 3525 
11700 3513 3511 
11750 3548 3555 
11800 3547 3550 
11850 3553 3552 
11900 3539 3540 
11950 3542 3545 
12000 3555 3559 
12050 3541 3536 
12100 3553 3534 
12150 3542 3497 
12200 3534 3486 
12250 3543 3498 
12300 3522 3472 
12350 3531 3458 
12400 3548 3476 
12450 3552 3483 
12500 3542 3476 
12550 3535 3469 
12600 3542 3499 
12650 3545 3518 
12700 3539 3529 
12750 3539 3536 
12800 3541 3548 
12850 3544 3544 
12900 3546 3551 
12950 3554 3556 
13000 3546 3544 
13050 3543 3542 
13100 3542 3533 
13150 3544 3537 
13200 3536 3516 
13250 3563 3521 
13300 3543 3487 
13350 3526 3446 
13400 3558 3456 
13450 3545 3452 
13500 3548 3455 
13550 3542 3502 
13600 3532 3518 
13650 3547 3540 
13700 3550 3543 
13750 3535 3536 
13800 3556 3563 
13850 3556 3553 
13900 3538 3537 
13950 3540 3551 
14000 3550 3548 
14050 3539 3535 
14100 3534 3504 
14150 3535 3489 
14200 3542 3485 
14250 3538 3470 
14300 3541 3482 
14350 3555 3490 
14400 3561 3493 
14450 3545 3453 
14500 3548 3451 
14550 3544 3486 
14600 3547 3529 
14650 3545 3532 
14700 3560 3551 
14750 3565 3560 
14800 3545 3543 
14850 3528 3525 
14900 3541 3540 
14950 3546 3547 
15000 3531 3535 
15050 3535 3534 
15100 3559 3544 
15150 3547 3519 
15200 3536 3491 
15250 3539 3502 
15300 3536 3491 
15350 3558 3503 
15400 3548 3465 
15450 3528 3426 
15500 3551 3435 
15550 3558 3498 
15600 3538 3525 
15650 3528 3529 
15700 3551 3552 
15750 3532 3543 
15800 3547 3553 
15850 3549 3554 
15900 3556 3558 
15950 3549 3556 
16000 3563 3563 
16050 3541 3550 
16100 3531 3523 
16150 3544 3528 
16200 3512 3497 
16250 3521 3498 
16300 3535 3476 
16350 3546 3471 
16400 3539 3455 
16450 3544 3455 
16500 3541 3450 
16550 3539 3488 
16600 3540 3529 
16650 3521 3525 
16700 3549 3550 
16750 3549 3546 
16800 3546 3548 
16850 3540 3535 
16900 3540 3541 
16950 3553 3552 
17000 3546 3543 
17050 3557 3558 
17100 3551 3543 
17150 3549 3520 
17200 3546 3505 
17250 3530 3489 
17300 3563 3502 
17350 3537 3467 
17400 3555 3476 
17450 3544 3482 
17500 3545 3477 
17550 3536 3496 
17600 3529 3521 
17650 3534 3540 
17700 3539 3545 
17750 3542 3545 
17800 3549 3545 
17850 3526 3534 
17900 3538 3540 
17950 3533 3541 
18000 3538 3541 
18050 3530 3534 
18100 3535 3523 
18150 3536 3516 
18200 3547 3509 
18250 3520 3467 
18300 3545 3501 
18350 3526 3470 
18400 3543 3478 
18450 3546 3488 
18500 3542 3486 
18550 3545 3527 
18600 3542 3533 
18650 3557 3556 
18700 3543 3543 
18750 3560 3561 
18800 3558 3559 
18850 3545 3543 
18900 3527 3526 
18950 3552 3548 
19000 3534 3536 
19050 3534 3542 
19100 3556 3550 
19150 3542 3513 
19200 3541 3481 
19250 3559 3473 
19300 3555 3474 
19350 3550 3461 
19400 3538 3440 
19450 3546 3432 
19500 3552 3424 
19550 3532 3464 
19600 3521 3510 
19650 3547 3541 
19700 3527 3528 
19750 3545 3541 
19800 3554 3548 
19850 3526 3525 
19900 3532 3531 
19950 3507 3518 
20000 3548 3554 
20050 3544 3548 
20100 3564 3550 
20150 3550 3527 
20200 3543 3501 
20250 3538 3502 
20300 3553 3518 
20350 3546 3495 
20400 3534 3462 
20450 3531 3454 
20500 3548 3461 
20550 3546 3485 
20600 3548 3537 
20650 3537 3532 
20700 3544 3548 
20750 3549 3546 
20800 3531 3532 
20850 3534 3532 
20900 3540 3544 
20950 3534 3539 
21000 3544 3538 
21050 3534 3533 
21100 3547 3546 
21150 3544 3528 
21200 3548 3530 
21250 3537 3520 
21300 3555 3522 
21350 3554 3528 
21400 3548 3506 
21450 3542 3485 
21500 3546 3444 
21550 3541 3488 
21600 3554 3530 
21650 3545 3539 
21700 3536 3538 
21750 3550 3549 
21800 3540 3539 
21850 3547 3547 
21900 3537 3541 
21950 3542 3542 
22000 3554 3552 
22050 3550 3550 
22100 3542 3526 
22150 3533 3508 
22200 3560 3524 
22250 3551 3519 
22300 3558 3502 
22350 3546 3456 
22400 3546 3456 
22450 3543 3437 
22500 3534 3422 
22550 3539 3485 
22600 3545 3526 
22650 3560 3552 
22700 3532 3533 
22750 3537 3536 
22800 3534 3536 
22850 3538 3537 
22900 3536 3535 
22950 3538 3539 
23000 3535 3534 
23050 3548 3545 
23100 3561 3544 
23150 3530 3503 
23200 3551 3496 
23250 3537 3500 
23300 3554 3522 
23350 3547 3503 
23400 3533 3482 
23450 3538 3483 
23500 3539 3474 
23550 3535 3500 
23600 3541 3530 
23650 3545 3537 
23700 3540 3537 
23750 3556 3561 
23800 3530 3529 
23850 3537 3537 
23900 3555 3552 
23950 3531 3528 
24000 3531 3526 
24050 3541 3541 
24100 3554 3549 
24150 3548 3525 
24200 3524 3497 
24250 3542 3510 
24300 3548 3510 
24350 3542 3483 
24400 3528 3465 
24450 3544 3475 
24500 3554 3476 
24550 3540 3506 
24600 3538 3527 
24650 3549 3545 
24700 3532 3539 
24750 3530 3533 
24800 3519 3523 
24850 3544 3545 
24900 3536 3540 
24950 3551 3553 
25000 3546 3544 
25050 3551 3552 
25100 3548 3537 
25150 3531 3495 
25200 3543 3511 
25250 3548 3510 
25300 3553 3517 
25350 3527 3477 
25400 3549 3501 
25450 3539 3494 
25500 3542 3490 
25550 3538 3523 
25600 3538 3532 
25650 3538 3542 
25700 3541 3543 
25750 3537 3545 
25800 3540 3534 
25850 3541 3545 
25900 3543 3539 
25950 3542 3538 
26000 3531 3535 
26050 3532 3534 
26100 3539 3526 
26150 3524 3504 
26200 3531 3507 
26250 3510 3473 
26300 3541 3504 
26350 3541 3491 
26400 3554 3485 
26450 3550 3491 
26500 3549 3461 
26550 3534 3482 
26600 3539 3525 
26650 3551 3550 
26700 3541 3538 
26750 3544 3543 
26800 3555 3557 
26850 3533 3533 
26900 3542 3533 
26950 3559 3555 
27000 3557 3559 
27050 3544 3544 
27100 3541 3526 
27150 3531 3503 
27200 3559 3493 
27250 3538 3474 
27300 3541 3476 
27350 3546 3448 
27400 3528 3458 
27450 3544 3454 
27500 3533 3437 
27550 3538 3497 
27600 3544 3539 
27650 3546 3538 
27700 3545 3540 
27750 3553 3551 
27800 3551 3546 
27850 3542 3544 
27900 3552 3553 
27950 3549 3542 
28000 3548 3548 
28050 3530 3523 
28100 3549 3518 
28150 3513 3467 
28200 3544 3475 
28250 3546 3461 
28300 3537 3453 
28350 3525 3430 
28400 3565 3443 
28450 3537 3399 
28500 3543 3405 
28550 3546 3489 
28600 3525 3518 
28650 3539 3540 
28700 3534 3539 
28750 3547 3542 
28800 3527 3528 
28850 3544 3548 
28900 3533 3528 
28950 3553 3549 
29000 3549 3541 
29050 3530 3516 
29100 3553 3531 
29150 3537 3497 
29200 3554 3491 
29250 3539 3457 
29300 3552 3458 
29350 3539 3430 
29400 3551 3447 
29450 3543 3416 
29500 3544 3413 
29550 3524 3456 
29600 3528 3506 
29650 3550 3543 
29700 3541 3530 
29750 3553 3548 
29800 3554 3554 
29850 3552 3552 
29900 3536 3536 
29950 3538 3536 
30000 3527 3522 
30050 3540 3537 
30100 3547 3536 
30150 3540 3500 
30200 3533 3484 
30250 3534 3458 
30300 3531 3459 
30350 3548 3472 
30400 3549 3446 
30450 3550 3461 
30500 3530 3436 
30550 3534 3478 
30600 3547 3528 
30650 3541 3537 
30700 3544 3544 
30750 3543 3537 
30800 3559 3553 
30850 3537 3540 
30900 3549 3554 
30950 3536 3539 
31000 3549 3545 
31050 3559 3554 
31100 3538 3534 
31150 3545 3529 
31200 3552 3529 
31250 3544 3521 
31300 3566 3527 
31350 3544 3484 
31400 3549 3452 
31450 3544 3447 
31500 3545 3451 
31550 3544 3498 
31600 3547 3537 
31650 3542 3543 
31700 3544 3550 
31750 3572 3567 
31800 3535 3535 
31850 3554 3552 
31900 3544 3546 
31950 3545 3535 
32000 3554 3556 
32050 3536 3539 
32100 3538 3538 
32150 3538 3533 
32200 3549 3532 
32250 3546 3529 
32300 3566 3521 
32350 3549 3498 
32400 3545 3485 
32450 3538 3465 
32500 3543 3459 
32550 3551 3503 
32600 3556 3540 
32650 3553 3551 
32700 3561 3557 
32750 3552 3545 
32800 3535 3528 
32850 3535 3540 
32900 3536 3537 
32950 3547 3550 
33000 3542 3541 
33050 3544 3547 
33100 3549 3538 
33150 3549 3526 
33200 3525 3487 
33250 3545 3489 
33300 3557 3490 
33350 3550 3488 
33400 3538 3465 
33450 3554 3454 
33500 3542 3439 
33550 3561 3502 
33600 3555 3543 
33650 3545 3551 
33700 3552 3552 
33750 3553 3555 
33800 3557 3556 
33850 3539 3547 
33900 3523 3528 
33950 3529 3534 
34000 3544 3545 
34050 3528 3534 
34100 3542 3531 
34150 3547 3540 
34200 3560 3548 
34250 3540 3520 
34300 3536 3499 
34350 3548 3501 
34400 3536 3483 
34450 3545 3472 
34500 3529 3455 
34550 3533 3505 
34600 3541 3532 
34650 3533 3528 
34700 3549 3551 
34750 3537 3539 
34800 3535 3537 
34850 3544 3542 
34900 3540 3537 
34950 3533 3533 
35000 3548 3545 
35050 3542 3531 
35100 3534 3516 
35150 3535 3516 
35200 3558 3529 
35250 3550 3497 
35300 3555 3496 
35350 3551 3502 
35400 3545 3486 
35450 3543 3480 
35500 3531 3471 
35550 3543 3498 
35600 3542 3532 
35650 3532 3530 
35700 3544 3544 
35750 3546 3549 
35800 3540 3535 
35850 3553 3544 
35900 3549 3548 
35950 3538 3543 
36000 3552 3556 
36050 3538 3533 
36100 3551 3536 
36150 3530 3508 
36200 3537 3501 
36250 3561 3496 
36300 3539 3474 
36350 3538 3462 
36400 3542 3458 
36450 3546 3454 
36500 3522 3433 
36550 3536 3452 
36600 3533 3483 
36650 3546 3524 
36700 3546 3547 
36750 3536 3540 
36800 3534 3531 
36850 3559 3558 
36900 3551 3548 
36950 3546 3546 
37000 3534 3532 
37050 3558 3550 
37100 3550 3533 
37150 3539 3516 
37200 3548 3513 
37250 3529 3503 
37300 3530 3478 
37350 3542 3451 
37400 3544 3429 
37450 3552 3438 
37500 3540 3442 
37550 3557 3525 
37600 3537 3534 
37650 3531 3535 
37700 3532 3538 
37750 3555 3558 
37800 3544 3543 
37850 3538 3541 
37900 3549 3548 
37950 3553 3549 
38000 3545 3542 
38050 3548 3547 
38100 3559 3542 
38150 3562 3527 
38200 3554 3515 
38250 3548 3516 
38300 3566 3506 
38350 3557 3511 
38400 3549 3488 
38450 3558 3470 
38500 3549 3480 
38550 3545 3513 
38600 3539 3531 
38650 3548 3549 
38700 3548 3544 
38750 3543 3535 
38800 3545 3548 
38850 3546 3543 
38900 3548 3544 
38950 3529 3529 
39000 3555 3545 
39050 3541 3533 
39100 3546 3511 
39150 3551 3494 
39200 3520 3484 
39250 3542 3495 
39300 3545 3491 
39350 3543 3448 
39400 3556 3438 
39450 3526 3403 
39500 3544 3416 
39550 3552 3490 
39600 3545 3526 
39650 3528 3528 
39700 3540 3532 
39750 3554 3553 
39800 3552 3544 
39850 3555 3553 
39900 3554 3557 
39950 3544 3549 
40000 3549 3548 
40050 3553 3546 
40100 3546 3541 
40150 3547 3539 
40200 3548 3533 
40250 3556 3526 
40300 3539 3495 
40350 3550 3479 
40400 3554 3465 
40450 3564 3463 
40500 3552 3429 
40550 3556 3504 
40600 3563 3559 
40650 3545 3541 
40700 3538 3540 
40750 3557 3557 
40800 3557 3556 
40850 3536 3530 
40900 3559 3551 
40950 3544 3542 
41000 3538 3540 
41050 3540 3544 
41100 3546 3537 
41150 3551 3531 
41200 3558 3518 
41250 3573 3515 
41300 3554 3466 
41350 3537 3406 
41400 3543 3400 
41450 3549 3368 
41500 3557 3386 
41550 3546 3473 
41600 3547 3537 
41650 3541 3536 
41700 3557 3555 
41750 3551 3547 
41800 3530 3531 
41850 3544 3537 
41900 3555 3553 
41950 3547 3544 
42000 3551 3549 
42050 3541 3535 
42100 3548 3540 
42150 3549 3522 
42200 3552 3504 
42250 3545 3479 
42300 3540 3453 
42350 3550 3479 
42400 3543 3479 
42450 3551 3425 
42500 3555 3408 
42550 3539 3484 
42600 3542 3533 
42650 3552 3550 
42700 3537 3535 
42750 3542 3543 
42800 3569 3567 
42850 3551 3552 
42900 3546 3546 
42950 3548 3545 
43000 3562 3563 
43050 3551 3543 
43100 3554 3534 
43150 3546 3523 
43200 3544 3469 
43250 3554 3481 
43300 3550 3460 
43350 3564 3462 
43400 3552 3418 
43450 3544 3391 
43500 3545 3383 
43550 3556 3511 
43600 3555 3537 
43650 3538 3532 
43700 3545 3544 
43750 3552 3551 
43800 3552 3552 
43850 3555 3559 
43900 3559 3560 
43950 3563 3561 
44000 3543 3546 
44050 3552 3544 
44100 3543 3517 
44150 3538 3507 
44200 3553 3519 
44250 3565 3520 
44300 3552 3517 
44350 3559 3498 
44400 3561 3491 
44450 3560 3451 
44500 3546 3417 
44550 3557 3516 
44600 3537 3534 
44650 3557 3550 
44700 3539 3540 
44750 3544 3544 
44800 3551 3555 
44850 3547 3548 
44900 3552 3546 
44950 3544 3542 
45000 3555 3549 
45050 3540 3522 
45100 3559 3533 
45150 3549 3520 
45200 3546 3518 
45250 3532 3487 
45300 3549 3511 
45350 3550 3487 
45400 3550 3465 
45450 3547 3462 
45500 3556 3483 
45550 3536 3512 
45600 3556 3546 
45650 3542 3545 
45700 3553 3550 
45750 3540 3541 
45800 3549 3551 
45850 3552 3558 
45900 3551 3553 
45950 3553 3551 
46000 3555 3550 
46050 3565 3559 
46100 3559 3544 
46150 3542 3541 
46200 3539 3513 
46250 3547 3510 
46300 3548 3521 
46350 3557 3523 
46400 3549 3493 
46450 3561 3507 
46500 3570 3482 
46550 3558 3517 
46600 3541 3528 
46650 3548 3548 
46700 3562 3562 
46750 3552 3549 
46800 3535 3539 
46850 3552 3551 
46900 3551 3553 
46950 3562 3561 
47000 3552 3545 
47050 3542 3537 
47100 3549 3536 
47150 3547 3525 
47200 3559 3532 
47250 3564 3522 
47300 3568 3505 
47350 3548 3481 
47400 3556 3480 
47450 3553 3458 
47500 3564 3481 
47550 3559 3526 
47600 3554 3550 
47650 3557 3557 
47700 3552 3546 
47750 3554 3554 
47800 3549 3547 
47850 3554 3554 
47900 3550 3547 
47950 3562 3559 
48000 3551 3549 
48050 3554 3549 
48100 3555 3543 
48150 3541 3521 
48200 3545 3503 
48250 3542 3475 
48300 3550 3480 
48350 3557 3453 
48400 3523 3403 
48450 3565 3431 
48500 3543 3363 
48550 3547 3461 
48600 3538 3522 
48650 3554 3546 
48700 3558 3557 
48750 3547 3554 
48800 3535 3539 
48850 3549 3548 
48900 3549 3548 
48950 3535 3540 
49000 3555 3550 
49050 3549 3540 
49100 3561 3536 
49150 3561 3515 
49200 3565 3486 
49250 3545 3469 
49300 3549 3445 
49350 3533 3425 
49400 3547 3420 
49450 3563 3434 
49500 3549 3422 
49550 3541 3478 
49600 3559 3540 
49650 3540 3541 
49700 3542 3539 
49750 3545 3545 
49800 3547 3553 
49850 3560 3555 
49900 3549 3550 
49950 3556 3555 
50000 3544 3541 
50050 3552 3547 
50100 3540 3508 
50150 3560 3524 
50200 3556 3529 
50250 3539 3501 
50300 3552 3486 
50350 3560 3491 
50400 3559 3494 
50450 3543 3475 
50500 3553 3479 
50550 3544 3520 
50600 3536 3534 
50650 3549 3547 
50700 3557 3551 
50750 3552 3551 
50800 3553 3555 
50850 3545 3541 
50900 3570 3571 
50950 3550 3560 
51000 3554 3558 
51050 3557 3558 
51100 3553 3544 
51150 3554 3534 
51200 3544 3526 
51250 3563 3534 
51300 3557 3520 
51350 3568 3514 
51400 3552 3479 
51450 3531 3445 
51500 3549 3455 
51550 3553 3505 
51600 3560 3550 
51650 3569 3566 
51700 3555 3557 
51750 3550 3551 
51800 3557 3558 
51850 3564 3564 
51900 3553 3549 
51950 3569 3569 
52000 3549 3545 
52050 3550 3558 
52100 3550 3539 
52150 3565 3542 
52200 3557 3507 
52250 3545 3491 
52300 3548 3488 
52350 3549 3482 
52400 3549 3456 
52450 3553 3452 
52500 3544 3431 
52550 3564 3525 
52600 3557 3547 
52650 3534 3532 
52700 3555 3551 
52750 3548 3549 
52800 3544 3545 
52850 3552 3546 
52900 3551 3552 
52950 3552 3549 
53000 3558 3560 
53050 3538 3533 
53100 3555 3525 
53150 3550 3511 
53200 3545 3516 
53250 3545 3510 
53300 3562 3505 
53350 3554 3482 
53400 3558 3478 
53450 3546 3477 
53500 3549 3492 
53550 3552 3524 
53600 3536 3533 
53650 3552 3557 
53700 3543 3542 
53750 3556 3553 
53800 3532 3532 
53850 3543 3542 
53900 3546 3541 
53950 3540 3542 
54000 3559 3559 
54050 3562 3561 
54100 3556 3550 
54150 3547 3540 
54200 3540 3534 
54250 3552 3521 
54300 3537 3515 
54350 3544 3506 
54400 3558 3508 
54450 3542 3500 
54500 3548 3487 
54550 3560 3545 
54600 3545 3545 
54650 3530 3533 
54700 3559 3561 
54750 3559 3560 
54800 3549 3554 
54850 3542 3546 
54900 3549 3552 
54950 3545 3547 
55000 3554 3550 
55050 3547 3542 
55100 3539 3535 
55150 3563 3550 
55200 3551 3518 
55250 3558 3492 
55300 3551 3459 
55350 3561 3471 
55400 3546 3440 
55450 3555 3409 
55500 3566 3389 
55550 3551 3495 
55600 3532 3535 
55650 3549 3546 
55700 3542 3535 
55750 3558 3559 
55800 3564 3563 
55850 3537 3538 
55900 3562 3564 
55950 3557 3558 
56000 3536 3541 
56050 3558 3561 
56100 3550 3538 
56150 3541 3522 
56200 3538 3510 
56250 3566 3526 
56300 3564 3512 
56350 3545 3458 
56400 3547 3485 
56450 3544 3481 
56500 3552 3477 
56550 3551 3527 
56600 3551 3548 
56650 3536 3533 
56700 3559 3556 
56750 3563 3566 
56800 3554 3551 
56850 3570 3574 
56900 3544 3543 
56950 3556 3553 
57000 3560 3559 
57050 3539 3531 
57100 3557 3536 
57150 3560 3525 
57200 3551 3505 
57250 3562 3493 
57300 3549 3459 
57350 3562 3462 
57400 3555 3456 
57450 3556 3434 
57500 3550 3375 
57550 3543 3475 
57600 3566 3554 
57650 3556 3556 
57700 3556 3559 
57750 3547 3543 
57800 3548 3543 
57850 3544 3549 
57900 3548 3538 
57950 3551 3549 
58000 3558 3561 
58050 3548 3548 
58100 3555 3514 
58150 3544 3500 
58200 3548 3485 
58250 3554 3441 
58300 3565 3426 
58350 3559 3411 
58400 3554 3392 
58450 3558 3422 
58500 3558 3362 
58550 3565 3493 
58600 3563 3546 
58650 3549 3550 
58700 3554 3550 
58750 3551 3549 
58800 3543 3548 
58850 3554 3554 
58900 3562 3562 
58950 3550 3539 
59000 3537 3540 
59050 3533 3540 
59100 3555 3537 
59150 3557 3536 
59200 3544 3513 
59250 3553 3492 
59300 3537 3480 
59350 3538 3474 
59400 3557 3465 
59450 3550 3457 
59500 3548 3428 
59550 3552 3512 
59600 3570 3554 
59650 3562 3559 
59700 3553 3560 
59750 3557 3558 
59800 3550 3550 
59850 3553 3554 
59900 3552 3556 
59950 3537 3538 
60000 3547 3549 
60050 3552 3541 
60100 3547 3530 
60150 3552 3523 
60200 3532 3488 
60250 3538 3485 
60300 3541 3497 
60350 3532 3476 
60400 3551 3473 
60450 3564 3496 
60500 3562 3465 
60550 3550 3514 
60600 3541 3543 
60650 3562 3557 
60700 3541 3541 
60750 3566 3559 
60800 3572 3570 
60850 3564 3564 
60900 3557 3564 
60950 3563 3568 
61000 3556 3560 
61050 3565 3567 
61100 3562 3554 
61150 3567 3547 
61200 3553 3528 
61250 3542 3521 
61300 3555 3524 
61350 3547 3508 
61400 3542 3494 
61450 3548 3495 
61500 3563 3494 
61550 3560 3540 
61600 3542 3543 
61650 3545 3541 
61700 3564 3562 
61750 3553 3551 
61800 3543 3544 
61850 3556 3556 
61900 3538 3543 
61950 3543 3540 
62000 3549 3547 
62050 3541 3544 
62100 3556 3533 
62150 3541 3521 
62200 3543 3503 
62250 3560 3520 
62300 3564 3520 
62350 3546 3503 
62400 3548 3497 
62450 3544 3483 
62500 3549 3451 
62550 3552 3507 
62600 3572 3567 
62650 3553 3553 
62700 3548 3541 
62750 3548 3543 
62800 3545 3546 
62850 3552 3559 
62900 3548 3556 
62950 3541 3545 
63000 3557 3559 
63050 3547 3544 
63100 3548 3538 
63150 3556 3522 
63200 3554 3480 
63250 3551 3465 
63300 3541 3469 
63350 3537 3455 
63400 3548 3450 
63450 3551 3436 
63500 3557 3445 
63550 3551 3517 
63600 3534 3523 
63650 3553 3554 
63700 3558 3558 
63750 3554 3550 
63800 3557 3553 
63850 3549 3549 
63900 3549 3550 
63950 3536 3539 
64000 3552 3550 
64050 3553 3541 
64100 3557 3546 
64150 3541 3512 
64200 3535 3512 
64250 3556 3516 
64300 3564 3518 
64350 3547 3512 
64400 3546 3491 
64450 3550 3479 
64500 3536 3461 
64550 3559 3547 
64600 3550 3536 
64650 3545 3541 
64700 3544 3541 
64750 3566 3562 
64800 3558 3557 
64850 3537 3547 
64900 3551 3549 
64950 3535 3537 
65000 3543 3538 
65050 3533 3529 
65100 3552 3532 
65150 3562 3526 
65200 3558 3495 
65250 3548 3492 
65300 3540 3484 
65350 3558 3491 
65400 3563 3497 
65450 3541 3420 
65500 3564 3431 
65550 3561 3527 
65600 3552 3545 
65650 3541 3538 
65700 3565 3560 
65750 3547 3547 
65800 3543 3541 
65850 3544 3547 
65900 3549 3554 
65950 3540 3545 
66000 3564 3560 
66050 3537 3538 
66100 3548 3530 
66150 3549 3501 
66200 3560 3517 
66250 3547 3483 
66300 3556 3473 
66350 3556 3472 
66400 3539 3424 
66450 3556 3448 
66500 3554 3462 
66550 3547 3519 
66600 3539 3532 
66650 3557 3555 
66700 3548 3553 
66750 3556 3558 
66800 3557 3557 
66850 3563 3560 
66900 3556 3556 
66950 3547 3544 
67000 3546 3555 
67050 3543 3553 
67100 3536 3519 
67150 3551 3526 
67200 3551 3512 
67250 3574 3506 
67300 3556 3475 
67350 3547 3442 
67400 3553 3417 
67450 3551 3423 
67500 3552 3400 
67550 3536 3489 
67600 3539 3534 
67650 3545 3552 
67700 3550 3550 
67750 3556 3560 
67800 3546 3544 
67850 3546 3545 
67900 3534 3536 
67950 3558 3554 
68000 3541 3547 
68050 3554 3556 
68100 3557 3549 
68150 3562 3536 
68200 3564 3535 
68250 3558 3503 
68300 3551 3512 
68350 3553 3485 
68400 3545 3465 
68450 3555 3471 
68500 3570 3449 
68550 3555 3518 
68600 3549 3541 
68650 3553 3547 
68700 3543 3547 
68750 3546 3547 
68800 3550 3552 
68850 3543 3551 
68900 3541 3542 
68950 3554 3551 
69000 3554 3542 
69050 3549 3536 
69100 3544 3524 
69150 3542 3511 
69200 3526 3498 
69250 3542 3477 
69300 3527 3439 
69350 3538 3442 
69400 3545 3421 
69450 3545 3372 
69500 3532 3337 
69550 3541 3455 
69600 3547 3529 
69650 3560 3552 
69700 3548 3551 
69750 3550 3544 
69800 3556 3559 
69850 3538 3549 
69900 3554 3559 
69950 3563 3563 
70000 3564 3568 
70050 3557 3558 
70100 3556 3542 
70150 3557 3540 
70200 3548 3521 
70250 3545 3510 
70300 3541 3512 
70350 3550 3504 
70400 3554 3504 
70450 3560 3482 
70500 3544 3448 
70550 3554 3530 
70600 3564 3560 
70650 3555 3544 
70700 3547 3548 
70750 3558 3560 
70800 3553 3558 
70850 3546 3548 
70900 3554 3555 
70950 3550 3552 
71000 3557 3555 
71050 3552 3554 
71100 3546 3519 
71150 3546 3494 
71200 3564 3486 
71250 3558 3452 
71300 3541 3402 
71350 3552 3403 
71400 3568 3426 
71450 3545 3374 
71500 3557 3343 
71550 3540 3451 
71600 3558 3536 
71650 3551 3547 
71700 3560 3562 
71750 3539 3530 
71800 3542 3543 
71850 3564 3568 
71900 3533 3534 
71950 3551 3551 
72000 3542 3540 
72050 3553 3547 
72100 3538 3514 
72150 3552 3513 
72200 3532 3482 
72250 3557 3501 
72300 3552 3499 
72350 3554 3471 
72400 3553 3447 
72450 3541 3434 
72500 3560 3416 
72550 3552 3500 
72600 3550 3545 
72650 3547 3548 
72700 3551 3548 
72750 3553 3546 
72800 3554 3553 
72850 3557 3559 
72900 3539 3550 
72950 3540 3541 
73000 3564 3556 
73050 3558 3557 
73100 3554 3539 
73150 3556 3525 
73200 3543 3496 
73250 3558 3497 
73300 3549 3483 
73350 3555 3473 
73400 3550 3444 
73450 3545 3413 
73500 3564 3426 
73550 3541 3480 
73600 3534 3519 
73650 3563 3552 
73700 3558 3556 
73750 3551 3551 
73800 3550 3550 
73850 3538 3533 
73900 3554 3553 
73950 3550 3555 
74000 3548 3547 
74050 3552 3544 
74100 3552 3541 
74150 3548 3521 
74200 3560 3516 
74250 3538 3498 
74300 3542 3506 
74350 3562 3508 
74400 3542 3473 
74450 3539 3473 
74500 3557 3461 
74550 3541 3499 
74600 3549 3547 
74650 3543 3547 
74700 3544 3548 
74750 3555 3552 
74800 3561 3555 
74850 3549 3543 
74900 3546 3547 
74950 3550 3551 
75000 3551 3553 
75050 3551 3548 
75100 3542 3516 
75150 3542 3505 
75200 3560 3510 
75250 3559 3500 
75300 3543 3479 
75350 3560 3505 
75400 3550 3494 
75450 3551 3483 
75500 3543 3446 
75550 3540 3494 
75600 3560 3554 
75650 3554 3556 
75700 3554 3554 
75750 3553 3550 
75800 3534 3538 
75850 3564 3561 
75900 3554 3551 
75950 3547 3549 
76000 3554 3558 
76050 3547 3542 
76100 3541 3528 
76150 3553 3549 
76200 3551 3534 
76250 3543 3527 
76300 3556 3530 
76350 3522 3487 
76400 3556 3498 
76450 3553 3462 
76500 3552 3460 
76550 3557 3516 
76600 3552 3545 
76650 3550 3547 
76700 3556 3554 
76750 3536 3534 
76800 3552 3554 
76850 3542 3539 
76900 3553 3555 
76950 3553 3556 
77000 3557 3562 
77050 3549 3548 
77100 3567 3560 
77150 3539 3527 
77200 3550 3536 
77250 3547 3508 
77300 3553 3503 
77350 3562 3461 
77400 3563 3461 
77450 3563 3419 
77500 3548 3375 
77550 3553 3486 
77600 3549 3553 
77650 3552 3555 
77700 3554 3561 
77750 3561 3565 
77800 3556 3557 
77850 3538 3539 
77900 3541 3543 
77950 3562 3565 
78000 3549 3548 
78050 3545 3551 
78100 3531 3521 
78150 3548 3507 
78200 3552 3505 
78250 3560 3495 
78300 3547 3495 
78350 3549 3519 
78400 3533 3486 
78450 3553 3504 
78500 3547 3506 
78550 3550 3530 
78600 3545 3543 
78650 3541 3547 
78700 3540 3536 
78750 3543 3544 
78800 3553 3554 
78850 3546 3546 
78900 3553 3551 
78950 3562 3572 
79000 3554 3556 
79050 3565 3552 
79100 3547 3543 
79150 3557 3529 
79200 3554 3507 
79250 3556 3497 
79300 3557 3479 
79350 3548 3459 
79400 3551 3450 
79450 3559 3447 
79500 3550 3438 
79550 3553 3509 
79600 3551 3555 
79650 3530 3529 
79700 3533 3530 
79750 3548 3549 
79800 3546 3548 
79850 3530 3533 
79900 3536 3532 
79950 3547 3541 
80000 3555 3557 
80050 3555 3547 
80100 3565 3536 
80150 3557 3517 
80200 3555 3482 
80250 3540 3438 
80300 3552 3449 
80350 3563 3426 
80400 3552 3425 
80450 3545 3436 
80500 3560 3423 
80550 3550 3506 
80600 3535 3543 
80650 3553 3553 
80700 3547 3546 
80750 3561 3559 
80800 3557 3554 
80850 3541 3540 
80900 3556 3556 
80950 3554 3556 
81000 3554 3554 
81050 3547 3546 
81100 3557 3527 
81150 3540 3519 
81200 3545 3501 
81250 3547 3476 
81300 3555 3475 
81350 3554 3470 
81400 3536 3473 
81450 3558 3484 
81500 3553 3475 
81550 3555 3529 
81600 3536 3533 
81650 3564 3558 
81700 3558 3563 
81750 3550 3542 
81800 3553 3549 
81850 3535 3533 
81900 3556 3555 
81950 3549 3545 
82000 3565 3555 
82050 3542 3535 
82100 3546 3524 
82150 3560 3520 
82200 3563 3526 
82250 3546 3475 
82300 3530 3467 
82350 3547 3435 
82400 3537 3430 
82450 3551 3446 
82500 3541 3438 
82550 3538 3505 
82600 3563 3558 
82650 3554 3554 
82700 3539 3547 
82750 3542 3543 
82800 3545 3542 
82850 3555 3559 
82900 3545 3543 
82950 3558 3553 
83000 3551 3552 
83050 3543 3537 
83100 3560 3526 
83150 3543 3491 
83200 3556 3466 
83250 3537 3426 
83300 3545 3434 
83350 3548 3404 
83400 3556 3412 
83450 3547 3401 
83500 3543 3416 
83550 3551 3492 
83600 3543 3533 
83650 3552 3547 
83700 3534 3536 
83750 3548 3543 
83800 3554 3551 
83850 3555 3552 
83900 3559 3554 
83950 3554 3556 
84000 3538 3539 
84050 3555 3548 
84100 3552 3530 
84150 3535 3499 
84200 3553 3499 
84250 3548 3475 
84300 3546 3474 
84350 3557 3481 
84400 3571 3470 
84450 3554 3438 
84500 3551 3396 
84550 3562 3496 
84600 3561 3545 
84650 3564 3564 
84700 3545 3543 
84750 3561 3562 
84800 3549 3551 
84850 3557 3555 
84900 3539 3541 
84950 3558 3557 
85000 3550 3543 
85050 3549 3539 
85100 3545 3520 
85150 3548 3508 
85200 3556 3499 
85250 3538 3461 
85300 3553 3465 
85350 3554 3458 
85400 3540 3405 
85450 3548 3417 
85500 3550 3412 
85550 3547 3506 
85600 3552 3556 
85650 3548 3553 
85700 3556 3549 
85750 3548 3548 
85800 3553 3553 
85850 3556 3559 
85900 3554 3553 
85950 3561 3563 
86000 3565 3559 
86050 3562 3564 
86100 3553 3529 
86150 3551 3511 
86200 3557 3516 
86250 3552 3492 
86300 3552 3488 
86350 3551 3493 
86400 3557 3510 
86450 3559 3495 
86500 3554 3499 
86550 3561 3538 
86600 3538 3536 
86650 3552 3548 
86700 3552 3548 
86750 3548 3548 
86800 3537 3538 
86850 3552 3546 
86900 3553 3555 
86950 3552 3552 
87000 3526 3533 
87050 3538 3525 
87100 3543 3518 
87150 3550 3511 
87200 3558 3520 
87250 3557 3508 
87300 3568 3511 
87350 3559 3472 
87400 3553 3449 
87450 3542 3377 
87500 3554 3349 
87550 3545 3458 
87600 3550 3529 
87650 3547 3546 
87700 3552 3547 
87750 3546 3548 
87800 3551 3549 
87850 3540 3539 
87900 3559 3559 
87950 3535 3538 
88000 3544 3550 
88050 3555 3551 
88100 3545 3532 
88150 3567 3548 
88200 3549 3520 
88250 3552 3523 
88300 3546 3490 
88350 3542 3461 
88400 3553 3466 
88450 3553 3488 
88500 3551 3469 
88550 3550 3523 
88600 3556 3547 
88650 3547 3545 
88700 3552 3556 
88750 3552 3550 
88800 3546 3539 
88850 3550 3551 
88900 3553 3560 
88950 3550 3546 
89000 3554 3549 
89050 3545 3543 
89100 3542 3530 
89150 3559 3525 
89200 3555 3497 
89250 3551 3478 
89300 3559 3437 
89350 3559 3443 
89400 3532 3410 
89450 3544 3424 
89500 3553 3405 
89550 3558 3515 
89600 3554 3550 
89650 3533 3541 
89700 3547 3541 
89750 3538 3527 
89800 3552 3549 
89850 3553 3553 
89900 3556 3548 
89950 3555 3557 
90000 3545 3551 
90050 3553 3541 
90100 3559 3527 
90150 3559 3521 
90200 3550 3474 
90250 3558 3489 
90300 3543 3460 
90350 3559 3447 
90400 3553 3458 
90450 3546 3426 
90500 3544 3395 
90550 3551 3502 
90600 3543 3540 
90650 3558 3553 
90700 3538 3543 
90750 3552 3554 
90800 3552 3554 
90850 3540 3543 
90900 3556 3552 
90950 3553 3551 
91000 3550 3549 
91050 3538 3541 
91100 3562 3557 
91150 3545 3520 
91200 3546 3503 
91250 3548 3496 
91300 3556 3474 
91350 3535 3415 
91400 3553 3413 
91450 3544 3383 
91500 3547 3380 
91550 3558 3494 
91600 3539 3532 
91650 3563 3567 
91700 3549 3550 
91750 3542 3543 
91800 3530 3529 
91850 3558 3548 
91900 3546 3542 
91950 3559 3554 
92000 3558 3556 
92050 3554 3533 
92100 3553 3514 
92150 3542 3497 
92200 3565 3493 
92250 3547 3469 
92300 3544 3455 
92350 3548 3436 
92400 3546 3435 
92450 3541 3451 
92500 3563 3484 
92550 3530 3513 
92600 3534 3534 
92650 3541 3537 
92700 3550 3551 
92750 3553 3554 
92800 3548 3543 
92850 3541 3538 
92900 3551 3551 
92950 3548 3549 
93000 3551 3551 
93050 3560 3563 
93100 3545 3539 
93150 3549 3545 
93200 3541 3518 
93250 3561 3522 
93300 3558 3485 
93350 3551 3477 
93400 3554 3479 
93450 3562 3479 
93500 3559 3480 
93550 3540 3498 
93600 3563 3551 
93650 3553 3554 
93700 3546 3553 
93750 3550 3552 
93800 3558 3551 
93850 3561 3558 
93900 3557 3555 
93950 3540 3537 
94000 3550 3549 
94050 3559 3548 
94100 3553 3518 
94150 3552 3506 
94200 3555 3485 
94250 3543 3448 
94300 3565 3455 
94350 3547 3473 
94400 3537 3476 
94450 3545 3481 
94500 3542 3468 
94550 3532 3493 
94600 3552 3545 
94650 3539 3538 
94700 3537 3533 
94750 3575 3571 
94800 3546 3547 
94850 3549 3549 
94900 3552 3549 
94950 3551 3552 
95000 3528 3530 
95050 3559 3563 
95100 3564 3554 
95150 3551 3534 
95200 3561 3527 
95250 3559 3534 
95300 3555 3519 
95350 3548 3498 
95400 3547 3498 
95450 3551 3462 
95500 3555 3482 
95550 3549 3528 
95600 3541 3541 
95650 3546 3544 
95700 3552 3552 
95750 3569 3566 
95800 3559 3555 
95850 3544 3537 
95900 3547 3539 
95950 3569 3567 
96000 3552 3544 
96050 3541 3538 
96100 3563 3547 
96150 3565 3536 
96200 3548 3506 
96250 3553 3494 
96300 3544 3485 
96350 3549 3457 
96400 3551 3472 
96450 3554 3469 
96500 3553 3471 
96550 3545 3514 
96600 3546 3555 
96650 3557 3561 
96700 3554 3545 
96750 3555 3551 
96800 3542 3548 
96850 3554 3553 
96900 3557 3561 
96950 3555 3553 
97000 3549 3556 
97050 3547 3552 
97100 3535 3507 
97150 3551 3534 
97200 3535 3530 
97250 3523 3501 
97300 3548 3513 
97350 3546 3505 
97400 3538 3484 
97450 3542 3481 
97500 3554 3481 
97550 3575 3541 
97600 3557 3555 
97650 3547 3548 
97700 3551 3556 
97750 3557 3563 
97800 3549 3554 
97850 3550 3549 
97900 3536 3537 
97950 3557 3557 
98000 3554 3558 
98050 3562 3551 
98100 3554 3538 
98150 3548 3526 
98200 3546 3501 
98250 3536 3465 
98300 3543 3478 
98350 3544 3450 
98400 3537 3444 
98450 3541 3436 
98500 3556 3428 
98550 3549 3515 
98600 3562 3561 
98650 3554 3557 
98700 3548 3541 
98750 3555 3563 
98800 3552 3552 
98850 3548 3548 
98900 3539 3531 
98950 3550 3549 
99000 3547 3554 
99050 3556 3548 
99100 3548 3517 
99150 3560 3516 
99200 3540 3496 
99250 3543 3449 
99300 3533 3445 
99350 3546 3473 
99400 3559 3483 
99450 3563 3467 
99500 3542 3462 
99550 3557 3521 
99600 3548 3544 
99650 3543 3537 
99700 3552 3555 
99750 3559 3564 
99800 3545 3545 
99850 3533 3533 
99900 3558 3562 
99950 3547 3554 
100000 3551 3542 
100050 3555 3549 
100100 3547 3528 
100150 3559 3518 
100200 3553 3504 
100250 3537 3468 
100300 3542 3454 
100350 3559 3453 
100400 3537 3423 
100450 3561 3440 
100500 3551 3372 
100550 3539 3471 
100600 3544 3520 
100650 3550 3543 
100700 3552 3550 
100750 3552 3550 
100800 3536 3533 
100850 3551 3549 
100900 3542 3545 
100950 3552 3552 
101000 3538 3537 
101050 3544 3546 
101100 3533 3513 
101150 3542 3502 
101200 3550 3504 
101250 3548 3496 
101300 3556 3501 
101350 3552 3485 
101400 3551 3443 
101450 3558 3429 
101500 3546 3417 
101550 3560 3508 
101600 3547 3544 
101650 3552 3553 
101700 3549 3551 
101750 3554 3557 
101800 3545 3552 
101850 3552 3549 
101900 3553 3553 
101950 3543 3550 
102000 3539 3548 
102050 3541 3539 
102100 3558 3544 
102150 3558 3541 
102200 3549 3519 
102250 3547 3491 
102300 3555 3486 
102350 3547 3473 
102400 3557 3434 
102450 3554 3440 
102500 3541 3459 
102550 3551 3528 
102600 3548 3546 
102650 3529 3525 
102700 3553 3554 
102750 3549 3557 
102800 3544 3540 
102850 3560 3556 
102900 3558 3557 
102950 3552 3548 
103000 3541 3545 
103050 3552 3543 
103100 3554 3542 
103150 3552 3536 
103200 3562 3536 
103250 3538 3504 
103300 3537 3480 
103350 3560 3496 
103400 3556 3474 
103450 3561 3464 
103500 3562 3442 
103550 3558 3535 
103600 3561 3559 
103650 3536 3528 
103700 3551 3550 
103750 3550 3550 
103800 3546 3546 
103850 3560 3561 
103900 3547 3551 
103950 3535 3533 
104000 3555 3554 
104050 3546 3541 
104100 3552 3532 
104150 3538 3500 
104200 3559 3503 
104250 3565 3483 
104300 3552 3438 
104350 3547 3409 
104400 3545 3429 
104450 3547 3430 
104500 3556 3403 
104550 3539 3483 
104600 3535 3520 
104650 3538 3536 
104700 3536 3535 
104750 3560 3562 
104800 3555 3550 
104850 3554 3550 
104900 3564 3556 
104950 3549 3557 
105000 3567 3569 
105050 3542 3540 
105100 3547 3528 
105150 3553 3529 
105200 3536 3512 
105250 3553 3529 
105300 3555 3527 
105350 3558 3525 
105400 3553 3529 
105450 3560 3525 
105500 3545 3466 
105550 3548 3537 
105600 3554 3555 
105650 3548 3547 
105700 3540 3542 
105750 3551 3554 
105800 3561 3562 
105850 3551 3555 
105900 3554 3557 
105950 3539 3539 
106000 3558 3558 
106050 3543 3539 
106100 3548 3519 
106150 3545 3506 
106200 3551 3502 
106250 3540 3484 
106300 3558 3486 
106350 3538 3466 
106400 3539 3476 
106450 3540 3474 
106500 3547 3483 
106550 3529 3493 
106600 3551 3541 
106650 3552 3550 
106700 3552 3551 
106750 3546 3543 
106800 3567 3561 
106850 3557 3554 
106900 3565 3564 
106950 3561 3560 
107000 3539 3540 
107050 3526 3512 
107100 3554 3515 
107150 3552 3479 
107200 3560 3473 
107250 3553 3445 
107300 3557 3429 
107350 3566 3446 
107400 3555 3397 
107450 3547 3396 
107500 3546 3396 
107550 3540 3473 
107600 3553 3538 
107650 3543 3542 
107700 3536 3529 
107750 3532 3537 
107800 3562 3560 
107850 3558 3554 
107900 3556 3554 
107950 3566 3569 
108000 3545 3549 
108050 3555 3525 
108100 3547 3496 
108150 3544 3469 
108200 3548 3449 
108250 3555 3436 
108300 3551 3418 
108350 3551 3418 
108400 3541 3394 
108450 3546 3343 
108500 3547 3338 
108550 3553 3471 
108600 3550 3537 
108650 3555 3560 
108700 3556 3562 
108750 3548 3553 
108800 3547 3541 
108850 3555 3549 
108900 3557 3551 
108950 3549 3549 
109000 3553 3551 
109050 3536 3532 
109100 3548 3518 
109150 3548 3516 
109200 3555 3512 
109250 3552 3521 
109300 3544 3460 
109350 3556 3469 
109400 3539 3449 
109450 3532 3400 
109500 3550 3415 
109550 3554 3503 
109600 3555 3546 
109650 3548 3543 
109700 3550 3546 
109750 3548 3544 
109800 3550 3545 
109850 3540 3531 
109900 3543 3544 
109950 3573 3566 
110000 3552 3554 
110050 3556 3549 
110100 3557 3507 
110150 3539 3474 
110200 3552 3479 
110250 3550 3483 
110300 3560 3501 
110350 3544 3459 
110400 3561 3464 
110450 3558 3461 
110500 3546 3415 
110550 3547 3516 
110600 3547 3534 
110650 3558 3554 
110700 3562 3565 
110750 3555 3556 
110800 3552 3550 
110850 3555 3550 
110900 3565 3562 
110950 3549 3548 
111000 3543 3540 
111050 3551 3545 
111100 3556 3538 
111150 3555 3524 
111200 3550 3511 
111250 3558 3508 
111300 3542 3458 
111350 3546 3429 
111400 3539 3416 
111450 3534 3433 
111500 3561 3423 
111550 3537 3487 
111600 3543 3535 
111650 3562 3554 
111700 3549 3548 
111750 3549 3551 
111800 3550 3549 
111850 3554 3556 
111900 3558 3554 
111950 3552 3551 
112000 3556 3557 
112050 3548 3526 
112100 3541 3506 
112150 3552 3473 
112200 3545 3467 
112250 3539 3438 
112300 3547 3391 
112350 3550 3418 
112400 3559 3399 
112450 3546 3374 
112500 3548 3340 
112550 3554 3489 
112600 3545 3539 
112650 3535 3530 
112700 3546 3538 
112750 3557 3554 
112800 3550 3544 
112850 3567 3560 
112900 3534 3534 
112950 3560 3554 
113000 3549 3536 
113050 3545 3535 
113100 3554 3534 
113150 3564 3520 
113200 3537 3500 
113250 3546 3512 
113300 3559 3496 
113350 3548 3478 
113400 3551 3468 
113450 3557 3443 
113500 3541 3418 
113550 3542 3479 
113600 3549 3539 
113650 3550 3549 
113700 3553 3550 
113750 3533 3538 
113800 3558 3548 
113850 3553 3551 
113900 3549 3550 
113950 3562 3560 
114000 3552 3546 
114050 3559 3550 
114100 3562 3552 
114150 3556 3524 
114200 3564 3494 
114250 3544 3487 
114300 3545 3483 
114350 3534 3454 
114400 3546 3425 
114450 3542 3425 
114500 3552 3447 
114550 3539 3519 
114600 3552 3551 
114650 3567 3560 
114700 3536 3539 
114750 3557 3550 
114800 3557 3556 
114850 3546 3544 
114900 3543 3548 
114950 3545 3545 
115000 3548 3549 
115050 3548 3549 
115100 3536 3512 
115150 3548 3515 
115200 3553 3512 
115250 3535 3469 
115300 3550 3445 
115350 3562 3392 
115400 3557 3401 
115450 3549 3367 
115500 3550 3331 
115550 3536 3458 
115600 3547 3522 
115650 3525 3515 
115700 3553 3552 
115750 3551 3552 
115800 3551 3556 
115850 3557 3556 
115900 3546 3544 
115950 3551 3548 
116000 3564 3564 
116050 3537 3526 
116100 3550 3532 
116150 3539 3510 
116200 3545 3494 
116250 3548 3451 
116300 3542 3434 
116350 3555 3417 
116400 3537 3409 
116450 3549 3381 
116500 3542 3360 
116550 3562 3519 
116600 3558 3553 
116650 3556 3549 
116700 3555 3554 
116750 3557 3560 
116800 3554 3549 
116850 3539 3533 
116900 3562 3556 
116950 3547 3541 
117000 3559 3556 
117050 3552 3534 
117100 3548 3515 
117150 3561 3501 
117200 3555 3479 
117250 3552 3454 
117300 3554 3421 
117350 3553 3399 
117400 3555 3373 
117450 3548 3344 
117500 3547 3314 
117550 3553 3481 
117600 3553 3531 
117650 3539 3539 
117700 3536 3531 
117750 3558 3552 
117800 3551 3550 
117850 3529 3528 
117900 3552 3549 
117950 3562 3559 
118000 3542 3539 
118050 3545 3542 
118100 3530 3512 
118150 3550 3501 
118200 3547 3487 
118250 3547 3493 
118300 3542 3502 
118350 3557 3485 
118400 3544 3479 
118450 3549 3435 
118500 3537 3388 
118550 3553 3514 
118600 3549 3546 
118650 3561 3558 
118700 3553 3552 
118750 3557 3552 
118800 3550 3554 
118850 3560 3556 
118900 3544 3545 
118950 3547 3551 
119000 3549 3549 
119050 3558 3546 
119100 3548 3514 
119150 3561 3481 
119200 3541 3426 
119250 3532 3390 
119300 3564 3395 
119350 3567 3399 
119400 3552 3388 
119450 3548 3339 
119500 3547 3322 
119550 3556 3482 
119600 3561 3552 
119650 3551 3545 
119700 3558 3551 
119750 3541 3531 
119800 3546 3542 
119850 3556 3544 
119900 3555 3553 
119950 3550 3542 
120000 3552 3543 
120050 3548 3537 
120100 3554 3525 
120150 3560 3524 
120200 3535 3496 
120250 3559 3519 
120300 3557 3498 
120350 3554 3471 
120400 3539 3450 
120450 3570 3459 
120500 3545 3408 
120550 3557 3514 
120600 3560 3547 
120650 3537 3536 
120700 3556 3559 
120750 3562 3558 
120800 3552 3549 
120850 3546 3543 
120900 3550 3548 
120950 3533 3536 
121000 3552 3546 
121050 3551 3538 
121100 3550 3505 
121150 3557 3496 
121200 3552 3480 
121250 3558 3455 
121300 3550 3434 
121350 3548 3392 
121400 3559 3373 
121450 3545 3331 
121500 3552 3307 
121550 3547 3492 
121600 3554 3552 
121650 3545 3539 
121700 3557 3554 
121750 3556 3554 
121800 3561 3559 
121850 3565 3562 
121900 3558 3553 
121950 3551 3551 
122000 3548 3543 
122050 3552 3518 
122100 3561 3512 
122150 3557 3488 
122200 3557 3475 
122250 3536 3443 
122300 3550 3404 
122350 3542 3349 
122400 3539 3342 
122450 3553 3348 
122500 3543 3277 
122550 3533 3451 
122600 3558 3539 
122650 3568 3557 
122700 3561 3553 
122750 3561 3552 
122800 3563 3558 
122850 3562 3557 
122900 3550 3543 
122950 3564 3560 
123000 3549 3541 
123050 3550 3526 
123100 3545 3518 
123150 3570 3509 
123200 3555 3476 
123250 3559 3454 
123300 3560 3443 
123350 3549 3389 
123400 3554 3363 
123450 3561 3347 
123500 3549 3318 
123550 3564 3478 
123600 3542 3526 
123650 3557 3549 
123700 3560 3551 
123750 3552 3545 
123800 3549 3548 
123850 3563 3550 
123900 3553 3539 
123950 3554 3549 
124000 3554 3555 
124050 3552 3527 
124100 3535 3490 
124150 3557 3490 
124200 3542 3490 
124250 3553 3471 
124300 3571 3472 
124350 3548 3418 
124400 3559 3401 
124450 3554 3396 
124500 3560 3395 
124550 3529 3489 
124600 3556 3545 
124650 3549 3543 
124700 3546 3537 
124750 3549 3552 
124800 3545 3543 
124850 3555 3552 
124900 3541 3539 
124950 3544 3541 
125000 3543 3537 
125050 3559 3547 
125100 3549 3531 
125150 3559 3506 
125200 3547 3476 
125250 3548 3469 
125300 3544 3409 
125350 3555 3403 
125400 3554 3391 
125450 3546 3370 
125500 3559 3388 
125550 3552 3463 
125600 3552 3539 
125650 3559 3554 
125700 3536 3531 
125750 3542 3540 
125800 3570 3563 
125850 3540 3535 
125900 3554 3544 
125950 3555 3551 
126000 3547 3539 
126050 3538 3534 
126100 3545 3517 
126150 3546 3523 
126200 3556 3516 
126250 3543 3483 
126300 3556 3489 
126350 3550 3462 
126400 3552 3436 
126450 3561 3434 
126500 3565 3431 
126550 3554 3500 
126600 3566 3552 
126650 3566 3561 
126700 3573 3567 
126750 3558 3553 
126800 3564 3553 
126850 3560 3553 
126900 3566 3560 
126950 3561 3555 
127000 3564 3563 
127050 3554 3549 
127100 3544 3507 
127150 3543 3496 
127200 3557 3483 
127250 3563 3447 
127300 3559 3439 
127350 3542 3425 
127400 3553 3411 
127450 3565 3444 
127500 3569 3457 
127550 3542 3487 
127600 3551 3537 
127650 3557 3558 
127700 3551 3545 
127750 3556 3549 
127800 3560 3550 
127850 3528 3528 
127900 3561 3557 
127950 3547 3534 
128000 3553 3548 
128050 3551 3536 
128100 3548 3505 
128150 3550 3479 
128200 3556 3488 
128250 3547 3461 
128300 3554 3438 
128350 3555 3336 
128400 3556 3317 
128450 3543 3277 
128500 3559 3295 
128550 3547 3460 
128600 3556 3535 
128650 3552 3543 
128700 3545 3544 
128750 3544 3539 
128800 3551 3548 
128850 3562 3561 
128900 3545 3543 
128950 3538 3534 
129000 3550 3538 
129050 3555 3531 
129100 3552 3511 
129150 3547 3471 
129200 3554 3452 
129250 3545 3420 
129300 3553 3382 
129350 3542 3343 
129400 3545 3328 
129450 3550 3295 
129500 3548 3257 
129550 3533 3454 
129600 3553 3543 
129650 3549 3545 
129700 3561 3547 
129750 3557 3546 
129800 3552 3543 
129850 3539 3532 
129900 3568 3559 
129950 3557 3559 
130000 3545 3530 
130050 3558 3529 
130100 3554 3499 
130150 3552 3468 
130200 3549 3424 
130250 3556 3397 
130300 3539 3359 
130350 3558 3368 
130400 3551 3347 
130450 3565 3317 
130500 3559 3300 
130550 3568 3469 
130600 3545 3530 
130650 3562 3550 
130700 3551 3553 
130750 3552 3554 
130800 3555 3552 
130850 3565 3556 
130900 3543 3528 
130950 3547 3539 
131000 3551 3544 
131050 3539 3514 
131100 3561 3503 
131150 3553 3461 
131200 3541 3439 
131250 3551 3436 
131300 3556 3445 
131350 3559 3435 
131400 3556 3392 
131450 3562 3397 
131500 3555 3348 
131550 3563 3474 
131600 3563 3552 
131650 3555 3547 
131700 3552 3548 
131750 3553 3544 
131800 3556 3560 
131850 3544 3536 
131900 3537 3538 
131950 3552 3537 
132000 3557 3548 
132050 3546 3530 
132100 3553 3513 
132150 3557 3490 
132200 3542 3470 
132250 3561 3472 
132300 3563 3462 
132350 3546 3424 
132400 3538 3389 
132450 3561 3377 
132500 3566 3333 
132550 3551 3476 
132600 3558 3536 
132650 3547 3541 
132700 3542 3534 
132750 3550 3537 
132800 3553 3542 
132850 3551 3544 
132900 3559 3548 
132950 3557 3547 
133000 3556 3549 
133050 3560 3531 
133100 3547 3493 
133150 3565 3493 
133200 3555 3475 
133250 3552 3443 
133300 3564 3410 
133350 3569 3380 
133400 3571 3350 
133450 3567 3300 
133500 3557 3264 
133550 3546 3454 
133600 3546 3525 
133650 3539 3523 
133700 3550 3539 
133750 3567 3558 
133800 3561 3548 
133850 3572 3559 
133900 3544 3535 
133950 3550 3539 
134000 3563 3559 
134050 3546 3519 
134100 3555 3490 
134150 3552 3448 
134200 3543 3385 
134250 3551 3388 
134300 3551 3358 
134350 3540 3311 
134400 3562 3247 
134450 3559 3214 
134500 3553 3130 
134550 3560 3413 
134600 3536 3514 
134650 3565 3549 
134700 3551 3547 
134750 3562 3554 
134800 3556 3538 
134850 3550 3538 
134900 3565 3546 
134950 3561 3551 
135000 3535 3522 
135050 3558 3521 
135100 3574 3504 
135150 3571 3445 
135200 3538 3402 
135250 3542 3358 
135300 3541 3317 
135350 3559 3298 
135400 3548 3251 
135450 3544 3246 
135500 3552 3259 
135550 3544 3470 
135600 3556 3530 
135650 3548 3531 
135700 3559 3541 
135750 3572 3559 
135800 3566 3543 
135850 3571 3561 
135900 3564 3549 
135950 3566 3556 
136000 3565 3553 
136050 3542 3521 
136100 3551 3480 
136150 3552 3434 
136200 3558 3392 
136250 3552 3359 
136300 3550 3354 
136350 3582 3340 
136400 3545 3296 
136450 3545 3281 
136500 3572 3257 
136550 3571 3480 
136600 3566 3556 
136650 3554 3547 
136700 3558 3547 
136750 3555 3546 
136800 3564 3554 
136850 3562 3544 
136900 3553 3534 
136950 3552 3534 
137000 3570 3552 
137050 3558 3523 
137100 3551 3458 
137150 3564 3418 
137200 3567 3391 
137250 3565 3358 
137300 3562 3405 
137350 3556 3359 
137400 3559 3395 
137450 3558 3339 
137500 3563 3311 
137550 3552 3473 
137600 3557 3542 
137650 3548 3533 
137700 3556 3541 
137750 3550 3524 
137800 3565 3557 
137850 3564 3547 
137900 3554 3535 
137950 3559 3539 
138000 3568 3555 
138050 3565 3526 
138100 3553 3449 
138150 3551 3394 
138200 3552 3414 
138250 3553 3372 
138300 3554 3322 
138350 3552 3304 
138400 3567 3299 
138450 3571 3263 
138500 3560 3240 
138550 3549 3463 
138600 3554 3538 
138650 3548 3533 
138700 3553 3529 
138750 3554 3538 
138800 3550 3526 
138850 3552 3541 
138900 3567 3545 
138950 3562 3544 
139000 3553 3537 
139050 3560 3515 
139100 3561 3482 
139150 3548 3429 
139200 3553 3402 
139250 3558 3374 
139300 3533 3319 
139350 3568 3287 
139400 3565 3228 
139450 3563 3175 
139500 3550 3119 
139550 3556 3404 
139600 3563 3543 
139650 3552 3536 
139700 3547 3523 
139750 3559 3537 
139800 3549 3536 
139850 3553 3534 
139900 3557 3537 
139950 3560 3540 
140000 3562 3549 
140050 3553 3528 
140100 3557 3505 
140150 3554 3458 
140200 3551 3407 
140250 3567 3397 
140300 3548 3354 
140350 3551 3310 
140400 3563 3340 
140450 3553 3303 
140500 3545 3294 
140550 3560 3471 
140600 3547 3515 
140650 3566 3551 
140700 3550 3536 
140750 3562 3546 
140800 3561 3551 
140850 3553 3530 
140900 3572 3560 
140950 3571 3558 
141000 3555 3530 
141050 3554 3511 
141100 3559 3462 
141150 3557 3421 
141200 3551 3398 
141250 3565 3388 
141300 3560 3331 
141350 3562 3321 
141400 3559 3273 
141450 3556 3281 
141500 3552 3209 
141550 3560 3440 
141600 3564 3531 
141650 3559 3537 
141700 3561 3549 
141750 3563 3554 
141800 3567 3556 
141850 3554 3547 
141900 3554 3533 
141950 3566 3553 
142000 3565 3548 
142050 3564 3535 
142100 3564 3506 
142150 3559 3475 
142200 3547 3443 
142250 3565 3437 
142300 3550 3443 
142350 3569 3431 
142400 3570 3395 
142450 3565 3377 
142500 3555 3355 
142550 3562 3491 
142600 3543 3526 
142650 3551 3534 
142700 3570 3551 
142750 3555 3542 
142800 3549 3536 
142850 3548 3534 
142900 3546 3527 
142950 3565 3551 
143000 3557 3533 
143050 3563 3518 
143100 3551 3467 
143150 3563 3435 
143200 3564 3404 
143250 3562 3373 
143300 3559 3373 
143350 3561 3289 
143400 3557 3244 
143450 3560 3237 
143500 3562 3196 
143550 3563 3459 
143600 3567 3529 
143650 3569 3561 
143700 3565 3550 
143750 3558 3543 
143800 3553 3537 
143850 3539 3523 
143900 3545 3532 
143950 3566 3553 
144000 3562 3542 
144050 3560 3536 
144100 3559 3516 
144150 3558 3467 
144200 3570 3459 
144250 3556 3395 
144300 3560 3342 
144350 3553 3298 
144400 3545 3237 
144450 3550 3202 
144500 3553 3181 
144550 3551 3413 
144600 3553 3529 
144650 3560 3548 
144700 3562 3558 
144750 3557 3543 
144800 3560 3545 
144850 3558 3548 
144900 3551 3541 
144950 3561 3556 
145000 3548 3534 
145050 3577 3526 
145100 3545 3420 
145150 3544 3374 
145200 3551 3376 
145250 3527 3324 
145300 3559 3320 
145350 3549 3229 
145400 3564 3264 
145450 3560 3213 
145500 3553 3161 
145550 3566 3421 
145600 3555 3523 
145650 3547 3532 
145700 3543 3535 
145750 3567 3545 
145800 3568 3548 
145850 3561 3549 
145900 3558 3541 
145950 3558 3536 
146000 3562 3544 
146050 3570 3510 
146100 3556 3463 
146150 3550 3428 
146200 3551 3439 
146250 3562 3410 
146300 3559 3364 
146350 3567 3338 
146400 3549 3303 
146450 3537 3287 
146500 3551 3233 
146550 3547 3438 
146600 3549 3515 
146650 3556 3536 
146700 3575 3559 
146750 3560 3548 
146800 3550 3537 
146850 3561 3556 
146900 3549 3534 
146950 3543 3531 
147000 3549 3539 
147050 3560 3525 
147100 3554 3482 
147150 3551 3410 
147200 3560 3423 
147250 3565 3381 
147300 3570 3386 
147350 3551 3336 
147400 3547 3317 
147450 3554 3302 
147500 3550 3244 
147550 3561 3455 
147600 3552 3529 
147650 3550 3531 
147700 3559 3548 
147750 3558 3543 
147800 3554 3538 
147850 3546 3535 
147900 3557 3538 
147950 3560 3548 
148000 3544 3528 
148050 3556 3516 
148100 3553 3477 
148150 3562 3438 
148200 3558 3418 
148250 3557 3343 
148300 3563 3302 
148350 3562 3274 
148400 3547 3181 
148450 3563 3180 
148500 3554 3125 
148550 3565 3448 
148600 3558 3541 
148650 3551 3542 
148700 3556 3546 
148750 3566 3542 
148800 3561 3547 
148850 3545 3536 
148900 3552 3542 
148950 3551 3539 
149000 3561 3544 
149050 3584 3551 
149100 3554 3481 
149150 3546 3424 
149200 3549 3380 
149250 3558 3319 
149300 3544 3270 
149350 3563 3242 
149400 3566 3180 
149450 3568 3188 
149500 3564 3156 
149550 3552 3419 
149600 3575 3543 
149650 3563 3544 
149700 3544 3537 
149750 3543 3523 
149800 3562 3555 
149850 3551 3538 
149900 3569 3557 
149950 3554 3547 
150000 3549 3531 
150050 3560 3524 
150100 3563 3462 
150150 3556 3385 
150200 3540 3319 
150250 3547 3314 
150300 3560 3292 
150350 3563 3239 
150400 3546 3216 
150450 3562 3149 
150500 3533 3133 
150550 3555 3421 
150600 3553 3528 
150650 3565 3553 
150700 3550 3533 
150750 3556 3533 
150800 3542 3532 
150850 3545 3528 
150900 3560 3545 
150950 3539 3530 
151000 3552 3548 
151050 3537 3522 
151100 3539 3493 
151150 3556 3464 
151200 3564 3400 
151250 3547 3295 
151300 3559 3302 
151350 3563 3235 
151400 3553 3185 
151450 3557 3106 
151500 3555 3115 
151550 3555 3411 
151600 3553 3529 
151650 3569 3553 
151700 3543 3529 
151750 3547 3528 
151800 3557 3546 
151850 3561 3549 
151900 3560 3552 
151950 3554 3549 
152000 3553 3540 
152050 3558 3529 
152100 3556 3497 
152150 3553 3439 
152200 3573 3421 
152250 3552 3370 
152300 3555 3344 
152350 3557 3310 
152400 3546 3265 
152450 3542 3247 
152500 3536 3206 
152550 3550 3432 
152600 3554 3539 
152650 3552 3536 
152700 3552 3537 
152750 3561 3544 
152800 3551 3536 
152850 3541 3531 
152900 3545 3533 
152950 3549 3536 
153000 3558 3548 
153050 3553 3517 
153100 3561 3502 
153150 3559 3464 
153200 3547 3414 
153250 3555 3357 
153300 3564 3358 
153350 3549 3343 
153400 3569 3319 
153450 3547 3240 
153500 3564 3217 
153550 3533 3428 
153600 3562 3536 
153650 3553 3536 
153700 3555 3537 
153750 3555 3543 
153800 3557 3536 
153850 3554 3544 
153900 3558 3543 
153950 3555 3547 
154000 3555 3539 
154050 3558 3538 
154100 3548 3489 
154150 3567 3485 
154200 3542 3437 
154250 3552 3384 
154300 3557 3337 
154350 3556 3334 
154400 3568 3319 
154450 3559 3316 
154500 3548 3282 
154550 3545 3434 
154600 3544 3517 
154650 3557 3538 
154700 3568 3557 
154750 3545 3530 
154800 3559 3544 
154850 3554 3541 
154900 3556 3540 
154950 3556 3539 
155000 3562 3546 
155050 3558 3502 
155100 3551 3461 
155150 3551 3394 
155200 3559 3415 
155250 3564 3388 
155300 3567 3403 
155350 3548 3353 
155400 3548 3292 
155450 3562 3306 
155500 3554 3229 
155550 3565 3487 
155600 3559 3541 
155650 3552 3536 
155700 3560 3542 
155750 3564 3554 
155800 3568 3552 
155850 3546 3535 
155900 3565 3552 
155950 3556 3535 
156000 3547 3533 
156050 3557 3520 
156100 3551 3478 
156150 3557 3420 
156200 3532 3348 
156250 3546 3323 
156300 3531 3270 
156350 3553 3225 
156400 3560 3177 
156450 3554 3156 
156500 3555 3108 
156550 3562 3424 
156600 3566 3542 
156650 3561 3540 
156700 3552 3528 
156750 3565 3556 
156800 3553 3544 
156850 3556 3550 
156900 3554 3547 
156950 3540 3540 
157000 3560 3547 
157050 3550 3508 
157100 3554 3484 
157150 3543 3439 
157200 3556 3402 
157250 3563 3350 
157300 3548 3322 
157350 3556 3318 
157400 3557 3281 
157450 3560 3232 
157500 3541 3181 
157550 3554 3428 
157600 3526 3488 
157650 3535 3516 
157700 3549 3550 
157750 3542 3537 
157800 3549 3526 
157850 3557 3544 
157900 3551 3538 
157950 3568 3551 
158000 3548 3532 
158050 3555 3528 
158100 3553 3458 
158150 3559 3452 
158200 3567 3430 
158250 3546 3385 
158300 3549 3382 
158350 3550 3300 
158400 3555 3271 
158450 3542 3231 
158500 3554 3212 
158550 3566 3427 
158600 3562 3535 
158650 3563 3547 
158700 3551 3537 
158750 3558 3542 
158800 3557 3540 
158850 3570 3557 
158900 3545 3539 
158950 3558 3548 
159000 3564 3554 
159050 3552 3521 
159100 3537 3497 
159150 3545 3484 
159200 3554 3433 
159250 3560 3396 
159300 3552 3336 
159350 3559 3303 
159400 3560 3259 
159450 3549 3161 
159500 3551 3136 
159550 3554 3400 
159600 3562 3529 
159650 3535 3520 
159700 3556 3544 
159750 3557 3547 
159800 3555 3550 
159850 3538 3529 
159900 3548 3540 
159950 3549 3528 
160000 3557 3542 
160050 3549 3503 
160100 3562 3466 
160150 3556 3423 
160200 3561 3401 
160250 3551 3353 
160300 3544 3326 
160350 3545 3308 
160400 3542 3254 
160450 3547 3199 
160500 3541 3188 
160550 3560 3461 
160600 3545 3517 
160650 3564 3553 
160700 3563 3538 
160750 3562 3541 
160800 3559 3542 
160850 3562 3551 
160900 3569 3566 
160950 3555 3546 
161000 3538 3530 
161050 3555 3528 
161100 3562 3472 
161150 3552 3440 
161200 3563 3398 
161250 3569 3368 
161300 3568 3333 
161350 3551 3278 
161400 3552 3251 
161450 3564 3257 
161500 3565 3217 
161550 3552 3453 
161600 3556 3542 
161650 3561 3547 
161700 3545 3543 
161750 3552 3540 
161800 3548 3545 
161850 3554 3533 
161900 3545 3531 
161950 3543 3531 
162000 3555 3542 
162050 3556 3505 
162100 3547 3433 
162150 3553 3403 
162200 3559 3376 
162250 3563 3362 
162300 3561 3267 
162350 3568 3280 
162400 3548 3251 
162450 3549 3217 
162500 3553 3186 
162550 3570 3449 
162600 3558 3530 
162650 3545 3537 
162700 3559 3542 
162750 3554 3535 
162800 3551 3533 
162850 3543 3533 
162900 3539 3531 
162950 3566 3543 
163000 3547 3534 
163050 3546 3509 
163100 3547 3500 
163150 3552 3466 
163200 3556 3437 
163250 3562 3429 
163300 3524 3339 
163350 3544 3332 
163400 3545 3312 
163450 3549 3321 
163500 3551 3264 
163550 3553 3467 
163600 3547 3529 
163650 3568 3548 
163700 3559 3546 
163750 3566 3557 
163800 3546 3537 
163850 3561 3544 
163900 3559 3544 
163950 3546 3531 
164000 3561 3544 
164050 3536 3509 
164100 3565 3505 
164150 3566 3449 
164200 3542 3428 
164250 3547 3415 
164300 3558 3375 
164350 3563 3290 
164400 3546 3270 
164450 3555 3250 
164500 3537 3238 
164550 3547 3429 
164600 3548 3512 
164650 3554 3535 
164700 3572 3558 
164750 3550 3539 
164800 3554 3548 
164850 3562 3549 
164900 3556 3543 
164950 3559 3552 
165000 3563 3548 
165050 3552 3530 
165100 3551 3502 
165150 3559 3485 
165200 3551 3438 
165250 3555 3418 
165300 3548 3345 
165350 3550 3328 
165400 3551 3209 
165450 3554 3206 
165500 3559 3208 
165550 3555 3437 
165600 3559 3531 
165650 3551 3533 
165700 3550 3537 
165750 3550 3543 
165800 3546 3524 
165850 3552 3541 
165900 3554 3539 
165950 3554 3534 
166000 3552 3544 
166050 3561 3531 
166100 3549 3454 
166150 3557 3392 
166200 3551 3355 
166250 3561 3336 
166300 3560 3309 
166350 3570 3245 
166400 3553 3205 
166450 3540 3187 
166500 3565 3164 
166550 3547 3398 
166600 3538 3509 
166650 3558 3542 
166700 3565 3559 
166750 3554 3553 
166800 3553 3527 
166850 3553 3542 
166900 3545 3532 
166950 3540 3543 
167000 3552 3547 
167050 3549 3531 
167100 3553 3509 
167150 3539 3438 
167200 3552 3417 
167250 3554 3412 
167300 3552 3354 
167350 3557 3283 
167400 3559 3280 
167450 3555 3238 
167500 3548 3205 
167550 3546 3415 
167600 3565 3549 
167650 3552 3534 
167700 3539 3529 
167750 3557 3540 
167800 3556 3535 
167850 3553 3547 
167900 3549 3552 
167950 3558 3544 
168000 3560 3549 
168050 3553 3513 
168100 3559 3484 
168150 3561 3465 
168200 3569 3432 
168250 3559 3378 
168300 3567 3340 
168350 3555 3277 
168400 3552 3239 
168450 3553 3217 
168500 3572 3211 
168550 3555 3439 
168600 3561 3527 
168650 3558 3549 
168700 3553 3534 
168750 3552 3536 
168800 3556 3544 
168850 3556 3537 
168900 3548 3540 
168950 3558 3543 
169000 3543 3535 
169050 3546 3505 
169100 3550 3473 
169150 3555 3442 
169200 3565 3418 
169250 3551 3418 
169300 3548 3395 
169350 3565 3364 
169400 3567 3337 
169450 3547 3274 
169500 3564 3248 
169550 3551 3435 
169600 3550 3522 
169650 3546 3526 
169700 3551 3545 
169750 3548 3544 
169800 3563 3555 
169850 3553 3538 
169900 3561 3546 
169950 3567 3561 
170000 3568 3553 
170050 3549 3508 
170100 3547 3452 
170150 3548 3433 
170200 3552 3393 
170250 3547 3362 
170300 3562 3309 
170350 3569 3264 
170400 3557 3257 
170450 3537 3169 
170500 3561 3143 
170550 3554 3407 
170600 3554 3515 
170650 3541 3535 
170700 3551 3528 
170750 3529 3522 
170800 3556 3545 
170850 3552 3540 
170900 3546 3536 
170950 3550 3537 
171000 3556 3552 
171050 3541 3506 
171100 3550 3460 
171150 3551 3375 
171200 3557 3347 
171250 3547 3284 
171300 3538 3250 
171350 3547 3282 
171400 3559 3253 
171450 3558 3236 
171500 3563 3143 
171550 3565 3417 
171600 3541 3516 
171650 3539 3532 
171700 3552 3547 
171750 3551 3537 
171800 3549 3541 
171850 3545 3530 
171900 3547 3543 
171950 3566 3557 
172000 3574 3559 
172050 3544 3520 
172100 3558 3495 
172150 3540 3452 
172200 3564 3435 
172250 3550 3407 
172300 3560 3355 
172350 3558 3326 
172400 3524 3258 
172450 3562 3286 
172500 3549 3219 
172550 3548 3433 
172600 3544 3531 
172650 3544 3536 
172700 3542 3526 
172750 3566 3545 
172800 3554 3548 
172850 3564 3555 
172900 3563 3550 
172950 3549 3535 
173000 3573 3565 
173050 3563 3532 
173100 3549 3484 
173150 3551 3461 
173200 3552 3435 
173250 3545 3396 
173300 3555 3380 
173350 3543 3367 
173400 3563 3310 
173450 3555 3260 
173500 3543 3261 
173550 3560 3474 
173600 3560 3543 
173650 3569 3554 
173700 3555 3546 
173750 3564 3552 
173800 3550 3537 
173850 3544 3527 
173900 3548 3529 
173950 3549 3542 
174000 3562 3557 
174050 3557 3526 
174100 3573 3506 
174150 3547 3441 
174200 3551 3406 
174250 3561 3402 
174300 3539 3385 
174350 3558 3373 
174400 3560 3336 
174450 3557 3306 
174500 3556 3188 
174550 3537 3413 
174600 3544 3523 
174650 3554 3545 
174700 3556 3542 
174750 3553 3547 
174800 3558 3543 
174850 3555 3540 
174900 3557 3545 
174950 3549 3537 
175000 3559 3546 
175050 3552 3524 
175100 3551 3464 
175150 3559 3405 
175200 3553 3339 
175250 3541 3302 
175300 3537 3234 
175350 3539 3210 
175400 3567 3212 
175450 3559 3139 
175500 3547 3096 
175550 3548 3389 
175600 3553 3515 
175650 3546 3533 
175700 3543 3532 
175750 3548 3538 
175800 3562 3549 
175850 3566 3559 
175900 3555 3541 
175950 3555 3552 
176000 3546 3539 
176050 3561 3535 
176100 3541 3493 
176150 3545 3460 
176200 3550 3427 
176250 3563 3412 
176300 3545 3298 
176350 3558 3257 
176400 3557 3255 
176450 3555 3225 
176500 3556 3194 
176550 3545 3417 
176600 3558 3531 
176650 3558 3541 
176700 3558 3547 
176750 3546 3528 
176800 3558 3536 
176850 3543 3541 
176900 3549 3543 
176950 3551 3530 
177000 3554 3543 
177050 3545 3514 
177100 3546 3471 
177150 3543 3427 
177200 3541 3403 
177250 3552 3352 
177300 3541 3308 
177350 3555 3297 
177400 3550 3239 
177450 3552 3209 
177500 3559 3167 
177550 3564 3425 
177600 3565 3544 
177650 3556 3543 
177700 3540 3536 
177750 3562 3546 
177800 3553 3541 
177850 3566 3557 
177900 3555 3553 
177950 3539 3519 
178000 3544 3537 
178050 3527 3504 
178100 3545 3456 
178150 3554 3452 
178200 3565 3431 
178250 3555 3399 
178300 3540 3385 
178350 3554 3373 
178400 3553 3312 
178450 3544 3243 
178500 3547 3186 
178550 3540 3433 
178600 3545 3512 
178650 3547 3534 
178700 3551 3531 
178750 3568 3545 
178800 3555 3540 
178850 3567 3551 
178900 3541 3529 
178950 3564 3547 
179000 3560 3552 
179050 3564 3530 
179100 3552 3476 
179150 3548 3440 
179200 3560 3377 
179250 3567 3331 
179300 3554 3321 
179350 3559 3316 
179400 3563 3276 
179450 3555 3244 
179500 3556 3192 
179550 3553 3425 
179600 3537 3505 
179650 3562 3554 
179700 3566 3562 
179750 3556 3548 
179800 3551 3549 
179850 3558 3546 
179900 3541 3535 
179950 3555 3550 
180000 3560 3550 
180050 3566 3534 
180100 3545 3499 
180150 3551 3486 
180200 3547 3445 
180250 3547 3416 
180300 3545 3373 
180350 3545 3356 
180400 3550 3308 
180450 3549 3218 
180500 3563 3211 
180550 3563 3496 
180600 3565 3555 
180650 3558 3551 
180700 3556 3543 
180750 3558 3547 
180800 3537 3525 
180850 3553 3537 
180900 3566 3549 
180950 3542 3526 
181000 3544 3529 
181050 3567 3529 
181100 3554 3486 
181150 3551 3450 
181200 3550 3440 
181250 3563 3369 
181300 3576 3348 
181350 3552 3293 
181400 3559 3260 
181450 3559 3224 
181500 3545 3151 
181550 3547 3404 
181600 3548 3509 
181650 3547 3540 
181700 3556 3551 
181750 3549 3544 
181800 3552 3542 
181850 3553 3543 
181900 3549 3522 
181950 3556 3542 
182000 3552 3544 
182050 3558 3508 
182100 3551 3462 
182150 3564 3440 
182200 3552 3381 
182250 3544 3354 
182300 3550 3355 
182350 3558 3357 
182400 3552 3342 
182450 3551 3337 
182500 3553 3275 
182550 3564 3449 
182600 3565 3543 
182650 3564 3558 
182700 3538 3523 
182750 3553 3525 
182800 3559 3546 
182850 3565 3554 
182900 3549 3530 
182950 3550 3536 
183000 3564 3553 
183050 3556 3519 
183100 3544 3456 
183150 3548 3426 
183200 3553 3398 
183250 3565 3379 
183300 3557 3340 
183350 3556 3309 
183400 3554 3250 
183450 3549 3160 
183500 3559 3140 
183550 3553 3456 
183600 3543 3531 
183650 3545 3541 
183700 3547 3545 
183750 3550 3538 
183800 3559 3533 
183850 3559 3538 
183900 3564 3543 
183950 3539 3523 
184000 3538 3525 
184050 3539 3518 
184100 3561 3483 
184150 3575 3468 
184200 3561 3461 
184250 3546 3425 
184300 3549 3371 
184350 3550 3278 
184400 3555 3222 
184450 3561 3228 
184500 3560 3241 
184550 3549 3438 
184600 3546 3521 
184650 3554 3549 
184700 3553 3545 
184750 3565 3546 
184800 3552 3541 
184850 3545 3532 
184900 3548 3539 
184950 3565 3556 
185000 3556 3547 
185050 3571 3540 
185100 3549 3480 
185150 3549 3452 
185200 3550 3402 
185250 3548 3378 
185300 3551 3361 
185350 3555 3326 
185400 3553 3342 
185450 3565 3285 
185500 3568 3224 
185550 3543 3431 
185600 3535 3516 
185650 3553 3543 
185700 3554 3546 
185750 3562 3553 
185800 3552 3536 
185850 3571 3561 
185900 3557 3544 
185950 3558 3534 
186000 3558 3543 
186050 3552 3515 
186100 3550 3453 
186150 3552 3418 
186200 3563 3396 
186250 3553 3340 
186300 3559 3293 
186350 3554 3263 
186400 3550 3227 
186450 3556 3213 
186500 3556 3128 
186550 3553 3423 
186600 3551 3521 
186650 3555 3540 
186700 3539 3534 
186750 3531 3504 
186800 3562 3561 
186850 3549 3545 
186900 3556 3557 
186950 3549 3534 
187000 3567 3553 
187050 3555 3530 
187100 3558 3485 
187150 3562 3452 
187200 3559 3439 
187250 3557 3383 
187300 3550 3340 
187350 3551 3307 
187400 3557 3222 
187450 3545 3166 
187500 3537 3120 
187550 3534 3403 
187600 3555 3517 
187650 3557 3534 
187700 3557 3545 
187750 3559 3548 
187800 3548 3532 
187850 3564 3561 
187900 3564 3546 
187950 3572 3554 
188000 3544 3534 
188050 3554 3490 
188100 3545 3410 
188150 3558 3390 
188200 3565 3369 
188250 3545 3314 
188300 3565 3248 
188350 3545 3157 
188400 3544 3162 
188450 3540 3090 
188500 3566 3061 
188550 3551 3353 
188600 3548 3506 
188650 3559 3550 
188700 3562 3543 
188750 3548 3532 
188800 3554 3542 
188850 3548 3537 
188900 3549 3546 
188950 3540 3531 
189000 3560 3551 
189050 3551 3514 
189100 3561 3465 
189150 3535 3388 
189200 3540 3352 
189250 3547 3333 
189300 3545 3280 
189350 3552 3290 
189400 3560 3255 
189450 3553 3233 
189500 3551 3193 
189550 3543 3417 
189600 3555 3523 
189650 3560 3544 
189700 3566 3541 
189750 3560 3536 
189800 3557 3539 
189850 3558 3542 
189900 3565 3553 
189950 3557 3551 
190000 3551 3546 
190050 3542 3494 
190100 3541 3447 
190150 3563 3422 
190200 3551 3362 
190250 3569 3323 
190300 3554 3299 
190350 3542 3286 
190400 3549 3267 
190450 3559 3269 
190500 3565 3209 
190550 3549 3454 
190600 3551 3530 
190650 3559 3541 
190700 3559 3543 
190750 3557 3543 
190800 3561 3549 
190850 3551 3539 
190900 3556 3541 
190950 3542 3526 
191000 3554 3551 
191050 3547 3515 
191100 3558 3489 
191150 3548 3456 
191200 3559 3439 
191250 3546 3368 
191300 3558 3357 
191350 3555 3352 
191400 3562 3256 
191450 3558 3212 
191500 3545 3133 
191550 3553 3436 
191600 3547 3522 
191650 3555 3538 
191700 3566 3552 
191750 3548 3547 
191800 3554 3549 
191850 3561 3543 
191900 3560 3546 
191950 3549 3540 
192000 3545 3525 
192050 3547 3498 
192100 3549 3404 
192150 3558 3421 
192200 3560 3399 
192250 3559 3319 
192300 3546 3258 
192350 3561 3232 
192400 3551 3173 
192450 3551 3164 
192500 3565 3137 
192550 3563 3391 
192600 3545 3510 
192650 3547 3521 
192700 3552 3533 
192750 3563 3552 
192800 3545 3522 
192850 3556 3545 
192900 3561 3556 
192950 3554 3542 
193000 3558 3545 
193050 3551 3514 
193100 3543 3490 
193150 3565 3464 
193200 3554 3394 
193250 3553 3380 
193300 3560 3312 
193350 3548 3268 
193400 3555 3232 
193450 3551 3119 
193500 3564 3103 
193550 3572 3410 
193600 3559 3538 
193650 3559 3544 
193700 3548 3535 
193750 3555 3545 
193800 3550 3539 
193850 3552 3540 
193900 3555 3538 
193950 3550 3525 
194000 3563 3544 
194050 3560 3524 
194100 3564 3477 
194150 3560 3402 
194200 3573 3360 
194250 3547 3258 
194300 3535 3212 
194350 3545 3236 
194400 3544 3214 
194450 3549 3183 
194500 3569 3214 
194550 3548 3382 
194600 3526 3474 
194650 3557 3537 
194700 3569 3550 
194750 3547 3540 
194800 3555 3546 
194850 3563 3556 
194900 3563 3543 
194950 3564 3550 
195000 3561 3545 
195050 3554 3533 
195100 3549 3475 
195150 3558 3451 
195200 3563 3411 
195250 3559 3386 
195300 3563 3370 
195350 3562 3312 
195400 3552 3260 
195450 3558 3243 
195500 3547 3202 
195550 3549 3435 
195600 3553 3534 
195650 3558 3541 
195700 3561 3553 
195750 3549 3542 
195800 3557 3546 
195850 3559 3543 
195900 3560 3543 
195950 3563 3556 
196000 3565 3546 
196050 3557 3512 
196100 3555 3455 
196150 3560 3432 
196200 3561 3407 
196250 3553 3378 
196300 3553 3348 
196350 3549 3312 
196400 3564 3287 
196450 3560 3250 
196500 3558 3267 
196550 3558 3455 
196600 3548 3527 
196650 3552 3539 
196700 3574 3555 
196750 3547 3547 
196800 3550 3549 
196850 3558 3549 
196900 3556 3546 
196950 3549 3541 
197000 3543 3536 
197050 3567 3533 
197100 3541 3439 
197150 3556 3423 
197200 3534 3377 
197250 3553 3328 
197300 3565 3318 
197350 3546 3275 
197400 3548 3222 
197450 3554 3180 
197500 3556 3138 
197550 3571 3444 
197600 3551 3530 
197650 3553 3528 
197700 3556 3543 
197750 3541 3528 
197800 3546 3539 
197850 3558 3550 
197900 3560 3552 
197950 3553 3538 
198000 3566 3551 
198050 3548 3504 
198100 3552 3464 
198150 3556 3395 
198200 3546 3327 
198250 3547 3298 
198300 3564 3322 
198350 3538 3231 
198400 3554 3173 
198450 3550 3113 
198500 3552 3078 
198550 3547 3380 
198600 3569 3545 
198650 3558 3539 
198700 3553 3538 
198750 3554 3538 
198800 3560 3544 
198850 3542 3536 
198900 3559 3554 
198950 3543 3537 
199000 3554 3543 
199050 3556 3531 
199100 3552 3507 
199150 3561 3469 
199200 3556 3425 
199250 3553 3359 
199300 3564 3315 
199350 3547 3233 
199400 3558 3128 
199450 3551 3080 
199500 3549 3066 
199550 3564 3422 
199600 3551 3528 
199650 3546 3535 
199700 3550 3526 
199750 3544 3536 
199800 3560 3551 
199850 3564 3544 
199900 3551 3536 
199950 3554 3546 
200000 3554 3534 
