# Avida tasks data
# Sun Apr  8 00:50:07 2012
# First column gives the current update, next columns give the number
# of organisms that have the particular task as a component of their merit
#  1: Update
#  2: Xor
#  3: Equals

0 0 0 
50 4 4 
100 9 9 
150 36 36 
200 103 103 
250 256 256 
300 443 443 
350 675 675 
400 959 957 
450 1325 1327 
500 1686 1684 
550 2133 2135 
600 2656 2654 
650 3141 3144 
700 3403 3395 
750 3528 3524 
800 3540 3545 
850 3544 3545 
900 3541 3541 
950 3533 3542 
1000 3532 3541 
1050 3160 2787 
1100 3363 2354 
1150 3344 1787 
1200 3338 1367 
1250 3366 1074 
1300 3386 812 
1350 3429 639 
1400 3467 458 
1450 3485 318 
1500 3510 200 
1550 3523 118 
1600 3527 53 
1650 3528 16 
1700 3557 2 
1750 3551 0 
1800 3514 33 
1850 3388 143 
1900 3198 335 
1950 2986 561 
2000 2691 842 
2050 2830 640 
2100 3028 472 
2150 3173 327 
2200 3306 223 
2250 3381 151 
2300 3454 75 
2350 3532 28 
2400 3551 9 
2450 3539 0 
2500 3524 0 
2550 3531 0 
2600 3547 0 
2650 3543 0 
2700 3539 0 
2750 3550 0 
2800 3551 0 
2850 3551 0 
2900 3549 0 
2950 3548 0 
3000 3536 0 
3050 3537 0 
3100 3555 0 
3150 3539 0 
3200 3548 0 
3250 3555 0 
3300 3556 0 
3350 3545 0 
3400 3542 0 
3450 3536 0 
3500 3558 0 
3550 3532 0 
3600 3545 0 
3650 3546 0 
3700 3541 0 
3750 3532 0 
3800 3549 0 
3850 3546 0 
3900 3557 0 
3950 3535 19 
4000 3551 603 
4050 3490 510 
4100 3509 373 
4150 3521 282 
4200 3527 208 
4250 3535 127 
4300 3536 65 
4350 3546 29 
4400 3536 7 
4450 3549 0 
4500 3529 0 
4550 3525 0 
4600 3536 0 
4650 3537 0 
4700 3541 0 
4750 3547 0 
4800 3555 0 
4850 3542 0 
4900 3556 0 
4950 3545 0 
5000 3546 0 
5050 3554 0 
5100 3552 0 
5150 3560 2 
5200 3561 1 
5250 3546 0 
5300 3546 1 
5350 3533 0 
5400 3542 0 
5450 3554 0 
5500 3552 0 
5550 3551 0 
5600 3553 0 
5650 3539 0 
5700 3557 0 
5750 3544 0 
5800 3530 0 
5850 3544 0 
5900 3546 0 
5950 3552 0 
6000 3540 0 
6050 3543 0 
6100 3547 0 
6150 3539 3 
6200 3530 0 
6250 3563 0 
6300 3540 0 
6350 3538 0 
6400 3544 0 
6450 3538 0 
6500 3545 1 
6550 3545 353 
6600 3528 947 
6650 3536 1430 
6700 3532 1842 
6750 3540 2160 
6800 3535 2505 
6850 3537 2795 
6900 3534 3013 
6950 3533 3174 
7000 3544 3290 
7050 3280 2596 
7100 3334 1919 
7150 3354 1456 
7200 3492 1216 
7250 3506 915 
7300 3506 684 
7350 3530 510 
7400 3527 363 
7450 3544 239 
7500 3540 143 
7550 3531 62 
7600 3527 30 
7650 3538 7 
7700 3552 2 
7750 3534 1 
7800 3549 0 
7850 3538 452 
7900 3545 1014 
7950 3541 1468 
8000 3538 1813 
8050 3447 1459 
8100 3472 1054 
8150 3511 738 
8200 3514 497 
8250 3540 354 
8300 3523 250 
8350 3531 163 
8400 3533 86 
8450 3528 54 
8500 3543 19 
8550 3549 3 
8600 3545 1 
8650 3541 0 
8700 3545 2 
8750 3521 286 
8800 3523 845 
8850 3515 1300 
8900 3514 1668 
8950 3517 2015 
9000 3532 2318 
9050 3393 1878 
9100 3416 1415 
9150 3450 1052 
9200 3478 800 
9250 3484 569 
9300 3516 399 
9350 3512 286 
9400 3520 177 
9450 3541 87 
9500 3524 33 
9550 3559 4 
9600 3551 573 
9650 3538 1071 
9700 3538 1532 
9750 3545 1926 
9800 3552 2324 
9850 3541 2655 
9900 3558 2935 
9950 3551 3114 
10000 3543 3255 
10050 3328 2542 
10100 3401 1706 
10150 3429 1071 
10200 3498 626 
10250 3515 397 
10300 3535 204 
10350 3539 78 
10400 3539 31 
10450 3550 4 
10500 3535 2 
10550 3545 0 
10600 3543 280 
10650 3560 850 
10700 3554 1327 
10750 3553 1762 
10800 3539 2152 
10850 3544 2450 
10900 3534 2755 
10950 3530 2954 
11000 3543 3112 
11050 3349 2059 
11100 3459 1089 
11150 3500 535 
11200 3512 205 
11250 3535 62 
11300 3557 17 
11350 3541 10 
11400 3518 9 
11450 3543 4 
11500 3547 2 
11550 3551 164 
11600 3536 755 
11650 3534 1229 
11700 3550 1658 
11750 3548 1955 
11800 3558 2308 
11850 3546 2613 
11900 3547 2881 
11950 3548 3110 
12000 3546 3234 
12050 3386 2162 
12100 3477 961 
12150 3504 406 
12200 3532 150 
12250 3536 35 
12300 3537 9 
12350 3532 9 
12400 3545 10 
12450 3541 12 
12500 3546 11 
12550 3553 298 
12600 3550 961 
12650 3552 1474 
12700 3537 1874 
12750 3536 2184 
12800 3554 2466 
12850 3546 2706 
12900 3542 2916 
12950 3541 3100 
13000 3558 3242 
13050 3359 2130 
13100 3480 1072 
13150 3517 476 
13200 3525 167 
13250 3544 53 
13300 3553 9 
13350 3543 8 
13400 3541 9 
13450 3535 7 
13500 3550 10 
13550 3554 481 
13600 3543 1146 
13650 3549 1632 
13700 3525 2030 
13750 3536 2342 
13800 3541 2637 
13850 3533 2867 
13900 3553 3093 
13950 3546 3228 
14000 3550 3342 
14050 3382 2059 
14100 3474 1022 
14150 3523 489 
14200 3538 197 
14250 3529 80 
14300 3526 25 
14350 3552 11 
14400 3563 8 
14450 3535 6 
14500 3536 9 
14550 3553 175 
14600 3538 1017 
14650 3536 1639 
14700 3533 2073 
14750 3535 2507 
14800 3533 2793 
14850 3530 3048 
14900 3555 3201 
14950 3552 3342 
15000 3559 3453 
15050 3361 2267 
15100 3455 1279 
15150 3498 764 
15200 3515 434 
15250 3516 202 
15300 3543 96 
15350 3531 29 
15400 3537 12 
15450 3535 6 
15500 3558 8 
15550 3507 44 
15600 3422 753 
15650 3416 1510 
15700 3444 2079 
15750 3454 2491 
15800 3477 2800 
15850 3490 3036 
15900 3531 3270 
15950 3538 3409 
16000 3538 3498 
16050 3295 2355 
16100 3396 1292 
16150 3452 731 
16200 3483 421 
16250 3518 271 
16300 3548 166 
16350 3544 90 
16400 3552 38 
16450 3559 16 
16500 3553 11 
16550 3560 465 
16600 3558 986 
16650 3552 1385 
16700 3550 1734 
16750 3536 2146 
16800 3535 2469 
16850 3553 2735 
16900 3561 2942 
16950 3549 3072 
17000 3550 3184 
17050 3391 2167 
17100 3466 1104 
17150 3515 530 
17200 3533 180 
17250 3555 50 
17300 3551 8 
17350 3551 6 
17400 3545 8 
17450 3545 16 
17500 3547 10 
17550 3536 474 
17600 3545 1018 
17650 3547 1471 
17700 3550 1868 
17750 3540 2195 
17800 3527 2478 
17850 3542 2768 
17900 3541 2979 
17950 3537 3146 
18000 3542 3270 
18050 3366 2146 
18100 3453 1148 
18150 3491 644 
18200 3528 358 
18250 3519 209 
18300 3532 113 
18350 3548 69 
18400 3555 43 
18450 3550 18 
18500 3540 7 
18550 3547 437 
18600 3547 915 
18650 3557 1427 
18700 3537 1822 
18750 3551 2189 
18800 3538 2452 
18850 3554 2729 
18900 3546 2870 
18950 3535 3080 
19000 3535 3212 
19050 3364 2118 
19100 3464 1015 
19150 3498 442 
19200 3530 171 
19250 3528 62 
19300 3537 29 
19350 3549 8 
19400 3526 6 
19450 3541 9 
19500 3543 8 
19550 3558 61 
19600 3546 676 
19650 3551 1268 
19700 3548 1810 
19750 3552 2270 
19800 3554 2585 
19850 3558 2867 
19900 3551 3125 
19950 3558 3335 
20000 3544 3436 
20050 3309 2369 
20100 3391 1426 
20150 3446 842 
20200 3500 459 
20250 3509 232 
20300 3531 91 
20350 3531 22 
20400 3554 7 
20450 3534 14 
20500 3553 7 
20550 3538 179 
20600 3543 772 
20650 3554 1310 
20700 3565 1810 
20750 3554 2154 
20800 3562 2470 
20850 3553 2740 
20900 3555 2970 
20950 3551 3165 
21000 3556 3313 
21050 3306 2287 
21100 3418 1262 
21150 3494 653 
21200 3516 311 
21250 3518 134 
21300 3544 63 
21350 3554 25 
21400 3549 8 
21450 3559 5 
21500 3548 10 
21550 3540 376 
21600 3553 960 
21650 3535 1468 
21700 3520 1853 
21750 3532 2219 
21800 3529 2568 
21850 3551 2839 
21900 3534 3047 
21950 3547 3197 
22000 3530 3292 
22050 3300 2474 
22100 3422 1574 
22150 3453 957 
22200 3488 577 
22250 3529 373 
22300 3549 219 
22350 3536 116 
22400 3538 48 
22450 3543 16 
22500 3532 9 
22550 3543 486 
22600 3537 1286 
22650 3543 1792 
22700 3534 2212 
22750 3537 2543 
22800 3539 2832 
22850 3543 3095 
22900 3553 3242 
22950 3526 3340 
23000 3538 3449 
23050 3290 2555 
23100 3416 1593 
23150 3454 895 
23200 3515 518 
23250 3529 308 
23300 3541 126 
23350 3554 48 
23400 3542 12 
23450 3553 8 
23500 3560 10 
23550 3550 517 
23600 3557 1259 
23650 3542 1702 
23700 3541 2100 
23750 3559 2487 
23800 3541 2729 
23850 3551 2917 
23900 3553 3081 
23950 3552 3224 
24000 3548 3334 
24050 3326 2563 
24100 3401 1721 
24150 3434 1085 
24200 3499 738 
24250 3492 505 
24300 3519 294 
24350 3508 134 
24400 3527 60 
24450 3544 22 
24500 3544 10 
24550 3544 254 
24600 3536 880 
24650 3541 1437 
24700 3546 1912 
24750 3548 2330 
24800 3540 2655 
24850 3539 2899 
24900 3552 3076 
24950 3542 3228 
25000 3527 3334 
25050 3332 2385 
25100 3422 1385 
25150 3457 886 
25200 3478 552 
25250 3510 325 
25300 3515 188 
25350 3534 96 
25400 3554 45 
25450 3528 13 
25500 3542 4 
25550 3525 431 
25600 3519 1185 
25650 3516 1730 
25700 3514 2134 
25750 3517 2508 
25800 3517 2809 
25850 3532 2999 
25900 3525 3158 
25950 3540 3300 
26000 3525 3387 
26050 3290 2432 
26100 3384 1516 
26150 3426 951 
26200 3492 599 
26250 3536 396 
26300 3522 188 
26350 3527 66 
26400 3547 21 
26450 3537 10 
26500 3542 6 
26550 3539 39 
26600 3511 721 
26650 3505 1209 
26700 3501 1680 
26750 3491 2064 
26800 3498 2389 
26850 3528 2714 
26900 3529 2911 
26950 3546 3081 
27000 3534 3196 
27050 3300 2374 
27100 3377 1514 
27150 3429 987 
27200 3475 621 
27250 3524 401 
27300 3549 294 
27350 3550 173 
27400 3558 87 
27450 3554 46 
27500 3540 15 
27550 3527 565 
27600 3524 1215 
27650 3521 1695 
27700 3533 2048 
27750 3544 2369 
27800 3549 2640 
27850 3535 2841 
27900 3536 3066 
27950 3546 3211 
28000 3521 3318 
28050 3330 2328 
28100 3396 1469 
28150 3425 925 
28200 3468 620 
28250 3534 417 
28300 3521 251 
28350 3523 125 
28400 3542 51 
28450 3534 21 
28500 3539 6 
28550 3526 486 
28600 3537 1226 
28650 3559 1723 
28700 3540 2107 
28750 3546 2460 
28800 3532 2684 
28850 3534 2914 
28900 3537 3068 
28950 3538 3188 
29000 3552 3330 
29050 3331 2401 
29100 3417 1492 
29150 3477 908 
29200 3508 533 
29250 3527 329 
29300 3545 192 
29350 3540 81 
29400 3538 28 
29450 3538 6 
29500 3538 4 
29550 3542 311 
29600 3546 1001 
29650 3540 1513 
29700 3556 1926 
29750 3559 2270 
29800 3559 2591 
29850 3550 2824 
29900 3545 3003 
29950 3544 3130 
30000 3553 3277 
30050 3303 2362 
30100 3377 1524 
30150 3436 938 
30200 3476 566 
30250 3524 341 
30300 3523 194 
30350 3548 70 
30400 3542 21 
30450 3550 6 
30500 3543 10 
30550 3530 437 
30600 3535 1164 
30650 3539 1760 
30700 3517 2126 
30750 3519 2537 
30800 3528 2828 
30850 3515 3061 
30900 3540 3278 
30950 3543 3387 
31000 3553 3477 
31050 3298 2446 
31100 3378 1479 
31150 3443 888 
31200 3509 502 
31250 3530 332 
31300 3529 192 
31350 3537 100 
31400 3549 46 
31450 3546 14 
31500 3545 7 
31550 3555 55 
31600 3532 839 
31650 3531 1445 
31700 3527 1921 
31750 3524 2239 
31800 3517 2541 
31850 3531 2815 
31900 3531 3025 
31950 3517 3189 
32000 3524 3299 
32050 3261 2460 
32100 3354 1586 
32150 3419 1005 
32200 3462 675 
32250 3492 470 
32300 3535 284 
32350 3549 171 
32400 3541 110 
32450 3549 59 
32500 3545 28 
32550 3545 213 
32600 3543 777 
32650 3544 1302 
32700 3536 1809 
32750 3538 2222 
32800 3557 2647 
32850 3548 2986 
32900 3537 3252 
32950 3550 3397 
33000 3543 3465 
33050 3338 2241 
33100 3434 1178 
33150 3484 629 
33200 3511 307 
33250 3536 161 
33300 3519 108 
33350 3533 56 
33400 3533 30 
33450 3531 17 
33500 3547 12 
33550 3546 517 
33600 3535 1421 
33650 3528 2053 
33700 3540 2473 
33750 3550 2729 
33800 3530 2899 
33850 3533 3071 
33900 3548 3211 
33950 3524 3282 
34000 3546 3367 
34050 3369 2129 
34100 3485 981 
34150 3527 437 
34200 3536 196 
34250 3545 71 
34300 3559 24 
34350 3541 14 
34400 3550 14 
34450 3537 4 
34500 3536 9 
34550 3529 511 
34600 3527 1112 
34650 3536 1594 
34700 3538 1970 
34750 3537 2314 
34800 3534 2548 
34850 3550 2818 
34900 3544 2998 
34950 3554 3161 
35000 3540 3254 
35050 3381 2022 
35100 3486 875 
35150 3497 357 
35200 3530 120 
35250 3530 48 
35300 3533 20 
35350 3546 18 
35400 3553 10 
35450 3556 14 
35500 3559 7 
35550 3535 388 
35600 3543 914 
35650 3541 1386 
35700 3531 1797 
35750 3548 2168 
35800 3547 2515 
35850 3534 2781 
35900 3537 2991 
35950 3524 3105 
36000 3545 3254 
36050 3300 2520 
36100 3349 1797 
36150 3380 1235 
36200 3487 944 
36250 3518 667 
36300 3517 431 
36350 3535 272 
36400 3527 137 
36450 3540 44 
36500 3537 20 
36550 3551 229 
36600 3558 921 
36650 3547 1519 
36700 3544 2017 
36750 3547 2402 
36800 3544 2746 
36850 3542 3048 
36900 3548 3273 
36950 3557 3395 
37000 3542 3472 
37050 3348 2081 
37100 3465 995 
37150 3512 454 
37200 3545 149 
37250 3561 29 
37300 3537 14 
37350 3555 7 
37400 3545 8 
37450 3549 12 
37500 3552 10 
37550 3554 498 
37600 3556 1192 
37650 3562 1747 
37700 3545 2210 
37750 3543 2606 
37800 3549 2847 
37850 3537 3050 
37900 3557 3228 
37950 3544 3329 
38000 3546 3435 
38050 3348 2111 
38100 3446 1087 
38150 3501 519 
38200 3547 244 
38250 3556 95 
38300 3541 33 
38350 3534 16 
38400 3532 8 
38450 3546 13 
38500 3546 9 
38550 3538 182 
38600 3540 878 
38650 3553 1383 
38700 3556 1796 
38750 3563 2150 
38800 3531 2371 
38850 3552 2620 
38900 3542 2790 
38950 3554 3008 
39000 3557 3166 
39050 3365 2110 
39100 3452 1085 
39150 3497 526 
39200 3541 214 
39250 3550 94 
39300 3547 27 
39350 3544 9 
39400 3530 7 
39450 3545 3 
39500 3548 7 
39550 3538 552 
39600 3533 1247 
39650 3531 1730 
39700 3529 2094 
39750 3542 2385 
39800 3529 2627 
39850 3527 2831 
39900 3531 3055 
39950 3525 3207 
40000 3536 3323 
40050 3280 2332 
40100 3359 1451 
40150 3423 939 
40200 3465 595 
40250 3491 402 
40300 3519 255 
40350 3540 150 
40400 3545 71 
40450 3551 29 
40500 3543 10 
40550 3543 367 
40600 3532 1129 
40650 3533 1669 
40700 3539 2085 
40750 3531 2410 
40800 3508 2653 
40850 3541 2911 
40900 3530 3084 
40950 3539 3266 
41000 3542 3386 
41050 3339 2157 
41100 3472 1061 
41150 3517 526 
41200 3529 224 
41250 3550 105 
41300 3549 52 
41350 3558 22 
41400 3551 11 
41450 3556 14 
41500 3537 11 
41550 3527 567 
41600 3526 1203 
41650 3533 1744 
41700 3540 2160 
41750 3543 2482 
41800 3539 2755 
41850 3546 2968 
41900 3544 3121 
41950 3552 3288 
42000 3550 3377 
42050 3358 2176 
42100 3454 1122 
42150 3493 556 
42200 3506 242 
42250 3536 94 
42300 3547 42 
42350 3548 24 
42400 3541 7 
42450 3549 6 
42500 3552 9 
42550 3539 27 
42600 3551 832 
42650 3540 1363 
42700 3552 1764 
42750 3539 2038 
42800 3543 2306 
42850 3529 2552 
42900 3548 2802 
42950 3543 3011 
43000 3551 3194 
43050 3351 2153 
43100 3442 1247 
43150 3489 659 
43200 3519 330 
43250 3526 153 
43300 3553 76 
43350 3540 28 
43400 3542 12 
43450 3553 15 
43500 3551 8 
43550 3534 365 
43600 3541 1174 
43650 3540 1741 
43700 3547 2213 
43750 3530 2588 
43800 3539 2889 
43850 3532 3131 
43900 3558 3285 
43950 3558 3416 
44000 3539 3459 
44050 3323 2180 
44100 3460 1009 
44150 3505 474 
44200 3525 212 
44250 3557 84 
44300 3558 32 
44350 3543 26 
44400 3546 10 
44450 3553 9 
44500 3535 13 
44550 3526 522 
44600 3533 1221 
44650 3524 1722 
44700 3539 2156 
44750 3542 2565 
44800 3531 2839 
44850 3555 3023 
44900 3535 3152 
44950 3544 3262 
45000 3557 3323 
45050 3383 2244 
45100 3442 1178 
45150 3481 604 
45200 3511 323 
45250 3533 186 
45300 3534 104 
45350 3529 56 
45400 3542 24 
45450 3543 14 
45500 3552 14 
45550 3550 663 
45600 3544 1272 
45650 3539 1694 
45700 3537 1989 
45750 3543 2254 
45800 3541 2512 
45850 3540 2719 
45900 3548 2902 
45950 3552 3112 
46000 3536 3241 
46050 3325 2267 
46100 3406 1360 
46150 3465 836 
46200 3497 457 
46250 3529 189 
46300 3530 77 
46350 3553 32 
46400 3551 16 
46450 3540 14 
46500 3530 17 
46550 3526 598 
46600 3523 1292 
46650 3526 1844 
46700 3524 2310 
46750 3528 2704 
46800 3533 2991 
46850 3540 3201 
46900 3538 3319 
46950 3540 3387 
47000 3561 3471 
47050 3281 2435 
47100 3395 1393 
47150 3450 835 
47200 3503 444 
47250 3536 246 
47300 3544 122 
47350 3546 61 
47400 3564 32 
47450 3543 13 
47500 3541 10 
47550 3529 325 
47600 3530 871 
47650 3531 1341 
47700 3534 1776 
47750 3532 2146 
47800 3539 2435 
47850 3540 2762 
47900 3539 2985 
47950 3539 3141 
48000 3535 3263 
48050 3334 2339 
48100 3400 1389 
48150 3491 762 
48200 3507 375 
48250 3541 175 
48300 3538 106 
48350 3531 48 
48400 3550 16 
48450 3551 10 
48500 3552 3 
48550 3518 149 
48600 3497 761 
48650 3512 1224 
48700 3547 1725 
48750 3548 2120 
48800 3544 2438 
48850 3538 2718 
48900 3537 2956 
48950 3542 3144 
49000 3552 3281 
49050 3373 2195 
49100 3486 1040 
49150 3520 461 
49200 3535 153 
49250 3536 62 
49300 3549 20 
49350 3536 5 
49400 3545 5 
49450 3545 14 
49500 3546 18 
49550 3550 493 
49600 3539 1172 
49650 3535 1608 
49700 3542 1932 
49750 3540 2225 
49800 3545 2477 
49850 3549 2734 
49900 3540 2957 
49950 3540 3149 
50000 3548 3330 
50050 3382 2130 
50100 3472 1164 
50150 3528 597 
50200 3544 267 
50250 3538 122 
50300 3536 67 
50350 3555 34 
50400 3534 20 
50450 3548 17 
50500 3542 5 
50550 3546 594 
50600 3532 1384 
50650 3523 1888 
50700 3519 2248 
50750 3506 2517 
50800 3526 2780 
50850 3524 2965 
50900 3535 3135 
50950 3539 3256 
51000 3526 3345 
51050 3308 2297 
51100 3412 1225 
51150 3482 662 
51200 3522 339 
51250 3522 168 
51300 3539 95 
51350 3548 55 
51400 3556 25 
51450 3535 15 
51500 3543 9 
51550 3533 372 
51600 3523 1021 
51650 3503 1479 
51700 3525 1938 
51750 3537 2304 
51800 3531 2575 
51850 3523 2794 
51900 3521 2987 
51950 3536 3171 
52000 3529 3278 
52050 3306 2323 
52100 3404 1425 
52150 3452 888 
52200 3480 595 
52250 3522 445 
52300 3527 320 
52350 3547 203 
52400 3537 99 
52450 3538 30 
52500 3544 11 
52550 3550 516 
52600 3545 1186 
52650 3543 1624 
52700 3543 2023 
52750 3550 2319 
52800 3553 2561 
52850 3547 2826 
52900 3515 2982 
52950 3533 3190 
53000 3535 3339 
53050 3324 2325 
53100 3412 1409 
53150 3458 774 
53200 3505 447 
53250 3529 230 
53300 3550 147 
53350 3542 60 
53400 3537 19 
53450 3540 13 
53500 3550 4 
53550 3511 84 
53600 3496 925 
53650 3495 1514 
53700 3535 1939 
53750 3525 2271 
53800 3543 2586 
53850 3532 2802 
53900 3547 2991 
53950 3538 3129 
54000 3549 3255 
54050 3346 2332 
54100 3454 1276 
54150 3492 637 
54200 3511 301 
54250 3537 149 
54300 3547 76 
54350 3549 32 
54400 3545 12 
54450 3548 6 
54500 3558 2 
54550 3561 289 
54600 3560 915 
54650 3549 1419 
54700 3543 1810 
54750 3546 2234 
54800 3538 2577 
54850 3547 2868 
54900 3533 3098 
54950 3526 3251 
55000 3562 3375 
55050 3306 2378 
55100 3403 1455 
55150 3450 913 
55200 3476 492 
55250 3511 243 
55300 3528 137 
55350 3530 64 
55400 3539 26 
55450 3542 16 
55500 3535 14 
55550 3536 313 
55600 3539 891 
55650 3536 1362 
55700 3537 1818 
55750 3540 2177 
55800 3545 2527 
55850 3545 2863 
55900 3537 3108 
55950 3541 3318 
56000 3543 3423 
56050 3303 2429 
56100 3399 1458 
56150 3446 912 
56200 3487 569 
56250 3511 344 
56300 3538 183 
56350 3543 83 
56400 3535 30 
56450 3555 12 
56500 3532 6 
56550 3513 36 
56600 3474 511 
56650 3455 1048 
56700 3439 1501 
56750 3438 1924 
56800 3439 2282 
56850 3440 2586 
56900 3460 2863 
56950 3462 3074 
57000 3474 3210 
57050 3269 2347 
57100 3376 1487 
57150 3427 1023 
57200 3463 665 
57250 3504 436 
57300 3497 292 
57350 3520 146 
57400 3531 61 
57450 3520 24 
57500 3539 14 
57550 3530 137 
57600 3542 737 
57650 3556 1255 
57700 3548 1716 
57750 3549 2090 
57800 3548 2425 
57850 3539 2671 
57900 3547 2930 
57950 3550 3138 
58000 3528 3270 
58050 3301 2377 
58100 3380 1455 
58150 3427 1007 
58200 3471 702 
58250 3532 518 
58300 3532 385 
58350 3532 248 
58400 3536 162 
58450 3550 90 
58500 3537 41 
58550 3549 8 
58600 3525 564 
58650 3541 1174 
58700 3535 1694 
58750 3531 2208 
58800 3534 2571 
58850 3546 2927 
58900 3554 3200 
58950 3542 3362 
59000 3543 3461 
59050 3289 2482 
59100 3349 1532 
59150 3389 943 
59200 3450 570 
59250 3479 356 
59300 3507 186 
59350 3506 80 
59400 3513 24 
59450 3536 8 
59500 3542 8 
59550 3527 189 
59600 3519 752 
59650 3533 1223 
59700 3539 1631 
59750 3533 2011 
59800 3535 2377 
59850 3542 2684 
59900 3566 2940 
59950 3548 3123 
60000 3539 3239 
60050 3301 2401 
60100 3382 1613 
60150 3451 1089 
60200 3470 666 
60250 3508 462 
60300 3527 323 
60350 3532 176 
60400 3542 75 
60450 3541 25 
60500 3550 6 
60550 3542 5 
60600 3537 544 
60650 3544 995 
60700 3553 1399 
60750 3544 1739 
60800 3542 2136 
60850 3529 2501 
60900 3547 2791 
60950 3540 3010 
61000 3554 3180 
61050 3277 2382 
61100 3379 1450 
61150 3457 866 
61200 3489 494 
61250 3528 304 
61300 3539 227 
61350 3528 148 
61400 3537 84 
61450 3541 42 
61500 3543 20 
61550 3546 8 
61600 3534 20 
61650 3423 119 
61700 3247 303 
61750 3298 507 
61800 3427 871 
61850 3487 1284 
61900 3481 1639 
61950 3493 2017 
62000 3495 2372 
62050 3377 1859 
62100 3404 1382 
62150 3414 1054 
62200 3445 783 
62250 3460 587 
62300 3503 433 
62350 3520 349 
62400 3520 247 
62450 3519 173 
62500 3542 106 
62550 3543 54 
62600 3526 33 
62650 3379 172 
62700 3194 727 
62750 3149 1284 
62800 3207 1664 
62850 3286 1956 
62900 3383 2244 
62950 3456 2499 
63000 3490 2751 
63050 3291 2144 
63100 3392 1472 
63150 3437 929 
63200 3488 558 
63250 3499 300 
63300 3519 133 
63350 3537 57 
63400 3540 21 
63450 3539 4 
63500 3530 1 
63550 3529 305 
63600 3549 848 
63650 3538 1265 
63700 3531 1625 
63750 3554 2021 
63800 3553 2382 
63850 3550 2676 
63900 3537 2918 
63950 3545 3096 
64000 3539 3231 
64050 3271 2436 
64100 3374 1665 
64150 3444 1108 
64200 3475 757 
64250 3510 578 
64300 3535 402 
64350 3528 252 
64400 3519 159 
64450 3541 71 
64500 3524 20 
64550 3540 207 
64600 3541 871 
64650 3532 1327 
64700 3546 1797 
64750 3547 2133 
64800 3548 2441 
64850 3535 2725 
64900 3536 2968 
64950 3531 3126 
65000 3549 3287 
65050 3283 2534 
65100 3341 1841 
65150 3378 1365 
65200 3459 1084 
65250 3500 845 
65300 3526 608 
65350 3524 396 
65400 3538 277 
65450 3531 166 
65500 3542 75 
65550 3554 26 
65600 3556 8 
65650 3536 29 
65700 3520 679 
65750 3525 1322 
65800 3515 1726 
65850 3518 2145 
65900 3537 2478 
65950 3540 2749 
66000 3545 2973 
66050 3318 2211 
66100 3407 1450 
66150 3440 931 
66200 3485 552 
66250 3516 341 
66300 3523 168 
66350 3523 93 
66400 3529 37 
66450 3526 6 
66500 3540 4 
66550 3549 0 
66600 3513 29 
66650 3357 204 
66700 2954 599 
66750 2417 1127 
66800 2044 1697 
66850 2226 2175 
66900 2479 2459 
66950 2754 2676 
67000 3023 2878 
67050 3008 2205 
67100 3228 1617 
67150 3353 1154 
67200 3509 955 
67250 3535 675 
67300 3524 437 
67350 3526 243 
67400 3544 95 
67450 3517 41 
67500 3550 12 
67550 3557 4 
67600 3517 468 
67650 3499 1014 
67700 3489 1424 
67750 3481 1828 
67800 3471 2187 
67850 3472 2464 
67900 3492 2774 
67950 3509 3040 
68000 3507 3166 
68050 3338 2278 
68100 3420 1407 
68150 3471 859 
68200 3500 500 
68250 3518 322 
68300 3542 242 
68350 3529 126 
68400 3549 79 
68450 3544 27 
68500 3562 14 
68550 3510 313 
68600 3467 883 
68650 3443 1298 
68700 3430 1733 
68750 3436 2053 
68800 3467 2398 
68850 3501 2612 
68900 3531 2858 
68950 3525 2994 
69000 3539 3142 
69050 3336 2293 
69100 3442 1321 
69150 3490 708 
69200 3501 356 
69250 3548 162 
69300 3553 74 
69350 3540 28 
69400 3550 12 
69450 3548 6 
69500 3548 5 
69550 3499 54 
69600 3276 277 
69650 3144 981 
69700 3125 1460 
69750 3169 1884 
69800 3236 2200 
69850 3327 2461 
69900 3384 2647 
69950 3434 2832 
70000 3461 2987 
70050 3322 2179 
70100 3422 1324 
70150 3475 690 
70200 3515 308 
70250 3542 118 
70300 3534 54 
70350 3541 31 
70400 3526 16 
70450 3538 8 
70500 3545 6 
70550 3528 281 
70600 3509 1079 
70650 3517 1719 
70700 3505 2263 
70750 3511 2683 
70800 3500 3020 
70850 3517 3235 
70900 3514 3372 
70950 3528 3477 
71000 3532 3528 
71050 3253 2348 
71100 3392 1530 
71150 3544 1124 
71200 3531 672 
71250 3550 387 
71300 3548 212 
71350 3536 74 
71400 3565 20 
71450 3562 7 
71500 3556 5 
71550 3550 1 
71600 3543 8 
71650 3495 678 
71700 3465 1320 
71750 3474 1867 
71800 3476 2345 
71850 3481 2751 
71900 3489 3014 
71950 3499 3203 
72000 3530 3341 
72050 3290 2352 
72100 3349 1432 
72150 3492 991 
72200 3522 664 
72250 3525 399 
72300 3513 234 
72350 3504 136 
72400 3519 66 
72450 3519 20 
72500 3532 5 
72550 3552 50 
72600 3548 843 
72650 3557 1459 
72700 3559 1989 
72750 3552 2429 
72800 3554 2828 
72850 3556 3102 
72900 3543 3289 
72950 3545 3446 
73000 3536 3510 
73050 3272 2319 
73100 3316 1453 
73150 3489 1128 
73200 3492 715 
73250 3533 452 
73300 3551 247 
73350 3551 136 
73400 3540 46 
73450 3561 11 
73500 3559 2 
73550 3549 615 
73600 3554 1244 
73650 3549 1811 
73700 3566 2335 
73750 3545 2726 
73800 3547 3029 
73850 3554 3219 
73900 3558 3358 
73950 3563 3454 
74000 3553 3505 
74050 3342 2276 
74100 3413 1373 
74150 3538 982 
74200 3563 637 
74250 3562 383 
74300 3563 219 
74350 3558 107 
74400 3553 40 
74450 3546 7 
74500 3561 1 
74550 3567 1 
74600 3562 353 
74650 3552 1069 
74700 3556 1764 
74750 3558 2364 
74800 3540 2805 
74850 3560 3174 
74900 3546 3372 
74950 3557 3496 
75000 3546 3528 
75050 3207 2476 
75100 3431 1925 
75150 3417 1390 
75200 3413 907 
75250 3438 571 
75300 3472 357 
75350 3489 236 
75400 3545 116 
75450 3547 37 
75500 3551 5 
75550 3550 0 
75600 3542 673 
75650 3554 1307 
75700 3557 1832 
75750 3551 2298 
75800 3552 2699 
75850 3535 2992 
75900 3565 3275 
75950 3543 3409 
76000 3569 3513 
76050 3276 2323 
76100 3374 1476 
76150 3492 1077 
76200 3514 632 
76250 3543 367 
76300 3536 193 
76350 3542 99 
76400 3553 43 
76450 3554 19 
76500 3556 5 
76550 3558 0 
76600 3557 0 
76650 3567 483 
76700 3549 1192 
76750 3549 1722 
76800 3548 2248 
76850 3553 2660 
76900 3553 2939 
76950 3533 3135 
77000 3540 3295 
77050 3307 2324 
77100 3344 1481 
77150 3432 983 
77200 3478 618 
77250 3501 323 
77300 3527 126 
77350 3547 23 
77400 3543 5 
77450 3552 1 
77500 3548 1 
77550 3528 29 
77600 3165 392 
77650 2538 1015 
77700 1882 1669 
77750 1374 2184 
77800 1202 2532 
77850 1384 2894 
77900 1659 3089 
77950 1984 3233 
78000 2268 3351 
78050 2489 2184 
78100 2864 1371 
78150 3118 853 
78200 3423 467 
78250 3512 247 
78300 3541 138 
78350 3537 60 
78400 3563 16 
78450 3558 0 
78500 3556 0 
78550 3528 162 
78600 3509 986 
78650 3503 1609 
78700 3486 2105 
78750 3509 2527 
78800 3521 2823 
78850 3561 3084 
78900 3557 3251 
78950 3537 3365 
79000 3544 3472 
79050 3217 2576 
79100 3383 2073 
79150 3350 1431 
79200 3393 954 
79250 3432 600 
79300 3485 394 
79350 3501 247 
79400 3512 150 
79450 3529 87 
79500 3534 39 
79550 3552 10 
79600 3563 1 
79650 3536 0 
79700 3549 103 
79750 3548 975 
79800 3550 1627 
79850 3547 2099 
79900 3551 2526 
79950 3537 2922 
80000 3556 3198 
80050 3367 2158 
80100 3400 1357 
80150 3434 847 
80200 3488 586 
80250 3497 364 
80300 3509 187 
80350 3545 89 
80400 3551 21 
80450 3537 4 
80500 3549 2 
80550 3528 11 
80600 3393 549 
80650 3403 1286 
80700 3412 1856 
80750 3434 2344 
80800 3478 2761 
80850 3493 2993 
80900 3541 3221 
80950 3558 3336 
81000 3564 3418 
81050 3298 2490 
81100 3394 1801 
81150 3509 1383 
81200 3513 906 
81250 3514 527 
81300 3549 290 
81350 3551 125 
81400 3557 49 
81450 3541 12 
81500 3551 3 
81550 3537 172 
81600 3532 973 
81650 3518 1552 
81700 3534 2090 
81750 3553 2546 
81800 3546 2912 
81850 3551 3162 
81900 3544 3334 
81950 3560 3477 
82000 3530 3497 
82050 3274 2257 
82100 3356 1282 
82150 3445 899 
82200 3500 653 
82250 3522 377 
82300 3530 203 
82350 3548 78 
82400 3549 17 
82450 3551 5 
82500 3555 5 
82550 3517 21 
82600 3477 651 
82650 3451 1308 
82700 3425 1899 
82750 3441 2424 
82800 3435 2819 
82850 3430 3091 
82900 3454 3265 
82950 3497 3409 
83000 3511 3475 
83050 3210 2496 
83100 3404 1835 
83150 3440 1304 
83200 3471 924 
83250 3494 631 
83300 3502 348 
83350 3529 203 
83400 3547 87 
83450 3550 15 
83500 3550 5 
83550 3530 262 
83600 3532 1260 
83650 3534 1784 
83700 3561 2205 
83750 3551 2502 
83800 3542 2813 
83850 3555 3069 
83900 3552 3292 
83950 3559 3467 
84000 3555 3520 
84050 3276 2205 
84100 3417 1070 
84150 3509 582 
84200 3512 302 
84250 3538 123 
84300 3552 30 
84350 3547 7 
84400 3548 5 
84450 3560 4 
84500 3548 2 
84550 3545 152 
84600 3557 940 
84650 3552 1495 
84700 3555 2016 
84750 3559 2475 
84800 3535 2813 
84850 3550 3108 
84900 3563 3296 
84950 3540 3431 
85000 3528 3484 
85050 3265 2311 
85100 3380 1310 
85150 3496 805 
85200 3524 448 
85250 3553 207 
85300 3554 67 
85350 3561 8 
85400 3547 1 
85450 3558 4 
85500 3538 3 
85550 3537 1 
85600 3546 674 
85650 3551 1510 
85700 3539 2114 
85750 3543 2631 
85800 3544 2995 
85850 3548 3263 
85900 3561 3435 
85950 3553 3515 
86000 3537 3530 
86050 3295 2195 
86100 3445 1061 
86150 3535 540 
86200 3552 230 
86250 3534 69 
86300 3540 6 
86350 3533 1 
86400 3559 1 
86450 3534 2 
86500 3554 2 
86550 3533 18 
86600 3502 759 
86650 3510 1297 
86700 3494 1819 
86750 3487 2266 
86800 3491 2666 
86850 3494 2936 
86900 3542 3150 
86950 3549 3289 
87000 3534 3380 
87050 3285 2249 
87100 3336 1439 
87150 3459 1095 
87200 3484 757 
87250 3479 477 
87300 3513 265 
87350 3523 131 
87400 3537 61 
87450 3538 20 
87500 3551 9 
87550 3543 23 
87600 3433 809 
87650 3464 1407 
87700 3488 1890 
87750 3496 2319 
87800 3505 2687 
87850 3493 3002 
87900 3507 3259 
87950 3521 3385 
88000 3537 3498 
88050 3217 2280 
88100 3294 1496 
88150 3468 1135 
88200 3484 722 
88250 3507 490 
88300 3483 325 
88350 3498 209 
88400 3484 111 
88450 3516 47 
88500 3537 16 
88550 3488 251 
88600 3479 1231 
88650 3475 1954 
88700 3480 2476 
88750 3476 2896 
88800 3504 3213 
88850 3496 3406 
88900 3538 3500 
88950 3539 3515 
89000 3544 3509 
89050 3351 2028 
89100 3438 1033 
89150 3488 545 
89200 3526 339 
89250 3542 141 
89300 3556 46 
89350 3542 25 
89400 3538 7 
89450 3550 12 
89500 3544 7 
89550 3541 792 
89600 3534 1366 
89650 3547 1828 
89700 3556 2262 
89750 3559 2658 
89800 3556 2977 
89850 3556 3173 
89900 3553 3338 
89950 3555 3441 
90000 3529 3474 
90050 3369 1857 
90100 3493 770 
90150 3515 290 
90200 3527 113 
90250 3538 28 
90300 3531 8 
90350 3548 16 
90400 3535 12 
90450 3551 5 
90500 3548 13 
90550 3550 368 
90600 3548 1139 
90650 3548 1690 
90700 3553 2195 
90750 3548 2551 
90800 3543 2903 
90850 3561 3168 
90900 3535 3321 
90950 3537 3427 
91000 3547 3503 
91050 3356 2183 
91100 3402 1375 
91150 3510 1013 
91200 3539 694 
91250 3539 451 
91300 3527 279 
91350 3531 159 
91400 3529 51 
91450 3550 16 
91500 3543 8 
91550 3560 736 
91600 3563 1515 
91650 3561 2078 
91700 3558 2549 
91750 3551 2858 
91800 3548 3079 
91850 3557 3234 
91900 3540 3361 
91950 3547 3430 
92000 3557 3488 
92050 3365 1939 
92100 3476 841 
92150 3513 313 
92200 3536 85 
92250 3540 44 
92300 3546 14 
92350 3547 7 
92400 3543 7 
92450 3541 3 
92500 3545 9 
92550 3553 753 
92600 3552 1541 
92650 3552 2122 
92700 3548 2583 
92750 3549 2922 
92800 3555 3110 
92850 3560 3283 
92900 3555 3383 
92950 3567 3484 
93000 3534 3470 
93050 3417 1890 
93100 3500 662 
93150 3526 170 
93200 3545 36 
93250 3558 16 
93300 3548 9 
93350 3555 10 
93400 3540 10 
93450 3544 7 
93500 3547 3 
93550 3545 692 
93600 3552 1457 
93650 3545 2017 
93700 3539 2484 
93750 3549 2853 
93800 3539 3153 
93850 3544 3353 
93900 3555 3447 
93950 3556 3487 
94000 3559 3520 
94050 3427 1755 
94100 3504 620 
94150 3531 188 
94200 3558 49 
94250 3540 18 
94300 3524 10 
94350 3540 5 
94400 3546 10 
94450 3552 5 
94500 3554 6 
94550 3553 644 
94600 3539 1298 
94650 3545 1804 
94700 3547 2286 
94750 3563 2693 
94800 3544 2948 
94850 3554 3171 
94900 3556 3304 
94950 3552 3411 
95000 3547 3481 
95050 3362 2034 
95100 3456 976 
95150 3517 361 
95200 3533 101 
95250 3550 26 
95300 3539 14 
95350 3567 13 
95400 3546 5 
95450 3526 11 
95500 3542 11 
95550 3546 681 
95600 3550 1431 
95650 3547 1949 
95700 3534 2387 
95750 3570 2779 
95800 3550 3040 
95850 3542 3239 
95900 3547 3382 
95950 3545 3469 
96000 3551 3509 
96050 3340 2028 
96100 3412 1067 
96150 3437 598 
96200 3493 444 
96250 3522 290 
96300 3512 188 
96350 3537 110 
96400 3536 43 
96450 3537 19 
96500 3546 4 
96550 3531 465 
96600 3541 1133 
96650 3542 1730 
96700 3549 2198 
96750 3540 2610 
96800 3554 2970 
96850 3550 3176 
96900 3551 3331 
96950 3561 3440 
97000 3551 3475 
97050 3346 1973 
97100 3450 1063 
97150 3480 569 
97200 3550 354 
97250 3544 176 
97300 3541 67 
97350 3550 22 
97400 3535 13 
97450 3551 14 
97500 3551 9 
97550 3555 834 
97600 3558 1703 
97650 3554 2336 
97700 3546 2807 
97750 3551 3104 
97800 3546 3322 
97850 3546 3449 
97900 3564 3522 
97950 3540 3501 
98000 3555 3521 
98050 3359 1993 
98100 3485 969 
98150 3528 445 
98200 3526 182 
98250 3534 67 
98300 3550 18 
98350 3538 4 
98400 3544 10 
98450 3537 4 
98500 3545 5 
98550 3533 538 
98600 3525 1205 
98650 3517 1809 
98700 3513 2244 
98750 3528 2631 
98800 3546 2958 
98850 3541 3191 
98900 3548 3393 
98950 3554 3498 
99000 3540 3522 
99050 3281 2167 
99100 3383 1134 
99150 3501 679 
99200 3531 344 
99250 3525 145 
99300 3542 44 
99350 3558 18 
99400 3557 5 
99450 3548 3 
99500 3561 3 
99550 3547 243 
99600 3548 976 
99650 3564 1567 
99700 3554 2090 
99750 3549 2515 
99800 3564 2855 
99850 3540 3074 
99900 3548 3262 
99950 3556 3405 
100000 3551 3474 
100050 3271 2340 
100100 3391 1315 
100150 3470 844 
100200 3513 496 
100250 3498 273 
100300 3539 122 
100350 3528 33 
100400 3541 10 
100450 3544 0 
100500 3548 1 
100550 3536 608 
100600 3544 1256 
100650 3555 1815 
100700 3556 2241 
100750 3556 2639 
100800 3551 2946 
100850 3559 3141 
100900 3537 3255 
100950 3548 3385 
101000 3556 3466 
101050 3399 1871 
101100 3514 672 
101150 3545 180 
101200 3559 23 
101250 3557 13 
101300 3543 16 
101350 3545 12 
101400 3555 7 
101450 3558 7 
101500 3557 10 
101550 3539 517 
101600 3533 1199 
101650 3544 1771 
101700 3555 2283 
101750 3549 2751 
101800 3551 3101 
101850 3550 3297 
101900 3557 3448 
101950 3549 3512 
102000 3558 3540 
102050 3339 2047 
102100 3419 1099 
102150 3492 657 
102200 3516 406 
102250 3521 222 
102300 3536 86 
102350 3545 24 
102400 3553 7 
102450 3545 10 
102500 3544 10 
102550 3548 0 
102600 3555 871 
102650 3535 1713 
102700 3542 2247 
102750 3550 2618 
102800 3540 2899 
102850 3540 3180 
102900 3550 3369 
102950 3549 3440 
103000 3544 3504 
103050 3347 1923 
103100 3437 983 
103150 3472 523 
103200 3511 272 
103250 3518 133 
103300 3545 46 
103350 3547 21 
103400 3555 3 
103450 3549 13 
103500 3548 5 
103550 3545 706 
103600 3546 1580 
103650 3542 2239 
103700 3556 2787 
103750 3552 3113 
103800 3567 3313 
103850 3541 3388 
103900 3537 3457 
103950 3533 3475 
104000 3547 3517 
104050 3347 2102 
104100 3457 1076 
104150 3518 567 
104200 3536 329 
104250 3525 163 
104300 3534 61 
104350 3551 11 
104400 3548 8 
104450 3559 8 
104500 3554 6 
104550 3549 250 
104600 3550 1217 
104650 3553 1914 
104700 3550 2402 
104750 3553 2817 
104800 3549 3159 
104850 3545 3361 
104900 3531 3456 
104950 3551 3505 
105000 3555 3525 
105050 3391 1910 
105100 3466 939 
105150 3505 474 
105200 3538 239 
105250 3531 91 
105300 3548 26 
105350 3554 5 
105400 3533 5 
105450 3541 5 
105500 3555 5 
105550 3537 253 
105600 3530 1021 
105650 3542 1522 
105700 3544 2001 
105750 3549 2458 
105800 3549 2896 
105850 3544 3150 
105900 3542 3349 
105950 3546 3467 
106000 3538 3495 
106050 3392 1930 
106100 3508 716 
106150 3512 274 
106200 3518 97 
106250 3543 42 
106300 3545 10 
106350 3539 7 
106400 3536 9 
106450 3541 5 
106500 3546 7 
106550 3534 461 
106600 3540 1176 
106650 3552 1776 
106700 3536 2275 
106750 3541 2668 
106800 3543 2988 
106850 3535 3253 
106900 3531 3390 
106950 3547 3478 
107000 3549 3508 
107050 3375 1905 
107100 3468 723 
107150 3511 224 
107200 3552 59 
107250 3542 17 
107300 3563 7 
107350 3529 1 
107400 3546 4 
107450 3544 1 
107500 3558 9 
107550 3542 566 
107600 3543 1432 
107650 3536 2091 
107700 3531 2606 
107750 3542 3017 
107800 3546 3259 
107850 3554 3411 
107900 3544 3478 
107950 3540 3523 
108000 3552 3520 
108050 3381 1939 
108100 3442 968 
108150 3480 556 
108200 3523 387 
108250 3548 236 
108300 3512 142 
108350 3538 73 
108400 3563 34 
108450 3563 12 
108500 3536 3 
108550 3525 609 
108600 3531 1594 
108650 3537 2315 
108700 3533 2776 
108750 3548 3106 
108800 3548 3352 
108850 3550 3447 
108900 3546 3495 
108950 3564 3532 
109000 3552 3539 
109050 3340 2170 
109100 3443 1078 
109150 3515 489 
109200 3518 125 
109250 3546 16 
109300 3535 7 
109350 3547 3 
109400 3573 1 
109450 3545 2 
109500 3540 0 
109550 3520 11 
109600 3530 558 
109650 3520 1184 
109700 3516 1739 
109750 3515 2242 
109800 3505 2626 
109850 3521 2921 
109900 3541 3168 
109950 3550 3367 
110000 3545 3478 
110050 3260 2504 
110100 3434 1875 
110150 3462 1271 
110200 3481 826 
110250 3513 536 
110300 3529 329 
110350 3528 220 
110400 3547 121 
110450 3545 46 
110500 3549 7 
110550 3542 0 
110600 3545 0 
110650 3538 0 
110700 3532 0 
110750 3543 345 
110800 3554 1010 
110850 3555 1586 
110900 3549 2076 
110950 3552 2455 
111000 3553 2784 
111050 3342 1885 
111100 3445 1040 
111150 3493 496 
111200 3518 223 
111250 3524 82 
111300 3548 23 
111350 3558 4 
111400 3547 1 
111450 3558 3 
111500 3540 6 
111550 3550 149 
111600 3553 934 
111650 3561 1478 
111700 3553 2025 
111750 3549 2468 
111800 3558 2843 
111850 3540 3098 
111900 3536 3298 
111950 3546 3411 
112000 3551 3499 
112050 3346 1997 
112100 3449 966 
112150 3494 388 
112200 3517 169 
112250 3536 46 
112300 3528 13 
112350 3545 7 
112400 3532 5 
112450 3550 5 
112500 3539 9 
112550 3556 611 
112600 3562 1348 
112650 3538 1918 
112700 3550 2436 
112750 3549 2788 
112800 3548 2999 
112850 3569 3183 
112900 3543 3253 
112950 3548 3327 
113000 3537 3434 
113050 3346 1977 
113100 3425 977 
113150 3507 466 
113200 3534 181 
113250 3547 63 
113300 3547 9 
113350 3538 5 
113400 3541 13 
113450 3534 5 
113500 3550 2 
113550 3561 614 
113600 3565 1300 
113650 3560 1843 
113700 3560 2273 
113750 3554 2644 
113800 3551 2873 
113850 3560 3069 
113900 3530 3212 
113950 3548 3310 
114000 3548 3417 
114050 3398 1858 
114100 3460 785 
114150 3525 286 
114200 3549 57 
114250 3530 13 
114300 3545 13 
114350 3551 10 
114400 3548 10 
114450 3559 8 
114500 3536 4 
114550 3561 672 
114600 3552 1463 
114650 3532 1985 
114700 3528 2405 
114750 3558 2726 
114800 3531 2898 
114850 3544 3105 
114900 3537 3225 
114950 3546 3336 
115000 3545 3425 
115050 3393 1825 
115100 3500 802 
115150 3511 305 
115200 3530 108 
115250 3539 27 
115300 3542 10 
115350 3546 15 
115400 3559 12 
115450 3550 20 
115500 3542 12 
115550 3541 609 
115600 3556 1409 
115650 3545 2130 
115700 3545 2595 
115750 3547 2941 
115800 3551 3169 
115850 3553 3325 
115900 3551 3420 
115950 3529 3480 
116000 3553 3497 
116050 3400 1853 
116100 3489 784 
116150 3519 321 
116200 3537 102 
116250 3540 40 
116300 3557 9 
116350 3548 9 
116400 3544 18 
116450 3539 12 
116500 3548 12 
116550 3553 698 
116600 3559 1692 
116650 3544 2363 
116700 3538 2847 
116750 3545 3165 
116800 3531 3326 
116850 3550 3457 
116900 3550 3503 
116950 3541 3495 
117000 3558 3507 
117050 3351 2035 
117100 3415 1024 
117150 3484 567 
117200 3505 377 
117250 3519 224 
117300 3524 147 
117350 3532 65 
117400 3553 30 
117450 3532 12 
117500 3553 6 
117550 3541 701 
117600 3542 1475 
117650 3538 2026 
117700 3532 2484 
117750 3530 2904 
117800 3555 3202 
117850 3551 3396 
117900 3530 3468 
117950 3549 3508 
118000 3555 3500 
118050 3411 1866 
118100 3491 818 
118150 3513 330 
118200 3534 115 
118250 3524 50 
118300 3557 27 
118350 3553 25 
118400 3553 22 
118450 3524 15 
118500 3535 22 
118550 3539 454 
118600 3529 1120 
118650 3535 1827 
118700 3556 2434 
118750 3545 2840 
118800 3564 3127 
118850 3547 3309 
118900 3559 3441 
118950 3547 3497 
119000 3544 3511 
119050 3367 1984 
119100 3457 949 
119150 3494 445 
119200 3533 223 
119250 3544 85 
119300 3543 34 
119350 3555 45 
119400 3543 32 
119450 3550 19 
119500 3544 9 
119550 3542 634 
119600 3542 1262 
119650 3536 1774 
119700 3526 2215 
119750 3520 2607 
119800 3533 2920 
119850 3531 3117 
119900 3557 3254 
119950 3543 3372 
120000 3539 3434 
120050 3379 1860 
120100 3487 712 
120150 3530 243 
120200 3537 83 
120250 3541 28 
120300 3539 19 
120350 3545 14 
120400 3547 12 
120450 3550 11 
120500 3542 15 
120550 3556 889 
120600 3545 1675 
120650 3545 2211 
120700 3535 2604 
120750 3538 2934 
120800 3542 3199 
120850 3543 3351 
120900 3547 3431 
120950 3527 3462 
121000 3525 3467 
121050 3338 1905 
121100 3456 826 
121150 3544 311 
121200 3529 103 
121250 3545 28 
121300 3554 10 
121350 3537 8 
121400 3524 20 
121450 3538 6 
121500 3538 7 
121550 3552 570 
121600 3553 1252 
121650 3555 1794 
121700 3549 2267 
121750 3549 2689 
121800 3554 3020 
121850 3549 3244 
121900 3552 3419 
121950 3555 3512 
122000 3545 3516 
122050 3322 2038 
122100 3428 1058 
122150 3505 517 
122200 3538 266 
122250 3545 123 
122300 3538 54 
122350 3556 26 
122400 3534 12 
122450 3550 11 
122500 3529 14 
122550 3541 532 
122600 3554 1608 
122650 3540 2331 
122700 3541 2808 
122750 3554 3179 
122800 3537 3317 
122850 3529 3439 
122900 3543 3491 
122950 3551 3531 
123000 3551 3503 
123050 3395 2015 
123100 3497 918 
123150 3524 376 
123200 3562 141 
123250 3550 42 
123300 3544 9 
123350 3547 10 
123400 3559 7 
123450 3558 17 
123500 3544 14 
123550 3542 740 
123600 3528 1571 
123650 3538 2221 
123700 3552 2737 
123750 3542 3082 
123800 3547 3287 
123850 3558 3458 
123900 3544 3498 
123950 3542 3522 
124000 3543 3506 
124050 3391 1861 
124100 3451 941 
124150 3500 445 
124200 3531 201 
124250 3528 77 
124300 3541 33 
124350 3544 16 
124400 3556 13 
124450 3537 13 
124500 3543 10 
124550 3555 582 
124600 3545 1408 
124650 3554 2040 
124700 3535 2506 
124750 3564 2900 
124800 3544 3138 
124850 3532 3294 
124900 3536 3419 
124950 3545 3486 
125000 3536 3512 
125050 3325 2037 
125100 3423 1034 
125150 3471 516 
125200 3519 312 
125250 3538 176 
125300 3535 85 
125350 3545 45 
125400 3540 12 
125450 3544 9 
125500 3554 19 
125550 3558 446 
125600 3553 1334 
125650 3534 1995 
125700 3541 2418 
125750 3536 2725 
125800 3539 2996 
125850 3550 3228 
125900 3549 3356 
125950 3547 3449 
126000 3551 3490 
126050 3385 1796 
126100 3486 735 
126150 3530 264 
126200 3537 79 
126250 3560 30 
126300 3549 15 
126350 3550 12 
126400 3549 6 
126450 3562 9 
126500 3545 13 
126550 3537 638 
126600 3538 1312 
126650 3524 1826 
126700 3536 2291 
126750 3546 2653 
126800 3543 2910 
126850 3535 3139 
126900 3547 3291 
126950 3556 3429 
127000 3550 3480 
127050 3343 2138 
127100 3427 1095 
127150 3477 523 
127200 3518 230 
127250 3528 66 
127300 3526 18 
127350 3538 11 
127400 3555 9 
127450 3544 7 
127500 3559 8 
127550 3543 755 
127600 3561 1418 
127650 3542 1962 
127700 3558 2412 
127750 3549 2758 
127800 3555 3057 
127850 3543 3267 
127900 3560 3417 
127950 3538 3471 
128000 3551 3509 
128050 3399 1971 
128100 3456 843 
128150 3497 370 
128200 3528 121 
128250 3557 35 
128300 3563 13 
128350 3544 23 
128400 3550 17 
128450 3540 9 
128500 3545 14 
128550 3549 611 
128600 3544 1463 
128650 3545 2116 
128700 3548 2642 
128750 3550 3017 
128800 3537 3259 
128850 3542 3418 
128900 3549 3491 
128950 3534 3508 
129000 3549 3528 
129050 3372 2170 
129100 3425 1240 
129150 3525 776 
129200 3542 476 
129250 3545 212 
129300 3561 74 
129350 3542 26 
129400 3548 6 
129450 3569 1 
129500 3553 4 
129550 3541 525 
129600 3541 1326 
129650 3539 2047 
129700 3531 2679 
129750 3549 3098 
129800 3550 3370 
129850 3537 3462 
129900 3553 3524 
129950 3548 3530 
130000 3527 3522 
130050 3302 2120 
130100 3366 1171 
130150 3486 719 
130200 3524 428 
130250 3508 216 
130300 3513 99 
130350 3532 35 
130400 3544 10 
130450 3551 5 
130500 3537 9 
130550 3537 443 
130600 3541 1000 
130650 3542 1499 
130700 3539 1949 
130750 3537 2360 
130800 3532 2679 
130850 3536 2911 
130900 3525 3062 
130950 3542 3235 
131000 3513 3321 
131050 3290 2414 
131100 3378 1600 
131150 3417 1025 
131200 3500 688 
131250 3518 395 
131300 3534 192 
131350 3529 71 
131400 3555 14 
131450 3560 11 
131500 3561 2 
131550 3543 365 
131600 3541 1177 
131650 3557 1788 
131700 3549 2175 
131750 3540 2495 
131800 3549 2792 
131850 3556 3009 
131900 3551 3201 
131950 3552 3367 
132000 3559 3468 
132050 3353 2292 
132100 3443 1233 
132150 3485 657 
132200 3529 305 
132250 3557 163 
132300 3557 50 
132350 3551 16 
132400 3554 4 
132450 3539 4 
132500 3546 1 
132550 3536 329 
132600 3528 925 
132650 3521 1400 
132700 3502 1867 
132750 3500 2284 
132800 3512 2643 
132850 3518 2923 
132900 3522 3114 
132950 3540 3289 
133000 3553 3406 
133050 3286 2223 
133100 3386 1361 
133150 3476 696 
133200 3513 280 
133250 3536 103 
133300 3541 40 
133350 3538 11 
133400 3543 8 
133450 3553 3 
133500 3542 4 
133550 3553 516 
133600 3554 1103 
133650 3548 1527 
133700 3550 1945 
133750 3560 2336 
133800 3552 2628 
133850 3551 2878 
133900 3541 3127 
133950 3560 3284 
134000 3545 3368 
134050 3341 2063 
134100 3439 982 
134150 3484 436 
134200 3523 173 
134250 3553 62 
134300 3514 41 
134350 3533 9 
134400 3547 10 
134450 3549 1 
134500 3537 7 
134550 3518 402 
134600 3515 1040 
134650 3502 1543 
134700 3522 1972 
134750 3525 2356 
134800 3531 2680 
134850 3491 2895 
134900 3519 3106 
134950 3525 3262 
135000 3539 3357 
135050 3373 2136 
135100 3469 1164 
135150 3522 583 
135200 3544 223 
135250 3528 84 
135300 3527 31 
135350 3538 16 
135400 3537 14 
135450 3557 4 
135500 3552 5 
135550 3534 467 
135600 3554 1081 
135650 3544 1528 
135700 3535 1959 
135750 3560 2372 
135800 3553 2736 
135850 3542 2972 
135900 3555 3166 
135950 3550 3272 
136000 3544 3363 
136050 3358 2146 
136100 3459 1075 
136150 3525 476 
136200 3521 134 
136250 3543 35 
136300 3532 26 
136350 3553 12 
136400 3550 7 
136450 3537 4 
136500 3550 2 
136550 3526 245 
136600 3519 1086 
136650 3513 1719 
136700 3524 2190 
136750 3523 2609 
136800 3520 2865 
136850 3543 3127 
136900 3561 3300 
136950 3551 3429 
137000 3533 3449 
137050 3344 2110 
137100 3426 1139 
137150 3483 630 
137200 3511 335 
137250 3528 176 
137300 3538 73 
137350 3547 22 
137400 3552 12 
137450 3547 5 
137500 3549 4 
137550 3530 583 
137600 3539 1220 
137650 3534 1710 
137700 3526 2080 
137750 3522 2388 
137800 3529 2665 
137850 3534 2943 
137900 3548 3208 
137950 3550 3394 
138000 3539 3466 
138050 3335 2129 
138100 3418 1179 
138150 3464 758 
138200 3487 483 
138250 3518 317 
138300 3522 168 
138350 3528 69 
138400 3541 36 
138450 3523 23 
138500 3549 10 
138550 3554 484 
138600 3551 1107 
138650 3550 1684 
138700 3549 2143 
138750 3524 2491 
138800 3554 2844 
138850 3545 3130 
138900 3556 3334 
138950 3554 3439 
139000 3547 3492 
139050 3358 2141 
139100 3445 1113 
139150 3500 521 
139200 3524 211 
139250 3537 92 
139300 3529 34 
139350 3545 12 
139400 3559 4 
139450 3540 6 
139500 3548 8 
139550 3528 707 
139600 3531 1440 
139650 3548 1956 
139700 3542 2297 
139750 3553 2576 
139800 3536 2825 
139850 3544 3009 
139900 3531 3192 
139950 3532 3278 
140000 3550 3391 
140050 3345 2058 
140100 3463 922 
140150 3512 370 
140200 3538 181 
140250 3562 69 
140300 3545 22 
140350 3562 11 
140400 3559 5 
140450 3540 4 
140500 3549 8 
140550 3553 537 
140600 3543 1218 
140650 3544 1813 
140700 3535 2226 
140750 3539 2586 
140800 3539 2930 
140850 3528 3142 
140900 3549 3283 
140950 3551 3391 
141000 3552 3487 
141050 3359 2174 
141100 3413 1299 
141150 3429 889 
141200 3478 666 
141250 3507 504 
141300 3527 337 
141350 3519 237 
141400 3533 129 
141450 3540 55 
141500 3548 28 
141550 3522 783 
141600 3534 1573 
141650 3535 2192 
141700 3529 2638 
141750 3535 2955 
141800 3527 3205 
141850 3534 3350 
141900 3532 3449 
141950 3531 3486 
142000 3536 3490 
142050 3344 2153 
142100 3441 1217 
142150 3483 711 
142200 3511 397 
142250 3534 271 
142300 3551 123 
142350 3536 48 
142400 3539 10 
142450 3548 6 
142500 3544 8 
142550 3560 570 
142600 3555 1436 
142650 3534 1966 
142700 3548 2336 
142750 3534 2660 
142800 3545 3004 
142850 3560 3296 
142900 3546 3434 
142950 3540 3505 
143000 3549 3533 
143050 3340 2128 
143100 3392 1205 
143150 3483 723 
143200 3497 412 
143250 3522 216 
143300 3526 120 
143350 3521 37 
143400 3555 11 
143450 3541 5 
143500 3538 3 
143550 3530 614 
143600 3530 1420 
143650 3540 2052 
143700 3513 2465 
143750 3541 2852 
143800 3528 3082 
143850 3536 3282 
143900 3552 3407 
143950 3539 3470 
144000 3537 3516 
144050 3320 2117 
144100 3398 1113 
144150 3491 570 
144200 3525 304 
144250 3530 123 
144300 3550 35 
144350 3537 7 
144400 3548 6 
144450 3548 2 
144500 3556 4 
144550 3540 526 
144600 3535 1221 
144650 3534 1766 
144700 3543 2286 
144750 3548 2725 
144800 3545 3045 
144850 3551 3266 
144900 3557 3393 
144950 3558 3474 
145000 3564 3516 
145050 3273 2158 
145100 3340 1310 
145150 3458 939 
145200 3493 628 
145250 3509 317 
145300 3515 134 
145350 3537 46 
145400 3560 13 
145450 3536 5 
145500 3565 4 
145550 3545 70 
145600 3490 894 
145650 3492 1507 
145700 3500 2022 
145750 3519 2516 
145800 3526 2905 
145850 3558 3198 
145900 3559 3374 
145950 3561 3468 
146000 3565 3540 
146050 3278 2373 
146100 3423 1550 
146150 3476 1099 
146200 3495 731 
146250 3515 466 
146300 3524 288 
146350 3523 156 
146400 3528 88 
146450 3532 31 
146500 3528 12 
146550 3537 399 
146600 3537 1121 
146650 3559 1712 
146700 3546 2174 
146750 3538 2609 
146800 3557 2984 
146850 3543 3178 
146900 3544 3362 
146950 3526 3433 
147000 3548 3501 
147050 3325 2196 
147100 3413 1148 
147150 3493 631 
147200 3543 328 
147250 3533 89 
147300 3542 16 
147350 3546 5 
147400 3556 3 
147450 3548 8 
147500 3539 3 
147550 3543 550 
147600 3539 1372 
147650 3553 1961 
147700 3561 2375 
147750 3560 2720 
147800 3555 2986 
147850 3531 3136 
147900 3553 3283 
147950 3563 3388 
148000 3546 3450 
148050 3259 2397 
148100 3384 1439 
148150 3497 992 
148200 3506 615 
148250 3531 399 
148300 3509 250 
148350 3523 151 
148400 3551 72 
148450 3548 32 
148500 3554 5 
148550 3550 427 
148600 3530 1228 
148650 3537 1775 
148700 3530 2269 
148750 3535 2696 
148800 3543 2971 
148850 3545 3199 
148900 3551 3403 
148950 3530 3502 
149000 3549 3538 
149050 3298 2295 
149100 3400 1306 
149150 3503 930 
149200 3521 600 
149250 3528 386 
149300 3517 247 
149350 3529 137 
149400 3538 55 
149450 3554 18 
149500 3547 4 
149550 3563 6 
149600 3550 759 
149650 3533 1447 
149700 3539 1998 
149750 3539 2503 
149800 3564 2881 
149850 3553 3147 
149900 3550 3304 
149950 3558 3405 
150000 3538 3463 
150050 3288 2108 
150100 3417 1017 
150150 3512 480 
150200 3551 221 
150250 3565 64 
150300 3567 11 
150350 3544 4 
150400 3554 0 
150450 3557 1 
150500 3542 6 
150550 3547 508 
150600 3545 1172 
150650 3520 1722 
150700 3551 2227 
150750 3541 2667 
150800 3543 3020 
150850 3541 3225 
150900 3519 3319 
150950 3543 3420 
151000 3545 3490 
151050 3319 2179 
151100 3401 1268 
151150 3499 851 
151200 3535 540 
151250 3538 349 
151300 3526 229 
151350 3538 125 
151400 3554 51 
151450 3545 15 
151500 3536 12 
151550 3543 603 
151600 3544 1251 
151650 3556 1807 
151700 3554 2328 
151750 3544 2831 
151800 3553 3169 
151850 3551 3382 
151900 3552 3493 
151950 3544 3521 
152000 3558 3542 
152050 3257 2276 
152100 3383 1278 
152150 3461 796 
152200 3500 426 
152250 3511 189 
152300 3535 72 
152350 3548 26 
152400 3545 6 
152450 3537 4 
152500 3530 5 
152550 3559 6 
152600 3473 368 
152650 3467 1127 
152700 3478 1656 
152750 3516 2184 
152800 3522 2601 
152850 3530 2977 
152900 3538 3196 
152950 3546 3350 
153000 3546 3455 
153050 3242 2274 
153100 3363 1360 
153150 3486 930 
153200 3503 513 
153250 3536 267 
153300 3533 125 
153350 3536 41 
153400 3534 14 
153450 3566 6 
153500 3553 1 
153550 3501 50 
153600 3303 771 
153650 3292 1431 
153700 3320 1918 
153750 3359 2362 
153800 3412 2809 
153850 3442 3113 
153900 3495 3305 
153950 3519 3377 
154000 3528 3449 
154050 3383 1908 
154100 3493 803 
154150 3509 262 
154200 3530 96 
154250 3530 51 
154300 3549 8 
154350 3550 5 
154400 3571 6 
154450 3547 8 
154500 3547 5 
154550 3541 638 
154600 3522 1357 
154650 3531 1869 
154700 3546 2302 
154750 3555 2728 
154800 3550 3027 
154850 3544 3243 
154900 3532 3370 
154950 3532 3428 
155000 3567 3504 
155050 3385 1816 
155100 3482 690 
155150 3529 262 
155200 3532 96 
155250 3539 33 
155300 3541 9 
155350 3547 5 
155400 3535 10 
155450 3537 7 
155500 3560 2 
155550 3517 218 
155600 3538 958 
155650 3550 1528 
155700 3549 2003 
155750 3539 2333 
155800 3543 2628 
155850 3544 2861 
155900 3552 3073 
155950 3542 3218 
156000 3559 3357 
156050 3371 2016 
156100 3496 844 
156150 3526 285 
156200 3562 69 
156250 3551 18 
156300 3574 9 
156350 3551 5 
156400 3561 4 
156450 3547 4 
156500 3543 3 
156550 3519 551 
156600 3501 1400 
156650 3540 2126 
156700 3551 2682 
156750 3540 3000 
156800 3535 3215 
156850 3541 3382 
156900 3548 3493 
156950 3533 3496 
157000 3540 3493 
157050 3390 1883 
157100 3491 695 
157150 3546 179 
157200 3552 40 
157250 3554 7 
157300 3523 4 
157350 3553 2 
157400 3563 2 
157450 3553 3 
157500 3557 3 
157550 3536 475 
157600 3534 1148 
157650 3553 1826 
157700 3546 2340 
157750 3536 2747 
157800 3551 2998 
157850 3543 3173 
157900 3549 3311 
157950 3564 3432 
158000 3529 3465 
158050 3310 2144 
158100 3416 1159 
158150 3486 670 
158200 3537 419 
158250 3523 199 
158300 3541 60 
158350 3542 12 
158400 3535 6 
158450 3562 6 
158500 3537 9 
158550 3550 585 
158600 3557 1265 
158650 3550 1821 
158700 3544 2317 
158750 3538 2740 
158800 3528 3031 
158850 3547 3247 
158900 3533 3364 
158950 3544 3467 
159000 3549 3530 
159050 3312 2177 
159100 3437 1107 
159150 3534 553 
159200 3530 231 
159250 3549 85 
159300 3548 26 
159350 3544 8 
159400 3560 5 
159450 3561 4 
159500 3548 2 
159550 3544 569 
159600 3535 1311 
159650 3551 1857 
159700 3532 2301 
159750 3535 2659 
159800 3541 2944 
159850 3546 3171 
159900 3541 3321 
159950 3545 3425 
160000 3561 3486 
160050 3338 2390 
160100 3434 1452 
160150 3518 951 
160200 3529 500 
160250 3534 202 
160300 3531 54 
160350 3540 9 
160400 3542 3 
160450 3548 6 
160500 3561 2 
160550 3548 428 
160600 3547 1131 
160650 3544 1688 
160700 3527 2124 
160750 3535 2544 
160800 3526 2870 
160850 3539 3105 
160900 3538 3273 
160950 3553 3399 
161000 3559 3496 
161050 3269 2285 
161100 3373 1470 
161150 3505 1006 
161200 3536 591 
161250 3553 295 
161300 3538 102 
161350 3548 32 
161400 3521 9 
161450 3535 4 
161500 3548 3 
161550 3546 12 
161600 3506 677 
161650 3503 1323 
161700 3537 1820 
161750 3548 2283 
161800 3547 2716 
161850 3538 3004 
161900 3551 3212 
161950 3535 3344 
162000 3542 3462 
162050 3315 2097 
162100 3427 1120 
162150 3507 517 
162200 3523 236 
162250 3555 62 
162300 3541 19 
162350 3553 3 
162400 3550 2 
162450 3563 1 
162500 3559 6 
162550 3512 395 
162600 3500 1135 
162650 3507 1703 
162700 3518 2194 
162750 3530 2556 
162800 3529 2847 
162850 3562 3155 
162900 3543 3312 
162950 3556 3421 
163000 3554 3493 
163050 3275 2322 
163100 3361 1499 
163150 3489 1173 
163200 3500 778 
163250 3493 463 
163300 3502 265 
163350 3539 148 
163400 3544 75 
163450 3552 27 
163500 3540 7 
163550 3532 47 
163600 3542 819 
163650 3540 1467 
163700 3550 1954 
163750 3559 2432 
163800 3563 2860 
163850 3555 3137 
163900 3561 3299 
163950 3558 3408 
164000 3546 3484 
164050 3328 2116 
164100 3459 993 
164150 3520 441 
164200 3547 198 
164250 3555 86 
164300 3547 32 
164350 3556 9 
164400 3539 5 
164450 3558 4 
164500 3552 2 
164550 3560 116 
164600 3555 922 
164650 3551 1466 
164700 3555 1997 
164750 3551 2425 
164800 3556 2798 
164850 3556 3052 
164900 3539 3215 
164950 3548 3390 
165000 3531 3447 
165050 3366 2154 
165100 3452 1145 
165150 3526 505 
165200 3531 214 
165250 3548 48 
165300 3547 13 
165350 3543 3 
165400 3548 5 
165450 3561 7 
165500 3553 4 
165550 3541 30 
165600 3497 910 
165650 3498 1526 
165700 3513 2022 
165750 3518 2386 
165800 3518 2706 
165850 3541 3033 
165900 3541 3238 
165950 3552 3362 
166000 3558 3428 
166050 3301 2246 
166100 3366 1414 
166150 3447 955 
166200 3486 649 
166250 3505 387 
166300 3533 202 
166350 3538 86 
166400 3540 22 
166450 3546 4 
166500 3562 7 
166550 3496 57 
166600 3381 677 
166650 3401 1275 
166700 3420 1787 
166750 3462 2228 
166800 3483 2565 
166850 3503 2802 
166900 3545 3058 
166950 3547 3225 
167000 3563 3392 
167050 3243 2360 
167100 3351 1522 
167150 3479 1119 
167200 3482 727 
167250 3498 538 
167300 3500 383 
167350 3514 267 
167400 3527 162 
167450 3549 99 
167500 3547 36 
167550 3556 14 
167600 3524 718 
167650 3539 1429 
167700 3544 2029 
167750 3536 2482 
167800 3548 2849 
167850 3548 3113 
167900 3550 3311 
167950 3541 3438 
168000 3552 3504 
168050 3386 2036 
168100 3456 1060 
168150 3506 504 
168200 3529 240 
168250 3539 82 
168300 3535 23 
168350 3537 7 
168400 3576 11 
168450 3562 10 
168500 3562 3 
168550 3552 282 
168600 3539 1046 
168650 3531 1592 
168700 3525 2093 
168750 3514 2537 
168800 3508 2885 
168850 3518 3106 
168900 3536 3299 
168950 3541 3419 
169000 3548 3506 
169050 3298 2110 
169100 3377 1139 
169150 3467 718 
169200 3521 437 
169250 3505 221 
169300 3533 80 
169350 3540 20 
169400 3550 1 
169450 3542 5 
169500 3550 1 
169550 3550 531 
169600 3555 1333 
169650 3539 1802 
169700 3550 2208 
169750 3518 2491 
169800 3557 2807 
169850 3552 3076 
169900 3541 3280 
169950 3545 3397 
170000 3530 3463 
170050 3364 2048 
170100 3453 1057 
170150 3499 479 
170200 3524 232 
170250 3545 76 
170300 3549 14 
170350 3553 1 
170400 3543 2 
170450 3530 9 
170500 3553 5 
170550 3522 557 
170600 3520 1270 
170650 3537 1922 
170700 3545 2399 
170750 3540 2831 
170800 3533 3120 
170850 3550 3317 
170900 3543 3431 
170950 3546 3494 
171000 3541 3498 
171050 3332 1917 
171100 3437 981 
171150 3495 417 
171200 3543 136 
171250 3557 32 
171300 3559 11 
171350 3557 2 
171400 3561 7 
171450 3550 6 
171500 3565 0 
171550 3555 403 
171600 3548 1216 
171650 3526 1724 
171700 3534 2213 
171750 3543 2579 
171800 3537 2864 
171850 3534 3134 
171900 3543 3342 
171950 3548 3466 
172000 3546 3504 
172050 3383 1925 
172100 3477 893 
172150 3521 291 
172200 3546 72 
172250 3557 17 
172300 3536 11 
172350 3551 1 
172400 3552 0 
172450 3549 6 
172500 3550 6 
172550 3547 420 
172600 3538 1232 
172650 3551 2011 
172700 3537 2588 
172750 3537 3042 
172800 3535 3329 
172850 3530 3448 
172900 3550 3516 
172950 3544 3520 
173000 3548 3515 
173050 3383 1930 
173100 3500 791 
173150 3534 238 
173200 3536 68 
173250 3532 17 
173300 3537 5 
173350 3547 1 
173400 3540 2 
173450 3541 2 
173500 3542 2 
173550 3526 479 
173600 3526 1120 
173650 3532 1656 
173700 3547 2181 
173750 3555 2554 
173800 3545 2901 
173850 3558 3172 
173900 3544 3341 
173950 3559 3439 
174000 3554 3474 
174050 3340 2093 
174100 3420 1093 
174150 3456 557 
174200 3508 305 
174250 3515 115 
174300 3547 39 
174350 3543 15 
174400 3521 5 
174450 3537 4 
174500 3531 3 
174550 3540 424 
174600 3537 1245 
174650 3547 1793 
174700 3538 2231 
174750 3556 2597 
174800 3551 2897 
174850 3559 3142 
174900 3534 3294 
174950 3537 3386 
175000 3555 3472 
175050 3385 1909 
175100 3478 788 
175150 3507 269 
175200 3538 71 
175250 3545 30 
175300 3561 10 
175350 3556 8 
175400 3543 7 
175450 3555 6 
175500 3544 7 
175550 3549 470 
175600 3545 1236 
175650 3543 1872 
175700 3542 2376 
175750 3527 2826 
175800 3542 3118 
175850 3534 3277 
175900 3552 3409 
175950 3551 3484 
176000 3550 3521 
176050 3393 2001 
176100 3491 917 
176150 3541 388 
176200 3552 142 
176250 3547 44 
176300 3559 6 
176350 3571 2 
176400 3539 4 
176450 3558 5 
176500 3545 3 
176550 3542 606 
176600 3539 1374 
176650 3539 1948 
176700 3543 2420 
176750 3550 2751 
176800 3542 3013 
176850 3547 3237 
176900 3547 3409 
176950 3549 3489 
177000 3550 3508 
177050 3378 1863 
177100 3474 789 
177150 3530 316 
177200 3551 118 
177250 3543 47 
177300 3549 21 
177350 3550 2 
177400 3555 8 
177450 3542 4 
177500 3546 10 
177550 3540 556 
177600 3527 1273 
177650 3550 1863 
177700 3538 2317 
177750 3549 2704 
177800 3533 2987 
177850 3545 3190 
177900 3544 3297 
177950 3558 3394 
178000 3564 3487 
178050 3366 1996 
178100 3483 865 
178150 3497 339 
178200 3527 131 
178250 3531 74 
178300 3544 18 
178350 3541 10 
178400 3544 6 
178450 3562 10 
178500 3553 5 
178550 3547 554 
178600 3541 1205 
178650 3551 1754 
178700 3532 2255 
178750 3525 2720 
178800 3531 3050 
178850 3563 3311 
178900 3539 3412 
178950 3547 3478 
179000 3538 3504 
179050 3374 1933 
179100 3466 841 
179150 3494 329 
179200 3528 147 
179250 3544 71 
179300 3558 27 
179350 3542 10 
179400 3552 2 
179450 3548 7 
179500 3552 5 
179550 3547 454 
179600 3534 1119 
179650 3548 1681 
179700 3562 2201 
179750 3549 2606 
179800 3551 3028 
179850 3561 3322 
179900 3543 3441 
179950 3552 3511 
180000 3534 3513 
180050 3273 2105 
180100 3394 1093 
180150 3493 582 
180200 3528 298 
180250 3518 126 
180300 3527 66 
180350 3543 22 
180400 3550 10 
180450 3562 10 
180500 3555 3 
180550 3562 637 
180600 3556 1344 
180650 3567 1908 
180700 3566 2404 
180750 3560 2770 
180800 3558 3106 
180850 3553 3272 
180900 3550 3376 
180950 3554 3468 
181000 3542 3503 
181050 3279 2238 
181100 3388 1318 
181150 3494 873 
181200 3489 518 
181250 3490 290 
181300 3536 121 
181350 3559 38 
181400 3552 9 
181450 3547 4 
181500 3558 3 
181550 3549 635 
181600 3545 1321 
181650 3553 1814 
181700 3543 2267 
181750 3553 2712 
181800 3543 3029 
181850 3549 3300 
181900 3538 3406 
181950 3550 3474 
182000 3553 3534 
182050 3296 2100 
182100 3423 981 
182150 3504 401 
182200 3519 138 
182250 3532 24 
182300 3528 12 
182350 3544 1 
182400 3534 4 
182450 3543 3 
182500 3555 2 
182550 3533 701 
182600 3542 1454 
182650 3543 2007 
182700 3544 2405 
182750 3541 2728 
182800 3540 2968 
182850 3550 3215 
182900 3548 3364 
182950 3535 3443 
183000 3552 3515 
183050 3330 2115 
183100 3418 1090 
183150 3512 537 
183200 3539 272 
183250 3539 116 
183300 3534 28 
183350 3544 6 
183400 3546 5 
183450 3551 1 
183500 3536 6 
183550 3554 96 
183600 3564 1061 
183650 3557 1698 
183700 3544 2189 
183750 3558 2584 
183800 3559 2871 
183850 3541 3070 
183900 3538 3294 
183950 3533 3403 
184000 3561 3492 
184050 3310 2206 
184100 3402 1226 
184150 3520 714 
184200 3523 359 
184250 3542 114 
184300 3557 35 
184350 3537 16 
184400 3546 4 
184450 3536 5 
184500 3545 7 
184550 3561 428 
184600 3561 1151 
184650 3556 1757 
184700 3549 2205 
184750 3549 2614 
184800 3548 2923 
184850 3544 3136 
184900 3569 3329 
184950 3553 3434 
185000 3564 3479 
185050 3349 2074 
185100 3425 985 
185150 3492 436 
185200 3540 144 
185250 3535 38 
185300 3556 8 
185350 3546 2 
185400 3547 6 
185450 3568 2 
185500 3557 7 
185550 3553 154 
185600 3555 933 
185650 3552 1518 
185700 3551 2100 
185750 3555 2586 
185800 3556 2973 
185850 3548 3242 
185900 3568 3453 
185950 3546 3510 
186000 3549 3536 
186050 3273 2219 
186100 3398 1362 
186150 3504 866 
186200 3537 464 
186250 3532 231 
186300 3547 78 
186350 3538 21 
186400 3549 3 
186450 3539 6 
186500 3554 9 
186550 3557 445 
186600 3550 1248 
186650 3547 1835 
186700 3557 2329 
186750 3544 2701 
186800 3543 2943 
186850 3537 3161 
186900 3554 3361 
186950 3567 3498 
187000 3521 3488 
187050 3348 1937 
187100 3477 875 
187150 3506 327 
187200 3536 153 
187250 3540 86 
187300 3533 24 
187350 3557 5 
187400 3547 5 
187450 3540 7 
187500 3551 7 
187550 3555 368 
187600 3543 1058 
187650 3555 1693 
187700 3562 2218 
187750 3563 2651 
187800 3555 2997 
187850 3545 3210 
187900 3522 3340 
187950 3541 3463 
188000 3541 3496 
188050 3335 2053 
188100 3446 961 
188150 3519 432 
188200 3527 178 
188250 3559 51 
188300 3551 15 
188350 3539 5 
188400 3550 7 
188450 3538 9 
188500 3546 10 
188550 3552 25 
188600 3313 250 
188650 3196 1108 
188700 3179 1684 
188750 3232 2099 
188800 3263 2497 
188850 3301 2903 
188900 3361 3174 
188950 3408 3341 
189000 3478 3441 
189050 3380 1986 
189100 3449 834 
189150 3510 296 
189200 3538 95 
189250 3539 35 
189300 3533 15 
189350 3559 6 
189400 3546 3 
189450 3555 5 
189500 3530 7 
189550 3553 567 
189600 3547 1371 
189650 3546 1974 
189700 3543 2504 
189750 3554 2902 
189800 3538 3147 
189850 3552 3295 
189900 3562 3425 
189950 3562 3507 
190000 3542 3524 
190050 3269 2297 
190100 3425 1200 
190150 3515 677 
190200 3527 313 
190250 3525 152 
190300 3527 61 
190350 3539 28 
190400 3546 14 
190450 3544 20 
190500 3547 9 
190550 3556 189 
190600 3559 997 
190650 3561 1625 
190700 3561 2277 
190750 3554 2705 
190800 3554 3017 
190850 3538 3193 
190900 3545 3347 
190950 3555 3460 
191000 3552 3524 
191050 3310 2204 
191100 3406 1217 
191150 3490 644 
191200 3518 314 
191250 3515 115 
191300 3527 47 
191350 3550 14 
191400 3547 10 
191450 3550 2 
191500 3554 5 
191550 3531 373 
191600 3527 1074 
191650 3495 1618 
191700 3519 2095 
191750 3524 2531 
191800 3528 2858 
191850 3549 3081 
191900 3547 3234 
191950 3544 3365 
192000 3540 3449 
192050 3293 2180 
192100 3395 1194 
192150 3496 776 
192200 3540 464 
192250 3543 262 
192300 3534 101 
192350 3532 31 
192400 3517 9 
192450 3559 2 
192500 3534 10 
192550 3531 621 
192600 3538 1228 
192650 3546 1776 
192700 3538 2248 
192750 3542 2663 
192800 3537 2995 
192850 3543 3191 
192900 3539 3355 
192950 3545 3443 
193000 3561 3509 
193050 3358 2125 
193100 3432 1162 
193150 3480 631 
193200 3528 365 
193250 3546 167 
193300 3542 59 
193350 3565 26 
193400 3553 5 
193450 3524 15 
193500 3544 2 
193550 3545 608 
193600 3547 1355 
193650 3549 1943 
193700 3556 2429 
193750 3544 2777 
193800 3550 3038 
193850 3544 3202 
193900 3528 3317 
193950 3550 3414 
194000 3550 3470 
194050 3340 2065 
194100 3446 1029 
194150 3499 462 
194200 3521 208 
194250 3553 67 
194300 3529 20 
194350 3544 3 
194400 3546 2 
194450 3538 12 
194500 3569 5 
194550 3573 465 
194600 3543 1126 
194650 3551 1716 
194700 3540 2142 
194750 3545 2581 
194800 3556 2940 
194850 3559 3174 
194900 3541 3304 
194950 3545 3397 
195000 3562 3483 
195050 3322 2181 
195100 3451 1134 
195150 3510 558 
195200 3533 280 
195250 3570 89 
195300 3538 24 
195350 3541 9 
195400 3560 6 
195450 3556 14 
195500 3553 10 
195550 3553 814 
195600 3548 1518 
195650 3541 2039 
195700 3545 2473 
195750 3530 2765 
195800 3541 3049 
195850 3532 3244 
195900 3541 3406 
195950 3534 3481 
196000 3548 3528 
196050 3294 2164 
196100 3403 1150 
196150 3508 648 
196200 3528 314 
196250 3550 141 
196300 3542 61 
196350 3561 27 
196400 3551 3 
196450 3550 6 
196500 3549 2 
196550 3555 602 
196600 3534 1425 
196650 3536 2125 
196700 3546 2707 
196750 3542 3085 
196800 3542 3299 
196850 3529 3424 
196900 3526 3476 
196950 3546 3521 
197000 3552 3529 
197050 3311 2086 
197100 3406 1101 
197150 3487 618 
197200 3512 339 
197250 3534 156 
197300 3544 46 
197350 3542 7 
197400 3541 4 
197450 3547 5 
197500 3559 9 
197550 3555 499 
197600 3547 1164 
197650 3546 1722 
197700 3552 2202 
197750 3534 2592 
197800 3531 2921 
197850 3538 3176 
197900 3544 3351 
197950 3544 3436 
198000 3557 3528 
198050 3369 2086 
198100 3476 924 
198150 3524 278 
198200 3530 74 
198250 3547 17 
198300 3547 5 
198350 3529 6 
198400 3552 1 
198450 3554 5 
198500 3547 2 
198550 3535 602 
198600 3540 1253 
198650 3542 1784 
198700 3545 2270 
198750 3561 2757 
198800 3555 3063 
198850 3551 3225 
198900 3544 3344 
198950 3538 3434 
199000 3560 3512 
199050 3365 2018 
199100 3474 887 
199150 3514 342 
199200 3536 114 
199250 3541 30 
199300 3555 14 
199350 3534 12 
199400 3559 11 
199450 3547 5 
199500 3538 9 
199550 3537 634 
199600 3546 1508 
199650 3555 2147 
199700 3545 2627 
199750 3560 3041 
199800 3544 3305 
199850 3565 3489 
199900 3538 3501 
199950 3539 3527 
200000 3552 3544 
