# Avida tasks data
# Sat Apr  7 01:43:12 2012
# First column gives the current update, next columns give the number
# of organisms that have the particular task as a component of their merit
#  1: Update
#  2: Xor
#  3: Equals

0 0 0 
50 7 7 
100 38 38 
150 116 116 
200 246 248 
250 458 459 
300 693 693 
350 974 972 
400 1324 1323 
450 1759 1762 
500 2220 2214 
550 2728 2728 
600 3232 3232 
650 3462 3460 
700 3551 3551 
750 3552 3554 
800 3525 3527 
850 3528 3527 
900 3544 3545 
950 3525 3526 
1000 3537 3535 
1050 3546 3539 
1100 3552 3546 
1150 3546 3545 
1200 3530 3532 
1250 3554 3555 
1300 3527 3529 
1350 3545 3541 
1400 3528 3521 
1450 3530 3527 
1500 3546 3546 
1550 3558 3556 
1600 3554 3548 
1650 3554 3555 
1700 3523 3527 
1750 3556 3556 
1800 3560 3563 
1850 3551 3542 
1900 3542 3540 
1950 3538 3539 
2000 3544 3544 
2050 3551 3556 
2100 3548 3548 
2150 3540 3540 
2200 3535 3536 
2250 3537 3537 
2300 3544 3544 
2350 3547 3547 
2400 3540 3540 
2450 3540 3544 
2500 3546 3543 
2550 3535 3535 
2600 3542 3545 
2650 3553 3554 
2700 3550 3555 
2750 3553 3555 
2800 3550 3553 
2850 3546 3539 
2900 3552 3552 
2950 3550 3546 
3000 3536 3538 
3050 3542 3543 
3100 3532 3534 
3150 3543 3543 
3200 3551 3551 
3250 3553 3551 
3300 3541 3536 
3350 3529 3527 
3400 3548 3552 
3450 3543 3544 
3500 3540 3541 
3550 3547 3552 
3600 3539 3545 
3650 3559 3552 
3700 3541 3541 
3750 3559 3559 
3800 3538 3536 
3850 3549 3548 
3900 3547 3544 
3950 3548 3548 
4000 3540 3540 
4050 3533 3537 
4100 3529 3535 
4150 3554 3559 
4200 3556 3547 
4250 3538 3538 
4300 3544 3548 
4350 3557 3547 
4400 3522 3528 
4450 3546 3549 
4500 3553 3553 
4550 3538 3545 
4600 3550 3555 
4650 3552 3547 
4700 3530 3533 
4750 3537 3535 
4800 3532 3537 
4850 3546 3542 
4900 3554 3556 
4950 3558 3555 
5000 3546 3553 
5050 3565 3568 
5100 3542 3543 
5150 3553 3552 
5200 3535 3534 
5250 3538 3544 
5300 3541 3542 
5350 3553 3557 
5400 3544 3541 
5450 3543 3545 
5500 3558 3558 
5550 3539 3548 
5600 3538 3535 
5650 3551 3550 
5700 3541 3542 
5750 3549 3546 
5800 3555 3554 
5850 3544 3544 
5900 3535 3535 
5950 3539 3533 
6000 3527 3533 
6050 3559 3558 
6100 3562 3560 
6150 3541 3537 
6200 3534 3537 
6250 3541 3546 
6300 3546 3555 
6350 3540 3544 
6400 3543 3545 
6450 3533 3532 
6500 3533 3530 
6550 3551 3555 
6600 3552 3556 
6650 3556 3551 
6700 3548 3544 
6750 3547 3550 
6800 3547 3546 
6850 3548 3545 
6900 3553 3548 
6950 3556 3550 
7000 3544 3535 
7050 3537 3537 
7100 3544 3540 
7150 3545 3550 
7200 3544 3546 
7250 3543 3544 
7300 3530 3528 
7350 3531 3529 
7400 3527 3530 
7450 3523 3521 
7500 3535 3538 
7550 3546 3549 
7600 3543 3541 
7650 3534 3533 
7700 3544 3538 
7750 3543 3542 
7800 3553 3552 
7850 3550 3550 
7900 3555 3559 
7950 3554 3560 
8000 3549 3551 
8050 3546 3545 
8100 3542 3542 
8150 3550 3549 
8200 3539 3534 
8250 3559 3551 
8300 3556 3552 
8350 3540 3539 
8400 3539 3543 
8450 3537 3544 
8500 3528 3524 
8550 3535 3535 
8600 3565 3557 
8650 3567 3561 
8700 3555 3552 
8750 3541 3537 
8800 3548 3548 
8850 3553 3551 
8900 3549 3552 
8950 3538 3539 
9000 3546 3551 
9050 3560 3558 
9100 3542 3542 
9150 3540 3539 
9200 3539 3533 
9250 3546 3543 
9300 3540 3537 
9350 3548 3542 
9400 3547 3546 
9450 3528 3530 
9500 3541 3542 
9550 3551 3553 
9600 3526 3532 
9650 3549 3550 
9700 3561 3556 
9750 3536 3537 
9800 3538 3539 
9850 3533 3530 
9900 3548 3545 
9950 3547 3547 
10000 3539 3539 
10050 3535 3528 
10100 3533 3534 
10150 3525 3528 
10200 3543 3541 
10250 3538 3530 
10300 3555 3548 
10350 3556 3556 
10400 3551 3549 
10450 3544 3537 
10500 3557 3554 
10550 3546 3549 
10600 3546 3545 
10650 3527 3523 
10700 3553 3551 
10750 3535 3537 
10800 3547 3548 
10850 3551 3544 
10900 3543 3538 
10950 3560 3555 
11000 3538 3533 
11050 3553 3547 
11100 3541 3538 
11150 3532 3535 
11200 3560 3568 
11250 3527 3527 
11300 3547 3546 
11350 3552 3549 
11400 3541 3540 
11450 3545 3546 
11500 3566 3560 
11550 3546 3547 
11600 3549 3543 
11650 3535 3538 
11700 3551 3552 
11750 3560 3558 
11800 3551 3552 
11850 3555 3555 
11900 3551 3550 
11950 3545 3545 
12000 3552 3548 
12050 3514 3515 
12100 3568 3556 
12150 3554 3551 
12200 3552 3551 
12250 3561 3560 
12300 3559 3560 
12350 3557 3553 
12400 3563 3563 
12450 3542 3543 
12500 3561 3562 
12550 3566 3563 
12600 3545 3554 
12650 3557 3557 
12700 3533 3535 
12750 3559 3556 
12800 3546 3543 
12850 3544 3540 
12900 3548 3546 
12950 3560 3559 
13000 3554 3547 
13050 3560 3558 
13100 3545 3544 
13150 3556 3557 
13200 3551 3549 
13250 3545 3545 
13300 3555 3554 
13350 3531 3529 
13400 3547 3549 
13450 3552 3553 
13500 3541 3540 
13550 3554 3550 
13600 3548 3548 
13650 3556 3555 
13700 3563 3567 
13750 3558 3558 
13800 3543 3540 
13850 3553 3546 
13900 3544 3548 
13950 3548 3542 
14000 3549 3552 
14050 3550 3554 
14100 3550 3554 
14150 3544 3541 
14200 3535 3533 
14250 3546 3551 
14300 3539 3535 
14350 3541 3539 
14400 3559 3563 
14450 3547 3550 
14500 3552 3552 
14550 3559 3558 
14600 3545 3554 
14650 3562 3559 
14700 3559 3559 
14750 3560 3557 
14800 3556 3554 
14850 3549 3547 
14900 3548 3547 
14950 3554 3553 
15000 3534 3535 
15050 3540 3536 
15100 3546 3552 
15150 3549 3547 
15200 3530 3532 
15250 3550 3551 
15300 3553 3551 
15350 3548 3545 
15400 3547 3547 
15450 3543 3545 
15500 3562 3561 
15550 3545 3545 
15600 3560 3557 
15650 3536 3535 
15700 3553 3553 
15750 3548 3548 
15800 3559 3562 
15850 3547 3554 
15900 3564 3568 
15950 3559 3556 
16000 3556 3553 
16050 3545 3542 
16100 3532 3533 
16150 3562 3562 
16200 3549 3550 
16250 3533 3534 
16300 3537 3536 
16350 3545 3541 
16400 3546 3544 
16450 3562 3558 
16500 3546 3548 
16550 3565 3561 
16600 3540 3533 
16650 3531 3535 
16700 3545 3545 
16750 3547 3552 
16800 3542 3538 
16850 3561 3553 
16900 3559 3557 
16950 3558 3557 
17000 3539 3542 
17050 3558 3557 
17100 3551 3549 
17150 3530 3526 
17200 3550 3543 
17250 3560 3560 
17300 3544 3536 
17350 3539 3537 
17400 3545 3547 
17450 3551 3553 
17500 3554 3554 
17550 3555 3552 
17600 3560 3564 
17650 3542 3547 
17700 3542 3551 
17750 3545 3543 
17800 3553 3553 
17850 3560 3564 
17900 3552 3547 
17950 3561 3549 
18000 3554 3557 
18050 3546 3542 
18100 3551 3556 
18150 3551 3552 
18200 3545 3545 
18250 3550 3554 
18300 3548 3549 
18350 3550 3546 
18400 3550 3548 
18450 3554 3550 
18500 3561 3555 
18550 3553 3554 
18600 3555 3556 
18650 3549 3550 
18700 3558 3555 
18750 3539 3540 
18800 3554 3554 
18850 3531 3531 
18900 3554 3551 
18950 3553 3554 
19000 3555 3558 
19050 3550 3546 
19100 3550 3552 
19150 3552 3553 
19200 3558 3561 
19250 3547 3550 
19300 3543 3546 
19350 3553 3552 
19400 3556 3551 
19450 3548 3555 
19500 3551 3546 
19550 3547 3539 
19600 3550 3553 
19650 3546 3543 
19700 3541 3540 
19750 3537 3538 
19800 3544 3548 
19850 3553 3559 
19900 3545 3547 
19950 3550 3554 
20000 3549 3544 
20050 3557 3562 
20100 3552 3547 
20150 3542 3541 
20200 3549 3546 
20250 3550 3550 
20300 3547 3543 
20350 3554 3547 
20400 3554 3553 
20450 3553 3547 
20500 3559 3561 
20550 3550 3552 
20600 3554 3546 
20650 3552 3549 
20700 3550 3549 
20750 3554 3558 
20800 3556 3555 
20850 3545 3549 
20900 3551 3551 
20950 3547 3547 
21000 3551 3546 
21050 3554 3548 
21100 3556 3550 
21150 3565 3567 
21200 3557 3553 
21250 3550 3548 
21300 3549 3553 
21350 3548 3544 
21400 3556 3555 
21450 3552 3548 
21500 3553 3552 
21550 3549 3551 
21600 3563 3560 
21650 3558 3553 
21700 3541 3539 
21750 3555 3555 
21800 3555 3554 
21850 3541 3536 
21900 3552 3551 
21950 3552 3551 
22000 3560 3562 
22050 3560 3562 
22100 3540 3541 
22150 3546 3542 
22200 3544 3548 
22250 3553 3553 
22300 3554 3557 
22350 3556 3554 
22400 3549 3545 
22450 3551 3552 
22500 3562 3561 
22550 3563 3568 
22600 3548 3543 
22650 3556 3560 
22700 3551 3555 
22750 3567 3572 
22800 3550 3550 
22850 3543 3541 
22900 3546 3547 
22950 3566 3564 
23000 3564 3562 
23050 3546 3547 
23100 3551 3544 
23150 3562 3556 
23200 3555 3551 
23250 3560 3557 
23300 3547 3551 
23350 3552 3555 
23400 3541 3538 
23450 3539 3537 
23500 3554 3553 
23550 3559 3563 
23600 3560 3559 
23650 3549 3553 
23700 3549 3554 
23750 3555 3559 
23800 3533 3533 
23850 3562 3558 
23900 3546 3550 
23950 3551 3548 
24000 3550 3549 
24050 3551 3552 
24100 3559 3558 
24150 3544 3541 
24200 3553 3551 
24250 3559 3554 
24300 3568 3571 
24350 3545 3546 
24400 3554 3555 
24450 3523 3526 
24500 3555 3559 
24550 3557 3552 
24600 3552 3556 
24650 3555 3557 
24700 3559 3557 
24750 3546 3555 
24800 3557 3552 
24850 3562 3559 
24900 3542 3544 
24950 3552 3550 
25000 3544 3548 
25050 3537 3535 
25100 3554 3554 
25150 3550 3555 
25200 3559 3560 
25250 3549 3550 
25300 3544 3531 
25350 3561 3563 
25400 3534 3528 
25450 3545 3547 
25500 3550 3551 
25550 3531 3539 
25600 3558 3558 
25650 3535 3535 
25700 3546 3537 
25750 3542 3544 
25800 3545 3541 
25850 3566 3564 
25900 3559 3551 
25950 3555 3557 
26000 3551 3550 
26050 3546 3544 
26100 3542 3540 
26150 3555 3557 
26200 3551 3551 
26250 3562 3561 
26300 3546 3545 
26350 3546 3551 
26400 3543 3539 
26450 3563 3563 
26500 3556 3552 
26550 3559 3556 
26600 3552 3556 
26650 3540 3538 
26700 3552 3556 
26750 3556 3552 
26800 3545 3546 
26850 3556 3556 
26900 3549 3555 
26950 3542 3544 
27000 3540 3542 
27050 3559 3562 
27100 3535 3542 
27150 3547 3550 
27200 3552 3549 
27250 3550 3546 
27300 3571 3577 
27350 3544 3540 
27400 3533 3535 
27450 3530 3528 
27500 3547 3547 
27550 3555 3559 
27600 3552 3554 
27650 3555 3559 
27700 3551 3552 
27750 3566 3561 
27800 3551 3544 
27850 3549 3550 
27900 3554 3559 
27950 3571 3569 
28000 3557 3557 
28050 3558 3553 
28100 3550 3553 
28150 3555 3552 
28200 3551 3556 
28250 3567 3567 
28300 3548 3553 
28350 3555 3547 
28400 3550 3554 
28450 3554 3550 
28500 3542 3536 
28550 3555 3556 
28600 3550 3548 
28650 3545 3541 
28700 3550 3555 
28750 3545 3546 
28800 3538 3535 
28850 3566 3563 
28900 3548 3552 
28950 3551 3550 
29000 3546 3550 
29050 3556 3554 
29100 3566 3565 
29150 3551 3552 
29200 3557 3560 
29250 3556 3555 
29300 3545 3542 
29350 3540 3545 
29400 3554 3556 
29450 3549 3555 
29500 3540 3536 
29550 3542 3534 
29600 3536 3534 
29650 3559 3556 
29700 3558 3557 
29750 3546 3550 
29800 3549 3542 
29850 3554 3554 
29900 3572 3572 
29950 3550 3547 
30000 3549 3551 
30050 3546 3544 
30100 3552 3549 
30150 3554 3552 
30200 3564 3559 
30250 3554 3557 
30300 3542 3542 
30350 3558 3555 
30400 3545 3544 
30450 3553 3552 
30500 3560 3555 
30550 3542 3546 
30600 3545 3550 
30650 3543 3536 
30700 3555 3552 
30750 3543 3543 
30800 3537 3538 
30850 3564 3561 
30900 3557 3558 
30950 3545 3549 
31000 3545 3549 
31050 3547 3545 
31100 3551 3553 
31150 3547 3554 
31200 3545 3547 
31250 3564 3558 
31300 3544 3539 
31350 3556 3550 
31400 3556 3549 
31450 3563 3557 
31500 3544 3546 
31550 3554 3557 
31600 3574 3573 
31650 3556 3552 
31700 3554 3552 
31750 3556 3558 
31800 3550 3548 
31850 3551 3552 
31900 3545 3554 
31950 3553 3543 
32000 3549 3552 
32050 3542 3541 
32100 3539 3545 
32150 3555 3558 
32200 3530 3538 
32250 3549 3548 
32300 3551 3555 
32350 3527 3533 
32400 3539 3539 
32450 3557 3559 
32500 3542 3537 
32550 3563 3561 
32600 3553 3551 
32650 3550 3557 
32700 3553 3557 
32750 3544 3546 
32800 3550 3554 
32850 3550 3548 
32900 3562 3558 
32950 3549 3548 
33000 3547 3547 
33050 3532 3535 
33100 3557 3554 
33150 3560 3561 
33200 3558 3558 
33250 3555 3553 
33300 3552 3551 
33350 3558 3565 
33400 3536 3538 
33450 3564 3570 
33500 3554 3553 
33550 3565 3562 
33600 3557 3558 
33650 3551 3546 
33700 3562 3559 
33750 3543 3551 
33800 3567 3565 
33850 3575 3572 
33900 3554 3551 
33950 3542 3538 
34000 3548 3548 
34050 3550 3547 
34100 3550 3545 
34150 3549 3547 
34200 3549 3545 
34250 3538 3534 
34300 3553 3551 
34350 3551 3551 
34400 3544 3545 
34450 3539 3532 
34500 3553 3548 
34550 3547 3552 
34600 3543 3540 
34650 3552 3551 
34700 3556 3552 
34750 3543 3548 
34800 3547 3547 
34850 3549 3549 
34900 3549 3545 
34950 3535 3536 
35000 3556 3553 
35050 3546 3542 
35100 3547 3543 
35150 3547 3542 
35200 3551 3551 
35250 3553 3552 
35300 3559 3551 
35350 3547 3545 
35400 3553 3548 
35450 3554 3547 
35500 3538 3540 
35550 3534 3538 
35600 3541 3541 
35650 3555 3555 
35700 3559 3560 
35750 3536 3539 
35800 3553 3548 
35850 3558 3560 
35900 3554 3560 
35950 3563 3559 
36000 3556 3553 
36050 3562 3562 
36100 3547 3547 
36150 3558 3553 
36200 3555 3555 
36250 3540 3546 
36300 3536 3539 
36350 3540 3544 
36400 3542 3547 
36450 3548 3552 
36500 3543 3546 
36550 3544 3540 
36600 3541 3530 
36650 3552 3550 
36700 3557 3558 
36750 3545 3549 
36800 3546 3546 
36850 3540 3542 
36900 3556 3563 
36950 3564 3558 
37000 3546 3544 
37050 3553 3549 
37100 3541 3543 
37150 3525 3532 
37200 3553 3556 
37250 3548 3543 
37300 3541 3544 
37350 3549 3547 
37400 3545 3545 
37450 3553 3548 
37500 3559 3555 
37550 3542 3542 
37600 3558 3551 
37650 3559 3552 
37700 3541 3542 
37750 3539 3533 
37800 3548 3548 
37850 3553 3544 
37900 3544 3543 
37950 3548 3557 
38000 3556 3550 
38050 3544 3538 
38100 3547 3543 
38150 3542 3537 
38200 3536 3536 
38250 3556 3553 
38300 3557 3553 
38350 3542 3545 
38400 3549 3544 
38450 3545 3539 
38500 3550 3542 
38550 3541 3541 
38600 3555 3551 
38650 3540 3539 
38700 3535 3534 
38750 3549 3544 
38800 3533 3540 
38850 3561 3558 
38900 3537 3532 
38950 3554 3554 
39000 3547 3554 
39050 3558 3551 
39100 3548 3547 
39150 3551 3549 
39200 3558 3565 
39250 3537 3549 
39300 3547 3550 
39350 3554 3555 
39400 3541 3543 
39450 3557 3558 
39500 3552 3548 
39550 3544 3538 
39600 3551 3550 
39650 3555 3553 
39700 3550 3545 
39750 3552 3556 
39800 3537 3536 
39850 3546 3550 
39900 3551 3548 
39950 3550 3549 
40000 3553 3560 
40050 3538 3546 
40100 3552 3558 
40150 3559 3559 
40200 3559 3558 
40250 3534 3539 
40300 3548 3548 
40350 3561 3557 
40400 3552 3550 
40450 3554 3554 
40500 3547 3542 
40550 3531 3529 
40600 3556 3551 
40650 3562 3555 
40700 3552 3555 
40750 3560 3555 
40800 3552 3548 
40850 3560 3559 
40900 3555 3558 
40950 3551 3550 
41000 3539 3537 
41050 3551 3549 
41100 3553 3557 
41150 3544 3549 
41200 3545 3548 
41250 3548 3548 
41300 3553 3557 
41350 3554 3554 
41400 3548 3552 
41450 3560 3561 
41500 3556 3558 
41550 3517 3520 
41600 3556 3549 
41650 3546 3538 
41700 3552 3551 
41750 3544 3543 
41800 3550 3550 
41850 3554 3549 
41900 3542 3544 
41950 3555 3557 
42000 3527 3523 
42050 3535 3538 
42100 3541 3546 
42150 3542 3550 
42200 3559 3561 
42250 3556 3552 
42300 3562 3561 
42350 3546 3548 
42400 3551 3544 
42450 3553 3555 
42500 3551 3552 
42550 3565 3562 
42600 3551 3556 
42650 3532 3533 
42700 3558 3559 
42750 3543 3553 
42800 3557 3561 
42850 3541 3543 
42900 3545 3548 
42950 3558 3556 
43000 3553 3552 
43050 3558 3558 
43100 3547 3539 
43150 3544 3543 
43200 3546 3554 
43250 3557 3559 
43300 3550 3552 
43350 3556 3548 
43400 3549 3546 
43450 3561 3563 
43500 3551 3561 
43550 3530 3539 
43600 3541 3538 
43650 3553 3554 
43700 3551 3551 
43750 3566 3562 
43800 3546 3550 
43850 3562 3564 
43900 3563 3564 
43950 3553 3548 
44000 3543 3550 
44050 3552 3556 
44100 3553 3553 
44150 3563 3560 
44200 3552 3552 
44250 3543 3544 
44300 3551 3556 
44350 3568 3568 
44400 3555 3549 
44450 3551 3552 
44500 3552 3560 
44550 3566 3567 
44600 3568 3561 
44650 3551 3547 
44700 3549 3547 
44750 3550 3546 
44800 3542 3550 
44850 3532 3528 
44900 3546 3552 
44950 3551 3556 
45000 3555 3555 
45050 3539 3540 
45100 3553 3546 
45150 3560 3557 
45200 3544 3553 
45250 3555 3549 
45300 3536 3537 
45350 3544 3543 
45400 3554 3549 
45450 3543 3543 
45500 3545 3546 
45550 3543 3543 
45600 3550 3553 
45650 3550 3548 
45700 3546 3547 
45750 3558 3556 
45800 3555 3552 
45850 3555 3552 
45900 3550 3543 
45950 3562 3561 
46000 3537 3536 
46050 3551 3554 
46100 3551 3555 
46150 3559 3560 
46200 3544 3544 
46250 3553 3556 
46300 3566 3566 
46350 3558 3564 
46400 3547 3547 
46450 3545 3549 
46500 3552 3556 
46550 3543 3540 
46600 3554 3556 
46650 3554 3556 
46700 3538 3537 
46750 3554 3548 
46800 3544 3536 
46850 3550 3549 
46900 3532 3527 
46950 3549 3555 
47000 3557 3555 
47050 3548 3549 
47100 3555 3554 
47150 3556 3555 
47200 3550 3547 
47250 3555 3550 
47300 3541 3530 
47350 3555 3557 
47400 3549 3550 
47450 3549 3552 
47500 3544 3546 
47550 3551 3556 
47600 3547 3553 
47650 3538 3537 
47700 3560 3558 
47750 3547 3550 
47800 3557 3553 
47850 3563 3561 
47900 3550 3555 
47950 3533 3532 
48000 3536 3537 
48050 3537 3535 
48100 3547 3544 
48150 3537 3539 
48200 3554 3551 
48250 3546 3547 
48300 3531 3539 
48350 3529 3525 
48400 3543 3545 
48450 3543 3541 
48500 3561 3562 
48550 3553 3555 
48600 3566 3564 
48650 3562 3553 
48700 3542 3540 
48750 3545 3549 
48800 3549 3551 
48850 3553 3547 
48900 3554 3556 
48950 3556 3556 
49000 3554 3548 
49050 3547 3546 
49100 3551 3549 
49150 3543 3546 
49200 3555 3555 
49250 3561 3562 
49300 3552 3558 
49350 3557 3559 
49400 3549 3556 
49450 3560 3563 
49500 3554 3554 
49550 3542 3539 
49600 3562 3560 
49650 3554 3553 
49700 3549 3546 
49750 3557 3556 
49800 3548 3542 
49850 3542 3540 
49900 3534 3533 
49950 3558 3559 
50000 3544 3543 
50050 3551 3553 
50100 3538 3544 
50150 3547 3544 
50200 3548 3552 
50250 3550 3555 
50300 3557 3560 
50350 3560 3559 
50400 3554 3551 
50450 3559 3565 
50500 3547 3548 
50550 3549 3548 
50600 3550 3551 
50650 3564 3563 
50700 3553 3554 
50750 3565 3564 
50800 3565 3558 
50850 3556 3560 
50900 3547 3543 
50950 3552 3557 
51000 3542 3546 
51050 3549 3549 
51100 3551 3553 
51150 3545 3543 
51200 3555 3556 
51250 3544 3545 
51300 3552 3548 
51350 3554 3551 
51400 3544 3543 
51450 3554 3553 
51500 3554 3547 
51550 3540 3541 
51600 3551 3552 
51650 3551 3550 
51700 3549 3545 
51750 3545 3544 
51800 3533 3535 
51850 3550 3552 
51900 3536 3531 
51950 3547 3547 
52000 3563 3563 
52050 3552 3553 
52100 3549 3559 
52150 3547 3551 
52200 3551 3552 
52250 3546 3545 
52300 3561 3555 
52350 3557 3564 
52400 3546 3543 
52450 3541 3547 
52500 3533 3538 
52550 3543 3551 
52600 3567 3573 
52650 3540 3542 
52700 3566 3567 
52750 3563 3559 
52800 3541 3533 
52850 3547 3539 
52900 3548 3552 
52950 3561 3557 
53000 3553 3553 
53050 3545 3548 
53100 3552 3559 
53150 3552 3556 
53200 3554 3557 
53250 3542 3550 
53300 3557 3549 
53350 3554 3558 
53400 3544 3553 
53450 3554 3555 
53500 3546 3533 
53550 3557 3560 
53600 3536 3539 
53650 3543 3544 
53700 3546 3550 
53750 3548 3550 
53800 3549 3545 
53850 3548 3550 
53900 3562 3563 
53950 3553 3555 
54000 3555 3554 
54050 3538 3541 
54100 3552 3546 
54150 3553 3557 
54200 3551 3549 
54250 3562 3558 
54300 3545 3539 
54350 3556 3553 
54400 3550 3544 
54450 3551 3549 
54500 3553 3558 
54550 3556 3557 
54600 3541 3537 
54650 3539 3534 
54700 3547 3547 
54750 3555 3556 
54800 3558 3559 
54850 3549 3549 
54900 3550 3547 
54950 3550 3544 
55000 3541 3544 
55050 3545 3546 
55100 3559 3558 
55150 3546 3547 
55200 3550 3546 
55250 3548 3540 
55300 3546 3551 
55350 3554 3555 
55400 3545 3543 
55450 3535 3541 
55500 3570 3569 
55550 3551 3551 
55600 3557 3558 
55650 3548 3548 
55700 3555 3552 
55750 3544 3549 
55800 3559 3556 
55850 3555 3552 
55900 3550 3557 
55950 3547 3553 
56000 3548 3549 
56050 3555 3558 
56100 3545 3548 
56150 3561 3561 
56200 3569 3569 
56250 3564 3567 
56300 3551 3554 
56350 3553 3550 
56400 3547 3545 
56450 3554 3555 
56500 3556 3556 
56550 3549 3550 
56600 3549 3548 
56650 3546 3552 
56700 3569 3562 
56750 3552 3547 
56800 3550 3550 
56850 3564 3561 
56900 3558 3556 
56950 3547 3552 
57000 3546 3547 
57050 3550 3548 
57100 3557 3558 
57150 3551 3552 
57200 3551 3550 
57250 3564 3561 
57300 3551 3543 
57350 3560 3558 
57400 3562 3561 
57450 3549 3542 
57500 3556 3548 
57550 3557 3554 
57600 3566 3565 
57650 3551 3546 
57700 3556 3561 
57750 3549 3543 
57800 3545 3542 
57850 3550 3556 
57900 3545 3547 
57950 3549 3552 
58000 3549 3549 
58050 3557 3554 
58100 3551 3552 
58150 3551 3547 
58200 3526 3530 
58250 3549 3552 
58300 3554 3556 
58350 3560 3556 
58400 3563 3561 
58450 3546 3548 
58500 3552 3557 
58550 3545 3547 
58600 3548 3549 
58650 3553 3555 
58700 3541 3539 
58750 3539 3531 
58800 3562 3564 
58850 3556 3559 
58900 3559 3559 
58950 3540 3543 
59000 3554 3553 
59050 3552 3552 
59100 3559 3564 
59150 3557 3558 
59200 3562 3563 
59250 3551 3548 
59300 3555 3556 
59350 3562 3564 
59400 3566 3567 
59450 3551 3550 
59500 3544 3538 
59550 3553 3546 
59600 3554 3554 
59650 3552 3545 
59700 3568 3563 
59750 3550 3546 
59800 3550 3555 
59850 3555 3556 
59900 3558 3561 
59950 3560 3560 
60000 3555 3559 
60050 3546 3551 
60100 3545 3544 
60150 3560 3560 
60200 3563 3557 
60250 3550 3543 
60300 3555 3552 
60350 3555 3556 
60400 3554 3558 
60450 3544 3542 
60500 3555 3561 
60550 3573 3565 
60600 3556 3551 
60650 3555 3555 
60700 3557 3555 
60750 3561 3559 
60800 3548 3545 
60850 3557 3559 
60900 3561 3563 
60950 3558 3551 
61000 3549 3549 
61050 3555 3545 
61100 3561 3561 
61150 3555 3553 
61200 3562 3567 
61250 3546 3552 
61300 3561 3557 
61350 3537 3536 
61400 3545 3551 
61450 3537 3540 
61500 3520 3522 
61550 3541 3537 
61600 3558 3555 
61650 3563 3560 
61700 3554 3548 
61750 3565 3564 
61800 3552 3550 
61850 3562 3562 
61900 3544 3546 
61950 3556 3550 
62000 3558 3554 
62050 3562 3567 
62100 3559 3560 
62150 3559 3559 
62200 3547 3546 
62250 3558 3559 
62300 3553 3553 
62350 3548 3546 
62400 3566 3565 
62450 3562 3560 
62500 3550 3545 
62550 3552 3548 
62600 3546 3538 
62650 3552 3554 
62700 3537 3543 
62750 3567 3567 
62800 3557 3558 
62850 3559 3554 
62900 3546 3544 
62950 3552 3553 
63000 3557 3562 
63050 3553 3554 
63100 3537 3529 
63150 3554 3556 
63200 3546 3544 
63250 3562 3557 
63300 3541 3544 
63350 3527 3534 
63400 3543 3551 
63450 3550 3553 
63500 3538 3537 
63550 3552 3548 
63600 3557 3553 
63650 3544 3544 
63700 3549 3546 
63750 3565 3563 
63800 3548 3552 
63850 3554 3556 
63900 3536 3539 
63950 3568 3566 
64000 3554 3556 
64050 3532 3533 
64100 3552 3547 
64150 3554 3555 
64200 3553 3553 
64250 3551 3559 
64300 3559 3554 
64350 3564 3555 
64400 3557 3554 
64450 3547 3545 
64500 3531 3531 
64550 3549 3549 
64600 3548 3551 
64650 3551 3553 
64700 3555 3547 
64750 3558 3555 
64800 3557 3560 
64850 3543 3538 
64900 3554 3552 
64950 3545 3543 
65000 3565 3569 
65050 3558 3560 
65100 3563 3565 
65150 3562 3561 
65200 3552 3556 
65250 3552 3552 
65300 3550 3552 
65350 3558 3558 
65400 3545 3548 
65450 3545 3539 
65500 3552 3555 
65550 3558 3551 
65600 3556 3558 
65650 3555 3552 
65700 3559 3561 
65750 3550 3548 
65800 3566 3563 
65850 3561 3564 
65900 3563 3560 
65950 3569 3569 
66000 3550 3551 
66050 3550 3554 
66100 3525 3523 
66150 3554 3555 
66200 3544 3539 
66250 3558 3553 
66300 3549 3542 
66350 3557 3553 
66400 3559 3562 
66450 3557 3556 
66500 3565 3558 
66550 3557 3568 
66600 3552 3554 
66650 3544 3549 
66700 3542 3551 
66750 3548 3550 
66800 3555 3553 
66850 3555 3553 
66900 3545 3544 
66950 3548 3551 
67000 3557 3553 
67050 3554 3550 
67100 3559 3563 
67150 3566 3568 
67200 3546 3549 
67250 3551 3550 
67300 3559 3562 
67350 3558 3562 
67400 3551 3543 
67450 3550 3547 
67500 3560 3561 
67550 3537 3540 
67600 3564 3559 
67650 3549 3547 
67700 3560 3550 
67750 3546 3547 
67800 3556 3551 
67850 3548 3549 
67900 3559 3556 
67950 3566 3564 
68000 3545 3541 
68050 3546 3549 
68100 3552 3548 
68150 3549 3549 
68200 3538 3540 
68250 3543 3544 
68300 3550 3550 
68350 3560 3559 
68400 3562 3555 
68450 3547 3543 
68500 3560 3553 
68550 3554 3553 
68600 3550 3547 
68650 3564 3558 
68700 3555 3550 
68750 3545 3546 
68800 3555 3550 
68850 3551 3548 
68900 3558 3562 
68950 3560 3564 
69000 3554 3555 
69050 3554 3558 
69100 3555 3554 
69150 3553 3556 
69200 3554 3554 
69250 3553 3554 
69300 3559 3559 
69350 3563 3561 
69400 3552 3554 
69450 3553 3555 
69500 3549 3542 
69550 3556 3555 
69600 3547 3551 
69650 3567 3570 
69700 3548 3544 
69750 3548 3546 
69800 3559 3557 
69850 3559 3563 
69900 3545 3544 
69950 3551 3551 
70000 3556 3555 
70050 3557 3558 
70100 3571 3570 
70150 3547 3547 
70200 3541 3546 
70250 3554 3553 
70300 3558 3555 
70350 3554 3547 
70400 3542 3546 
70450 3560 3554 
70500 3557 3553 
70550 3557 3558 
70600 3560 3561 
70650 3553 3550 
70700 3534 3533 
70750 3542 3540 
70800 3560 3559 
70850 3550 3552 
70900 3549 3550 
70950 3555 3551 
71000 3561 3558 
71050 3557 3562 
71100 3554 3552 
71150 3550 3552 
71200 3546 3549 
71250 3547 3546 
71300 3549 3547 
71350 3560 3566 
71400 3555 3547 
71450 3550 3558 
71500 3560 3559 
71550 3546 3547 
71600 3540 3545 
71650 3546 3548 
71700 3553 3548 
71750 3558 3554 
71800 3551 3547 
71850 3561 3561 
71900 3557 3553 
71950 3557 3553 
72000 3570 3570 
72050 3550 3549 
72100 3551 3559 
72150 3570 3569 
72200 3559 3558 
72250 3555 3559 
72300 3558 3558 
72350 3545 3550 
72400 3550 3553 
72450 3563 3560 
72500 3555 3552 
72550 3554 3546 
72600 3536 3542 
72650 3550 3553 
72700 3561 3560 
72750 3552 3552 
72800 3542 3548 
72850 3534 3540 
72900 3557 3561 
72950 3553 3549 
73000 3567 3570 
73050 3547 3552 
73100 3550 3549 
73150 3564 3568 
73200 3561 3563 
73250 3559 3556 
73300 3553 3558 
73350 3548 3549 
73400 3570 3567 
73450 3561 3558 
73500 3553 3559 
73550 3555 3556 
73600 3554 3553 
73650 3566 3564 
73700 3547 3546 
73750 3560 3561 
73800 3565 3566 
73850 3553 3548 
73900 3556 3552 
73950 3551 3548 
74000 3546 3553 
74050 3557 3552 
74100 3562 3553 
74150 3549 3554 
74200 3558 3562 
74250 3544 3542 
74300 3547 3554 
74350 3565 3570 
74400 3558 3559 
74450 3541 3539 
74500 3552 3556 
74550 3556 3547 
74600 3546 3543 
74650 3559 3554 
74700 3557 3561 
74750 3564 3566 
74800 3555 3561 
74850 3554 3555 
74900 3541 3541 
74950 3556 3557 
75000 3556 3555 
75050 3553 3557 
75100 3560 3559 
75150 3553 3553 
75200 3556 3561 
75250 3563 3565 
75300 3553 3559 
75350 3539 3537 
75400 3559 3556 
75450 3562 3557 
75500 3549 3555 
75550 3545 3545 
75600 3550 3543 
75650 3555 3556 
75700 3545 3544 
75750 3538 3539 
75800 3540 3547 
75850 3549 3546 
75900 3578 3572 
75950 3558 3552 
76000 3561 3561 
76050 3557 3548 
76100 3550 3549 
76150 3559 3561 
76200 3551 3552 
76250 3564 3566 
76300 3556 3559 
76350 3565 3562 
76400 3534 3539 
76450 3555 3557 
76500 3548 3543 
76550 3563 3564 
76600 3549 3549 
76650 3549 3552 
76700 3549 3553 
76750 3566 3573 
76800 3557 3550 
76850 3544 3540 
76900 3542 3543 
76950 3562 3557 
77000 3563 3563 
77050 3552 3548 
77100 3544 3547 
77150 3534 3528 
77200 3555 3552 
77250 3545 3542 
77300 3566 3569 
77350 3566 3556 
77400 3554 3557 
77450 3547 3550 
77500 3547 3546 
77550 3549 3552 
77600 3568 3568 
77650 3550 3544 
77700 3549 3548 
77750 3552 3547 
77800 3557 3552 
77850 3559 3562 
77900 3567 3566 
77950 3569 3564 
78000 3551 3554 
78050 3550 3555 
78100 3560 3555 
78150 3545 3548 
78200 3553 3556 
78250 3559 3559 
78300 3547 3549 
78350 3567 3564 
78400 3562 3564 
78450 3555 3556 
78500 3565 3562 
78550 3556 3558 
78600 3554 3560 
78650 3564 3556 
78700 3543 3540 
78750 3547 3545 
78800 3545 3551 
78850 3552 3555 
78900 3541 3544 
78950 3555 3553 
79000 3555 3557 
79050 3557 3554 
79100 3563 3554 
79150 3542 3540 
79200 3544 3542 
79250 3566 3559 
79300 3552 3553 
79350 3554 3554 
79400 3540 3545 
79450 3556 3566 
79500 3552 3558 
79550 3541 3543 
79600 3550 3548 
79650 3538 3538 
79700 3535 3536 
79750 3555 3555 
79800 3555 3549 
79850 3559 3559 
79900 3559 3559 
79950 3556 3556 
80000 3564 3561 
80050 3559 3561 
80100 3546 3547 
80150 3557 3556 
80200 3559 3552 
80250 3540 3541 
80300 3537 3539 
80350 3540 3539 
80400 3543 3547 
80450 3545 3548 
80500 3546 3546 
80550 3556 3557 
80600 3547 3552 
80650 3558 3556 
80700 3542 3533 
80750 3567 3562 
80800 3564 3562 
80850 3548 3546 
80900 3557 3557 
80950 3568 3567 
81000 3570 3568 
81050 3573 3577 
81100 3552 3554 
81150 3549 3550 
81200 3538 3537 
81250 3525 3534 
81300 3550 3555 
81350 3565 3566 
81400 3560 3557 
81450 3537 3539 
81500 3549 3548 
81550 3545 3551 
81600 3564 3563 
81650 3548 3546 
81700 3551 3548 
81750 3550 3546 
81800 3548 3545 
81850 3557 3555 
81900 3567 3569 
81950 3558 3556 
82000 3561 3554 
82050 3557 3552 
82100 3551 3551 
82150 3557 3563 
82200 3557 3564 
82250 3561 3564 
82300 3560 3563 
82350 3562 3562 
82400 3561 3561 
82450 3562 3558 
82500 3565 3564 
82550 3550 3551 
82600 3533 3536 
82650 3542 3542 
82700 3557 3562 
82750 3562 3568 
82800 3552 3554 
82850 3549 3550 
82900 3545 3541 
82950 3561 3565 
83000 3553 3552 
83050 3561 3562 
83100 3538 3545 
83150 3549 3552 
83200 3545 3541 
83250 3556 3548 
83300 3552 3547 
83350 3557 3553 
83400 3556 3551 
83450 3545 3540 
83500 3564 3560 
83550 3560 3555 
83600 3560 3557 
83650 3558 3556 
83700 3547 3547 
83750 3562 3559 
83800 3561 3561 
83850 3556 3559 
83900 3545 3549 
83950 3539 3542 
84000 3552 3556 
84050 3561 3563 
84100 3565 3564 
84150 3549 3548 
84200 3557 3544 
84250 3551 3549 
84300 3555 3561 
84350 3540 3537 
84400 3559 3556 
84450 3554 3552 
84500 3548 3547 
84550 3544 3543 
84600 3535 3544 
84650 3553 3555 
84700 3550 3547 
84750 3541 3543 
84800 3555 3557 
84850 3562 3565 
84900 3560 3561 
84950 3568 3561 
85000 3559 3556 
85050 3547 3543 
85100 3554 3557 
85150 3553 3558 
85200 3560 3562 
85250 3554 3552 
85300 3567 3564 
85350 3559 3562 
85400 3536 3538 
85450 3541 3544 
85500 3555 3556 
85550 3564 3566 
85600 3564 3563 
85650 3546 3551 
85700 3569 3567 
85750 3541 3546 
85800 3548 3541 
85850 3548 3552 
85900 3557 3557 
85950 3549 3556 
86000 3566 3561 
86050 3555 3554 
86100 3560 3558 
86150 3543 3543 
86200 3561 3560 
86250 3567 3566 
86300 3561 3560 
86350 3543 3547 
86400 3546 3552 
86450 3568 3568 
86500 3556 3557 
86550 3558 3563 
86600 3564 3560 
86650 3534 3530 
86700 3567 3561 
86750 3555 3555 
86800 3561 3563 
86850 3545 3546 
86900 3553 3554 
86950 3556 3553 
87000 3558 3559 
87050 3573 3572 
87100 3550 3552 
87150 3560 3555 
87200 3558 3555 
87250 3546 3548 
87300 3557 3562 
87350 3552 3554 
87400 3555 3557 
87450 3549 3540 
87500 3560 3560 
87550 3568 3571 
87600 3534 3531 
87650 3552 3550 
87700 3556 3559 
87750 3560 3567 
87800 3559 3562 
87850 3551 3553 
87900 3547 3550 
87950 3563 3562 
88000 3548 3548 
88050 3565 3561 
88100 3557 3559 
88150 3560 3560 
88200 3561 3563 
88250 3551 3556 
88300 3559 3560 
88350 3550 3552 
88400 3549 3549 
88450 3549 3548 
88500 3539 3544 
88550 3556 3557 
88600 3553 3561 
88650 3568 3564 
88700 3566 3561 
88750 3546 3550 
88800 3549 3548 
88850 3548 3547 
88900 3562 3567 
88950 3543 3543 
89000 3550 3538 
89050 3559 3557 
89100 3554 3558 
89150 3563 3563 
89200 3560 3563 
89250 3558 3553 
89300 3561 3558 
89350 3549 3547 
89400 3551 3558 
89450 3552 3541 
89500 3551 3553 
89550 3550 3551 
89600 3546 3547 
89650 3541 3538 
89700 3546 3547 
89750 3570 3562 
89800 3556 3551 
89850 3540 3548 
89900 3558 3555 
89950 3551 3546 
90000 3557 3553 
90050 3550 3550 
90100 3541 3545 
90150 3549 3548 
90200 3562 3555 
90250 3557 3554 
90300 3549 3552 
90350 3557 3560 
90400 3556 3550 
90450 3558 3556 
90500 3556 3550 
90550 3550 3547 
90600 3559 3555 
90650 3553 3555 
90700 3563 3559 
90750 3559 3556 
90800 3561 3562 
90850 3555 3557 
90900 3552 3558 
90950 3546 3548 
91000 3550 3555 
91050 3570 3568 
91100 3563 3564 
91150 3553 3555 
91200 3569 3567 
91250 3562 3563 
91300 3552 3554 
91350 3562 3558 
91400 3564 3567 
91450 3553 3555 
91500 3546 3545 
91550 3541 3546 
91600 3555 3560 
91650 3559 3559 
91700 3556 3557 
91750 3556 3557 
91800 3561 3558 
91850 3563 3557 
91900 3553 3568 
91950 3551 3551 
92000 3553 3554 
92050 3556 3554 
92100 3546 3552 
92150 3551 3547 
92200 3550 3549 
92250 3551 3554 
92300 3550 3545 
92350 3553 3550 
92400 3561 3558 
92450 3556 3559 
92500 3549 3546 
92550 3544 3546 
92600 3545 3549 
92650 3560 3560 
92700 3555 3554 
92750 3544 3546 
92800 3559 3556 
92850 3543 3542 
92900 3546 3552 
92950 3561 3558 
93000 3556 3548 
93050 3551 3548 
93100 3547 3545 
93150 3546 3544 
93200 3558 3558 
93250 3554 3551 
93300 3542 3541 
93350 3551 3545 
93400 3560 3559 
93450 3562 3561 
93500 3554 3558 
93550 3562 3559 
93600 3555 3556 
93650 3554 3559 
93700 3541 3548 
93750 3548 3549 
93800 3559 3558 
93850 3546 3546 
93900 3551 3551 
93950 3546 3546 
94000 3543 3543 
94050 3558 3550 
94100 3555 3552 
94150 3541 3541 
94200 3556 3554 
94250 3557 3550 
94300 3562 3554 
94350 3563 3561 
94400 3547 3551 
94450 3556 3543 
94500 3567 3564 
94550 3559 3561 
94600 3555 3558 
94650 3572 3574 
94700 3544 3540 
94750 3554 3552 
94800 3537 3545 
94850 3554 3558 
94900 3560 3558 
94950 3554 3552 
95000 3556 3555 
95050 3543 3546 
95100 3545 3541 
95150 3549 3551 
95200 3558 3560 
95250 3565 3567 
95300 3565 3556 
95350 3557 3552 
95400 3560 3553 
95450 3559 3556 
95500 3553 3554 
95550 3553 3555 
95600 3554 3553 
95650 3555 3554 
95700 3551 3553 
95750 3540 3539 
95800 3545 3545 
95850 3556 3556 
95900 3559 3557 
95950 3552 3547 
96000 3545 3555 
96050 3549 3553 
96100 3538 3536 
96150 3556 3552 
96200 3551 3545 
96250 3543 3538 
96300 3555 3550 
96350 3551 3554 
96400 3552 3546 
96450 3539 3535 
96500 3543 3541 
96550 3562 3567 
96600 3560 3563 
96650 3559 3554 
96700 3560 3556 
96750 3556 3553 
96800 3563 3555 
96850 3545 3543 
96900 3549 3547 
96950 3553 3558 
97000 3561 3556 
97050 3563 3557 
97100 3565 3563 
97150 3554 3559 
97200 3556 3554 
97250 3541 3547 
97300 3550 3553 
97350 3549 3550 
97400 3563 3568 
97450 3557 3558 
97500 3554 3561 
97550 3548 3557 
97600 3548 3553 
97650 3561 3560 
97700 3567 3565 
97750 3568 3570 
97800 3545 3547 
97850 3559 3553 
97900 3560 3553 
97950 3539 3539 
98000 3552 3547 
98050 3557 3556 
98100 3547 3549 
98150 3557 3557 
98200 3545 3549 
98250 3547 3547 
98300 3561 3556 
98350 3560 3558 
98400 3556 3558 
98450 3562 3562 
98500 3536 3533 
98550 3554 3554 
98600 3549 3541 
98650 3555 3550 
98700 3549 3545 
98750 3561 3563 
98800 3557 3552 
98850 3552 3552 
98900 3556 3556 
98950 3563 3559 
99000 3559 3557 
99050 3563 3565 
99100 3544 3548 
99150 3557 3559 
99200 3554 3552 
99250 3559 3556 
99300 3558 3557 
99350 3552 3551 
99400 3555 3557 
99450 3561 3563 
99500 3554 3553 
99550 3556 3555 
99600 3547 3547 
99650 3534 3545 
99700 3559 3563 
99750 3558 3558 
99800 3557 3560 
99850 3540 3538 
99900 3553 3550 
99950 3537 3541 
100000 3571 3573 
100050 3546 3549 
100100 3551 3551 
100150 3549 3545 
100200 3563 3569 
100250 3561 3551 
100300 3551 3549 
100350 3550 3549 
100400 3558 3555 
100450 3562 3566 
100500 3567 3567 
100550 3544 3543 
100600 3530 3527 
100650 3554 3553 
100700 3551 3551 
100750 3568 3567 
100800 3553 3557 
100850 3553 3562 
100900 3553 3551 
100950 3544 3543 
101000 3557 3566 
101050 3555 3558 
101100 3562 3561 
101150 3553 3551 
101200 3568 3563 
101250 3542 3547 
101300 3558 3550 
101350 3550 3554 
101400 3557 3553 
101450 3556 3554 
101500 3536 3543 
101550 3558 3561 
101600 3549 3547 
101650 3541 3549 
101700 3556 3557 
101750 3562 3566 
101800 3556 3558 
101850 3554 3556 
101900 3547 3551 
101950 3546 3548 
102000 3556 3564 
102050 3564 3566 
102100 3562 3560 
102150 3562 3562 
102200 3565 3566 
102250 3555 3551 
102300 3555 3557 
102350 3558 3562 
102400 3543 3547 
102450 3552 3558 
102500 3548 3551 
102550 3551 3551 
102600 3564 3560 
102650 3553 3549 
102700 3542 3541 
102750 3564 3561 
102800 3545 3547 
102850 3553 3554 
102900 3564 3564 
102950 3547 3549 
103000 3544 3544 
103050 3546 3548 
103100 3560 3559 
103150 3552 3558 
103200 3554 3555 
103250 3543 3550 
103300 3537 3532 
103350 3563 3561 
103400 3554 3554 
103450 3559 3555 
103500 3558 3552 
103550 3560 3564 
103600 3568 3561 
103650 3546 3545 
103700 3559 3558 
103750 3565 3573 
103800 3571 3569 
103850 3560 3563 
103900 3562 3559 
103950 3550 3548 
104000 3555 3559 
104050 3549 3547 
104100 3551 3545 
104150 3554 3557 
104200 3551 3560 
104250 3552 3559 
104300 3552 3551 
104350 3561 3561 
104400 3559 3555 
104450 3551 3553 
104500 3550 3556 
104550 3557 3551 
104600 3544 3548 
104650 3540 3544 
104700 3556 3557 
104750 3554 3557 
104800 3545 3546 
104850 3550 3551 
104900 3568 3564 
104950 3553 3551 
105000 3544 3544 
105050 3563 3557 
105100 3550 3549 
105150 3546 3538 
105200 3553 3548 
105250 3565 3567 
105300 3554 3548 
105350 3552 3550 
105400 3542 3543 
105450 3548 3546 
105500 3567 3565 
105550 3553 3556 
105600 3542 3548 
105650 3559 3559 
105700 3556 3548 
105750 3553 3553 
105800 3558 3553 
105850 3564 3559 
105900 3562 3562 
105950 3558 3558 
106000 3562 3563 
106050 3557 3559 
106100 3560 3560 
106150 3553 3556 
106200 3571 3566 
106250 3575 3577 
106300 3543 3546 
106350 3560 3560 
106400 3556 3555 
106450 3563 3564 
106500 3564 3562 
106550 3558 3561 
106600 3564 3564 
106650 3554 3561 
106700 3560 3562 
106750 3560 3566 
106800 3555 3553 
106850 3543 3542 
106900 3563 3561 
106950 3562 3561 
107000 3568 3570 
107050 3550 3547 
107100 3557 3567 
107150 3532 3533 
107200 3541 3539 
107250 3559 3552 
107300 3551 3552 
107350 3553 3554 
107400 3560 3559 
107450 3555 3547 
107500 3557 3557 
107550 3556 3554 
107600 3557 3560 
107650 3550 3542 
107700 3547 3548 
107750 3556 3555 
107800 3545 3545 
107850 3559 3562 
107900 3553 3551 
107950 3556 3555 
108000 3563 3566 
108050 3561 3560 
108100 3556 3552 
108150 3556 3553 
108200 3551 3548 
108250 3560 3560 
108300 3547 3552 
108350 3547 3551 
108400 3553 3551 
108450 3537 3532 
108500 3555 3555 
108550 3553 3550 
108600 3554 3559 
108650 3561 3565 
108700 3554 3555 
108750 3549 3556 
108800 3546 3542 
108850 3554 3552 
108900 3556 3552 
108950 3556 3558 
109000 3552 3553 
109050 3547 3541 
109100 3571 3565 
109150 3562 3564 
109200 3556 3561 
109250 3549 3550 
109300 3560 3562 
109350 3561 3557 
109400 3545 3548 
109450 3558 3564 
109500 3553 3553 
109550 3563 3561 
109600 3559 3560 
109650 3548 3546 
109700 3545 3543 
109750 3564 3565 
109800 3558 3565 
109850 3556 3555 
109900 3562 3559 
109950 3546 3540 
110000 3569 3564 
110050 3562 3563 
110100 3558 3557 
110150 3560 3557 
110200 3549 3548 
110250 3548 3545 
110300 3566 3568 
110350 3565 3567 
110400 3550 3544 
110450 3537 3540 
110500 3546 3553 
110550 3556 3557 
110600 3565 3562 
110650 3545 3550 
110700 3561 3569 
110750 3553 3550 
110800 3561 3560 
110850 3552 3551 
110900 3558 3559 
110950 3559 3555 
111000 3554 3552 
111050 3563 3560 
111100 3546 3550 
111150 3557 3556 
111200 3552 3553 
111250 3562 3553 
111300 3544 3544 
111350 3539 3536 
111400 3567 3566 
111450 3537 3538 
111500 3558 3555 
111550 3551 3555 
111600 3557 3555 
111650 3560 3559 
111700 3540 3541 
111750 3548 3547 
111800 3549 3551 
111850 3549 3548 
111900 3550 3550 
111950 3539 3547 
112000 3550 3559 
112050 3560 3564 
112100 3557 3558 
112150 3555 3557 
112200 3554 3553 
112250 3571 3565 
112300 3556 3553 
112350 3558 3560 
112400 3549 3545 
112450 3560 3564 
112500 3552 3551 
112550 3555 3555 
112600 3554 3553 
112650 3549 3549 
112700 3553 3554 
112750 3539 3540 
112800 3569 3560 
112850 3560 3556 
112900 3566 3565 
112950 3560 3562 
113000 3557 3558 
113050 3565 3563 
113100 3571 3565 
113150 3562 3561 
113200 3554 3556 
113250 3556 3552 
113300 3553 3549 
113350 3553 3556 
113400 3540 3542 
113450 3560 3566 
113500 3555 3556 
113550 3562 3563 
113600 3563 3570 
113650 3567 3571 
113700 3548 3554 
113750 3542 3540 
113800 3554 3560 
113850 3559 3561 
113900 3549 3552 
113950 3563 3558 
114000 3559 3563 
114050 3556 3556 
114100 3553 3553 
114150 3546 3545 
114200 3560 3562 
114250 3571 3567 
114300 3567 3570 
114350 3571 3575 
114400 3556 3555 
114450 3547 3551 
114500 3550 3551 
114550 3563 3563 
114600 3558 3556 
114650 3549 3545 
114700 3557 3558 
114750 3565 3565 
114800 3551 3549 
114850 3565 3563 
114900 3567 3570 
114950 3552 3552 
115000 3564 3564 
115050 3558 3565 
115100 3564 3562 
115150 3560 3559 
115200 3550 3553 
115250 3557 3559 
115300 3551 3547 
115350 3563 3562 
115400 3544 3545 
115450 3566 3564 
115500 3550 3557 
115550 3558 3556 
115600 3563 3561 
115650 3556 3565 
115700 3550 3546 
115750 3561 3561 
115800 3545 3546 
115850 3556 3559 
115900 3560 3562 
115950 3558 3559 
116000 3572 3566 
116050 3548 3542 
116100 3564 3567 
116150 3566 3566 
116200 3542 3543 
116250 3564 3565 
116300 3571 3570 
116350 3547 3542 
116400 3559 3555 
116450 3559 3564 
116500 3553 3553 
116550 3565 3561 
116600 3554 3551 
116650 3541 3538 
116700 3554 3549 
116750 3553 3548 
116800 3560 3564 
116850 3552 3553 
116900 3553 3556 
116950 3570 3568 
117000 3559 3556 
117050 3538 3537 
117100 3557 3555 
117150 3550 3552 
117200 3571 3568 
117250 3556 3558 
117300 3556 3555 
117350 3561 3565 
117400 3561 3560 
117450 3565 3568 
117500 3551 3550 
117550 3543 3545 
117600 3557 3562 
117650 3550 3549 
117700 3542 3540 
117750 3556 3559 
117800 3555 3559 
117850 3553 3555 
117900 3562 3563 
117950 3542 3537 
118000 3558 3555 
118050 3550 3551 
118100 3556 3561 
118150 3557 3551 
118200 3552 3558 
118250 3553 3552 
118300 3562 3549 
118350 3573 3569 
118400 3563 3563 
118450 3554 3556 
118500 3549 3547 
118550 3542 3543 
118600 3552 3550 
118650 3562 3564 
118700 3548 3553 
118750 3561 3561 
118800 3561 3564 
118850 3559 3564 
118900 3548 3554 
118950 3553 3551 
119000 3551 3555 
119050 3553 3554 
119100 3540 3544 
119150 3560 3558 
119200 3555 3555 
119250 3549 3545 
119300 3543 3545 
119350 3551 3551 
119400 3539 3541 
119450 3543 3547 
119500 3553 3551 
119550 3566 3566 
119600 3554 3555 
119650 3545 3545 
119700 3552 3552 
119750 3561 3549 
119800 3543 3538 
119850 3537 3546 
119900 3563 3565 
119950 3551 3543 
120000 3550 3548 
120050 3549 3552 
120100 3559 3558 
120150 3549 3555 
120200 3550 3547 
120250 3550 3550 
120300 3566 3564 
120350 3570 3567 
120400 3562 3559 
120450 3544 3544 
120500 3555 3559 
120550 3551 3544 
120600 3535 3530 
120650 3554 3549 
120700 3541 3537 
120750 3548 3544 
120800 3564 3559 
120850 3558 3552 
120900 3551 3548 
120950 3548 3547 
121000 3565 3566 
121050 3570 3574 
121100 3538 3539 
121150 3556 3553 
121200 3552 3551 
121250 3555 3559 
121300 3554 3556 
121350 3554 3557 
121400 3548 3547 
121450 3537 3536 
121500 3550 3554 
121550 3555 3552 
121600 3546 3547 
121650 3553 3555 
121700 3562 3568 
121750 3553 3555 
121800 3558 3548 
121850 3556 3556 
121900 3558 3557 
121950 3551 3552 
122000 3558 3556 
122050 3564 3560 
122100 3574 3570 
122150 3552 3551 
122200 3558 3558 
122250 3554 3555 
122300 3528 3525 
122350 3553 3551 
122400 3555 3551 
122450 3564 3560 
122500 3551 3551 
122550 3550 3546 
122600 3557 3553 
122650 3559 3555 
122700 3566 3567 
122750 3547 3548 
122800 3553 3551 
122850 3553 3553 
122900 3542 3550 
122950 3554 3558 
123000 3571 3572 
123050 3553 3553 
123100 3556 3556 
123150 3571 3571 
123200 3563 3561 
123250 3548 3550 
123300 3555 3557 
123350 3539 3540 
123400 3549 3557 
123450 3551 3556 
123500 3548 3545 
123550 3554 3558 
123600 3569 3563 
123650 3562 3562 
123700 3554 3555 
123750 3567 3568 
123800 3547 3545 
123850 3557 3556 
123900 3556 3558 
123950 3559 3549 
124000 3546 3546 
124050 3552 3548 
124100 3570 3570 
124150 3559 3560 
124200 3559 3552 
124250 3566 3565 
124300 3547 3546 
124350 3540 3544 
124400 3556 3552 
124450 3539 3539 
124500 3551 3547 
124550 3544 3548 
124600 3557 3560 
124650 3558 3550 
124700 3551 3549 
124750 3560 3564 
124800 3557 3558 
124850 3566 3563 
124900 3563 3569 
124950 3556 3558 
125000 3544 3544 
125050 3561 3560 
125100 3561 3564 
125150 3555 3551 
125200 3562 3562 
125250 3563 3562 
125300 3556 3560 
125350 3548 3550 
125400 3546 3546 
125450 3556 3561 
125500 3563 3563 
125550 3554 3556 
125600 3547 3555 
125650 3550 3549 
125700 3542 3545 
125750 3556 3557 
125800 3563 3561 
125850 3559 3548 
125900 3566 3563 
125950 3554 3556 
126000 3559 3562 
126050 3564 3567 
126100 3552 3554 
126150 3569 3568 
126200 3553 3553 
126250 3549 3548 
126300 3564 3566 
126350 3554 3548 
126400 3557 3554 
126450 3550 3544 
126500 3560 3561 
126550 3553 3546 
126600 3540 3541 
126650 3549 3544 
126700 3560 3555 
126750 3553 3554 
126800 3569 3572 
126850 3569 3565 
126900 3557 3552 
126950 3552 3557 
127000 3552 3556 
127050 3554 3552 
127100 3565 3564 
127150 3553 3552 
127200 3559 3563 
127250 3562 3561 
127300 3559 3559 
127350 3551 3548 
127400 3555 3558 
127450 3552 3558 
127500 3547 3550 
127550 3543 3542 
127600 3549 3548 
127650 3542 3535 
127700 3566 3566 
127750 3568 3559 
127800 3546 3552 
127850 3548 3551 
127900 3561 3557 
127950 3553 3555 
128000 3551 3553 
128050 3556 3557 
128100 3554 3554 
128150 3562 3565 
128200 3552 3554 
128250 3559 3554 
128300 3562 3555 
128350 3545 3543 
128400 3559 3560 
128450 3559 3550 
128500 3552 3551 
128550 3551 3553 
128600 3549 3548 
128650 3552 3554 
128700 3552 3555 
128750 3541 3551 
128800 3554 3560 
128850 3562 3566 
128900 3549 3544 
128950 3566 3562 
129000 3547 3549 
129050 3548 3550 
129100 3569 3564 
129150 3544 3551 
129200 3553 3555 
129250 3562 3561 
129300 3559 3559 
129350 3553 3548 
129400 3548 3552 
129450 3570 3567 
129500 3542 3543 
129550 3558 3552 
129600 3559 3556 
129650 3563 3554 
129700 3547 3550 
129750 3553 3557 
129800 3550 3555 
129850 3558 3550 
129900 3563 3561 
129950 3553 3557 
130000 3562 3555 
130050 3563 3560 
130100 3566 3562 
130150 3545 3545 
130200 3561 3560 
130250 3554 3552 
130300 3559 3559 
130350 3539 3537 
130400 3568 3564 
130450 3554 3551 
130500 3544 3548 
130550 3554 3558 
130600 3560 3565 
130650 3533 3533 
130700 3540 3545 
130750 3557 3565 
130800 3562 3565 
130850 3560 3563 
130900 3558 3559 
130950 3544 3548 
131000 3556 3558 
131050 3555 3552 
131100 3544 3540 
131150 3563 3555 
131200 3556 3554 
131250 3561 3561 
131300 3555 3558 
131350 3554 3557 
131400 3568 3567 
131450 3556 3553 
131500 3563 3564 
131550 3567 3566 
131600 3560 3566 
131650 3559 3551 
131700 3554 3556 
131750 3550 3556 
131800 3558 3560 
131850 3552 3554 
131900 3561 3560 
131950 3562 3559 
132000 3553 3546 
132050 3548 3543 
132100 3555 3549 
132150 3558 3564 
132200 3560 3561 
132250 3545 3548 
132300 3562 3557 
132350 3561 3565 
132400 3570 3569 
132450 3552 3551 
132500 3550 3553 
132550 3555 3554 
132600 3562 3555 
132650 3549 3546 
132700 3569 3569 
132750 3566 3563 
132800 3544 3539 
132850 3553 3551 
132900 3550 3549 
132950 3556 3555 
133000 3559 3556 
133050 3544 3537 
133100 3553 3552 
133150 3553 3552 
133200 3559 3557 
133250 3554 3553 
133300 3545 3552 
133350 3558 3551 
133400 3561 3559 
133450 3551 3554 
133500 3555 3558 
133550 3563 3562 
133600 3557 3557 
133650 3561 3564 
133700 3537 3541 
133750 3556 3549 
133800 3557 3556 
133850 3558 3555 
133900 3561 3561 
133950 3557 3555 
134000 3555 3552 
134050 3560 3565 
134100 3565 3564 
134150 3549 3550 
134200 3562 3557 
134250 3557 3560 
134300 3547 3542 
134350 3552 3550 
134400 3559 3553 
134450 3550 3547 
134500 3547 3545 
134550 3557 3561 
134600 3553 3554 
134650 3559 3549 
134700 3561 3558 
134750 3554 3551 
134800 3562 3561 
134850 3548 3552 
134900 3550 3550 
134950 3566 3560 
135000 3555 3553 
135050 3552 3553 
135100 3547 3542 
135150 3559 3556 
135200 3556 3548 
135250 3558 3552 
135300 3550 3548 
135350 3560 3556 
135400 3553 3545 
135450 3554 3553 
135500 3543 3548 
135550 3552 3552 
135600 3563 3565 
135650 3547 3545 
135700 3563 3560 
135750 3553 3552 
135800 3556 3555 
135850 3542 3544 
135900 3546 3542 
135950 3562 3561 
136000 3560 3564 
136050 3563 3559 
136100 3551 3554 
136150 3551 3552 
136200 3546 3549 
136250 3554 3555 
136300 3557 3563 
136350 3560 3565 
136400 3553 3555 
136450 3556 3560 
136500 3565 3563 
136550 3560 3559 
136600 3568 3569 
136650 3558 3563 
136700 3568 3568 
136750 3561 3556 
136800 3565 3566 
136850 3555 3554 
136900 3557 3550 
136950 3557 3555 
137000 3545 3544 
137050 3565 3566 
137100 3546 3548 
137150 3563 3568 
137200 3560 3557 
137250 3560 3554 
137300 3554 3554 
137350 3573 3573 
137400 3556 3556 
137450 3555 3554 
137500 3554 3557 
137550 3550 3553 
137600 3548 3548 
137650 3561 3557 
137700 3542 3540 
137750 3545 3546 
137800 3542 3538 
137850 3555 3556 
137900 3553 3551 
137950 3558 3558 
138000 3553 3548 
138050 3552 3548 
138100 3560 3557 
138150 3567 3561 
138200 3555 3554 
138250 3553 3555 
138300 3551 3553 
138350 3531 3523 
138400 3541 3550 
138450 3550 3544 
138500 3549 3551 
138550 3555 3561 
138600 3556 3558 
138650 3546 3550 
138700 3555 3542 
138750 3561 3556 
138800 3553 3545 
138850 3563 3565 
138900 3555 3553 
138950 3570 3566 
139000 3561 3561 
139050 3554 3555 
139100 3551 3552 
139150 3555 3559 
139200 3545 3536 
139250 3565 3570 
139300 3542 3541 
139350 3557 3554 
139400 3555 3554 
139450 3548 3556 
139500 3549 3552 
139550 3546 3544 
139600 3550 3551 
139650 3566 3565 
139700 3556 3552 
139750 3563 3553 
139800 3559 3558 
139850 3552 3552 
139900 3560 3558 
139950 3551 3553 
140000 3555 3558 
140050 3552 3558 
140100 3546 3548 
140150 3549 3551 
140200 3547 3546 
140250 3558 3559 
140300 3564 3552 
140350 3540 3538 
140400 3539 3541 
140450 3554 3552 
140500 3543 3547 
140550 3553 3548 
140600 3566 3558 
140650 3549 3542 
140700 3551 3562 
140750 3556 3552 
140800 3553 3557 
140850 3564 3563 
140900 3543 3539 
140950 3556 3560 
141000 3560 3556 
141050 3554 3552 
141100 3552 3551 
141150 3560 3560 
141200 3547 3544 
141250 3550 3550 
141300 3542 3544 
141350 3551 3555 
141400 3545 3548 
141450 3565 3567 
141500 3557 3561 
141550 3559 3566 
141600 3550 3549 
141650 3563 3556 
141700 3549 3557 
141750 3559 3558 
141800 3546 3543 
141850 3556 3559 
141900 3547 3552 
141950 3545 3558 
142000 3544 3541 
142050 3549 3554 
142100 3550 3551 
142150 3555 3556 
142200 3549 3544 
142250 3543 3543 
142300 3559 3556 
142350 3567 3569 
142400 3564 3560 
142450 3557 3558 
142500 3544 3545 
142550 3545 3547 
142600 3556 3550 
142650 3568 3566 
142700 3553 3549 
142750 3551 3553 
142800 3550 3549 
142850 3568 3569 
142900 3544 3554 
142950 3555 3562 
143000 3557 3562 
143050 3551 3551 
143100 3556 3558 
143150 3561 3557 
143200 3576 3568 
143250 3537 3542 
143300 3557 3559 
143350 3556 3554 
143400 3567 3567 
143450 3564 3563 
143500 3569 3571 
143550 3557 3552 
143600 3553 3550 
143650 3557 3557 
143700 3555 3552 
143750 3555 3558 
143800 3533 3541 
143850 3563 3559 
143900 3537 3542 
143950 3538 3536 
144000 3559 3557 
144050 3550 3550 
144100 3541 3550 
144150 3548 3547 
144200 3539 3539 
144250 3550 3551 
144300 3562 3564 
144350 3564 3559 
144400 3554 3551 
144450 3565 3565 
144500 3543 3539 
144550 3559 3562 
144600 3555 3558 
144650 3559 3558 
144700 3549 3554 
144750 3555 3556 
144800 3563 3562 
144850 3560 3561 
144900 3566 3569 
144950 3558 3557 
145000 3546 3542 
145050 3539 3536 
145100 3559 3560 
145150 3568 3566 
145200 3563 3562 
145250 3554 3556 
145300 3559 3560 
145350 3556 3549 
145400 3558 3559 
145450 3568 3567 
145500 3558 3565 
145550 3564 3562 
145600 3554 3552 
145650 3558 3556 
145700 3547 3542 
145750 3563 3564 
145800 3554 3556 
145850 3553 3556 
145900 3548 3552 
145950 3555 3553 
146000 3539 3545 
146050 3548 3547 
146100 3560 3559 
146150 3551 3551 
146200 3556 3558 
146250 3562 3567 
146300 3541 3542 
146350 3549 3545 
146400 3561 3563 
146450 3562 3558 
146500 3567 3560 
146550 3547 3547 
146600 3553 3556 
146650 3544 3538 
146700 3563 3560 
146750 3540 3540 
146800 3557 3554 
146850 3563 3561 
146900 3547 3549 
146950 3550 3547 
147000 3571 3573 
147050 3559 3558 
147100 3537 3537 
147150 3552 3555 
147200 3567 3573 
147250 3545 3547 
147300 3568 3563 
147350 3562 3565 
147400 3558 3562 
147450 3560 3559 
147500 3557 3556 
147550 3552 3552 
147600 3542 3543 
147650 3546 3551 
147700 3544 3553 
147750 3562 3560 
147800 3563 3563 
147850 3547 3546 
147900 3550 3546 
147950 3557 3561 
148000 3555 3553 
148050 3553 3546 
148100 3539 3540 
148150 3550 3553 
148200 3544 3535 
148250 3558 3564 
148300 3551 3551 
148350 3562 3566 
148400 3558 3553 
148450 3566 3568 
148500 3539 3547 
148550 3547 3549 
148600 3556 3546 
148650 3550 3546 
148700 3552 3549 
148750 3556 3558 
148800 3563 3566 
148850 3556 3554 
148900 3563 3564 
148950 3560 3560 
149000 3559 3557 
149050 3556 3556 
149100 3543 3542 
149150 3560 3556 
149200 3562 3562 
149250 3563 3564 
149300 3551 3552 
149350 3555 3557 
149400 3545 3544 
149450 3561 3561 
149500 3540 3541 
149550 3555 3557 
149600 3556 3554 
149650 3536 3531 
149700 3562 3562 
149750 3558 3557 
149800 3556 3558 
149850 3544 3543 
149900 3555 3553 
149950 3546 3546 
150000 3559 3557 
150050 3549 3543 
150100 3558 3557 
150150 3559 3555 
150200 3554 3552 
150250 3555 3553 
150300 3537 3547 
150350 3543 3544 
150400 3547 3550 
150450 3551 3559 
150500 3564 3565 
150550 3565 3560 
150600 3558 3553 
150650 3556 3554 
150700 3556 3558 
150750 3556 3548 
150800 3556 3559 
150850 3560 3555 
150900 3556 3559 
150950 3560 3562 
151000 3546 3542 
151050 3560 3553 
151100 3563 3562 
151150 3558 3554 
151200 3556 3559 
151250 3560 3562 
151300 3558 3556 
151350 3557 3560 
151400 3561 3563 
151450 3573 3574 
151500 3575 3573 
151550 3546 3543 
151600 3553 3549 
151650 3544 3542 
151700 3555 3547 
151750 3556 3554 
151800 3549 3550 
151850 3578 3573 
151900 3553 3555 
151950 3558 3559 
152000 3544 3537 
152050 3541 3534 
152100 3560 3564 
152150 3541 3540 
152200 3548 3550 
152250 3569 3567 
152300 3551 3551 
152350 3565 3563 
152400 3551 3554 
152450 3561 3562 
152500 3560 3554 
152550 3557 3557 
152600 3551 3545 
152650 3553 3555 
152700 3557 3555 
152750 3547 3550 
152800 3556 3561 
152850 3554 3560 
152900 3531 3537 
152950 3551 3548 
153000 3551 3550 
153050 3540 3541 
153100 3568 3566 
153150 3557 3558 
153200 3549 3551 
153250 3552 3547 
153300 3561 3555 
153350 3542 3545 
153400 3556 3558 
153450 3544 3548 
153500 3554 3552 
153550 3559 3560 
153600 3559 3554 
153650 3556 3557 
153700 3553 3548 
153750 3554 3555 
153800 3559 3556 
153850 3558 3552 
153900 3563 3566 
153950 3539 3543 
154000 3549 3555 
154050 3551 3553 
154100 3549 3547 
154150 3558 3555 
154200 3557 3560 
154250 3552 3550 
154300 3558 3554 
154350 3550 3551 
154400 3555 3554 
154450 3560 3554 
154500 3560 3556 
154550 3561 3560 
154600 3566 3563 
154650 3557 3557 
154700 3563 3560 
154750 3561 3562 
154800 3547 3541 
154850 3563 3561 
154900 3542 3532 
154950 3558 3555 
155000 3548 3544 
155050 3549 3550 
155100 3552 3546 
155150 3556 3554 
155200 3565 3569 
155250 3549 3544 
155300 3539 3528 
155350 3562 3556 
155400 3558 3552 
155450 3561 3557 
155500 3552 3554 
155550 3563 3564 
155600 3552 3551 
155650 3549 3542 
155700 3546 3544 
155750 3542 3540 
155800 3561 3561 
155850 3553 3547 
155900 3566 3567 
155950 3568 3563 
156000 3564 3561 
156050 3553 3555 
156100 3561 3561 
156150 3555 3552 
156200 3540 3533 
156250 3548 3552 
156300 3550 3554 
156350 3550 3543 
156400 3552 3551 
156450 3548 3552 
156500 3552 3548 
156550 3563 3559 
156600 3559 3567 
156650 3563 3561 
156700 3553 3549 
156750 3566 3561 
156800 3565 3564 
156850 3557 3554 
156900 3547 3545 
156950 3546 3544 
157000 3562 3554 
157050 3549 3543 
157100 3558 3556 
157150 3561 3561 
157200 3546 3552 
157250 3551 3554 
157300 3564 3559 
157350 3552 3554 
157400 3559 3560 
157450 3558 3563 
157500 3560 3556 
157550 3557 3556 
157600 3569 3561 
157650 3558 3553 
157700 3557 3557 
157750 3547 3550 
157800 3551 3551 
157850 3556 3552 
157900 3554 3549 
157950 3564 3560 
158000 3557 3550 
158050 3559 3559 
158100 3564 3560 
158150 3544 3538 
158200 3556 3552 
158250 3567 3563 
158300 3554 3551 
158350 3564 3565 
158400 3564 3560 
158450 3558 3557 
158500 3555 3553 
158550 3555 3555 
158600 3546 3540 
158650 3557 3557 
158700 3554 3545 
158750 3553 3560 
158800 3568 3565 
158850 3553 3555 
158900 3565 3562 
158950 3551 3544 
159000 3545 3547 
159050 3546 3549 
159100 3563 3557 
159150 3564 3558 
159200 3554 3553 
159250 3564 3561 
159300 3556 3555 
159350 3553 3550 
159400 3559 3556 
159450 3542 3538 
159500 3548 3554 
159550 3556 3556 
159600 3557 3551 
159650 3555 3551 
159700 3553 3555 
159750 3565 3566 
159800 3549 3544 
159850 3548 3542 
159900 3558 3553 
159950 3554 3551 
160000 3550 3549 
160050 3561 3566 
160100 3536 3535 
160150 3564 3563 
160200 3549 3552 
160250 3549 3548 
160300 3562 3555 
160350 3559 3558 
160400 3566 3566 
160450 3548 3557 
160500 3555 3561 
160550 3565 3563 
160600 3548 3553 
160650 3561 3561 
160700 3551 3555 
160750 3567 3568 
160800 3556 3558 
160850 3549 3552 
160900 3565 3561 
160950 3550 3549 
161000 3543 3544 
161050 3551 3550 
161100 3551 3555 
161150 3554 3554 
161200 3556 3557 
161250 3558 3562 
161300 3557 3557 
161350 3546 3536 
161400 3556 3554 
161450 3557 3550 
161500 3558 3561 
161550 3551 3551 
161600 3561 3560 
161650 3560 3558 
161700 3568 3563 
161750 3555 3555 
161800 3559 3557 
161850 3557 3553 
161900 3560 3559 
161950 3559 3554 
162000 3547 3553 
162050 3559 3560 
162100 3566 3569 
162150 3566 3564 
162200 3565 3571 
162250 3572 3567 
162300 3550 3547 
162350 3544 3540 
162400 3537 3541 
162450 3549 3551 
162500 3556 3558 
162550 3560 3560 
162600 3560 3565 
162650 3557 3551 
162700 3551 3555 
162750 3553 3557 
162800 3555 3556 
162850 3561 3559 
162900 3567 3569 
162950 3532 3527 
163000 3553 3559 
163050 3558 3560 
163100 3552 3550 
163150 3550 3551 
163200 3573 3566 
163250 3561 3558 
163300 3545 3543 
163350 3570 3564 
163400 3545 3547 
163450 3563 3558 
163500 3568 3571 
163550 3534 3538 
163600 3554 3548 
163650 3556 3554 
163700 3561 3565 
163750 3551 3554 
163800 3553 3546 
163850 3563 3565 
163900 3554 3554 
163950 3564 3561 
164000 3550 3550 
164050 3554 3553 
164100 3546 3540 
164150 3567 3562 
164200 3550 3553 
164250 3553 3546 
164300 3553 3552 
164350 3544 3553 
164400 3561 3557 
164450 3563 3556 
164500 3554 3556 
164550 3543 3551 
164600 3546 3547 
164650 3546 3545 
164700 3553 3550 
164750 3554 3553 
164800 3556 3558 
164850 3562 3556 
164900 3556 3546 
164950 3553 3548 
165000 3562 3559 
165050 3559 3561 
165100 3550 3551 
165150 3556 3555 
165200 3556 3553 
165250 3553 3548 
165300 3545 3543 
165350 3560 3554 
165400 3557 3557 
165450 3559 3559 
165500 3552 3560 
165550 3562 3562 
165600 3565 3560 
165650 3539 3535 
165700 3552 3551 
165750 3553 3560 
165800 3571 3573 
165850 3539 3540 
165900 3553 3547 
165950 3547 3547 
166000 3557 3554 
166050 3560 3558 
166100 3562 3558 
166150 3555 3557 
166200 3567 3568 
166250 3554 3549 
166300 3563 3559 
166350 3541 3530 
166400 3548 3549 
166450 3563 3555 
166500 3563 3562 
166550 3548 3540 
166600 3553 3551 
166650 3555 3556 
166700 3545 3551 
166750 3557 3556 
166800 3539 3536 
166850 3561 3561 
166900 3551 3552 
166950 3542 3538 
167000 3550 3547 
167050 3541 3539 
167100 3556 3552 
167150 3555 3559 
167200 3561 3558 
167250 3567 3568 
167300 3567 3567 
167350 3551 3550 
167400 3563 3558 
167450 3551 3553 
167500 3543 3542 
167550 3548 3552 
167600 3554 3552 
167650 3569 3567 
167700 3559 3556 
167750 3549 3550 
167800 3555 3552 
167850 3548 3549 
167900 3567 3568 
167950 3547 3546 
168000 3536 3531 
168050 3551 3549 
168100 3541 3543 
168150 3562 3560 
168200 3553 3549 
168250 3558 3554 
168300 3554 3556 
168350 3547 3548 
168400 3562 3561 
168450 3553 3551 
168500 3557 3551 
168550 3553 3553 
168600 3545 3536 
168650 3569 3567 
168700 3555 3546 
168750 3533 3542 
168800 3557 3553 
168850 3556 3555 
168900 3546 3547 
168950 3561 3556 
169000 3567 3567 
169050 3550 3549 
169100 3545 3542 
169150 3562 3561 
169200 3551 3557 
169250 3572 3570 
169300 3568 3565 
169350 3559 3561 
169400 3552 3556 
169450 3542 3542 
169500 3554 3549 
169550 3552 3546 
169600 3544 3536 
169650 3553 3549 
169700 3556 3553 
169750 3564 3561 
169800 3546 3545 
169850 3561 3561 
169900 3558 3561 
169950 3566 3565 
170000 3546 3547 
170050 3554 3554 
170100 3555 3554 
170150 3562 3561 
170200 3560 3558 
170250 3562 3564 
170300 3552 3557 
170350 3550 3553 
170400 3557 3547 
170450 3542 3542 
170500 3542 3544 
170550 3556 3552 
170600 3553 3552 
170650 3559 3557 
170700 3556 3554 
170750 3560 3560 
170800 3539 3545 
170850 3551 3551 
170900 3544 3552 
170950 3556 3556 
171000 3557 3555 
171050 3566 3563 
171100 3562 3561 
171150 3564 3560 
171200 3570 3564 
171250 3558 3553 
171300 3555 3555 
171350 3546 3552 
171400 3557 3552 
171450 3550 3546 
171500 3545 3547 
171550 3558 3563 
171600 3552 3539 
171650 3554 3549 
171700 3549 3547 
171750 3558 3561 
171800 3558 3552 
171850 3544 3540 
171900 3565 3559 
171950 3565 3562 
172000 3566 3561 
172050 3552 3555 
172100 3554 3548 
172150 3571 3572 
172200 3560 3555 
172250 3542 3541 
172300 3556 3561 
172350 3544 3549 
172400 3556 3554 
172450 3557 3560 
172500 3544 3539 
172550 3553 3553 
172600 3553 3555 
172650 3562 3567 
172700 3546 3548 
172750 3542 3550 
172800 3541 3540 
172850 3556 3557 
172900 3559 3557 
172950 3555 3553 
173000 3551 3550 
173050 3550 3544 
173100 3546 3543 
173150 3560 3556 
173200 3557 3556 
173250 3568 3562 
173300 3567 3561 
173350 3550 3544 
173400 3551 3542 
173450 3551 3553 
173500 3558 3561 
173550 3546 3549 
173600 3555 3552 
173650 3567 3565 
173700 3555 3552 
173750 3553 3554 
173800 3560 3560 
173850 3547 3555 
173900 3547 3543 
173950 3548 3545 
174000 3559 3548 
174050 3557 3563 
174100 3564 3557 
174150 3557 3557 
174200 3565 3564 
174250 3558 3561 
174300 3564 3562 
174350 3551 3544 
174400 3562 3560 
174450 3575 3576 
174500 3557 3561 
174550 3543 3543 
174600 3535 3542 
174650 3551 3549 
174700 3548 3544 
174750 3557 3554 
174800 3565 3562 
174850 3556 3559 
174900 3558 3555 
174950 3563 3558 
175000 3566 3567 
175050 3540 3548 
175100 3545 3536 
175150 3557 3556 
175200 3560 3560 
175250 3545 3543 
175300 3556 3545 
175350 3549 3547 
175400 3554 3553 
175450 3557 3553 
175500 3557 3550 
175550 3566 3564 
175600 3551 3548 
175650 3571 3567 
175700 3560 3557 
175750 3541 3543 
175800 3543 3540 
175850 3545 3545 
175900 3549 3548 
175950 3548 3550 
176000 3553 3550 
176050 3566 3572 
176100 3558 3557 
176150 3550 3554 
176200 3555 3556 
176250 3553 3553 
176300 3547 3552 
176350 3537 3543 
176400 3559 3564 
176450 3545 3546 
176500 3556 3546 
176550 3553 3546 
176600 3564 3564 
176650 3553 3551 
176700 3558 3558 
176750 3553 3552 
176800 3539 3547 
176850 3559 3556 
176900 3542 3546 
176950 3559 3560 
177000 3550 3552 
177050 3559 3556 
177100 3556 3558 
177150 3560 3562 
177200 3538 3536 
177250 3565 3564 
177300 3552 3547 
177350 3545 3550 
177400 3540 3550 
177450 3543 3537 
177500 3541 3545 
177550 3551 3553 
177600 3544 3541 
177650 3568 3569 
177700 3551 3543 
177750 3572 3570 
177800 3545 3547 
177850 3553 3559 
177900 3559 3564 
177950 3555 3550 
178000 3566 3563 
178050 3551 3557 
178100 3572 3574 
178150 3548 3546 
178200 3551 3555 
178250 3556 3553 
178300 3537 3541 
178350 3560 3560 
178400 3554 3551 
178450 3556 3561 
178500 3553 3561 
178550 3547 3547 
178600 3547 3546 
178650 3560 3564 
178700 3540 3551 
178750 3551 3554 
178800 3559 3557 
178850 3556 3562 
178900 3556 3556 
178950 3532 3532 
179000 3559 3559 
179050 3557 3559 
179100 3544 3548 
179150 3539 3537 
179200 3555 3557 
179250 3562 3559 
179300 3561 3562 
179350 3558 3553 
179400 3559 3557 
179450 3569 3567 
179500 3552 3552 
179550 3544 3545 
179600 3558 3554 
179650 3553 3548 
179700 3563 3564 
179750 3554 3549 
179800 3561 3559 
179850 3550 3546 
179900 3546 3548 
179950 3554 3555 
180000 3548 3546 
180050 3560 3564 
180100 3559 3554 
180150 3547 3535 
180200 3553 3548 
180250 3558 3560 
180300 3543 3540 
180350 3543 3546 
180400 3545 3549 
180450 3560 3553 
180500 3547 3546 
180550 3563 3570 
180600 3544 3544 
180650 3548 3552 
180700 3555 3556 
180750 3558 3562 
180800 3556 3555 
180850 3553 3550 
180900 3556 3553 
180950 3547 3549 
181000 3567 3565 
181050 3561 3560 
181100 3551 3550 
181150 3555 3550 
181200 3550 3553 
181250 3551 3549 
181300 3568 3569 
181350 3556 3557 
181400 3552 3547 
181450 3537 3538 
181500 3555 3548 
181550 3553 3559 
181600 3555 3551 
181650 3547 3552 
181700 3556 3558 
181750 3547 3546 
181800 3533 3532 
181850 3547 3551 
181900 3548 3550 
181950 3552 3552 
182000 3554 3552 
182050 3556 3555 
182100 3558 3555 
182150 3555 3553 
182200 3554 3554 
182250 3543 3542 
182300 3549 3544 
182350 3559 3553 
182400 3560 3558 
182450 3549 3543 
182500 3557 3560 
182550 3561 3557 
182600 3551 3549 
182650 3556 3557 
182700 3566 3566 
182750 3567 3566 
182800 3540 3540 
182850 3556 3547 
182900 3557 3558 
182950 3552 3550 
183000 3567 3566 
183050 3559 3551 
183100 3545 3544 
183150 3553 3555 
183200 3567 3564 
183250 3564 3558 
183300 3554 3557 
183350 3547 3552 
183400 3555 3552 
183450 3555 3552 
183500 3547 3547 
183550 3556 3558 
183600 3543 3545 
183650 3550 3550 
183700 3548 3549 
183750 3558 3554 
183800 3544 3541 
183850 3541 3534 
183900 3544 3550 
183950 3557 3558 
184000 3552 3557 
184050 3568 3563 
184100 3555 3556 
184150 3542 3543 
184200 3556 3546 
184250 3556 3553 
184300 3553 3551 
184350 3555 3553 
184400 3552 3551 
184450 3552 3555 
184500 3536 3543 
184550 3563 3563 
184600 3551 3553 
184650 3570 3571 
184700 3555 3555 
184750 3562 3555 
184800 3551 3549 
184850 3554 3553 
184900 3553 3556 
184950 3557 3555 
185000 3564 3557 
185050 3568 3567 
185100 3555 3557 
185150 3544 3544 
185200 3561 3561 
185250 3554 3558 
185300 3550 3543 
185350 3549 3550 
185400 3554 3551 
185450 3539 3536 
185500 3556 3550 
185550 3548 3548 
185600 3544 3543 
185650 3558 3555 
185700 3555 3553 
185750 3561 3556 
185800 3561 3561 
185850 3550 3553 
185900 3542 3540 
185950 3552 3549 
186000 3549 3551 
186050 3539 3537 
186100 3551 3553 
186150 3540 3544 
186200 3554 3562 
186250 3544 3541 
186300 3527 3532 
186350 3551 3544 
186400 3546 3547 
186450 3555 3555 
186500 3540 3545 
186550 3537 3534 
186600 3556 3540 
186650 3553 3548 
186700 3556 3552 
186750 3565 3562 
186800 3546 3547 
186850 3553 3549 
186900 3544 3545 
186950 3561 3560 
187000 3542 3544 
187050 3551 3553 
187100 3551 3559 
187150 3560 3558 
187200 3536 3536 
187250 3565 3561 
187300 3560 3560 
187350 3553 3549 
187400 3557 3553 
187450 3543 3546 
187500 3550 3549 
187550 3555 3551 
187600 3542 3541 
187650 3532 3537 
187700 3546 3541 
187750 3548 3541 
187800 3557 3558 
187850 3555 3556 
187900 3554 3551 
187950 3526 3535 
188000 3545 3548 
188050 3546 3546 
188100 3554 3552 
188150 3562 3557 
188200 3543 3545 
188250 3556 3553 
188300 3556 3556 
188350 3549 3551 
188400 3552 3550 
188450 3548 3550 
188500 3551 3544 
188550 3558 3555 
188600 3560 3556 
188650 3552 3543 
188700 3565 3558 
188750 3561 3558 
188800 3553 3550 
188850 3555 3543 
188900 3568 3560 
188950 3554 3550 
189000 3557 3561 
189050 3558 3561 
189100 3560 3562 
189150 3548 3543 
189200 3552 3551 
189250 3559 3556 
189300 3542 3548 
189350 3551 3549 
189400 3551 3552 
189450 3566 3566 
189500 3553 3552 
189550 3558 3559 
189600 3550 3554 
189650 3547 3543 
189700 3544 3538 
189750 3552 3552 
189800 3542 3542 
189850 3540 3542 
189900 3552 3542 
189950 3562 3558 
190000 3557 3556 
190050 3567 3566 
190100 3549 3546 
190150 3557 3556 
190200 3562 3562 
190250 3555 3549 
190300 3557 3564 
190350 3569 3566 
190400 3565 3561 
190450 3549 3547 
190500 3558 3560 
190550 3564 3560 
190600 3548 3546 
190650 3552 3553 
190700 3561 3560 
190750 3535 3540 
190800 3549 3547 
190850 3557 3559 
190900 3549 3545 
190950 3554 3554 
191000 3558 3560 
191050 3554 3555 
191100 3564 3556 
191150 3554 3555 
191200 3553 3548 
191250 3563 3563 
191300 3568 3570 
191350 3553 3551 
191400 3552 3551 
191450 3541 3538 
191500 3549 3548 
191550 3545 3549 
191600 3559 3555 
191650 3562 3562 
191700 3536 3529 
191750 3546 3544 
191800 3532 3543 
191850 3554 3555 
191900 3531 3535 
191950 3551 3549 
192000 3548 3554 
192050 3557 3563 
192100 3555 3557 
192150 3550 3540 
192200 3548 3549 
192250 3560 3557 
192300 3564 3563 
192350 3542 3538 
192400 3555 3551 
192450 3540 3543 
192500 3546 3543 
192550 3549 3544 
192600 3543 3545 
192650 3549 3545 
192700 3558 3556 
192750 3557 3553 
192800 3559 3557 
192850 3557 3553 
192900 3545 3546 
192950 3550 3553 
193000 3551 3549 
193050 3551 3549 
193100 3558 3558 
193150 3567 3559 
193200 3549 3552 
193250 3564 3563 
193300 3548 3544 
193350 3556 3558 
193400 3560 3564 
193450 3558 3559 
193500 3567 3567 
193550 3543 3546 
193600 3549 3554 
193650 3552 3550 
193700 3526 3526 
193750 3556 3555 
193800 3555 3555 
193850 3563 3561 
193900 3557 3558 
193950 3537 3535 
194000 3568 3569 
194050 3560 3557 
194100 3553 3547 
194150 3558 3554 
194200 3550 3546 
194250 3549 3556 
194300 3549 3547 
194350 3549 3554 
194400 3542 3538 
194450 3551 3546 
194500 3557 3557 
194550 3557 3560 
194600 3556 3555 
194650 3563 3554 
194700 3559 3559 
194750 3538 3543 
194800 3565 3574 
194850 3551 3551 
194900 3550 3545 
194950 3559 3554 
195000 3555 3553 
195050 3555 3555 
195100 3553 3552 
195150 3565 3563 
195200 3552 3550 
195250 3548 3552 
195300 3550 3549 
195350 3553 3556 
195400 3560 3558 
195450 3557 3555 
195500 3550 3548 
195550 3547 3545 
195600 3554 3552 
195650 3540 3548 
195700 3553 3555 
195750 3536 3534 
195800 3545 3545 
195850 3545 3540 
195900 3567 3565 
195950 3553 3554 
196000 3557 3554 
196050 3571 3573 
196100 3563 3558 
196150 3539 3540 
196200 3535 3535 
196250 3549 3548 
196300 3556 3565 
196350 3553 3546 
196400 3546 3548 
196450 3538 3535 
196500 3563 3566 
196550 3543 3544 
196600 3553 3556 
196650 3556 3557 
196700 3567 3560 
196750 3546 3541 
196800 3550 3544 
196850 3539 3536 
196900 3561 3558 
196950 3555 3560 
197000 3553 3556 
197050 3540 3544 
197100 3556 3552 
197150 3539 3540 
197200 3547 3548 
197250 3532 3537 
197300 3558 3558 
197350 3560 3557 
197400 3552 3550 
197450 3554 3550 
197500 3548 3552 
197550 3564 3559 
197600 3557 3552 
197650 3552 3555 
197700 3557 3556 
197750 3542 3538 
197800 3552 3548 
197850 3558 3557 
197900 3558 3560 
197950 3559 3561 
198000 3547 3545 
198050 3555 3559 
198100 3548 3546 
198150 3558 3554 
198200 3551 3550 
198250 3549 3549 
198300 3569 3569 
198350 3544 3540 
198400 3527 3529 
198450 3552 3559 
198500 3548 3554 
198550 3543 3538 
198600 3530 3528 
198650 3551 3549 
198700 3554 3554 
198750 3545 3551 
198800 3567 3566 
198850 3550 3552 
198900 3556 3561 
198950 3563 3564 
199000 3567 3566 
199050 3549 3545 
199100 3553 3556 
199150 3551 3557 
199200 3556 3558 
199250 3561 3566 
199300 3534 3538 
199350 3539 3544 
199400 3534 3542 
199450 3538 3550 
199500 3532 3535 
199550 3551 3554 
199600 3557 3565 
199650 3541 3543 
199700 3565 3568 
199750 3544 3544 
199800 3558 3556 
199850 3551 3556 
199900 3565 3564 
199950 3546 3542 
200000 3561 3561 
