# Avida tasks data
# Sat Apr  7 02:35:03 2012
# First column gives the current update, next columns give the number
# of organisms that have the particular task as a component of their merit
#  1: Update
#  2: Xor
#  3: Equals

0 0 0 
50 5 5 
100 24 24 
150 85 85 
200 185 185 
250 365 363 
300 579 573 
350 810 810 
400 1169 1171 
450 1568 1562 
500 1978 1977 
550 2510 2511 
600 3046 3051 
650 3356 3356 
700 3511 3506 
750 3550 3557 
800 3542 3539 
850 3546 3552 
900 3547 3549 
950 3540 3544 
1000 3542 3543 
1050 3550 3549 
1100 3542 3548 
1150 3552 3550 
1200 3544 3540 
1250 3541 3542 
1300 3535 3532 
1350 3549 3546 
1400 3551 3544 
1450 3538 3541 
1500 3540 3541 
1550 3538 3542 
1600 3551 3554 
1650 3539 3537 
1700 3540 3538 
1750 3540 3537 
1800 3542 3543 
1850 3553 3556 
1900 3541 3543 
1950 3544 3546 
2000 3539 3541 
2050 3548 3548 
2100 3555 3554 
2150 3566 3567 
2200 3554 3547 
2250 3543 3542 
2300 3561 3562 
2350 3537 3533 
2400 3557 3553 
2450 3554 3550 
2500 3542 3543 
2550 3543 3544 
2600 3543 3548 
2650 3541 3545 
2700 3526 3534 
2750 3543 3536 
2800 3539 3538 
2850 3524 3523 
2900 3535 3535 
2950 3534 3537 
3000 3533 3530 
3050 3528 3524 
3100 3537 3540 
3150 3545 3549 
3200 3540 3541 
3250 3541 3536 
3300 3540 3541 
3350 3543 3542 
3400 3545 3543 
3450 3548 3544 
3500 3528 3528 
3550 3547 3550 
3600 3537 3537 
3650 3535 3539 
3700 3525 3529 
3750 3537 3531 
3800 3547 3547 
3850 3537 3539 
3900 3544 3550 
3950 3548 3548 
4000 3519 3517 
4050 3536 3540 
4100 3546 3543 
4150 3559 3557 
4200 3536 3534 
4250 3538 3539 
4300 3543 3542 
4350 3537 3531 
4400 3533 3538 
4450 3534 3527 
4500 3545 3539 
4550 3533 3527 
4600 3537 3536 
4650 3553 3556 
4700 3543 3540 
4750 3561 3557 
4800 3540 3540 
4850 3536 3536 
4900 3560 3563 
4950 3547 3545 
5000 3532 3539 
5050 3547 3543 
5100 3548 3549 
5150 3545 3547 
5200 3552 3552 
5250 3540 3537 
5300 3547 3548 
5350 3534 3531 
5400 3545 3547 
5450 3545 3543 
5500 3544 3546 
5550 3542 3542 
5600 3555 3555 
5650 3553 3550 
5700 3545 3546 
5750 3523 3528 
5800 3539 3535 
5850 3550 3546 
5900 3547 3545 
5950 3544 3545 
6000 3537 3547 
6050 3549 3551 
6100 3524 3523 
6150 3541 3539 
6200 3539 3540 
6250 3536 3544 
6300 3556 3556 
6350 3553 3552 
6400 3554 3554 
6450 3540 3533 
6500 3542 3545 
6550 3546 3540 
6600 3543 3540 
6650 3549 3546 
6700 3544 3545 
6750 3527 3536 
6800 3550 3552 
6850 3533 3535 
6900 3558 3556 
6950 3542 3542 
7000 3548 3551 
7050 3542 3547 
7100 3546 3549 
7150 3529 3531 
7200 3546 3543 
7250 3543 3548 
7300 3530 3540 
7350 3542 3545 
7400 3530 3536 
7450 3521 3522 
7500 3543 3545 
7550 3533 3528 
7600 3542 3548 
7650 3540 3540 
7700 3538 3535 
7750 3540 3541 
7800 3551 3544 
7850 3550 3557 
7900 3531 3534 
7950 3536 3539 
8000 3560 3557 
8050 3544 3546 
8100 3553 3543 
8150 3557 3557 
8200 3536 3533 
8250 3556 3550 
8300 3543 3544 
8350 3552 3553 
8400 3539 3539 
8450 3553 3547 
8500 3539 3540 
8550 3553 3547 
8600 3555 3555 
8650 3547 3554 
8700 3551 3549 
8750 3544 3550 
8800 3546 3543 
8850 3541 3541 
8900 3520 3521 
8950 3534 3530 
9000 3539 3539 
9050 3548 3549 
9100 3526 3532 
9150 3541 3544 
9200 3557 3559 
9250 3534 3537 
9300 3533 3541 
9350 3532 3530 
9400 3538 3533 
9450 3542 3536 
9500 3558 3555 
9550 3553 3551 
9600 3560 3555 
9650 3547 3538 
9700 3519 3525 
9750 3546 3550 
9800 3544 3549 
9850 3554 3558 
9900 3536 3546 
9950 3536 3545 
10000 3542 3542 
10050 3539 3542 
10100 3545 3543 
10150 3535 3534 
10200 3540 3546 
10250 3544 3541 
10300 3544 3544 
10350 3541 3540 
10400 3548 3551 
10450 3541 3541 
10500 3548 3543 
10550 3524 3527 
10600 3554 3559 
10650 3550 3549 
10700 3555 3550 
10750 3544 3549 
10800 3545 3551 
10850 3539 3536 
10900 3554 3546 
10950 3547 3546 
11000 3559 3562 
11050 3541 3533 
11100 3550 3549 
11150 3563 3563 
11200 3544 3550 
11250 3552 3551 
11300 3542 3544 
11350 3553 3557 
11400 3542 3540 
11450 3553 3554 
11500 3551 3554 
11550 3530 3536 
11600 3539 3537 
11650 3549 3544 
11700 3544 3543 
11750 3559 3555 
11800 3558 3554 
11850 3555 3550 
11900 3553 3554 
11950 3532 3538 
12000 3535 3528 
12050 3547 3546 
12100 3543 3541 
12150 3546 3550 
12200 3531 3526 
12250 3548 3549 
12300 3564 3555 
12350 3552 3549 
12400 3550 3547 
12450 3521 3529 
12500 3545 3540 
12550 3553 3547 
12600 3545 3551 
12650 3551 3551 
12700 3554 3554 
12750 3546 3540 
12800 3539 3537 
12850 3555 3557 
12900 3545 3550 
12950 3547 3557 
13000 3536 3536 
13050 3543 3551 
13100 3539 3537 
13150 3550 3551 
13200 3546 3546 
13250 3540 3542 
13300 3542 3539 
13350 3534 3543 
13400 3534 3538 
13450 3537 3535 
13500 3540 3534 
13550 3544 3543 
13600 3540 3538 
13650 3562 3560 
13700 3539 3531 
13750 3549 3549 
13800 3541 3543 
13850 3539 3541 
13900 3558 3560 
13950 3541 3541 
14000 3549 3553 
14050 3539 3539 
14100 3549 3544 
14150 3544 3544 
14200 3547 3545 
14250 3541 3544 
14300 3548 3549 
14350 3535 3535 
14400 3525 3529 
14450 3536 3529 
14500 3557 3563 
14550 3551 3549 
14600 3553 3554 
14650 3543 3548 
14700 3539 3535 
14750 3557 3554 
14800 3537 3541 
14850 3526 3525 
14900 3539 3539 
14950 3545 3543 
15000 3529 3537 
15050 3538 3538 
15100 3547 3545 
15150 3554 3553 
15200 3553 3550 
15250 3539 3545 
15300 3531 3529 
15350 3541 3535 
15400 3546 3550 
15450 3541 3537 
15500 3537 3544 
15550 3543 3550 
15600 3560 3548 
15650 3533 3536 
15700 3537 3536 
15750 3549 3549 
15800 3548 3547 
15850 3549 3548 
15900 3551 3548 
15950 3543 3545 
16000 3544 3539 
16050 3547 3549 
16100 3549 3551 
16150 3547 3548 
16200 3556 3560 
16250 3534 3538 
16300 3541 3544 
16350 3543 3539 
16400 3546 3550 
16450 3552 3550 
16500 3540 3540 
16550 3550 3556 
16600 3545 3550 
16650 3538 3539 
16700 3551 3550 
16750 3554 3555 
16800 3531 3522 
16850 3537 3540 
16900 3555 3552 
16950 3551 3545 
17000 3537 3533 
17050 3549 3550 
17100 3547 3545 
17150 3545 3546 
17200 3559 3560 
17250 3563 3565 
17300 3541 3537 
17350 3566 3564 
17400 3537 3538 
17450 3548 3553 
17500 3559 3560 
17550 3551 3550 
17600 3534 3533 
17650 3528 3524 
17700 3533 3528 
17750 3532 3539 
17800 3536 3538 
17850 3549 3549 
17900 3566 3567 
17950 3553 3554 
18000 3530 3532 
18050 3552 3553 
18100 3541 3541 
18150 3561 3560 
18200 3548 3546 
18250 3556 3548 
18300 3544 3551 
18350 3555 3556 
18400 3555 3554 
18450 3548 3548 
18500 3545 3545 
18550 3537 3546 
18600 3549 3551 
18650 3550 3553 
18700 3552 3552 
18750 3541 3538 
18800 3542 3547 
18850 3555 3554 
18900 3551 3554 
18950 3546 3555 
19000 3543 3539 
19050 3543 3542 
19100 3555 3542 
19150 3569 3567 
19200 3550 3556 
19250 3555 3557 
19300 3546 3543 
19350 3550 3549 
19400 3546 3547 
19450 3531 3528 
19500 3549 3542 
19550 3539 3545 
19600 3552 3552 
19650 3565 3561 
19700 3552 3553 
19750 3543 3543 
19800 3547 3551 
19850 3540 3538 
19900 3544 3546 
19950 3552 3544 
20000 3527 3518 
20050 3536 3541 
20100 3545 3549 
20150 3560 3552 
20200 3539 3531 
20250 3526 3532 
20300 3546 3544 
20350 3552 3549 
20400 3543 3541 
20450 3544 3537 
20500 3551 3546 
20550 3543 3543 
20600 3547 3546 
20650 3538 3540 
20700 3549 3552 
20750 3525 3532 
20800 3548 3553 
20850 3538 3544 
20900 3539 3541 
20950 3541 3538 
21000 3546 3540 
21050 3540 3537 
21100 3544 3541 
21150 3550 3543 
21200 3540 3540 
21250 3555 3554 
21300 3549 3542 
21350 3549 3552 
21400 3544 3544 
21450 3547 3544 
21500 3562 3558 
21550 3557 3551 
21600 3533 3539 
21650 3548 3547 
21700 3541 3539 
21750 3534 3530 
21800 3541 3546 
21850 3543 3541 
21900 3546 3540 
21950 3553 3552 
22000 3554 3552 
22050 3549 3548 
22100 3547 3543 
22150 3560 3559 
22200 3557 3555 
22250 3545 3541 
22300 3551 3549 
22350 3559 3556 
22400 3563 3557 
22450 3554 3551 
22500 3538 3535 
22550 3536 3539 
22600 3543 3541 
22650 3551 3547 
22700 3545 3545 
22750 3549 3548 
22800 3544 3542 
22850 3540 3531 
22900 3550 3544 
22950 3541 3541 
23000 3566 3564 
23050 3556 3550 
23100 3538 3537 
23150 3543 3538 
23200 3541 3541 
23250 3558 3557 
23300 3558 3559 
23350 3550 3544 
23400 3540 3540 
23450 3547 3541 
23500 3559 3563 
23550 3549 3545 
23600 3556 3548 
23650 3550 3551 
23700 3545 3547 
23750 3550 3551 
23800 3557 3552 
23850 3547 3550 
23900 3556 3556 
23950 3542 3543 
24000 3556 3553 
24050 3537 3537 
24100 3550 3549 
24150 3550 3548 
24200 3550 3551 
24250 3549 3549 
24300 3548 3538 
24350 3552 3544 
24400 3541 3539 
24450 3561 3555 
24500 3549 3543 
24550 3558 3563 
24600 3537 3539 
24650 3555 3551 
24700 3538 3541 
24750 3546 3550 
24800 3546 3541 
24850 3531 3531 
24900 3553 3547 
24950 3552 3541 
25000 3553 3549 
25050 3556 3550 
25100 3546 3546 
25150 3552 3553 
25200 3549 3546 
25250 3557 3556 
25300 3556 3550 
25350 3540 3544 
25400 3540 3541 
25450 3543 3544 
25500 3552 3547 
25550 3556 3552 
25600 3565 3565 
25650 3550 3548 
25700 3540 3538 
25750 3549 3544 
25800 3554 3548 
25850 3552 3548 
25900 3541 3546 
25950 3549 3553 
26000 3546 3546 
26050 3554 3560 
26100 3540 3540 
26150 3544 3542 
26200 3545 3546 
26250 3543 3546 
26300 3557 3553 
26350 3543 3534 
26400 3553 3556 
26450 3543 3547 
26500 3551 3553 
26550 3542 3538 
26600 3550 3547 
26650 3545 3543 
26700 3545 3550 
26750 3555 3554 
26800 3562 3560 
26850 3548 3554 
26900 3552 3558 
26950 3555 3554 
27000 3550 3556 
27050 3540 3542 
27100 3542 3544 
27150 3534 3538 
27200 3548 3546 
27250 3555 3551 
27300 3549 3540 
27350 3540 3535 
27400 3553 3535 
27450 3553 3545 
27500 3553 3547 
27550 3530 3531 
27600 3530 3524 
27650 3552 3548 
27700 3536 3541 
27750 3521 3533 
27800 3549 3554 
27850 3544 3538 
27900 3545 3543 
27950 3536 3537 
28000 3550 3548 
28050 3556 3562 
28100 3534 3541 
28150 3551 3552 
28200 3535 3537 
28250 3536 3538 
28300 3542 3540 
28350 3540 3536 
28400 3547 3547 
28450 3553 3552 
28500 3541 3542 
28550 3559 3557 
28600 3544 3540 
28650 3553 3551 
28700 3549 3548 
28750 3559 3558 
28800 3552 3551 
28850 3556 3552 
28900 3546 3547 
28950 3547 3551 
29000 3544 3547 
29050 3539 3540 
29100 3545 3547 
29150 3548 3545 
29200 3547 3546 
29250 3545 3548 
29300 3544 3542 
29350 3554 3559 
29400 3551 3560 
29450 3548 3550 
29500 3554 3556 
29550 3547 3550 
29600 3554 3547 
29650 3555 3558 
29700 3550 3553 
29750 3543 3539 
29800 3544 3544 
29850 3539 3534 
29900 3540 3539 
29950 3542 3543 
30000 3536 3539 
30050 3554 3557 
30100 3530 3538 
30150 3538 3539 
30200 3552 3551 
30250 3530 3532 
30300 3544 3544 
30350 3543 3543 
30400 3538 3541 
30450 3548 3550 
30500 3562 3559 
30550 3531 3537 
30600 3535 3544 
30650 3548 3554 
30700 3545 3542 
30750 3538 3536 
30800 3543 3547 
30850 3540 3541 
30900 3536 3535 
30950 3563 3559 
31000 3542 3545 
31050 3545 3548 
31100 3534 3530 
31150 3527 3524 
31200 3546 3544 
31250 3554 3553 
31300 3546 3550 
31350 3539 3549 
31400 3553 3551 
31450 3548 3550 
31500 3558 3553 
31550 3542 3543 
31600 3556 3554 
31650 3543 3538 
31700 3544 3546 
31750 3550 3550 
31800 3548 3543 
31850 3559 3559 
31900 3556 3555 
31950 3567 3564 
32000 3555 3556 
32050 3548 3550 
32100 3557 3557 
32150 3550 3546 
32200 3546 3548 
32250 3545 3540 
32300 3542 3533 
32350 3555 3552 
32400 3554 3554 
32450 3539 3544 
32500 3545 3546 
32550 3549 3547 
32600 3547 3548 
32650 3541 3535 
32700 3556 3553 
32750 3558 3550 
32800 3551 3549 
32850 3553 3551 
32900 3554 3554 
32950 3549 3551 
33000 3551 3554 
33050 3555 3556 
33100 3559 3559 
33150 3545 3538 
33200 3547 3537 
33250 3538 3537 
33300 3530 3537 
33350 3531 3532 
33400 3545 3540 
33450 3547 3546 
33500 3548 3546 
33550 3527 3523 
33600 3556 3550 
33650 3524 3527 
33700 3551 3548 
33750 3548 3549 
33800 3526 3527 
33850 3537 3535 
33900 3541 3534 
33950 3549 3544 
34000 3557 3555 
34050 3548 3552 
34100 3559 3562 
34150 3544 3543 
34200 3535 3538 
34250 3551 3546 
34300 3540 3539 
34350 3545 3536 
34400 3544 3539 
34450 3537 3534 
34500 3539 3537 
34550 3541 3535 
34600 3542 3539 
34650 3532 3537 
34700 3549 3551 
34750 3540 3541 
34800 3542 3536 
34850 3540 3546 
34900 3532 3537 
34950 3561 3558 
35000 3537 3544 
35050 3541 3540 
35100 3550 3546 
35150 3545 3543 
35200 3539 3539 
35250 3548 3550 
35300 3547 3550 
35350 3532 3543 
35400 3549 3552 
35450 3555 3559 
35500 3541 3536 
35550 3542 3537 
35600 3528 3533 
35650 3544 3546 
35700 3536 3539 
35750 3533 3535 
35800 3549 3543 
35850 3549 3548 
35900 3547 3546 
35950 3543 3543 
36000 3544 3541 
36050 3554 3556 
36100 3543 3546 
36150 3553 3554 
36200 3547 3544 
36250 3533 3532 
36300 3550 3552 
36350 3536 3539 
36400 3536 3536 
36450 3542 3542 
36500 3555 3548 
36550 3557 3559 
36600 3551 3553 
36650 3556 3567 
36700 3550 3546 
36750 3546 3551 
36800 3550 3557 
36850 3534 3533 
36900 3542 3540 
36950 3540 3536 
37000 3545 3550 
37050 3540 3543 
37100 3547 3547 
37150 3534 3530 
37200 3553 3551 
37250 3560 3555 
37300 3561 3555 
37350 3546 3549 
37400 3539 3542 
37450 3543 3545 
37500 3548 3551 
37550 3527 3533 
37600 3544 3546 
37650 3545 3547 
37700 3549 3544 
37750 3552 3538 
37800 3549 3552 
37850 3550 3547 
37900 3526 3525 
37950 3543 3541 
38000 3540 3544 
38050 3545 3552 
38100 3548 3550 
38150 3524 3528 
38200 3543 3547 
38250 3537 3537 
38300 3538 3533 
38350 3546 3544 
38400 3549 3547 
38450 3554 3552 
38500 3543 3536 
38550 3555 3548 
38600 3565 3568 
38650 3541 3536 
38700 3541 3540 
38750 3556 3554 
38800 3535 3542 
38850 3534 3540 
38900 3549 3544 
38950 3546 3539 
39000 3551 3549 
39050 3541 3546 
39100 3543 3550 
39150 3548 3551 
39200 3545 3546 
39250 3550 3548 
39300 3549 3552 
39350 3543 3544 
39400 3559 3560 
39450 3556 3553 
39500 3541 3545 
39550 3542 3546 
39600 3553 3551 
39650 3562 3563 
39700 3551 3557 
39750 3543 3546 
39800 3533 3535 
39850 3542 3545 
39900 3532 3528 
39950 3547 3547 
40000 3549 3548 
40050 3521 3519 
40100 3532 3532 
40150 3533 3536 
40200 3543 3543 
40250 3541 3546 
40300 3541 3541 
40350 3538 3536 
40400 3544 3543 
40450 3563 3560 
40500 3563 3565 
40550 3544 3546 
40600 3539 3539 
40650 3549 3546 
40700 3549 3551 
40750 3541 3543 
40800 3547 3548 
40850 3557 3561 
40900 3544 3539 
40950 3535 3534 
41000 3547 3543 
41050 3531 3536 
41100 3547 3546 
41150 3543 3545 
41200 3553 3557 
41250 3543 3541 
41300 3541 3539 
41350 3537 3539 
41400 3537 3543 
41450 3546 3549 
41500 3544 3546 
41550 3542 3537 
41600 3544 3544 
41650 3541 3540 
41700 3560 3560 
41750 3569 3573 
41800 3550 3554 
41850 3544 3549 
41900 3552 3553 
41950 3560 3556 
42000 3544 3540 
42050 3525 3531 
42100 3544 3547 
42150 3546 3548 
42200 3534 3529 
42250 3545 3545 
42300 3539 3542 
42350 3540 3541 
42400 3541 3538 
42450 3528 3527 
42500 3540 3535 
42550 3537 3538 
42600 3547 3547 
42650 3552 3553 
42700 3552 3552 
42750 3548 3551 
42800 3548 3551 
42850 3567 3561 
42900 3534 3530 
42950 3541 3537 
43000 3524 3527 
43050 3544 3542 
43100 3553 3557 
43150 3542 3532 
43200 3535 3527 
43250 3546 3546 
43300 3550 3552 
43350 3545 3549 
43400 3540 3535 
43450 3544 3545 
43500 3546 3544 
43550 3539 3543 
43600 3538 3535 
43650 3537 3536 
43700 3546 3548 
43750 3542 3546 
43800 3540 3539 
43850 3528 3527 
43900 3552 3549 
43950 3554 3562 
44000 3542 3546 
44050 3556 3556 
44100 3533 3528 
44150 3546 3548 
44200 3550 3551 
44250 3552 3550 
44300 3547 3547 
44350 3544 3540 
44400 3544 3542 
44450 3549 3547 
44500 3542 3534 
44550 3542 3538 
44600 3546 3547 
44650 3554 3553 
44700 3537 3541 
44750 3537 3545 
44800 3525 3523 
44850 3540 3541 
44900 3539 3533 
44950 3544 3543 
45000 3546 3545 
45050 3539 3532 
45100 3544 3546 
45150 3544 3539 
45200 3569 3563 
45250 3537 3533 
45300 3557 3554 
45350 3554 3557 
45400 3552 3553 
45450 3534 3540 
45500 3542 3543 
45550 3550 3548 
45600 3545 3549 
45650 3544 3538 
45700 3541 3542 
45750 3541 3542 
45800 3561 3561 
45850 3556 3557 
45900 3554 3550 
45950 3541 3540 
46000 3558 3561 
46050 3554 3557 
46100 3549 3555 
46150 3554 3558 
46200 3552 3552 
46250 3555 3562 
46300 3528 3532 
46350 3551 3554 
46400 3558 3561 
46450 3556 3557 
46500 3539 3537 
46550 3547 3539 
46600 3541 3531 
46650 3541 3545 
46700 3551 3551 
46750 3555 3554 
46800 3550 3553 
46850 3530 3533 
46900 3546 3552 
46950 3546 3554 
47000 3540 3544 
47050 3536 3540 
47100 3543 3543 
47150 3555 3552 
47200 3543 3543 
47250 3558 3550 
47300 3560 3560 
47350 3551 3547 
47400 3551 3551 
47450 3548 3545 
47500 3560 3558 
47550 3547 3541 
47600 3556 3557 
47650 3538 3536 
47700 3523 3529 
47750 3539 3542 
47800 3554 3549 
47850 3543 3540 
47900 3547 3548 
47950 3555 3548 
48000 3536 3540 
48050 3537 3535 
48100 3546 3545 
48150 3548 3557 
48200 3555 3558 
48250 3549 3546 
48300 3550 3550 
48350 3533 3535 
48400 3547 3548 
48450 3545 3547 
48500 3535 3538 
48550 3538 3541 
48600 3537 3538 
48650 3557 3550 
48700 3551 3546 
48750 3541 3543 
48800 3558 3554 
48850 3551 3551 
48900 3555 3552 
48950 3545 3545 
49000 3536 3533 
49050 3551 3547 
49100 3540 3539 
49150 3536 3539 
49200 3541 3542 
49250 3560 3555 
49300 3554 3551 
49350 3532 3533 
49400 3544 3540 
49450 3549 3542 
49500 3532 3525 
49550 3540 3539 
49600 3537 3535 
49650 3533 3530 
49700 3558 3552 
49750 3547 3545 
49800 3534 3536 
49850 3538 3536 
49900 3555 3559 
49950 3534 3530 
50000 3533 3537 
50050 3559 3559 
50100 3558 3558 
50150 3555 3556 
50200 3549 3546 
50250 3536 3543 
50300 3557 3562 
50350 3560 3563 
50400 3554 3548 
50450 3522 3527 
50500 3537 3542 
50550 3547 3552 
50600 3545 3542 
50650 3538 3543 
50700 3547 3541 
50750 3539 3536 
50800 3541 3541 
50850 3553 3550 
50900 3535 3536 
50950 3552 3548 
51000 3563 3562 
51050 3546 3539 
51100 3548 3544 
51150 3537 3536 
51200 3534 3527 
51250 3541 3545 
51300 3542 3546 
51350 3555 3548 
51400 3554 3557 
51450 3563 3558 
51500 3541 3542 
51550 3540 3533 
51600 3538 3540 
51650 3548 3552 
51700 3538 3541 
51750 3545 3549 
51800 3558 3554 
51850 3554 3556 
51900 3552 3552 
51950 3543 3538 
52000 3540 3541 
52050 3535 3538 
52100 3542 3542 
52150 3561 3562 
52200 3555 3564 
52250 3547 3554 
52300 3550 3550 
52350 3547 3549 
52400 3536 3530 
52450 3545 3543 
52500 3538 3536 
52550 3555 3546 
52600 3542 3547 
52650 3536 3530 
52700 3542 3539 
52750 3547 3546 
52800 3542 3539 
52850 3539 3537 
52900 3554 3550 
52950 3556 3553 
53000 3537 3538 
53050 3526 3529 
53100 3546 3543 
53150 3562 3558 
53200 3542 3531 
53250 3529 3529 
53300 3549 3552 
53350 3533 3531 
53400 3549 3546 
53450 3545 3539 
53500 3540 3540 
53550 3559 3566 
53600 3553 3552 
53650 3555 3557 
53700 3551 3550 
53750 3539 3537 
53800 3525 3526 
53850 3540 3540 
53900 3548 3546 
53950 3551 3555 
54000 3529 3538 
54050 3547 3550 
54100 3550 3550 
54150 3565 3558 
54200 3551 3552 
54250 3556 3552 
54300 3535 3532 
54350 3547 3546 
54400 3531 3530 
54450 3544 3544 
54500 3543 3537 
54550 3535 3532 
54600 3541 3535 
54650 3538 3533 
54700 3542 3541 
54750 3551 3553 
54800 3549 3543 
54850 3537 3525 
54900 3550 3546 
54950 3551 3546 
55000 3560 3563 
55050 3553 3551 
55100 3539 3542 
55150 3539 3549 
55200 3548 3549 
55250 3550 3543 
55300 3544 3542 
55350 3543 3546 
55400 3543 3546 
55450 3544 3546 
55500 3557 3554 
55550 3551 3558 
55600 3560 3556 
55650 3550 3550 
55700 3550 3551 
55750 3551 3547 
55800 3538 3537 
55850 3541 3535 
55900 3551 3553 
55950 3540 3535 
56000 3548 3555 
56050 3543 3546 
56100 3539 3543 
56150 3550 3546 
56200 3550 3549 
56250 3543 3537 
56300 3542 3543 
56350 3552 3547 
56400 3541 3536 
56450 3555 3554 
56500 3559 3553 
56550 3533 3535 
56600 3539 3536 
56650 3536 3540 
56700 3530 3531 
56750 3508 3508 
56800 3514 3520 
56850 3548 3550 
56900 3562 3563 
56950 3527 3524 
57000 3543 3541 
57050 3545 3549 
57100 3551 3556 
57150 3542 3542 
57200 3543 3549 
57250 3532 3535 
57300 3525 3532 
57350 3545 3548 
57400 3553 3553 
57450 3537 3548 
57500 3546 3549 
57550 3545 3546 
57600 3537 3535 
57650 3553 3545 
57700 3557 3557 
57750 3545 3535 
57800 3536 3531 
57850 3541 3535 
57900 3553 3551 
57950 3544 3548 
58000 3532 3532 
58050 3538 3533 
58100 3555 3556 
58150 3542 3540 
58200 3539 3532 
58250 3558 3557 
58300 3552 3553 
58350 3543 3542 
58400 3539 3537 
58450 3539 3538 
58500 3544 3540 
58550 3549 3544 
58600 3550 3544 
58650 3537 3544 
58700 3539 3552 
58750 3554 3551 
58800 3537 3540 
58850 3548 3542 
58900 3547 3548 
58950 3544 3540 
59000 3550 3542 
59050 3533 3529 
59100 3544 3542 
59150 3536 3540 
59200 3542 3539 
59250 3557 3554 
59300 3548 3545 
59350 3543 3541 
59400 3544 3542 
59450 3562 3554 
59500 3543 3542 
59550 3530 3534 
59600 3555 3554 
59650 3541 3547 
59700 3550 3549 
59750 3541 3540 
59800 3538 3542 
59850 3535 3530 
59900 3551 3546 
59950 3557 3562 
60000 3553 3550 
60050 3548 3544 
60100 3534 3528 
60150 3551 3553 
60200 3528 3532 
60250 3546 3555 
60300 3556 3557 
60350 3551 3549 
60400 3539 3547 
60450 3547 3550 
60500 3552 3554 
60550 3539 3539 
60600 3549 3554 
60650 3548 3552 
60700 3542 3549 
60750 3543 3546 
60800 3549 3549 
60850 3537 3540 
60900 3518 3521 
60950 3531 3533 
61000 3537 3536 
61050 3544 3539 
61100 3539 3538 
61150 3553 3545 
61200 3559 3557 
61250 3548 3545 
61300 3548 3543 
61350 3540 3545 
61400 3546 3549 
61450 3545 3543 
61500 3537 3535 
61550 3542 3547 
61600 3549 3547 
61650 3547 3553 
61700 3556 3553 
61750 3548 3547 
61800 3563 3565 
61850 3540 3541 
61900 3543 3532 
61950 3550 3546 
62000 3533 3538 
62050 3544 3548 
62100 3545 3550 
62150 3535 3528 
62200 3558 3550 
62250 3544 3547 
62300 3540 3536 
62350 3549 3545 
62400 3547 3546 
62450 3555 3555 
62500 3548 3550 
62550 3541 3538 
62600 3548 3548 
62650 3541 3542 
62700 3557 3556 
62750 3545 3543 
62800 3547 3549 
62850 3560 3557 
62900 3555 3552 
62950 3546 3546 
63000 3541 3540 
63050 3549 3550 
63100 3541 3540 
63150 3549 3552 
63200 3535 3542 
63250 3544 3546 
63300 3571 3566 
63350 3560 3568 
63400 3543 3542 
63450 3558 3559 
63500 3545 3543 
63550 3553 3551 
63600 3543 3542 
63650 3544 3546 
63700 3539 3530 
63750 3562 3557 
63800 3548 3545 
63850 3546 3548 
63900 3531 3525 
63950 3550 3559 
64000 3552 3558 
64050 3544 3550 
64100 3552 3551 
64150 3537 3544 
64200 3543 3540 
64250 3556 3561 
64300 3558 3561 
64350 3544 3548 
64400 3539 3538 
64450 3551 3557 
64500 3546 3540 
64550 3542 3542 
64600 3545 3538 
64650 3538 3534 
64700 3541 3546 
64750 3550 3553 
64800 3539 3535 
64850 3553 3552 
64900 3537 3539 
64950 3555 3554 
65000 3554 3552 
65050 3549 3550 
65100 3531 3530 
65150 3555 3555 
65200 3530 3536 
65250 3534 3530 
65300 3545 3544 
65350 3539 3540 
65400 3550 3552 
65450 3542 3539 
65500 3553 3553 
65550 3547 3544 
65600 3556 3552 
65650 3551 3550 
65700 3557 3558 
65750 3540 3551 
65800 3551 3551 
65850 3549 3551 
65900 3545 3545 
65950 3542 3542 
66000 3553 3551 
66050 3535 3537 
66100 3555 3553 
66150 3549 3546 
66200 3539 3533 
66250 3548 3538 
66300 3551 3547 
66350 3562 3558 
66400 3559 3555 
66450 3549 3547 
66500 3557 3552 
66550 3568 3571 
66600 3542 3542 
66650 3539 3541 
66700 3545 3539 
66750 3559 3551 
66800 3560 3568 
66850 3530 3535 
66900 3530 3532 
66950 3530 3533 
67000 3549 3543 
67050 3535 3528 
67100 3548 3536 
67150 3561 3558 
67200 3541 3536 
67250 3541 3545 
67300 3551 3554 
67350 3550 3557 
67400 3555 3554 
67450 3551 3559 
67500 3545 3549 
67550 3545 3545 
67600 3549 3556 
67650 3541 3544 
67700 3548 3548 
67750 3551 3546 
67800 3565 3564 
67850 3544 3547 
67900 3543 3542 
67950 3537 3545 
68000 3530 3540 
68050 3551 3557 
68100 3544 3548 
68150 3550 3556 
68200 3558 3562 
68250 3556 3554 
68300 3545 3547 
68350 3533 3542 
68400 3548 3546 
68450 3554 3548 
68500 3541 3539 
68550 3543 3540 
68600 3536 3535 
68650 3546 3546 
68700 3544 3548 
68750 3548 3549 
68800 3556 3554 
68850 3524 3527 
68900 3548 3543 
68950 3557 3559 
69000 3537 3541 
69050 3544 3546 
69100 3540 3547 
69150 3551 3552 
69200 3545 3552 
69250 3529 3533 
69300 3538 3542 
69350 3541 3537 
69400 3545 3541 
69450 3533 3532 
69500 3555 3552 
69550 3537 3545 
69600 3539 3541 
69650 3545 3542 
69700 3543 3547 
69750 3549 3543 
69800 3540 3548 
69850 3545 3546 
69900 3537 3537 
69950 3557 3555 
70000 3548 3544 
70050 3533 3537 
70100 3539 3538 
70150 3548 3553 
70200 3549 3547 
70250 3563 3560 
70300 3531 3520 
70350 3533 3533 
70400 3547 3544 
70450 3542 3540 
70500 3548 3543 
70550 3550 3546 
70600 3552 3550 
70650 3547 3542 
70700 3542 3542 
70750 3558 3556 
70800 3541 3543 
70850 3559 3555 
70900 3559 3555 
70950 3547 3549 
71000 3538 3535 
71050 3546 3546 
71100 3551 3550 
71150 3549 3544 
71200 3559 3559 
71250 3558 3553 
71300 3535 3528 
71350 3546 3547 
71400 3534 3529 
71450 3547 3549 
71500 3552 3550 
71550 3552 3550 
71600 3554 3550 
71650 3546 3547 
71700 3553 3550 
71750 3554 3553 
71800 3552 3550 
71850 3550 3553 
71900 3533 3537 
71950 3547 3543 
72000 3549 3551 
72050 3549 3548 
72100 3535 3539 
72150 3549 3550 
72200 3564 3561 
72250 3543 3538 
72300 3552 3547 
72350 3556 3559 
72400 3549 3545 
72450 3555 3556 
72500 3551 3556 
72550 3556 3550 
72600 3539 3540 
72650 3550 3545 
72700 3554 3552 
72750 3555 3554 
72800 3546 3545 
72850 3554 3555 
72900 3558 3562 
72950 3560 3560 
73000 3552 3553 
73050 3537 3544 
73100 3550 3559 
73150 3559 3559 
73200 3547 3546 
73250 3556 3556 
73300 3548 3548 
73350 3553 3550 
73400 3547 3544 
73450 3552 3554 
73500 3542 3543 
73550 3559 3555 
73600 3555 3557 
73650 3534 3536 
73700 3543 3544 
73750 3557 3553 
73800 3557 3556 
73850 3551 3543 
73900 3550 3544 
73950 3563 3561 
74000 3560 3555 
74050 3561 3560 
74100 3546 3547 
74150 3552 3547 
74200 3545 3548 
74250 3554 3542 
74300 3556 3553 
74350 3551 3554 
74400 3546 3545 
74450 3551 3552 
74500 3540 3539 
74550 3550 3550 
74600 3569 3564 
74650 3563 3561 
74700 3530 3528 
74750 3559 3556 
74800 3550 3552 
74850 3547 3548 
74900 3556 3557 
74950 3544 3545 
75000 3559 3557 
75050 3554 3555 
75100 3557 3558 
75150 3560 3564 
75200 3565 3563 
75250 3536 3539 
75300 3538 3531 
75350 3560 3560 
75400 3554 3552 
75450 3545 3544 
75500 3541 3543 
75550 3558 3563 
75600 3556 3556 
75650 3542 3547 
75700 3550 3551 
75750 3550 3552 
75800 3549 3550 
75850 3557 3554 
75900 3519 3520 
75950 3543 3555 
76000 3557 3555 
76050 3548 3548 
76100 3562 3561 
76150 3556 3556 
76200 3565 3559 
76250 3551 3555 
76300 3549 3551 
76350 3538 3536 
76400 3557 3559 
76450 3563 3555 
76500 3547 3543 
76550 3557 3555 
76600 3547 3543 
76650 3551 3548 
76700 3548 3550 
76750 3558 3555 
76800 3558 3556 
76850 3548 3539 
76900 3565 3556 
76950 3561 3558 
77000 3554 3553 
77050 3560 3559 
77100 3544 3545 
77150 3553 3551 
77200 3551 3544 
77250 3544 3546 
77300 3548 3548 
77350 3571 3567 
77400 3546 3549 
77450 3546 3551 
77500 3556 3559 
77550 3540 3534 
77600 3550 3554 
77650 3541 3532 
77700 3558 3558 
77750 3558 3557 
77800 3554 3563 
77850 3564 3559 
77900 3545 3553 
77950 3563 3566 
78000 3548 3551 
78050 3541 3542 
78100 3533 3539 
78150 3558 3555 
78200 3545 3558 
78250 3545 3553 
78300 3557 3553 
78350 3563 3563 
78400 3545 3539 
78450 3562 3565 
78500 3539 3543 
78550 3555 3561 
78600 3551 3543 
78650 3547 3553 
78700 3543 3550 
78750 3559 3558 
78800 3553 3552 
78850 3547 3546 
78900 3537 3539 
78950 3544 3543 
79000 3561 3564 
79050 3549 3552 
79100 3546 3539 
79150 3542 3543 
79200 3565 3567 
79250 3554 3550 
79300 3549 3551 
79350 3548 3551 
79400 3551 3554 
79450 3548 3545 
79500 3553 3551 
79550 3541 3541 
79600 3543 3545 
79650 3563 3561 
79700 3569 3567 
79750 3542 3537 
79800 3551 3552 
79850 3554 3560 
79900 3543 3547 
79950 3552 3556 
80000 3539 3546 
80050 3541 3550 
80100 3556 3557 
80150 3542 3540 
80200 3548 3553 
80250 3547 3553 
80300 3556 3562 
80350 3541 3539 
80400 3541 3536 
80450 3547 3542 
80500 3558 3557 
80550 3553 3549 
80600 3539 3538 
80650 3544 3536 
80700 3557 3557 
80750 3542 3534 
80800 3559 3557 
80850 3562 3562 
80900 3559 3554 
80950 3546 3548 
81000 3541 3539 
81050 3553 3542 
81100 3548 3547 
81150 3543 3546 
81200 3552 3550 
81250 3545 3549 
81300 3557 3557 
81350 3535 3539 
81400 3543 3545 
81450 3544 3538 
81500 3554 3550 
81550 3562 3560 
81600 3551 3553 
81650 3546 3551 
81700 3542 3544 
81750 3544 3541 
81800 3553 3557 
81850 3546 3546 
81900 3551 3550 
81950 3556 3549 
82000 3556 3554 
82050 3549 3548 
82100 3537 3540 
82150 3554 3553 
82200 3548 3548 
82250 3550 3543 
82300 3558 3550 
82350 3544 3546 
82400 3548 3553 
82450 3537 3536 
82500 3541 3544 
82550 3544 3555 
82600 3547 3548 
82650 3553 3552 
82700 3527 3531 
82750 3557 3556 
82800 3564 3562 
82850 3544 3543 
82900 3556 3554 
82950 3551 3554 
83000 3564 3562 
83050 3559 3560 
83100 3553 3553 
83150 3543 3540 
83200 3569 3570 
83250 3552 3555 
83300 3549 3547 
83350 3562 3554 
83400 3558 3553 
83450 3560 3556 
83500 3555 3548 
83550 3555 3557 
83600 3560 3565 
83650 3558 3559 
83700 3534 3541 
83750 3559 3551 
83800 3545 3544 
83850 3555 3549 
83900 3556 3556 
83950 3554 3554 
84000 3544 3540 
84050 3540 3545 
84100 3551 3554 
84150 3554 3548 
84200 3559 3553 
84250 3557 3547 
84300 3558 3557 
84350 3548 3544 
84400 3553 3549 
84450 3562 3558 
84500 3558 3565 
84550 3543 3547 
84600 3546 3539 
84650 3543 3535 
84700 3564 3559 
84750 3541 3538 
84800 3554 3554 
84850 3540 3540 
84900 3557 3553 
84950 3541 3538 
85000 3544 3547 
85050 3552 3554 
85100 3564 3560 
85150 3541 3542 
85200 3550 3551 
85250 3566 3566 
85300 3566 3563 
85350 3546 3538 
85400 3555 3553 
85450 3531 3534 
85500 3546 3546 
85550 3550 3550 
85600 3538 3538 
85650 3547 3546 
85700 3544 3542 
85750 3539 3545 
85800 3544 3545 
85850 3554 3552 
85900 3549 3555 
85950 3560 3565 
86000 3548 3547 
86050 3548 3551 
86100 3537 3536 
86150 3537 3538 
86200 3545 3549 
86250 3556 3558 
86300 3560 3559 
86350 3569 3572 
86400 3549 3552 
86450 3550 3540 
86500 3550 3554 
86550 3561 3558 
86600 3556 3556 
86650 3556 3556 
86700 3544 3547 
86750 3551 3557 
86800 3552 3552 
86850 3553 3546 
86900 3553 3554 
86950 3551 3545 
87000 3553 3546 
87050 3542 3546 
87100 3535 3536 
87150 3546 3549 
87200 3553 3553 
87250 3558 3559 
87300 3541 3539 
87350 3541 3550 
87400 3539 3542 
87450 3553 3549 
87500 3545 3547 
87550 3540 3538 
87600 3561 3561 
87650 3555 3553 
87700 3546 3552 
87750 3549 3547 
87800 3551 3544 
87850 3560 3563 
87900 3561 3564 
87950 3556 3557 
88000 3551 3553 
88050 3548 3548 
88100 3542 3544 
88150 3553 3555 
88200 3562 3563 
88250 3545 3536 
88300 3544 3552 
88350 3548 3552 
88400 3556 3558 
88450 3534 3533 
88500 3551 3547 
88550 3543 3544 
88600 3543 3538 
88650 3554 3555 
88700 3543 3545 
88750 3559 3562 
88800 3552 3553 
88850 3540 3548 
88900 3554 3551 
88950 3551 3547 
89000 3563 3560 
89050 3540 3544 
89100 3556 3554 
89150 3541 3539 
89200 3553 3552 
89250 3564 3556 
89300 3557 3557 
89350 3547 3544 
89400 3543 3548 
89450 3551 3550 
89500 3554 3549 
89550 3565 3566 
89600 3550 3552 
89650 3542 3543 
89700 3541 3541 
89750 3546 3544 
89800 3555 3553 
89850 3541 3542 
89900 3553 3551 
89950 3563 3567 
90000 3544 3544 
90050 3558 3558 
90100 3547 3543 
90150 3542 3535 
90200 3533 3528 
90250 3549 3549 
90300 3538 3543 
90350 3551 3548 
90400 3534 3536 
90450 3547 3553 
90500 3549 3556 
90550 3554 3554 
90600 3542 3540 
90650 3542 3540 
90700 3566 3565 
90750 3537 3543 
90800 3544 3542 
90850 3550 3545 
90900 3536 3536 
90950 3532 3539 
91000 3566 3562 
91050 3545 3543 
91100 3548 3549 
91150 3546 3550 
91200 3551 3551 
91250 3551 3547 
91300 3552 3547 
91350 3567 3564 
91400 3547 3547 
91450 3548 3553 
91500 3531 3543 
91550 3539 3537 
91600 3551 3544 
91650 3549 3549 
91700 3551 3544 
91750 3549 3550 
91800 3543 3547 
91850 3545 3550 
91900 3554 3555 
91950 3531 3542 
92000 3550 3554 
92050 3543 3542 
92100 3561 3560 
92150 3537 3538 
92200 3550 3556 
92250 3556 3563 
92300 3569 3563 
92350 3536 3542 
92400 3553 3553 
92450 3551 3548 
92500 3545 3547 
92550 3542 3539 
92600 3552 3548 
92650 3550 3552 
92700 3556 3547 
92750 3552 3552 
92800 3552 3556 
92850 3539 3543 
92900 3550 3549 
92950 3561 3560 
93000 3548 3549 
93050 3549 3549 
93100 3538 3542 
93150 3555 3561 
93200 3547 3543 
93250 3553 3553 
93300 3559 3561 
93350 3553 3548 
93400 3558 3554 
93450 3548 3545 
93500 3554 3547 
93550 3536 3538 
93600 3548 3543 
93650 3547 3541 
93700 3550 3539 
93750 3545 3540 
93800 3557 3556 
93850 3552 3558 
93900 3539 3537 
93950 3562 3559 
94000 3556 3554 
94050 3547 3551 
94100 3528 3528 
94150 3552 3547 
94200 3544 3542 
94250 3553 3548 
94300 3540 3545 
94350 3555 3557 
94400 3548 3555 
94450 3559 3558 
94500 3554 3551 
94550 3553 3555 
94600 3546 3539 
94650 3556 3560 
94700 3569 3570 
94750 3543 3550 
94800 3554 3545 
94850 3559 3560 
94900 3545 3554 
94950 3554 3556 
95000 3536 3527 
95050 3530 3528 
95100 3555 3558 
95150 3555 3561 
95200 3547 3548 
95250 3551 3549 
95300 3549 3554 
95350 3558 3560 
95400 3548 3552 
95450 3540 3543 
95500 3557 3549 
95550 3561 3556 
95600 3550 3553 
95650 3549 3554 
95700 3555 3540 
95750 3549 3549 
95800 3547 3545 
95850 3546 3545 
95900 3549 3555 
95950 3561 3561 
96000 3552 3553 
96050 3548 3544 
96100 3551 3553 
96150 3549 3547 
96200 3543 3546 
96250 3562 3562 
96300 3551 3552 
96350 3558 3561 
96400 3559 3560 
96450 3566 3564 
96500 3552 3561 
96550 3557 3558 
96600 3557 3561 
96650 3552 3549 
96700 3564 3566 
96750 3548 3552 
96800 3557 3552 
96850 3547 3552 
96900 3551 3553 
96950 3564 3564 
97000 3554 3560 
97050 3559 3566 
97100 3548 3541 
97150 3552 3549 
97200 3559 3562 
97250 3548 3553 
97300 3561 3563 
97350 3542 3537 
97400 3559 3561 
97450 3552 3555 
97500 3548 3551 
97550 3544 3544 
97600 3544 3543 
97650 3547 3543 
97700 3555 3559 
97750 3556 3558 
97800 3553 3556 
97850 3549 3557 
97900 3553 3548 
97950 3547 3553 
98000 3560 3557 
98050 3564 3561 
98100 3555 3557 
98150 3538 3538 
98200 3562 3569 
98250 3545 3544 
98300 3567 3567 
98350 3556 3556 
98400 3552 3551 
98450 3551 3548 
98500 3556 3554 
98550 3554 3560 
98600 3565 3567 
98650 3551 3555 
98700 3559 3555 
98750 3554 3549 
98800 3538 3541 
98850 3551 3553 
98900 3560 3561 
98950 3564 3565 
99000 3532 3538 
99050 3557 3554 
99100 3553 3555 
99150 3561 3559 
99200 3552 3548 
99250 3543 3548 
99300 3553 3553 
99350 3562 3557 
99400 3556 3553 
99450 3539 3540 
99500 3554 3551 
99550 3561 3558 
99600 3548 3549 
99650 3559 3552 
99700 3553 3557 
99750 3551 3548 
99800 3549 3549 
99850 3562 3565 
99900 3556 3554 
99950 3565 3564 
100000 3556 3556 
100050 3561 3551 
100100 3545 3542 
100150 3557 3555 
100200 3545 3541 
100250 3548 3553 
100300 3561 3562 
100350 3552 3553 
100400 3550 3547 
100450 3550 3547 
100500 3553 3556 
100550 3553 3548 
100600 3539 3542 
100650 3549 3547 
100700 3541 3540 
100750 3560 3561 
100800 3552 3545 
100850 3562 3562 
100900 3554 3557 
100950 3563 3565 
101000 3551 3551 
101050 3569 3566 
101100 3552 3550 
101150 3533 3539 
101200 3554 3556 
101250 3552 3553 
101300 3554 3554 
101350 3548 3552 
101400 3544 3548 
101450 3548 3555 
101500 3554 3550 
101550 3561 3565 
101600 3560 3553 
101650 3560 3553 
101700 3562 3559 
101750 3545 3538 
101800 3560 3552 
101850 3549 3552 
101900 3553 3548 
101950 3553 3556 
102000 3546 3550 
102050 3566 3557 
102100 3557 3554 
102150 3550 3549 
102200 3554 3549 
102250 3552 3546 
102300 3552 3549 
102350 3555 3557 
102400 3559 3568 
102450 3555 3552 
102500 3563 3556 
102550 3550 3552 
102600 3550 3550 
102650 3555 3559 
102700 3542 3543 
102750 3551 3554 
102800 3565 3566 
102850 3554 3553 
102900 3562 3560 
102950 3552 3545 
103000 3556 3555 
103050 3535 3538 
103100 3557 3554 
103150 3551 3549 
103200 3552 3550 
103250 3530 3538 
103300 3559 3558 
103350 3545 3545 
103400 3548 3545 
103450 3551 3552 
103500 3553 3545 
103550 3563 3562 
103600 3558 3561 
103650 3546 3551 
103700 3557 3562 
103750 3529 3532 
103800 3547 3547 
103850 3554 3555 
103900 3549 3550 
103950 3555 3549 
104000 3560 3556 
104050 3550 3551 
104100 3554 3553 
104150 3551 3549 
104200 3549 3549 
104250 3554 3552 
104300 3559 3554 
104350 3545 3549 
104400 3547 3548 
104450 3552 3559 
104500 3555 3560 
104550 3545 3540 
104600 3555 3557 
104650 3550 3547 
104700 3555 3551 
104750 3548 3552 
104800 3538 3545 
104850 3547 3546 
104900 3550 3548 
104950 3556 3548 
105000 3542 3533 
105050 3573 3570 
105100 3542 3539 
105150 3558 3552 
105200 3564 3562 
105250 3563 3561 
105300 3550 3549 
105350 3553 3547 
105400 3551 3556 
105450 3556 3560 
105500 3558 3552 
105550 3542 3541 
105600 3546 3541 
105650 3569 3567 
105700 3538 3537 
105750 3546 3548 
105800 3556 3554 
105850 3562 3562 
105900 3550 3547 
105950 3550 3553 
106000 3558 3556 
106050 3550 3553 
106100 3548 3547 
106150 3553 3549 
106200 3557 3560 
106250 3536 3535 
106300 3554 3557 
106350 3551 3554 
106400 3554 3553 
106450 3548 3553 
106500 3563 3561 
106550 3553 3546 
106600 3541 3543 
106650 3536 3538 
106700 3556 3561 
106750 3550 3546 
106800 3554 3551 
106850 3567 3568 
106900 3540 3540 
106950 3540 3543 
107000 3552 3547 
107050 3528 3526 
107100 3542 3544 
107150 3557 3553 
107200 3542 3547 
107250 3556 3555 
107300 3544 3540 
107350 3557 3555 
107400 3553 3553 
107450 3551 3545 
107500 3549 3556 
107550 3550 3547 
107600 3548 3546 
107650 3539 3539 
107700 3565 3574 
107750 3549 3548 
107800 3549 3556 
107850 3556 3558 
107900 3561 3559 
107950 3551 3547 
108000 3552 3551 
108050 3542 3541 
108100 3551 3549 
108150 3540 3546 
108200 3563 3562 
108250 3566 3562 
108300 3529 3530 
108350 3554 3545 
108400 3539 3536 
108450 3545 3547 
108500 3551 3549 
108550 3565 3564 
108600 3549 3550 
108650 3547 3550 
108700 3542 3547 
108750 3544 3545 
108800 3550 3551 
108850 3543 3542 
108900 3530 3533 
108950 3560 3562 
109000 3545 3556 
109050 3548 3554 
109100 3540 3543 
109150 3549 3547 
109200 3555 3554 
109250 3550 3539 
109300 3539 3535 
109350 3560 3550 
109400 3557 3552 
109450 3557 3555 
109500 3551 3550 
109550 3552 3556 
109600 3553 3557 
109650 3549 3544 
109700 3553 3551 
109750 3549 3555 
109800 3545 3551 
109850 3539 3545 
109900 3544 3540 
109950 3550 3559 
110000 3543 3534 
110050 3568 3568 
110100 3545 3548 
110150 3555 3549 
110200 3543 3542 
110250 3549 3557 
110300 3547 3550 
110350 3544 3542 
110400 3546 3543 
110450 3548 3549 
110500 3554 3553 
110550 3556 3559 
110600 3564 3568 
110650 3562 3563 
110700 3556 3554 
110750 3559 3556 
110800 3547 3547 
110850 3550 3554 
110900 3549 3552 
110950 3547 3545 
111000 3557 3556 
111050 3546 3547 
111100 3547 3547 
111150 3541 3539 
111200 3553 3554 
111250 3555 3554 
111300 3541 3543 
111350 3549 3542 
111400 3536 3539 
111450 3548 3547 
111500 3555 3559 
111550 3549 3548 
111600 3537 3530 
111650 3549 3551 
111700 3547 3543 
111750 3547 3550 
111800 3566 3558 
111850 3551 3552 
111900 3539 3544 
111950 3546 3549 
112000 3545 3540 
112050 3544 3541 
112100 3556 3553 
112150 3549 3551 
112200 3549 3544 
112250 3559 3563 
112300 3551 3552 
112350 3558 3558 
112400 3549 3550 
112450 3545 3548 
112500 3557 3560 
112550 3551 3549 
112600 3542 3539 
112650 3547 3547 
112700 3557 3564 
112750 3550 3542 
112800 3532 3530 
112850 3541 3543 
112900 3544 3545 
112950 3554 3552 
113000 3545 3543 
113050 3557 3554 
113100 3559 3558 
113150 3540 3538 
113200 3553 3548 
113250 3549 3548 
113300 3560 3560 
113350 3546 3551 
113400 3543 3538 
113450 3565 3560 
113500 3556 3554 
113550 3553 3558 
113600 3548 3549 
113650 3557 3562 
113700 3554 3553 
113750 3550 3550 
113800 3554 3558 
113850 3552 3555 
113900 3566 3567 
113950 3549 3551 
114000 3548 3550 
114050 3552 3549 
114100 3551 3557 
114150 3547 3547 
114200 3554 3557 
114250 3561 3560 
114300 3556 3558 
114350 3549 3552 
114400 3543 3544 
114450 3550 3548 
114500 3548 3548 
114550 3558 3556 
114600 3547 3550 
114650 3548 3553 
114700 3557 3563 
114750 3571 3571 
114800 3550 3551 
114850 3561 3566 
114900 3563 3564 
114950 3543 3547 
115000 3553 3558 
115050 3549 3552 
115100 3552 3551 
115150 3550 3549 
115200 3562 3561 
115250 3552 3552 
115300 3543 3544 
115350 3548 3549 
115400 3537 3543 
115450 3553 3557 
115500 3553 3555 
115550 3542 3549 
115600 3543 3543 
115650 3562 3560 
115700 3564 3565 
115750 3551 3557 
115800 3557 3552 
115850 3556 3554 
115900 3554 3557 
115950 3560 3568 
116000 3545 3551 
116050 3556 3551 
116100 3560 3560 
116150 3546 3550 
116200 3559 3558 
116250 3569 3564 
116300 3560 3559 
116350 3540 3546 
116400 3534 3535 
116450 3550 3550 
116500 3538 3542 
116550 3542 3553 
116600 3545 3548 
116650 3566 3569 
116700 3565 3566 
116750 3542 3538 
116800 3543 3546 
116850 3550 3548 
116900 3549 3558 
116950 3543 3535 
117000 3561 3561 
117050 3561 3560 
117100 3546 3543 
117150 3562 3563 
117200 3553 3555 
117250 3559 3564 
117300 3556 3555 
117350 3545 3545 
117400 3550 3551 
117450 3553 3552 
117500 3551 3558 
117550 3560 3563 
117600 3547 3543 
117650 3549 3550 
117700 3555 3559 
117750 3555 3556 
117800 3565 3561 
117850 3548 3554 
117900 3535 3539 
117950 3556 3560 
118000 3559 3559 
118050 3558 3556 
118100 3555 3551 
118150 3544 3544 
118200 3549 3545 
118250 3538 3541 
118300 3551 3558 
118350 3553 3550 
118400 3555 3562 
118450 3546 3544 
118500 3548 3542 
118550 3536 3537 
118600 3528 3528 
118650 3559 3563 
118700 3563 3558 
118750 3541 3536 
118800 3557 3557 
118850 3538 3537 
118900 3567 3566 
118950 3563 3566 
119000 3563 3565 
119050 3557 3559 
119100 3539 3543 
119150 3540 3542 
119200 3561 3561 
119250 3541 3541 
119300 3557 3556 
119350 3549 3556 
119400 3537 3538 
119450 3549 3547 
119500 3540 3545 
119550 3544 3546 
119600 3557 3559 
119650 3553 3556 
119700 3551 3559 
119750 3535 3540 
119800 3545 3543 
119850 3536 3533 
119900 3550 3557 
119950 3553 3549 
120000 3553 3552 
120050 3552 3550 
120100 3566 3563 
120150 3551 3548 
120200 3553 3557 
120250 3540 3547 
120300 3550 3557 
120350 3555 3559 
120400 3549 3547 
120450 3535 3528 
120500 3556 3558 
120550 3553 3554 
120600 3549 3558 
120650 3534 3545 
120700 3558 3558 
120750 3547 3541 
120800 3549 3549 
120850 3547 3548 
120900 3546 3546 
120950 3556 3557 
121000 3558 3554 
121050 3555 3556 
121100 3534 3540 
121150 3551 3548 
121200 3554 3554 
121250 3566 3558 
121300 3538 3536 
121350 3570 3568 
121400 3541 3548 
121450 3553 3548 
121500 3529 3533 
121550 3549 3549 
121600 3554 3554 
121650 3547 3547 
121700 3547 3552 
121750 3542 3546 
121800 3544 3544 
121850 3544 3540 
121900 3553 3549 
121950 3549 3546 
122000 3552 3554 
122050 3563 3564 
122100 3556 3552 
122150 3544 3543 
122200 3551 3554 
122250 3540 3540 
122300 3556 3557 
122350 3552 3557 
122400 3547 3547 
122450 3553 3549 
122500 3541 3534 
122550 3542 3537 
122600 3545 3542 
122650 3559 3557 
122700 3555 3559 
122750 3529 3528 
122800 3558 3552 
122850 3557 3549 
122900 3538 3534 
122950 3560 3565 
123000 3556 3557 
123050 3541 3542 
123100 3553 3550 
123150 3558 3554 
123200 3552 3554 
123250 3548 3547 
123300 3539 3540 
123350 3543 3544 
123400 3549 3550 
123450 3550 3544 
123500 3541 3539 
123550 3553 3551 
123600 3559 3557 
123650 3543 3546 
123700 3559 3555 
123750 3557 3557 
123800 3559 3560 
123850 3542 3546 
123900 3561 3562 
123950 3560 3560 
124000 3573 3576 
124050 3539 3532 
124100 3556 3552 
124150 3539 3543 
124200 3549 3550 
124250 3558 3554 
124300 3541 3544 
124350 3556 3556 
124400 3542 3547 
124450 3547 3546 
124500 3555 3555 
124550 3532 3532 
124600 3556 3552 
124650 3552 3557 
124700 3570 3571 
124750 3548 3548 
124800 3537 3538 
124850 3543 3544 
124900 3548 3552 
124950 3550 3552 
125000 3538 3538 
125050 3544 3541 
125100 3556 3556 
125150 3559 3562 
125200 3550 3550 
125250 3557 3563 
125300 3567 3568 
125350 3557 3554 
125400 3533 3534 
125450 3565 3561 
125500 3552 3555 
125550 3536 3547 
125600 3558 3554 
125650 3556 3555 
125700 3542 3543 
125750 3553 3551 
125800 3551 3553 
125850 3546 3548 
125900 3554 3555 
125950 3545 3538 
126000 3548 3555 
126050 3561 3558 
126100 3568 3564 
126150 3548 3549 
126200 3551 3549 
126250 3561 3561 
126300 3554 3556 
126350 3559 3555 
126400 3562 3566 
126450 3540 3540 
126500 3547 3549 
126550 3560 3559 
126600 3553 3547 
126650 3545 3552 
126700 3557 3559 
126750 3560 3557 
126800 3549 3548 
126850 3557 3563 
126900 3549 3546 
126950 3563 3560 
127000 3555 3556 
127050 3542 3548 
127100 3550 3552 
127150 3544 3541 
127200 3549 3552 
127250 3547 3553 
127300 3559 3550 
127350 3551 3546 
127400 3554 3554 
127450 3573 3574 
127500 3550 3542 
127550 3545 3546 
127600 3549 3548 
127650 3556 3553 
127700 3566 3565 
127750 3547 3542 
127800 3566 3557 
127850 3543 3543 
127900 3552 3549 
127950 3549 3548 
128000 3553 3547 
128050 3551 3553 
128100 3559 3556 
128150 3545 3540 
128200 3550 3548 
128250 3541 3550 
128300 3556 3555 
128350 3525 3527 
128400 3541 3547 
128450 3547 3547 
128500 3549 3548 
128550 3526 3533 
128600 3550 3556 
128650 3564 3562 
128700 3563 3561 
128750 3545 3544 
128800 3546 3551 
128850 3564 3565 
128900 3565 3562 
128950 3563 3564 
129000 3556 3561 
129050 3563 3566 
129100 3554 3556 
129150 3560 3569 
129200 3546 3552 
129250 3542 3544 
129300 3547 3549 
129350 3551 3556 
129400 3549 3547 
129450 3544 3544 
129500 3549 3546 
129550 3544 3540 
129600 3547 3546 
129650 3553 3549 
129700 3544 3542 
129750 3542 3546 
129800 3554 3555 
129850 3558 3554 
129900 3567 3566 
129950 3556 3557 
130000 3546 3547 
130050 3558 3554 
130100 3543 3545 
130150 3549 3547 
130200 3561 3559 
130250 3545 3545 
130300 3541 3542 
130350 3562 3559 
130400 3556 3554 
130450 3557 3561 
130500 3549 3547 
130550 3555 3553 
130600 3552 3544 
130650 3545 3542 
130700 3552 3553 
130750 3558 3555 
130800 3549 3552 
130850 3550 3541 
130900 3553 3557 
130950 3561 3566 
131000 3558 3554 
131050 3553 3551 
131100 3562 3559 
131150 3541 3544 
131200 3553 3557 
131250 3545 3544 
131300 3551 3549 
131350 3541 3541 
131400 3552 3550 
131450 3547 3544 
131500 3547 3552 
131550 3545 3540 
131600 3559 3561 
131650 3546 3550 
131700 3540 3540 
131750 3538 3545 
131800 3558 3554 
131850 3543 3546 
131900 3556 3555 
131950 3536 3533 
132000 3555 3554 
132050 3530 3538 
132100 3563 3564 
132150 3550 3541 
132200 3543 3543 
132250 3545 3550 
132300 3547 3549 
132350 3541 3533 
132400 3551 3547 
132450 3540 3541 
132500 3547 3550 
132550 3557 3563 
132600 3559 3552 
132650 3560 3557 
132700 3556 3550 
132750 3551 3547 
132800 3554 3548 
132850 3549 3546 
132900 3553 3554 
132950 3545 3546 
133000 3548 3543 
133050 3552 3553 
133100 3556 3555 
133150 3557 3556 
133200 3551 3544 
133250 3541 3547 
133300 3555 3555 
133350 3554 3552 
133400 3544 3554 
133450 3541 3544 
133500 3554 3546 
133550 3560 3559 
133600 3566 3567 
133650 3569 3564 
133700 3556 3555 
133750 3561 3561 
133800 3559 3558 
133850 3540 3534 
133900 3544 3538 
133950 3555 3554 
134000 3548 3548 
134050 3550 3543 
134100 3552 3548 
134150 3539 3543 
134200 3539 3540 
134250 3567 3572 
134300 3558 3559 
134350 3566 3566 
134400 3561 3556 
134450 3560 3562 
134500 3553 3556 
134550 3545 3546 
134600 3548 3546 
134650 3551 3550 
134700 3533 3542 
134750 3550 3550 
134800 3549 3550 
134850 3558 3559 
134900 3552 3557 
134950 3553 3561 
135000 3553 3556 
135050 3543 3543 
135100 3533 3529 
135150 3548 3547 
135200 3546 3548 
135250 3545 3546 
135300 3556 3552 
135350 3559 3561 
135400 3541 3535 
135450 3548 3552 
135500 3548 3552 
135550 3550 3550 
135600 3566 3568 
135650 3548 3556 
135700 3545 3545 
135750 3544 3549 
135800 3554 3553 
135850 3556 3561 
135900 3555 3555 
135950 3551 3551 
136000 3548 3552 
136050 3552 3556 
136100 3540 3542 
136150 3538 3544 
136200 3556 3562 
136250 3538 3537 
136300 3553 3552 
136350 3540 3539 
136400 3556 3549 
136450 3542 3544 
136500 3547 3550 
136550 3556 3558 
136600 3559 3554 
136650 3549 3551 
136700 3544 3546 
136750 3553 3551 
136800 3552 3555 
136850 3543 3542 
136900 3539 3541 
136950 3544 3541 
137000 3540 3538 
137050 3551 3550 
137100 3548 3545 
137150 3550 3549 
137200 3557 3565 
137250 3548 3548 
137300 3559 3557 
137350 3561 3563 
137400 3553 3549 
137450 3560 3554 
137500 3566 3565 
137550 3548 3547 
137600 3543 3540 
137650 3555 3559 
137700 3543 3541 
137750 3548 3553 
137800 3540 3536 
137850 3548 3550 
137900 3559 3558 
137950 3556 3551 
138000 3550 3545 
138050 3560 3560 
138100 3522 3530 
138150 3561 3562 
138200 3555 3558 
138250 3541 3550 
138300 3562 3560 
138350 3544 3548 
138400 3557 3559 
138450 3536 3536 
138500 3542 3539 
138550 3552 3550 
138600 3551 3551 
138650 3557 3554 
138700 3545 3543 
138750 3551 3554 
138800 3561 3563 
138850 3550 3554 
138900 3547 3548 
138950 3538 3531 
139000 3543 3542 
139050 3537 3541 
139100 3564 3568 
139150 3550 3552 
139200 3559 3558 
139250 3551 3544 
139300 3538 3541 
139350 3547 3551 
139400 3554 3559 
139450 3550 3551 
139500 3563 3560 
139550 3559 3558 
139600 3554 3553 
139650 3533 3538 
139700 3537 3530 
139750 3551 3551 
139800 3553 3543 
139850 3553 3555 
139900 3539 3542 
139950 3542 3541 
140000 3538 3538 
140050 3562 3561 
140100 3557 3552 
140150 3552 3553 
140200 3556 3556 
140250 3558 3557 
140300 3554 3545 
140350 3559 3568 
140400 3545 3547 
140450 3539 3540 
140500 3535 3540 
140550 3560 3554 
140600 3557 3556 
140650 3569 3569 
140700 3542 3543 
140750 3554 3557 
140800 3567 3562 
140850 3545 3546 
140900 3547 3551 
140950 3548 3547 
141000 3550 3546 
141050 3550 3551 
141100 3566 3563 
141150 3549 3548 
141200 3546 3545 
141250 3550 3548 
141300 3543 3540 
141350 3559 3548 
141400 3550 3548 
141450 3562 3561 
141500 3541 3531 
141550 3554 3550 
141600 3555 3554 
141650 3534 3542 
141700 3543 3542 
141750 3548 3550 
141800 3553 3553 
141850 3547 3550 
141900 3551 3550 
141950 3547 3548 
142000 3548 3552 
142050 3540 3533 
142100 3536 3540 
142150 3546 3547 
142200 3554 3554 
142250 3564 3561 
142300 3537 3533 
142350 3556 3553 
142400 3567 3565 
142450 3545 3545 
142500 3537 3538 
142550 3556 3557 
142600 3554 3548 
142650 3548 3542 
142700 3555 3559 
142750 3558 3556 
142800 3546 3550 
142850 3562 3562 
142900 3560 3558 
142950 3536 3544 
143000 3562 3559 
143050 3545 3547 
143100 3556 3559 
143150 3563 3566 
143200 3557 3560 
143250 3552 3553 
143300 3549 3553 
143350 3547 3550 
143400 3546 3547 
143450 3552 3557 
143500 3547 3548 
143550 3561 3564 
143600 3563 3556 
143650 3545 3543 
143700 3552 3555 
143750 3553 3555 
143800 3548 3555 
143850 3571 3565 
143900 3554 3553 
143950 3538 3549 
144000 3540 3532 
144050 3555 3562 
144100 3558 3550 
144150 3554 3553 
144200 3546 3540 
144250 3536 3541 
144300 3544 3542 
144350 3547 3555 
144400 3548 3555 
144450 3549 3552 
144500 3561 3554 
144550 3551 3554 
144600 3548 3555 
144650 3562 3557 
144700 3553 3551 
144750 3555 3554 
144800 3549 3546 
144850 3553 3547 
144900 3553 3549 
144950 3558 3558 
145000 3541 3536 
145050 3542 3544 
145100 3548 3544 
145150 3549 3545 
145200 3556 3556 
145250 3549 3550 
145300 3563 3558 
145350 3557 3560 
145400 3542 3545 
145450 3558 3562 
145500 3549 3548 
145550 3538 3539 
145600 3558 3559 
145650 3544 3537 
145700 3540 3528 
145750 3554 3549 
145800 3560 3564 
145850 3542 3546 
145900 3549 3545 
145950 3544 3545 
146000 3559 3556 
146050 3545 3543 
146100 3549 3555 
146150 3545 3542 
146200 3548 3549 
146250 3550 3552 
146300 3553 3554 
146350 3541 3542 
146400 3551 3548 
146450 3547 3543 
146500 3571 3567 
146550 3559 3557 
146600 3547 3547 
146650 3564 3561 
146700 3556 3562 
146750 3542 3539 
146800 3533 3540 
146850 3546 3545 
146900 3538 3537 
146950 3550 3549 
147000 3533 3537 
147050 3555 3547 
147100 3558 3556 
147150 3552 3552 
147200 3551 3551 
147250 3545 3540 
147300 3540 3545 
147350 3552 3553 
147400 3542 3553 
147450 3558 3559 
147500 3546 3545 
147550 3542 3545 
147600 3551 3556 
147650 3550 3561 
147700 3560 3558 
147750 3555 3555 
147800 3545 3551 
147850 3559 3554 
147900 3552 3551 
147950 3533 3538 
148000 3561 3561 
148050 3544 3548 
148100 3522 3524 
148150 3552 3552 
148200 3555 3555 
148250 3551 3556 
148300 3564 3568 
148350 3555 3558 
148400 3549 3550 
148450 3558 3556 
148500 3527 3524 
148550 3559 3559 
148600 3544 3546 
148650 3562 3562 
148700 3544 3550 
148750 3549 3559 
148800 3546 3542 
148850 3542 3534 
148900 3564 3560 
148950 3555 3555 
149000 3548 3551 
149050 3565 3565 
149100 3546 3544 
149150 3537 3534 
149200 3533 3545 
149250 3562 3562 
149300 3548 3545 
149350 3555 3545 
149400 3549 3538 
149450 3548 3550 
149500 3547 3545 
149550 3562 3561 
149600 3561 3560 
149650 3550 3546 
149700 3535 3542 
149750 3544 3539 
149800 3552 3553 
149850 3554 3555 
149900 3552 3546 
149950 3544 3544 
150000 3545 3545 
150050 3551 3550 
150100 3549 3551 
150150 3556 3561 
150200 3547 3549 
150250 3555 3551 
150300 3554 3553 
150350 3542 3545 
150400 3536 3536 
150450 3549 3549 
150500 3566 3563 
150550 3562 3559 
150600 3548 3551 
150650 3547 3544 
150700 3558 3559 
150750 3542 3547 
150800 3568 3571 
150850 3549 3549 
150900 3547 3547 
150950 3553 3559 
151000 3559 3562 
151050 3550 3552 
151100 3544 3546 
151150 3554 3553 
151200 3539 3541 
151250 3547 3551 
151300 3537 3538 
151350 3561 3554 
151400 3556 3558 
151450 3558 3558 
151500 3559 3555 
151550 3545 3545 
151600 3549 3547 
151650 3553 3551 
151700 3547 3548 
151750 3538 3540 
151800 3535 3536 
151850 3551 3550 
151900 3557 3559 
151950 3557 3560 
152000 3542 3550 
152050 3552 3557 
152100 3554 3554 
152150 3555 3557 
152200 3552 3556 
152250 3536 3532 
152300 3560 3562 
152350 3551 3548 
152400 3547 3550 
152450 3551 3553 
152500 3555 3550 
152550 3562 3562 
152600 3561 3556 
152650 3560 3556 
152700 3554 3552 
152750 3549 3547 
152800 3533 3534 
152850 3551 3551 
152900 3558 3560 
152950 3539 3544 
153000 3546 3541 
153050 3543 3543 
153100 3554 3550 
153150 3558 3555 
153200 3555 3558 
153250 3547 3550 
153300 3551 3551 
153350 3559 3547 
153400 3554 3550 
153450 3564 3562 
153500 3557 3559 
153550 3565 3563 
153600 3553 3553 
153650 3551 3560 
153700 3529 3534 
153750 3564 3565 
153800 3554 3548 
153850 3536 3538 
153900 3544 3541 
153950 3542 3546 
154000 3549 3549 
154050 3552 3552 
154100 3551 3550 
154150 3560 3559 
154200 3547 3547 
154250 3549 3550 
154300 3549 3551 
154350 3545 3543 
154400 3553 3558 
154450 3564 3563 
154500 3562 3558 
154550 3550 3551 
154600 3560 3558 
154650 3563 3565 
154700 3549 3543 
154750 3554 3550 
154800 3554 3549 
154850 3531 3531 
154900 3545 3547 
154950 3555 3561 
155000 3541 3545 
155050 3550 3548 
155100 3553 3558 
155150 3563 3558 
155200 3547 3553 
155250 3538 3543 
155300 3556 3552 
155350 3544 3538 
155400 3551 3556 
155450 3538 3531 
155500 3551 3552 
155550 3541 3542 
155600 3554 3554 
155650 3556 3557 
155700 3545 3541 
155750 3537 3531 
155800 3547 3552 
155850 3538 3534 
155900 3552 3552 
155950 3554 3551 
156000 3561 3566 
156050 3542 3545 
156100 3550 3553 
156150 3548 3548 
156200 3562 3558 
156250 3545 3548 
156300 3559 3554 
156350 3538 3537 
156400 3561 3563 
156450 3548 3544 
156500 3555 3551 
156550 3550 3551 
156600 3558 3559 
156650 3538 3539 
156700 3558 3557 
156750 3561 3559 
156800 3563 3561 
156850 3565 3561 
156900 3550 3557 
156950 3545 3553 
157000 3549 3547 
157050 3548 3554 
157100 3547 3549 
157150 3542 3541 
157200 3542 3543 
157250 3561 3564 
157300 3555 3547 
157350 3557 3556 
157400 3551 3549 
157450 3555 3556 
157500 3557 3561 
157550 3544 3544 
157600 3558 3559 
157650 3550 3547 
157700 3558 3551 
157750 3552 3546 
157800 3532 3529 
157850 3548 3549 
157900 3557 3563 
157950 3545 3540 
158000 3547 3546 
158050 3555 3554 
158100 3547 3548 
158150 3543 3544 
158200 3563 3564 
158250 3551 3552 
158300 3552 3550 
158350 3553 3554 
158400 3548 3543 
158450 3551 3548 
158500 3544 3543 
158550 3541 3537 
158600 3533 3532 
158650 3533 3533 
158700 3549 3545 
158750 3544 3540 
158800 3546 3548 
158850 3559 3558 
158900 3558 3560 
158950 3558 3558 
159000 3552 3543 
159050 3546 3545 
159100 3556 3556 
159150 3554 3556 
159200 3547 3547 
159250 3559 3560 
159300 3555 3548 
159350 3534 3534 
159400 3552 3553 
159450 3557 3562 
159500 3561 3560 
159550 3535 3536 
159600 3556 3559 
159650 3552 3551 
159700 3556 3556 
159750 3547 3542 
159800 3543 3541 
159850 3540 3544 
159900 3543 3543 
159950 3545 3553 
160000 3529 3530 
160050 3544 3536 
160100 3554 3552 
160150 3547 3553 
160200 3561 3560 
160250 3557 3554 
160300 3563 3555 
160350 3559 3559 
160400 3541 3539 
160450 3559 3553 
160500 3557 3554 
160550 3514 3527 
160600 3541 3538 
160650 3545 3539 
160700 3553 3559 
160750 3538 3535 
160800 3525 3523 
160850 3549 3551 
160900 3561 3560 
160950 3541 3544 
161000 3540 3537 
161050 3537 3535 
161100 3558 3555 
161150 3550 3546 
161200 3563 3559 
161250 3555 3559 
161300 3557 3556 
161350 3552 3551 
161400 3547 3551 
161450 3548 3554 
161500 3546 3549 
161550 3549 3545 
161600 3554 3549 
161650 3552 3544 
161700 3560 3555 
161750 3547 3551 
161800 3560 3560 
161850 3548 3550 
161900 3554 3551 
161950 3565 3559 
162000 3544 3547 
162050 3552 3552 
162100 3548 3545 
162150 3559 3555 
162200 3553 3547 
162250 3545 3542 
162300 3551 3548 
162350 3547 3549 
162400 3546 3558 
162450 3543 3548 
162500 3551 3545 
162550 3547 3549 
162600 3538 3541 
162650 3522 3529 
162700 3549 3547 
162750 3530 3530 
162800 3553 3552 
162850 3553 3554 
162900 3544 3537 
162950 3559 3562 
163000 3547 3549 
163050 3550 3544 
163100 3543 3549 
163150 3554 3557 
163200 3529 3539 
163250 3554 3558 
163300 3557 3557 
163350 3563 3559 
163400 3531 3534 
163450 3557 3556 
163500 3551 3553 
163550 3551 3550 
163600 3553 3551 
163650 3554 3554 
163700 3548 3540 
163750 3548 3541 
163800 3545 3550 
163850 3545 3545 
163900 3562 3559 
163950 3531 3531 
164000 3571 3567 
164050 3542 3542 
164100 3559 3547 
164150 3568 3564 
164200 3550 3553 
164250 3563 3561 
164300 3563 3561 
164350 3538 3545 
164400 3554 3554 
164450 3547 3545 
164500 3551 3549 
164550 3547 3548 
164600 3555 3555 
164650 3553 3548 
164700 3548 3546 
164750 3542 3547 
164800 3545 3540 
164850 3542 3539 
164900 3552 3545 
164950 3566 3563 
165000 3553 3560 
165050 3551 3550 
165100 3553 3560 
165150 3556 3563 
165200 3541 3539 
165250 3536 3542 
165300 3563 3560 
165350 3551 3557 
165400 3559 3556 
165450 3553 3552 
165500 3561 3570 
165550 3550 3551 
165600 3546 3550 
165650 3553 3552 
165700 3559 3567 
165750 3535 3538 
165800 3541 3544 
165850 3554 3555 
165900 3523 3526 
165950 3541 3546 
166000 3552 3550 
166050 3549 3552 
166100 3539 3539 
166150 3541 3540 
166200 3537 3539 
166250 3554 3552 
166300 3557 3551 
166350 3528 3523 
166400 3555 3550 
166450 3549 3547 
166500 3549 3553 
166550 3544 3551 
166600 3548 3541 
166650 3538 3540 
166700 3555 3556 
166750 3535 3531 
166800 3542 3543 
166850 3562 3559 
166900 3553 3558 
166950 3522 3529 
167000 3549 3548 
167050 3549 3551 
167100 3546 3546 
167150 3546 3550 
167200 3547 3552 
167250 3550 3554 
167300 3550 3553 
167350 3556 3561 
167400 3560 3552 
167450 3554 3555 
167500 3559 3562 
167550 3541 3543 
167600 3543 3545 
167650 3556 3558 
167700 3561 3562 
167750 3553 3557 
167800 3543 3538 
167850 3541 3548 
167900 3550 3550 
167950 3549 3551 
168000 3555 3555 
168050 3548 3549 
168100 3542 3554 
168150 3541 3544 
168200 3545 3539 
168250 3540 3534 
168300 3555 3556 
168350 3547 3545 
168400 3548 3549 
168450 3561 3562 
168500 3552 3554 
168550 3557 3554 
168600 3557 3557 
168650 3547 3547 
168700 3545 3545 
168750 3545 3548 
168800 3549 3554 
168850 3557 3556 
168900 3554 3551 
168950 3550 3538 
169000 3553 3549 
169050 3558 3547 
169100 3541 3536 
169150 3555 3556 
169200 3552 3550 
169250 3553 3553 
169300 3544 3547 
169350 3550 3548 
169400 3549 3545 
169450 3544 3544 
169500 3548 3541 
169550 3552 3552 
169600 3547 3544 
169650 3553 3544 
169700 3553 3553 
169750 3540 3535 
169800 3543 3535 
169850 3554 3551 
169900 3552 3547 
169950 3551 3550 
170000 3547 3547 
170050 3545 3544 
170100 3545 3538 
170150 3560 3563 
170200 3545 3547 
170250 3553 3553 
170300 3538 3534 
170350 3541 3542 
170400 3547 3546 
170450 3555 3557 
170500 3560 3554 
170550 3546 3548 
170600 3548 3552 
170650 3554 3556 
170700 3552 3552 
170750 3543 3544 
170800 3559 3558 
170850 3566 3564 
170900 3542 3544 
170950 3550 3548 
171000 3549 3549 
171050 3543 3543 
171100 3553 3553 
171150 3543 3545 
171200 3539 3538 
171250 3552 3550 
171300 3548 3547 
171350 3547 3538 
171400 3552 3548 
171450 3535 3533 
171500 3562 3554 
171550 3539 3538 
171600 3550 3550 
171650 3556 3557 
171700 3548 3548 
171750 3552 3551 
171800 3545 3540 
171850 3563 3568 
171900 3548 3546 
171950 3540 3538 
172000 3535 3537 
172050 3564 3564 
172100 3546 3543 
172150 3559 3551 
172200 3546 3550 
172250 3541 3541 
172300 3552 3556 
172350 3541 3539 
172400 3545 3552 
172450 3546 3548 
172500 3552 3553 
172550 3560 3559 
172600 3537 3533 
172650 3538 3539 
172700 3535 3538 
172750 3551 3550 
172800 3556 3555 
172850 3556 3551 
172900 3536 3529 
172950 3556 3555 
173000 3558 3550 
173050 3560 3562 
173100 3550 3553 
173150 3549 3539 
173200 3550 3551 
173250 3545 3550 
173300 3570 3567 
173350 3551 3555 
173400 3541 3538 
173450 3536 3540 
173500 3562 3567 
173550 3546 3552 
173600 3550 3548 
173650 3547 3556 
173700 3533 3534 
173750 3547 3548 
173800 3568 3568 
173850 3570 3565 
173900 3548 3545 
173950 3541 3542 
174000 3540 3535 
174050 3546 3544 
174100 3538 3539 
174150 3550 3554 
174200 3558 3556 
174250 3547 3537 
174300 3546 3544 
174350 3559 3554 
174400 3555 3549 
174450 3546 3540 
174500 3537 3536 
174550 3543 3549 
174600 3548 3549 
174650 3551 3553 
174700 3550 3544 
174750 3550 3543 
174800 3565 3567 
174850 3544 3556 
174900 3559 3561 
174950 3560 3566 
175000 3555 3558 
175050 3557 3557 
175100 3551 3552 
175150 3541 3541 
175200 3561 3564 
175250 3564 3562 
175300 3552 3554 
175350 3554 3554 
175400 3555 3552 
175450 3542 3542 
175500 3544 3541 
175550 3538 3540 
175600 3545 3540 
175650 3547 3558 
175700 3548 3552 
175750 3562 3555 
175800 3550 3550 
175850 3533 3528 
175900 3551 3556 
175950 3534 3539 
176000 3548 3545 
176050 3560 3553 
176100 3565 3566 
176150 3556 3550 
176200 3556 3552 
176250 3545 3554 
176300 3525 3526 
176350 3557 3563 
176400 3535 3535 
176450 3546 3548 
176500 3553 3553 
176550 3556 3550 
176600 3555 3554 
176650 3552 3545 
176700 3561 3562 
176750 3542 3540 
176800 3551 3554 
176850 3565 3556 
176900 3554 3552 
176950 3534 3535 
177000 3561 3561 
177050 3546 3551 
177100 3545 3541 
177150 3542 3545 
177200 3540 3542 
177250 3552 3546 
177300 3544 3540 
177350 3534 3539 
177400 3544 3537 
177450 3546 3549 
177500 3553 3550 
177550 3549 3546 
177600 3547 3552 
177650 3536 3535 
177700 3559 3556 
177750 3558 3561 
177800 3563 3565 
177850 3556 3545 
177900 3550 3550 
177950 3554 3552 
178000 3519 3523 
178050 3541 3549 
178100 3564 3570 
178150 3544 3541 
178200 3555 3551 
178250 3541 3546 
178300 3544 3544 
178350 3546 3547 
178400 3546 3545 
178450 3536 3538 
178500 3551 3545 
178550 3542 3542 
178600 3560 3556 
178650 3545 3551 
178700 3549 3552 
178750 3553 3553 
178800 3560 3553 
178850 3561 3560 
178900 3550 3552 
178950 3538 3536 
179000 3551 3552 
179050 3546 3547 
179100 3546 3546 
179150 3556 3554 
179200 3560 3560 
179250 3559 3559 
179300 3546 3543 
179350 3540 3537 
179400 3544 3546 
179450 3557 3552 
179500 3552 3555 
179550 3560 3557 
179600 3547 3541 
179650 3561 3557 
179700 3546 3541 
179750 3552 3556 
179800 3543 3542 
179850 3558 3557 
179900 3536 3530 
179950 3546 3546 
180000 3533 3541 
180050 3551 3548 
180100 3553 3552 
180150 3537 3542 
180200 3544 3553 
180250 3535 3532 
180300 3552 3547 
180350 3548 3545 
180400 3548 3546 
180450 3545 3546 
180500 3550 3551 
180550 3544 3542 
180600 3551 3556 
180650 3555 3555 
180700 3527 3528 
180750 3546 3540 
180800 3547 3550 
180850 3543 3546 
180900 3556 3559 
180950 3548 3547 
181000 3530 3538 
181050 3543 3548 
181100 3548 3548 
181150 3544 3549 
181200 3558 3561 
181250 3550 3553 
181300 3561 3561 
181350 3557 3553 
181400 3541 3542 
181450 3553 3554 
181500 3558 3562 
181550 3543 3549 
181600 3569 3566 
181650 3542 3538 
181700 3541 3545 
181750 3562 3563 
181800 3548 3545 
181850 3553 3546 
181900 3548 3547 
181950 3553 3549 
182000 3552 3545 
182050 3551 3549 
182100 3555 3555 
182150 3553 3545 
182200 3546 3546 
182250 3555 3552 
182300 3557 3557 
182350 3551 3557 
182400 3551 3554 
182450 3561 3558 
182500 3562 3556 
182550 3540 3545 
182600 3530 3530 
182650 3550 3545 
182700 3541 3546 
182750 3556 3555 
182800 3555 3553 
182850 3558 3557 
182900 3554 3556 
182950 3544 3546 
183000 3542 3546 
183050 3543 3543 
183100 3541 3544 
183150 3550 3556 
183200 3545 3541 
183250 3550 3546 
183300 3550 3547 
183350 3554 3553 
183400 3546 3556 
183450 3549 3545 
183500 3557 3558 
183550 3554 3555 
183600 3550 3555 
183650 3556 3558 
183700 3551 3551 
183750 3537 3541 
183800 3542 3538 
183850 3559 3558 
183900 3556 3559 
183950 3552 3558 
184000 3549 3548 
184050 3552 3549 
184100 3533 3539 
184150 3550 3555 
184200 3530 3530 
184250 3554 3557 
184300 3542 3545 
184350 3560 3561 
184400 3556 3558 
184450 3558 3553 
184500 3555 3554 
184550 3560 3556 
184600 3552 3549 
184650 3565 3561 
184700 3560 3559 
184750 3554 3549 
184800 3552 3551 
184850 3555 3553 
184900 3542 3539 
184950 3548 3542 
185000 3574 3565 
185050 3545 3543 
185100 3549 3547 
185150 3571 3562 
185200 3559 3561 
185250 3555 3561 
185300 3553 3558 
185350 3538 3536 
185400 3557 3566 
185450 3552 3559 
185500 3547 3546 
185550 3539 3543 
185600 3533 3535 
185650 3549 3547 
185700 3547 3544 
185750 3558 3550 
185800 3549 3550 
185850 3555 3547 
185900 3538 3546 
185950 3551 3551 
186000 3555 3554 
186050 3552 3549 
186100 3541 3537 
186150 3539 3548 
186200 3549 3546 
186250 3553 3551 
186300 3540 3540 
186350 3537 3536 
186400 3540 3537 
186450 3557 3559 
186500 3550 3557 
186550 3554 3550 
186600 3543 3542 
186650 3562 3558 
186700 3547 3548 
186750 3527 3534 
186800 3542 3546 
186850 3534 3534 
186900 3551 3553 
186950 3541 3548 
187000 3537 3539 
187050 3553 3560 
187100 3545 3548 
187150 3549 3550 
187200 3561 3556 
187250 3542 3547 
187300 3547 3553 
187350 3541 3547 
187400 3553 3548 
187450 3552 3556 
187500 3560 3554 
187550 3554 3550 
187600 3555 3551 
187650 3542 3540 
187700 3551 3549 
187750 3555 3551 
187800 3548 3549 
187850 3557 3560 
187900 3556 3553 
187950 3545 3553 
188000 3534 3545 
188050 3546 3550 
188100 3533 3533 
188150 3550 3547 
188200 3554 3558 
188250 3550 3544 
188300 3555 3556 
188350 3556 3560 
188400 3546 3549 
188450 3556 3554 
188500 3564 3562 
188550 3555 3558 
188600 3556 3554 
188650 3554 3554 
188700 3538 3538 
188750 3539 3538 
188800 3532 3527 
188850 3550 3549 
188900 3568 3570 
188950 3546 3544 
189000 3537 3528 
189050 3560 3557 
189100 3565 3558 
189150 3559 3557 
189200 3553 3554 
189250 3539 3536 
189300 3566 3568 
189350 3559 3557 
189400 3551 3546 
189450 3560 3558 
189500 3555 3552 
189550 3539 3538 
189600 3555 3555 
189650 3556 3544 
189700 3546 3553 
189750 3557 3563 
189800 3550 3555 
189850 3538 3535 
189900 3553 3556 
189950 3558 3563 
190000 3546 3536 
190050 3549 3551 
190100 3548 3541 
190150 3533 3533 
190200 3561 3555 
190250 3559 3558 
190300 3550 3550 
190350 3558 3562 
190400 3551 3557 
190450 3552 3558 
190500 3556 3553 
190550 3547 3542 
190600 3552 3555 
190650 3553 3552 
190700 3529 3529 
190750 3563 3554 
190800 3564 3561 
190850 3558 3552 
190900 3550 3547 
190950 3554 3542 
191000 3553 3550 
191050 3550 3545 
191100 3542 3538 
191150 3546 3549 
191200 3542 3543 
191250 3548 3547 
191300 3566 3566 
191350 3548 3558 
191400 3551 3543 
191450 3557 3548 
191500 3556 3555 
191550 3554 3554 
191600 3556 3560 
191650 3560 3556 
191700 3558 3555 
191750 3543 3539 
191800 3553 3552 
191850 3553 3552 
191900 3548 3542 
191950 3560 3557 
192000 3543 3546 
192050 3545 3543 
192100 3541 3542 
192150 3558 3557 
192200 3565 3560 
192250 3542 3543 
192300 3557 3554 
192350 3545 3552 
192400 3553 3552 
192450 3534 3534 
192500 3548 3546 
192550 3554 3550 
192600 3547 3547 
192650 3550 3550 
192700 3554 3552 
192750 3530 3526 
192800 3551 3555 
192850 3549 3540 
192900 3541 3545 
192950 3551 3549 
193000 3531 3537 
193050 3546 3542 
193100 3553 3551 
193150 3549 3545 
193200 3556 3552 
193250 3564 3568 
193300 3559 3553 
193350 3549 3545 
193400 3562 3557 
193450 3545 3543 
193500 3553 3557 
193550 3568 3568 
193600 3550 3551 
193650 3553 3555 
193700 3548 3549 
193750 3563 3561 
193800 3560 3563 
193850 3545 3553 
193900 3546 3543 
193950 3550 3556 
194000 3557 3555 
194050 3539 3545 
194100 3555 3552 
194150 3558 3556 
194200 3550 3550 
194250 3561 3561 
194300 3545 3543 
194350 3566 3565 
194400 3568 3565 
194450 3555 3559 
194500 3557 3558 
194550 3545 3546 
194600 3536 3528 
194650 3550 3552 
194700 3546 3543 
194750 3563 3561 
194800 3540 3539 
194850 3545 3544 
194900 3563 3562 
194950 3549 3549 
195000 3554 3552 
195050 3561 3559 
195100 3547 3543 
195150 3542 3548 
195200 3536 3542 
195250 3542 3539 
195300 3546 3543 
195350 3557 3555 
195400 3560 3558 
195450 3551 3548 
195500 3560 3556 
195550 3532 3527 
195600 3553 3557 
195650 3545 3543 
195700 3563 3566 
195750 3560 3557 
195800 3554 3557 
195850 3572 3574 
195900 3546 3552 
195950 3552 3551 
196000 3559 3556 
196050 3556 3559 
196100 3539 3537 
196150 3564 3561 
196200 3551 3552 
196250 3554 3549 
196300 3567 3565 
196350 3548 3553 
196400 3551 3552 
196450 3546 3547 
196500 3549 3545 
196550 3556 3556 
196600 3564 3563 
196650 3564 3552 
196700 3552 3549 
196750 3553 3545 
196800 3546 3552 
196850 3554 3553 
196900 3549 3546 
196950 3559 3560 
197000 3543 3545 
197050 3551 3547 
197100 3543 3542 
197150 3559 3560 
197200 3544 3544 
197250 3535 3532 
197300 3556 3558 
197350 3544 3544 
197400 3551 3550 
197450 3548 3540 
197500 3564 3563 
197550 3557 3548 
197600 3545 3551 
197650 3555 3558 
197700 3543 3544 
197750 3559 3552 
197800 3544 3548 
197850 3557 3550 
197900 3551 3545 
197950 3564 3558 
198000 3567 3564 
198050 3560 3558 
198100 3542 3543 
198150 3546 3541 
198200 3532 3537 
198250 3549 3549 
198300 3542 3536 
198350 3555 3554 
198400 3541 3541 
198450 3561 3559 
198500 3544 3532 
198550 3559 3560 
198600 3555 3546 
198650 3552 3557 
198700 3560 3557 
198750 3555 3551 
198800 3546 3544 
198850 3546 3543 
198900 3543 3542 
198950 3539 3541 
199000 3554 3554 
199050 3549 3543 
199100 3559 3561 
199150 3556 3551 
199200 3559 3552 
199250 3550 3547 
199300 3551 3544 
199350 3556 3551 
199400 3560 3561 
199450 3530 3536 
199500 3548 3552 
199550 3541 3540 
199600 3541 3544 
199650 3560 3557 
199700 3538 3529 
199750 3542 3538 
199800 3555 3552 
199850 3547 3542 
199900 3555 3554 
199950 3547 3544 
200000 3549 3549 
