# Avida tasks data
# Sat Apr  7 00:54:34 2012
# First column gives the current update, next columns give the number
# of organisms that have the particular task as a component of their merit
#  1: Update
#  2: Xor
#  3: Equals

0 0 0 
50 7 7 
100 34 34 
150 103 103 
200 231 231 
250 399 399 
300 616 611 
350 926 922 
400 1258 1258 
450 1662 1662 
500 2130 2134 
550 2652 2650 
600 3181 3175 
650 3409 3412 
700 3524 3521 
750 3548 3549 
800 3542 3545 
850 3552 3556 
900 3545 3544 
950 3548 3549 
1000 3537 3539 
1050 3547 3551 
1100 3546 3548 
1150 3538 3541 
1200 3536 3533 
1250 3556 3547 
1300 3549 3545 
1350 3548 3550 
1400 3541 3534 
1450 3549 3540 
1500 3541 3540 
1550 3535 3536 
1600 3547 3546 
1650 3547 3551 
1700 3527 3533 
1750 3555 3551 
1800 3551 3545 
1850 3554 3557 
1900 3544 3551 
1950 3540 3542 
2000 3545 3545 
2050 3538 3536 
2100 3535 3534 
2150 3546 3550 
2200 3547 3545 
2250 3561 3556 
2300 3537 3528 
2350 3539 3545 
2400 3544 3546 
2450 3544 3544 
2500 3542 3541 
2550 3562 3551 
2600 3548 3540 
2650 3549 3549 
2700 3560 3563 
2750 3552 3550 
2800 3542 3544 
2850 3544 3542 
2900 3548 3559 
2950 3545 3544 
3000 3551 3557 
3050 3568 3566 
3100 3557 3554 
3150 3538 3533 
3200 3536 3541 
3250 3540 3542 
3300 3550 3549 
3350 3543 3543 
3400 3551 3548 
3450 3550 3549 
3500 3544 3537 
3550 3543 3536 
3600 3529 3530 
3650 3549 3546 
3700 3563 3560 
3750 3532 3536 
3800 3532 3539 
3850 3556 3555 
3900 3546 3538 
3950 3544 3549 
4000 3543 3548 
4050 3535 3533 
4100 3544 3545 
4150 3535 3536 
4200 3540 3543 
4250 3527 3528 
4300 3525 3526 
4350 3547 3551 
4400 3533 3532 
4450 3555 3549 
4500 3543 3543 
4550 3544 3546 
4600 3546 3545 
4650 3526 3525 
4700 3543 3544 
4750 3543 3550 
4800 3550 3552 
4850 3541 3543 
4900 3542 3543 
4950 3519 3523 
5000 3547 3549 
5050 3541 3546 
5100 3538 3535 
5150 3538 3540 
5200 3547 3544 
5250 3556 3555 
5300 3548 3541 
5350 3548 3546 
5400 3545 3547 
5450 3543 3541 
5500 3544 3544 
5550 3540 3550 
5600 3525 3529 
5650 3545 3549 
5700 3538 3542 
5750 3544 3546 
5800 3551 3547 
5850 3545 3546 
5900 3542 3535 
5950 3550 3548 
6000 3542 3541 
6050 3552 3555 
6100 3551 3555 
6150 3559 3560 
6200 3539 3539 
6250 3538 3536 
6300 3542 3539 
6350 3548 3548 
6400 3540 3547 
6450 3533 3534 
6500 3542 3546 
6550 3534 3533 
6600 3540 3541 
6650 3531 3529 
6700 3544 3539 
6750 3549 3547 
6800 3543 3539 
6850 3560 3559 
6900 3559 3556 
6950 3548 3543 
7000 3540 3540 
7050 3543 3545 
7100 3563 3569 
7150 3561 3563 
7200 3551 3556 
7250 3545 3546 
7300 3558 3560 
7350 3545 3542 
7400 3545 3546 
7450 3542 3543 
7500 3529 3533 
7550 3520 3523 
7600 3538 3536 
7650 3559 3560 
7700 3534 3539 
7750 3522 3536 
7800 3553 3550 
7850 3551 3537 
7900 3530 3528 
7950 3545 3549 
8000 3551 3551 
8050 3560 3563 
8100 3561 3563 
8150 3553 3551 
8200 3542 3536 
8250 3555 3554 
8300 3537 3541 
8350 3527 3532 
8400 3553 3548 
8450 3557 3554 
8500 3559 3551 
8550 3551 3549 
8600 3550 3545 
8650 3529 3528 
8700 3531 3532 
8750 3543 3543 
8800 3557 3556 
8850 3549 3548 
8900 3557 3557 
8950 3552 3547 
9000 3543 3543 
9050 3550 3552 
9100 3554 3555 
9150 3564 3567 
9200 3545 3551 
9250 3549 3553 
9300 3546 3550 
9350 3548 3548 
9400 3540 3541 
9450 3554 3557 
9500 3545 3552 
9550 3536 3541 
9600 3547 3550 
9650 3545 3542 
9700 3554 3550 
9750 3546 3545 
9800 3546 3542 
9850 3529 3526 
9900 3555 3552 
9950 3549 3546 
10000 3548 3550 
10050 3546 3546 
10100 3548 3549 
10150 3549 3554 
10200 3548 3548 
10250 3527 3539 
10300 3552 3546 
10350 3558 3555 
10400 3557 3558 
10450 3548 3544 
10500 3559 3558 
10550 3546 3541 
10600 3552 3549 
10650 3569 3567 
10700 3555 3549 
10750 3542 3542 
10800 3545 3549 
10850 3537 3536 
10900 3563 3565 
10950 3541 3540 
11000 3522 3521 
11050 3544 3548 
11100 3534 3537 
11150 3552 3554 
11200 3546 3546 
11250 3560 3562 
11300 3531 3541 
11350 3547 3543 
11400 3547 3544 
11450 3562 3558 
11500 3555 3556 
11550 3559 3560 
11600 3548 3546 
11650 3548 3544 
11700 3551 3542 
11750 3548 3554 
11800 3539 3537 
11850 3549 3548 
11900 3552 3547 
11950 3528 3526 
12000 3549 3546 
12050 3548 3549 
12100 3531 3529 
12150 3539 3536 
12200 3552 3550 
12250 3558 3556 
12300 3550 3552 
12350 3543 3533 
12400 3557 3557 
12450 3536 3535 
12500 3546 3545 
12550 3543 3540 
12600 3545 3546 
12650 3548 3551 
12700 3554 3556 
12750 3547 3549 
12800 3544 3542 
12850 3537 3538 
12900 3530 3527 
12950 3545 3550 
13000 3544 3546 
13050 3547 3546 
13100 3541 3542 
13150 3557 3548 
13200 3534 3536 
13250 3548 3546 
13300 3547 3546 
13350 3550 3557 
13400 3553 3550 
13450 3547 3549 
13500 3536 3531 
13550 3546 3552 
13600 3539 3539 
13650 3521 3523 
13700 3525 3522 
13750 3538 3537 
13800 3547 3545 
13850 3536 3534 
13900 3557 3552 
13950 3548 3550 
14000 3557 3551 
14050 3553 3549 
14100 3568 3563 
14150 3551 3556 
14200 3553 3553 
14250 3538 3539 
14300 3547 3540 
14350 3551 3550 
14400 3542 3539 
14450 3561 3560 
14500 3551 3546 
14550 3551 3552 
14600 3544 3546 
14650 3545 3550 
14700 3561 3558 
14750 3541 3534 
14800 3550 3551 
14850 3548 3544 
14900 3538 3537 
14950 3535 3532 
15000 3524 3528 
15050 3518 3520 
15100 3534 3536 
15150 3548 3551 
15200 3540 3535 
15250 3547 3541 
15300 3534 3541 
15350 3552 3552 
15400 3545 3544 
15450 3552 3551 
15500 3539 3539 
15550 3543 3542 
15600 3536 3542 
15650 3549 3545 
15700 3565 3565 
15750 3544 3546 
15800 3552 3551 
15850 3544 3546 
15900 3544 3542 
15950 3541 3533 
16000 3537 3540 
16050 3544 3545 
16100 3540 3540 
16150 3553 3554 
16200 3527 3534 
16250 3553 3549 
16300 3542 3541 
16350 3522 3523 
16400 3548 3548 
16450 3548 3551 
16500 3554 3552 
16550 3552 3557 
16600 3518 3525 
16650 3559 3557 
16700 3541 3541 
16750 3551 3553 
16800 3529 3530 
16850 3535 3541 
16900 3544 3541 
16950 3557 3554 
17000 3545 3544 
17050 3534 3533 
17100 3535 3531 
17150 3544 3543 
17200 3551 3552 
17250 3554 3551 
17300 3539 3541 
17350 3538 3538 
17400 3545 3547 
17450 3546 3554 
17500 3538 3537 
17550 3528 3530 
17600 3545 3543 
17650 3551 3551 
17700 3547 3544 
17750 3551 3550 
17800 3535 3542 
17850 3553 3549 
17900 3548 3549 
17950 3544 3546 
18000 3538 3542 
18050 3534 3528 
18100 3539 3539 
18150 3555 3551 
18200 3550 3547 
18250 3563 3561 
18300 3555 3550 
18350 3550 3552 
18400 3548 3548 
18450 3536 3533 
18500 3541 3543 
18550 3543 3540 
18600 3544 3553 
18650 3560 3561 
18700 3558 3557 
18750 3553 3556 
18800 3542 3543 
18850 3547 3549 
18900 3541 3528 
18950 3538 3545 
19000 3522 3526 
19050 3543 3541 
19100 3547 3539 
19150 3541 3534 
19200 3543 3540 
19250 3548 3553 
19300 3546 3543 
19350 3541 3544 
19400 3537 3538 
19450 3541 3548 
19500 3541 3545 
19550 3546 3545 
19600 3538 3528 
19650 3554 3555 
19700 3544 3542 
19750 3550 3539 
19800 3540 3536 
19850 3549 3553 
19900 3547 3548 
19950 3563 3557 
20000 3569 3569 
20050 3540 3537 
20100 3541 3546 
20150 3554 3557 
20200 3531 3536 
20250 3549 3551 
20300 3538 3539 
20350 3558 3557 
20400 3543 3547 
20450 3543 3544 
20500 3544 3541 
20550 3546 3544 
20600 3544 3537 
20650 3529 3530 
20700 3534 3532 
20750 3546 3539 
20800 3551 3547 
20850 3536 3541 
20900 3549 3548 
20950 3539 3541 
21000 3539 3539 
21050 3542 3534 
21100 3550 3548 
21150 3534 3537 
21200 3538 3533 
21250 3540 3540 
21300 3548 3552 
21350 3533 3533 
21400 3547 3545 
21450 3543 3543 
21500 3546 3550 
21550 3547 3546 
21600 3550 3555 
21650 3538 3547 
21700 3541 3538 
21750 3543 3546 
21800 3551 3555 
21850 3541 3539 
21900 3552 3553 
21950 3539 3543 
22000 3536 3539 
22050 3550 3558 
22100 3540 3539 
22150 3543 3549 
22200 3533 3536 
22250 3537 3537 
22300 3529 3532 
22350 3550 3550 
22400 3534 3530 
22450 3539 3534 
22500 3542 3534 
22550 3540 3541 
22600 3549 3545 
22650 3533 3531 
22700 3535 3535 
22750 3558 3558 
22800 3519 3530 
22850 3546 3551 
22900 3551 3555 
22950 3551 3555 
23000 3555 3557 
23050 3535 3539 
23100 3573 3568 
23150 3555 3554 
23200 3552 3551 
23250 3547 3551 
23300 3540 3536 
23350 3543 3547 
23400 3550 3553 
23450 3550 3545 
23500 3538 3528 
23550 3551 3552 
23600 3551 3549 
23650 3545 3547 
23700 3555 3558 
23750 3549 3557 
23800 3532 3533 
23850 3534 3531 
23900 3547 3538 
23950 3550 3550 
24000 3540 3538 
24050 3554 3554 
24100 3537 3533 
24150 3537 3536 
24200 3548 3553 
24250 3550 3551 
24300 3547 3546 
24350 3554 3554 
24400 3543 3538 
24450 3530 3532 
24500 3547 3544 
24550 3547 3552 
24600 3556 3556 
24650 3555 3555 
24700 3544 3551 
24750 3542 3546 
24800 3553 3544 
24850 3537 3541 
24900 3553 3556 
24950 3550 3550 
25000 3547 3545 
25050 3545 3545 
25100 3544 3544 
25150 3538 3537 
25200 3544 3547 
25250 3551 3554 
25300 3535 3544 
25350 3541 3544 
25400 3540 3544 
25450 3544 3548 
25500 3549 3551 
25550 3553 3547 
25600 3557 3554 
25650 3550 3541 
25700 3542 3546 
25750 3545 3543 
25800 3543 3545 
25850 3549 3545 
25900 3551 3555 
25950 3523 3532 
26000 3542 3542 
26050 3539 3538 
26100 3544 3543 
26150 3554 3555 
26200 3537 3536 
26250 3549 3544 
26300 3553 3556 
26350 3540 3538 
26400 3540 3544 
26450 3540 3541 
26500 3560 3556 
26550 3562 3567 
26600 3559 3555 
26650 3552 3557 
26700 3549 3554 
26750 3547 3544 
26800 3537 3541 
26850 3548 3552 
26900 3561 3562 
26950 3550 3554 
27000 3543 3542 
27050 3541 3541 
27100 3538 3538 
27150 3565 3563 
27200 3555 3554 
27250 3556 3555 
27300 3544 3545 
27350 3555 3551 
27400 3548 3543 
27450 3558 3549 
27500 3555 3551 
27550 3542 3538 
27600 3546 3542 
27650 3539 3539 
27700 3546 3545 
27750 3546 3543 
27800 3556 3549 
27850 3541 3539 
27900 3556 3554 
27950 3548 3548 
28000 3549 3547 
28050 3544 3541 
28100 3558 3563 
28150 3548 3546 
28200 3556 3548 
28250 3552 3551 
28300 3555 3549 
28350 3531 3533 
28400 3541 3545 
28450 3551 3555 
28500 3564 3558 
28550 3546 3544 
28600 3550 3547 
28650 3531 3527 
28700 3547 3547 
28750 3552 3558 
28800 3560 3554 
28850 3560 3555 
28900 3544 3551 
28950 3557 3561 
29000 3543 3541 
29050 3538 3538 
29100 3519 3519 
29150 3541 3544 
29200 3545 3544 
29250 3547 3551 
29300 3555 3551 
29350 3546 3542 
29400 3559 3560 
29450 3549 3553 
29500 3559 3556 
29550 3554 3553 
29600 3540 3543 
29650 3552 3557 
29700 3542 3546 
29750 3540 3540 
29800 3542 3554 
29850 3532 3539 
29900 3544 3543 
29950 3555 3551 
30000 3545 3546 
30050 3556 3552 
30100 3534 3536 
30150 3548 3542 
30200 3540 3527 
30250 3553 3551 
30300 3549 3545 
30350 3553 3553 
30400 3540 3542 
30450 3535 3534 
30500 3546 3546 
30550 3552 3553 
30600 3530 3534 
30650 3548 3548 
30700 3538 3549 
30750 3549 3550 
30800 3561 3560 
30850 3551 3550 
30900 3551 3547 
30950 3566 3560 
31000 3550 3550 
31050 3541 3537 
31100 3533 3534 
31150 3547 3547 
31200 3563 3565 
31250 3559 3563 
31300 3559 3562 
31350 3543 3550 
31400 3551 3548 
31450 3531 3534 
31500 3544 3544 
31550 3556 3554 
31600 3534 3537 
31650 3542 3544 
31700 3549 3542 
31750 3556 3550 
31800 3557 3554 
31850 3544 3541 
31900 3549 3544 
31950 3556 3560 
32000 3552 3553 
32050 3538 3543 
32100 3547 3547 
32150 3546 3545 
32200 3545 3545 
32250 3556 3558 
32300 3530 3530 
32350 3535 3538 
32400 3535 3540 
32450 3543 3546 
32500 3538 3533 
32550 3544 3543 
32600 3530 3531 
32650 3547 3553 
32700 3545 3545 
32750 3541 3547 
32800 3537 3539 
32850 3534 3537 
32900 3532 3536 
32950 3536 3536 
33000 3550 3546 
33050 3547 3541 
33100 3551 3550 
33150 3548 3545 
33200 3534 3531 
33250 3569 3566 
33300 3536 3537 
33350 3558 3549 
33400 3536 3537 
33450 3544 3545 
33500 3547 3542 
33550 3531 3528 
33600 3542 3538 
33650 3539 3539 
33700 3554 3547 
33750 3562 3553 
33800 3545 3541 
33850 3550 3551 
33900 3536 3539 
33950 3543 3545 
34000 3555 3556 
34050 3532 3529 
34100 3553 3556 
34150 3560 3564 
34200 3554 3550 
34250 3559 3561 
34300 3547 3549 
34350 3549 3550 
34400 3549 3548 
34450 3527 3533 
34500 3548 3533 
34550 3545 3548 
34600 3546 3552 
34650 3543 3546 
34700 3538 3538 
34750 3547 3549 
34800 3544 3545 
34850 3543 3541 
34900 3540 3544 
34950 3545 3546 
35000 3538 3538 
35050 3547 3546 
35100 3533 3539 
35150 3534 3529 
35200 3536 3537 
35250 3527 3527 
35300 3543 3541 
35350 3550 3556 
35400 3551 3546 
35450 3549 3547 
35500 3541 3541 
35550 3541 3537 
35600 3544 3539 
35650 3555 3557 
35700 3566 3566 
35750 3552 3545 
35800 3542 3543 
35850 3548 3543 
35900 3532 3529 
35950 3540 3537 
36000 3539 3538 
36050 3534 3534 
36100 3554 3553 
36150 3553 3551 
36200 3556 3552 
36250 3563 3568 
36300 3563 3563 
36350 3539 3545 
36400 3549 3551 
36450 3539 3539 
36500 3556 3553 
36550 3549 3553 
36600 3529 3525 
36650 3537 3535 
36700 3547 3549 
36750 3539 3534 
36800 3538 3533 
36850 3551 3549 
36900 3537 3539 
36950 3533 3543 
37000 3536 3539 
37050 3538 3541 
37100 3534 3539 
37150 3533 3535 
37200 3548 3555 
37250 3529 3535 
37300 3539 3536 
37350 3539 3536 
37400 3546 3545 
37450 3557 3552 
37500 3547 3546 
37550 3541 3541 
37600 3553 3549 
37650 3546 3545 
37700 3560 3555 
37750 3556 3553 
37800 3539 3537 
37850 3535 3532 
37900 3535 3533 
37950 3529 3535 
38000 3546 3550 
38050 3525 3528 
38100 3547 3552 
38150 3546 3550 
38200 3532 3530 
38250 3540 3538 
38300 3542 3540 
38350 3543 3536 
38400 3552 3554 
38450 3548 3545 
38500 3542 3542 
38550 3547 3549 
38600 3538 3546 
38650 3554 3550 
38700 3544 3551 
38750 3546 3547 
38800 3555 3556 
38850 3562 3568 
38900 3560 3560 
38950 3552 3549 
39000 3539 3539 
39050 3537 3541 
39100 3553 3557 
39150 3540 3537 
39200 3535 3542 
39250 3555 3552 
39300 3544 3552 
39350 3535 3535 
39400 3547 3553 
39450 3548 3551 
39500 3542 3538 
39550 3537 3540 
39600 3548 3545 
39650 3554 3548 
39700 3551 3553 
39750 3564 3564 
39800 3549 3547 
39850 3554 3556 
39900 3558 3560 
39950 3560 3560 
40000 3542 3542 
40050 3553 3556 
40100 3539 3542 
40150 3538 3536 
40200 3538 3536 
40250 3541 3539 
40300 3533 3539 
40350 3553 3557 
40400 3537 3542 
40450 3552 3550 
40500 3532 3531 
40550 3536 3537 
40600 3551 3547 
40650 3550 3551 
40700 3558 3555 
40750 3551 3550 
40800 3536 3540 
40850 3536 3543 
40900 3537 3533 
40950 3543 3539 
41000 3553 3554 
41050 3562 3560 
41100 3553 3553 
41150 3539 3536 
41200 3543 3545 
41250 3555 3554 
41300 3540 3545 
41350 3533 3530 
41400 3554 3550 
41450 3564 3562 
41500 3532 3533 
41550 3546 3546 
41600 3534 3539 
41650 3530 3535 
41700 3540 3543 
41750 3553 3558 
41800 3547 3544 
41850 3555 3554 
41900 3554 3558 
41950 3550 3548 
42000 3522 3526 
42050 3543 3544 
42100 3548 3549 
42150 3531 3539 
42200 3548 3548 
42250 3559 3557 
42300 3560 3554 
42350 3540 3542 
42400 3542 3549 
42450 3555 3561 
42500 3536 3537 
42550 3547 3545 
42600 3547 3548 
42650 3544 3547 
42700 3558 3553 
42750 3551 3553 
42800 3542 3543 
42850 3547 3548 
42900 3558 3555 
42950 3541 3546 
43000 3542 3544 
43050 3541 3539 
43100 3542 3544 
43150 3560 3562 
43200 3566 3564 
43250 3550 3558 
43300 3528 3531 
43350 3547 3549 
43400 3550 3546 
43450 3545 3543 
43500 3548 3551 
43550 3545 3542 
43600 3553 3549 
43650 3546 3547 
43700 3547 3542 
43750 3545 3547 
43800 3546 3546 
43850 3549 3552 
43900 3551 3552 
43950 3546 3548 
44000 3533 3529 
44050 3555 3555 
44100 3550 3545 
44150 3545 3547 
44200 3547 3552 
44250 3543 3539 
44300 3544 3550 
44350 3543 3541 
44400 3546 3547 
44450 3564 3557 
44500 3533 3532 
44550 3545 3547 
44600 3535 3544 
44650 3533 3531 
44700 3539 3541 
44750 3550 3547 
44800 3535 3538 
44850 3548 3550 
44900 3562 3565 
44950 3543 3547 
45000 3530 3535 
45050 3532 3530 
45100 3571 3564 
45150 3551 3548 
45200 3550 3546 
45250 3538 3536 
45300 3527 3535 
45350 3532 3537 
45400 3543 3544 
45450 3539 3535 
45500 3544 3544 
45550 3537 3541 
45600 3546 3548 
45650 3535 3540 
45700 3540 3542 
45750 3541 3547 
45800 3548 3544 
45850 3547 3549 
45900 3544 3551 
45950 3544 3548 
46000 3532 3537 
46050 3549 3543 
46100 3559 3555 
46150 3545 3547 
46200 3544 3545 
46250 3557 3554 
46300 3545 3548 
46350 3550 3550 
46400 3539 3541 
46450 3547 3551 
46500 3552 3553 
46550 3543 3543 
46600 3552 3549 
46650 3563 3560 
46700 3546 3542 
46750 3536 3542 
46800 3545 3547 
46850 3541 3544 
46900 3547 3542 
46950 3556 3549 
47000 3550 3549 
47050 3547 3544 
47100 3543 3545 
47150 3546 3544 
47200 3531 3530 
47250 3546 3545 
47300 3550 3545 
47350 3546 3541 
47400 3551 3543 
47450 3547 3538 
47500 3537 3536 
47550 3534 3533 
47600 3531 3526 
47650 3557 3550 
47700 3534 3527 
47750 3530 3530 
47800 3537 3545 
47850 3553 3556 
47900 3542 3547 
47950 3535 3536 
48000 3550 3543 
48050 3534 3530 
48100 3529 3525 
48150 3538 3537 
48200 3526 3525 
48250 3532 3534 
48300 3559 3554 
48350 3542 3531 
48400 3524 3519 
48450 3544 3542 
48500 3516 3520 
48550 3523 3526 
48600 3541 3537 
48650 3563 3563 
48700 3555 3553 
48750 3540 3540 
48800 3518 3525 
48850 3505 3511 
48900 3540 3546 
48950 3547 3543 
49000 3547 3541 
49050 3557 3554 
49100 3553 3549 
49150 3557 3555 
49200 3548 3544 
49250 3547 3540 
49300 3538 3545 
49350 3554 3553 
49400 3542 3548 
49450 3552 3557 
49500 3551 3554 
49550 3541 3539 
49600 3550 3550 
49650 3560 3550 
49700 3553 3548 
49750 3552 3546 
49800 3563 3565 
49850 3548 3544 
49900 3550 3551 
49950 3549 3550 
50000 3546 3549 
50050 3557 3554 
50100 3535 3536 
50150 3540 3537 
50200 3543 3542 
50250 3547 3554 
50300 3525 3533 
50350 3534 3525 
50400 3536 3542 
50450 3533 3537 
50500 3536 3534 
50550 3537 3543 
50600 3539 3535 
50650 3543 3534 
50700 3548 3549 
50750 3545 3544 
50800 3555 3555 
50850 3555 3557 
50900 3548 3547 
50950 3555 3549 
51000 3538 3535 
51050 3539 3536 
51100 3549 3543 
51150 3539 3536 
51200 3550 3552 
51250 3534 3529 
51300 3529 3531 
51350 3554 3551 
51400 3541 3544 
51450 3542 3540 
51500 3540 3533 
51550 3526 3530 
51600 3549 3543 
51650 3530 3522 
51700 3555 3549 
51750 3542 3536 
51800 3534 3541 
51850 3543 3548 
51900 3542 3547 
51950 3548 3543 
52000 3552 3549 
52050 3547 3543 
52100 3532 3529 
52150 3531 3532 
52200 3536 3532 
52250 3553 3549 
52300 3542 3536 
52350 3564 3565 
52400 3539 3541 
52450 3536 3543 
52500 3541 3541 
52550 3545 3548 
52600 3535 3539 
52650 3548 3550 
52700 3551 3551 
52750 3537 3544 
52800 3547 3546 
52850 3540 3540 
52900 3527 3532 
52950 3538 3537 
53000 3552 3551 
53050 3544 3541 
53100 3540 3536 
53150 3523 3529 
53200 3536 3542 
53250 3549 3552 
53300 3533 3538 
53350 3541 3546 
53400 3542 3540 
53450 3538 3542 
53500 3532 3531 
53550 3533 3535 
53600 3537 3528 
53650 3546 3539 
53700 3538 3543 
53750 3545 3541 
53800 3540 3537 
53850 3541 3542 
53900 3547 3545 
53950 3564 3567 
54000 3553 3550 
54050 3552 3554 
54100 3555 3550 
54150 3547 3542 
54200 3558 3558 
54250 3560 3560 
54300 3557 3557 
54350 3534 3537 
54400 3536 3531 
54450 3549 3538 
54500 3552 3549 
54550 3528 3534 
54600 3544 3555 
54650 3552 3553 
54700 3550 3559 
54750 3566 3569 
54800 3559 3562 
54850 3558 3556 
54900 3555 3559 
54950 3551 3555 
55000 3552 3550 
55050 3551 3540 
55100 3548 3550 
55150 3560 3557 
55200 3554 3553 
55250 3545 3544 
55300 3554 3558 
55350 3560 3557 
55400 3557 3556 
55450 3547 3542 
55500 3559 3556 
55550 3538 3537 
55600 3544 3544 
55650 3538 3547 
55700 3536 3543 
55750 3550 3554 
55800 3542 3546 
55850 3553 3553 
55900 3548 3550 
55950 3540 3543 
56000 3532 3536 
56050 3545 3547 
56100 3554 3557 
56150 3551 3554 
56200 3535 3546 
56250 3549 3553 
56300 3547 3551 
56350 3543 3541 
56400 3545 3544 
56450 3543 3538 
56500 3548 3544 
56550 3535 3535 
56600 3550 3548 
56650 3543 3549 
56700 3549 3555 
56750 3543 3544 
56800 3556 3550 
56850 3548 3553 
56900 3535 3538 
56950 3548 3547 
57000 3533 3532 
57050 3546 3548 
57100 3551 3550 
57150 3567 3563 
57200 3537 3544 
57250 3540 3542 
57300 3544 3544 
57350 3543 3548 
57400 3549 3550 
57450 3553 3551 
57500 3506 3518 
57550 3533 3535 
57600 3560 3559 
57650 3545 3548 
57700 3539 3545 
57750 3547 3556 
57800 3538 3543 
57850 3547 3551 
57900 3547 3551 
57950 3548 3552 
58000 3550 3550 
58050 3538 3540 
58100 3550 3555 
58150 3549 3549 
58200 3544 3550 
58250 3561 3563 
58300 3552 3549 
58350 3550 3549 
58400 3556 3559 
58450 3559 3557 
58500 3551 3548 
58550 3544 3542 
58600 3540 3539 
58650 3541 3539 
58700 3546 3544 
58750 3556 3555 
58800 3549 3548 
58850 3536 3540 
58900 3560 3567 
58950 3539 3539 
59000 3547 3546 
59050 3564 3560 
59100 3554 3554 
59150 3540 3539 
59200 3555 3557 
59250 3552 3555 
59300 3561 3556 
59350 3561 3554 
59400 3557 3558 
59450 3533 3532 
59500 3538 3540 
59550 3540 3539 
59600 3528 3524 
59650 3560 3560 
59700 3550 3552 
59750 3534 3533 
59800 3552 3554 
59850 3543 3544 
59900 3551 3557 
59950 3547 3546 
60000 3547 3544 
60050 3549 3550 
60100 3551 3545 
60150 3555 3560 
60200 3547 3540 
60250 3558 3557 
60300 3549 3548 
60350 3555 3563 
60400 3546 3539 
60450 3548 3545 
60500 3553 3555 
60550 3541 3539 
60600 3536 3540 
60650 3545 3552 
60700 3539 3542 
60750 3555 3556 
60800 3536 3538 
60850 3545 3550 
60900 3549 3550 
60950 3553 3558 
61000 3551 3553 
61050 3557 3546 
61100 3556 3557 
61150 3550 3552 
61200 3565 3559 
61250 3548 3542 
61300 3557 3551 
61350 3557 3558 
61400 3557 3550 
61450 3556 3552 
61500 3544 3540 
61550 3545 3539 
61600 3547 3554 
61650 3543 3540 
61700 3551 3550 
61750 3539 3542 
61800 3548 3543 
61850 3542 3549 
61900 3543 3542 
61950 3555 3564 
62000 3551 3551 
62050 3538 3541 
62100 3537 3536 
62150 3556 3556 
62200 3550 3550 
62250 3555 3547 
62300 3557 3557 
62350 3548 3551 
62400 3541 3543 
62450 3549 3553 
62500 3554 3552 
62550 3558 3555 
62600 3552 3547 
62650 3559 3554 
62700 3543 3540 
62750 3570 3566 
62800 3546 3543 
62850 3538 3539 
62900 3545 3544 
62950 3555 3544 
63000 3549 3548 
63050 3547 3545 
63100 3549 3545 
63150 3536 3542 
63200 3554 3557 
63250 3559 3559 
63300 3544 3548 
63350 3529 3528 
63400 3533 3530 
63450 3550 3549 
63500 3535 3538 
63550 3560 3556 
63600 3547 3535 
63650 3538 3529 
63700 3540 3542 
63750 3549 3549 
63800 3543 3540 
63850 3560 3555 
63900 3554 3558 
63950 3551 3559 
64000 3536 3540 
64050 3562 3561 
64100 3557 3551 
64150 3561 3565 
64200 3534 3535 
64250 3537 3541 
64300 3544 3543 
64350 3551 3556 
64400 3562 3556 
64450 3547 3551 
64500 3561 3560 
64550 3546 3543 
64600 3537 3537 
64650 3558 3555 
64700 3551 3552 
64750 3540 3541 
64800 3547 3550 
64850 3539 3539 
64900 3539 3541 
64950 3550 3554 
65000 3536 3535 
65050 3555 3557 
65100 3566 3564 
65150 3547 3545 
65200 3541 3543 
65250 3561 3561 
65300 3545 3550 
65350 3544 3541 
65400 3540 3534 
65450 3555 3559 
65500 3546 3544 
65550 3546 3545 
65600 3543 3543 
65650 3543 3541 
65700 3548 3545 
65750 3541 3538 
65800 3547 3544 
65850 3553 3553 
65900 3539 3536 
65950 3549 3550 
66000 3545 3542 
66050 3559 3555 
66100 3559 3556 
66150 3548 3544 
66200 3551 3542 
66250 3553 3550 
66300 3539 3547 
66350 3525 3517 
66400 3539 3538 
66450 3528 3529 
66500 3553 3554 
66550 3559 3549 
66600 3545 3546 
66650 3554 3555 
66700 3548 3545 
66750 3547 3547 
66800 3558 3561 
66850 3535 3541 
66900 3536 3534 
66950 3548 3546 
67000 3541 3545 
67050 3547 3540 
67100 3536 3538 
67150 3552 3549 
67200 3559 3554 
67250 3549 3548 
67300 3551 3550 
67350 3555 3557 
67400 3537 3539 
67450 3536 3539 
67500 3555 3549 
67550 3565 3562 
67600 3550 3540 
67650 3539 3541 
67700 3545 3543 
67750 3547 3540 
67800 3556 3549 
67850 3554 3552 
67900 3546 3541 
67950 3553 3558 
68000 3557 3559 
68050 3539 3540 
68100 3547 3545 
68150 3547 3542 
68200 3548 3545 
68250 3545 3541 
68300 3552 3542 
68350 3551 3544 
68400 3555 3553 
68450 3560 3556 
68500 3557 3554 
68550 3541 3544 
68600 3535 3528 
68650 3551 3543 
68700 3551 3553 
68750 3552 3552 
68800 3549 3550 
68850 3550 3550 
68900 3569 3573 
68950 3555 3556 
69000 3550 3540 
69050 3529 3534 
69100 3550 3539 
69150 3532 3536 
69200 3530 3525 
69250 3553 3552 
69300 3569 3568 
69350 3538 3546 
69400 3546 3544 
69450 3551 3553 
69500 3547 3543 
69550 3536 3537 
69600 3542 3535 
69650 3550 3544 
69700 3558 3559 
69750 3554 3550 
69800 3558 3555 
69850 3535 3535 
69900 3534 3533 
69950 3567 3565 
70000 3565 3568 
70050 3557 3555 
70100 3545 3540 
70150 3548 3539 
70200 3552 3554 
70250 3536 3535 
70300 3552 3552 
70350 3557 3563 
70400 3551 3556 
70450 3551 3554 
70500 3556 3562 
70550 3546 3544 
70600 3557 3553 
70650 3554 3551 
70700 3557 3557 
70750 3557 3555 
70800 3556 3554 
70850 3559 3556 
70900 3555 3552 
70950 3550 3547 
71000 3548 3542 
71050 3545 3540 
71100 3538 3536 
71150 3548 3548 
71200 3551 3553 
71250 3550 3549 
71300 3566 3566 
71350 3560 3546 
71400 3553 3542 
71450 3539 3534 
71500 3556 3546 
71550 3538 3544 
71600 3540 3545 
71650 3544 3546 
71700 3543 3539 
71750 3558 3555 
71800 3560 3552 
71850 3544 3542 
71900 3561 3558 
71950 3535 3531 
72000 3543 3540 
72050 3555 3548 
72100 3561 3564 
72150 3554 3548 
72200 3562 3560 
72250 3547 3546 
72300 3549 3550 
72350 3537 3541 
72400 3555 3556 
72450 3543 3551 
72500 3557 3551 
72550 3545 3540 
72600 3562 3563 
72650 3548 3554 
72700 3553 3556 
72750 3551 3556 
72800 3545 3551 
72850 3544 3547 
72900 3546 3551 
72950 3563 3560 
73000 3544 3536 
73050 3544 3544 
73100 3547 3554 
73150 3552 3549 
73200 3549 3547 
73250 3535 3536 
73300 3544 3542 
73350 3548 3544 
73400 3550 3550 
73450 3544 3542 
73500 3562 3561 
73550 3539 3543 
73600 3551 3546 
73650 3539 3537 
73700 3565 3565 
73750 3544 3542 
73800 3568 3561 
73850 3550 3554 
73900 3544 3539 
73950 3558 3558 
74000 3551 3548 
74050 3544 3543 
74100 3551 3554 
74150 3548 3548 
74200 3550 3551 
74250 3541 3547 
74300 3560 3559 
74350 3543 3537 
74400 3550 3546 
74450 3556 3551 
74500 3529 3534 
74550 3550 3553 
74600 3558 3561 
74650 3547 3546 
74700 3542 3542 
74750 3556 3551 
74800 3558 3553 
74850 3563 3560 
74900 3554 3555 
74950 3554 3553 
75000 3569 3560 
75050 3542 3542 
75100 3540 3537 
75150 3548 3546 
75200 3556 3560 
75250 3549 3549 
75300 3545 3529 
75350 3567 3564 
75400 3542 3543 
75450 3549 3548 
75500 3562 3562 
75550 3549 3550 
75600 3540 3541 
75650 3546 3550 
75700 3555 3555 
75750 3558 3560 
75800 3538 3541 
75850 3542 3538 
75900 3538 3541 
75950 3551 3549 
76000 3538 3543 
76050 3560 3562 
76100 3549 3549 
76150 3548 3544 
76200 3571 3570 
76250 3552 3551 
76300 3552 3555 
76350 3542 3541 
76400 3549 3547 
76450 3547 3548 
76500 3557 3550 
76550 3541 3543 
76600 3545 3538 
76650 3553 3551 
76700 3539 3546 
76750 3547 3547 
76800 3564 3556 
76850 3551 3546 
76900 3551 3552 
76950 3535 3543 
77000 3540 3545 
77050 3557 3556 
77100 3555 3559 
77150 3531 3536 
77200 3556 3554 
77250 3549 3555 
77300 3566 3567 
77350 3542 3544 
77400 3535 3538 
77450 3553 3557 
77500 3561 3561 
77550 3561 3563 
77600 3554 3558 
77650 3562 3553 
77700 3560 3558 
77750 3542 3538 
77800 3538 3532 
77850 3547 3545 
77900 3559 3559 
77950 3561 3557 
78000 3564 3562 
78050 3554 3554 
78100 3557 3554 
78150 3548 3544 
78200 3533 3541 
78250 3544 3541 
78300 3555 3556 
78350 3543 3542 
78400 3541 3545 
78450 3544 3543 
78500 3547 3549 
78550 3559 3562 
78600 3546 3550 
78650 3550 3552 
78700 3555 3564 
78750 3560 3555 
78800 3556 3552 
78850 3554 3552 
78900 3543 3550 
78950 3562 3561 
79000 3560 3561 
79050 3547 3542 
79100 3556 3551 
79150 3563 3569 
79200 3557 3552 
79250 3562 3560 
79300 3561 3557 
79350 3557 3559 
79400 3542 3542 
79450 3556 3562 
79500 3536 3537 
79550 3547 3536 
79600 3560 3561 
79650 3546 3551 
79700 3556 3554 
79750 3547 3548 
79800 3549 3553 
79850 3556 3554 
79900 3557 3562 
79950 3545 3541 
80000 3546 3542 
80050 3555 3552 
80100 3542 3552 
80150 3553 3553 
80200 3551 3545 
80250 3553 3548 
80300 3559 3557 
80350 3545 3549 
80400 3538 3539 
80450 3569 3571 
80500 3541 3543 
80550 3545 3537 
80600 3557 3559 
80650 3553 3555 
80700 3558 3558 
80750 3540 3539 
80800 3567 3567 
80850 3559 3554 
80900 3546 3547 
80950 3542 3542 
81000 3546 3551 
81050 3550 3547 
81100 3564 3566 
81150 3535 3540 
81200 3553 3553 
81250 3556 3551 
81300 3542 3542 
81350 3550 3548 
81400 3549 3548 
81450 3540 3544 
81500 3557 3559 
81550 3547 3539 
81600 3545 3548 
81650 3543 3542 
81700 3560 3555 
81750 3544 3542 
81800 3549 3550 
81850 3553 3557 
81900 3552 3552 
81950 3562 3562 
82000 3559 3549 
82050 3556 3548 
82100 3556 3552 
82150 3544 3549 
82200 3554 3556 
82250 3555 3550 
82300 3554 3560 
82350 3548 3540 
82400 3547 3547 
82450 3552 3557 
82500 3545 3547 
82550 3556 3556 
82600 3543 3541 
82650 3555 3560 
82700 3557 3557 
82750 3533 3537 
82800 3538 3541 
82850 3542 3542 
82900 3559 3564 
82950 3556 3559 
83000 3537 3534 
83050 3569 3562 
83100 3556 3554 
83150 3554 3552 
83200 3558 3566 
83250 3560 3558 
83300 3553 3559 
83350 3550 3556 
83400 3545 3538 
83450 3540 3547 
83500 3524 3525 
83550 3538 3542 
83600 3538 3539 
83650 3534 3536 
83700 3563 3562 
83750 3526 3524 
83800 3554 3555 
83850 3541 3543 
83900 3554 3551 
83950 3551 3554 
84000 3555 3556 
84050 3558 3561 
84100 3550 3545 
84150 3571 3569 
84200 3538 3538 
84250 3553 3550 
84300 3560 3557 
84350 3544 3549 
84400 3545 3544 
84450 3551 3555 
84500 3542 3544 
84550 3550 3551 
84600 3553 3553 
84650 3535 3535 
84700 3554 3547 
84750 3549 3543 
84800 3545 3551 
84850 3548 3551 
84900 3550 3553 
84950 3547 3540 
85000 3558 3556 
85050 3544 3540 
85100 3545 3543 
85150 3538 3536 
85200 3555 3553 
85250 3557 3552 
85300 3540 3537 
85350 3557 3558 
85400 3535 3528 
85450 3542 3545 
85500 3545 3544 
85550 3552 3551 
85600 3543 3539 
85650 3542 3546 
85700 3546 3544 
85750 3550 3549 
85800 3551 3556 
85850 3550 3554 
85900 3545 3548 
85950 3536 3535 
86000 3530 3529 
86050 3544 3549 
86100 3554 3555 
86150 3543 3541 
86200 3548 3548 
86250 3555 3556 
86300 3568 3569 
86350 3541 3545 
86400 3561 3563 
86450 3553 3546 
86500 3529 3531 
86550 3558 3554 
86600 3550 3549 
86650 3537 3531 
86700 3556 3556 
86750 3555 3556 
86800 3540 3543 
86850 3553 3552 
86900 3544 3541 
86950 3554 3560 
87000 3556 3554 
87050 3554 3553 
87100 3567 3562 
87150 3551 3540 
87200 3538 3529 
87250 3558 3557 
87300 3549 3548 
87350 3561 3562 
87400 3563 3562 
87450 3557 3549 
87500 3544 3547 
87550 3558 3564 
87600 3548 3544 
87650 3546 3550 
87700 3554 3552 
87750 3538 3539 
87800 3536 3538 
87850 3547 3545 
87900 3558 3550 
87950 3548 3546 
88000 3558 3557 
88050 3544 3539 
88100 3537 3531 
88150 3544 3545 
88200 3555 3556 
88250 3564 3565 
88300 3559 3559 
88350 3556 3558 
88400 3546 3551 
88450 3537 3531 
88500 3557 3556 
88550 3544 3536 
88600 3542 3549 
88650 3556 3550 
88700 3557 3560 
88750 3548 3546 
88800 3551 3555 
88850 3547 3545 
88900 3561 3569 
88950 3544 3540 
89000 3558 3555 
89050 3546 3542 
89100 3551 3546 
89150 3549 3554 
89200 3555 3554 
89250 3545 3552 
89300 3551 3553 
89350 3553 3550 
89400 3557 3556 
89450 3538 3539 
89500 3560 3562 
89550 3545 3546 
89600 3562 3562 
89650 3554 3558 
89700 3555 3547 
89750 3555 3552 
89800 3555 3549 
89850 3542 3541 
89900 3550 3554 
89950 3547 3541 
90000 3539 3539 
90050 3544 3547 
90100 3538 3540 
90150 3559 3561 
90200 3565 3560 
90250 3568 3565 
90300 3569 3570 
90350 3543 3541 
90400 3554 3556 
90450 3562 3562 
90500 3545 3539 
90550 3546 3543 
90600 3546 3542 
90650 3559 3558 
90700 3541 3530 
90750 3557 3556 
90800 3566 3561 
90850 3559 3563 
90900 3547 3543 
90950 3543 3545 
91000 3557 3556 
91050 3549 3547 
91100 3555 3551 
91150 3545 3538 
91200 3558 3559 
91250 3539 3537 
91300 3550 3555 
91350 3546 3539 
91400 3552 3555 
91450 3545 3539 
91500 3548 3547 
91550 3551 3551 
91600 3561 3563 
91650 3556 3555 
91700 3553 3556 
91750 3564 3556 
91800 3544 3539 
91850 3548 3549 
91900 3542 3540 
91950 3564 3567 
92000 3555 3554 
92050 3558 3559 
92100 3543 3542 
92150 3560 3553 
92200 3549 3547 
92250 3547 3547 
92300 3546 3543 
92350 3559 3554 
92400 3560 3558 
92450 3546 3543 
92500 3561 3563 
92550 3562 3559 
92600 3546 3543 
92650 3551 3548 
92700 3543 3548 
92750 3552 3550 
92800 3555 3557 
92850 3548 3550 
92900 3552 3552 
92950 3550 3551 
93000 3552 3549 
93050 3550 3544 
93100 3557 3558 
93150 3562 3559 
93200 3551 3557 
93250 3559 3559 
93300 3556 3567 
93350 3541 3541 
93400 3552 3551 
93450 3560 3561 
93500 3545 3541 
93550 3553 3560 
93600 3550 3555 
93650 3559 3555 
93700 3567 3562 
93750 3543 3537 
93800 3554 3553 
93850 3551 3554 
93900 3559 3553 
93950 3546 3544 
94000 3560 3557 
94050 3556 3557 
94100 3555 3554 
94150 3563 3554 
94200 3545 3547 
94250 3555 3555 
94300 3547 3543 
94350 3535 3527 
94400 3553 3555 
94450 3559 3550 
94500 3544 3546 
94550 3556 3552 
94600 3566 3563 
94650 3538 3536 
94700 3556 3554 
94750 3559 3560 
94800 3556 3555 
94850 3555 3556 
94900 3548 3550 
94950 3547 3544 
95000 3547 3552 
95050 3565 3563 
95100 3555 3554 
95150 3557 3561 
95200 3560 3562 
95250 3537 3541 
95300 3554 3550 
95350 3554 3560 
95400 3552 3557 
95450 3556 3555 
95500 3543 3547 
95550 3547 3548 
95600 3555 3558 
95650 3533 3533 
95700 3557 3559 
95750 3561 3560 
95800 3556 3553 
95850 3570 3568 
95900 3552 3551 
95950 3551 3553 
96000 3543 3538 
96050 3555 3549 
96100 3547 3540 
96150 3547 3544 
96200 3555 3552 
96250 3539 3535 
96300 3545 3550 
96350 3553 3555 
96400 3544 3541 
96450 3550 3548 
96500 3534 3532 
96550 3550 3552 
96600 3555 3553 
96650 3547 3552 
96700 3545 3544 
96750 3549 3545 
96800 3561 3558 
96850 3550 3555 
96900 3539 3538 
96950 3542 3537 
97000 3550 3542 
97050 3556 3552 
97100 3557 3556 
97150 3549 3550 
97200 3544 3549 
97250 3551 3546 
97300 3529 3526 
97350 3558 3555 
97400 3557 3554 
97450 3561 3559 
97500 3555 3547 
97550 3555 3554 
97600 3553 3551 
97650 3558 3561 
97700 3549 3549 
97750 3546 3546 
97800 3554 3551 
97850 3551 3552 
97900 3543 3546 
97950 3564 3566 
98000 3565 3563 
98050 3559 3559 
98100 3551 3550 
98150 3561 3560 
98200 3553 3554 
98250 3560 3555 
98300 3551 3554 
98350 3547 3549 
98400 3561 3561 
98450 3559 3556 
98500 3563 3569 
98550 3550 3551 
98600 3536 3544 
98650 3559 3567 
98700 3547 3539 
98750 3547 3549 
98800 3543 3539 
98850 3573 3565 
98900 3542 3539 
98950 3556 3559 
99000 3556 3560 
99050 3540 3534 
99100 3545 3551 
99150 3551 3551 
99200 3547 3553 
99250 3551 3560 
99300 3549 3549 
99350 3556 3547 
99400 3560 3561 
99450 3548 3545 
99500 3552 3544 
99550 3545 3547 
99600 3546 3544 
99650 3559 3558 
99700 3554 3553 
99750 3547 3547 
99800 3542 3539 
99850 3543 3538 
99900 3548 3552 
99950 3562 3561 
100000 3542 3547 
100050 3567 3573 
100100 3566 3572 
100150 3555 3554 
100200 3551 3552 
100250 3561 3559 
100300 3557 3552 
100350 3547 3550 
100400 3552 3557 
100450 3558 3556 
100500 3551 3549 
100550 3558 3556 
100600 3537 3534 
100650 3562 3558 
100700 3547 3553 
100750 3542 3545 
100800 3536 3542 
100850 3536 3540 
100900 3557 3554 
100950 3547 3545 
101000 3539 3542 
101050 3529 3526 
101100 3545 3554 
101150 3553 3560 
101200 3533 3539 
101250 3547 3546 
101300 3558 3558 
101350 3566 3567 
101400 3545 3545 
101450 3553 3551 
101500 3532 3533 
101550 3560 3562 
101600 3559 3555 
101650 3567 3568 
101700 3542 3544 
101750 3541 3540 
101800 3539 3542 
101850 3549 3548 
101900 3560 3561 
101950 3536 3541 
102000 3522 3522 
102050 3560 3560 
102100 3529 3525 
102150 3544 3551 
102200 3554 3553 
102250 3560 3553 
102300 3550 3544 
102350 3556 3555 
102400 3553 3552 
102450 3558 3553 
102500 3542 3547 
102550 3565 3563 
102600 3562 3564 
102650 3546 3553 
102700 3560 3554 
102750 3548 3553 
102800 3547 3550 
102850 3542 3548 
102900 3547 3545 
102950 3533 3547 
103000 3557 3562 
103050 3546 3540 
103100 3548 3554 
103150 3550 3547 
103200 3548 3552 
103250 3552 3550 
103300 3548 3549 
103350 3545 3542 
103400 3563 3558 
103450 3542 3549 
103500 3552 3550 
103550 3549 3557 
103600 3560 3562 
103650 3540 3540 
103700 3563 3563 
103750 3544 3546 
103800 3557 3550 
103850 3559 3562 
103900 3549 3551 
103950 3559 3554 
104000 3539 3542 
104050 3570 3570 
104100 3555 3546 
104150 3535 3535 
104200 3543 3539 
104250 3548 3549 
104300 3558 3567 
104350 3546 3549 
104400 3540 3546 
104450 3550 3550 
104500 3551 3546 
104550 3531 3532 
104600 3553 3558 
104650 3550 3550 
104700 3538 3537 
104750 3554 3560 
104800 3537 3536 
104850 3553 3557 
104900 3568 3562 
104950 3547 3547 
105000 3553 3563 
105050 3554 3552 
105100 3557 3561 
105150 3544 3554 
105200 3552 3556 
105250 3547 3549 
105300 3559 3559 
105350 3532 3537 
105400 3538 3539 
105450 3548 3550 
105500 3557 3561 
105550 3557 3560 
105600 3555 3541 
105650 3561 3569 
105700 3545 3544 
105750 3564 3565 
105800 3550 3552 
105850 3538 3535 
105900 3561 3568 
105950 3555 3551 
106000 3544 3546 
106050 3548 3547 
106100 3538 3532 
106150 3547 3550 
106200 3555 3557 
106250 3545 3545 
106300 3563 3560 
106350 3548 3537 
106400 3570 3570 
106450 3549 3551 
106500 3553 3552 
106550 3553 3554 
106600 3553 3550 
106650 3533 3536 
106700 3545 3545 
106750 3559 3553 
106800 3554 3552 
106850 3561 3557 
106900 3551 3549 
106950 3560 3564 
107000 3540 3545 
107050 3564 3569 
107100 3532 3534 
107150 3541 3548 
107200 3552 3541 
107250 3546 3546 
107300 3563 3563 
107350 3545 3550 
107400 3552 3548 
107450 3572 3571 
107500 3552 3553 
107550 3552 3553 
107600 3548 3547 
107650 3556 3556 
107700 3554 3555 
107750 3539 3534 
107800 3554 3554 
107850 3554 3555 
107900 3547 3545 
107950 3539 3541 
108000 3563 3564 
108050 3552 3552 
108100 3556 3560 
108150 3548 3548 
108200 3546 3541 
108250 3548 3549 
108300 3562 3562 
108350 3556 3561 
108400 3547 3540 
108450 3550 3549 
108500 3542 3543 
108550 3559 3556 
108600 3554 3557 
108650 3543 3542 
108700 3546 3555 
108750 3545 3542 
108800 3540 3544 
108850 3549 3551 
108900 3549 3549 
108950 3552 3555 
109000 3559 3558 
109050 3564 3563 
109100 3548 3550 
109150 3560 3557 
109200 3543 3543 
109250 3545 3547 
109300 3542 3538 
109350 3555 3557 
109400 3544 3544 
109450 3542 3539 
109500 3555 3551 
109550 3550 3552 
109600 3542 3552 
109650 3565 3561 
109700 3536 3539 
109750 3555 3557 
109800 3558 3557 
109850 3547 3544 
109900 3551 3549 
109950 3557 3558 
110000 3547 3545 
110050 3543 3545 
110100 3551 3546 
110150 3565 3569 
110200 3561 3559 
110250 3536 3543 
110300 3533 3540 
110350 3565 3558 
110400 3565 3558 
110450 3542 3541 
110500 3549 3549 
110550 3549 3551 
110600 3538 3544 
110650 3551 3550 
110700 3545 3544 
110750 3536 3536 
110800 3554 3560 
110850 3554 3557 
110900 3555 3552 
110950 3535 3538 
111000 3551 3552 
111050 3536 3541 
111100 3555 3557 
111150 3560 3561 
111200 3547 3546 
111250 3555 3557 
111300 3548 3550 
111350 3554 3559 
111400 3532 3533 
111450 3555 3557 
111500 3553 3558 
111550 3541 3544 
111600 3552 3549 
111650 3547 3552 
111700 3544 3541 
111750 3543 3535 
111800 3534 3534 
111850 3560 3558 
111900 3546 3553 
111950 3550 3551 
112000 3538 3539 
112050 3542 3542 
112100 3557 3559 
112150 3539 3548 
112200 3537 3543 
112250 3557 3561 
112300 3551 3550 
112350 3565 3561 
112400 3568 3566 
112450 3544 3542 
112500 3538 3541 
112550 3552 3552 
112600 3540 3541 
112650 3563 3564 
112700 3529 3540 
112750 3555 3559 
112800 3557 3556 
112850 3556 3555 
112900 3550 3548 
112950 3548 3548 
113000 3554 3551 
113050 3559 3548 
113100 3547 3547 
113150 3555 3553 
113200 3525 3530 
113250 3554 3555 
113300 3538 3542 
113350 3561 3564 
113400 3556 3554 
113450 3551 3545 
113500 3554 3548 
113550 3558 3556 
113600 3557 3561 
113650 3553 3556 
113700 3552 3550 
113750 3560 3559 
113800 3556 3560 
113850 3536 3536 
113900 3549 3542 
113950 3547 3544 
114000 3540 3546 
114050 3556 3552 
114100 3554 3556 
114150 3541 3547 
114200 3547 3552 
114250 3541 3542 
114300 3554 3555 
114350 3552 3556 
114400 3548 3544 
114450 3534 3546 
114500 3551 3555 
114550 3556 3557 
114600 3561 3560 
114650 3541 3543 
114700 3545 3553 
114750 3551 3549 
114800 3555 3549 
114850 3550 3553 
114900 3542 3544 
114950 3539 3538 
115000 3564 3552 
115050 3554 3554 
115100 3554 3557 
115150 3554 3556 
115200 3554 3551 
115250 3558 3550 
115300 3532 3532 
115350 3549 3544 
115400 3567 3564 
115450 3560 3561 
115500 3547 3553 
115550 3561 3564 
115600 3559 3561 
115650 3550 3551 
115700 3559 3558 
115750 3540 3541 
115800 3551 3548 
115850 3543 3550 
115900 3554 3554 
115950 3546 3546 
116000 3547 3549 
116050 3547 3548 
116100 3556 3556 
116150 3557 3566 
116200 3554 3552 
116250 3562 3567 
116300 3559 3556 
116350 3564 3560 
116400 3571 3569 
116450 3559 3559 
116500 3541 3546 
116550 3540 3538 
116600 3545 3538 
116650 3554 3552 
116700 3538 3546 
116750 3561 3560 
116800 3537 3539 
116850 3552 3551 
116900 3547 3551 
116950 3543 3543 
117000 3541 3548 
117050 3565 3562 
117100 3557 3559 
117150 3537 3543 
117200 3550 3548 
117250 3549 3541 
117300 3537 3536 
117350 3559 3559 
117400 3567 3565 
117450 3556 3559 
117500 3554 3560 
117550 3540 3539 
117600 3558 3553 
117650 3554 3556 
117700 3552 3552 
117750 3538 3539 
117800 3552 3553 
117850 3552 3553 
117900 3551 3547 
117950 3564 3567 
118000 3546 3543 
118050 3542 3545 
118100 3555 3558 
118150 3544 3536 
118200 3546 3548 
118250 3545 3548 
118300 3562 3559 
118350 3556 3557 
118400 3547 3543 
118450 3563 3564 
118500 3556 3545 
118550 3541 3541 
118600 3552 3560 
118650 3537 3538 
118700 3555 3554 
118750 3527 3536 
118800 3549 3551 
118850 3534 3535 
118900 3560 3558 
118950 3559 3555 
119000 3548 3548 
119050 3540 3538 
119100 3571 3572 
119150 3558 3566 
119200 3547 3549 
119250 3557 3560 
119300 3549 3557 
119350 3553 3560 
119400 3551 3549 
119450 3552 3563 
119500 3554 3559 
119550 3554 3558 
119600 3552 3544 
119650 3549 3549 
119700 3553 3550 
119750 3541 3536 
119800 3554 3554 
119850 3560 3560 
119900 3555 3554 
119950 3555 3564 
120000 3565 3570 
120050 3555 3556 
120100 3564 3560 
120150 3558 3559 
120200 3552 3555 
120250 3551 3555 
120300 3557 3557 
120350 3535 3537 
120400 3565 3556 
120450 3555 3555 
120500 3553 3556 
120550 3545 3549 
120600 3541 3544 
120650 3532 3528 
120700 3545 3548 
120750 3552 3553 
120800 3540 3546 
120850 3547 3548 
120900 3547 3550 
120950 3537 3542 
121000 3549 3553 
121050 3537 3542 
121100 3557 3563 
121150 3551 3540 
121200 3548 3548 
121250 3538 3543 
121300 3544 3540 
121350 3560 3559 
121400 3551 3549 
121450 3554 3559 
121500 3545 3546 
121550 3547 3545 
121600 3547 3551 
121650 3563 3562 
121700 3551 3557 
121750 3562 3566 
121800 3540 3534 
121850 3537 3540 
121900 3546 3539 
121950 3547 3546 
122000 3537 3538 
122050 3557 3556 
122100 3542 3542 
122150 3546 3544 
122200 3541 3539 
122250 3561 3557 
122300 3552 3549 
122350 3544 3543 
122400 3558 3564 
122450 3557 3555 
122500 3553 3557 
122550 3561 3550 
122600 3560 3559 
122650 3564 3564 
122700 3540 3539 
122750 3546 3548 
122800 3556 3559 
122850 3552 3550 
122900 3560 3554 
122950 3533 3538 
123000 3545 3539 
123050 3525 3534 
123100 3557 3553 
123150 3547 3544 
123200 3536 3535 
123250 3548 3551 
123300 3552 3544 
123350 3547 3549 
123400 3553 3558 
123450 3545 3552 
123500 3559 3558 
123550 3544 3544 
123600 3563 3561 
123650 3564 3568 
123700 3540 3545 
123750 3545 3548 
123800 3531 3530 
123850 3530 3528 
123900 3546 3548 
123950 3558 3557 
124000 3543 3545 
124050 3551 3551 
124100 3540 3545 
124150 3529 3529 
124200 3548 3549 
124250 3540 3544 
124300 3554 3550 
124350 3551 3553 
124400 3551 3546 
124450 3567 3566 
124500 3545 3540 
124550 3556 3551 
124600 3547 3543 
124650 3544 3539 
124700 3554 3557 
124750 3542 3554 
124800 3552 3550 
124850 3548 3540 
124900 3544 3540 
124950 3551 3547 
125000 3545 3552 
125050 3543 3536 
125100 3543 3542 
125150 3550 3544 
125200 3555 3543 
125250 3554 3558 
125300 3558 3552 
125350 3548 3542 
125400 3562 3556 
125450 3556 3559 
125500 3547 3551 
125550 3542 3540 
125600 3541 3543 
125650 3544 3540 
125700 3549 3553 
125750 3552 3556 
125800 3553 3557 
125850 3549 3550 
125900 3541 3541 
125950 3544 3544 
126000 3557 3556 
126050 3540 3536 
126100 3552 3553 
126150 3543 3540 
126200 3550 3550 
126250 3552 3546 
126300 3538 3533 
126350 3553 3550 
126400 3550 3549 
126450 3549 3548 
126500 3540 3537 
126550 3545 3545 
126600 3547 3547 
126650 3547 3553 
126700 3554 3550 
126750 3550 3553 
126800 3548 3548 
126850 3547 3545 
126900 3543 3543 
126950 3564 3561 
127000 3555 3555 
127050 3544 3541 
127100 3556 3551 
127150 3556 3554 
127200 3540 3540 
127250 3545 3542 
127300 3565 3565 
127350 3560 3561 
127400 3558 3557 
127450 3561 3567 
127500 3556 3553 
127550 3542 3547 
127600 3554 3549 
127650 3549 3548 
127700 3556 3556 
127750 3552 3555 
127800 3555 3555 
127850 3534 3536 
127900 3546 3548 
127950 3547 3550 
128000 3556 3553 
128050 3564 3566 
128100 3562 3562 
128150 3549 3544 
128200 3561 3562 
128250 3562 3561 
128300 3565 3562 
128350 3539 3537 
128400 3558 3563 
128450 3545 3547 
128500 3553 3557 
128550 3547 3554 
128600 3551 3556 
128650 3561 3563 
128700 3548 3552 
128750 3556 3555 
128800 3552 3559 
128850 3555 3556 
128900 3556 3560 
128950 3567 3566 
129000 3555 3555 
129050 3555 3556 
129100 3519 3521 
129150 3557 3561 
129200 3560 3557 
129250 3541 3550 
129300 3552 3554 
129350 3558 3555 
129400 3552 3546 
129450 3543 3542 
129500 3547 3549 
129550 3546 3548 
129600 3556 3556 
129650 3556 3556 
129700 3547 3542 
129750 3537 3534 
129800 3545 3544 
129850 3549 3550 
129900 3552 3546 
129950 3554 3558 
130000 3544 3549 
130050 3567 3565 
130100 3553 3551 
130150 3532 3540 
130200 3538 3542 
130250 3555 3550 
130300 3533 3532 
130350 3541 3543 
130400 3559 3561 
130450 3565 3562 
130500 3549 3550 
130550 3537 3532 
130600 3554 3553 
130650 3554 3557 
130700 3549 3552 
130750 3559 3557 
130800 3553 3561 
130850 3556 3560 
130900 3541 3544 
130950 3554 3555 
131000 3555 3554 
131050 3553 3554 
131100 3558 3554 
131150 3556 3556 
131200 3551 3552 
131250 3557 3556 
131300 3552 3555 
131350 3547 3547 
131400 3553 3547 
131450 3545 3544 
131500 3545 3550 
131550 3531 3530 
131600 3537 3535 
131650 3556 3558 
131700 3545 3547 
131750 3549 3548 
131800 3549 3547 
131850 3542 3544 
131900 3559 3564 
131950 3551 3553 
132000 3545 3545 
132050 3538 3539 
132100 3543 3543 
132150 3548 3546 
132200 3557 3562 
132250 3550 3551 
132300 3553 3551 
132350 3553 3549 
132400 3534 3538 
132450 3563 3562 
132500 3553 3550 
132550 3555 3552 
132600 3562 3555 
132650 3552 3549 
132700 3544 3542 
132750 3547 3548 
132800 3561 3556 
132850 3549 3549 
132900 3555 3553 
132950 3542 3547 
133000 3553 3558 
133050 3557 3563 
133100 3549 3547 
133150 3556 3553 
133200 3547 3546 
133250 3554 3552 
133300 3535 3542 
133350 3545 3541 
133400 3554 3545 
133450 3570 3565 
133500 3547 3551 
133550 3551 3548 
133600 3553 3550 
133650 3551 3557 
133700 3547 3555 
133750 3541 3548 
133800 3546 3545 
133850 3554 3562 
133900 3544 3546 
133950 3547 3557 
134000 3549 3552 
134050 3550 3550 
134100 3545 3554 
134150 3540 3533 
134200 3549 3551 
134250 3557 3555 
134300 3542 3542 
134350 3557 3555 
134400 3552 3554 
134450 3552 3551 
134500 3549 3551 
134550 3556 3560 
134600 3544 3535 
134650 3543 3538 
134700 3560 3557 
134750 3558 3564 
134800 3559 3555 
134850 3553 3549 
134900 3555 3550 
134950 3544 3543 
135000 3551 3552 
135050 3549 3550 
135100 3547 3545 
135150 3539 3537 
135200 3554 3555 
135250 3541 3541 
135300 3562 3560 
135350 3560 3558 
135400 3547 3550 
135450 3536 3539 
135500 3551 3547 
135550 3559 3564 
135600 3550 3549 
135650 3538 3542 
135700 3560 3566 
135750 3551 3550 
135800 3548 3552 
135850 3561 3562 
135900 3546 3552 
135950 3546 3548 
136000 3553 3549 
136050 3560 3552 
136100 3557 3557 
136150 3547 3550 
136200 3561 3558 
136250 3556 3551 
136300 3536 3543 
136350 3540 3535 
136400 3562 3553 
136450 3540 3541 
136500 3561 3557 
136550 3562 3558 
136600 3544 3542 
136650 3543 3545 
136700 3548 3549 
136750 3552 3555 
136800 3550 3548 
136850 3558 3558 
136900 3555 3554 
136950 3536 3537 
137000 3547 3552 
137050 3544 3544 
137100 3546 3538 
137150 3557 3563 
137200 3552 3552 
137250 3539 3538 
137300 3541 3536 
137350 3553 3553 
137400 3540 3537 
137450 3533 3533 
137500 3558 3560 
137550 3546 3549 
137600 3539 3540 
137650 3549 3555 
137700 3548 3549 
137750 3547 3542 
137800 3555 3555 
137850 3560 3559 
137900 3567 3557 
137950 3556 3558 
138000 3546 3545 
138050 3557 3554 
138100 3555 3554 
138150 3539 3544 
138200 3535 3540 
138250 3563 3557 
138300 3529 3531 
138350 3555 3556 
138400 3534 3536 
138450 3543 3546 
138500 3536 3535 
138550 3570 3567 
138600 3545 3541 
138650 3546 3544 
138700 3544 3541 
138750 3536 3536 
138800 3546 3554 
138850 3539 3537 
138900 3565 3564 
138950 3543 3543 
139000 3547 3542 
139050 3542 3538 
139100 3545 3543 
139150 3549 3550 
139200 3528 3530 
139250 3553 3548 
139300 3557 3559 
139350 3540 3541 
139400 3547 3555 
139450 3553 3549 
139500 3541 3543 
139550 3544 3550 
139600 3557 3559 
139650 3543 3540 
139700 3564 3568 
139750 3553 3552 
139800 3551 3549 
139850 3542 3546 
139900 3551 3553 
139950 3534 3535 
140000 3551 3549 
140050 3555 3551 
140100 3553 3545 
140150 3556 3559 
140200 3549 3542 
140250 3550 3543 
140300 3559 3564 
140350 3560 3556 
140400 3558 3561 
140450 3543 3547 
140500 3551 3547 
140550 3544 3538 
140600 3563 3560 
140650 3550 3554 
140700 3549 3553 
140750 3544 3543 
140800 3546 3546 
140850 3549 3550 
140900 3568 3570 
140950 3545 3549 
141000 3547 3545 
141050 3542 3549 
141100 3552 3548 
141150 3558 3557 
141200 3550 3550 
141250 3554 3549 
141300 3561 3562 
141350 3554 3546 
141400 3551 3545 
141450 3540 3544 
141500 3538 3541 
141550 3556 3559 
141600 3537 3542 
141650 3548 3548 
141700 3542 3544 
141750 3547 3547 
141800 3552 3556 
141850 3561 3557 
141900 3556 3564 
141950 3562 3564 
142000 3563 3564 
142050 3552 3545 
142100 3556 3548 
142150 3539 3533 
142200 3555 3556 
142250 3549 3550 
142300 3551 3551 
142350 3545 3546 
142400 3548 3544 
142450 3540 3542 
142500 3550 3545 
142550 3545 3547 
142600 3560 3563 
142650 3555 3553 
142700 3560 3562 
142750 3549 3552 
142800 3549 3545 
142850 3544 3541 
142900 3558 3558 
142950 3555 3549 
143000 3555 3550 
143050 3559 3555 
143100 3551 3551 
143150 3538 3538 
143200 3549 3551 
143250 3549 3553 
143300 3555 3558 
143350 3566 3562 
143400 3535 3534 
143450 3548 3551 
143500 3541 3547 
143550 3542 3548 
143600 3539 3541 
143650 3553 3554 
143700 3560 3553 
143750 3561 3559 
143800 3550 3552 
143850 3550 3545 
143900 3548 3550 
143950 3537 3540 
144000 3531 3534 
144050 3539 3536 
144100 3553 3556 
144150 3534 3531 
144200 3551 3552 
144250 3552 3556 
144300 3542 3542 
144350 3548 3552 
144400 3554 3555 
144450 3553 3557 
144500 3542 3538 
144550 3546 3547 
144600 3550 3549 
144650 3541 3545 
144700 3565 3563 
144750 3545 3544 
144800 3543 3544 
144850 3546 3551 
144900 3531 3529 
144950 3545 3538 
145000 3547 3549 
145050 3558 3552 
145100 3537 3548 
145150 3553 3547 
145200 3552 3547 
145250 3546 3545 
145300 3555 3559 
145350 3555 3549 
145400 3542 3540 
145450 3544 3550 
145500 3553 3551 
145550 3570 3568 
145600 3556 3557 
145650 3550 3548 
145700 3556 3553 
145750 3544 3547 
145800 3551 3552 
145850 3551 3557 
145900 3551 3547 
145950 3528 3532 
146000 3550 3560 
146050 3543 3546 
146100 3554 3548 
146150 3550 3552 
146200 3547 3557 
146250 3555 3556 
146300 3550 3547 
146350 3546 3548 
146400 3532 3531 
146450 3549 3552 
146500 3549 3553 
146550 3550 3553 
146600 3545 3548 
146650 3533 3536 
146700 3552 3548 
146750 3551 3548 
146800 3558 3564 
146850 3555 3558 
146900 3549 3546 
146950 3554 3551 
147000 3540 3544 
147050 3554 3554 
147100 3545 3544 
147150 3546 3550 
147200 3563 3564 
147250 3546 3545 
147300 3543 3541 
147350 3545 3547 
147400 3545 3549 
147450 3551 3552 
147500 3558 3552 
147550 3562 3559 
147600 3558 3556 
147650 3539 3541 
147700 3559 3561 
147750 3553 3546 
147800 3548 3546 
147850 3552 3546 
147900 3546 3544 
147950 3553 3557 
148000 3565 3560 
148050 3537 3541 
148100 3551 3554 
148150 3539 3529 
148200 3553 3558 
148250 3554 3559 
148300 3553 3555 
148350 3558 3562 
148400 3555 3549 
148450 3551 3550 
148500 3560 3554 
148550 3560 3554 
148600 3569 3565 
148650 3535 3537 
148700 3545 3545 
148750 3542 3537 
148800 3540 3535 
148850 3534 3528 
148900 3549 3553 
148950 3558 3559 
149000 3558 3550 
149050 3546 3544 
149100 3550 3546 
149150 3554 3559 
149200 3558 3556 
149250 3543 3541 
149300 3543 3551 
149350 3562 3562 
149400 3558 3562 
149450 3561 3561 
149500 3543 3541 
149550 3547 3547 
149600 3556 3561 
149650 3547 3545 
149700 3543 3541 
149750 3545 3546 
149800 3554 3548 
149850 3555 3558 
149900 3553 3548 
149950 3551 3551 
150000 3541 3544 
150050 3537 3534 
150100 3560 3560 
150150 3553 3551 
150200 3547 3546 
150250 3550 3546 
150300 3543 3536 
150350 3547 3546 
150400 3523 3523 
150450 3559 3554 
150500 3556 3555 
150550 3548 3547 
150600 3551 3554 
150650 3544 3540 
150700 3573 3567 
150750 3548 3549 
150800 3545 3549 
150850 3551 3555 
150900 3550 3548 
150950 3563 3559 
151000 3564 3561 
151050 3545 3551 
151100 3555 3551 
151150 3563 3556 
151200 3552 3545 
151250 3537 3535 
151300 3548 3546 
151350 3541 3549 
151400 3532 3539 
151450 3552 3552 
151500 3545 3545 
151550 3546 3550 
151600 3561 3567 
151650 3558 3553 
151700 3538 3537 
151750 3538 3535 
151800 3539 3544 
151850 3559 3562 
151900 3556 3559 
151950 3547 3546 
152000 3542 3542 
152050 3542 3546 
152100 3549 3558 
152150 3552 3555 
152200 3550 3553 
152250 3545 3552 
152300 3554 3554 
152350 3539 3542 
152400 3548 3549 
152450 3544 3546 
152500 3542 3542 
152550 3551 3555 
152600 3543 3555 
152650 3554 3559 
152700 3550 3548 
152750 3544 3542 
152800 3559 3554 
152850 3535 3537 
152900 3550 3551 
152950 3536 3538 
153000 3524 3530 
153050 3545 3544 
153100 3529 3527 
153150 3557 3554 
153200 3559 3555 
153250 3552 3558 
153300 3552 3550 
153350 3537 3536 
153400 3558 3557 
153450 3544 3550 
153500 3545 3555 
153550 3541 3542 
153600 3555 3554 
153650 3558 3559 
153700 3550 3556 
153750 3554 3557 
153800 3554 3550 
153850 3548 3539 
153900 3543 3538 
153950 3560 3557 
154000 3566 3561 
154050 3552 3548 
154100 3559 3559 
154150 3542 3549 
154200 3554 3559 
154250 3542 3545 
154300 3555 3555 
154350 3564 3564 
154400 3565 3561 
154450 3559 3552 
154500 3537 3538 
154550 3553 3550 
154600 3554 3551 
154650 3547 3550 
154700 3540 3544 
154750 3547 3546 
154800 3555 3557 
154850 3541 3533 
154900 3532 3539 
154950 3547 3544 
155000 3556 3558 
155050 3549 3551 
155100 3528 3529 
155150 3547 3548 
155200 3551 3554 
155250 3547 3545 
155300 3553 3549 
155350 3546 3544 
155400 3548 3544 
155450 3535 3538 
155500 3550 3551 
155550 3551 3548 
155600 3545 3541 
155650 3540 3539 
155700 3540 3540 
155750 3530 3527 
155800 3542 3548 
155850 3549 3547 
155900 3556 3557 
155950 3555 3552 
156000 3565 3559 
156050 3555 3554 
156100 3550 3548 
156150 3546 3541 
156200 3553 3548 
156250 3549 3549 
156300 3552 3553 
156350 3556 3549 
156400 3561 3561 
156450 3551 3539 
156500 3555 3553 
156550 3553 3555 
156600 3551 3550 
156650 3558 3559 
156700 3548 3545 
156750 3563 3564 
156800 3543 3546 
156850 3557 3558 
156900 3524 3528 
156950 3542 3541 
157000 3537 3536 
157050 3544 3544 
157100 3549 3551 
157150 3554 3553 
157200 3550 3553 
157250 3565 3564 
157300 3557 3558 
157350 3552 3550 
157400 3553 3551 
157450 3551 3552 
157500 3542 3544 
157550 3532 3535 
157600 3552 3547 
157650 3564 3559 
157700 3554 3555 
157750 3561 3561 
157800 3555 3550 
157850 3542 3542 
157900 3555 3552 
157950 3546 3549 
158000 3559 3559 
158050 3542 3543 
158100 3550 3557 
158150 3562 3560 
158200 3549 3554 
158250 3559 3561 
158300 3549 3547 
158350 3553 3546 
158400 3550 3553 
158450 3551 3552 
158500 3559 3559 
158550 3555 3555 
158600 3547 3550 
158650 3553 3543 
158700 3556 3553 
158750 3534 3535 
158800 3538 3543 
158850 3551 3551 
158900 3554 3560 
158950 3555 3558 
159000 3566 3563 
159050 3550 3545 
159100 3551 3547 
159150 3549 3554 
159200 3549 3552 
159250 3550 3547 
159300 3539 3540 
159350 3554 3556 
159400 3557 3560 
159450 3552 3547 
159500 3546 3542 
159550 3546 3545 
159600 3542 3545 
159650 3536 3539 
159700 3539 3539 
159750 3554 3562 
159800 3553 3558 
159850 3544 3542 
159900 3549 3547 
159950 3542 3544 
160000 3544 3554 
160050 3545 3545 
160100 3544 3545 
160150 3541 3547 
160200 3531 3533 
160250 3561 3556 
160300 3541 3537 
160350 3562 3559 
160400 3558 3557 
160450 3562 3561 
160500 3550 3553 
160550 3529 3528 
160600 3568 3564 
160650 3545 3542 
160700 3542 3546 
160750 3547 3547 
160800 3533 3538 
160850 3550 3551 
160900 3563 3561 
160950 3556 3552 
161000 3544 3546 
161050 3557 3559 
161100 3545 3549 
161150 3553 3552 
161200 3538 3547 
161250 3567 3564 
161300 3561 3558 
161350 3545 3545 
161400 3561 3559 
161450 3559 3560 
161500 3544 3550 
161550 3539 3540 
161600 3543 3541 
161650 3548 3545 
161700 3526 3527 
161750 3550 3546 
161800 3544 3542 
161850 3558 3555 
161900 3556 3551 
161950 3555 3556 
162000 3539 3539 
162050 3562 3566 
162100 3552 3551 
162150 3568 3565 
162200 3565 3563 
162250 3555 3560 
162300 3545 3549 
162350 3540 3539 
162400 3537 3539 
162450 3535 3529 
162500 3540 3545 
162550 3547 3546 
162600 3558 3553 
162650 3551 3553 
162700 3551 3557 
162750 3553 3552 
162800 3554 3557 
162850 3549 3544 
162900 3540 3542 
162950 3557 3550 
163000 3545 3547 
163050 3546 3546 
163100 3527 3535 
163150 3548 3547 
163200 3543 3551 
163250 3544 3547 
163300 3560 3558 
163350 3551 3547 
163400 3540 3537 
163450 3552 3548 
163500 3551 3549 
163550 3553 3559 
163600 3562 3561 
163650 3554 3556 
163700 3538 3543 
163750 3557 3565 
163800 3552 3549 
163850 3545 3552 
163900 3554 3552 
163950 3568 3570 
164000 3545 3552 
164050 3553 3556 
164100 3539 3530 
164150 3538 3541 
164200 3558 3556 
164250 3544 3546 
164300 3559 3559 
164350 3550 3549 
164400 3547 3548 
164450 3544 3542 
164500 3545 3537 
164550 3560 3556 
164600 3558 3551 
164650 3548 3549 
164700 3567 3566 
164750 3545 3553 
164800 3546 3538 
164850 3547 3545 
164900 3535 3533 
164950 3544 3545 
165000 3532 3534 
165050 3551 3547 
165100 3546 3541 
165150 3542 3548 
165200 3548 3549 
165250 3546 3546 
165300 3557 3556 
165350 3544 3538 
165400 3544 3542 
165450 3547 3549 
165500 3546 3545 
165550 3550 3551 
165600 3552 3550 
165650 3540 3544 
165700 3531 3532 
165750 3536 3528 
165800 3546 3544 
165850 3534 3540 
165900 3548 3545 
165950 3546 3544 
166000 3549 3545 
166050 3548 3548 
166100 3551 3551 
166150 3541 3542 
166200 3543 3541 
166250 3545 3545 
166300 3539 3537 
166350 3539 3542 
166400 3535 3545 
166450 3563 3554 
166500 3553 3548 
166550 3555 3555 
166600 3542 3537 
166650 3553 3550 
166700 3548 3551 
166750 3549 3546 
166800 3549 3551 
166850 3540 3540 
166900 3544 3551 
166950 3554 3551 
167000 3558 3563 
167050 3548 3548 
167100 3533 3530 
167150 3556 3554 
167200 3533 3532 
167250 3561 3564 
167300 3546 3547 
167350 3556 3554 
167400 3547 3553 
167450 3530 3527 
167500 3556 3553 
167550 3551 3551 
167600 3550 3544 
167650 3552 3549 
167700 3544 3542 
167750 3547 3543 
167800 3555 3558 
167850 3539 3539 
167900 3541 3542 
167950 3550 3551 
168000 3516 3514 
168050 3550 3553 
168100 3556 3558 
168150 3550 3554 
168200 3557 3558 
168250 3556 3562 
168300 3562 3557 
168350 3548 3555 
168400 3547 3539 
168450 3545 3551 
168500 3536 3534 
168550 3551 3550 
168600 3544 3546 
168650 3549 3553 
168700 3540 3541 
168750 3543 3543 
168800 3539 3539 
168850 3561 3562 
168900 3537 3543 
168950 3553 3557 
169000 3544 3539 
169050 3550 3549 
169100 3543 3543 
169150 3560 3561 
169200 3555 3554 
169250 3549 3554 
169300 3534 3543 
169350 3551 3553 
169400 3538 3542 
169450 3551 3557 
169500 3548 3551 
169550 3548 3543 
169600 3553 3559 
169650 3561 3554 
169700 3536 3530 
169750 3543 3539 
169800 3543 3540 
169850 3544 3541 
169900 3557 3550 
169950 3540 3545 
170000 3531 3530 
170050 3542 3543 
170100 3556 3555 
170150 3545 3545 
170200 3544 3551 
170250 3548 3548 
170300 3550 3547 
170350 3549 3549 
170400 3542 3546 
170450 3534 3534 
170500 3545 3547 
170550 3556 3559 
170600 3555 3555 
170650 3569 3564 
170700 3540 3533 
170750 3549 3542 
170800 3547 3548 
170850 3554 3547 
170900 3534 3530 
170950 3554 3560 
171000 3551 3550 
171050 3548 3546 
171100 3563 3559 
171150 3551 3546 
171200 3560 3562 
171250 3536 3532 
171300 3552 3545 
171350 3559 3553 
171400 3552 3553 
171450 3552 3549 
171500 3562 3555 
171550 3537 3537 
171600 3551 3547 
171650 3561 3565 
171700 3556 3556 
171750 3546 3549 
171800 3541 3540 
171850 3564 3562 
171900 3537 3535 
171950 3528 3529 
172000 3545 3548 
172050 3537 3537 
172100 3551 3551 
172150 3545 3549 
172200 3554 3558 
172250 3528 3527 
172300 3545 3541 
172350 3552 3556 
172400 3552 3556 
172450 3546 3547 
172500 3540 3542 
172550 3550 3545 
172600 3553 3548 
172650 3547 3554 
172700 3552 3551 
172750 3554 3553 
172800 3542 3535 
172850 3554 3553 
172900 3541 3541 
172950 3535 3533 
173000 3554 3552 
173050 3565 3568 
173100 3545 3549 
173150 3554 3558 
173200 3557 3555 
173250 3544 3538 
173300 3553 3552 
173350 3549 3549 
173400 3546 3541 
173450 3544 3541 
173500 3545 3548 
173550 3558 3560 
173600 3553 3548 
173650 3536 3536 
173700 3554 3555 
173750 3549 3551 
173800 3545 3546 
173850 3536 3533 
173900 3551 3548 
173950 3546 3545 
174000 3540 3544 
174050 3539 3540 
174100 3531 3533 
174150 3557 3550 
174200 3549 3551 
174250 3558 3563 
174300 3544 3542 
174350 3545 3549 
174400 3544 3537 
174450 3562 3558 
174500 3543 3538 
174550 3547 3547 
174600 3551 3549 
174650 3568 3568 
174700 3552 3550 
174750 3539 3547 
174800 3544 3548 
174850 3542 3543 
174900 3543 3550 
174950 3555 3556 
175000 3543 3552 
175050 3571 3569 
175100 3546 3547 
175150 3550 3547 
175200 3564 3560 
175250 3565 3562 
175300 3537 3534 
175350 3547 3552 
175400 3543 3550 
175450 3536 3537 
175500 3543 3541 
175550 3530 3525 
175600 3546 3547 
175650 3541 3546 
175700 3541 3543 
175750 3550 3553 
175800 3554 3548 
175850 3549 3546 
175900 3535 3537 
175950 3541 3541 
176000 3545 3546 
176050 3545 3543 
176100 3540 3541 
176150 3558 3554 
176200 3544 3539 
176250 3539 3535 
176300 3548 3546 
176350 3542 3540 
176400 3552 3558 
176450 3557 3556 
176500 3552 3556 
176550 3555 3555 
176600 3554 3554 
176650 3551 3548 
176700 3551 3545 
176750 3549 3552 
176800 3557 3563 
176850 3560 3554 
176900 3538 3545 
176950 3552 3549 
177000 3544 3543 
177050 3545 3546 
177100 3546 3549 
177150 3546 3545 
177200 3542 3544 
177250 3542 3541 
177300 3559 3551 
177350 3549 3544 
177400 3537 3545 
177450 3561 3556 
177500 3545 3546 
177550 3554 3551 
177600 3554 3544 
177650 3542 3540 
177700 3550 3551 
177750 3543 3546 
177800 3540 3544 
177850 3537 3545 
177900 3536 3545 
177950 3541 3544 
178000 3540 3531 
178050 3548 3548 
178100 3551 3547 
178150 3535 3532 
178200 3555 3551 
178250 3554 3549 
178300 3539 3546 
178350 3554 3551 
178400 3561 3566 
178450 3549 3542 
178500 3534 3541 
178550 3564 3560 
178600 3552 3552 
178650 3557 3562 
178700 3548 3549 
178750 3573 3561 
178800 3561 3556 
178850 3548 3548 
178900 3545 3552 
178950 3537 3537 
179000 3550 3550 
179050 3527 3521 
179100 3544 3544 
179150 3555 3554 
179200 3540 3541 
179250 3548 3547 
179300 3556 3557 
179350 3540 3548 
179400 3536 3534 
179450 3548 3547 
179500 3546 3549 
179550 3552 3554 
179600 3544 3543 
179650 3544 3542 
179700 3549 3548 
179750 3541 3536 
179800 3554 3545 
179850 3547 3549 
179900 3548 3555 
179950 3548 3562 
180000 3558 3559 
180050 3547 3538 
180100 3551 3549 
180150 3534 3533 
180200 3550 3551 
180250 3560 3561 
180300 3544 3544 
180350 3547 3546 
180400 3543 3539 
180450 3558 3557 
180500 3560 3561 
180550 3558 3557 
180600 3563 3556 
180650 3559 3551 
180700 3550 3549 
180750 3564 3563 
180800 3532 3539 
180850 3542 3538 
180900 3552 3553 
180950 3546 3545 
181000 3545 3547 
181050 3538 3537 
181100 3555 3551 
181150 3526 3530 
181200 3550 3555 
181250 3541 3543 
181300 3567 3557 
181350 3558 3550 
181400 3552 3551 
181450 3538 3542 
181500 3546 3552 
181550 3558 3560 
181600 3550 3559 
181650 3557 3552 
181700 3543 3546 
181750 3553 3552 
181800 3533 3532 
181850 3553 3549 
181900 3532 3537 
181950 3558 3562 
182000 3533 3542 
182050 3541 3551 
182100 3535 3531 
182150 3544 3538 
182200 3550 3543 
182250 3551 3559 
182300 3570 3567 
182350 3547 3546 
182400 3563 3564 
182450 3555 3554 
182500 3546 3549 
182550 3553 3551 
182600 3542 3552 
182650 3542 3531 
182700 3542 3545 
182750 3552 3551 
182800 3554 3556 
182850 3552 3555 
182900 3554 3554 
182950 3549 3551 
183000 3558 3560 
183050 3523 3530 
183100 3552 3545 
183150 3550 3551 
183200 3534 3538 
183250 3565 3562 
183300 3542 3543 
183350 3544 3544 
183400 3551 3553 
183450 3529 3537 
183500 3552 3553 
183550 3532 3536 
183600 3548 3551 
183650 3541 3538 
183700 3531 3535 
183750 3550 3553 
183800 3533 3545 
183850 3524 3526 
183900 3554 3562 
183950 3541 3549 
184000 3553 3549 
184050 3546 3546 
184100 3535 3537 
184150 3548 3549 
184200 3555 3553 
184250 3537 3530 
184300 3549 3547 
184350 3546 3544 
184400 3541 3546 
184450 3547 3545 
184500 3550 3553 
184550 3545 3542 
184600 3550 3554 
184650 3544 3547 
184700 3531 3530 
184750 3542 3549 
184800 3552 3546 
184850 3541 3535 
184900 3549 3550 
184950 3533 3539 
185000 3544 3547 
185050 3541 3544 
185100 3564 3565 
185150 3554 3558 
185200 3545 3542 
185250 3561 3561 
185300 3548 3545 
185350 3545 3544 
185400 3549 3548 
185450 3552 3551 
185500 3545 3541 
185550 3538 3530 
185600 3555 3550 
185650 3548 3553 
185700 3536 3542 
185750 3538 3539 
185800 3538 3543 
185850 3549 3545 
185900 3549 3550 
185950 3556 3548 
186000 3549 3548 
186050 3537 3521 
186100 3548 3545 
186150 3537 3528 
186200 3559 3560 
186250 3543 3538 
186300 3552 3551 
186350 3561 3555 
186400 3546 3552 
186450 3554 3551 
186500 3554 3553 
186550 3548 3545 
186600 3535 3542 
186650 3552 3553 
186700 3554 3556 
186750 3544 3547 
186800 3548 3550 
186850 3542 3545 
186900 3551 3552 
186950 3544 3536 
187000 3545 3546 
187050 3549 3547 
187100 3552 3556 
187150 3547 3540 
187200 3549 3541 
187250 3536 3535 
187300 3548 3542 
187350 3548 3546 
187400 3546 3542 
187450 3549 3558 
187500 3549 3551 
187550 3543 3539 
187600 3549 3540 
187650 3553 3548 
187700 3551 3546 
187750 3558 3560 
187800 3548 3546 
187850 3551 3547 
187900 3539 3542 
187950 3552 3551 
188000 3540 3541 
188050 3554 3548 
188100 3555 3555 
188150 3539 3539 
188200 3533 3535 
188250 3545 3546 
188300 3545 3541 
188350 3544 3544 
188400 3546 3543 
188450 3535 3532 
188500 3554 3559 
188550 3551 3552 
188600 3553 3558 
188650 3562 3562 
188700 3560 3560 
188750 3550 3549 
188800 3542 3543 
188850 3540 3544 
188900 3552 3552 
188950 3539 3536 
189000 3539 3541 
189050 3542 3537 
189100 3563 3563 
189150 3543 3540 
189200 3552 3558 
189250 3534 3543 
189300 3535 3534 
189350 3535 3546 
189400 3547 3547 
189450 3550 3548 
189500 3553 3552 
189550 3559 3566 
189600 3550 3550 
189650 3543 3539 
189700 3557 3556 
189750 3548 3544 
189800 3541 3540 
189850 3555 3550 
189900 3544 3543 
189950 3548 3548 
190000 3541 3545 
190050 3546 3548 
190100 3548 3553 
190150 3549 3546 
190200 3550 3549 
190250 3553 3553 
190300 3556 3558 
190350 3531 3535 
190400 3548 3545 
190450 3548 3546 
190500 3555 3553 
190550 3554 3559 
190600 3543 3545 
190650 3561 3557 
190700 3546 3543 
190750 3561 3557 
190800 3545 3551 
190850 3548 3552 
190900 3558 3560 
190950 3545 3546 
191000 3545 3545 
191050 3542 3541 
191100 3541 3539 
191150 3558 3550 
191200 3548 3544 
191250 3556 3553 
191300 3551 3544 
191350 3540 3542 
191400 3544 3545 
191450 3534 3540 
191500 3554 3549 
191550 3550 3546 
191600 3538 3540 
191650 3540 3541 
191700 3543 3544 
191750 3546 3546 
191800 3566 3568 
191850 3532 3533 
191900 3543 3540 
191950 3563 3563 
192000 3538 3542 
192050 3555 3554 
192100 3552 3553 
192150 3542 3538 
192200 3534 3546 
192250 3544 3548 
192300 3543 3548 
192350 3550 3551 
192400 3565 3562 
192450 3543 3539 
192500 3535 3537 
192550 3532 3538 
192600 3535 3536 
192650 3542 3543 
192700 3561 3557 
192750 3555 3551 
192800 3560 3549 
192850 3540 3545 
192900 3544 3543 
192950 3542 3550 
193000 3540 3541 
193050 3555 3558 
193100 3557 3556 
193150 3547 3551 
193200 3528 3537 
193250 3548 3542 
193300 3536 3536 
193350 3559 3556 
193400 3559 3557 
193450 3543 3537 
193500 3548 3546 
193550 3567 3561 
193600 3564 3556 
193650 3553 3551 
193700 3534 3537 
193750 3538 3539 
193800 3556 3553 
193850 3547 3545 
193900 3547 3544 
193950 3523 3524 
194000 3542 3549 
194050 3549 3544 
194100 3555 3551 
194150 3554 3548 
194200 3537 3540 
194250 3558 3561 
194300 3554 3560 
194350 3534 3532 
194400 3552 3554 
194450 3539 3536 
194500 3534 3546 
194550 3540 3538 
194600 3540 3539 
194650 3557 3559 
194700 3556 3554 
194750 3547 3552 
194800 3550 3547 
194850 3545 3543 
194900 3540 3546 
194950 3540 3550 
195000 3543 3547 
195050 3547 3551 
195100 3551 3547 
195150 3542 3544 
195200 3545 3544 
195250 3562 3560 
195300 3537 3550 
195350 3526 3526 
195400 3539 3543 
195450 3551 3553 
195500 3538 3534 
195550 3542 3548 
195600 3543 3543 
195650 3542 3536 
195700 3537 3539 
195750 3565 3562 
195800 3545 3542 
195850 3535 3539 
195900 3536 3537 
195950 3551 3551 
196000 3558 3554 
196050 3548 3547 
196100 3550 3543 
196150 3550 3552 
196200 3536 3536 
196250 3551 3555 
196300 3536 3541 
196350 3533 3537 
196400 3545 3546 
196450 3542 3538 
196500 3536 3529 
196550 3540 3536 
196600 3558 3558 
196650 3544 3542 
196700 3560 3560 
196750 3553 3547 
196800 3564 3564 
196850 3557 3558 
196900 3544 3554 
196950 3540 3537 
197000 3543 3538 
197050 3552 3559 
197100 3551 3548 
197150 3541 3541 
197200 3546 3553 
197250 3554 3556 
197300 3552 3552 
197350 3568 3562 
197400 3540 3550 
197450 3537 3534 
197500 3544 3545 
197550 3557 3556 
197600 3543 3539 
197650 3557 3555 
197700 3540 3540 
197750 3555 3554 
197800 3544 3544 
197850 3560 3563 
197900 3547 3542 
197950 3538 3544 
198000 3559 3556 
198050 3568 3566 
198100 3551 3547 
198150 3556 3559 
198200 3559 3559 
198250 3549 3559 
198300 3557 3555 
198350 3542 3541 
198400 3537 3536 
198450 3553 3552 
198500 3552 3550 
198550 3551 3548 
198600 3563 3566 
198650 3545 3543 
198700 3555 3553 
198750 3558 3553 
198800 3546 3546 
198850 3554 3552 
198900 3539 3537 
198950 3553 3553 
199000 3566 3560 
199050 3547 3546 
199100 3553 3544 
199150 3553 3559 
199200 3553 3546 
199250 3543 3541 
199300 3551 3543 
199350 3557 3556 
199400 3540 3542 
199450 3554 3553 
199500 3553 3549 
199550 3547 3546 
199600 3542 3541 
199650 3552 3552 
199700 3549 3549 
199750 3544 3542 
199800 3545 3543 
199850 3543 3538 
199900 3548 3544 
199950 3551 3555 
200000 3550 3550 
