# Avida tasks data
# Sat Apr  7 17:14:49 2012
# First column gives the current update, next columns give the number
# of organisms that have the particular task as a component of their merit
#  1: Update
#  2: Xor
#  3: Equals

0 0 0 
50 8 8 
100 43 41 
150 134 132 
200 281 280 
250 469 468 
300 723 723 
350 1052 1050 
400 1371 1371 
450 1783 1785 
500 2281 2281 
550 2800 2795 
600 3273 3280 
650 3489 3494 
700 3550 3546 
750 3541 3545 
800 3548 3546 
850 3543 3541 
900 3524 3521 
950 3555 3548 
1000 3538 3530 
1050 3194 2811 
1100 3356 2183 
1150 3380 1617 
1200 3383 1218 
1250 3420 850 
1300 3454 569 
1350 3481 333 
1400 3519 195 
1450 3527 94 
1500 3550 43 
1550 3550 14 
1600 3543 1 
1650 3558 1 
1700 3548 0 
1750 3546 186 
1800 3550 801 
1850 3551 1253 
1900 3552 1626 
1950 3561 2012 
2000 3543 2362 
2050 3372 1902 
2100 3395 1416 
2150 3434 1057 
2200 3447 765 
2250 3476 551 
2300 3501 385 
2350 3531 269 
2400 3542 182 
2450 3554 96 
2500 3562 39 
2550 3553 7 
2600 3542 3 
2650 3548 1 
2700 3536 0 
2750 3548 13 
2800 3546 582 
2850 3539 1100 
2900 3534 1544 
2950 3531 1933 
3000 3534 2298 
3050 3378 1895 
3100 3425 1411 
3150 3440 1052 
3200 3481 769 
3250 3513 551 
3300 3516 364 
3350 3540 267 
3400 3544 188 
3450 3550 117 
3500 3555 52 
3550 3543 16 
3600 3538 8 
3650 3555 2 
3700 3551 0 
3750 3549 0 
3800 3545 0 
3850 3543 0 
3900 3547 0 
3950 3517 16 
4000 3467 282 
4050 3492 237 
4100 3513 135 
4150 3538 79 
4200 3550 33 
4250 3558 7 
4300 3551 3 
4350 3536 1 
4400 3554 0 
4450 3554 0 
4500 3544 0 
4550 3550 0 
4600 3550 0 
4650 3547 0 
4700 3546 0 
4750 3540 0 
4800 3527 0 
4850 3538 0 
4900 3553 0 
4950 3556 0 
5000 3559 0 
5050 3535 0 
5100 3551 0 
5150 3545 0 
5200 3566 0 
5250 3550 0 
5300 3554 0 
5350 3564 0 
5400 3557 0 
5450 3528 1 
5500 3561 0 
5550 3550 0 
5600 3558 0 
5650 3561 158 
5700 3563 786 
5750 3556 1240 
5800 3549 1659 
5850 3545 2046 
5900 3549 2423 
5950 3550 2697 
6000 3540 2921 
6050 3310 2332 
6100 3378 1679 
6150 3422 1183 
6200 3462 858 
6250 3507 621 
6300 3527 453 
6350 3528 289 
6400 3532 166 
6450 3540 72 
6500 3538 13 
6550 3532 3 
6600 3534 1 
6650 3556 1 
6700 3538 542 
6750 3553 1088 
6800 3541 1499 
6850 3539 1854 
6900 3542 2166 
6950 3544 2467 
7000 3548 2723 
7050 3312 2168 
7100 3408 1574 
7150 3428 1113 
7200 3464 788 
7250 3475 565 
7300 3512 430 
7350 3518 296 
7400 3529 184 
7450 3534 94 
7500 3533 37 
7550 3534 165 
7600 3540 772 
7650 3543 1246 
7700 3552 1605 
7750 3550 1996 
7800 3556 2308 
7850 3542 2587 
7900 3549 2828 
7950 3552 2998 
8000 3559 3170 
8050 3425 1942 
8100 3501 890 
8150 3511 372 
8200 3539 134 
8250 3551 44 
8300 3548 21 
8350 3546 13 
8400 3543 11 
8450 3530 11 
8500 3548 6 
8550 3540 120 
8600 3551 758 
8650 3548 1286 
8700 3539 1689 
8750 3539 2055 
8800 3524 2409 
8850 3538 2734 
8900 3531 2955 
8950 3544 3123 
9000 3532 3233 
9050 3294 2544 
9100 3342 1914 
9150 3372 1390 
9200 3473 1051 
9250 3502 758 
9300 3483 510 
9350 3525 304 
9400 3522 143 
9450 3534 56 
9500 3537 21 
9550 3542 3 
9600 3552 4 
9650 3536 473 
9700 3523 1056 
9750 3518 1543 
9800 3507 1883 
9850 3506 2163 
9900 3524 2508 
9950 3543 2726 
10000 3555 2906 
10050 3447 1753 
10100 3503 766 
10150 3529 259 
10200 3545 66 
10250 3546 14 
10300 3553 6 
10350 3540 4 
10400 3536 1 
10450 3549 2 
10500 3553 5 
10550 3525 386 
10600 3538 936 
10650 3544 1388 
10700 3520 1747 
10750 3539 2117 
10800 3553 2385 
10850 3547 2608 
10900 3549 2800 
10950 3544 2971 
11000 3548 3137 
11050 3365 2151 
11100 3465 1169 
11150 3481 642 
11200 3507 342 
11250 3528 132 
11300 3546 36 
11350 3550 16 
11400 3539 3 
11450 3533 5 
11500 3547 3 
11550 3539 566 
11600 3552 1235 
11650 3558 1815 
11700 3544 2331 
11750 3549 2735 
11800 3555 3055 
11850 3552 3262 
11900 3549 3379 
11950 3541 3465 
12000 3542 3520 
12050 3215 2317 
12100 3391 1536 
12150 3471 975 
12200 3479 566 
12250 3507 319 
12300 3519 161 
12350 3513 63 
12400 3538 21 
12450 3550 2 
12500 3567 0 
12550 3552 0 
12600 3556 0 
12650 3554 147 
12700 3553 921 
12750 3539 1501 
12800 3542 2015 
12850 3547 2438 
12900 3531 2857 
12950 3548 3141 
13000 3555 3313 
13050 3319 2091 
13100 3444 1079 
13150 3501 493 
13200 3544 229 
13250 3542 64 
13300 3547 22 
13350 3540 5 
13400 3547 7 
13450 3548 4 
13500 3562 8 
13550 3552 699 
13600 3546 1358 
13650 3555 1956 
13700 3555 2368 
13750 3541 2725 
13800 3545 3016 
13850 3536 3235 
13900 3548 3394 
13950 3535 3454 
14000 3536 3500 
14050 3349 2051 
14100 3414 1050 
14150 3492 570 
14200 3518 274 
14250 3532 91 
14300 3529 25 
14350 3547 8 
14400 3555 12 
14450 3548 8 
14500 3551 7 
14550 3546 652 
14600 3543 1317 
14650 3532 1832 
14700 3538 2293 
14750 3522 2743 
14800 3532 3071 
14850 3530 3243 
14900 3530 3384 
14950 3549 3508 
15000 3558 3551 
15050 3353 2099 
15100 3454 1100 
15150 3527 610 
15200 3559 363 
15250 3556 167 
15300 3558 73 
15350 3557 24 
15400 3551 8 
15450 3558 6 
15500 3558 8 
15550 3545 710 
15600 3540 1611 
15650 3547 2259 
15700 3553 2666 
15750 3544 2930 
15800 3552 3141 
15850 3545 3309 
15900 3536 3400 
15950 3555 3493 
16000 3536 3509 
16050 3373 1936 
16100 3491 742 
16150 3541 262 
16200 3532 105 
16250 3543 37 
16300 3542 15 
16350 3554 6 
16400 3555 5 
16450 3535 7 
16500 3547 10 
16550 3536 664 
16600 3547 1267 
16650 3533 1783 
16700 3554 2325 
16750 3526 2752 
16800 3536 3057 
16850 3549 3237 
16900 3553 3379 
16950 3560 3479 
17000 3542 3514 
17050 3358 2073 
17100 3489 1000 
17150 3534 463 
17200 3541 212 
17250 3537 78 
17300 3533 29 
17350 3541 10 
17400 3551 5 
17450 3545 5 
17500 3534 6 
17550 3524 725 
17600 3527 1661 
17650 3512 2315 
17700 3504 2803 
17750 3517 3129 
17800 3500 3309 
17850 3509 3457 
17900 3534 3523 
17950 3559 3551 
18000 3550 3533 
18050 3364 2094 
18100 3450 1096 
18150 3537 547 
18200 3564 203 
18250 3553 70 
18300 3551 16 
18350 3558 9 
18400 3546 9 
18450 3553 2 
18500 3558 12 
18550 3561 643 
18600 3540 1299 
18650 3538 1822 
18700 3537 2309 
18750 3533 2711 
18800 3538 3036 
18850 3550 3249 
18900 3525 3367 
18950 3547 3498 
19000 3550 3535 
19050 3316 2053 
19100 3398 1032 
19150 3506 585 
19200 3525 351 
19250 3525 159 
19300 3542 44 
19350 3552 20 
19400 3550 6 
19450 3547 10 
19500 3554 3 
19550 3539 663 
19600 3532 1460 
19650 3548 2026 
19700 3556 2461 
19750 3559 2787 
19800 3571 3048 
19850 3557 3276 
19900 3552 3416 
19950 3545 3494 
20000 3547 3518 
20050 3372 2030 
20100 3461 972 
20150 3525 398 
20200 3546 164 
20250 3545 33 
20300 3545 12 
20350 3541 9 
20400 3550 5 
20450 3559 8 
20500 3555 5 
20550 3543 782 
20600 3535 1572 
20650 3552 2267 
20700 3555 2802 
20750 3545 3148 
20800 3530 3364 
20850 3547 3480 
20900 3545 3509 
20950 3546 3517 
21000 3555 3525 
21050 3349 1858 
21100 3469 781 
21150 3543 262 
21200 3551 50 
21250 3554 7 
21300 3541 19 
21350 3565 8 
21400 3548 3 
21450 3554 5 
21500 3559 10 
21550 3551 628 
21600 3543 1496 
21650 3534 2116 
21700 3509 2599 
21750 3529 2971 
21800 3538 3254 
21850 3540 3421 
21900 3547 3507 
21950 3551 3530 
22000 3557 3532 
22050 3397 1615 
22100 3527 490 
22150 3540 147 
22200 3550 33 
22250 3551 9 
22300 3559 9 
22350 3550 2 
22400 3555 4 
22450 3567 8 
22500 3557 2 
22550 3551 825 
22600 3541 1787 
22650 3536 2475 
22700 3545 3009 
22750 3555 3334 
22800 3564 3487 
22850 3567 3542 
22900 3566 3547 
22950 3556 3537 
23000 3563 3540 
23050 3428 1635 
23100 3511 509 
23150 3525 103 
23200 3539 14 
23250 3552 16 
23300 3554 11 
23350 3562 5 
23400 3561 7 
23450 3550 9 
23500 3556 8 
23550 3566 830 
23600 3556 1605 
23650 3564 2261 
23700 3566 2727 
23750 3552 3055 
23800 3535 3250 
23850 3546 3391 
23900 3564 3500 
23950 3547 3512 
24000 3541 3522 
24050 3403 1648 
24100 3496 568 
24150 3536 139 
24200 3548 39 
24250 3553 7 
24300 3553 5 
24350 3555 10 
24400 3547 12 
24450 3563 6 
24500 3556 6 
24550 3535 1170 
24600 3553 2176 
24650 3519 2783 
24700 3553 3147 
24750 3548 3337 
24800 3551 3463 
24850 3546 3523 
24900 3544 3524 
24950 3559 3522 
25000 3548 3534 
25050 3393 1681 
25100 3492 551 
25150 3536 180 
25200 3536 50 
25250 3551 5 
25300 3550 6 
25350 3559 13 
25400 3550 3 
25450 3553 10 
25500 3558 8 
25550 3545 671 
25600 3547 1444 
25650 3539 2104 
25700 3540 2572 
25750 3548 2985 
25800 3534 3232 
25850 3549 3363 
25900 3544 3441 
25950 3549 3502 
26000 3548 3526 
26050 3374 1748 
26100 3487 698 
26150 3525 323 
26200 3533 102 
26250 3550 22 
26300 3552 6 
26350 3553 5 
26400 3559 9 
26450 3567 8 
26500 3558 10 
26550 3543 802 
26600 3540 1962 
26650 3559 2689 
26700 3555 3015 
26750 3553 3244 
26800 3553 3388 
26850 3552 3468 
26900 3549 3516 
26950 3544 3537 
27000 3547 3530 
27050 3355 1775 
27100 3458 841 
27150 3546 427 
27200 3522 140 
27250 3540 33 
27300 3549 17 
27350 3538 9 
27400 3543 11 
27450 3549 7 
27500 3550 4 
27550 3543 832 
27600 3549 1582 
27650 3551 2209 
27700 3542 2752 
27750 3563 3102 
27800 3551 3284 
27850 3558 3410 
27900 3565 3518 
27950 3542 3526 
28000 3549 3535 
28050 3291 2014 
28100 3499 1162 
28150 3517 608 
28200 3531 307 
28250 3546 160 
28300 3564 63 
28350 3550 16 
28400 3555 14 
28450 3541 15 
28500 3563 10 
28550 3532 762 
28600 3525 1742 
28650 3527 2437 
28700 3518 2963 
28750 3541 3311 
28800 3535 3488 
28850 3560 3535 
28900 3560 3550 
28950 3554 3531 
29000 3538 3515 
29050 3395 1815 
29100 3526 711 
29150 3544 284 
29200 3555 91 
29250 3538 22 
29300 3543 10 
29350 3542 2 
29400 3550 1 
29450 3549 5 
29500 3557 8 
29550 3559 796 
29600 3560 1807 
29650 3562 2482 
29700 3544 2870 
29750 3550 3149 
29800 3555 3412 
29850 3540 3464 
29900 3538 3521 
29950 3541 3514 
30000 3560 3535 
30050 3308 1744 
30100 3437 888 
30150 3521 477 
30200 3543 182 
30250 3540 72 
30300 3553 19 
30350 3559 7 
30400 3552 11 
30450 3542 8 
30500 3545 9 
30550 3549 963 
30600 3546 1854 
30650 3543 2538 
30700 3562 3061 
30750 3543 3273 
30800 3543 3378 
30850 3556 3511 
30900 3547 3520 
30950 3543 3514 
31000 3556 3516 
31050 3413 1608 
31100 3485 597 
31150 3532 293 
31200 3534 108 
31250 3536 33 
31300 3539 12 
31350 3551 5 
31400 3552 17 
31450 3545 6 
31500 3532 8 
31550 3539 896 
31600 3521 1714 
31650 3539 2381 
31700 3550 2909 
31750 3557 3256 
31800 3541 3412 
31850 3547 3498 
31900 3549 3528 
31950 3544 3532 
32000 3565 3554 
32050 3336 2017 
32100 3502 1230 
32150 3523 764 
32200 3535 377 
32250 3529 164 
32300 3541 34 
32350 3545 9 
32400 3558 9 
32450 3564 6 
32500 3550 7 
32550 3551 638 
32600 3555 1406 
32650 3552 2061 
32700 3533 2676 
32750 3537 3087 
32800 3551 3344 
32850 3542 3471 
32900 3570 3500 
32950 3561 3501 
33000 3556 3498 
33050 3447 1394 
33100 3545 400 
33150 3549 75 
33200 3550 19 
33250 3544 13 
33300 3545 10 
33350 3538 18 
33400 3560 19 
33450 3545 8 
33500 3534 5 
33550 3548 694 
33600 3546 1440 
33650 3553 2147 
33700 3542 2733 
33750 3549 3110 
33800 3550 3342 
33850 3560 3463 
33900 3561 3506 
33950 3547 3479 
34000 3566 3492 
34050 3456 1366 
34100 3523 316 
34150 3542 56 
34200 3554 28 
34250 3543 14 
34300 3552 11 
34350 3552 13 
34400 3549 8 
34450 3544 12 
34500 3540 7 
34550 3552 840 
34600 3548 1784 
34650 3557 2502 
34700 3548 2945 
34750 3534 3247 
34800 3548 3453 
34850 3545 3491 
34900 3548 3507 
34950 3554 3512 
35000 3552 3500 
35050 3396 1624 
35100 3515 476 
35150 3534 123 
35200 3534 41 
35250 3538 19 
35300 3570 8 
35350 3554 9 
35400 3548 15 
35450 3556 16 
35500 3543 17 
35550 3530 837 
35600 3546 1689 
35650 3534 2215 
35700 3547 2617 
35750 3550 2942 
35800 3557 3240 
35850 3567 3485 
35900 3548 3517 
35950 3549 3526 
36000 3548 3536 
36050 3372 1838 
36100 3482 725 
36150 3548 333 
36200 3541 108 
36250 3542 28 
36300 3556 2 
36350 3552 0 
36400 3539 6 
36450 3552 2 
36500 3549 3 
36550 3550 1024 
36600 3555 1730 
36650 3554 2209 
36700 3555 2586 
36750 3534 2919 
36800 3534 3178 
36850 3553 3415 
36900 3534 3487 
36950 3563 3538 
37000 3538 3510 
37050 3373 1645 
37100 3457 641 
37150 3523 270 
37200 3538 94 
37250 3561 25 
37300 3542 11 
37350 3551 8 
37400 3551 6 
37450 3547 4 
37500 3540 5 
37550 3530 632 
37600 3535 1430 
37650 3531 2094 
37700 3549 2650 
37750 3555 2983 
37800 3550 3247 
37850 3554 3411 
37900 3542 3492 
37950 3544 3531 
38000 3556 3553 
38050 3288 2085 
38100 3471 1308 
38150 3503 799 
38200 3522 395 
38250 3559 183 
38300 3535 68 
38350 3539 16 
38400 3547 11 
38450 3543 4 
38500 3546 8 
38550 3544 12 
38600 3554 1347 
38650 3537 2135 
38700 3529 2688 
38750 3542 3113 
38800 3546 3372 
38850 3536 3479 
38900 3547 3496 
38950 3560 3503 
39000 3552 3513 
39050 3462 1436 
39100 3536 370 
39150 3541 70 
39200 3554 21 
39250 3544 17 
39300 3544 12 
39350 3565 10 
39400 3547 24 
39450 3554 30 
39500 3554 19 
39550 3531 1043 
39600 3535 2117 
39650 3545 2830 
39700 3544 3234 
39750 3563 3473 
39800 3561 3494 
39850 3548 3506 
39900 3547 3492 
39950 3554 3519 
40000 3549 3506 
40050 3444 1397 
40100 3517 422 
40150 3549 85 
40200 3542 17 
40250 3545 6 
40300 3545 6 
40350 3540 7 
40400 3552 13 
40450 3548 5 
40500 3561 8 
40550 3550 808 
40600 3544 1581 
40650 3538 2203 
40700 3523 2735 
40750 3534 3107 
40800 3537 3309 
40850 3549 3425 
40900 3554 3496 
40950 3566 3525 
41000 3547 3509 
41050 3436 1457 
41100 3517 474 
41150 3532 74 
41200 3549 17 
41250 3556 8 
41300 3557 7 
41350 3554 20 
41400 3543 8 
41450 3556 3 
41500 3541 13 
41550 3542 719 
41600 3548 1497 
41650 3548 2152 
41700 3537 2697 
41750 3545 3083 
41800 3555 3313 
41850 3558 3433 
41900 3559 3482 
41950 3546 3505 
42000 3545 3520 
42050 3402 1631 
42100 3496 545 
42150 3540 138 
42200 3556 26 
42250 3543 10 
42300 3553 7 
42350 3551 10 
42400 3544 8 
42450 3550 14 
42500 3529 5 
42550 3551 894 
42600 3549 1708 
42650 3557 2335 
42700 3552 2790 
42750 3535 3108 
42800 3548 3322 
42850 3548 3443 
42900 3541 3495 
42950 3551 3512 
43000 3547 3502 
43050 3374 1590 
43100 3510 549 
43150 3543 125 
43200 3553 31 
43250 3553 5 
43300 3550 2 
43350 3552 4 
43400 3559 9 
43450 3544 9 
43500 3562 7 
43550 3554 1021 
43600 3559 2092 
43650 3557 2740 
43700 3549 3096 
43750 3560 3323 
43800 3551 3467 
43850 3536 3486 
43900 3542 3525 
43950 3561 3548 
44000 3540 3512 
44050 3343 1955 
44100 3454 1038 
44150 3533 668 
44200 3528 304 
44250 3516 118 
44300 3542 56 
44350 3534 22 
44400 3559 7 
44450 3521 8 
44500 3541 10 
44550 3548 793 
44600 3548 1722 
44650 3540 2413 
44700 3547 2904 
44750 3546 3208 
44800 3558 3406 
44850 3554 3505 
44900 3559 3524 
44950 3550 3509 
45000 3551 3521 
45050 3382 1716 
45100 3491 716 
45150 3525 369 
45200 3543 146 
45250 3542 49 
45300 3547 10 
45350 3546 6 
45400 3559 3 
45450 3553 5 
45500 3547 6 
45550 3522 1043 
45600 3523 1755 
45650 3534 2349 
45700 3535 2756 
45750 3540 3101 
45800 3542 3299 
45850 3559 3444 
45900 3558 3513 
45950 3541 3520 
46000 3554 3537 
46050 3327 1840 
46100 3494 675 
46150 3527 176 
46200 3549 29 
46250 3550 9 
46300 3551 9 
46350 3546 13 
46400 3547 10 
46450 3558 5 
46500 3541 7 
46550 3540 639 
46600 3556 1579 
46650 3559 2241 
46700 3560 2718 
46750 3548 3039 
46800 3548 3272 
46850 3551 3419 
46900 3552 3494 
46950 3560 3546 
47000 3522 3528 
47050 3229 2046 
47100 3428 1181 
47150 3507 734 
47200 3509 406 
47250 3508 160 
47300 3535 35 
47350 3554 6 
47400 3555 7 
47450 3564 6 
47500 3563 3 
47550 3539 576 
47600 3544 1596 
47650 3552 2285 
47700 3551 2752 
47750 3537 3059 
47800 3545 3275 
47850 3549 3436 
47900 3562 3532 
47950 3551 3531 
48000 3548 3537 
48050 3353 1820 
48100 3446 713 
48150 3517 263 
48200 3547 53 
48250 3553 11 
48300 3547 5 
48350 3537 7 
48400 3545 9 
48450 3553 3 
48500 3552 7 
48550 3551 985 
48600 3555 1956 
48650 3554 2546 
48700 3532 2970 
48750 3545 3278 
48800 3554 3454 
48850 3551 3509 
48900 3526 3502 
48950 3544 3513 
49000 3555 3532 
49050 3413 1639 
49100 3498 591 
49150 3536 198 
49200 3541 73 
49250 3554 14 
49300 3561 8 
49350 3536 1 
49400 3541 7 
49450 3546 6 
49500 3563 7 
49550 3528 1037 
49600 3545 1857 
49650 3550 2367 
49700 3551 2767 
49750 3531 3081 
49800 3543 3350 
49850 3536 3423 
49900 3553 3473 
49950 3563 3515 
50000 3535 3476 
50050 3404 1406 
50100 3481 458 
50150 3531 131 
50200 3543 26 
50250 3554 5 
50300 3524 12 
50350 3566 15 
50400 3551 16 
50450 3551 12 
50500 3558 12 
50550 3565 952 
50600 3545 1864 
50650 3556 2468 
50700 3551 2904 
50750 3541 3248 
50800 3547 3420 
50850 3545 3488 
50900 3547 3507 
50950 3554 3520 
51000 3554 3518 
51050 3425 1675 
51100 3491 701 
51150 3523 351 
51200 3542 178 
51250 3556 60 
51300 3544 31 
51350 3552 19 
51400 3554 18 
51450 3549 9 
51500 3556 14 
51550 3559 765 
51600 3555 1689 
51650 3553 2338 
51700 3547 2856 
51750 3546 3161 
51800 3545 3361 
51850 3543 3496 
51900 3535 3507 
51950 3551 3528 
52000 3549 3539 
52050 3358 1897 
52100 3478 917 
52150 3546 468 
52200 3539 164 
52250 3545 40 
52300 3553 25 
52350 3560 14 
52400 3521 9 
52450 3541 12 
52500 3554 16 
52550 3551 1140 
52600 3550 2176 
52650 3539 2865 
52700 3547 3259 
52750 3545 3434 
52800 3542 3489 
52850 3550 3504 
52900 3558 3516 
52950 3557 3511 
53000 3557 3500 
53050 3414 1649 
53100 3504 600 
53150 3522 323 
53200 3527 175 
53250 3556 72 
53300 3536 13 
53350 3540 5 
53400 3563 18 
53450 3540 12 
53500 3540 8 
53550 3557 820 
53600 3539 1559 
53650 3542 2078 
53700 3555 2583 
53750 3550 2948 
53800 3552 3249 
53850 3557 3438 
53900 3560 3496 
53950 3563 3514 
54000 3556 3509 
54050 3419 1548 
54100 3506 464 
54150 3536 155 
54200 3561 48 
54250 3549 12 
54300 3547 11 
54350 3544 9 
54400 3528 9 
54450 3545 12 
54500 3561 1 
54550 3569 848 
54600 3547 1553 
54650 3543 2119 
54700 3567 2702 
54750 3553 3083 
54800 3547 3337 
54850 3551 3436 
54900 3565 3486 
54950 3554 3482 
55000 3537 3474 
55050 3441 1448 
55100 3522 417 
55150 3542 93 
55200 3539 24 
55250 3554 5 
55300 3555 14 
55350 3529 8 
55400 3545 5 
55450 3555 4 
55500 3548 10 
55550 3555 903 
55600 3557 1821 
55650 3555 2483 
55700 3557 2892 
55750 3558 3177 
55800 3543 3329 
55850 3546 3432 
55900 3553 3486 
55950 3551 3487 
56000 3534 3478 
56050 3410 1550 
56100 3498 515 
56150 3548 143 
56200 3542 33 
56250 3538 17 
56300 3549 21 
56350 3550 21 
56400 3545 14 
56450 3535 15 
56500 3552 23 
56550 3508 646 
56600 3519 1464 
56650 3512 2223 
56700 3523 2810 
56750 3526 3180 
56800 3537 3439 
56850 3553 3518 
56900 3538 3510 
56950 3545 3512 
57000 3557 3543 
57050 3324 1893 
57100 3423 877 
57150 3513 507 
57200 3541 267 
57250 3545 108 
57300 3536 23 
57350 3540 7 
57400 3545 9 
57450 3524 4 
57500 3561 2 
57550 3534 688 
57600 3537 1423 
57650 3532 1996 
57700 3530 2489 
57750 3529 2835 
57800 3541 3109 
57850 3541 3286 
57900 3548 3395 
57950 3562 3440 
58000 3561 3488 
58050 3439 1467 
58100 3519 322 
58150 3537 65 
58200 3558 20 
58250 3545 13 
58300 3548 6 
58350 3539 7 
58400 3560 5 
58450 3554 5 
58500 3558 11 
58550 3552 522 
58600 3554 1375 
58650 3555 2038 
58700 3560 2588 
58750 3558 2888 
58800 3563 3114 
58850 3554 3292 
58900 3555 3408 
58950 3559 3475 
59000 3539 3479 
59050 3467 1370 
59100 3541 373 
59150 3547 81 
59200 3544 22 
59250 3556 4 
59300 3535 10 
59350 3565 8 
59400 3552 6 
59450 3537 13 
59500 3565 7 
59550 3541 779 
59600 3550 1576 
59650 3555 2161 
59700 3529 2631 
59750 3547 3050 
59800 3530 3266 
59850 3556 3397 
59900 3550 3450 
59950 3557 3500 
60000 3546 3487 
60050 3441 1500 
60100 3493 502 
60150 3539 155 
60200 3550 52 
60250 3558 12 
60300 3554 16 
60350 3553 18 
60400 3548 18 
60450 3536 12 
60500 3541 6 
60550 3537 872 
60600 3549 1801 
60650 3527 2444 
60700 3547 2953 
60750 3544 3302 
60800 3555 3472 
60850 3556 3498 
60900 3552 3490 
60950 3547 3495 
61000 3556 3512 
61050 3398 1653 
61100 3497 543 
61150 3549 177 
61200 3549 38 
61250 3545 8 
61300 3565 6 
61350 3547 10 
61400 3539 8 
61450 3546 8 
61500 3551 9 
61550 3553 73 
61600 3552 1104 
61650 3540 1815 
61700 3542 2387 
61750 3545 2818 
61800 3563 3157 
61850 3557 3358 
61900 3546 3438 
61950 3554 3475 
62000 3546 3500 
62050 3448 1400 
62100 3518 380 
62150 3549 85 
62200 3562 17 
62250 3549 7 
62300 3563 9 
62350 3556 11 
62400 3538 6 
62450 3550 3 
62500 3550 5 
62550 3545 690 
62600 3552 1493 
62650 3548 2057 
62700 3539 2622 
62750 3550 3096 
62800 3551 3314 
62850 3548 3408 
62900 3551 3460 
62950 3553 3503 
63000 3544 3497 
63050 3450 1391 
63100 3537 358 
63150 3538 50 
63200 3532 11 
63250 3544 7 
63300 3538 10 
63350 3551 5 
63400 3548 5 
63450 3546 3 
63500 3543 9 
63550 3544 625 
63600 3544 1360 
63650 3551 2023 
63700 3545 2544 
63750 3563 2950 
63800 3548 3207 
63850 3544 3349 
63900 3539 3419 
63950 3574 3499 
64000 3554 3514 
64050 3395 1564 
64100 3509 540 
64150 3546 156 
64200 3544 37 
64250 3555 3 
64300 3551 3 
64350 3536 4 
64400 3535 14 
64450 3544 8 
64500 3559 5 
64550 3534 839 
64600 3547 1591 
64650 3551 2193 
64700 3535 2726 
64750 3548 3093 
64800 3543 3334 
64850 3543 3454 
64900 3551 3510 
64950 3546 3516 
65000 3551 3514 
65050 3351 1814 
65100 3468 787 
65150 3528 337 
65200 3549 107 
65250 3545 24 
65300 3567 8 
65350 3548 8 
65400 3573 4 
65450 3571 14 
65500 3548 11 
65550 3536 703 
65600 3528 1460 
65650 3544 2130 
65700 3549 2691 
65750 3543 2987 
65800 3533 3183 
65850 3545 3352 
65900 3551 3458 
65950 3545 3500 
66000 3555 3508 
66050 3433 1564 
66100 3521 529 
66150 3544 133 
66200 3537 46 
66250 3560 20 
66300 3549 8 
66350 3556 11 
66400 3544 12 
66450 3549 10 
66500 3532 9 
66550 3558 788 
66600 3548 1736 
66650 3539 2509 
66700 3541 3003 
66750 3552 3298 
66800 3545 3430 
66850 3548 3485 
66900 3540 3501 
66950 3539 3500 
67000 3561 3526 
67050 3443 1561 
67100 3523 572 
67150 3540 166 
67200 3539 24 
67250 3546 15 
67300 3553 10 
67350 3541 12 
67400 3561 9 
67450 3549 7 
67500 3560 5 
67550 3555 1007 
67600 3561 1890 
67650 3560 2501 
67700 3550 2962 
67750 3562 3232 
67800 3555 3427 
67850 3559 3504 
67900 3553 3528 
67950 3556 3530 
68000 3558 3546 
68050 3407 1685 
68100 3475 701 
68150 3544 254 
68200 3553 60 
68250 3567 9 
68300 3557 9 
68350 3536 8 
68400 3555 13 
68450 3546 8 
68500 3560 8 
68550 3549 722 
68600 3551 1663 
68650 3547 2255 
68700 3547 2736 
68750 3558 3124 
68800 3539 3346 
68850 3542 3474 
68900 3544 3500 
68950 3545 3513 
69000 3546 3519 
69050 3407 1566 
69100 3479 577 
69150 3547 173 
69200 3559 31 
69250 3564 16 
69300 3545 12 
69350 3545 18 
69400 3552 10 
69450 3556 6 
69500 3553 6 
69550 3547 756 
69600 3535 1615 
69650 3549 2189 
69700 3560 2714 
69750 3556 3008 
69800 3543 3195 
69850 3560 3363 
69900 3557 3463 
69950 3552 3487 
70000 3549 3505 
70050 3368 1786 
70100 3487 788 
70150 3533 330 
70200 3553 120 
70250 3538 26 
70300 3556 11 
70350 3547 10 
70400 3549 13 
70450 3532 11 
70500 3528 11 
70550 3534 884 
70600 3549 1643 
70650 3556 2219 
70700 3556 2658 
70750 3551 2995 
70800 3541 3253 
70850 3539 3398 
70900 3561 3505 
70950 3559 3514 
71000 3551 3512 
71050 3435 1469 
71100 3517 394 
71150 3536 87 
71200 3551 25 
71250 3535 7 
71300 3545 6 
71350 3560 12 
71400 3559 14 
71450 3534 11 
71500 3544 10 
71550 3549 857 
71600 3558 1852 
71650 3542 2468 
71700 3568 2892 
71750 3542 3192 
71800 3559 3389 
71850 3547 3448 
71900 3543 3484 
71950 3552 3489 
72000 3545 3510 
72050 3396 1745 
72100 3468 719 
72150 3518 321 
72200 3536 131 
72250 3545 40 
72300 3548 15 
72350 3527 11 
72400 3543 14 
72450 3550 22 
72500 3554 9 
72550 3541 1152 
72600 3536 2050 
72650 3551 2644 
72700 3543 3030 
72750 3546 3321 
72800 3531 3471 
72850 3554 3495 
72900 3550 3489 
72950 3554 3505 
73000 3550 3508 
73050 3433 1561 
73100 3509 575 
73150 3522 233 
73200 3525 129 
73250 3545 46 
73300 3546 23 
73350 3551 17 
73400 3549 14 
73450 3550 14 
73500 3525 15 
73550 3529 994 
73600 3540 1756 
73650 3555 2364 
73700 3545 2856 
73750 3554 3171 
73800 3542 3360 
73850 3534 3461 
73900 3565 3520 
73950 3544 3503 
74000 3557 3515 
74050 3409 1609 
74100 3495 616 
74150 3526 222 
74200 3543 70 
74250 3549 38 
74300 3546 20 
74350 3534 23 
74400 3543 19 
74450 3541 11 
74500 3560 20 
74550 3559 1220 
74600 3557 2164 
74650 3555 2788 
74700 3560 3228 
74750 3560 3442 
74800 3546 3496 
74850 3545 3496 
74900 3547 3521 
74950 3552 3513 
75000 3543 3508 
75050 3419 1577 
75100 3480 653 
75150 3509 317 
75200 3528 118 
75250 3539 30 
75300 3545 10 
75350 3554 16 
75400 3554 7 
75450 3555 3 
75500 3548 15 
75550 3560 834 
75600 3556 1533 
75650 3548 2170 
75700 3551 2724 
75750 3553 3099 
75800 3552 3332 
75850 3545 3460 
75900 3551 3510 
75950 3545 3510 
76000 3540 3516 
76050 3377 1744 
76100 3465 839 
76150 3509 486 
76200 3523 235 
76250 3536 98 
76300 3555 14 
76350 3562 4 
76400 3550 11 
76450 3553 5 
76500 3551 10 
76550 3558 873 
76600 3564 1618 
76650 3561 2148 
76700 3554 2521 
76750 3547 2869 
76800 3561 3143 
76850 3560 3351 
76900 3564 3491 
76950 3547 3504 
77000 3558 3532 
77050 3413 1617 
77100 3500 525 
77150 3545 176 
77200 3545 59 
77250 3549 12 
77300 3550 9 
77350 3561 3 
77400 3547 11 
77450 3563 6 
77500 3547 1 
77550 3516 321 
77600 3478 1173 
77650 3481 1877 
77700 3442 2388 
77750 3442 2836 
77800 3450 3116 
77850 3467 3288 
77900 3503 3414 
77950 3528 3475 
78000 3546 3506 
78050 3410 1635 
78100 3475 688 
78150 3528 269 
78200 3549 102 
78250 3567 18 
78300 3562 2 
78350 3558 3 
78400 3564 2 
78450 3572 2 
78500 3549 2 
78550 3553 399 
78600 3553 1201 
78650 3560 1890 
78700 3542 2338 
78750 3557 2819 
78800 3558 3162 
78850 3556 3373 
78900 3571 3491 
78950 3557 3537 
79000 3553 3547 
79050 3338 1860 
79100 3436 794 
79150 3534 338 
79200 3528 76 
79250 3544 14 
79300 3552 4 
79350 3541 1 
79400 3561 0 
79450 3547 1 
79500 3557 0 
79550 3540 20 
79600 3321 234 
79650 3213 1285 
79700 3286 1861 
79750 3401 2384 
79800 3488 2752 
79850 3557 3054 
79900 3559 3251 
79950 3543 3363 
80000 3555 3454 
80050 3278 2135 
80100 3440 1306 
80150 3500 823 
80200 3513 493 
80250 3504 278 
80300 3533 91 
80350 3543 21 
80400 3558 3 
80450 3556 0 
80500 3547 0 
80550 3505 288 
80600 3475 1204 
80650 3459 1835 
80700 3470 2380 
80750 3486 2836 
80800 3521 3136 
80850 3537 3326 
80900 3558 3461 
80950 3552 3518 
81000 3560 3550 
81050 3296 2110 
81100 3507 1424 
81150 3551 810 
81200 3531 453 
81250 3555 207 
81300 3561 54 
81350 3540 6 
81400 3557 3 
81450 3552 0 
81500 3549 2 
81550 3546 437 
81600 3553 1249 
81650 3554 1900 
81700 3553 2435 
81750 3549 2875 
81800 3534 3157 
81850 3556 3328 
81900 3565 3442 
81950 3565 3530 
82000 3551 3534 
82050 3287 2246 
82100 3509 1461 
82150 3520 817 
82200 3517 443 
82250 3549 219 
82300 3550 113 
82350 3550 34 
82400 3557 9 
82450 3549 2 
82500 3557 0 
82550 3553 2 
82600 3412 139 
82650 3151 948 
82700 3217 1671 
82750 3305 2182 
82800 3437 2659 
82850 3510 3010 
82900 3540 3281 
82950 3539 3421 
83000 3554 3524 
83050 3305 2044 
83100 3430 1008 
83150 3521 635 
83200 3532 298 
83250 3558 130 
83300 3541 42 
83350 3553 5 
83400 3557 0 
83450 3552 1 
83500 3550 1 
83550 3493 61 
83600 3302 902 
83650 3288 1674 
83700 3377 2179 
83750 3482 2620 
83800 3534 2987 
83850 3550 3222 
83900 3562 3427 
83950 3545 3515 
84000 3538 3546 
84050 3267 2187 
84100 3473 1313 
84150 3501 684 
84200 3485 362 
84250 3523 152 
84300 3566 40 
84350 3547 13 
84400 3562 5 
84450 3551 1 
84500 3574 1 
84550 3493 74 
84600 3421 988 
84650 3496 1607 
84700 3513 2162 
84750 3542 2693 
84800 3539 3110 
84850 3546 3340 
84900 3563 3479 
84950 3535 3522 
85000 3539 3528 
85050 3308 2030 
85100 3483 1038 
85150 3536 517 
85200 3549 209 
85250 3552 43 
85300 3550 8 
85350 3530 4 
85400 3551 1 
85450 3554 6 
85500 3545 0 
85550 3482 76 
85600 3405 958 
85650 3449 1641 
85700 3503 2212 
85750 3535 2732 
85800 3537 3055 
85850 3547 3273 
85900 3555 3422 
85950 3566 3528 
86000 3568 3556 
86050 3271 2224 
86100 3502 1466 
86150 3512 838 
86200 3523 510 
86250 3540 308 
86300 3560 156 
86350 3538 60 
86400 3552 15 
86450 3540 5 
86500 3544 5 
86550 3539 0 
86600 3549 4 
86650 3450 374 
86700 3466 1254 
86750 3497 1861 
86800 3520 2445 
86850 3527 2879 
86900 3542 3191 
86950 3557 3405 
87000 3548 3508 
87050 3298 2231 
87100 3494 1595 
87150 3498 1046 
87200 3508 655 
87250 3511 376 
87300 3533 172 
87350 3559 58 
87400 3563 13 
87450 3557 3 
87500 3554 0 
87550 3553 0 
87600 3563 0 
87650 3542 260 
87700 3551 1155 
87750 3547 1765 
87800 3546 2344 
87850 3544 2747 
87900 3537 3060 
87950 3543 3277 
88000 3552 3381 
88050 3291 2230 
88100 3439 1270 
88150 3531 735 
88200 3538 312 
88250 3531 125 
88300 3548 28 
88350 3548 4 
88400 3564 1 
88450 3551 1 
88500 3537 1 
88550 3542 21 
88600 3464 593 
88650 3456 1372 
88700 3482 1945 
88750 3532 2487 
88800 3553 2893 
88850 3532 3198 
88900 3548 3397 
88950 3563 3497 
89000 3550 3540 
89050 3290 2212 
89100 3510 1399 
89150 3525 806 
89200 3541 449 
89250 3529 207 
89300 3539 101 
89350 3550 31 
89400 3539 4 
89450 3539 0 
89500 3539 1 
89550 3552 628 
89600 3557 1419 
89650 3564 2050 
89700 3570 2564 
89750 3544 2926 
89800 3556 3183 
89850 3542 3324 
89900 3536 3415 
89950 3541 3496 
90000 3541 3539 
90050 3293 2166 
90100 3446 1310 
90150 3453 616 
90200 3451 287 
90250 3469 149 
90300 3490 69 
90350 3511 28 
90400 3541 11 
90450 3556 1 
90500 3561 3 
90550 3544 513 
90600 3554 1317 
90650 3557 1983 
90700 3544 2589 
90750 3543 3075 
90800 3551 3313 
90850 3562 3454 
90900 3528 3491 
90950 3569 3563 
91000 3562 3563 
91050 3268 2431 
91100 3379 1733 
91150 3361 992 
91200 3396 482 
91250 3417 214 
91300 3474 67 
91350 3533 11 
91400 3546 1 
91450 3562 0 
91500 3546 1 
91550 3522 33 
91600 3294 420 
91650 3307 1234 
91700 3394 1780 
91750 3458 2280 
91800 3518 2785 
91850 3544 3114 
91900 3539 3314 
91950 3544 3453 
92000 3557 3526 
92050 3262 2214 
92100 3429 1451 
92150 3468 821 
92200 3493 344 
92250 3525 103 
92300 3544 33 
92350 3558 6 
92400 3557 1 
92450 3562 3 
92500 3555 2 
92550 3486 64 
92600 3361 952 
92650 3374 1725 
92700 3394 2295 
92750 3468 2762 
92800 3503 3118 
92850 3531 3306 
92900 3534 3388 
92950 3556 3478 
93000 3571 3556 
93050 3251 2372 
93100 3478 1640 
93150 3458 965 
93200 3508 532 
93250 3520 207 
93300 3547 70 
93350 3544 9 
93400 3548 6 
93450 3546 6 
93500 3557 3 
93550 3571 0 
93600 3412 147 
93650 3292 1013 
93700 3338 1694 
93750 3361 2288 
93800 3382 2732 
93850 3486 3104 
93900 3525 3308 
93950 3556 3438 
94000 3549 3507 
94050 3318 2151 
94100 3467 1083 
94150 3521 608 
94200 3526 301 
94250 3514 114 
94300 3554 8 
94350 3561 1 
94400 3560 5 
94450 3561 0 
94500 3540 3 
94550 3540 40 
94600 3545 347 
94650 3553 1128 
94700 3557 1688 
94750 3552 2181 
94800 3545 2656 
94850 3564 3051 
94900 3558 3270 
94950 3553 3386 
95000 3556 3471 
95050 3262 2325 
95100 3435 1629 
95150 3458 1034 
95200 3475 609 
95250 3498 296 
95300 3532 112 
95350 3560 26 
95400 3549 4 
95450 3555 1 
95500 3545 2 
95550 3576 724 
95600 3577 1578 
95650 3572 2309 
95700 3558 2895 
95750 3556 3296 
95800 3547 3467 
95850 3560 3551 
95900 3550 3544 
95950 3555 3543 
96000 3560 3551 
96050 3273 2097 
96100 3469 1234 
96150 3492 559 
96200 3518 186 
96250 3534 44 
96300 3556 6 
96350 3566 0 
96400 3550 0 
96450 3547 0 
96500 3539 0 
96550 3554 202 
96600 3559 1044 
96650 3553 1652 
96700 3552 2211 
96750 3565 2698 
96800 3548 3021 
96850 3538 3235 
96900 3561 3444 
96950 3554 3504 
97000 3549 3541 
97050 3302 2181 
97100 3468 1469 
97150 3471 941 
97200 3470 573 
97250 3486 290 
97300 3527 122 
97350 3546 47 
97400 3553 5 
97450 3556 1 
97500 3548 0 
97550 3555 435 
97600 3554 1258 
97650 3532 1939 
97700 3529 2484 
97750 3502 2895 
97800 3496 3247 
97850 3514 3398 
97900 3519 3501 
97950 3521 3538 
98000 3513 3557 
98050 3338 2519 
98100 3455 1718 
98150 3434 1035 
98200 3460 562 
98250 3498 290 
98300 3532 118 
98350 3531 23 
98400 3516 2 
98450 3541 0 
98500 3516 0 
98550 3517 0 
98600 3527 253 
98650 3534 1075 
98700 3525 1727 
98750 3517 2309 
98800 3522 2826 
98850 3520 3188 
98900 3540 3409 
98950 3541 3511 
99000 3529 3548 
99050 3249 2174 
99100 3482 1529 
99150 3488 1020 
99200 3498 614 
99250 3514 282 
99300 3543 90 
99350 3550 13 
99400 3570 3 
99450 3544 2 
99500 3552 0 
99550 3556 0 
99600 3555 0 
99650 3553 0 
99700 3537 0 
99750 3545 192 
99800 3524 1129 
99850 3534 1793 
99900 3544 2378 
99950 3539 2854 
100000 3550 3175 
100050 3371 1883 
100100 3464 901 
100150 3514 367 
100200 3531 143 
100250 3554 39 
100300 3554 2 
100350 3543 1 
100400 3548 2 
100450 3551 0 
100500 3539 0 
100550 3528 0 
100600 3520 93 
100650 3533 1003 
100700 3545 1698 
100750 3552 2249 
100800 3555 2719 
100850 3552 3073 
100900 3556 3310 
100950 3531 3443 
101000 3547 3512 
101050 3304 1883 
101100 3458 759 
101150 3516 320 
101200 3512 152 
101250 3548 49 
101300 3545 5 
101350 3569 0 
101400 3555 0 
101450 3566 2 
101500 3537 1 
101550 3549 1 
101600 3553 882 
101650 3530 1639 
101700 3544 2285 
101750 3548 2758 
101800 3546 3071 
101850 3542 3289 
101900 3540 3422 
101950 3565 3523 
102000 3565 3548 
102050 3329 2042 
102100 3474 958 
102150 3534 382 
102200 3534 71 
102250 3540 9 
102300 3555 2 
102350 3553 1 
102400 3545 2 
102450 3560 0 
102500 3551 1 
102550 3510 219 
102600 3543 1021 
102650 3537 1734 
102700 3550 2385 
102750 3548 2852 
102800 3538 3160 
102850 3540 3354 
102900 3528 3471 
102950 3546 3526 
103000 3559 3544 
103050 3351 2032 
103100 3445 1120 
103150 3541 690 
103200 3537 360 
103250 3535 206 
103300 3522 102 
103350 3553 36 
103400 3537 9 
103450 3541 3 
103500 3562 0 
103550 3543 789 
103600 3538 1547 
103650 3546 2225 
103700 3539 2732 
103750 3567 3121 
103800 3544 3326 
103850 3561 3490 
103900 3549 3532 
103950 3546 3536 
104000 3554 3549 
104050 3344 2028 
104100 3468 1158 
104150 3493 680 
104200 3508 328 
104250 3511 142 
104300 3515 58 
104350 3519 15 
104400 3539 6 
104450 3547 2 
104500 3548 3 
104550 3531 494 
104600 3543 1325 
104650 3538 1956 
104700 3536 2465 
104750 3555 2935 
104800 3538 3189 
104850 3549 3378 
104900 3539 3453 
104950 3552 3497 
105000 3553 3505 
105050 3397 1695 
105100 3505 674 
105150 3542 222 
105200 3562 59 
105250 3542 8 
105300 3544 3 
105350 3547 6 
105400 3550 3 
105450 3548 4 
105500 3555 3 
105550 3556 743 
105600 3553 1415 
105650 3551 2044 
105700 3538 2603 
105750 3540 2972 
105800 3540 3207 
105850 3546 3356 
105900 3546 3450 
105950 3537 3492 
106000 3554 3524 
106050 3383 1765 
106100 3482 737 
106150 3528 308 
106200 3535 136 
106250 3534 34 
106300 3553 5 
106350 3541 3 
106400 3563 2 
106450 3541 0 
106500 3545 3 
106550 3506 36 
106600 3461 1152 
106650 3484 1892 
106700 3539 2548 
106750 3543 3092 
106800 3552 3396 
106850 3541 3478 
106900 3543 3511 
106950 3550 3526 
107000 3539 3527 
107050 3345 1857 
107100 3446 802 
107150 3496 356 
107200 3535 116 
107250 3538 44 
107300 3527 38 
107350 3541 32 
107400 3543 37 
107450 3541 23 
107500 3543 29 
107550 3531 580 
107600 3520 1376 
107650 3517 1961 
107700 3532 2461 
107750 3557 2889 
107800 3543 3149 
107850 3535 3272 
107900 3549 3413 
107950 3530 3476 
108000 3556 3544 
108050 3302 2060 
108100 3429 1082 
108150 3503 657 
108200 3493 379 
108250 3512 206 
108300 3515 101 
108350 3532 40 
108400 3514 17 
108450 3531 3 
108500 3547 4 
108550 3542 812 
108600 3531 1638 
108650 3546 2200 
108700 3527 2618 
108750 3539 2972 
108800 3542 3249 
108850 3537 3442 
108900 3556 3522 
108950 3538 3520 
109000 3540 3517 
109050 3380 1696 
109100 3486 617 
109150 3533 201 
109200 3550 72 
109250 3534 25 
109300 3564 5 
109350 3550 0 
109400 3550 5 
109450 3551 1 
109500 3554 1 
109550 3546 761 
109600 3527 1594 
109650 3555 2253 
109700 3546 2694 
109750 3531 3056 
109800 3530 3287 
109850 3535 3445 
109900 3549 3501 
109950 3537 3514 
110000 3547 3536 
110050 3323 1986 
110100 3423 1121 
110150 3514 706 
110200 3512 398 
110250 3524 202 
110300 3528 81 
110350 3559 29 
110400 3546 6 
110450 3542 7 
110500 3552 9 
110550 3550 469 
110600 3554 1439 
110650 3542 2097 
110700 3554 2656 
110750 3543 3013 
110800 3548 3243 
110850 3536 3400 
110900 3547 3504 
110950 3565 3534 
111000 3539 3506 
111050 3393 1669 
111100 3473 576 
111150 3525 211 
111200 3525 64 
111250 3545 9 
111300 3525 6 
111350 3547 1 
111400 3554 0 
111450 3546 1 
111500 3537 5 
111550 3540 776 
111600 3529 1633 
111650 3522 2255 
111700 3522 2720 
111750 3537 3112 
111800 3530 3349 
111850 3534 3477 
111900 3557 3534 
111950 3530 3508 
112000 3538 3504 
112050 3354 1753 
112100 3456 678 
112150 3511 374 
112200 3522 160 
112250 3534 42 
112300 3542 10 
112350 3554 5 
112400 3542 6 
112450 3532 6 
112500 3544 1 
112550 3549 583 
112600 3552 1405 
112650 3559 2003 
112700 3545 2560 
112750 3544 2970 
112800 3529 3246 
112850 3546 3376 
112900 3526 3446 
112950 3565 3526 
113000 3557 3535 
113050 3400 1713 
113100 3506 577 
113150 3541 139 
113200 3541 29 
113250 3535 6 
113300 3552 1 
113350 3546 3 
113400 3526 2 
113450 3531 16 
113500 3532 4 
113550 3549 656 
113600 3549 1397 
113650 3548 2004 
113700 3550 2529 
113750 3552 2914 
113800 3555 3168 
113850 3542 3308 
113900 3555 3434 
113950 3549 3490 
114000 3541 3505 
114050 3296 1935 
114100 3403 939 
114150 3499 451 
114200 3532 157 
114250 3547 37 
114300 3554 5 
114350 3546 8 
114400 3530 5 
114450 3542 7 
114500 3540 7 
114550 3543 752 
114600 3541 1516 
114650 3548 2121 
114700 3523 2659 
114750 3533 3051 
114800 3542 3290 
114850 3535 3435 
114900 3533 3509 
114950 3533 3524 
115000 3548 3528 
115050 3331 1737 
115100 3439 675 
115150 3513 240 
115200 3504 89 
115250 3533 11 
115300 3544 2 
115350 3536 0 
115400 3546 1 
115450 3529 4 
115500 3534 1 
115550 3532 721 
115600 3513 1641 
115650 3522 2420 
115700 3541 2997 
115750 3547 3284 
115800 3537 3439 
115850 3548 3513 
115900 3527 3523 
115950 3549 3539 
116000 3552 3526 
116050 3390 1768 
116100 3479 645 
116150 3511 183 
116200 3534 46 
116250 3535 15 
116300 3541 5 
116350 3557 5 
116400 3533 0 
116450 3546 5 
116500 3548 4 
116550 3532 152 
116600 3531 1000 
116650 3539 1677 
116700 3543 2275 
116750 3556 2764 
116800 3537 3061 
116850 3527 3268 
116900 3535 3414 
116950 3522 3463 
117000 3543 3508 
117050 3354 1811 
117100 3493 712 
117150 3539 299 
117200 3531 103 
117250 3531 29 
117300 3525 6 
117350 3546 2 
117400 3548 3 
117450 3543 2 
117500 3545 0 
117550 3556 0 
117600 3562 650 
117650 3529 1378 
117700 3539 1979 
117750 3540 2494 
117800 3535 2905 
117850 3551 3160 
117900 3553 3340 
117950 3540 3461 
118000 3552 3520 
118050 3309 1861 
118100 3389 984 
118150 3508 584 
118200 3546 214 
118250 3549 50 
118300 3547 1 
118350 3539 0 
118400 3543 1 
118450 3549 1 
118500 3551 0 
118550 3549 192 
118600 3545 1139 
118650 3543 1857 
118700 3544 2397 
118750 3559 2811 
118800 3560 3187 
118850 3534 3398 
118900 3539 3482 
118950 3535 3519 
119000 3545 3521 
119050 3409 1705 
119100 3472 650 
119150 3515 218 
119200 3540 53 
119250 3555 9 
119300 3542 0 
119350 3546 1 
119400 3534 0 
119450 3533 0 
119500 3542 0 
119550 3523 12 
119600 3445 565 
119650 3536 1323 
119700 3533 1905 
119750 3547 2430 
119800 3536 2870 
119850 3537 3129 
119900 3551 3298 
119950 3535 3411 
120000 3546 3489 
120050 3345 1828 
120100 3431 811 
120150 3501 382 
120200 3537 155 
120250 3545 45 
120300 3538 3 
120350 3549 1 
120400 3555 3 
120450 3555 0 
120500 3539 0 
120550 3544 272 
120600 3544 1158 
120650 3545 1781 
120700 3538 2310 
120750 3554 2828 
120800 3544 3179 
120850 3513 3367 
120900 3532 3478 
120950 3553 3525 
121000 3549 3531 
121050 3364 1761 
121100 3469 663 
121150 3496 236 
121200 3536 80 
121250 3556 16 
121300 3551 2 
121350 3545 3 
121400 3534 0 
121450 3543 0 
121500 3536 1 
121550 3413 108 
121600 3009 529 
121650 2387 1157 
121700 1792 1752 
121750 1475 2231 
121800 1908 2505 
121850 2194 2850 
121900 2477 3142 
121950 2755 3345 
122000 2947 3437 
122050 2994 2142 
122100 3288 1246 
122150 3450 701 
122200 3484 351 
122250 3518 176 
122300 3517 68 
122350 3533 11 
122400 3548 0 
122450 3558 3 
122500 3547 0 
122550 3552 466 
122600 3529 1251 
122650 3536 1919 
122700 3553 2480 
122750 3549 2910 
122800 3559 3217 
122850 3548 3369 
122900 3549 3474 
122950 3535 3502 
123000 3541 3517 
123050 3319 1881 
123100 3405 939 
123150 3480 488 
123200 3515 205 
123250 3534 73 
123300 3550 11 
123350 3542 3 
123400 3549 4 
123450 3552 1 
123500 3555 1 
123550 3554 786 
123600 3565 1543 
123650 3541 2176 
123700 3544 2690 
123750 3557 3025 
123800 3538 3221 
123850 3540 3391 
123900 3554 3502 
123950 3552 3536 
124000 3555 3530 
124050 3282 2111 
124100 3465 1368 
124150 3505 804 
124200 3522 376 
124250 3519 147 
124300 3542 55 
124350 3545 12 
124400 3548 0 
124450 3540 0 
124500 3531 2 
124550 3507 17 
124600 3532 445 
124650 3539 1416 
124700 3539 2103 
124750 3529 2657 
124800 3536 3072 
124850 3542 3313 
124900 3515 3443 
124950 3539 3514 
125000 3540 3530 
125050 3279 1981 
125100 3393 1085 
125150 3499 706 
125200 3480 284 
125250 3517 108 
125300 3535 33 
125350 3521 9 
125400 3546 2 
125450 3556 9 
125500 3546 1 
125550 3444 126 
125600 3524 1246 
125650 3547 1978 
125700 3543 2575 
125750 3564 3022 
125800 3557 3268 
125850 3541 3402 
125900 3535 3475 
125950 3548 3520 
126000 3557 3544 
126050 3338 1954 
126100 3424 902 
126150 3529 473 
126200 3540 236 
126250 3534 104 
126300 3536 30 
126350 3546 6 
126400 3552 2 
126450 3526 2 
126500 3534 1 
126550 3532 550 
126600 3534 1269 
126650 3536 1917 
126700 3548 2394 
126750 3539 2828 
126800 3549 3126 
126850 3543 3292 
126900 3536 3409 
126950 3539 3492 
127000 3540 3523 
127050 3324 1881 
127100 3454 776 
127150 3521 354 
127200 3505 150 
127250 3525 58 
127300 3561 12 
127350 3532 4 
127400 3553 3 
127450 3535 3 
127500 3528 3 
127550 3547 1015 
127600 3531 1861 
127650 3536 2423 
127700 3544 2826 
127750 3536 3130 
127800 3530 3331 
127850 3556 3487 
127900 3550 3528 
127950 3526 3516 
128000 3545 3527 
128050 3336 1917 
128100 3511 693 
128150 3535 227 
128200 3540 41 
128250 3549 6 
128300 3547 2 
128350 3542 2 
128400 3557 1 
128450 3526 2 
128500 3552 1 
128550 3542 305 
128600 3543 1195 
128650 3543 1881 
128700 3532 2489 
128750 3550 2954 
128800 3547 3247 
128850 3558 3413 
128900 3548 3488 
128950 3516 3494 
129000 3522 3507 
129050 3334 1788 
129100 3456 708 
129150 3504 256 
129200 3534 72 
129250 3518 14 
129300 3543 2 
129350 3552 4 
129400 3536 2 
129450 3533 2 
129500 3538 2 
129550 3537 68 
129600 3547 965 
129650 3517 1570 
129700 3530 2225 
129750 3526 2743 
129800 3519 3091 
129850 3551 3345 
129900 3542 3463 
129950 3525 3496 
130000 3538 3529 
130050 3308 1965 
130100 3384 973 
130150 3480 462 
130200 3511 161 
130250 3536 47 
130300 3518 18 
130350 3537 6 
130400 3536 5 
130450 3545 4 
130500 3528 4 
130550 3542 835 
130600 3524 1517 
130650 3536 2193 
130700 3533 2723 
130750 3549 3044 
130800 3536 3280 
130850 3554 3444 
130900 3547 3508 
130950 3542 3524 
131000 3539 3520 
131050 3368 1763 
131100 3492 650 
131150 3542 223 
131200 3552 58 
131250 3548 7 
131300 3551 2 
131350 3549 4 
131400 3532 2 
131450 3530 1 
131500 3538 0 
131550 3563 252 
131600 3551 1117 
131650 3563 1706 
131700 3543 2243 
131750 3536 2691 
131800 3548 3017 
131850 3534 3201 
131900 3547 3342 
131950 3534 3446 
132000 3548 3529 
132050 3323 1952 
132100 3415 979 
132150 3529 535 
132200 3519 256 
132250 3537 110 
132300 3556 33 
132350 3547 7 
132400 3531 1 
132450 3549 0 
132500 3549 0 
132550 3551 319 
132600 3544 1168 
132650 3545 1818 
132700 3536 2360 
132750 3550 2825 
132800 3536 3107 
132850 3532 3312 
132900 3544 3437 
132950 3553 3518 
133000 3547 3526 
133050 3299 1809 
133100 3403 772 
133150 3493 375 
133200 3524 173 
133250 3549 60 
133300 3552 15 
133350 3554 4 
133400 3546 0 
133450 3550 0 
133500 3533 1 
133550 3549 714 
133600 3549 1501 
133650 3558 2085 
133700 3542 2540 
133750 3552 2900 
133800 3535 3157 
133850 3531 3307 
133900 3526 3407 
133950 3532 3472 
134000 3547 3519 
134050 3376 1722 
134100 3504 535 
134150 3519 150 
134200 3531 26 
134250 3548 6 
134300 3536 4 
134350 3551 3 
134400 3557 1 
134450 3544 3 
134500 3532 8 
134550 3542 3 
134600 3509 550 
134650 3497 1490 
134700 3492 2233 
134750 3496 2797 
134800 3513 3228 
134850 3531 3466 
134900 3550 3530 
134950 3547 3527 
135000 3549 3533 
135050 3340 1716 
135100 3466 596 
135150 3514 149 
135200 3538 27 
135250 3544 6 
135300 3548 1 
135350 3526 1 
135400 3529 4 
135450 3530 1 
135500 3545 2 
135550 3543 441 
135600 3552 1249 
135650 3542 1969 
135700 3555 2520 
135750 3548 2939 
135800 3526 3143 
135850 3535 3319 
135900 3543 3413 
135950 3539 3482 
136000 3550 3519 
136050 3339 1891 
136100 3446 875 
136150 3532 447 
136200 3528 152 
136250 3537 24 
136300 3528 10 
136350 3538 1 
136400 3534 1 
136450 3556 0 
136500 3558 8 
136550 3553 0 
136600 3541 1092 
136650 3531 1764 
136700 3530 2267 
136750 3533 2637 
136800 3528 2935 
136850 3544 3294 
136900 3554 3455 
136950 3561 3532 
137000 3532 3506 
137050 3327 1895 
137100 3419 847 
137150 3496 422 
137200 3531 182 
137250 3527 67 
137300 3526 7 
137350 3528 0 
137400 3512 2 
137450 3536 1 
137500 3529 4 
137550 3538 192 
137600 3542 1092 
137650 3541 1728 
137700 3547 2343 
137750 3544 2781 
137800 3527 3017 
137850 3527 3256 
137900 3535 3395 
137950 3543 3477 
138000 3552 3521 
138050 3377 1760 
138100 3479 638 
138150 3504 165 
138200 3540 18 
138250 3544 2 
138300 3528 4 
138350 3543 3 
138400 3553 6 
138450 3530 3 
138500 3538 5 
138550 3535 2 
138600 3519 646 
138650 3507 1426 
138700 3479 2052 
138750 3487 2560 
138800 3515 3012 
138850 3521 3243 
138900 3535 3426 
138950 3531 3507 
139000 3550 3532 
139050 3385 1701 
139100 3483 675 
139150 3542 242 
139200 3548 69 
139250 3529 12 
139300 3535 4 
139350 3528 2 
139400 3546 2 
139450 3561 0 
139500 3550 0 
139550 3540 77 
139600 3500 966 
139650 3495 1621 
139700 3475 2240 
139750 3503 2720 
139800 3517 3062 
139850 3541 3276 
139900 3528 3397 
139950 3523 3470 
140000 3553 3528 
140050 3341 1757 
140100 3489 605 
140150 3529 214 
140200 3539 67 
140250 3543 11 
140300 3562 4 
140350 3538 1 
140400 3531 1 
140450 3542 0 
140500 3553 4 
140550 3541 760 
140600 3538 1498 
140650 3541 2094 
140700 3550 2601 
140750 3527 2921 
140800 3528 3163 
140850 3543 3335 
140900 3535 3431 
140950 3549 3523 
141000 3552 3536 
141050 3376 1736 
141100 3482 591 
141150 3533 181 
141200 3536 60 
141250 3538 17 
141300 3547 2 
141350 3553 2 
141400 3530 3 
141450 3558 1 
141500 3549 0 
141550 3556 979 
141600 3545 1771 
141650 3542 2330 
141700 3526 2788 
141750 3534 3123 
141800 3545 3330 
141850 3535 3468 
141900 3537 3518 
141950 3539 3508 
142000 3550 3536 
142050 3329 2009 
142100 3450 1046 
142150 3522 662 
142200 3536 291 
142250 3533 86 
142300 3528 12 
142350 3545 5 
142400 3537 5 
142450 3534 3 
142500 3522 2 
142550 3541 699 
142600 3542 1504 
142650 3528 2056 
142700 3534 2569 
142750 3555 2948 
142800 3533 3145 
142850 3523 3297 
142900 3551 3428 
142950 3530 3488 
143000 3548 3530 
143050 3358 1926 
143100 3428 863 
143150 3512 368 
143200 3516 100 
143250 3533 23 
143300 3554 9 
143350 3543 4 
143400 3531 2 
143450 3529 2 
143500 3525 4 
143550 3534 546 
143600 3546 1335 
143650 3527 1944 
143700 3530 2534 
143750 3544 2974 
143800 3540 3228 
143850 3554 3404 
143900 3529 3458 
143950 3553 3526 
144000 3549 3531 
144050 3299 2013 
144100 3440 947 
144150 3516 506 
144200 3529 183 
144250 3526 41 
144300 3539 6 
144350 3543 2 
144400 3536 3 
144450 3527 0 
144500 3543 2 
144550 3533 0 
144600 3531 681 
144650 3532 1454 
144700 3529 2058 
144750 3542 2643 
144800 3535 3041 
144850 3529 3273 
144900 3539 3403 
144950 3539 3504 
145000 3519 3507 
145050 3309 1995 
145100 3441 1104 
145150 3489 661 
145200 3505 323 
145250 3539 122 
145300 3540 19 
145350 3560 3 
145400 3532 0 
145450 3545 4 
145500 3538 3 
145550 3538 614 
145600 3529 1398 
145650 3531 2011 
145700 3546 2543 
145750 3543 2906 
145800 3548 3146 
145850 3534 3332 
145900 3541 3443 
145950 3538 3502 
146000 3532 3515 
146050 3301 1998 
146100 3414 1157 
146150 3480 718 
146200 3479 341 
146250 3513 143 
146300 3540 53 
146350 3534 13 
146400 3537 6 
146450 3539 4 
146500 3541 3 
146550 3550 271 
146600 3542 1176 
146650 3538 1787 
146700 3541 2323 
146750 3554 2774 
146800 3556 3093 
146850 3554 3309 
146900 3552 3431 
146950 3553 3482 
147000 3540 3517 
147050 3313 2110 
147100 3448 1327 
147150 3499 785 
147200 3490 362 
147250 3510 124 
147300 3517 29 
147350 3517 4 
147400 3547 9 
147450 3549 2 
147500 3531 3 
147550 3541 765 
147600 3538 1708 
147650 3545 2440 
147700 3541 2819 
147750 3545 3167 
147800 3543 3394 
147850 3546 3516 
147900 3535 3523 
147950 3550 3541 
148000 3547 3533 
148050 3346 1797 
148100 3457 634 
148150 3514 221 
148200 3546 47 
148250 3539 2 
148300 3549 5 
148350 3544 1 
148400 3528 1 
148450 3545 1 
148500 3553 1 
148550 3531 665 
148600 3529 1435 
148650 3538 2068 
148700 3540 2584 
148750 3524 2922 
148800 3542 3198 
148850 3544 3379 
148900 3543 3457 
148950 3533 3508 
149000 3542 3513 
149050 3405 1706 
149100 3480 605 
149150 3534 206 
149200 3524 49 
149250 3549 6 
149300 3555 7 
149350 3548 2 
149400 3550 1 
149450 3558 1 
149500 3555 0 
149550 3547 793 
149600 3547 1664 
149650 3555 2433 
149700 3542 2995 
149750 3548 3336 
149800 3548 3478 
149850 3529 3504 
149900 3549 3522 
149950 3534 3500 
150000 3526 3505 
150050 3350 1813 
150100 3431 849 
150150 3523 532 
150200 3537 273 
150250 3524 102 
150300 3532 19 
150350 3539 2 
150400 3545 1 
150450 3533 1 
150500 3544 1 
150550 3539 775 
150600 3540 1668 
150650 3535 2235 
150700 3544 2635 
150750 3541 2978 
150800 3545 3285 
150850 3537 3434 
150900 3546 3510 
150950 3546 3529 
151000 3541 3524 
151050 3335 1918 
151100 3409 887 
151150 3511 397 
151200 3540 135 
151250 3534 38 
151300 3559 9 
151350 3535 0 
151400 3506 1 
151450 3562 3 
151500 3531 3 
151550 3547 506 
151600 3543 1229 
151650 3525 1804 
151700 3543 2296 
151750 3550 2705 
151800 3544 2936 
151850 3542 3158 
151900 3541 3326 
151950 3520 3442 
152000 3547 3499 
152050 3325 1846 
152100 3433 786 
152150 3478 337 
152200 3542 131 
152250 3526 34 
152300 3538 10 
152350 3531 8 
152400 3529 3 
152450 3532 3 
152500 3523 3 
152550 3533 510 
152600 3533 1421 
152650 3544 2006 
152700 3541 2476 
152750 3539 2875 
152800 3549 3193 
152850 3560 3335 
152900 3550 3444 
152950 3560 3498 
153000 3534 3512 
153050 3370 1683 
153100 3499 555 
153150 3510 146 
153200 3539 42 
153250 3547 9 
153300 3529 7 
153350 3556 3 
153400 3532 1 
153450 3535 1 
153500 3530 3 
153550 3546 1 
153600 3542 1040 
153650 3538 1729 
153700 3531 2249 
153750 3547 2737 
153800 3537 3051 
153850 3548 3308 
153900 3558 3461 
153950 3553 3519 
154000 3528 3514 
154050 3326 1888 
154100 3447 783 
154150 3490 289 
154200 3537 68 
154250 3543 10 
154300 3547 4 
154350 3552 1 
154400 3547 1 
154450 3539 0 
154500 3553 2 
154550 3539 482 
154600 3538 1473 
154650 3523 2165 
154700 3555 2638 
154750 3548 3040 
154800 3550 3306 
154850 3528 3428 
154900 3541 3483 
154950 3561 3526 
155000 3547 3528 
155050 3359 1843 
155100 3476 745 
155150 3529 327 
155200 3544 86 
155250 3552 16 
155300 3538 1 
155350 3550 3 
155400 3534 4 
155450 3541 0 
155500 3543 4 
155550 3545 712 
155600 3544 1472 
155650 3538 2079 
155700 3547 2615 
155750 3529 3021 
155800 3534 3278 
155850 3522 3358 
155900 3540 3490 
155950 3545 3513 
156000 3535 3514 
156050 3294 1850 
156100 3404 840 
156150 3489 478 
156200 3527 248 
156250 3519 98 
156300 3550 17 
156350 3544 3 
156400 3541 0 
156450 3526 3 
156500 3551 1 
156550 3547 614 
156600 3544 1376 
156650 3557 1960 
156700 3549 2433 
156750 3549 2867 
156800 3537 3125 
156850 3542 3290 
156900 3550 3405 
156950 3556 3483 
157000 3529 3485 
157050 3279 1858 
157100 3435 722 
157150 3513 286 
157200 3548 83 
157250 3552 13 
157300 3546 4 
157350 3534 3 
157400 3566 2 
157450 3533 8 
157500 3547 4 
157550 3534 547 
157600 3543 1351 
157650 3554 1990 
157700 3537 2528 
157750 3540 2945 
157800 3540 3196 
157850 3552 3362 
157900 3542 3475 
157950 3539 3512 
158000 3549 3536 
158050 3327 1786 
158100 3467 756 
158150 3527 311 
158200 3528 86 
158250 3546 11 
158300 3537 2 
158350 3535 5 
158400 3554 3 
158450 3555 2 
158500 3565 0 
158550 3543 892 
158600 3544 1695 
158650 3539 2307 
158700 3550 2720 
158750 3533 3055 
158800 3528 3315 
158850 3533 3454 
158900 3546 3528 
158950 3554 3554 
159000 3543 3540 
159050 3358 1951 
159100 3474 795 
159150 3515 341 
159200 3545 72 
159250 3548 9 
159300 3545 5 
159350 3555 2 
159400 3561 1 
159450 3558 1 
159500 3545 5 
159550 3541 297 
159600 3539 1211 
159650 3538 1811 
159700 3547 2370 
159750 3534 2788 
159800 3557 3148 
159850 3551 3317 
159900 3536 3432 
159950 3547 3519 
160000 3548 3530 
160050 3350 1907 
160100 3445 848 
160150 3510 365 
160200 3541 105 
160250 3537 34 
160300 3540 5 
160350 3544 2 
160400 3559 21 
160450 3553 10 
160500 3538 14 
160550 3555 757 
160600 3553 1510 
160650 3530 2078 
160700 3552 2620 
160750 3537 3029 
160800 3521 3275 
160850 3561 3441 
160900 3549 3494 
160950 3540 3504 
161000 3559 3542 
161050 3389 1760 
161100 3483 644 
161150 3544 230 
161200 3534 79 
161250 3543 20 
161300 3546 6 
161350 3544 1 
161400 3546 2 
161450 3534 3 
161500 3540 0 
161550 3557 679 
161600 3561 1426 
161650 3561 2040 
161700 3560 2571 
161750 3575 3000 
161800 3566 3235 
161850 3565 3384 
161900 3573 3498 
161950 3580 3564 
162000 3572 3565 
162050 3380 1847 
162100 3506 692 
162150 3568 286 
162200 3564 98 
162250 3566 22 
162300 3576 7 
162350 3565 3 
162400 3575 3 
162450 3579 1 
162500 3563 3 
162550 3573 815 
162600 3571 1457 
162650 3567 2078 
162700 3575 2641 
162750 3556 3020 
162800 3564 3284 
162850 3555 3447 
162900 3570 3531 
162950 3560 3536 
163000 3567 3542 
163050 3363 2028 
163100 3467 1041 
163150 3555 644 
163200 3572 301 
163250 3583 126 
163300 3575 32 
163350 3570 2 
163400 3563 0 
163450 3571 0 
163500 3567 2 
163550 3555 2 
163600 3569 946 
163650 3562 1583 
163700 3547 2139 
163750 3562 2591 
163800 3578 2929 
163850 3584 3199 
163900 3569 3357 
163950 3571 3485 
164000 3580 3523 
164050 3460 1590 
164100 3552 566 
164150 3573 143 
164200 3571 37 
164250 3575 6 
164300 3565 2 
164350 3550 3 
164400 3565 6 
164450 3579 2 
164500 3570 7 
164550 3563 527 
164600 3566 1257 
164650 3563 1978 
164700 3567 2567 
164750 3569 3038 
164800 3569 3362 
164850 3566 3499 
164900 3576 3545 
164950 3558 3538 
165000 3554 3514 
165050 3436 1594 
165100 3532 395 
165150 3557 90 
165200 3581 21 
165250 3578 3 
165300 3569 4 
165350 3567 4 
165400 3570 2 
165450 3564 0 
165500 3560 2 
165550 3574 627 
165600 3566 1353 
165650 3576 1977 
165700 3576 2543 
165750 3575 2967 
165800 3560 3173 
165850 3576 3348 
165900 3585 3488 
165950 3580 3521 
166000 3566 3532 
166050 3382 1794 
166100 3485 868 
166150 3562 395 
166200 3558 131 
166250 3567 22 
166300 3556 6 
166350 3559 3 
166400 3561 0 
166450 3553 2 
166500 3568 0 
166550 3571 769 
166600 3549 1515 
166650 3546 2193 
166700 3561 2747 
166750 3569 3128 
166800 3562 3328 
166850 3571 3485 
166900 3557 3505 
166950 3573 3546 
167000 3574 3535 
167050 3428 1622 
167100 3514 470 
167150 3551 108 
167200 3572 29 
167250 3554 9 
167300 3566 2 
167350 3559 0 
167400 3567 2 
167450 3557 4 
167500 3564 3 
167550 3558 1 
167600 3557 590 
167650 3550 1395 
167700 3548 2023 
167750 3567 2544 
167800 3578 2928 
167850 3573 3212 
167900 3562 3370 
167950 3563 3474 
168000 3576 3545 
168050 3389 1768 
168100 3539 682 
168150 3568 176 
168200 3570 45 
168250 3571 1 
168300 3576 1 
168350 3568 3 
168400 3553 0 
168450 3566 2 
168500 3569 3 
168550 3569 474 
168600 3573 1206 
168650 3559 1825 
168700 3573 2409 
168750 3578 2830 
168800 3568 3060 
168850 3570 3281 
168900 3575 3410 
168950 3567 3495 
169000 3577 3533 
169050 3437 1643 
169100 3547 503 
169150 3568 122 
169200 3566 16 
169250 3565 0 
169300 3573 2 
169350 3573 0 
169400 3568 1 
169450 3573 0 
169500 3563 0 
169550 3562 690 
169600 3562 1657 
169650 3563 2422 
169700 3567 2976 
169750 3556 3298 
169800 3569 3472 
169850 3575 3543 
169900 3571 3527 
169950 3570 3541 
170000 3566 3546 
170050 3362 1878 
170100 3519 800 
170150 3577 324 
170200 3567 107 
170250 3575 23 
170300 3568 7 
170350 3566 6 
170400 3573 2 
170450 3561 1 
170500 3571 0 
170550 3560 390 
170600 3568 1234 
170650 3573 1852 
170700 3573 2391 
170750 3570 2859 
170800 3574 3194 
170850 3581 3410 
170900 3569 3527 
170950 3571 3541 
171000 3570 3551 
171050 3403 1759 
171100 3545 580 
171150 3558 106 
171200 3571 11 
171250 3570 2 
171300 3562 4 
171350 3555 3 
171400 3575 3 
171450 3568 3 
171500 3554 4 
171550 3570 476 
171600 3577 1263 
171650 3579 1945 
171700 3582 2505 
171750 3580 2956 
171800 3571 3224 
171850 3573 3374 
171900 3559 3478 
171950 3572 3537 
172000 3576 3555 
172050 3294 2156 
172100 3486 1270 
172150 3559 751 
172200 3566 421 
172250 3556 165 
172300 3570 53 
172350 3572 11 
172400 3576 4 
172450 3571 2 
172500 3578 1 
172550 3571 289 
172600 3571 1012 
172650 3579 1588 
172700 3580 2087 
172750 3574 2513 
172800 3577 2943 
172850 3583 3188 
172900 3590 3366 
172950 3572 3441 
173000 3572 3515 
173050 3404 2025 
173100 3501 920 
173150 3544 412 
173200 3574 176 
173250 3571 69 
173300 3577 15 
173350 3577 5 
173400 3578 1 
173450 3573 1 
173500 3578 0 
173550 3574 0 
173600 3571 624 
173650 3574 1276 
173700 3580 1793 
173750 3584 2229 
173800 3587 2614 
173850 3583 2950 
173900 3580 3202 
173950 3583 3369 
174000 3587 3489 
174050 3358 2107 
174100 3477 1128 
174150 3513 605 
174200 3554 382 
174250 3574 247 
174300 3575 117 
174350 3579 28 
174400 3564 11 
174450 3568 1 
174500 3564 0 
174550 3563 0 
174600 3559 457 
174650 3571 1228 
174700 3568 1803 
174750 3575 2238 
174800 3581 2577 
174850 3581 2817 
174900 3572 3045 
174950 3571 3241 
175000 3566 3373 
175050 3342 2183 
175100 3472 1193 
175150 3532 629 
175200 3560 368 
175250 3562 192 
175300 3564 73 
175350 3579 12 
175400 3566 3 
175450 3559 2 
175500 3563 3 
175550 3571 0 
175600 3563 0 
175650 3566 734 
175700 3567 1484 
175750 3557 2025 
175800 3567 2554 
175850 3556 2935 
175900 3569 3174 
175950 3576 3340 
176000 3570 3449 
176050 3389 1839 
176100 3506 767 
176150 3554 244 
176200 3572 43 
176250 3563 9 
176300 3568 1 
176350 3561 1 
176400 3575 2 
176450 3558 0 
176500 3562 3 
176550 3570 781 
176600 3564 1605 
176650 3563 2257 
176700 3567 2796 
176750 3568 3190 
176800 3567 3407 
176850 3576 3511 
176900 3559 3524 
176950 3554 3542 
177000 3574 3561 
177050 3353 1987 
177100 3451 949 
177150 3531 541 
177200 3527 269 
177250 3556 106 
177300 3556 17 
177350 3577 5 
177400 3566 4 
177450 3567 0 
177500 3569 4 
177550 3561 753 
177600 3556 1507 
177650 3562 2083 
177700 3558 2604 
177750 3562 3010 
177800 3563 3288 
177850 3571 3435 
177900 3567 3532 
177950 3564 3539 
178000 3563 3547 
178050 3345 1872 
178100 3459 968 
178150 3539 516 
178200 3561 169 
178250 3561 43 
178300 3566 6 
178350 3568 8 
178400 3581 0 
178450 3556 2 
178500 3569 5 
178550 3562 104 
178600 3567 1042 
178650 3567 1778 
178700 3572 2303 
178750 3567 2721 
178800 3569 3071 
178850 3554 3308 
178900 3572 3445 
178950 3568 3528 
179000 3560 3529 
179050 3373 1735 
179100 3490 662 
179150 3552 227 
179200 3564 46 
179250 3574 3 
179300 3559 0 
179350 3560 1 
179400 3568 2 
179450 3574 0 
179500 3571 1 
179550 3568 0 
179600 3561 872 
179650 3554 1513 
179700 3556 2063 
179750 3576 2627 
179800 3556 2980 
179850 3576 3308 
179900 3582 3459 
179950 3564 3522 
180000 3573 3547 
180050 3344 2073 
180100 3490 1080 
180150 3558 630 
180200 3572 300 
180250 3574 137 
180300 3567 47 
180350 3550 4 
180400 3559 7 
180450 3552 2 
180500 3564 0 
180550 3573 765 
180600 3572 1535 
180650 3565 2173 
180700 3563 2687 
180750 3556 3085 
180800 3574 3329 
180850 3562 3457 
180900 3553 3509 
180950 3567 3545 
181000 3556 3534 
181050 3376 1912 
181100 3478 918 
181150 3547 439 
181200 3551 166 
181250 3555 49 
181300 3570 13 
181350 3551 1 
181400 3562 2 
181450 3567 5 
181500 3571 2 
181550 3555 370 
181600 3570 1246 
181650 3568 1878 
181700 3581 2436 
181750 3575 2901 
181800 3565 3197 
181850 3557 3354 
181900 3557 3472 
181950 3576 3550 
182000 3569 3557 
182050 3344 2001 
182100 3486 962 
182150 3543 460 
182200 3536 151 
182250 3553 45 
182300 3564 20 
182350 3558 6 
182400 3574 11 
182450 3563 4 
182500 3565 2 
182550 3557 5 
182600 3544 1018 
182650 3544 1701 
182700 3549 2141 
182750 3563 2551 
182800 3560 2926 
182850 3563 3193 
182900 3561 3338 
182950 3565 3447 
183000 3555 3510 
183050 3360 1941 
183100 3458 984 
183150 3556 632 
183200 3556 273 
183250 3554 119 
183300 3547 45 
183350 3560 10 
183400 3566 3 
183450 3565 4 
183500 3576 2 
183550 3569 63 
183600 3561 901 
183650 3563 1634 
183700 3561 2196 
183750 3565 2695 
183800 3555 3010 
183850 3549 3217 
183900 3564 3364 
183950 3557 3442 
184000 3551 3521 
184050 3347 2004 
184100 3479 1012 
184150 3543 519 
184200 3551 149 
184250 3559 27 
184300 3566 2 
184350 3574 1 
184400 3571 0 
184450 3572 0 
184500 3577 0 
184550 3568 678 
184600 3575 1419 
184650 3565 2049 
184700 3575 2640 
184750 3563 2960 
184800 3581 3254 
184850 3573 3407 
184900 3565 3498 
184950 3564 3542 
185000 3572 3554 
185050 3349 1968 
185100 3477 907 
185150 3540 451 
185200 3569 212 
185250 3558 70 
185300 3566 17 
185350 3569 4 
185400 3573 3 
185450 3572 1 
185500 3571 2 
185550 3572 655 
185600 3576 1422 
185650 3561 2024 
185700 3566 2555 
185750 3557 2920 
185800 3578 3160 
185850 3561 3311 
185900 3569 3451 
185950 3569 3526 
186000 3564 3539 
186050 3347 1817 
186100 3494 684 
186150 3561 249 
186200 3566 54 
186250 3565 8 
186300 3572 5 
186350 3561 2 
186400 3544 5 
186450 3563 0 
186500 3565 5 
186550 3580 652 
186600 3563 1489 
186650 3563 2177 
186700 3564 2701 
186750 3561 3189 
186800 3559 3461 
186850 3564 3543 
186900 3553 3540 
186950 3560 3544 
187000 3556 3549 
187050 3267 2209 
187100 3475 1427 
187150 3494 887 
187200 3530 484 
187250 3543 181 
187300 3572 33 
187350 3558 3 
187400 3566 0 
187450 3563 2 
187500 3572 1 
187550 3559 0 
187600 3565 0 
187650 3568 685 
187700 3563 1472 
187750 3565 2064 
187800 3555 2551 
187850 3565 2979 
187900 3560 3252 
187950 3560 3422 
188000 3570 3525 
188050 3341 2008 
188100 3476 965 
188150 3549 381 
188200 3548 83 
188250 3562 9 
188300 3573 4 
188350 3566 3 
188400 3555 4 
188450 3552 1 
188500 3566 3 
188550 3568 0 
188600 3487 360 
188650 3530 1169 
188700 3549 1799 
188750 3557 2320 
188800 3543 2812 
188850 3567 3185 
188900 3556 3405 
188950 3554 3492 
189000 3559 3531 
189050 3340 1976 
189100 3479 924 
189150 3549 396 
189200 3567 102 
189250 3564 26 
189300 3546 5 
189350 3559 1 
189400 3567 0 
189450 3575 0 
189500 3555 0 
189550 3560 627 
189600 3547 1395 
189650 3548 2003 
189700 3562 2541 
189750 3564 3003 
189800 3557 3256 
189850 3550 3401 
189900 3545 3501 
189950 3546 3517 
190000 3532 3522 
190050 3352 2025 
190100 3474 948 
190150 3545 468 
190200 3544 122 
190250 3551 25 
190300 3550 5 
190350 3557 2 
190400 3556 0 
190450 3544 0 
190500 3559 2 
190550 3557 1 
190600 3537 1063 
190650 3540 1841 
190700 3548 2410 
190750 3558 2796 
190800 3558 3146 
190850 3552 3355 
190900 3553 3480 
190950 3540 3507 
191000 3539 3512 
191050 3312 1954 
191100 3444 915 
191150 3534 404 
191200 3547 136 
191250 3560 32 
191300 3544 6 
191350 3556 0 
191400 3562 1 
191450 3542 2 
191500 3552 0 
191550 3496 154 
191600 3549 1074 
191650 3550 1766 
191700 3548 2320 
191750 3528 2776 
191800 3540 3088 
191850 3555 3369 
191900 3558 3498 
191950 3561 3540 
192000 3550 3533 
192050 3381 1779 
192100 3489 679 
192150 3541 212 
192200 3550 68 
192250 3542 15 
192300 3545 3 
192350 3543 4 
192400 3528 4 
192450 3558 2 
192500 3556 8 
192550 3549 664 
192600 3550 1450 
192650 3554 2101 
192700 3552 2635 
192750 3545 3032 
192800 3540 3307 
192850 3557 3435 
192900 3552 3491 
192950 3538 3518 
193000 3541 3519 
193050 3328 1882 
193100 3435 976 
193150 3517 604 
193200 3528 334 
193250 3527 159 
193300 3549 72 
193350 3544 14 
193400 3550 0 
193450 3563 1 
193500 3550 0 
193550 3557 598 
193600 3557 1388 
193650 3545 2006 
193700 3550 2572 
193750 3549 2937 
193800 3537 3208 
193850 3547 3368 
193900 3562 3479 
193950 3551 3519 
194000 3555 3531 
194050 3400 1746 
194100 3487 672 
194150 3535 250 
194200 3545 70 
194250 3554 7 
194300 3561 5 
194350 3556 2 
194400 3566 3 
194450 3553 7 
194500 3555 5 
194550 3551 1058 
194600 3542 1904 
194650 3548 2498 
194700 3549 2940 
194750 3555 3181 
194800 3562 3360 
194850 3532 3431 
194900 3558 3529 
194950 3554 3534 
195000 3545 3534 
195050 3359 1738 
195100 3497 653 
195150 3528 250 
195200 3548 103 
195250 3557 32 
195300 3557 4 
195350 3567 1 
195400 3556 0 
195450 3537 0 
195500 3561 1 
195550 3559 587 
195600 3548 1320 
195650 3558 1897 
195700 3555 2421 
195750 3553 2869 
195800 3551 3181 
195850 3543 3352 
195900 3538 3455 
195950 3531 3501 
196000 3549 3523 
196050 3391 1692 
196100 3492 556 
196150 3523 186 
196200 3530 69 
196250 3555 20 
196300 3545 4 
196350 3558 2 
196400 3543 1 
196450 3544 0 
196500 3565 2 
196550 3548 650 
196600 3554 1400 
196650 3538 1968 
196700 3545 2540 
196750 3554 2937 
196800 3534 3160 
196850 3543 3313 
196900 3534 3422 
196950 3547 3508 
197000 3548 3529 
197050 3360 1715 
197100 3483 595 
197150 3532 217 
197200 3561 52 
197250 3546 12 
197300 3540 2 
197350 3544 3 
197400 3542 1 
197450 3557 3 
197500 3555 6 
197550 3550 278 
197600 3558 1120 
197650 3559 1758 
197700 3555 2370 
197750 3550 2831 
197800 3562 3131 
197850 3538 3333 
197900 3546 3456 
197950 3542 3488 
198000 3564 3532 
198050 3353 1743 
198100 3488 615 
198150 3546 205 
198200 3556 52 
198250 3555 6 
198300 3538 4 
198350 3540 1 
198400 3533 1 
198450 3540 1 
198500 3543 2 
198550 3551 253 
198600 3545 1191 
198650 3539 1848 
198700 3551 2427 
198750 3539 2827 
198800 3540 3108 
198850 3545 3318 
198900 3532 3429 
198950 3541 3490 
199000 3545 3529 
199050 3398 1747 
199100 3497 570 
199150 3518 187 
199200 3557 65 
199250 3546 10 
199300 3550 2 
199350 3534 0 
199400 3553 3 
199450 3542 2 
199500 3541 5 
199550 3552 363 
199600 3532 1197 
199650 3537 1868 
199700 3534 2412 
199750 3554 2839 
199800 3553 3128 
199850 3540 3273 
199900 3551 3412 
199950 3542 3489 
200000 3545 3519 
