# Avida tasks data
# Sat Apr  7 12:33:48 2012
# First column gives the current update, next columns give the number
# of organisms that have the particular task as a component of their merit
#  1: Update
#  2: Xor
#  3: Equals

0 0 0 
50 8 8 
100 40 40 
150 121 121 
200 271 271 
250 464 464 
300 675 675 
350 967 968 
400 1349 1348 
450 1753 1752 
500 2206 2204 
550 2787 2792 
600 3271 3269 
650 3426 3427 
700 3539 3532 
750 3551 3546 
800 3539 3544 
850 3530 3531 
900 3547 3546 
950 3543 3543 
1000 3544 3546 
1050 3167 2846 
1100 3297 2400 
1150 3255 1807 
1200 3254 1356 
1250 3325 1125 
1300 3373 854 
1350 3414 597 
1400 3432 371 
1450 3431 219 
1500 3480 106 
1550 3521 46 
1600 3541 14 
1650 3536 4 
1700 3553 1 
1750 3551 0 
1800 3552 0 
1850 3538 0 
1900 3552 0 
1950 3548 0 
2000 3535 0 
2050 3558 0 
2100 3554 0 
2150 3551 1 
2200 3544 0 
2250 3553 0 
2300 3551 0 
2350 3528 0 
2400 3552 0 
2450 3546 0 
2500 3549 0 
2550 3542 11 
2600 3532 107 
2650 3560 767 
2700 3552 1232 
2750 3550 1595 
2800 3552 1973 
2850 3550 2288 
2900 3541 2579 
2950 3554 2801 
3000 3546 2948 
3050 3305 2385 
3100 3337 1844 
3150 3409 1378 
3200 3447 933 
3250 3500 568 
3300 3540 333 
3350 3554 158 
3400 3556 57 
3450 3560 13 
3500 3556 4 
3550 3550 0 
3600 3562 0 
3650 3552 0 
3700 3545 0 
3750 3567 0 
3800 3548 0 
3850 3529 0 
3900 3548 378 
3950 3540 894 
4000 3554 1304 
4050 3464 1069 
4100 3446 808 
4150 3477 636 
4200 3485 468 
4250 3519 331 
4300 3520 234 
4350 3531 138 
4400 3546 97 
4450 3551 42 
4500 3549 11 
4550 3556 303 
4600 3552 867 
4650 3544 1301 
4700 3537 1665 
4750 3548 2026 
4800 3552 2314 
4850 3541 2620 
4900 3552 2841 
4950 3548 3027 
5000 3544 3170 
5050 3311 2521 
5100 3355 1870 
5150 3378 1358 
5200 3451 1061 
5250 3522 849 
5300 3529 585 
5350 3528 349 
5400 3537 184 
5450 3545 76 
5500 3552 28 
5550 3553 3 
5600 3516 21 
5650 3352 192 
5700 3024 501 
5750 2746 794 
5800 2450 1102 
5850 2146 1362 
5900 1896 1626 
5950 1639 1884 
6000 1428 2090 
6050 1689 1678 
6100 2108 1285 
6150 2431 983 
6200 2698 738 
6250 2953 509 
6300 3137 356 
6350 3311 208 
6400 3449 107 
6450 3509 47 
6500 3535 14 
6550 3549 4 
6600 3548 1 
6650 3552 0 
6700 3551 409 
6750 3542 971 
6800 3551 1401 
6850 3551 1827 
6900 3544 2173 
6950 3554 2516 
7000 3541 2726 
7050 3366 2060 
7100 3408 1388 
7150 3456 930 
7200 3491 620 
7250 3531 405 
7300 3544 247 
7350 3558 144 
7400 3553 82 
7450 3560 33 
7500 3553 14 
7550 3550 10 
7600 3556 387 
7650 3555 917 
7700 3559 1355 
7750 3556 1707 
7800 3553 2026 
7850 3557 2336 
7900 3551 2672 
7950 3553 2918 
8000 3556 3108 
8050 3311 2290 
8100 3420 1409 
8150 3483 769 
8200 3510 396 
8250 3535 156 
8300 3558 66 
8350 3562 29 
8400 3549 11 
8450 3549 4 
8500 3551 2 
8550 3546 20 
8600 3537 672 
8650 3542 1166 
8700 3559 1577 
8750 3553 1964 
8800 3554 2325 
8850 3559 2629 
8900 3555 2864 
8950 3575 3095 
9000 3558 3209 
9050 3379 2179 
9100 3469 1140 
9150 3512 563 
9200 3541 213 
9250 3543 46 
9300 3549 13 
9350 3548 10 
9400 3554 4 
9450 3552 6 
9500 3556 4 
9550 3559 351 
9600 3554 877 
9650 3566 1347 
9700 3553 1752 
9750 3539 2106 
9800 3556 2454 
9850 3555 2753 
9900 3551 2965 
9950 3547 3154 
10000 3560 3247 
10050 3394 2206 
10100 3489 1245 
10150 3529 590 
10200 3539 238 
10250 3534 100 
10300 3545 27 
10350 3538 11 
10400 3525 9 
10450 3545 9 
10500 3542 6 
10550 3546 372 
10600 3550 1050 
10650 3546 1575 
10700 3537 2039 
10750 3540 2421 
10800 3554 2670 
10850 3546 2874 
10900 3533 3017 
10950 3532 3182 
11000 3548 3281 
11050 3331 2347 
11100 3433 1376 
11150 3494 801 
11200 3503 403 
11250 3521 167 
11300 3518 93 
11350 3533 38 
11400 3530 15 
11450 3545 17 
11500 3546 8 
11550 3543 429 
11600 3543 1119 
11650 3529 1552 
11700 3540 1923 
11750 3544 2286 
11800 3541 2594 
11850 3544 2877 
11900 3534 3053 
11950 3543 3194 
12000 3532 3296 
12050 3328 2335 
12100 3412 1322 
12150 3478 711 
12200 3507 303 
12250 3548 102 
12300 3544 40 
12350 3546 15 
12400 3526 10 
12450 3540 8 
12500 3554 9 
12550 3566 341 
12600 3569 917 
12650 3570 1377 
12700 3562 1752 
12750 3554 2141 
12800 3555 2481 
12850 3542 2766 
12900 3552 3034 
12950 3556 3196 
13000 3555 3331 
13050 3349 2208 
13100 3460 1267 
13150 3507 684 
13200 3535 349 
13250 3539 135 
13300 3568 46 
13350 3548 20 
13400 3553 12 
13450 3546 10 
13500 3551 11 
13550 3548 0 
13600 3563 746 
13650 3564 1472 
13700 3573 1989 
13750 3559 2400 
13800 3560 2726 
13850 3545 3010 
13900 3540 3187 
13950 3544 3308 
14000 3551 3405 
14050 3363 2163 
14100 3470 1059 
14150 3515 503 
14200 3536 205 
14250 3551 71 
14300 3554 27 
14350 3550 11 
14400 3545 8 
14450 3556 10 
14500 3554 8 
14550 3557 471 
14600 3561 1073 
14650 3563 1639 
14700 3557 2114 
14750 3555 2521 
14800 3559 2856 
14850 3557 3076 
14900 3563 3258 
14950 3558 3400 
15000 3550 3477 
15050 3324 2395 
15100 3422 1423 
15150 3468 854 
15200 3494 516 
15250 3530 277 
15300 3526 154 
15350 3562 59 
15400 3549 22 
15450 3545 6 
15500 3545 5 
15550 3552 437 
15600 3555 996 
15650 3545 1437 
15700 3556 1870 
15750 3566 2238 
15800 3556 2540 
15850 3548 2769 
15900 3572 3049 
15950 3551 3195 
16000 3551 3342 
16050 3315 2279 
16100 3458 1200 
16150 3497 594 
16200 3510 270 
16250 3527 109 
16300 3532 46 
16350 3549 19 
16400 3552 11 
16450 3546 10 
16500 3559 11 
16550 3529 32 
16600 3503 496 
16650 3510 1024 
16700 3501 1471 
16750 3497 1836 
16800 3515 2160 
16850 3505 2487 
16900 3521 2752 
16950 3527 2967 
17000 3539 3178 
17050 3339 2370 
17100 3421 1461 
17150 3477 958 
17200 3488 635 
17250 3510 420 
17300 3541 283 
17350 3528 138 
17400 3534 66 
17450 3521 22 
17500 3544 15 
17550 3537 213 
17600 3542 829 
17650 3546 1309 
17700 3550 1727 
17750 3546 2133 
17800 3552 2504 
17850 3559 2774 
17900 3542 2983 
17950 3540 3141 
18000 3531 3271 
18050 3307 2292 
18100 3406 1341 
18150 3442 802 
18200 3496 453 
18250 3536 215 
18300 3550 103 
18350 3559 39 
18400 3560 14 
18450 3561 3 
18500 3558 7 
18550 3552 2 
18600 3498 57 
18650 3388 499 
18700 3337 1143 
18750 3315 1675 
18800 3308 2080 
18850 3369 2416 
18900 3395 2698 
18950 3466 2918 
19000 3483 3101 
19050 3310 2139 
19100 3420 1293 
19150 3475 678 
19200 3537 331 
19250 3533 145 
19300 3533 49 
19350 3553 22 
19400 3554 4 
19450 3538 11 
19500 3544 8 
19550 3551 374 
19600 3533 970 
19650 3539 1373 
19700 3526 1696 
19750 3540 2049 
19800 3547 2384 
19850 3552 2716 
19900 3556 2994 
19950 3546 3186 
20000 3533 3310 
20050 3285 2379 
20100 3417 1410 
20150 3487 790 
20200 3499 457 
20250 3541 277 
20300 3556 159 
20350 3556 74 
20400 3542 33 
20450 3555 16 
20500 3549 8 
20550 3543 281 
20600 3542 856 
20650 3524 1323 
20700 3533 1719 
20750 3534 2115 
20800 3525 2443 
20850 3531 2750 
20900 3548 2956 
20950 3554 3112 
21000 3551 3235 
21050 3344 2256 
21100 3467 1221 
21150 3494 609 
21200 3526 260 
21250 3530 104 
21300 3562 44 
21350 3537 16 
21400 3549 5 
21450 3549 3 
21500 3544 1 
21550 3553 373 
21600 3560 908 
21650 3566 1323 
21700 3555 1725 
21750 3549 2102 
21800 3550 2491 
21850 3542 2821 
21900 3559 3112 
21950 3537 3280 
22000 3542 3411 
22050 3347 2247 
22100 3457 1171 
22150 3509 507 
22200 3523 170 
22250 3539 68 
22300 3530 24 
22350 3541 14 
22400 3549 3 
22450 3544 4 
22500 3547 8 
22550 3538 222 
22600 3552 868 
22650 3552 1385 
22700 3554 1742 
22750 3544 2151 
22800 3532 2495 
22850 3553 2786 
22900 3555 2990 
22950 3545 3136 
23000 3553 3271 
23050 3328 2318 
23100 3409 1315 
23150 3494 676 
23200 3522 282 
23250 3540 100 
23300 3545 42 
23350 3563 17 
23400 3555 8 
23450 3549 5 
23500 3551 7 
23550 3552 442 
23600 3543 1142 
23650 3546 1588 
23700 3554 2037 
23750 3558 2348 
23800 3546 2657 
23850 3553 2932 
23900 3543 3131 
23950 3549 3304 
24000 3538 3399 
24050 3309 2398 
24100 3390 1427 
24150 3465 871 
24200 3477 537 
24250 3511 314 
24300 3517 174 
24350 3522 82 
24400 3545 20 
24450 3552 4 
24500 3555 5 
24550 3537 4 
24600 3511 609 
24650 3513 1221 
24700 3512 1657 
24750 3515 2018 
24800 3518 2374 
24850 3517 2665 
24900 3526 2870 
24950 3539 3069 
25000 3541 3168 
25050 3352 2251 
25100 3441 1434 
25150 3496 937 
25200 3495 593 
25250 3511 396 
25300 3543 296 
25350 3551 210 
25400 3546 123 
25450 3539 74 
25500 3553 42 
25550 3550 534 
25600 3548 1253 
25650 3559 1751 
25700 3558 2085 
25750 3554 2395 
25800 3553 2627 
25850 3552 2849 
25900 3555 3008 
25950 3548 3180 
26000 3544 3307 
26050 3350 2267 
26100 3454 1364 
26150 3470 870 
26200 3490 569 
26250 3513 346 
26300 3555 212 
26350 3550 106 
26400 3564 46 
26450 3562 13 
26500 3550 8 
26550 3526 27 
26600 3467 600 
26650 3437 1117 
26700 3412 1527 
26750 3427 1906 
26800 3447 2270 
26850 3472 2573 
26900 3510 2861 
26950 3515 3030 
27000 3542 3171 
27050 3353 2264 
27100 3461 1201 
27150 3502 612 
27200 3519 337 
27250 3532 185 
27300 3548 97 
27350 3555 34 
27400 3554 9 
27450 3554 13 
27500 3539 6 
27550 3553 218 
27600 3535 843 
27650 3524 1300 
27700 3529 1769 
27750 3531 2155 
27800 3532 2446 
27850 3530 2673 
27900 3532 2851 
27950 3544 2969 
28000 3545 3089 
28050 3276 2474 
28100 3336 1837 
28150 3363 1359 
28200 3421 1026 
28250 3501 798 
28300 3521 548 
28350 3525 336 
28400 3523 211 
28450 3513 105 
28500 3540 74 
28550 3545 349 
28600 3554 1149 
28650 3536 1699 
28700 3544 2164 
28750 3527 2477 
28800 3532 2742 
28850 3556 2973 
28900 3547 3132 
28950 3549 3268 
29000 3551 3376 
29050 3293 2511 
29100 3367 1717 
29150 3423 1187 
29200 3498 861 
29250 3545 649 
29300 3533 445 
29350 3536 280 
29400 3533 156 
29450 3544 63 
29500 3547 19 
29550 3544 3 
29600 3545 56 
29650 3523 708 
29700 3536 1204 
29750 3536 1617 
29800 3559 2026 
29850 3558 2353 
29900 3553 2645 
29950 3546 2851 
30000 3554 3085 
30050 3373 2190 
30100 3471 1236 
30150 3495 607 
30200 3516 315 
30250 3529 128 
30300 3534 36 
30350 3558 19 
30400 3531 12 
30450 3538 5 
30500 3547 6 
30550 3560 3 
30600 3549 633 
30650 3546 1228 
30700 3537 1713 
30750 3523 2084 
30800 3535 2476 
30850 3521 2758 
30900 3505 2997 
30950 3518 3193 
31000 3522 3323 
31050 3279 2204 
31100 3433 1175 
31150 3483 622 
31200 3520 307 
31250 3530 130 
31300 3534 46 
31350 3554 17 
31400 3550 10 
31450 3555 6 
31500 3547 6 
31550 3547 17 
31600 3546 684 
31650 3554 1225 
31700 3554 1683 
31750 3551 2080 
31800 3543 2391 
31850 3544 2686 
31900 3542 2907 
31950 3536 3102 
32000 3550 3247 
32050 3320 2326 
32100 3435 1359 
32150 3498 729 
32200 3515 382 
32250 3545 154 
32300 3564 60 
32350 3556 22 
32400 3554 14 
32450 3551 10 
32500 3540 5 
32550 3541 8 
32600 3546 641 
32650 3544 1130 
32700 3538 1569 
32750 3546 1936 
32800 3539 2289 
32850 3543 2617 
32900 3546 2881 
32950 3547 3046 
33000 3551 3208 
33050 3358 2229 
33100 3473 1260 
33150 3485 716 
33200 3504 357 
33250 3534 157 
33300 3544 51 
33350 3551 20 
33400 3542 14 
33450 3550 8 
33500 3547 13 
33550 3556 251 
33600 3553 970 
33650 3549 1474 
33700 3558 1947 
33750 3551 2301 
33800 3562 2630 
33850 3555 2882 
33900 3552 3079 
33950 3559 3255 
34000 3541 3365 
34050 3314 2268 
34100 3438 1268 
34150 3511 674 
34200 3521 313 
34250 3534 124 
34300 3533 40 
34350 3544 18 
34400 3553 11 
34450 3554 4 
34500 3544 2 
34550 3559 442 
34600 3559 1102 
34650 3568 1620 
34700 3548 2021 
34750 3546 2336 
34800 3528 2569 
34850 3537 2813 
34900 3535 3038 
34950 3524 3211 
35000 3547 3348 
35050 3367 2317 
35100 3462 1207 
35150 3504 603 
35200 3553 247 
35250 3547 100 
35300 3531 49 
35350 3536 17 
35400 3550 8 
35450 3558 7 
35500 3559 13 
35550 3554 406 
35600 3554 950 
35650 3552 1403 
35700 3561 1790 
35750 3566 2133 
35800 3539 2458 
35850 3530 2726 
35900 3545 2939 
35950 3555 3084 
36000 3549 3174 
36050 3337 2260 
36100 3446 1306 
36150 3507 658 
36200 3510 278 
36250 3546 106 
36300 3547 44 
36350 3556 15 
36400 3526 11 
36450 3536 3 
36500 3544 5 
36550 3547 454 
36600 3552 943 
36650 3543 1431 
36700 3545 1862 
36750 3544 2225 
36800 3555 2570 
36850 3548 2857 
36900 3543 3091 
36950 3540 3226 
37000 3545 3303 
37050 3357 2323 
37100 3467 1264 
37150 3487 672 
37200 3514 361 
37250 3546 152 
37300 3542 68 
37350 3537 43 
37400 3534 11 
37450 3551 10 
37500 3544 5 
37550 3551 382 
37600 3544 1079 
37650 3519 1564 
37700 3544 1974 
37750 3539 2277 
37800 3555 2542 
37850 3555 2757 
37900 3545 2922 
37950 3544 3116 
38000 3551 3276 
38050 3320 2374 
38100 3410 1479 
38150 3455 938 
38200 3473 589 
38250 3498 334 
38300 3518 219 
38350 3550 123 
38400 3553 54 
38450 3547 25 
38500 3548 11 
38550 3549 502 
38600 3528 1143 
38650 3536 1648 
38700 3525 2013 
38750 3533 2322 
38800 3536 2608 
38850 3538 2866 
38900 3549 3091 
38950 3555 3270 
39000 3549 3400 
39050 3343 2292 
39100 3438 1247 
39150 3504 693 
39200 3533 320 
39250 3523 139 
39300 3526 77 
39350 3555 23 
39400 3550 8 
39450 3546 5 
39500 3551 11 
39550 3542 512 
39600 3541 1015 
39650 3550 1482 
39700 3545 1864 
39750 3553 2204 
39800 3547 2475 
39850 3552 2773 
39900 3544 3002 
39950 3565 3184 
40000 3535 3307 
40050 3329 2295 
40100 3438 1241 
40150 3511 644 
40200 3536 291 
40250 3535 115 
40300 3548 65 
40350 3548 27 
40400 3564 10 
40450 3557 4 
40500 3552 10 
40550 3559 588 
40600 3530 1294 
40650 3538 1735 
40700 3538 2074 
40750 3548 2392 
40800 3552 2685 
40850 3544 2927 
40900 3527 3090 
40950 3543 3250 
41000 3538 3353 
41050 3359 2171 
41100 3416 1271 
41150 3461 718 
41200 3485 415 
41250 3527 233 
41300 3536 146 
41350 3530 65 
41400 3534 25 
41450 3545 9 
41500 3555 9 
41550 3552 399 
41600 3550 929 
41650 3551 1353 
41700 3549 1726 
41750 3555 2100 
41800 3556 2463 
41850 3549 2716 
41900 3551 2940 
41950 3557 3134 
42000 3556 3254 
42050 3348 2261 
42100 3454 1291 
42150 3489 649 
42200 3528 301 
42250 3523 103 
42300 3529 50 
42350 3547 14 
42400 3557 14 
42450 3535 10 
42500 3552 3 
42550 3527 368 
42600 3537 953 
42650 3549 1514 
42700 3519 1957 
42750 3514 2310 
42800 3521 2619 
42850 3525 2881 
42900 3519 3071 
42950 3507 3224 
43000 3529 3360 
43050 3327 2299 
43100 3455 1347 
43150 3502 780 
43200 3511 398 
43250 3551 226 
43300 3555 106 
43350 3546 56 
43400 3560 20 
43450 3551 8 
43500 3560 8 
43550 3561 374 
43600 3548 963 
43650 3546 1530 
43700 3548 2008 
43750 3542 2361 
43800 3532 2609 
43850 3565 2906 
43900 3562 3119 
43950 3553 3293 
44000 3543 3427 
44050 3322 2340 
44100 3418 1396 
44150 3494 842 
44200 3521 472 
44250 3533 239 
44300 3543 118 
44350 3568 58 
44400 3543 28 
44450 3545 18 
44500 3546 9 
44550 3541 324 
44600 3549 925 
44650 3550 1517 
44700 3552 2017 
44750 3558 2471 
44800 3543 2796 
44850 3545 3052 
44900 3551 3254 
44950 3565 3387 
45000 3553 3447 
45050 3370 2150 
45100 3459 1153 
45150 3519 514 
45200 3533 187 
45250 3541 56 
45300 3544 28 
45350 3550 9 
45400 3551 7 
45450 3551 11 
45500 3544 4 
45550 3557 449 
45600 3551 1033 
45650 3561 1515 
45700 3557 1931 
45750 3548 2326 
45800 3564 2702 
45850 3548 2959 
45900 3550 3143 
45950 3535 3249 
46000 3536 3339 
46050 3300 2401 
46100 3384 1479 
46150 3450 947 
46200 3485 499 
46250 3524 285 
46300 3537 126 
46350 3551 35 
46400 3544 9 
46450 3554 4 
46500 3560 4 
46550 3556 437 
46600 3549 1064 
46650 3550 1538 
46700 3556 1916 
46750 3552 2293 
46800 3558 2642 
46850 3549 2906 
46900 3550 3119 
46950 3542 3286 
47000 3544 3393 
47050 3281 2464 
47100 3364 1605 
47150 3454 989 
47200 3510 580 
47250 3550 380 
47300 3562 225 
47350 3553 136 
47400 3547 66 
47450 3556 32 
47500 3550 12 
47550 3538 181 
47600 3546 1022 
47650 3554 1568 
47700 3546 2024 
47750 3562 2429 
47800 3540 2734 
47850 3552 3009 
47900 3560 3191 
47950 3551 3309 
48000 3557 3416 
48050 3336 2378 
48100 3444 1313 
48150 3483 673 
48200 3528 343 
48250 3517 178 
48300 3546 111 
48350 3535 54 
48400 3550 23 
48450 3563 15 
48500 3549 5 
48550 3543 299 
48600 3542 853 
48650 3531 1279 
48700 3536 1693 
48750 3551 2076 
48800 3542 2406 
48850 3541 2711 
48900 3541 2972 
48950 3545 3152 
49000 3548 3308 
49050 3294 2439 
49100 3399 1450 
49150 3479 857 
49200 3491 484 
49250 3531 265 
49300 3514 126 
49350 3547 52 
49400 3549 21 
49450 3548 10 
49500 3547 2 
49550 3532 252 
49600 3541 932 
49650 3548 1441 
49700 3543 1814 
49750 3543 2108 
49800 3531 2374 
49850 3535 2601 
49900 3558 2861 
49950 3550 3020 
50000 3546 3205 
50050 3349 2275 
50100 3477 1251 
50150 3516 660 
50200 3522 315 
50250 3536 143 
50300 3545 46 
50350 3549 19 
50400 3546 6 
50450 3544 4 
50500 3537 7 
50550 3539 406 
50600 3529 945 
50650 3541 1442 
50700 3536 1800 
50750 3551 2192 
50800 3560 2552 
50850 3556 2873 
50900 3540 3115 
50950 3523 3252 
51000 3546 3399 
51050 3350 2211 
51100 3467 1069 
51150 3495 512 
51200 3536 214 
51250 3546 86 
51300 3543 23 
51350 3542 19 
51400 3534 17 
51450 3554 17 
51500 3555 16 
51550 3562 281 
51600 3543 859 
51650 3551 1333 
51700 3549 1767 
51750 3564 2174 
51800 3555 2511 
51850 3551 2792 
51900 3560 3036 
51950 3561 3212 
52000 3550 3315 
52050 3298 2370 
52100 3373 1461 
52150 3456 906 
52200 3490 520 
52250 3532 238 
52300 3538 119 
52350 3550 44 
52400 3547 18 
52450 3555 20 
52500 3551 9 
52550 3555 444 
52600 3533 980 
52650 3529 1458 
52700 3521 1826 
52750 3528 2181 
52800 3546 2522 
52850 3549 2788 
52900 3540 2959 
52950 3553 3161 
53000 3552 3297 
53050 3337 2272 
53100 3462 1271 
53150 3497 678 
53200 3535 360 
53250 3526 193 
53300 3539 110 
53350 3544 55 
53400 3541 20 
53450 3541 16 
53500 3531 20 
53550 3546 163 
53600 3546 861 
53650 3543 1345 
53700 3550 1693 
53750 3540 2052 
53800 3559 2423 
53850 3542 2778 
53900 3556 3056 
53950 3563 3220 
54000 3555 3339 
54050 3325 2276 
54100 3409 1471 
54150 3468 878 
54200 3485 456 
54250 3533 249 
54300 3541 125 
54350 3525 47 
54400 3529 13 
54450 3555 8 
54500 3561 7 
54550 3552 402 
54600 3555 951 
54650 3555 1421 
54700 3553 1853 
54750 3544 2303 
54800 3543 2695 
54850 3550 3045 
54900 3564 3276 
54950 3568 3426 
55000 3563 3493 
55050 3337 2398 
55100 3427 1448 
55150 3488 855 
55200 3510 481 
55250 3534 282 
55300 3552 151 
55350 3533 88 
55400 3565 43 
55450 3563 24 
55500 3563 12 
55550 3551 552 
55600 3543 1227 
55650 3554 1711 
55700 3538 2044 
55750 3544 2322 
55800 3545 2589 
55850 3537 2815 
55900 3545 3043 
55950 3548 3258 
56000 3555 3406 
56050 3311 2301 
56100 3416 1255 
56150 3472 719 
56200 3536 380 
56250 3537 176 
56300 3539 68 
56350 3545 24 
56400 3536 12 
56450 3546 12 
56500 3550 10 
56550 3536 226 
56600 3536 806 
56650 3547 1283 
56700 3552 1679 
56750 3546 2020 
56800 3547 2357 
56850 3555 2657 
56900 3545 2872 
56950 3536 3031 
57000 3543 3201 
57050 3338 2445 
57100 3418 1494 
57150 3468 953 
57200 3504 553 
57250 3521 307 
57300 3540 185 
57350 3542 87 
57400 3524 23 
57450 3551 9 
57500 3560 7 
57550 3572 41 
57600 3573 640 
57650 3556 1130 
57700 3561 1592 
57750 3567 2004 
57800 3561 2439 
57850 3564 2815 
57900 3543 2994 
57950 3554 3172 
58000 3551 3296 
58050 3344 2415 
58100 3439 1456 
58150 3511 846 
58200 3521 455 
58250 3539 258 
58300 3537 137 
58350 3539 55 
58400 3534 26 
58450 3559 15 
58500 3552 6 
58550 3539 0 
58600 3546 420 
58650 3545 1175 
58700 3559 1801 
58750 3546 2247 
58800 3542 2552 
58850 3545 2843 
58900 3559 3059 
58950 3557 3220 
59000 3549 3352 
59050 3318 2327 
59100 3416 1306 
59150 3485 749 
59200 3506 394 
59250 3547 203 
59300 3557 95 
59350 3549 28 
59400 3554 11 
59450 3549 10 
59500 3561 4 
59550 3548 6 
59600 3540 661 
59650 3534 1159 
59700 3538 1616 
59750 3524 1962 
59800 3531 2285 
59850 3544 2566 
59900 3528 2822 
59950 3554 3043 
60000 3536 3186 
60050 3361 2258 
60100 3465 1323 
60150 3502 704 
60200 3513 324 
60250 3542 118 
60300 3543 26 
60350 3546 7 
60400 3547 4 
60450 3551 2 
60500 3550 5 
60550 3540 451 
60600 3528 1062 
60650 3523 1508 
60700 3514 1945 
60750 3498 2312 
60800 3512 2591 
60850 3508 2825 
60900 3532 3034 
60950 3536 3240 
61000 3541 3367 
61050 3342 2228 
61100 3453 1234 
61150 3505 651 
61200 3539 284 
61250 3549 91 
61300 3541 31 
61350 3546 16 
61400 3550 10 
61450 3558 7 
61500 3564 8 
61550 3563 190 
61600 3550 801 
61650 3539 1235 
61700 3555 1644 
61750 3551 2021 
61800 3554 2409 
61850 3542 2742 
61900 3538 2971 
61950 3555 3174 
62000 3549 3326 
62050 3333 2285 
62100 3457 1258 
62150 3514 715 
62200 3523 353 
62250 3536 152 
62300 3534 53 
62350 3540 25 
62400 3542 12 
62450 3546 4 
62500 3559 4 
62550 3565 18 
62600 3559 639 
62650 3561 1118 
62700 3562 1624 
62750 3556 2047 
62800 3548 2450 
62850 3539 2729 
62900 3550 3010 
62950 3558 3241 
63000 3549 3347 
63050 3340 2227 
63100 3444 1287 
63150 3504 737 
63200 3495 468 
63250 3526 291 
63300 3554 206 
63350 3540 118 
63400 3537 66 
63450 3553 23 
63500 3553 3 
63550 3548 426 
63600 3542 1077 
63650 3549 1552 
63700 3541 1944 
63750 3546 2347 
63800 3555 2625 
63850 3552 2895 
63900 3562 3151 
63950 3537 3315 
64000 3555 3454 
64050 3374 2269 
64100 3455 1239 
64150 3520 636 
64200 3534 299 
64250 3546 140 
64300 3553 86 
64350 3562 44 
64400 3553 17 
64450 3551 7 
64500 3558 7 
64550 3552 79 
64600 3549 720 
64650 3545 1222 
64700 3544 1631 
64750 3537 2009 
64800 3538 2338 
64850 3546 2657 
64900 3559 2959 
64950 3532 3103 
65000 3538 3261 
65050 3344 2342 
65100 3414 1421 
65150 3461 901 
65200 3501 533 
65250 3536 380 
65300 3528 260 
65350 3539 173 
65400 3544 108 
65450 3568 44 
65500 3549 9 
65550 3555 4 
65600 3560 519 
65650 3560 1020 
65700 3554 1486 
65750 3552 1902 
65800 3557 2253 
65850 3555 2583 
65900 3536 2853 
65950 3553 3079 
66000 3548 3217 
66050 3362 2201 
66100 3458 1227 
66150 3479 677 
66200 3516 399 
66250 3523 236 
66300 3531 144 
66350 3532 90 
66400 3557 47 
66450 3540 15 
66500 3543 11 
66550 3546 371 
66600 3553 918 
66650 3552 1406 
66700 3546 1800 
66750 3550 2191 
66800 3545 2494 
66850 3549 2808 
66900 3541 3028 
66950 3549 3198 
67000 3539 3285 
67050 3333 2318 
67100 3441 1300 
67150 3503 705 
67200 3527 336 
67250 3534 144 
67300 3533 65 
67350 3561 18 
67400 3557 17 
67450 3545 16 
67500 3536 10 
67550 3564 353 
67600 3552 1313 
67650 3563 1992 
67700 3564 2400 
67750 3556 2667 
67800 3560 2882 
67850 3554 3093 
67900 3549 3244 
67950 3560 3369 
68000 3533 3420 
68050 3334 2272 
68100 3442 1298 
68150 3483 738 
68200 3516 432 
68250 3524 293 
68300 3557 219 
68350 3548 125 
68400 3544 79 
68450 3546 41 
68500 3557 26 
68550 3543 489 
68600 3535 1273 
68650 3533 1891 
68700 3550 2433 
68750 3540 2877 
68800 3553 3228 
68850 3548 3409 
68900 3547 3494 
68950 3536 3516 
69000 3567 3539 
69050 3306 2467 
69100 3411 1458 
69150 3450 895 
69200 3499 582 
69250 3515 410 
69300 3522 250 
69350 3511 135 
69400 3546 65 
69450 3553 29 
69500 3536 14 
69550 3540 506 
69600 3534 1035 
69650 3532 1445 
69700 3519 1840 
69750 3539 2195 
69800 3554 2540 
69850 3545 2785 
69900 3532 2953 
69950 3539 3120 
70000 3550 3254 
70050 3335 2235 
70100 3443 1290 
70150 3460 774 
70200 3488 432 
70250 3507 213 
70300 3528 120 
70350 3528 47 
70400 3558 24 
70450 3549 11 
70500 3566 10 
70550 3512 200 
70600 3487 893 
70650 3461 1346 
70700 3470 1782 
70750 3500 2145 
70800 3514 2473 
70850 3533 2751 
70900 3531 2909 
70950 3549 3075 
71000 3562 3215 
71050 3352 2300 
71100 3477 1232 
71150 3531 547 
71200 3557 201 
71250 3546 71 
71300 3553 32 
71350 3560 9 
71400 3551 11 
71450 3558 8 
71500 3542 11 
71550 3544 377 
71600 3547 1198 
71650 3556 1696 
71700 3559 2114 
71750 3550 2542 
71800 3549 2812 
71850 3546 3025 
71900 3553 3219 
71950 3530 3385 
72000 3547 3473 
72050 3352 2204 
72100 3435 1145 
72150 3493 590 
72200 3530 311 
72250 3545 135 
72300 3544 51 
72350 3542 9 
72400 3568 10 
72450 3545 12 
72500 3563 5 
72550 3548 285 
72600 3535 900 
72650 3521 1436 
72700 3547 1870 
72750 3551 2207 
72800 3553 2523 
72850 3541 2779 
72900 3533 2993 
72950 3556 3177 
73000 3554 3335 
73050 3346 2230 
73100 3443 1252 
73150 3535 628 
73200 3553 244 
73250 3564 73 
73300 3553 19 
73350 3551 9 
73400 3545 9 
73450 3558 10 
73500 3549 8 
73550 3530 30 
73600 3496 597 
73650 3482 1177 
73700 3501 1612 
73750 3538 2006 
73800 3550 2356 
73850 3540 2670 
73900 3570 2980 
73950 3569 3158 
74000 3555 3280 
74050 3332 2262 
74100 3475 1199 
74150 3513 594 
74200 3519 296 
74250 3538 130 
74300 3554 53 
74350 3552 23 
74400 3549 11 
74450 3548 6 
74500 3556 10 
74550 3554 594 
74600 3546 1518 
74650 3545 2089 
74700 3539 2502 
74750 3556 2840 
74800 3558 3053 
74850 3558 3214 
74900 3556 3345 
74950 3560 3431 
75000 3537 3461 
75050 3386 2217 
75100 3456 1215 
75150 3492 655 
75200 3527 302 
75250 3531 139 
75300 3553 56 
75350 3565 30 
75400 3553 14 
75450 3562 10 
75500 3553 10 
75550 3566 521 
75600 3550 1235 
75650 3558 1815 
75700 3554 2266 
75750 3542 2580 
75800 3544 2857 
75850 3558 3126 
75900 3554 3278 
75950 3546 3371 
76000 3558 3436 
76050 3338 2300 
76100 3457 1327 
76150 3499 750 
76200 3535 372 
76250 3540 162 
76300 3558 80 
76350 3555 27 
76400 3551 12 
76450 3556 9 
76500 3559 6 
76550 3559 346 
76600 3558 922 
76650 3561 1346 
76700 3554 1810 
76750 3555 2160 
76800 3561 2506 
76850 3550 2726 
76900 3559 2939 
76950 3558 3114 
77000 3562 3253 
77050 3323 2279 
77100 3438 1408 
77150 3496 772 
77200 3517 380 
77250 3532 159 
77300 3556 54 
77350 3547 18 
77400 3552 13 
77450 3555 7 
77500 3555 6 
77550 3560 433 
77600 3552 1069 
77650 3553 1553 
77700 3554 2010 
77750 3537 2386 
77800 3545 2687 
77850 3553 2932 
77900 3542 3143 
77950 3551 3315 
78000 3551 3415 
78050 3316 2289 
78100 3407 1347 
78150 3472 730 
78200 3514 368 
78250 3557 206 
78300 3543 121 
78350 3559 40 
78400 3554 17 
78450 3547 17 
78500 3541 8 
78550 3546 421 
78600 3551 1081 
78650 3545 1556 
78700 3563 1980 
78750 3548 2260 
78800 3547 2544 
78850 3552 2807 
78900 3554 3064 
78950 3549 3249 
79000 3562 3403 
79050 3347 2324 
79100 3436 1338 
79150 3481 789 
79200 3502 431 
79250 3545 203 
79300 3548 142 
79350 3557 71 
79400 3563 40 
79450 3556 16 
79500 3567 6 
79550 3559 232 
79600 3552 846 
79650 3546 1360 
79700 3552 1861 
79750 3550 2299 
79800 3557 2696 
79850 3539 2988 
79900 3541 3192 
79950 3548 3363 
80000 3552 3453 
80050 3370 2240 
80100 3465 1249 
80150 3505 687 
80200 3526 364 
80250 3538 213 
80300 3552 138 
80350 3557 93 
80400 3556 42 
80450 3558 19 
80500 3554 15 
80550 3556 338 
80600 3551 1053 
80650 3552 1640 
80700 3548 2059 
80750 3557 2364 
80800 3551 2613 
80850 3531 2839 
80900 3550 3061 
80950 3560 3285 
81000 3554 3391 
81050 3370 2184 
81100 3508 1069 
81150 3517 539 
81200 3535 225 
81250 3541 105 
81300 3547 40 
81350 3539 10 
81400 3532 12 
81450 3543 15 
81500 3555 9 
81550 3545 419 
81600 3546 1131 
81650 3553 1734 
81700 3553 2273 
81750 3549 2697 
81800 3542 2991 
81850 3546 3239 
81900 3539 3374 
81950 3545 3465 
82000 3554 3508 
82050 3350 2248 
82100 3437 1266 
82150 3460 724 
82200 3496 410 
82250 3550 221 
82300 3547 117 
82350 3539 54 
82400 3558 22 
82450 3548 7 
82500 3546 7 
82550 3512 236 
82600 3498 1021 
82650 3509 1601 
82700 3492 2090 
82750 3488 2399 
82800 3495 2712 
82850 3490 2937 
82900 3512 3139 
82950 3515 3272 
83000 3536 3382 
83050 3330 2499 
83100 3376 1631 
83150 3415 1078 
83200 3480 737 
83250 3505 532 
83300 3540 345 
83350 3538 221 
83400 3542 143 
83450 3534 80 
83500 3553 40 
83550 3555 508 
83600 3558 1208 
83650 3554 1791 
83700 3555 2250 
83750 3547 2601 
83800 3531 2869 
83850 3545 3120 
83900 3553 3293 
83950 3547 3405 
84000 3551 3482 
84050 3312 2449 
84100 3417 1553 
84150 3482 923 
84200 3526 511 
84250 3540 282 
84300 3534 125 
84350 3545 49 
84400 3555 24 
84450 3561 7 
84500 3566 4 
84550 3557 356 
84600 3557 1071 
84650 3559 1567 
84700 3554 1961 
84750 3560 2234 
84800 3545 2477 
84850 3535 2674 
84900 3560 2891 
84950 3546 3073 
85000 3553 3252 
85050 3347 2228 
85100 3471 1285 
85150 3494 726 
85200 3534 387 
85250 3536 200 
85300 3549 80 
85350 3560 44 
85400 3543 13 
85450 3554 11 
85500 3562 9 
85550 3555 379 
85600 3541 1074 
85650 3547 1646 
85700 3533 2135 
85750 3558 2576 
85800 3545 2918 
85850 3536 3167 
85900 3532 3332 
85950 3542 3431 
86000 3553 3493 
86050 3353 2314 
86100 3436 1234 
86150 3487 655 
86200 3506 299 
86250 3549 128 
86300 3555 62 
86350 3546 29 
86400 3548 13 
86450 3537 11 
86500 3548 15 
86550 3568 469 
86600 3546 997 
86650 3545 1487 
86700 3557 1892 
86750 3552 2325 
86800 3548 2695 
86850 3557 3019 
86900 3531 3219 
86950 3547 3403 
87000 3551 3510 
87050 3265 2653 
87100 3343 1843 
87150 3455 1326 
87200 3517 995 
87250 3505 661 
87300 3531 415 
87350 3546 229 
87400 3547 112 
87450 3550 43 
87500 3540 22 
87550 3548 192 
87600 3545 749 
87650 3553 1243 
87700 3545 1628 
87750 3548 1982 
87800 3527 2330 
87850 3546 2616 
87900 3548 2860 
87950 3539 3074 
88000 3537 3189 
88050 3377 2239 
88100 3487 1185 
88150 3530 599 
88200 3538 268 
88250 3544 113 
88300 3530 37 
88350 3546 19 
88400 3535 7 
88450 3538 5 
88500 3519 7 
88550 3551 527 
88600 3560 1150 
88650 3552 1564 
88700 3557 1940 
88750 3552 2265 
88800 3555 2519 
88850 3536 2756 
88900 3534 2931 
88950 3551 3109 
89000 3544 3256 
89050 3371 2154 
89100 3462 1176 
89150 3507 591 
89200 3533 267 
89250 3558 111 
89300 3536 41 
89350 3553 17 
89400 3543 8 
89450 3543 10 
89500 3555 23 
89550 3543 659 
89600 3546 1444 
89650 3556 1983 
89700 3557 2352 
89750 3547 2641 
89800 3533 2835 
89850 3548 3019 
89900 3563 3166 
89950 3560 3246 
90000 3552 3344 
90050 3319 2299 
90100 3395 1327 
90150 3481 778 
90200 3498 441 
90250 3534 219 
90300 3540 112 
90350 3565 51 
90400 3555 21 
90450 3547 18 
90500 3559 19 
90550 3542 170 
90600 3533 928 
90650 3522 1553 
90700 3529 1998 
90750 3539 2317 
90800 3523 2585 
90850 3548 2819 
90900 3547 2988 
90950 3556 3172 
91000 3549 3291 
91050 3323 2180 
91100 3443 1225 
91150 3480 636 
91200 3517 353 
91250 3525 224 
91300 3536 130 
91350 3544 63 
91400 3556 38 
91450 3537 34 
91500 3559 13 
91550 3546 575 
91600 3539 1304 
91650 3537 1804 
91700 3547 2230 
91750 3547 2546 
91800 3550 2862 
91850 3548 3093 
91900 3548 3280 
91950 3551 3397 
92000 3552 3461 
92050 3383 2248 
92100 3443 1204 
92150 3480 702 
92200 3491 449 
92250 3525 312 
92300 3537 210 
92350 3547 114 
92400 3542 51 
92450 3545 26 
92500 3562 12 
92550 3553 484 
92600 3533 1293 
92650 3549 1918 
92700 3553 2488 
92750 3547 2855 
92800 3556 3094 
92850 3558 3273 
92900 3554 3383 
92950 3551 3464 
93000 3560 3497 
93050 3357 2354 
93100 3474 1220 
93150 3518 635 
93200 3511 330 
93250 3528 181 
93300 3548 101 
93350 3554 47 
93400 3550 25 
93450 3566 23 
93500 3570 22 
93550 3558 543 
93600 3553 1228 
93650 3546 1675 
93700 3542 2077 
93750 3555 2401 
93800 3536 2614 
93850 3541 2820 
93900 3546 3011 
93950 3545 3185 
94000 3552 3339 
94050 3371 2263 
94100 3458 1254 
94150 3488 716 
94200 3514 403 
94250 3527 173 
94300 3543 75 
94350 3537 35 
94400 3542 21 
94450 3541 15 
94500 3532 16 
94550 3544 589 
94600 3542 1274 
94650 3537 1741 
94700 3551 2120 
94750 3554 2407 
94800 3554 2653 
94850 3549 2832 
94900 3563 3050 
94950 3539 3183 
95000 3566 3333 
95050 3383 2211 
95100 3505 1113 
95150 3521 515 
95200 3525 192 
95250 3537 64 
95300 3566 25 
95350 3554 8 
95400 3558 3 
95450 3549 19 
95500 3547 6 
95550 3548 422 
95600 3566 1043 
95650 3550 1461 
95700 3551 1835 
95750 3530 2230 
95800 3546 2580 
95850 3550 2875 
95900 3547 3070 
95950 3545 3215 
96000 3546 3326 
96050 3364 2221 
96100 3476 1136 
96150 3520 500 
96200 3529 209 
96250 3540 85 
96300 3551 25 
96350 3554 12 
96400 3555 5 
96450 3551 5 
96500 3557 9 
96550 3543 550 
96600 3555 1283 
96650 3557 1755 
96700 3545 2227 
96750 3549 2565 
96800 3558 2858 
96850 3558 3056 
96900 3544 3198 
96950 3549 3313 
97000 3545 3408 
97050 3351 2201 
97100 3452 1145 
97150 3514 571 
97200 3534 247 
97250 3538 111 
97300 3554 60 
97350 3564 29 
97400 3556 18 
97450 3553 16 
97500 3556 4 
97550 3554 514 
97600 3564 1292 
97650 3556 1846 
97700 3558 2370 
97750 3558 2809 
97800 3544 3109 
97850 3551 3302 
97900 3553 3406 
97950 3554 3465 
98000 3555 3489 
98050 3350 2247 
98100 3432 1269 
98150 3481 724 
98200 3506 398 
98250 3542 220 
98300 3536 112 
98350 3564 36 
98400 3556 13 
98450 3560 12 
98500 3560 10 
98550 3561 402 
98600 3557 1004 
98650 3555 1492 
98700 3557 1950 
98750 3543 2323 
98800 3551 2666 
98850 3557 2900 
98900 3548 3094 
98950 3560 3221 
99000 3549 3351 
99050 3294 2350 
99100 3387 1459 
99150 3446 932 
99200 3446 649 
99250 3511 525 
99300 3516 397 
99350 3531 262 
99400 3521 170 
99450 3529 89 
99500 3517 40 
99550 3552 255 
99600 3538 913 
99650 3553 1430 
99700 3543 1876 
99750 3550 2273 
99800 3544 2550 
99850 3531 2810 
99900 3558 3070 
99950 3561 3255 
100000 3566 3371 
100050 3359 2146 
100100 3441 1205 
100150 3491 665 
100200 3519 396 
100250 3526 223 
100300 3535 155 
100350 3541 95 
100400 3530 50 
100450 3542 14 
100500 3557 11 
100550 3558 673 
100600 3559 1427 
100650 3549 1954 
100700 3565 2384 
100750 3551 2701 
100800 3563 2956 
100850 3544 3127 
100900 3558 3300 
100950 3559 3380 
101000 3560 3455 
101050 3405 2163 
101100 3520 1023 
101150 3522 431 
101200 3541 159 
101250 3544 41 
101300 3538 11 
101350 3556 8 
101400 3560 14 
101450 3555 11 
101500 3544 11 
101550 3548 242 
101600 3538 1077 
101650 3544 1773 
101700 3547 2303 
101750 3555 2628 
101800 3561 2907 
101850 3560 3098 
101900 3538 3239 
101950 3548 3351 
102000 3566 3429 
102050 3381 2320 
102100 3452 1266 
102150 3505 708 
102200 3532 341 
102250 3528 175 
102300 3543 82 
102350 3546 33 
102400 3553 21 
102450 3555 4 
102500 3564 6 
102550 3572 512 
102600 3560 1179 
102650 3559 1682 
102700 3572 2131 
102750 3551 2491 
102800 3557 2775 
102850 3551 2985 
102900 3553 3199 
102950 3557 3349 
103000 3549 3421 
103050 3351 2314 
103100 3431 1374 
103150 3500 743 
103200 3520 337 
103250 3554 118 
103300 3542 44 
103350 3548 17 
103400 3535 8 
103450 3566 4 
103500 3558 3 
103550 3543 257 
103600 3538 910 
103650 3545 1413 
103700 3534 1801 
103750 3538 2148 
103800 3546 2501 
103850 3551 2802 
103900 3546 3050 
103950 3547 3185 
104000 3560 3318 
104050 3385 2217 
104100 3491 1102 
104150 3513 502 
104200 3536 237 
104250 3558 96 
104300 3549 24 
104350 3549 17 
104400 3567 10 
104450 3557 12 
104500 3554 7 
104550 3544 429 
104600 3549 1100 
104650 3534 1625 
104700 3563 2033 
104750 3549 2318 
104800 3550 2566 
104850 3543 2793 
104900 3543 2972 
104950 3549 3116 
105000 3566 3280 
105050 3332 2137 
105100 3454 1174 
105150 3496 554 
105200 3526 237 
105250 3543 91 
105300 3560 30 
105350 3556 13 
105400 3554 14 
105450 3555 2 
105500 3568 5 
105550 3556 613 
105600 3557 1410 
105650 3557 1970 
105700 3562 2341 
105750 3564 2633 
105800 3568 2871 
105850 3557 3080 
105900 3556 3250 
105950 3557 3359 
106000 3561 3409 
106050 3360 2195 
106100 3482 1071 
106150 3536 467 
106200 3555 171 
106250 3540 79 
106300 3527 38 
106350 3559 17 
106400 3558 13 
106450 3540 16 
106500 3563 5 
106550 3569 554 
106600 3550 1153 
106650 3556 1678 
106700 3553 2137 
106750 3545 2515 
106800 3544 2800 
106850 3553 3014 
106900 3538 3154 
106950 3542 3270 
107000 3542 3358 
107050 3358 2157 
107100 3466 1033 
107150 3515 499 
107200 3530 223 
107250 3542 76 
107300 3570 20 
107350 3558 6 
107400 3554 3 
107450 3544 13 
107500 3555 9 
107550 3559 462 
107600 3541 1228 
107650 3538 1775 
107700 3549 2156 
107750 3530 2465 
107800 3519 2689 
107850 3524 2907 
107900 3548 3073 
107950 3560 3228 
108000 3549 3326 
108050 3385 2063 
108100 3481 950 
108150 3506 388 
108200 3529 139 
108250 3544 38 
108300 3550 23 
108350 3556 16 
108400 3558 11 
108450 3554 5 
108500 3549 2 
108550 3553 552 
108600 3549 1322 
108650 3542 1940 
108700 3549 2335 
108750 3544 2667 
108800 3540 2956 
108850 3546 3181 
108900 3548 3335 
108950 3537 3442 
109000 3549 3491 
109050 3370 2061 
109100 3459 1025 
109150 3495 524 
109200 3515 301 
109250 3514 160 
109300 3543 75 
109350 3547 45 
109400 3551 22 
109450 3540 10 
109500 3547 11 
109550 3567 777 
109600 3558 1534 
109650 3567 2094 
109700 3563 2467 
109750 3557 2744 
109800 3568 3010 
109850 3551 3170 
109900 3557 3295 
109950 3550 3388 
110000 3555 3466 
110050 3393 1983 
110100 3496 830 
110150 3540 298 
110200 3545 115 
110250 3524 50 
110300 3551 32 
110350 3540 18 
110400 3547 10 
110450 3544 11 
110500 3569 6 
110550 3547 344 
110600 3547 984 
110650 3549 1451 
110700 3556 1914 
110750 3547 2265 
110800 3568 2667 
110850 3552 2933 
110900 3553 3099 
110950 3547 3221 
111000 3547 3345 
111050 3376 2054 
111100 3469 991 
111150 3520 456 
111200 3541 168 
111250 3543 52 
111300 3546 26 
111350 3545 13 
111400 3568 6 
111450 3546 7 
111500 3561 18 
111550 3547 669 
111600 3554 1488 
111650 3565 2178 
111700 3544 2666 
111750 3555 3053 
111800 3549 3259 
111850 3559 3435 
111900 3551 3480 
111950 3544 3509 
112000 3549 3508 
112050 3356 1924 
112100 3463 889 
112150 3508 360 
112200 3547 135 
112250 3557 37 
112300 3567 12 
112350 3553 11 
112400 3559 5 
112450 3546 14 
112500 3559 4 
112550 3542 729 
112600 3534 1396 
112650 3532 1896 
112700 3537 2393 
112750 3535 2797 
112800 3545 3080 
112850 3549 3270 
112900 3548 3356 
112950 3532 3453 
113000 3557 3515 
113050 3379 1935 
113100 3501 779 
113150 3538 299 
113200 3544 89 
113250 3551 22 
113300 3560 4 
113350 3555 6 
113400 3555 2 
113450 3548 7 
113500 3558 6 
113550 3563 599 
113600 3555 1499 
113650 3559 2152 
113700 3563 2620 
113750 3559 2945 
113800 3555 3177 
113850 3549 3362 
113900 3548 3482 
113950 3555 3531 
114000 3558 3502 
114050 3366 2009 
114100 3444 959 
114150 3498 401 
114200 3533 180 
114250 3540 71 
114300 3546 23 
114350 3553 14 
114400 3559 7 
114450 3554 5 
114500 3555 7 
114550 3540 643 
114600 3543 1420 
114650 3528 2062 
114700 3530 2520 
114750 3533 2841 
114800 3543 3124 
114850 3563 3307 
114900 3558 3441 
114950 3558 3507 
115000 3553 3511 
115050 3384 1863 
115100 3478 779 
115150 3511 339 
115200 3555 173 
115250 3557 83 
115300 3550 28 
115350 3549 10 
115400 3549 1 
115450 3551 3 
115500 3556 5 
115550 3536 533 
115600 3529 1435 
115650 3553 2020 
115700 3561 2506 
115750 3560 2845 
115800 3545 3140 
115850 3547 3344 
115900 3558 3455 
115950 3550 3499 
116000 3570 3553 
116050 3308 2169 
116100 3427 1279 
116150 3527 880 
116200 3543 577 
116250 3553 372 
116300 3548 212 
116350 3548 95 
116400 3549 38 
116450 3534 16 
116500 3555 11 
116550 3549 640 
116600 3547 1314 
116650 3532 1861 
116700 3531 2359 
116750 3536 2719 
116800 3548 3016 
116850 3552 3229 
116900 3548 3375 
116950 3537 3459 
117000 3560 3529 
117050 3392 1919 
117100 3469 984 
117150 3518 516 
117200 3542 296 
117250 3538 133 
117300 3546 56 
117350 3562 21 
117400 3541 12 
117450 3546 9 
117500 3548 6 
117550 3542 372 
117600 3546 1116 
117650 3547 1655 
117700 3550 2173 
117750 3555 2629 
117800 3548 2939 
117850 3565 3191 
117900 3548 3353 
117950 3543 3438 
118000 3556 3512 
118050 3369 2063 
118100 3429 1191 
118150 3508 782 
118200 3535 506 
118250 3525 288 
118300 3533 150 
118350 3541 49 
118400 3537 16 
118450 3544 10 
118500 3560 4 
118550 3516 377 
118600 3508 1002 
118650 3504 1457 
118700 3496 1928 
118750 3509 2316 
118800 3526 2625 
118850 3544 2885 
118900 3559 3059 
118950 3548 3223 
119000 3549 3327 
119050 3351 2179 
119100 3460 1132 
119150 3514 534 
119200 3536 254 
119250 3557 118 
119300 3541 28 
119350 3542 4 
119400 3556 10 
119450 3560 7 
119500 3552 6 
119550 3547 269 
119600 3543 1031 
119650 3536 1600 
119700 3533 2070 
119750 3534 2542 
119800 3541 2911 
119850 3543 3135 
119900 3543 3293 
119950 3544 3387 
120000 3553 3474 
120050 3374 1982 
120100 3484 854 
120150 3525 288 
120200 3554 66 
120250 3551 16 
120300 3564 2 
120350 3556 2 
120400 3565 1 
120450 3557 10 
120500 3562 6 
120550 3548 702 
120600 3555 1522 
120650 3561 2060 
120700 3566 2486 
120750 3565 2792 
120800 3556 3075 
120850 3575 3302 
120900 3561 3439 
120950 3560 3502 
121000 3545 3513 
121050 3373 1968 
121100 3475 884 
121150 3521 366 
121200 3547 182 
121250 3556 66 
121300 3544 16 
121350 3564 12 
121400 3571 4 
121450 3545 6 
121500 3556 8 
121550 3554 803 
121600 3546 1504 
121650 3543 2053 
121700 3552 2490 
121750 3560 2798 
121800 3559 3060 
121850 3557 3240 
121900 3552 3346 
121950 3561 3431 
122000 3561 3485 
122050 3323 1974 
122100 3462 999 
122150 3490 524 
122200 3541 335 
122250 3551 186 
122300 3534 79 
122350 3541 38 
122400 3554 32 
122450 3547 13 
122500 3555 13 
122550 3554 839 
122600 3560 1712 
122650 3556 2391 
122700 3549 2805 
122750 3555 3096 
122800 3560 3268 
122850 3553 3393 
122900 3558 3476 
122950 3559 3510 
123000 3549 3520 
123050 3354 2039 
123100 3470 899 
123150 3521 353 
123200 3532 121 
123250 3544 25 
123300 3554 14 
123350 3544 3 
123400 3568 7 
123450 3551 7 
123500 3553 7 
123550 3542 881 
123600 3544 1548 
123650 3551 2151 
123700 3562 2673 
123750 3558 3002 
123800 3548 3242 
123850 3552 3430 
123900 3557 3517 
123950 3544 3520 
124000 3558 3525 
124050 3387 1974 
124100 3490 881 
124150 3532 348 
124200 3535 129 
124250 3543 21 
124300 3548 7 
124350 3540 3 
124400 3552 4 
124450 3562 3 
124500 3557 4 
124550 3561 349 
124600 3544 1061 
124650 3527 1676 
124700 3541 2177 
124750 3553 2565 
124800 3558 2894 
124850 3539 3153 
124900 3533 3319 
124950 3561 3462 
125000 3545 3504 
125050 3377 1863 
125100 3495 748 
125150 3538 262 
125200 3560 83 
125250 3561 27 
125300 3546 7 
125350 3562 11 
125400 3567 7 
125450 3556 5 
125500 3558 2 
125550 3535 688 
125600 3542 1302 
125650 3551 1846 
125700 3547 2365 
125750 3545 2829 
125800 3549 3187 
125850 3551 3394 
125900 3546 3478 
125950 3553 3516 
126000 3550 3498 
126050 3387 1903 
126100 3467 800 
126150 3505 286 
126200 3547 87 
126250 3541 25 
126300 3561 14 
126350 3565 7 
126400 3558 8 
126450 3550 2 
126500 3554 1 
126550 3552 606 
126600 3568 1356 
126650 3553 1897 
126700 3556 2378 
126750 3556 2769 
126800 3552 3061 
126850 3572 3301 
126900 3544 3424 
126950 3567 3477 
127000 3552 3503 
127050 3368 1973 
127100 3452 943 
127150 3495 430 
127200 3527 249 
127250 3535 100 
127300 3534 37 
127350 3538 16 
127400 3552 13 
127450 3551 12 
127500 3565 9 
127550 3553 679 
127600 3571 1417 
127650 3556 1966 
127700 3551 2437 
127750 3568 2856 
127800 3550 3120 
127850 3542 3301 
127900 3547 3408 
127950 3570 3510 
128000 3561 3503 
128050 3400 1843 
128100 3480 898 
128150 3511 415 
128200 3542 192 
128250 3547 81 
128300 3551 26 
128350 3555 11 
128400 3547 6 
128450 3539 8 
128500 3547 11 
128550 3547 583 
128600 3553 1308 
128650 3551 1915 
128700 3558 2423 
128750 3560 2804 
128800 3560 3086 
128850 3545 3247 
128900 3549 3363 
128950 3562 3453 
129000 3550 3501 
129050 3387 1950 
129100 3478 842 
129150 3522 347 
129200 3538 125 
129250 3576 31 
129300 3542 12 
129350 3561 13 
129400 3550 11 
129450 3574 7 
129500 3567 12 
129550 3566 562 
129600 3556 1355 
129650 3564 1990 
129700 3550 2392 
129750 3545 2771 
129800 3555 3015 
129850 3569 3226 
129900 3553 3340 
129950 3545 3419 
130000 3555 3482 
130050 3375 1881 
130100 3470 872 
130150 3527 360 
130200 3547 135 
130250 3550 38 
130300 3547 12 
130350 3556 9 
130400 3557 12 
130450 3562 4 
130500 3539 9 
130550 3554 845 
130600 3546 1748 
130650 3562 2492 
130700 3547 2902 
130750 3560 3160 
130800 3543 3305 
130850 3551 3413 
130900 3565 3478 
130950 3547 3502 
131000 3559 3528 
131050 3363 2022 
131100 3472 906 
131150 3510 397 
131200 3559 233 
131250 3569 105 
131300 3556 40 
131350 3542 13 
131400 3541 8 
131450 3545 6 
131500 3539 5 
131550 3537 653 
131600 3541 1343 
131650 3537 1903 
131700 3550 2436 
131750 3530 2853 
131800 3545 3141 
131850 3557 3340 
131900 3552 3452 
131950 3559 3511 
132000 3565 3554 
132050 3238 2467 
132100 3500 1801 
132150 3473 1158 
132200 3466 755 
132250 3479 493 
132300 3489 281 
132350 3493 146 
132400 3519 63 
132450 3545 24 
132500 3554 3 
132550 3533 3 
132600 3498 514 
132650 3480 1371 
132700 3504 1900 
132750 3514 2284 
132800 3520 2611 
132850 3528 2846 
132900 3535 3051 
132950 3556 3228 
133000 3552 3358 
133050 3313 2381 
133100 3355 1599 
133150 3494 1175 
133200 3482 762 
133250 3490 497 
133300 3509 310 
133350 3533 181 
133400 3536 86 
133450 3555 21 
133500 3555 8 
133550 3553 576 
133600 3545 1246 
133650 3550 1809 
133700 3555 2263 
133750 3549 2656 
133800 3551 2996 
133850 3546 3196 
133900 3556 3351 
133950 3555 3467 
134000 3549 3517 
134050 3274 2263 
134100 3353 1385 
134150 3491 982 
134200 3494 597 
134250 3509 399 
134300 3517 212 
134350 3532 105 
134400 3558 37 
134450 3548 10 
134500 3566 2 
134550 3550 5 
134600 3453 102 
134650 3247 317 
134700 3452 761 
134750 3543 1255 
134800 3553 1763 
134850 3550 2247 
134900 3552 2648 
134950 3544 2937 
135000 3555 3177 
135050 3331 2148 
135100 3416 1261 
135150 3483 692 
135200 3530 387 
135250 3539 165 
135300 3543 47 
135350 3557 7 
135400 3553 3 
135450 3539 0 
135500 3549 0 
135550 3544 0 
135600 3546 0 
135650 3550 285 
135700 3552 1044 
135750 3548 1577 
135800 3565 2077 
135850 3563 2540 
135900 3556 2842 
135950 3571 3087 
136000 3560 3258 
136050 3313 2171 
136100 3425 1239 
136150 3489 618 
136200 3542 322 
136250 3555 99 
136300 3557 26 
136350 3554 3 
136400 3560 3 
136450 3556 0 
136500 3561 1 
136550 3562 616 
136600 3554 1238 
136650 3556 1766 
136700 3534 2220 
136750 3539 2673 
136800 3541 2980 
136850 3538 3207 
136900 3552 3373 
136950 3551 3450 
137000 3569 3506 
137050 3381 2072 
137100 3488 913 
137150 3503 410 
137200 3536 238 
137250 3552 104 
137300 3542 24 
137350 3549 9 
137400 3556 0 
137450 3559 1 
137500 3554 0 
137550 3420 140 
137600 3108 991 
137650 3070 1645 
137700 3122 2090 
137750 3209 2496 
137800 3294 2811 
137850 3353 3049 
137900 3392 3265 
137950 3418 3377 
138000 3474 3487 
138050 3291 2116 
138100 3411 1104 
138150 3482 524 
138200 3528 265 
138250 3565 94 
138300 3548 29 
138350 3560 5 
138400 3548 7 
138450 3558 2 
138500 3567 2 
138550 3537 34 
138600 3247 313 
138650 2799 762 
138700 2135 1435 
138750 1592 1959 
138800 1159 2396 
138850 806 2753 
138900 677 3117 
138950 931 3379 
139000 1352 3488 
139050 1947 2237 
139100 2599 1429 
139150 3113 955 
139200 3356 611 
139250 3480 369 
139300 3515 219 
139350 3512 126 
139400 3534 65 
139450 3545 30 
139500 3536 10 
139550 3548 0 
139600 3548 292 
139650 3541 1027 
139700 3544 1676 
139750 3543 2216 
139800 3537 2604 
139850 3547 2894 
139900 3543 3110 
139950 3551 3252 
140000 3549 3367 
140050 3317 2264 
140100 3424 1244 
140150 3506 729 
140200 3534 446 
140250 3555 275 
140300 3552 149 
140350 3552 74 
140400 3562 19 
140450 3546 2 
140500 3549 2 
140550 3559 0 
140600 3545 0 
140650 3555 195 
140700 3550 972 
140750 3547 1495 
140800 3558 1987 
140850 3557 2460 
140900 3561 2822 
140950 3564 3119 
141000 3563 3304 
141050 3382 2137 
141100 3471 1157 
141150 3510 619 
141200 3526 346 
141250 3553 137 
141300 3559 23 
141350 3552 1 
141400 3550 2 
141450 3559 3 
141500 3573 2 
141550 3565 594 
141600 3558 1276 
141650 3538 1837 
141700 3540 2311 
141750 3555 2699 
141800 3542 2979 
141850 3553 3186 
141900 3539 3328 
141950 3555 3451 
142000 3555 3507 
142050 3356 2131 
142100 3447 1160 
142150 3487 625 
142200 3541 383 
142250 3550 185 
142300 3535 57 
142350 3566 16 
142400 3558 8 
142450 3559 6 
142500 3560 6 
142550 3556 634 
142600 3562 1344 
142650 3555 1894 
142700 3552 2342 
142750 3552 2758 
142800 3536 3027 
142850 3550 3254 
142900 3553 3427 
142950 3566 3519 
143000 3566 3542 
143050 3374 2059 
143100 3450 1011 
143150 3514 553 
143200 3547 291 
143250 3554 101 
143300 3550 20 
143350 3553 0 
143400 3555 0 
143450 3550 3 
143500 3555 1 
143550 3542 20 
143600 3322 226 
143650 3144 962 
143700 3223 1479 
143750 3304 1940 
143800 3363 2425 
143850 3401 2813 
143900 3446 3044 
143950 3473 3261 
144000 3510 3390 
144050 3345 2184 
144100 3442 1154 
144150 3512 594 
144200 3541 348 
144250 3555 184 
144300 3555 103 
144350 3559 47 
144400 3555 9 
144450 3559 4 
144500 3559 2 
144550 3555 2 
144600 3546 83 
144650 3517 893 
144700 3531 1584 
144750 3541 2082 
144800 3551 2460 
144850 3551 2784 
144900 3549 3084 
144950 3561 3265 
145000 3559 3401 
145050 3336 2078 
145100 3435 1079 
145150 3501 484 
145200 3553 243 
145250 3544 89 
145300 3546 22 
145350 3556 1 
145400 3557 1 
145450 3549 0 
145500 3559 0 
145550 3542 803 
145600 3556 1542 
145650 3549 2072 
145700 3547 2513 
145750 3551 2848 
145800 3551 3134 
145850 3558 3316 
145900 3540 3425 
145950 3556 3515 
146000 3544 3523 
146050 3372 1976 
146100 3474 854 
146150 3523 282 
146200 3536 127 
146250 3539 36 
146300 3560 12 
146350 3552 0 
146400 3553 1 
146450 3560 2 
146500 3556 5 
146550 3512 98 
146600 3550 920 
146650 3566 1525 
146700 3557 2021 
146750 3555 2455 
146800 3547 2804 
146850 3562 3110 
146900 3562 3309 
146950 3548 3410 
147000 3567 3513 
147050 3335 2173 
147100 3430 1242 
147150 3522 707 
147200 3541 418 
147250 3542 202 
147300 3547 105 
147350 3553 39 
147400 3555 22 
147450 3555 5 
147500 3557 4 
147550 3572 575 
147600 3557 1478 
147650 3560 2161 
147700 3564 2674 
147750 3558 3042 
147800 3567 3312 
147850 3555 3423 
147900 3555 3502 
147950 3554 3541 
148000 3555 3549 
148050 3295 2099 
148100 3406 1016 
148150 3503 521 
148200 3544 231 
148250 3548 72 
148300 3564 10 
148350 3550 4 
148400 3544 8 
148450 3559 5 
148500 3547 4 
148550 3554 292 
148600 3542 1247 
148650 3540 1820 
148700 3545 2242 
148750 3545 2569 
148800 3544 2877 
148850 3563 3157 
148900 3546 3353 
148950 3573 3503 
149000 3560 3550 
149050 3300 2127 
149100 3421 1035 
149150 3525 582 
149200 3547 308 
149250 3546 133 
149300 3565 57 
149350 3559 9 
149400 3567 5 
149450 3565 2 
149500 3562 4 
149550 3559 559 
149600 3560 1402 
149650 3549 2084 
149700 3545 2576 
149750 3554 2957 
149800 3544 3242 
149850 3549 3416 
149900 3551 3494 
149950 3560 3538 
150000 3561 3534 
150050 3374 1992 
150100 3492 888 
150150 3540 335 
150200 3562 135 
150250 3562 34 
150300 3565 11 
150350 3556 7 
150400 3545 3 
150450 3544 6 
150500 3558 4 
150550 3549 1 
150600 3493 501 
150650 3474 1150 
150700 3505 1656 
150750 3534 2080 
150800 3543 2491 
150850 3545 2823 
150900 3537 3095 
150950 3551 3265 
151000 3546 3419 
151050 3368 2136 
151100 3463 1214 
151150 3541 699 
151200 3552 367 
151250 3556 109 
151300 3553 22 
151350 3544 11 
151400 3543 9 
151450 3564 12 
151500 3568 3 
151550 3564 767 
151600 3546 1415 
151650 3550 2009 
151700 3557 2554 
151750 3557 3034 
151800 3545 3366 
151850 3558 3522 
151900 3568 3559 
151950 3562 3547 
152000 3552 3543 
152050 3322 2220 
152100 3431 1254 
152150 3551 837 
152200 3555 534 
152250 3534 328 
152300 3577 195 
152350 3552 80 
152400 3550 30 
152450 3530 14 
152500 3550 10 
152550 3556 411 
152600 3558 1237 
152650 3560 1901 
152700 3548 2335 
152750 3548 2717 
152800 3545 3043 
152850 3551 3277 
152900 3548 3404 
152950 3548 3486 
153000 3541 3520 
153050 3280 2210 
153100 3384 1268 
153150 3511 862 
153200 3526 514 
153250 3518 311 
153300 3528 131 
153350 3528 41 
153400 3530 8 
153450 3521 0 
153500 3554 0 
153550 3539 0 
153600 3549 501 
153650 3540 1231 
153700 3531 1779 
153750 3548 2227 
153800 3549 2593 
153850 3560 2898 
153900 3543 3111 
153950 3546 3269 
154000 3561 3420 
154050 3319 2168 
154100 3444 1244 
154150 3501 716 
154200 3560 392 
154250 3553 191 
154300 3551 71 
154350 3563 14 
154400 3555 7 
154450 3560 3 
154500 3560 0 
154550 3561 0 
154600 3551 618 
154650 3553 1244 
154700 3557 1809 
154750 3556 2275 
154800 3560 2691 
154850 3569 3031 
154900 3559 3252 
154950 3561 3386 
155000 3554 3453 
155050 3337 2094 
155100 3447 1080 
155150 3510 546 
155200 3536 277 
155250 3549 112 
155300 3530 30 
155350 3547 7 
155400 3553 3 
155450 3551 3 
155500 3548 2 
155550 3547 611 
155600 3555 1294 
155650 3560 1788 
155700 3567 2306 
155750 3571 2781 
155800 3563 3069 
155850 3557 3240 
155900 3563 3377 
155950 3542 3451 
156000 3563 3529 
156050 3307 2243 
156100 3411 1256 
156150 3542 763 
156200 3547 400 
156250 3540 199 
156300 3555 80 
156350 3558 29 
156400 3560 16 
156450 3547 3 
156500 3544 2 
156550 3524 630 
156600 3511 1302 
156650 3532 1850 
156700 3557 2343 
156750 3560 2759 
156800 3559 3068 
156850 3547 3257 
156900 3534 3376 
156950 3553 3504 
157000 3547 3534 
157050 3260 2281 
157100 3384 1410 
157150 3498 895 
157200 3488 417 
157250 3517 195 
157300 3525 92 
157350 3566 30 
157400 3570 11 
157450 3564 2 
157500 3563 3 
157550 3560 587 
157600 3561 1252 
157650 3553 1750 
157700 3546 2221 
157750 3536 2681 
157800 3556 3023 
157850 3571 3283 
157900 3563 3448 
157950 3567 3536 
158000 3569 3554 
158050 3369 2163 
158100 3481 1023 
158150 3541 444 
158200 3537 193 
158250 3552 71 
158300 3564 14 
158350 3561 1 
158400 3568 3 
158450 3568 1 
158500 3555 3 
158550 3444 110 
158600 3312 709 
158650 3446 1308 
158700 3512 1806 
158750 3529 2234 
158800 3547 2632 
158850 3562 2925 
158900 3569 3152 
158950 3569 3326 
159000 3559 3415 
159050 3362 2049 
159100 3469 1048 
159150 3488 554 
159200 3528 298 
159250 3541 153 
159300 3546 52 
159350 3559 24 
159400 3567 9 
159450 3546 7 
159500 3569 5 
159550 3489 61 
159600 3328 630 
159650 3383 1284 
159700 3425 1758 
159750 3475 2240 
159800 3510 2620 
159850 3540 2943 
159900 3552 3164 
159950 3562 3332 
160000 3557 3422 
160050 3284 2379 
160100 3341 1662 
160150 3515 1376 
160200 3520 956 
160250 3537 614 
160300 3541 409 
160350 3533 238 
160400 3551 150 
160450 3567 77 
160500 3570 19 
160550 3527 12 
160600 3483 653 
160650 3523 1237 
160700 3547 1731 
160750 3561 2239 
160800 3556 2698 
160850 3536 2992 
160900 3558 3215 
160950 3556 3353 
161000 3554 3465 
161050 3340 2141 
161100 3435 1146 
161150 3501 671 
161200 3544 361 
161250 3539 154 
161300 3551 46 
161350 3554 7 
161400 3557 7 
161450 3554 1 
161500 3559 7 
161550 3551 536 
161600 3552 1396 
161650 3566 2017 
161700 3557 2544 
161750 3571 2929 
161800 3548 3196 
161850 3555 3410 
161900 3558 3516 
161950 3559 3543 
162000 3566 3554 
162050 3345 2138 
162100 3466 1036 
162150 3537 466 
162200 3558 211 
162250 3563 56 
162300 3572 14 
162350 3571 8 
162400 3551 1 
162450 3541 4 
162500 3560 9 
162550 3565 606 
162600 3558 1289 
162650 3548 1845 
162700 3539 2350 
162750 3552 2818 
162800 3558 3193 
162850 3564 3363 
162900 3552 3447 
162950 3567 3521 
163000 3538 3530 
163050 3315 2171 
163100 3401 1171 
163150 3508 743 
163200 3545 420 
163250 3538 208 
163300 3553 93 
163350 3568 29 
163400 3566 4 
163450 3573 4 
163500 3556 6 
163550 3557 747 
163600 3559 1549 
163650 3555 2130 
163700 3547 2592 
163750 3543 2921 
163800 3560 3206 
163850 3561 3414 
163900 3566 3518 
163950 3548 3524 
164000 3559 3543 
164050 3358 1973 
164100 3465 970 
164150 3517 458 
164200 3548 236 
164250 3552 83 
164300 3555 22 
164350 3546 16 
164400 3560 5 
164450 3553 4 
164500 3555 3 
164550 3559 566 
164600 3562 1383 
164650 3548 1980 
164700 3560 2486 
164750 3551 2904 
164800 3565 3249 
164850 3559 3429 
164900 3560 3527 
164950 3554 3541 
165000 3566 3546 
165050 3323 2269 
165100 3437 1288 
165150 3543 806 
165200 3526 330 
165250 3552 105 
165300 3567 32 
165350 3570 8 
165400 3567 4 
165450 3551 12 
165500 3547 4 
165550 3537 451 
165600 3512 1180 
165650 3517 1807 
165700 3538 2335 
165750 3545 2763 
165800 3532 3090 
165850 3540 3316 
165900 3555 3435 
165950 3560 3512 
166000 3562 3541 
166050 3394 1992 
166100 3479 967 
166150 3503 395 
166200 3542 200 
166250 3552 68 
166300 3549 32 
166350 3551 9 
166400 3558 8 
166450 3556 5 
166500 3567 5 
166550 3554 643 
166600 3558 1370 
166650 3551 1924 
166700 3554 2466 
166750 3554 2841 
166800 3564 3086 
166850 3559 3267 
166900 3564 3411 
166950 3549 3478 
167000 3558 3532 
167050 3340 2026 
167100 3431 1126 
167150 3508 570 
167200 3537 279 
167250 3550 130 
167300 3545 24 
167350 3571 17 
167400 3549 11 
167450 3563 12 
167500 3554 11 
167550 3564 900 
167600 3557 1606 
167650 3566 2162 
167700 3559 2575 
167750 3555 2910 
167800 3560 3181 
167850 3548 3368 
167900 3560 3491 
167950 3558 3536 
168000 3569 3556 
168050 3296 2165 
168100 3403 1228 
168150 3523 833 
168200 3520 481 
168250 3521 270 
168300 3529 145 
168350 3551 59 
168400 3550 15 
168450 3565 4 
168500 3547 6 
168550 3562 415 
168600 3543 1143 
168650 3544 1692 
168700 3536 2163 
168750 3520 2625 
168800 3540 2925 
168850 3540 3147 
168900 3539 3306 
168950 3527 3394 
169000 3542 3485 
169050 3318 2091 
169100 3418 1080 
169150 3533 500 
169200 3533 223 
169250 3526 53 
169300 3531 8 
169350 3553 3 
169400 3547 2 
169450 3554 1 
169500 3550 0 
169550 3496 193 
169600 3477 943 
169650 3441 1601 
169700 3458 2107 
169750 3484 2548 
169800 3504 2847 
169850 3517 3053 
169900 3525 3208 
169950 3528 3329 
170000 3540 3435 
170050 3364 2003 
170100 3435 1143 
170150 3468 619 
170200 3530 367 
170250 3541 162 
170300 3552 31 
170350 3537 4 
170400 3531 5 
170450 3542 0 
170500 3544 2 
170550 3546 4 
170600 3440 150 
170650 3426 957 
170700 3413 1521 
170750 3430 2011 
170800 3458 2447 
170850 3523 2775 
170900 3539 3051 
170950 3546 3240 
171000 3545 3352 
171050 3318 2121 
171100 3415 1120 
171150 3504 515 
171200 3519 244 
171250 3551 65 
171300 3536 8 
171350 3529 3 
171400 3534 2 
171450 3547 6 
171500 3546 1 
171550 3542 579 
171600 3551 1217 
171650 3558 1795 
171700 3555 2269 
171750 3563 2719 
171800 3552 3016 
171850 3562 3246 
171900 3556 3380 
171950 3563 3469 
172000 3556 3502 
172050 3360 2012 
172100 3469 912 
172150 3520 391 
172200 3550 134 
172250 3545 42 
172300 3548 7 
172350 3542 8 
172400 3557 3 
172450 3550 3 
172500 3547 3 
172550 3532 174 
172600 3537 885 
172650 3545 1515 
172700 3554 2059 
172750 3548 2489 
172800 3570 2867 
172850 3550 3155 
172900 3531 3336 
172950 3530 3437 
173000 3555 3531 
173050 3318 2139 
173100 3433 1087 
173150 3510 545 
173200 3551 209 
173250 3547 45 
173300 3554 9 
173350 3561 9 
173400 3547 2 
173450 3556 4 
173500 3542 1 
173550 3544 394 
173600 3552 1374 
173650 3557 2078 
173700 3543 2544 
173750 3554 2926 
173800 3542 3218 
173850 3567 3444 
173900 3561 3513 
173950 3556 3536 
174000 3550 3537 
174050 3285 2399 
174100 3454 1839 
174150 3448 1332 
174200 3458 937 
174250 3500 636 
174300 3533 403 
174350 3561 220 
174400 3549 103 
174450 3549 28 
174500 3566 10 
174550 3558 464 
174600 3534 1160 
174650 3524 1688 
174700 3538 2192 
174750 3558 2598 
174800 3547 2940 
174850 3555 3171 
174900 3566 3347 
174950 3551 3443 
175000 3536 3488 
175050 3337 2056 
175100 3425 1189 
175150 3488 601 
175200 3539 304 
175250 3555 140 
175300 3547 48 
175350 3548 14 
175400 3558 0 
175450 3573 1 
175500 3565 0 
175550 3560 90 
175600 3540 844 
175650 3539 1405 
175700 3551 1959 
175750 3552 2422 
175800 3567 2834 
175850 3555 3110 
175900 3538 3289 
175950 3569 3429 
176000 3558 3494 
176050 3312 2035 
176100 3462 1024 
176150 3514 427 
176200 3545 160 
176250 3554 55 
176300 3558 12 
176350 3555 5 
176400 3552 6 
176450 3552 2 
176500 3561 3 
176550 3547 772 
176600 3550 1482 
176650 3549 2133 
176700 3546 2611 
176750 3545 2975 
176800 3550 3242 
176850 3562 3413 
176900 3557 3485 
176950 3565 3527 
177000 3557 3539 
177050 3368 1977 
177100 3471 849 
177150 3537 368 
177200 3548 201 
177250 3559 82 
177300 3562 26 
177350 3553 15 
177400 3544 7 
177450 3545 7 
177500 3544 4 
177550 3509 315 
177600 3476 1164 
177650 3478 1861 
177700 3498 2349 
177750 3521 2704 
177800 3537 2965 
177850 3555 3184 
177900 3540 3356 
177950 3550 3443 
178000 3549 3495 
178050 3315 2177 
178100 3390 1176 
178150 3496 652 
178200 3520 362 
178250 3529 175 
178300 3548 53 
178350 3549 22 
178400 3544 7 
178450 3557 2 
178500 3541 2 
178550 3554 617 
178600 3529 1424 
178650 3536 2135 
178700 3545 2687 
178750 3539 3072 
178800 3557 3341 
178850 3543 3469 
178900 3551 3534 
178950 3558 3548 
179000 3547 3538 
179050 3307 2240 
179100 3418 1223 
179150 3521 771 
179200 3542 377 
179250 3555 163 
179300 3551 57 
179350 3544 12 
179400 3561 1 
179450 3548 6 
179500 3563 4 
179550 3546 687 
179600 3545 1343 
179650 3532 1881 
179700 3545 2371 
179750 3555 2777 
179800 3543 3068 
179850 3555 3285 
179900 3552 3391 
179950 3549 3478 
180000 3546 3525 
180050 3324 2161 
180100 3445 1019 
180150 3528 489 
180200 3545 195 
180250 3550 61 
180300 3559 16 
180350 3544 3 
180400 3555 2 
180450 3548 3 
180500 3543 6 
180550 3563 350 
180600 3554 1046 
180650 3570 1637 
180700 3564 2093 
180750 3565 2514 
180800 3549 2900 
180850 3564 3173 
180900 3552 3307 
180950 3551 3413 
181000 3541 3501 
181050 3293 2184 
181100 3414 1228 
181150 3519 719 
181200 3542 324 
181250 3548 96 
181300 3565 22 
181350 3562 3 
181400 3565 5 
181450 3557 2 
181500 3556 7 
181550 3552 575 
181600 3555 1252 
181650 3565 1858 
181700 3554 2346 
181750 3561 2752 
181800 3555 3089 
181850 3554 3306 
181900 3570 3436 
181950 3548 3493 
182000 3550 3530 
182050 3321 2222 
182100 3428 1181 
182150 3522 621 
182200 3539 275 
182250 3539 101 
182300 3558 16 
182350 3552 2 
182400 3568 3 
182450 3560 5 
182500 3555 2 
182550 3558 569 
182600 3555 1242 
182650 3542 1760 
182700 3557 2291 
182750 3547 2695 
182800 3552 3019 
182850 3562 3227 
182900 3548 3361 
182950 3537 3413 
183000 3546 3485 
183050 3251 2330 
183100 3324 1356 
183150 3465 936 
183200 3493 549 
183250 3527 326 
183300 3538 181 
183350 3554 77 
183400 3556 22 
183450 3554 5 
183500 3545 8 
183550 3548 1 
183600 3539 544 
183650 3546 1151 
183700 3550 1683 
183750 3550 2210 
183800 3548 2681 
183850 3554 2979 
183900 3554 3140 
183950 3550 3288 
184000 3553 3400 
184050 3295 2375 
184100 3330 1643 
184150 3511 1322 
184200 3495 894 
184250 3500 568 
184300 3497 351 
184350 3504 226 
184400 3529 146 
184450 3538 82 
184500 3545 36 
184550 3541 677 
184600 3546 1321 
184650 3539 1843 
184700 3544 2344 
184750 3555 2721 
184800 3561 3004 
184850 3550 3184 
184900 3549 3299 
184950 3553 3393 
185000 3545 3470 
185050 3279 2265 
185100 3367 1309 
185150 3491 875 
185200 3511 505 
185250 3520 246 
185300 3548 96 
185350 3554 29 
185400 3568 5 
185450 3563 2 
185500 3546 5 
185550 3540 332 
185600 3532 1143 
185650 3537 1727 
185700 3539 2143 
185750 3526 2504 
185800 3530 2817 
185850 3561 3093 
185900 3564 3275 
185950 3552 3404 
186000 3558 3502 
186050 3319 2297 
186100 3402 1292 
186150 3513 769 
186200 3535 387 
186250 3561 182 
186300 3556 52 
186350 3553 10 
186400 3538 4 
186450 3549 3 
186500 3548 1 
186550 3495 57 
186600 3549 765 
186650 3560 1404 
186700 3550 1896 
186750 3546 2405 
186800 3545 2840 
186850 3555 3151 
186900 3562 3343 
186950 3553 3449 
187000 3559 3524 
187050 3266 2402 
187100 3454 1683 
187150 3516 1118 
187200 3507 659 
187250 3519 378 
187300 3526 225 
187350 3535 131 
187400 3536 61 
187450 3561 18 
187500 3567 3 
187550 3562 440 
187600 3562 1200 
187650 3558 1796 
187700 3560 2244 
187750 3548 2634 
187800 3541 2921 
187850 3552 3136 
187900 3555 3261 
187950 3556 3355 
188000 3546 3418 
188050 3278 2400 
188100 3306 1702 
188150 3510 1389 
188200 3516 941 
188250 3503 582 
188300 3528 342 
188350 3546 192 
188400 3549 118 
188450 3548 40 
188500 3560 9 
188550 3547 0 
188600 3559 0 
188650 3555 290 
188700 3559 979 
188750 3558 1588 
188800 3557 2088 
188850 3559 2573 
188900 3542 2910 
188950 3547 3186 
189000 3566 3325 
189050 3390 2068 
189100 3485 1046 
189150 3512 488 
189200 3542 210 
189250 3559 81 
189300 3542 21 
189350 3543 4 
189400 3549 2 
189450 3551 2 
189500 3563 2 
189550 3533 32 
189600 3508 792 
189650 3474 1479 
189700 3476 1990 
189750 3472 2402 
189800 3515 2749 
189850 3543 3021 
189900 3555 3236 
189950 3553 3410 
190000 3569 3509 
190050 3296 2198 
190100 3421 1217 
190150 3528 702 
190200 3546 385 
190250 3549 155 
190300 3555 28 
190350 3551 0 
190400 3550 2 
190450 3561 2 
190500 3547 1 
190550 3541 0 
190600 3564 0 
190650 3533 146 
190700 3550 937 
190750 3565 1509 
190800 3563 2040 
190850 3560 2478 
190900 3566 2868 
190950 3564 3123 
191000 3567 3272 
191050 3328 2257 
191100 3405 1385 
191150 3456 844 
191200 3523 577 
191250 3531 325 
191300 3533 152 
191350 3562 56 
191400 3561 7 
191450 3565 4 
191500 3549 4 
191550 3556 137 
191600 3559 885 
191650 3554 1450 
191700 3549 1990 
191750 3546 2443 
191800 3566 2786 
191850 3571 3074 
191900 3558 3263 
191950 3559 3403 
192000 3554 3477 
192050 3233 2477 
192100 3461 1800 
192150 3488 1275 
192200 3489 886 
192250 3494 615 
192300 3493 383 
192350 3494 208 
192400 3520 82 
192450 3541 22 
192500 3566 2 
192550 3563 502 
192600 3555 1210 
192650 3564 1711 
192700 3567 2231 
192750 3560 2700 
192800 3553 3027 
192850 3557 3224 
192900 3545 3359 
192950 3561 3506 
193000 3544 3531 
193050 3308 2142 
193100 3425 1038 
193150 3513 532 
193200 3558 257 
193250 3560 76 
193300 3557 14 
193350 3560 4 
193400 3560 10 
193450 3556 5 
193500 3560 4 
193550 3573 587 
193600 3572 1327 
193650 3564 2006 
193700 3562 2572 
193750 3560 2974 
193800 3557 3245 
193850 3566 3430 
193900 3540 3487 
193950 3563 3544 
194000 3566 3550 
194050 3331 2264 
194100 3447 1212 
194150 3539 875 
194200 3536 600 
194250 3550 398 
194300 3533 229 
194350 3553 107 
194400 3555 38 
194450 3555 11 
194500 3569 2 
194550 3573 74 
194600 3559 924 
194650 3562 1466 
194700 3552 1907 
194750 3556 2375 
194800 3540 2781 
194850 3551 3161 
194900 3545 3382 
194950 3560 3496 
195000 3556 3536 
195050 3360 2034 
195100 3452 1008 
195150 3481 501 
195200 3528 308 
195250 3543 131 
195300 3550 48 
195350 3545 13 
195400 3552 0 
195450 3567 1 
195500 3557 1 
195550 3551 410 
195600 3543 1203 
195650 3550 1774 
195700 3554 2253 
195750 3548 2696 
195800 3551 2967 
195850 3564 3200 
195900 3571 3375 
195950 3558 3448 
196000 3560 3502 
196050 3309 2233 
196100 3427 1238 
196150 3515 705 
196200 3545 384 
196250 3559 185 
196300 3557 85 
196350 3561 27 
196400 3563 13 
196450 3561 5 
196500 3551 1 
196550 3564 303 
196600 3546 958 
196650 3550 1604 
196700 3549 2134 
196750 3556 2589 
196800 3543 2904 
196850 3541 3129 
196900 3561 3302 
196950 3562 3420 
197000 3570 3505 
197050 3378 1921 
197100 3453 872 
197150 3512 366 
197200 3540 137 
197250 3534 67 
197300 3552 23 
197350 3546 14 
197400 3556 17 
197450 3571 4 
197500 3546 9 
197550 3556 728 
197600 3567 1546 
197650 3562 2043 
197700 3565 2467 
197750 3552 2795 
197800 3547 3088 
197850 3552 3313 
197900 3561 3441 
197950 3555 3507 
198000 3572 3542 
198050 3302 2249 
198100 3408 1350 
198150 3518 848 
198200 3533 432 
198250 3554 180 
198300 3556 68 
198350 3549 25 
198400 3557 10 
198450 3576 9 
198500 3563 2 
198550 3552 573 
198600 3562 1342 
198650 3548 1965 
198700 3560 2466 
198750 3548 2782 
198800 3543 3031 
198850 3555 3221 
198900 3550 3368 
198950 3562 3482 
199000 3565 3531 
199050 3398 1962 
199100 3483 903 
199150 3544 316 
199200 3554 102 
199250 3540 18 
199300 3550 4 
199350 3565 1 
199400 3552 8 
199450 3535 5 
199500 3542 2 
199550 3553 3 
199600 3552 844 
199650 3557 1629 
199700 3553 2166 
199750 3533 2594 
199800 3545 3010 
199850 3565 3314 
199900 3564 3458 
199950 3548 3514 
200000 3563 3543 
