# Avida tasks data
# Fri Apr  6 23:57:35 2012
# First column gives the current update, next columns give the number
# of organisms that have the particular task as a component of their merit
#  1: Update
#  2: Xor
#  3: Equals

0 0 0 
50 7 7 
100 29 29 
150 83 83 
200 189 189 
250 368 370 
300 601 603 
350 861 858 
400 1178 1180 
450 1572 1575 
500 2020 2018 
550 2495 2490 
600 3028 3024 
650 3357 3361 
700 3503 3508 
750 3527 3528 
800 3539 3542 
850 3537 3532 
900 3529 3532 
950 3533 3532 
1000 3537 3536 
1050 3525 3525 
1100 3531 3536 
1150 3539 3538 
1200 3534 3536 
1250 3530 3531 
1300 3536 3536 
1350 3540 3544 
1400 3542 3546 
1450 3533 3534 
1500 3538 3536 
1550 3545 3541 
1600 3535 3537 
1650 3545 3544 
1700 3532 3531 
1750 3528 3519 
1800 3536 3533 
1850 3545 3544 
1900 3531 3538 
1950 3534 3534 
2000 3532 3533 
2050 3544 3545 
2100 3545 3550 
2150 3524 3530 
2200 3541 3543 
2250 3541 3542 
2300 3536 3536 
2350 3530 3530 
2400 3539 3545 
2450 3535 3534 
2500 3555 3557 
2550 3557 3553 
2600 3523 3522 
2650 3530 3533 
2700 3536 3539 
2750 3530 3536 
2800 3539 3542 
2850 3543 3548 
2900 3530 3537 
2950 3545 3545 
3000 3511 3510 
3050 3533 3530 
3100 3539 3542 
3150 3536 3538 
3200 3553 3552 
3250 3545 3540 
3300 3545 3540 
3350 3542 3536 
3400 3547 3553 
3450 3544 3544 
3500 3555 3551 
3550 3537 3533 
3600 3530 3528 
3650 3537 3542 
3700 3547 3547 
3750 3533 3526 
3800 3536 3537 
3850 3537 3534 
3900 3538 3534 
3950 3547 3553 
4000 3545 3547 
4050 3535 3538 
4100 3535 3540 
4150 3544 3546 
4200 3539 3537 
4250 3535 3536 
4300 3535 3526 
4350 3549 3544 
4400 3534 3529 
4450 3539 3538 
4500 3524 3524 
4550 3552 3556 
4600 3548 3544 
4650 3538 3540 
4700 3539 3538 
4750 3552 3553 
4800 3537 3538 
4850 3525 3530 
4900 3547 3551 
4950 3546 3545 
5000 3547 3542 
5050 3547 3539 
5100 3548 3552 
5150 3554 3558 
5200 3535 3541 
5250 3550 3554 
5300 3544 3542 
5350 3563 3557 
5400 3539 3541 
5450 3532 3538 
5500 3544 3543 
5550 3543 3535 
5600 3539 3536 
5650 3565 3566 
5700 3540 3542 
5750 3550 3549 
5800 3545 3546 
5850 3551 3549 
5900 3534 3536 
5950 3539 3544 
6000 3542 3537 
6050 3548 3539 
6100 3544 3542 
6150 3546 3542 
6200 3530 3533 
6250 3543 3545 
6300 3532 3529 
6350 3561 3562 
6400 3547 3545 
6450 3550 3551 
6500 3542 3545 
6550 3560 3554 
6600 3558 3562 
6650 3554 3551 
6700 3557 3557 
6750 3550 3550 
6800 3542 3548 
6850 3552 3547 
6900 3560 3557 
6950 3541 3540 
7000 3538 3537 
7050 3571 3565 
7100 3549 3552 
7150 3540 3543 
7200 3550 3552 
7250 3549 3546 
7300 3556 3551 
7350 3543 3541 
7400 3551 3552 
7450 3546 3540 
7500 3533 3524 
7550 3536 3535 
7600 3549 3550 
7650 3552 3550 
7700 3554 3548 
7750 3546 3547 
7800 3543 3541 
7850 3552 3553 
7900 3530 3531 
7950 3539 3544 
8000 3549 3559 
8050 3547 3556 
8100 3556 3558 
8150 3546 3553 
8200 3548 3543 
8250 3558 3556 
8300 3531 3528 
8350 3550 3551 
8400 3548 3548 
8450 3549 3553 
8500 3543 3546 
8550 3542 3538 
8600 3535 3545 
8650 3543 3546 
8700 3551 3553 
8750 3561 3563 
8800 3558 3557 
8850 3553 3553 
8900 3545 3543 
8950 3544 3543 
9000 3548 3551 
9050 3539 3541 
9100 3532 3534 
9150 3548 3546 
9200 3550 3548 
9250 3555 3553 
9300 3540 3548 
9350 3545 3548 
9400 3552 3555 
9450 3545 3545 
9500 3540 3543 
9550 3555 3565 
9600 3562 3555 
9650 3535 3538 
9700 3552 3555 
9750 3535 3532 
9800 3544 3547 
9850 3536 3544 
9900 3550 3546 
9950 3538 3535 
10000 3547 3550 
10050 3566 3561 
10100 3547 3547 
10150 3558 3554 
10200 3539 3538 
10250 3546 3543 
10300 3540 3540 
10350 3552 3562 
10400 3544 3550 
10450 3537 3536 
10500 3542 3537 
10550 3523 3527 
10600 3543 3542 
10650 3571 3570 
10700 3556 3558 
10750 3534 3533 
10800 3541 3535 
10850 3541 3540 
10900 3556 3553 
10950 3556 3551 
11000 3545 3542 
11050 3555 3562 
11100 3540 3535 
11150 3554 3550 
11200 3546 3544 
11250 3558 3551 
11300 3566 3560 
11350 3550 3552 
11400 3550 3550 
11450 3553 3562 
11500 3546 3548 
11550 3555 3547 
11600 3547 3539 
11650 3542 3541 
11700 3551 3551 
11750 3540 3539 
11800 3537 3531 
11850 3541 3545 
11900 3555 3555 
11950 3532 3528 
12000 3544 3545 
12050 3541 3547 
12100 3541 3539 
12150 3539 3539 
12200 3545 3538 
12250 3527 3529 
12300 3551 3546 
12350 3544 3548 
12400 3551 3544 
12450 3538 3542 
12500 3545 3549 
12550 3551 3553 
12600 3542 3542 
12650 3560 3555 
12700 3549 3545 
12750 3550 3546 
12800 3546 3536 
12850 3531 3528 
12900 3525 3521 
12950 3542 3549 
13000 3550 3553 
13050 3559 3563 
13100 3549 3548 
13150 3548 3553 
13200 3535 3537 
13250 3557 3552 
13300 3545 3536 
13350 3530 3528 
13400 3547 3548 
13450 3555 3555 
13500 3552 3553 
13550 3551 3555 
13600 3532 3538 
13650 3544 3541 
13700 3548 3547 
13750 3548 3547 
13800 3546 3546 
13850 3563 3565 
13900 3550 3551 
13950 3547 3546 
14000 3545 3547 
14050 3530 3526 
14100 3533 3533 
14150 3541 3538 
14200 3541 3548 
14250 3554 3557 
14300 3535 3537 
14350 3524 3525 
14400 3556 3553 
14450 3542 3539 
14500 3516 3521 
14550 3537 3545 
14600 3536 3534 
14650 3534 3529 
14700 3555 3552 
14750 3538 3540 
14800 3556 3558 
14850 3546 3547 
14900 3546 3551 
14950 3540 3542 
15000 3542 3536 
15050 3544 3537 
15100 3557 3554 
15150 3526 3526 
15200 3542 3544 
15250 3544 3537 
15300 3535 3535 
15350 3550 3548 
15400 3532 3536 
15450 3541 3545 
15500 3540 3541 
15550 3545 3544 
15600 3563 3558 
15650 3547 3551 
15700 3563 3561 
15750 3557 3552 
15800 3557 3551 
15850 3540 3536 
15900 3551 3555 
15950 3528 3531 
16000 3541 3538 
16050 3538 3536 
16100 3541 3542 
16150 3537 3542 
16200 3537 3541 
16250 3553 3553 
16300 3553 3553 
16350 3530 3537 
16400 3548 3545 
16450 3545 3541 
16500 3541 3536 
16550 3547 3539 
16600 3538 3534 
16650 3539 3533 
16700 3540 3537 
16750 3545 3549 
16800 3557 3553 
16850 3532 3534 
16900 3553 3551 
16950 3545 3543 
17000 3542 3543 
17050 3538 3542 
17100 3533 3532 
17150 3545 3544 
17200 3542 3537 
17250 3536 3540 
17300 3555 3549 
17350 3533 3537 
17400 3551 3544 
17450 3548 3550 
17500 3550 3549 
17550 3549 3550 
17600 3540 3540 
17650 3555 3554 
17700 3548 3542 
17750 3535 3538 
17800 3531 3529 
17850 3548 3545 
17900 3559 3561 
17950 3549 3538 
18000 3544 3539 
18050 3555 3554 
18100 3543 3541 
18150 3530 3526 
18200 3525 3525 
18250 3562 3554 
18300 3547 3541 
18350 3539 3535 
18400 3537 3540 
18450 3538 3541 
18500 3536 3529 
18550 3547 3546 
18600 3547 3546 
18650 3543 3547 
18700 3551 3558 
18750 3545 3550 
18800 3547 3549 
18850 3529 3529 
18900 3556 3553 
18950 3554 3549 
19000 3542 3541 
19050 3547 3546 
19100 3532 3529 
19150 3522 3532 
19200 3549 3548 
19250 3554 3554 
19300 3552 3550 
19350 3546 3548 
19400 3533 3538 
19450 3537 3541 
19500 3547 3547 
19550 3547 3551 
19600 3521 3518 
19650 3551 3548 
19700 3543 3546 
19750 3547 3556 
19800 3523 3528 
19850 3541 3547 
19900 3559 3561 
19950 3548 3552 
20000 3536 3543 
20050 3550 3553 
20100 3550 3542 
20150 3535 3536 
20200 3538 3535 
20250 3547 3543 
20300 3535 3538 
20350 3549 3551 
20400 3535 3544 
20450 3549 3559 
20500 3542 3542 
20550 3549 3544 
20600 3542 3541 
20650 3546 3546 
20700 3535 3530 
20750 3528 3536 
20800 3539 3543 
20850 3543 3550 
20900 3537 3541 
20950 3543 3541 
21000 3555 3553 
21050 3560 3554 
21100 3542 3545 
21150 3544 3547 
21200 3543 3545 
21250 3525 3530 
21300 3530 3531 
21350 3530 3545 
21400 3542 3549 
21450 3542 3554 
21500 3545 3550 
21550 3539 3545 
21600 3534 3535 
21650 3540 3538 
21700 3543 3549 
21750 3540 3553 
21800 3541 3540 
21850 3548 3553 
21900 3559 3557 
21950 3543 3554 
22000 3531 3546 
22050 3542 3554 
22100 3544 3558 
22150 3543 3547 
22200 3546 3556 
22250 3548 3557 
22300 3523 3540 
22350 3547 3553 
22400 3536 3539 
22450 3541 3549 
22500 3532 3547 
22550 3548 3559 
22600 3537 3547 
22650 3526 3538 
22700 3544 3550 
22750 3540 3554 
22800 3538 3549 
22850 3522 3539 
22900 3528 3543 
22950 3527 3537 
23000 3560 3566 
23050 3539 3538 
23100 3530 3547 
23150 3517 3540 
23200 3537 3543 
23250 3539 3545 
23300 3540 3545 
23350 3536 3553 
23400 3543 3554 
23450 3537 3546 
23500 3544 3561 
23550 3534 3560 
23600 3523 3541 
23650 3528 3546 
23700 3539 3541 
23750 3545 3545 
23800 3529 3530 
23850 3561 3567 
23900 3543 3554 
23950 3532 3548 
24000 3539 3547 
24050 3527 3543 
24100 3520 3536 
24150 3538 3554 
24200 3549 3560 
24250 3538 3546 
24300 3538 3541 
24350 3536 3542 
24400 3529 3541 
24450 3535 3543 
24500 3537 3553 
24550 3537 3548 
24600 3527 3543 
24650 3541 3550 
24700 3555 3559 
24750 3545 3553 
24800 3543 3560 
24850 3548 3560 
24900 3535 3546 
24950 3534 3541 
25000 3561 3570 
25050 3541 3555 
25100 3544 3555 
25150 3537 3546 
25200 3547 3560 
25250 3537 3556 
25300 3533 3555 
25350 3531 3548 
25400 3531 3547 
25450 3525 3537 
25500 3523 3542 
25550 3524 3538 
25600 3543 3557 
25650 3547 3562 
25700 3545 3552 
25750 3541 3552 
25800 3536 3549 
25850 3557 3562 
25900 3533 3545 
25950 3539 3552 
26000 3545 3555 
26050 3524 3538 
26100 3528 3546 
26150 3522 3542 
26200 3535 3558 
26250 3551 3570 
26300 3512 3543 
26350 3542 3552 
26400 3549 3554 
26450 3535 3547 
26500 3542 3554 
26550 3536 3549 
26600 3511 3528 
26650 3529 3540 
26700 3548 3548 
26750 3553 3557 
26800 3540 3557 
26850 3552 3559 
26900 3534 3541 
26950 3528 3543 
27000 3525 3536 
27050 3549 3549 
27100 3552 3557 
27150 3547 3549 
27200 3534 3547 
27250 3557 3554 
27300 3549 3555 
27350 3548 3551 
27400 3535 3546 
27450 3521 3543 
27500 3534 3557 
27550 3544 3553 
27600 3540 3553 
27650 3535 3545 
27700 3542 3551 
27750 3540 3548 
27800 3528 3533 
27850 3535 3552 
27900 3550 3557 
27950 3533 3538 
28000 3545 3557 
28050 3545 3546 
28100 3553 3563 
28150 3539 3544 
28200 3540 3543 
28250 3548 3553 
28300 3532 3553 
28350 3528 3536 
28400 3547 3554 
28450 3536 3543 
28500 3539 3534 
28550 3540 3549 
28600 3543 3561 
28650 3540 3549 
28700 3556 3564 
28750 3549 3557 
28800 3542 3549 
28850 3539 3550 
28900 3542 3553 
28950 3551 3554 
29000 3546 3552 
29050 3548 3559 
29100 3543 3549 
29150 3553 3553 
29200 3530 3546 
29250 3544 3545 
29300 3522 3533 
29350 3521 3538 
29400 3536 3553 
29450 3528 3548 
29500 3527 3539 
29550 3535 3542 
29600 3536 3543 
29650 3555 3561 
29700 3551 3557 
29750 3543 3553 
29800 3545 3549 
29850 3548 3557 
29900 3549 3565 
29950 3538 3553 
30000 3550 3557 
30050 3540 3545 
30100 3537 3549 
30150 3535 3553 
30200 3531 3546 
30250 3547 3548 
30300 3549 3549 
30350 3558 3557 
30400 3534 3546 
30450 3539 3551 
30500 3535 3546 
30550 3532 3544 
30600 3539 3548 
30650 3550 3555 
30700 3537 3553 
30750 3531 3542 
30800 3547 3559 
30850 3542 3555 
30900 3538 3547 
30950 3535 3540 
31000 3544 3555 
31050 3550 3556 
31100 3548 3555 
31150 3529 3550 
31200 3546 3543 
31250 3515 3525 
31300 3540 3544 
31350 3537 3544 
31400 3544 3559 
31450 3547 3551 
31500 3551 3556 
31550 3540 3545 
31600 3539 3555 
31650 3544 3547 
31700 3544 3549 
31750 3544 3551 
31800 3551 3556 
31850 3543 3550 
31900 3545 3548 
31950 3545 3551 
32000 3547 3551 
32050 3538 3548 
32100 3550 3561 
32150 3538 3554 
32200 3537 3547 
32250 3547 3554 
32300 3542 3556 
32350 3541 3551 
32400 3543 3554 
32450 3542 3551 
32500 3538 3551 
32550 3530 3532 
32600 3535 3536 
32650 3540 3552 
32700 3534 3545 
32750 3542 3548 
32800 3554 3561 
32850 3559 3570 
32900 3533 3540 
32950 3529 3542 
33000 3547 3566 
33050 3527 3545 
33100 3537 3545 
33150 3516 3525 
33200 3540 3547 
33250 3535 3540 
33300 3536 3546 
33350 3526 3541 
33400 3532 3541 
33450 3541 3553 
33500 3552 3558 
33550 3542 3542 
33600 3558 3567 
33650 3535 3549 
33700 3536 3541 
33750 3558 3573 
33800 3545 3561 
33850 3544 3554 
33900 3545 3563 
33950 3552 3558 
34000 3537 3542 
34050 3554 3546 
34100 3544 3542 
34150 3526 3530 
34200 3530 3538 
34250 3534 3537 
34300 3544 3550 
34350 3532 3541 
34400 3550 3552 
34450 3542 3547 
34500 3535 3539 
34550 3532 3552 
34600 3555 3562 
34650 3552 3553 
34700 3545 3545 
34750 3545 3559 
34800 3532 3536 
34850 3562 3568 
34900 3547 3554 
34950 3532 3541 
35000 3543 3555 
35050 3553 3553 
35100 3557 3559 
35150 3530 3538 
35200 3541 3544 
35250 3553 3557 
35300 3538 3547 
35350 3539 3543 
35400 3533 3541 
35450 3543 3556 
35500 3543 3556 
35550 3543 3559 
35600 3545 3546 
35650 3549 3556 
35700 3533 3544 
35750 3552 3570 
35800 3564 3565 
35850 3554 3564 
35900 3542 3551 
35950 3554 3568 
36000 3554 3564 
36050 3544 3547 
36100 3527 3538 
36150 3552 3561 
36200 3543 3553 
36250 3534 3538 
36300 3558 3560 
36350 3527 3545 
36400 3531 3547 
36450 3526 3537 
36500 3541 3552 
36550 3541 3542 
36600 3553 3561 
36650 3546 3566 
36700 3551 3555 
36750 3541 3546 
36800 3546 3557 
36850 3555 3564 
36900 3537 3552 
36950 3548 3560 
37000 3540 3545 
37050 3541 3554 
37100 3555 3559 
37150 3536 3543 
37200 3515 3529 
37250 3526 3545 
37300 3544 3554 
37350 3526 3540 
37400 3539 3552 
37450 3550 3561 
37500 3545 3551 
37550 3565 3573 
37600 3556 3566 
37650 3534 3544 
37700 3550 3556 
37750 3541 3544 
37800 3535 3540 
37850 3553 3560 
37900 3536 3539 
37950 3546 3554 
38000 3535 3550 
38050 3536 3549 
38100 3535 3541 
38150 3540 3549 
38200 3543 3555 
38250 3548 3558 
38300 3541 3541 
38350 3549 3553 
38400 3537 3553 
38450 3536 3538 
38500 3548 3558 
38550 3538 3551 
38600 3545 3556 
38650 3530 3543 
38700 3552 3564 
38750 3528 3536 
38800 3519 3538 
38850 3550 3551 
38900 3541 3535 
38950 3546 3550 
39000 3530 3547 
39050 3536 3548 
39100 3544 3547 
39150 3546 3554 
39200 3550 3552 
39250 3549 3552 
39300 3554 3558 
39350 3546 3555 
39400 3560 3562 
39450 3541 3543 
39500 3542 3550 
39550 3561 3566 
39600 3539 3548 
39650 3541 3550 
39700 3525 3545 
39750 3555 3568 
39800 3552 3550 
39850 3553 3565 
39900 3530 3545 
39950 3551 3562 
40000 3541 3548 
40050 3544 3550 
40100 3539 3548 
40150 3546 3554 
40200 3554 3569 
40250 3546 3548 
40300 3557 3564 
40350 3553 3555 
40400 3545 3562 
40450 3551 3561 
40500 3538 3547 
40550 3548 3554 
40600 3550 3557 
40650 3546 3546 
40700 3547 3549 
40750 3541 3557 
40800 3546 3553 
40850 3540 3548 
40900 3550 3558 
40950 3547 3558 
41000 3553 3563 
41050 3540 3546 
41100 3544 3549 
41150 3566 3564 
41200 3558 3568 
41250 3532 3541 
41300 3559 3562 
41350 3524 3548 
41400 3544 3546 
41450 3549 3554 
41500 3558 3564 
41550 3548 3556 
41600 3539 3541 
41650 3559 3557 
41700 3559 3570 
41750 3538 3541 
41800 3537 3550 
41850 3551 3553 
41900 3543 3549 
41950 3539 3553 
42000 3543 3550 
42050 3548 3557 
42100 3550 3552 
42150 3542 3547 
42200 3555 3551 
42250 3555 3559 
42300 3548 3559 
42350 3540 3550 
42400 3542 3550 
42450 3553 3564 
42500 3551 3558 
42550 3532 3536 
42600 3538 3550 
42650 3550 3557 
42700 3548 3559 
42750 3549 3559 
42800 3541 3555 
42850 3551 3556 
42900 3555 3556 
42950 3527 3532 
43000 3526 3532 
43050 3547 3566 
43100 3554 3559 
43150 3549 3556 
43200 3550 3564 
43250 3555 3564 
43300 3550 3561 
43350 3558 3562 
43400 3546 3542 
43450 3553 3555 
43500 3534 3556 
43550 3561 3567 
43600 3556 3558 
43650 3551 3549 
43700 3539 3545 
43750 3536 3543 
43800 3543 3548 
43850 3553 3557 
43900 3538 3553 
43950 3522 3527 
44000 3542 3548 
44050 3557 3563 
44100 3538 3550 
44150 3544 3542 
44200 3540 3551 
44250 3545 3551 
44300 3534 3542 
44350 3554 3554 
44400 3534 3538 
44450 3532 3542 
44500 3550 3543 
44550 3538 3547 
44600 3551 3558 
44650 3542 3555 
44700 3538 3548 
44750 3541 3552 
44800 3535 3541 
44850 3554 3551 
44900 3549 3551 
44950 3537 3544 
45000 3547 3555 
45050 3546 3550 
45100 3551 3559 
45150 3543 3546 
45200 3557 3564 
45250 3535 3541 
45300 3551 3561 
45350 3547 3553 
45400 3536 3545 
45450 3549 3552 
45500 3538 3551 
45550 3555 3557 
45600 3552 3550 
45650 3538 3546 
45700 3544 3544 
45750 3551 3551 
45800 3543 3550 
45850 3526 3541 
45900 3552 3560 
45950 3558 3564 
46000 3548 3542 
46050 3546 3552 
46100 3543 3551 
46150 3531 3539 
46200 3545 3551 
46250 3538 3545 
46300 3540 3553 
46350 3553 3558 
46400 3541 3548 
46450 3539 3552 
46500 3558 3559 
46550 3545 3548 
46600 3530 3540 
46650 3554 3557 
46700 3545 3548 
46750 3524 3526 
46800 3539 3542 
46850 3542 3557 
46900 3529 3533 
46950 3536 3551 
47000 3555 3565 
47050 3553 3564 
47100 3541 3551 
47150 3547 3552 
47200 3549 3555 
47250 3534 3546 
47300 3552 3562 
47350 3535 3544 
47400 3549 3556 
47450 3536 3535 
47500 3553 3561 
47550 3543 3553 
47600 3538 3554 
47650 3561 3562 
47700 3548 3561 
47750 3537 3553 
47800 3536 3546 
47850 3547 3552 
47900 3554 3553 
47950 3563 3572 
48000 3550 3551 
48050 3544 3541 
48100 3542 3552 
48150 3552 3559 
48200 3542 3545 
48250 3551 3557 
48300 3543 3562 
48350 3550 3557 
48400 3541 3550 
48450 3549 3556 
48500 3539 3538 
48550 3530 3546 
48600 3547 3546 
48650 3552 3567 
48700 3540 3553 
48750 3548 3548 
48800 3541 3543 
48850 3538 3551 
48900 3546 3552 
48950 3546 3551 
49000 3524 3537 
49050 3548 3561 
49100 3544 3555 
49150 3567 3579 
49200 3553 3560 
49250 3546 3551 
49300 3551 3555 
49350 3555 3555 
49400 3534 3557 
49450 3541 3557 
49500 3525 3539 
49550 3562 3558 
49600 3551 3555 
49650 3553 3557 
49700 3556 3555 
49750 3547 3552 
49800 3540 3556 
49850 3542 3552 
49900 3540 3544 
49950 3564 3566 
50000 3547 3555 
50050 3546 3548 
50100 3559 3566 
50150 3560 3570 
50200 3541 3547 
50250 3542 3546 
50300 3544 3548 
50350 3548 3557 
50400 3541 3549 
50450 3546 3545 
50500 3542 3551 
50550 3553 3559 
50600 3553 3554 
50650 3557 3564 
50700 3556 3560 
50750 3547 3549 
50800 3549 3554 
50850 3541 3554 
50900 3545 3555 
50950 3523 3530 
51000 3543 3553 
51050 3544 3549 
51100 3535 3546 
51150 3533 3537 
51200 3551 3556 
51250 3552 3556 
51300 3541 3549 
51350 3549 3549 
51400 3543 3550 
51450 3532 3537 
51500 3551 3561 
51550 3553 3558 
51600 3537 3554 
51650 3537 3549 
51700 3532 3546 
51750 3543 3551 
51800 3541 3547 
51850 3548 3558 
51900 3544 3550 
51950 3544 3553 
52000 3552 3551 
52050 3537 3549 
52100 3538 3554 
52150 3542 3552 
52200 3541 3548 
52250 3561 3565 
52300 3544 3550 
52350 3551 3552 
52400 3551 3563 
52450 3536 3543 
52500 3538 3548 
52550 3543 3557 
52600 3535 3541 
52650 3545 3540 
52700 3543 3545 
52750 3545 3544 
52800 3539 3542 
52850 3540 3547 
52900 3527 3530 
52950 3559 3569 
53000 3537 3547 
53050 3548 3562 
53100 3548 3555 
53150 3553 3558 
53200 3542 3550 
53250 3552 3557 
53300 3555 3563 
53350 3548 3546 
53400 3550 3556 
53450 3568 3572 
53500 3554 3563 
53550 3549 3556 
53600 3538 3547 
53650 3539 3545 
53700 3552 3556 
53750 3550 3560 
53800 3551 3554 
53850 3538 3545 
53900 3538 3553 
53950 3552 3557 
54000 3553 3557 
54050 3538 3550 
54100 3540 3547 
54150 3544 3555 
54200 3551 3555 
54250 3556 3561 
54300 3551 3550 
54350 3549 3550 
54400 3538 3553 
54450 3555 3563 
54500 3543 3545 
54550 3553 3559 
54600 3557 3558 
54650 3548 3555 
54700 3534 3547 
54750 3533 3536 
54800 3544 3544 
54850 3547 3550 
54900 3537 3542 
54950 3542 3545 
55000 3555 3556 
55050 3539 3535 
55100 3538 3553 
55150 3530 3545 
55200 3544 3558 
55250 3552 3555 
55300 3538 3541 
55350 3541 3544 
55400 3547 3558 
55450 3551 3563 
55500 3543 3546 
55550 3551 3555 
55600 3536 3550 
55650 3547 3555 
55700 3533 3539 
55750 3543 3552 
55800 3557 3561 
55850 3549 3557 
55900 3551 3555 
55950 3539 3540 
56000 3539 3549 
56050 3539 3545 
56100 3541 3561 
56150 3548 3558 
56200 3549 3553 
56250 3547 3553 
56300 3537 3542 
56350 3550 3555 
56400 3569 3569 
56450 3552 3554 
56500 3554 3563 
56550 3544 3550 
56600 3553 3562 
56650 3542 3552 
56700 3539 3548 
56750 3558 3554 
56800 3558 3556 
56850 3546 3554 
56900 3552 3562 
56950 3556 3572 
57000 3555 3556 
57050 3545 3551 
57100 3546 3546 
57150 3552 3554 
57200 3547 3549 
57250 3547 3555 
57300 3547 3550 
57350 3549 3554 
57400 3540 3550 
57450 3549 3564 
57500 3554 3557 
57550 3558 3566 
57600 3554 3561 
57650 3554 3564 
57700 3560 3559 
57750 3558 3560 
57800 3529 3535 
57850 3561 3563 
57900 3548 3551 
57950 3549 3550 
58000 3551 3555 
58050 3542 3551 
58100 3529 3530 
58150 3553 3555 
58200 3553 3560 
58250 3539 3547 
58300 3558 3559 
58350 3541 3537 
58400 3555 3556 
58450 3523 3535 
58500 3555 3557 
58550 3542 3554 
58600 3546 3551 
58650 3542 3551 
58700 3550 3551 
58750 3555 3555 
58800 3549 3549 
58850 3558 3563 
58900 3549 3557 
58950 3547 3551 
59000 3542 3551 
59050 3539 3544 
59100 3557 3560 
59150 3533 3544 
59200 3550 3553 
59250 3551 3545 
59300 3556 3558 
59350 3545 3553 
59400 3553 3559 
59450 3562 3570 
59500 3539 3547 
59550 3541 3556 
59600 3544 3556 
59650 3553 3551 
59700 3545 3546 
59750 3533 3542 
59800 3543 3554 
59850 3562 3571 
59900 3558 3563 
59950 3548 3554 
60000 3556 3567 
60050 3560 3570 
60100 3543 3550 
60150 3559 3567 
60200 3552 3559 
60250 3554 3556 
60300 3560 3559 
60350 3548 3556 
60400 3560 3565 
60450 3546 3551 
60500 3556 3564 
60550 3554 3555 
60600 3547 3551 
60650 3543 3540 
60700 3552 3554 
60750 3536 3539 
60800 3557 3552 
60850 3536 3546 
60900 3554 3548 
60950 3546 3554 
61000 3549 3549 
61050 3558 3561 
61100 3552 3559 
61150 3555 3556 
61200 3534 3540 
61250 3551 3548 
61300 3551 3554 
61350 3547 3543 
61400 3551 3558 
61450 3554 3561 
61500 3553 3552 
61550 3548 3553 
61600 3545 3544 
61650 3547 3548 
61700 3544 3556 
61750 3547 3551 
61800 3555 3555 
61850 3539 3546 
61900 3561 3561 
61950 3540 3545 
62000 3548 3553 
62050 3545 3549 
62100 3554 3564 
62150 3544 3539 
62200 3557 3563 
62250 3564 3566 
62300 3557 3555 
62350 3548 3544 
62400 3535 3540 
62450 3547 3545 
62500 3563 3561 
62550 3544 3547 
62600 3564 3558 
62650 3549 3552 
62700 3536 3535 
62750 3552 3559 
62800 3555 3559 
62850 3549 3546 
62900 3541 3541 
62950 3558 3565 
63000 3537 3543 
63050 3544 3546 
63100 3541 3548 
63150 3559 3557 
63200 3536 3543 
63250 3555 3561 
63300 3548 3552 
63350 3551 3560 
63400 3543 3542 
63450 3564 3570 
63500 3551 3554 
63550 3551 3558 
63600 3544 3553 
63650 3551 3546 
63700 3561 3564 
63750 3551 3557 
63800 3541 3542 
63850 3550 3555 
63900 3550 3554 
63950 3555 3561 
64000 3551 3543 
64050 3559 3561 
64100 3569 3566 
64150 3555 3552 
64200 3558 3560 
64250 3564 3568 
64300 3562 3565 
64350 3545 3552 
64400 3551 3554 
64450 3546 3552 
64500 3541 3541 
64550 3561 3561 
64600 3555 3553 
64650 3550 3554 
64700 3545 3552 
64750 3551 3554 
64800 3539 3537 
64850 3534 3541 
64900 3549 3553 
64950 3548 3553 
65000 3553 3556 
65050 3562 3569 
65100 3555 3561 
65150 3543 3552 
65200 3537 3545 
65250 3558 3555 
65300 3567 3566 
65350 3548 3545 
65400 3564 3569 
65450 3547 3556 
65500 3545 3555 
65550 3535 3537 
65600 3546 3547 
65650 3566 3573 
65700 3560 3564 
65750 3559 3564 
65800 3555 3557 
65850 3548 3556 
65900 3550 3554 
65950 3541 3548 
66000 3536 3538 
66050 3548 3554 
66100 3540 3545 
66150 3550 3554 
66200 3559 3561 
66250 3536 3541 
66300 3541 3542 
66350 3535 3534 
66400 3546 3557 
66450 3558 3562 
66500 3543 3555 
66550 3560 3564 
66600 3540 3548 
66650 3535 3536 
66700 3546 3556 
66750 3546 3555 
66800 3543 3539 
66850 3555 3558 
66900 3556 3564 
66950 3551 3560 
67000 3541 3549 
67050 3563 3562 
67100 3556 3561 
67150 3550 3559 
67200 3556 3552 
67250 3552 3554 
67300 3541 3549 
67350 3560 3560 
67400 3540 3537 
67450 3528 3536 
67500 3560 3562 
67550 3559 3556 
67600 3557 3559 
67650 3545 3547 
67700 3558 3560 
67750 3559 3566 
67800 3565 3564 
67850 3545 3553 
67900 3552 3550 
67950 3565 3564 
68000 3534 3541 
68050 3538 3545 
68100 3564 3561 
68150 3537 3549 
68200 3549 3546 
68250 3551 3551 
68300 3568 3566 
68350 3531 3532 
68400 3554 3556 
68450 3523 3532 
68500 3533 3546 
68550 3555 3551 
68600 3555 3555 
68650 3559 3565 
68700 3547 3553 
68750 3537 3541 
68800 3561 3561 
68850 3561 3560 
68900 3546 3546 
68950 3550 3553 
69000 3520 3529 
69050 3531 3535 
69100 3544 3548 
69150 3569 3573 
69200 3538 3543 
69250 3545 3548 
69300 3547 3548 
69350 3547 3558 
69400 3546 3545 
69450 3540 3548 
69500 3547 3555 
69550 3543 3550 
69600 3546 3544 
69650 3559 3566 
69700 3543 3545 
69750 3549 3558 
69800 3540 3540 
69850 3557 3560 
69900 3539 3542 
69950 3556 3557 
70000 3557 3563 
70050 3545 3544 
70100 3550 3553 
70150 3556 3558 
70200 3556 3560 
70250 3549 3556 
70300 3541 3544 
70350 3546 3549 
70400 3561 3551 
70450 3549 3547 
70500 3564 3565 
70550 3543 3546 
70600 3559 3563 
70650 3550 3550 
70700 3547 3548 
70750 3542 3545 
70800 3544 3555 
70850 3559 3567 
70900 3568 3574 
70950 3560 3554 
71000 3547 3550 
71050 3556 3559 
71100 3540 3551 
71150 3555 3558 
71200 3535 3533 
71250 3556 3560 
71300 3538 3542 
71350 3558 3566 
71400 3531 3533 
71450 3543 3546 
71500 3552 3558 
71550 3548 3555 
71600 3535 3531 
71650 3552 3552 
71700 3546 3550 
71750 3560 3564 
71800 3557 3558 
71850 3544 3543 
71900 3535 3534 
71950 3541 3549 
72000 3536 3549 
72050 3539 3544 
72100 3544 3554 
72150 3556 3558 
72200 3566 3562 
72250 3546 3559 
72300 3539 3551 
72350 3551 3560 
72400 3544 3551 
72450 3525 3536 
72500 3549 3557 
72550 3544 3547 
72600 3551 3550 
72650 3555 3559 
72700 3542 3545 
72750 3556 3559 
72800 3547 3548 
72850 3532 3531 
72900 3558 3551 
72950 3562 3562 
73000 3564 3568 
73050 3541 3543 
73100 3538 3540 
73150 3551 3554 
73200 3536 3536 
73250 3540 3542 
73300 3539 3549 
73350 3540 3549 
73400 3552 3554 
73450 3551 3556 
73500 3542 3547 
73550 3537 3545 
73600 3535 3549 
73650 3547 3554 
73700 3547 3544 
73750 3572 3574 
73800 3545 3549 
73850 3542 3549 
73900 3551 3554 
73950 3551 3558 
74000 3555 3564 
74050 3556 3556 
74100 3552 3553 
74150 3559 3555 
74200 3552 3556 
74250 3559 3552 
74300 3566 3570 
74350 3546 3545 
74400 3561 3565 
74450 3559 3559 
74500 3547 3544 
74550 3559 3563 
74600 3549 3554 
74650 3557 3561 
74700 3545 3549 
74750 3556 3557 
74800 3550 3554 
74850 3563 3565 
74900 3561 3566 
74950 3555 3557 
75000 3533 3546 
75050 3545 3547 
75100 3561 3566 
75150 3566 3568 
75200 3550 3551 
75250 3546 3552 
75300 3548 3544 
75350 3560 3560 
75400 3550 3545 
75450 3559 3556 
75500 3543 3545 
75550 3558 3559 
75600 3557 3562 
75650 3545 3551 
75700 3559 3570 
75750 3545 3545 
75800 3550 3556 
75850 3548 3557 
75900 3552 3550 
75950 3562 3561 
76000 3553 3558 
76050 3549 3546 
76100 3550 3553 
76150 3563 3565 
76200 3555 3566 
76250 3542 3545 
76300 3547 3553 
76350 3537 3545 
76400 3537 3540 
76450 3548 3554 
76500 3556 3559 
76550 3554 3564 
76600 3566 3563 
76650 3557 3556 
76700 3554 3553 
76750 3562 3563 
76800 3558 3558 
76850 3553 3551 
76900 3545 3552 
76950 3558 3554 
77000 3558 3560 
77050 3552 3554 
77100 3539 3544 
77150 3540 3548 
77200 3542 3543 
77250 3544 3548 
77300 3557 3565 
77350 3556 3560 
77400 3565 3563 
77450 3543 3546 
77500 3543 3551 
77550 3566 3569 
77600 3543 3551 
77650 3575 3569 
77700 3550 3548 
77750 3550 3546 
77800 3549 3551 
77850 3530 3530 
77900 3554 3553 
77950 3547 3543 
78000 3558 3563 
78050 3556 3562 
78100 3555 3554 
78150 3540 3544 
78200 3551 3556 
78250 3551 3552 
78300 3552 3549 
78350 3538 3544 
78400 3548 3549 
78450 3546 3551 
78500 3544 3548 
78550 3550 3553 
78600 3536 3544 
78650 3525 3539 
78700 3560 3561 
78750 3549 3552 
78800 3552 3553 
78850 3563 3568 
78900 3557 3566 
78950 3543 3549 
79000 3557 3554 
79050 3558 3567 
79100 3546 3548 
79150 3561 3569 
79200 3559 3559 
79250 3555 3559 
79300 3548 3550 
79350 3552 3559 
79400 3557 3563 
79450 3562 3561 
79500 3549 3555 
79550 3550 3553 
79600 3550 3548 
79650 3539 3538 
79700 3551 3555 
79750 3565 3562 
79800 3558 3558 
79850 3546 3549 
79900 3544 3550 
79950 3552 3555 
80000 3559 3559 
80050 3537 3549 
80100 3553 3566 
80150 3561 3564 
80200 3550 3557 
80250 3537 3543 
80300 3564 3568 
80350 3550 3556 
80400 3545 3545 
80450 3546 3550 
80500 3560 3562 
80550 3544 3554 
80600 3563 3562 
80650 3565 3568 
80700 3560 3556 
80750 3542 3552 
80800 3533 3531 
80850 3538 3547 
80900 3553 3554 
80950 3554 3555 
81000 3554 3560 
81050 3558 3562 
81100 3561 3561 
81150 3564 3568 
81200 3560 3555 
81250 3560 3561 
81300 3559 3560 
81350 3562 3565 
81400 3556 3560 
81450 3555 3557 
81500 3548 3550 
81550 3553 3556 
81600 3545 3548 
81650 3553 3556 
81700 3559 3554 
81750 3569 3565 
81800 3569 3572 
81850 3520 3523 
81900 3551 3560 
81950 3535 3543 
82000 3556 3559 
82050 3539 3545 
82100 3551 3555 
82150 3556 3555 
82200 3556 3550 
82250 3546 3556 
82300 3537 3543 
82350 3542 3535 
82400 3536 3534 
82450 3539 3540 
82500 3560 3564 
82550 3556 3558 
82600 3543 3551 
82650 3541 3547 
82700 3537 3536 
82750 3553 3547 
82800 3550 3551 
82850 3546 3548 
82900 3542 3543 
82950 3563 3562 
83000 3553 3554 
83050 3547 3544 
83100 3557 3552 
83150 3559 3549 
83200 3560 3560 
83250 3544 3552 
83300 3549 3552 
83350 3549 3551 
83400 3539 3544 
83450 3549 3550 
83500 3548 3552 
83550 3556 3558 
83600 3568 3567 
83650 3548 3549 
83700 3542 3539 
83750 3555 3552 
83800 3549 3549 
83850 3558 3561 
83900 3546 3546 
83950 3545 3543 
84000 3541 3548 
84050 3535 3543 
84100 3549 3554 
84150 3545 3540 
84200 3558 3554 
84250 3558 3564 
84300 3551 3553 
84350 3557 3562 
84400 3544 3547 
84450 3553 3555 
84500 3554 3564 
84550 3542 3546 
84600 3568 3566 
84650 3555 3562 
84700 3558 3559 
84750 3544 3544 
84800 3564 3564 
84850 3563 3557 
84900 3561 3564 
84950 3551 3547 
85000 3552 3560 
85050 3536 3539 
85100 3553 3547 
85150 3560 3556 
85200 3534 3537 
85250 3544 3553 
85300 3556 3557 
85350 3550 3556 
85400 3566 3555 
85450 3551 3548 
85500 3550 3553 
85550 3556 3555 
85600 3553 3554 
85650 3541 3550 
85700 3548 3542 
85750 3567 3567 
85800 3551 3549 
85850 3557 3561 
85900 3560 3559 
85950 3542 3544 
86000 3545 3548 
86050 3533 3538 
86100 3546 3547 
86150 3564 3572 
86200 3561 3562 
86250 3540 3546 
86300 3556 3564 
86350 3548 3557 
86400 3548 3551 
86450 3552 3556 
86500 3559 3550 
86550 3553 3545 
86600 3558 3558 
86650 3530 3535 
86700 3540 3548 
86750 3560 3560 
86800 3555 3565 
86850 3561 3561 
86900 3553 3554 
86950 3545 3547 
87000 3548 3551 
87050 3547 3550 
87100 3553 3557 
87150 3542 3544 
87200 3561 3566 
87250 3563 3559 
87300 3558 3558 
87350 3550 3549 
87400 3545 3547 
87450 3550 3557 
87500 3544 3546 
87550 3557 3562 
87600 3551 3555 
87650 3540 3538 
87700 3553 3558 
87750 3540 3550 
87800 3548 3549 
87850 3549 3551 
87900 3560 3559 
87950 3561 3567 
88000 3552 3560 
88050 3558 3564 
88100 3541 3541 
88150 3550 3546 
88200 3553 3563 
88250 3559 3558 
88300 3552 3552 
88350 3539 3545 
88400 3539 3545 
88450 3550 3556 
88500 3544 3550 
88550 3545 3550 
88600 3548 3547 
88650 3553 3560 
88700 3538 3547 
88750 3550 3546 
88800 3532 3536 
88850 3542 3550 
88900 3553 3553 
88950 3555 3559 
89000 3549 3555 
89050 3552 3551 
89100 3546 3553 
89150 3538 3546 
89200 3552 3553 
89250 3557 3557 
89300 3551 3557 
89350 3542 3548 
89400 3559 3560 
89450 3539 3541 
89500 3553 3556 
89550 3560 3561 
89600 3524 3525 
89650 3546 3550 
89700 3555 3557 
89750 3544 3545 
89800 3550 3549 
89850 3555 3561 
89900 3539 3543 
89950 3546 3544 
90000 3546 3545 
90050 3545 3544 
90100 3547 3550 
90150 3558 3561 
90200 3551 3554 
90250 3566 3567 
90300 3542 3543 
90350 3552 3556 
90400 3556 3558 
90450 3551 3552 
90500 3551 3546 
90550 3562 3551 
90600 3554 3552 
90650 3554 3562 
90700 3540 3545 
90750 3554 3556 
90800 3558 3557 
90850 3565 3568 
90900 3533 3537 
90950 3547 3552 
91000 3541 3545 
91050 3557 3560 
91100 3569 3570 
91150 3547 3548 
91200 3540 3542 
91250 3537 3544 
91300 3545 3543 
91350 3552 3555 
91400 3563 3559 
91450 3553 3560 
91500 3543 3542 
91550 3553 3551 
91600 3550 3560 
91650 3561 3565 
91700 3539 3538 
91750 3539 3542 
91800 3547 3549 
91850 3546 3546 
91900 3542 3553 
91950 3533 3543 
92000 3547 3546 
92050 3548 3553 
92100 3563 3566 
92150 3528 3534 
92200 3547 3548 
92250 3559 3560 
92300 3536 3542 
92350 3553 3555 
92400 3558 3558 
92450 3541 3541 
92500 3549 3550 
92550 3535 3543 
92600 3543 3551 
92650 3534 3540 
92700 3551 3544 
92750 3545 3544 
92800 3546 3551 
92850 3565 3562 
92900 3555 3556 
92950 3563 3562 
93000 3548 3559 
93050 3562 3564 
93100 3557 3551 
93150 3559 3563 
93200 3548 3551 
93250 3567 3575 
93300 3537 3537 
93350 3553 3550 
93400 3553 3557 
93450 3530 3530 
93500 3540 3541 
93550 3554 3557 
93600 3545 3552 
93650 3564 3562 
93700 3546 3550 
93750 3550 3545 
93800 3555 3555 
93850 3554 3553 
93900 3533 3538 
93950 3556 3562 
94000 3561 3563 
94050 3552 3541 
94100 3542 3539 
94150 3559 3553 
94200 3551 3553 
94250 3565 3571 
94300 3562 3557 
94350 3544 3550 
94400 3551 3554 
94450 3552 3558 
94500 3560 3564 
94550 3565 3557 
94600 3536 3534 
94650 3541 3541 
94700 3560 3558 
94750 3560 3562 
94800 3549 3547 
94850 3542 3544 
94900 3545 3552 
94950 3560 3556 
95000 3546 3543 
95050 3557 3561 
95100 3547 3540 
95150 3540 3549 
95200 3540 3546 
95250 3554 3560 
95300 3552 3556 
95350 3542 3541 
95400 3543 3551 
95450 3559 3558 
95500 3552 3549 
95550 3555 3557 
95600 3559 3565 
95650 3552 3554 
95700 3544 3547 
95750 3546 3551 
95800 3551 3558 
95850 3544 3545 
95900 3557 3560 
95950 3559 3555 
96000 3553 3562 
96050 3548 3545 
96100 3560 3558 
96150 3556 3560 
96200 3544 3547 
96250 3545 3548 
96300 3533 3535 
96350 3551 3554 
96400 3540 3539 
96450 3548 3552 
96500 3550 3548 
96550 3554 3549 
96600 3557 3558 
96650 3545 3543 
96700 3555 3560 
96750 3556 3553 
96800 3557 3564 
96850 3558 3556 
96900 3545 3549 
96950 3561 3558 
97000 3566 3569 
97050 3562 3564 
97100 3548 3551 
97150 3559 3560 
97200 3541 3548 
97250 3545 3550 
97300 3553 3555 
97350 3542 3541 
97400 3552 3551 
97450 3552 3551 
97500 3550 3554 
97550 3553 3556 
97600 3565 3566 
97650 3558 3560 
97700 3542 3548 
97750 3561 3567 
97800 3552 3548 
97850 3550 3557 
97900 3541 3541 
97950 3555 3552 
98000 3541 3545 
98050 3547 3552 
98100 3541 3548 
98150 3550 3556 
98200 3532 3542 
98250 3531 3536 
98300 3548 3554 
98350 3559 3566 
98400 3552 3554 
98450 3558 3558 
98500 3537 3536 
98550 3544 3550 
98600 3547 3559 
98650 3553 3554 
98700 3552 3552 
98750 3544 3549 
98800 3540 3547 
98850 3534 3537 
98900 3547 3557 
98950 3545 3550 
99000 3551 3555 
99050 3555 3559 
99100 3555 3551 
99150 3547 3550 
99200 3558 3562 
99250 3543 3543 
99300 3552 3562 
99350 3545 3547 
99400 3557 3556 
99450 3551 3558 
99500 3544 3539 
99550 3557 3563 
99600 3553 3551 
99650 3543 3545 
99700 3544 3547 
99750 3558 3560 
99800 3565 3563 
99850 3553 3562 
99900 3542 3539 
99950 3560 3561 
100000 3555 3553 
100050 3556 3560 
100100 3565 3569 
100150 3543 3549 
100200 3547 3543 
100250 3556 3557 
100300 3560 3569 
100350 3541 3546 
100400 3558 3555 
100450 3542 3547 
100500 3540 3549 
100550 3552 3552 
100600 3530 3530 
100650 3530 3533 
100700 3554 3554 
100750 3548 3554 
100800 3557 3555 
100850 3544 3546 
100900 3545 3539 
100950 3559 3560 
101000 3551 3548 
101050 3562 3569 
101100 3546 3547 
101150 3555 3555 
101200 3554 3554 
101250 3549 3553 
101300 3537 3543 
101350 3541 3545 
101400 3545 3548 
101450 3556 3556 
101500 3559 3562 
101550 3539 3548 
101600 3555 3559 
101650 3548 3545 
101700 3542 3547 
101750 3545 3544 
101800 3561 3562 
101850 3537 3540 
101900 3545 3542 
101950 3540 3538 
102000 3546 3545 
102050 3544 3551 
102100 3556 3557 
102150 3540 3543 
102200 3555 3559 
102250 3550 3553 
102300 3558 3555 
102350 3538 3549 
102400 3551 3548 
102450 3557 3560 
102500 3549 3553 
102550 3543 3543 
102600 3552 3548 
102650 3550 3545 
102700 3549 3552 
102750 3531 3532 
102800 3539 3539 
102850 3540 3540 
102900 3569 3555 
102950 3542 3547 
103000 3552 3556 
103050 3541 3542 
103100 3555 3557 
103150 3554 3551 
103200 3551 3548 
103250 3555 3555 
103300 3550 3554 
103350 3549 3547 
103400 3551 3551 
103450 3547 3548 
103500 3543 3554 
103550 3550 3549 
103600 3561 3558 
103650 3549 3553 
103700 3554 3554 
103750 3559 3565 
103800 3556 3559 
103850 3555 3553 
103900 3558 3559 
103950 3523 3525 
104000 3550 3554 
104050 3542 3546 
104100 3545 3544 
104150 3559 3559 
104200 3557 3556 
104250 3542 3552 
104300 3540 3540 
104350 3531 3534 
104400 3549 3552 
104450 3559 3564 
104500 3529 3539 
104550 3546 3545 
104600 3560 3557 
104650 3549 3555 
104700 3557 3567 
104750 3544 3551 
104800 3558 3554 
104850 3531 3534 
104900 3546 3559 
104950 3545 3549 
105000 3557 3562 
105050 3551 3552 
105100 3556 3553 
105150 3531 3541 
105200 3543 3546 
105250 3546 3556 
105300 3547 3545 
105350 3548 3555 
105400 3535 3541 
105450 3534 3536 
105500 3544 3547 
105550 3536 3546 
105600 3541 3545 
105650 3544 3546 
105700 3545 3554 
105750 3543 3548 
105800 3555 3557 
105850 3548 3551 
105900 3540 3545 
105950 3549 3548 
106000 3539 3545 
106050 3537 3546 
106100 3550 3558 
106150 3547 3553 
106200 3549 3555 
106250 3535 3542 
106300 3532 3541 
106350 3528 3531 
106400 3537 3541 
106450 3536 3539 
106500 3548 3557 
106550 3537 3540 
106600 3538 3539 
106650 3540 3544 
106700 3520 3532 
106750 3531 3535 
106800 3533 3542 
106850 3530 3530 
106900 3560 3561 
106950 3529 3533 
107000 3557 3554 
107050 3563 3564 
107100 3562 3558 
107150 3538 3540 
107200 3551 3559 
107250 3561 3564 
107300 3560 3567 
107350 3543 3552 
107400 3546 3543 
107450 3540 3547 
107500 3543 3540 
107550 3542 3549 
107600 3543 3546 
107650 3550 3549 
107700 3564 3564 
107750 3554 3557 
107800 3545 3548 
107850 3549 3555 
107900 3546 3555 
107950 3538 3544 
108000 3540 3550 
108050 3548 3555 
108100 3550 3556 
108150 3539 3547 
108200 3545 3557 
108250 3544 3546 
108300 3554 3556 
108350 3564 3568 
108400 3549 3549 
108450 3559 3557 
108500 3548 3552 
108550 3529 3536 
108600 3523 3535 
108650 3545 3552 
108700 3566 3573 
108750 3537 3538 
108800 3558 3563 
108850 3541 3549 
108900 3550 3556 
108950 3550 3553 
109000 3534 3542 
109050 3546 3546 
109100 3554 3564 
109150 3564 3566 
109200 3543 3552 
109250 3541 3545 
109300 3537 3541 
109350 3551 3554 
109400 3553 3549 
109450 3554 3559 
109500 3546 3553 
109550 3545 3548 
109600 3553 3550 
109650 3557 3553 
109700 3547 3548 
109750 3558 3557 
109800 3546 3547 
109850 3545 3550 
109900 3546 3555 
109950 3546 3557 
110000 3553 3550 
110050 3552 3550 
110100 3549 3548 
110150 3551 3555 
110200 3537 3541 
110250 3549 3545 
110300 3551 3554 
110350 3553 3554 
110400 3553 3550 
110450 3550 3556 
110500 3543 3545 
110550 3555 3555 
110600 3536 3543 
110650 3544 3545 
110700 3553 3557 
110750 3539 3540 
110800 3547 3547 
110850 3556 3554 
110900 3555 3563 
110950 3555 3552 
111000 3552 3552 
111050 3567 3574 
111100 3548 3557 
111150 3552 3549 
111200 3540 3542 
111250 3556 3557 
111300 3559 3558 
111350 3562 3555 
111400 3552 3549 
111450 3558 3562 
111500 3553 3562 
111550 3542 3540 
111600 3544 3551 
111650 3545 3554 
111700 3545 3553 
111750 3528 3538 
111800 3547 3552 
111850 3551 3557 
111900 3546 3552 
111950 3527 3524 
112000 3546 3553 
112050 3541 3537 
112100 3558 3554 
112150 3539 3544 
112200 3537 3535 
112250 3542 3547 
112300 3544 3545 
112350 3547 3548 
112400 3554 3557 
112450 3541 3534 
112500 3521 3534 
112550 3548 3549 
112600 3545 3546 
112650 3549 3551 
112700 3569 3575 
112750 3554 3553 
112800 3545 3551 
112850 3542 3544 
112900 3546 3549 
112950 3560 3561 
113000 3545 3549 
113050 3534 3540 
113100 3544 3550 
113150 3536 3538 
113200 3543 3538 
113250 3544 3552 
113300 3533 3539 
113350 3554 3556 
113400 3548 3545 
113450 3555 3560 
113500 3548 3548 
113550 3531 3540 
113600 3536 3547 
113650 3535 3540 
113700 3566 3563 
113750 3545 3549 
113800 3558 3560 
113850 3563 3553 
113900 3549 3547 
113950 3556 3560 
114000 3543 3547 
114050 3543 3538 
114100 3553 3554 
114150 3553 3554 
114200 3538 3537 
114250 3541 3547 
114300 3547 3543 
114350 3568 3565 
114400 3558 3553 
114450 3554 3551 
114500 3548 3546 
114550 3555 3555 
114600 3539 3541 
114650 3546 3549 
114700 3569 3561 
114750 3541 3556 
114800 3548 3554 
114850 3549 3546 
114900 3555 3559 
114950 3554 3554 
115000 3545 3544 
115050 3552 3558 
115100 3552 3566 
115150 3546 3543 
115200 3564 3563 
115250 3551 3549 
115300 3557 3559 
115350 3551 3553 
115400 3552 3553 
115450 3547 3555 
115500 3554 3557 
115550 3552 3554 
115600 3553 3557 
115650 3550 3554 
115700 3533 3538 
115750 3555 3545 
115800 3551 3547 
115850 3540 3548 
115900 3547 3551 
115950 3551 3555 
116000 3566 3567 
116050 3539 3542 
116100 3558 3564 
116150 3562 3561 
116200 3541 3539 
116250 3546 3551 
116300 3561 3569 
116350 3544 3545 
116400 3533 3537 
116450 3534 3539 
116500 3547 3551 
116550 3539 3540 
116600 3555 3558 
116650 3543 3544 
116700 3546 3559 
116750 3546 3549 
116800 3555 3555 
116850 3558 3560 
116900 3542 3546 
116950 3550 3551 
117000 3541 3544 
117050 3552 3558 
117100 3544 3549 
117150 3544 3544 
117200 3550 3549 
117250 3558 3557 
117300 3535 3534 
117350 3542 3546 
117400 3570 3575 
117450 3550 3551 
117500 3550 3554 
117550 3538 3541 
117600 3553 3560 
117650 3560 3565 
117700 3562 3565 
117750 3548 3555 
117800 3547 3542 
117850 3548 3550 
117900 3544 3542 
117950 3555 3552 
118000 3535 3533 
118050 3549 3550 
118100 3544 3544 
118150 3536 3545 
118200 3560 3555 
118250 3556 3554 
118300 3546 3542 
118350 3546 3548 
118400 3544 3542 
118450 3545 3546 
118500 3551 3555 
118550 3561 3555 
118600 3554 3549 
118650 3557 3548 
118700 3547 3556 
118750 3546 3552 
118800 3532 3533 
118850 3549 3550 
118900 3541 3540 
118950 3536 3538 
119000 3545 3545 
119050 3538 3542 
119100 3551 3555 
119150 3559 3557 
119200 3543 3540 
119250 3557 3560 
119300 3552 3558 
119350 3540 3545 
119400 3543 3542 
119450 3548 3549 
119500 3555 3552 
119550 3546 3549 
119600 3555 3550 
119650 3542 3547 
119700 3560 3560 
119750 3547 3547 
119800 3533 3535 
119850 3547 3555 
119900 3556 3555 
119950 3558 3556 
120000 3541 3546 
120050 3569 3572 
120100 3545 3544 
120150 3537 3540 
120200 3532 3533 
120250 3533 3541 
120300 3563 3564 
120350 3548 3551 
120400 3550 3546 
120450 3556 3565 
120500 3558 3564 
120550 3545 3547 
120600 3556 3556 
120650 3548 3545 
120700 3558 3564 
120750 3555 3563 
120800 3540 3544 
120850 3564 3565 
120900 3547 3552 
120950 3545 3545 
121000 3563 3563 
121050 3552 3551 
121100 3555 3553 
121150 3561 3559 
121200 3557 3554 
121250 3552 3548 
121300 3556 3556 
121350 3546 3539 
121400 3541 3555 
121450 3541 3552 
121500 3562 3563 
121550 3542 3547 
121600 3543 3547 
121650 3545 3551 
121700 3554 3553 
121750 3555 3550 
121800 3548 3551 
121850 3544 3547 
121900 3546 3547 
121950 3541 3541 
122000 3552 3544 
122050 3554 3558 
122100 3546 3546 
122150 3559 3554 
122200 3549 3554 
122250 3552 3550 
122300 3561 3565 
122350 3555 3560 
122400 3571 3567 
122450 3547 3547 
122500 3553 3562 
122550 3552 3555 
122600 3545 3546 
122650 3556 3551 
122700 3539 3534 
122750 3562 3564 
122800 3553 3552 
122850 3553 3551 
122900 3562 3564 
122950 3548 3550 
123000 3560 3559 
123050 3538 3541 
123100 3549 3554 
123150 3558 3560 
123200 3551 3550 
123250 3545 3543 
123300 3554 3560 
123350 3546 3550 
123400 3540 3538 
123450 3548 3552 
123500 3558 3559 
123550 3556 3547 
123600 3550 3544 
123650 3548 3548 
123700 3554 3550 
123750 3552 3551 
123800 3537 3545 
123850 3558 3555 
123900 3551 3550 
123950 3556 3552 
124000 3553 3554 
124050 3549 3548 
124100 3548 3550 
124150 3549 3554 
124200 3559 3562 
124250 3554 3556 
124300 3553 3562 
124350 3551 3557 
124400 3547 3553 
124450 3567 3568 
124500 3555 3553 
124550 3542 3543 
124600 3543 3545 
124650 3553 3561 
124700 3545 3546 
124750 3552 3554 
124800 3538 3539 
124850 3551 3560 
124900 3561 3549 
124950 3546 3544 
125000 3545 3547 
125050 3551 3558 
125100 3537 3538 
125150 3535 3531 
125200 3527 3527 
125250 3541 3548 
125300 3555 3553 
125350 3542 3543 
125400 3536 3537 
125450 3550 3554 
125500 3537 3536 
125550 3551 3553 
125600 3542 3548 
125650 3546 3545 
125700 3551 3546 
125750 3553 3553 
125800 3535 3535 
125850 3559 3555 
125900 3551 3551 
125950 3540 3536 
126000 3555 3552 
126050 3554 3562 
126100 3544 3540 
126150 3543 3542 
126200 3551 3555 
126250 3533 3533 
126300 3555 3557 
126350 3552 3556 
126400 3548 3549 
126450 3545 3547 
126500 3544 3542 
126550 3550 3547 
126600 3560 3560 
126650 3548 3546 
126700 3541 3544 
126750 3526 3528 
126800 3549 3553 
126850 3548 3556 
126900 3544 3546 
126950 3547 3551 
127000 3552 3552 
127050 3543 3547 
127100 3550 3553 
127150 3552 3550 
127200 3552 3555 
127250 3549 3552 
127300 3560 3556 
127350 3549 3555 
127400 3545 3550 
127450 3543 3542 
127500 3551 3558 
127550 3548 3557 
127600 3553 3556 
127650 3562 3560 
127700 3552 3546 
127750 3561 3559 
127800 3541 3538 
127850 3546 3547 
127900 3532 3540 
127950 3540 3545 
128000 3536 3546 
128050 3542 3544 
128100 3541 3542 
128150 3551 3555 
128200 3543 3545 
128250 3538 3546 
128300 3560 3563 
128350 3533 3533 
128400 3549 3544 
128450 3553 3558 
128500 3555 3554 
128550 3553 3552 
128600 3565 3561 
128650 3541 3540 
128700 3546 3548 
128750 3553 3563 
128800 3543 3549 
128850 3558 3560 
128900 3558 3553 
128950 3539 3544 
129000 3568 3566 
129050 3542 3552 
129100 3556 3550 
129150 3547 3547 
129200 3547 3543 
129250 3545 3553 
129300 3554 3553 
129350 3557 3556 
129400 3547 3546 
129450 3557 3553 
129500 3543 3544 
129550 3537 3540 
129600 3551 3552 
129650 3545 3547 
129700 3546 3548 
129750 3553 3551 
129800 3566 3566 
129850 3538 3544 
129900 3534 3538 
129950 3558 3562 
130000 3552 3553 
130050 3546 3558 
130100 3545 3545 
130150 3533 3528 
130200 3561 3559 
130250 3552 3550 
130300 3556 3555 
130350 3537 3536 
130400 3533 3534 
130450 3554 3557 
130500 3553 3558 
130550 3554 3556 
130600 3548 3545 
130650 3541 3541 
130700 3539 3540 
130750 3545 3547 
130800 3567 3569 
130850 3551 3552 
130900 3542 3544 
130950 3542 3537 
131000 3537 3535 
131050 3541 3547 
131100 3549 3551 
131150 3544 3549 
131200 3542 3541 
131250 3544 3547 
131300 3547 3552 
131350 3555 3549 
131400 3554 3551 
131450 3534 3534 
131500 3557 3550 
131550 3536 3536 
131600 3547 3552 
131650 3549 3554 
131700 3533 3534 
131750 3541 3551 
131800 3543 3549 
131850 3542 3546 
131900 3561 3558 
131950 3545 3548 
132000 3557 3561 
132050 3537 3545 
132100 3544 3546 
132150 3547 3547 
132200 3558 3561 
132250 3542 3552 
132300 3558 3561 
132350 3543 3543 
132400 3540 3545 
132450 3550 3547 
132500 3550 3555 
132550 3554 3552 
132600 3556 3559 
132650 3552 3548 
132700 3540 3538 
132750 3558 3556 
132800 3553 3549 
132850 3547 3558 
132900 3538 3544 
132950 3531 3540 
133000 3546 3550 
133050 3545 3544 
133100 3548 3547 
133150 3546 3543 
133200 3542 3542 
133250 3559 3564 
133300 3539 3543 
133350 3565 3569 
133400 3554 3553 
133450 3541 3546 
133500 3561 3564 
133550 3558 3559 
133600 3552 3550 
133650 3542 3544 
133700 3545 3541 
133750 3538 3537 
133800 3551 3546 
133850 3541 3544 
133900 3542 3547 
133950 3527 3525 
134000 3559 3556 
134050 3545 3554 
134100 3543 3545 
134150 3555 3562 
134200 3556 3561 
134250 3535 3539 
134300 3550 3556 
134350 3541 3540 
134400 3540 3539 
134450 3547 3546 
134500 3557 3558 
134550 3545 3551 
134600 3531 3533 
134650 3530 3536 
134700 3565 3558 
134750 3553 3555 
134800 3547 3550 
134850 3547 3549 
134900 3544 3542 
134950 3559 3556 
135000 3560 3552 
135050 3535 3538 
135100 3541 3546 
135150 3550 3550 
135200 3542 3543 
135250 3552 3553 
135300 3564 3565 
135350 3555 3555 
135400 3550 3549 
135450 3567 3564 
135500 3547 3550 
135550 3552 3545 
135600 3548 3555 
135650 3550 3548 
135700 3552 3554 
135750 3536 3543 
135800 3561 3560 
135850 3555 3556 
135900 3554 3555 
135950 3556 3558 
136000 3563 3563 
136050 3554 3551 
136100 3565 3555 
136150 3547 3549 
136200 3537 3547 
136250 3546 3554 
136300 3559 3556 
136350 3539 3552 
136400 3537 3543 
136450 3554 3553 
136500 3550 3552 
136550 3548 3551 
136600 3546 3549 
136650 3549 3551 
136700 3544 3549 
136750 3549 3551 
136800 3566 3565 
136850 3552 3548 
136900 3556 3556 
136950 3553 3552 
137000 3557 3559 
137050 3547 3550 
137100 3564 3561 
137150 3559 3556 
137200 3546 3545 
137250 3553 3550 
137300 3544 3554 
137350 3536 3538 
137400 3539 3545 
137450 3570 3573 
137500 3546 3555 
137550 3544 3542 
137600 3554 3557 
137650 3548 3556 
137700 3538 3534 
137750 3552 3555 
137800 3545 3549 
137850 3553 3560 
137900 3548 3551 
137950 3545 3544 
138000 3538 3537 
138050 3546 3552 
138100 3542 3548 
138150 3540 3536 
138200 3554 3548 
138250 3567 3562 
138300 3556 3542 
138350 3546 3540 
138400 3544 3549 
138450 3555 3560 
138500 3556 3563 
138550 3555 3560 
138600 3545 3550 
138650 3556 3562 
138700 3550 3560 
138750 3544 3548 
138800 3531 3534 
138850 3551 3550 
138900 3570 3572 
138950 3559 3563 
139000 3548 3549 
139050 3560 3556 
139100 3538 3533 
139150 3536 3544 
139200 3522 3531 
139250 3556 3556 
139300 3534 3544 
139350 3549 3548 
139400 3558 3558 
139450 3555 3561 
139500 3560 3563 
139550 3555 3554 
139600 3553 3557 
139650 3558 3557 
139700 3541 3542 
139750 3545 3549 
139800 3554 3560 
139850 3552 3558 
139900 3560 3559 
139950 3544 3551 
140000 3546 3551 
140050 3546 3550 
140100 3542 3542 
140150 3554 3551 
140200 3539 3545 
140250 3542 3544 
140300 3544 3544 
140350 3549 3551 
140400 3549 3549 
140450 3529 3532 
140500 3545 3546 
140550 3566 3556 
140600 3557 3551 
140650 3558 3561 
140700 3543 3548 
140750 3550 3551 
140800 3554 3559 
140850 3544 3552 
140900 3563 3564 
140950 3550 3550 
141000 3557 3556 
141050 3544 3552 
141100 3543 3553 
141150 3541 3547 
141200 3546 3553 
141250 3552 3558 
141300 3553 3552 
141350 3529 3531 
141400 3539 3551 
141450 3564 3561 
141500 3548 3556 
141550 3530 3535 
141600 3547 3551 
141650 3545 3544 
141700 3543 3547 
141750 3551 3549 
141800 3556 3563 
141850 3544 3538 
141900 3545 3544 
141950 3545 3551 
142000 3552 3556 
142050 3549 3553 
142100 3530 3540 
142150 3536 3540 
142200 3551 3559 
142250 3540 3546 
142300 3562 3564 
142350 3560 3551 
142400 3559 3564 
142450 3563 3568 
142500 3543 3545 
142550 3541 3546 
142600 3544 3552 
142650 3545 3558 
142700 3546 3551 
142750 3534 3542 
142800 3536 3537 
142850 3548 3544 
142900 3551 3554 
142950 3551 3551 
143000 3557 3556 
143050 3541 3544 
143100 3524 3537 
143150 3549 3554 
143200 3547 3553 
143250 3544 3541 
143300 3545 3550 
143350 3557 3556 
143400 3547 3555 
143450 3552 3557 
143500 3529 3532 
143550 3561 3566 
143600 3542 3545 
143650 3536 3546 
143700 3544 3543 
143750 3550 3553 
143800 3543 3543 
143850 3553 3554 
143900 3539 3543 
143950 3543 3541 
144000 3525 3532 
144050 3548 3553 
144100 3562 3566 
144150 3551 3553 
144200 3561 3558 
144250 3564 3561 
144300 3552 3548 
144350 3542 3541 
144400 3564 3573 
144450 3546 3547 
144500 3547 3554 
144550 3557 3558 
144600 3552 3558 
144650 3537 3543 
144700 3537 3536 
144750 3548 3552 
144800 3570 3573 
144850 3545 3547 
144900 3540 3543 
144950 3550 3546 
145000 3538 3542 
145050 3551 3551 
145100 3553 3552 
145150 3552 3555 
145200 3557 3552 
145250 3544 3550 
145300 3549 3545 
145350 3530 3539 
145400 3539 3540 
145450 3555 3553 
145500 3540 3543 
145550 3543 3539 
145600 3538 3533 
145650 3542 3541 
145700 3548 3557 
145750 3534 3540 
145800 3531 3543 
145850 3564 3565 
145900 3553 3558 
145950 3536 3535 
146000 3549 3551 
146050 3562 3565 
146100 3545 3550 
146150 3555 3559 
146200 3556 3554 
146250 3551 3549 
146300 3541 3547 
146350 3561 3561 
146400 3552 3560 
146450 3540 3542 
146500 3539 3536 
146550 3535 3540 
146600 3542 3541 
146650 3547 3546 
146700 3550 3550 
146750 3548 3552 
146800 3545 3540 
146850 3566 3569 
146900 3563 3562 
146950 3546 3545 
147000 3543 3540 
147050 3549 3558 
147100 3536 3546 
147150 3544 3536 
147200 3533 3535 
147250 3546 3551 
147300 3543 3554 
147350 3550 3559 
147400 3535 3540 
147450 3538 3547 
147500 3540 3546 
147550 3534 3539 
147600 3555 3553 
147650 3546 3545 
147700 3541 3548 
147750 3543 3546 
147800 3541 3543 
147850 3539 3537 
147900 3539 3534 
147950 3556 3559 
148000 3542 3548 
148050 3550 3558 
148100 3541 3540 
148150 3549 3556 
148200 3560 3562 
148250 3538 3542 
148300 3537 3540 
148350 3539 3543 
148400 3548 3551 
148450 3560 3561 
148500 3546 3540 
148550 3549 3553 
148600 3549 3547 
148650 3558 3556 
148700 3546 3546 
148750 3538 3539 
148800 3564 3563 
148850 3541 3543 
148900 3535 3540 
148950 3543 3552 
149000 3530 3530 
149050 3557 3551 
149100 3552 3551 
149150 3554 3561 
149200 3558 3562 
149250 3562 3569 
149300 3548 3545 
149350 3559 3559 
149400 3548 3555 
149450 3550 3554 
149500 3537 3541 
149550 3538 3543 
149600 3553 3558 
149650 3550 3552 
149700 3548 3549 
149750 3546 3555 
149800 3548 3550 
149850 3531 3537 
149900 3551 3548 
149950 3559 3557 
150000 3551 3547 
150050 3552 3556 
150100 3548 3556 
150150 3528 3532 
150200 3551 3559 
150250 3544 3553 
150300 3547 3553 
150350 3554 3557 
150400 3537 3539 
150450 3543 3547 
150500 3550 3543 
150550 3551 3548 
150600 3557 3557 
150650 3536 3539 
150700 3559 3550 
150750 3534 3538 
150800 3552 3559 
150850 3553 3554 
150900 3526 3533 
150950 3549 3552 
151000 3548 3549 
151050 3548 3543 
151100 3533 3539 
151150 3555 3555 
151200 3552 3561 
151250 3541 3548 
151300 3559 3557 
151350 3553 3554 
151400 3530 3529 
151450 3554 3555 
151500 3529 3536 
151550 3540 3547 
151600 3544 3552 
151650 3549 3557 
151700 3554 3553 
151750 3539 3545 
151800 3554 3554 
151850 3531 3544 
151900 3549 3546 
151950 3538 3541 
152000 3545 3548 
152050 3554 3561 
152100 3564 3564 
152150 3554 3557 
152200 3546 3543 
152250 3550 3554 
152300 3557 3565 
152350 3556 3555 
152400 3553 3543 
152450 3531 3531 
152500 3538 3537 
152550 3557 3559 
152600 3559 3553 
152650 3545 3545 
152700 3549 3545 
152750 3529 3530 
152800 3546 3547 
152850 3547 3546 
152900 3559 3560 
152950 3557 3555 
153000 3549 3559 
153050 3544 3544 
153100 3536 3536 
153150 3553 3558 
153200 3550 3559 
153250 3552 3548 
153300 3553 3559 
153350 3540 3549 
153400 3567 3566 
153450 3543 3538 
153500 3560 3554 
153550 3543 3548 
153600 3549 3547 
153650 3557 3555 
153700 3540 3549 
153750 3553 3556 
153800 3549 3549 
153850 3564 3560 
153900 3560 3563 
153950 3563 3567 
154000 3558 3560 
154050 3540 3537 
154100 3551 3545 
154150 3553 3552 
154200 3551 3552 
154250 3540 3548 
154300 3544 3547 
154350 3553 3558 
154400 3542 3537 
154450 3548 3545 
154500 3549 3555 
154550 3551 3552 
154600 3533 3540 
154650 3556 3557 
154700 3544 3545 
154750 3538 3539 
154800 3529 3531 
154850 3549 3556 
154900 3549 3549 
154950 3530 3536 
155000 3539 3548 
155050 3545 3548 
155100 3544 3542 
155150 3556 3562 
155200 3542 3544 
155250 3531 3532 
155300 3555 3558 
155350 3542 3541 
155400 3556 3557 
155450 3546 3546 
155500 3534 3537 
155550 3555 3546 
155600 3551 3555 
155650 3554 3554 
155700 3552 3555 
155750 3542 3547 
155800 3550 3553 
155850 3538 3545 
155900 3559 3564 
155950 3548 3547 
156000 3534 3537 
156050 3537 3552 
156100 3542 3544 
156150 3539 3544 
156200 3540 3546 
156250 3547 3556 
156300 3553 3555 
156350 3543 3546 
156400 3559 3552 
156450 3553 3550 
156500 3535 3535 
156550 3530 3530 
156600 3546 3550 
156650 3536 3545 
156700 3546 3549 
156750 3550 3549 
156800 3536 3538 
156850 3541 3551 
156900 3551 3549 
156950 3547 3551 
157000 3548 3545 
157050 3548 3548 
157100 3551 3565 
157150 3536 3546 
157200 3558 3566 
157250 3550 3558 
157300 3551 3551 
157350 3556 3557 
157400 3561 3562 
157450 3549 3554 
157500 3550 3551 
157550 3559 3559 
157600 3547 3553 
157650 3531 3534 
157700 3537 3539 
157750 3558 3565 
157800 3553 3556 
157850 3550 3546 
157900 3544 3545 
157950 3566 3562 
158000 3546 3540 
158050 3553 3551 
158100 3544 3549 
158150 3541 3552 
158200 3539 3546 
158250 3537 3541 
158300 3530 3537 
158350 3554 3556 
158400 3547 3551 
158450 3527 3532 
158500 3541 3543 
158550 3534 3542 
158600 3556 3555 
158650 3557 3553 
158700 3543 3546 
158750 3549 3544 
158800 3534 3525 
158850 3527 3528 
158900 3547 3556 
158950 3562 3559 
159000 3540 3544 
159050 3538 3541 
159100 3559 3559 
159150 3553 3562 
159200 3546 3542 
159250 3548 3554 
159300 3542 3544 
159350 3549 3550 
159400 3547 3548 
159450 3546 3548 
159500 3553 3558 
159550 3554 3567 
159600 3549 3554 
159650 3562 3567 
159700 3545 3539 
159750 3562 3566 
159800 3559 3561 
159850 3545 3549 
159900 3556 3547 
159950 3563 3561 
160000 3560 3558 
160050 3538 3545 
160100 3545 3547 
160150 3545 3544 
160200 3542 3546 
160250 3547 3555 
160300 3547 3553 
160350 3551 3549 
160400 3541 3540 
160450 3546 3557 
160500 3552 3556 
160550 3550 3550 
160600 3544 3545 
160650 3539 3544 
160700 3549 3545 
160750 3555 3550 
160800 3553 3555 
160850 3550 3547 
160900 3527 3533 
160950 3551 3553 
161000 3541 3547 
161050 3551 3550 
161100 3537 3541 
161150 3534 3540 
161200 3548 3547 
161250 3545 3554 
161300 3538 3533 
161350 3554 3557 
161400 3566 3564 
161450 3540 3545 
161500 3548 3553 
161550 3547 3549 
161600 3539 3534 
161650 3535 3543 
161700 3546 3548 
161750 3547 3547 
161800 3555 3561 
161850 3544 3551 
161900 3564 3563 
161950 3543 3544 
162000 3560 3556 
162050 3569 3571 
162100 3531 3531 
162150 3549 3556 
162200 3563 3568 
162250 3566 3568 
162300 3556 3558 
162350 3529 3528 
162400 3545 3547 
162450 3541 3537 
162500 3545 3537 
162550 3555 3548 
162600 3543 3548 
162650 3556 3553 
162700 3559 3555 
162750 3565 3565 
162800 3540 3540 
162850 3556 3561 
162900 3550 3553 
162950 3548 3555 
163000 3547 3547 
163050 3550 3552 
163100 3559 3556 
163150 3541 3552 
163200 3541 3551 
163250 3540 3546 
163300 3555 3556 
163350 3553 3556 
163400 3542 3549 
163450 3554 3560 
163500 3550 3551 
163550 3542 3544 
163600 3551 3555 
163650 3549 3556 
163700 3541 3546 
163750 3525 3533 
163800 3546 3540 
163850 3553 3552 
163900 3544 3553 
163950 3552 3551 
164000 3541 3539 
164050 3545 3551 
164100 3551 3545 
164150 3544 3539 
164200 3543 3547 
164250 3567 3571 
164300 3547 3549 
164350 3552 3561 
164400 3532 3537 
164450 3562 3557 
164500 3547 3545 
164550 3544 3541 
164600 3544 3550 
164650 3547 3544 
164700 3550 3545 
164750 3538 3540 
164800 3560 3557 
164850 3529 3534 
164900 3550 3548 
164950 3553 3550 
165000 3539 3543 
165050 3554 3554 
165100 3531 3531 
165150 3536 3541 
165200 3529 3536 
165250 3553 3559 
165300 3554 3551 
165350 3549 3551 
165400 3562 3563 
165450 3564 3564 
165500 3557 3557 
165550 3560 3566 
165600 3558 3564 
165650 3543 3547 
165700 3556 3550 
165750 3547 3559 
165800 3546 3546 
165850 3551 3562 
165900 3540 3535 
165950 3533 3538 
166000 3530 3540 
166050 3557 3555 
166100 3532 3538 
166150 3544 3548 
166200 3556 3556 
166250 3557 3554 
166300 3553 3549 
166350 3528 3528 
166400 3563 3556 
166450 3550 3552 
166500 3551 3557 
166550 3544 3544 
166600 3553 3555 
166650 3545 3539 
166700 3555 3558 
166750 3556 3562 
166800 3551 3557 
166850 3553 3559 
166900 3558 3557 
166950 3551 3561 
167000 3552 3555 
167050 3570 3567 
167100 3548 3545 
167150 3545 3546 
167200 3553 3554 
167250 3548 3555 
167300 3551 3551 
167350 3548 3554 
167400 3549 3553 
167450 3554 3552 
167500 3560 3565 
167550 3553 3562 
167600 3551 3550 
167650 3554 3550 
167700 3546 3555 
167750 3532 3532 
167800 3549 3559 
167850 3546 3552 
167900 3548 3551 
167950 3541 3540 
168000 3546 3545 
168050 3539 3541 
168100 3549 3556 
168150 3543 3548 
168200 3532 3536 
168250 3541 3545 
168300 3550 3553 
168350 3546 3552 
168400 3542 3540 
168450 3560 3568 
168500 3552 3544 
168550 3533 3534 
168600 3541 3546 
168650 3548 3553 
168700 3553 3560 
168750 3539 3543 
168800 3551 3555 
168850 3546 3549 
168900 3556 3554 
168950 3566 3570 
169000 3557 3558 
169050 3555 3556 
169100 3552 3552 
169150 3548 3551 
169200 3561 3565 
169250 3538 3544 
169300 3533 3538 
169350 3546 3541 
169400 3546 3552 
169450 3543 3546 
169500 3538 3544 
169550 3548 3548 
169600 3540 3544 
169650 3545 3546 
169700 3555 3557 
169750 3536 3544 
169800 3556 3555 
169850 3532 3533 
169900 3556 3560 
169950 3535 3536 
170000 3541 3547 
170050 3540 3535 
170100 3549 3555 
170150 3546 3545 
170200 3544 3546 
170250 3550 3556 
170300 3554 3551 
170350 3538 3542 
170400 3543 3543 
170450 3557 3558 
170500 3539 3542 
170550 3549 3552 
170600 3550 3555 
170650 3548 3553 
170700 3533 3532 
170750 3551 3557 
170800 3552 3555 
170850 3559 3556 
170900 3561 3556 
170950 3558 3558 
171000 3547 3552 
171050 3547 3553 
171100 3557 3561 
171150 3547 3546 
171200 3536 3542 
171250 3541 3545 
171300 3558 3558 
171350 3546 3545 
171400 3553 3551 
171450 3564 3562 
171500 3558 3558 
171550 3559 3564 
171600 3552 3556 
171650 3533 3537 
171700 3543 3553 
171750 3536 3541 
171800 3528 3531 
171850 3558 3561 
171900 3547 3550 
171950 3540 3539 
172000 3544 3547 
172050 3552 3548 
172100 3550 3557 
172150 3548 3554 
172200 3555 3551 
172250 3549 3556 
172300 3546 3551 
172350 3538 3543 
172400 3555 3557 
172450 3544 3545 
172500 3524 3529 
172550 3555 3555 
172600 3553 3550 
172650 3551 3554 
172700 3560 3560 
172750 3562 3559 
172800 3559 3558 
172850 3552 3555 
172900 3550 3553 
172950 3550 3557 
173000 3544 3541 
173050 3547 3543 
173100 3534 3536 
173150 3547 3552 
173200 3551 3557 
173250 3549 3550 
173300 3562 3565 
173350 3535 3543 
173400 3549 3556 
173450 3526 3529 
173500 3557 3554 
173550 3550 3558 
173600 3555 3564 
173650 3542 3543 
173700 3538 3546 
173750 3554 3551 
173800 3557 3559 
173850 3536 3538 
173900 3530 3534 
173950 3553 3552 
174000 3550 3555 
174050 3559 3560 
174100 3540 3545 
174150 3547 3552 
174200 3531 3544 
174250 3557 3553 
174300 3543 3547 
174350 3548 3549 
174400 3555 3563 
174450 3553 3555 
174500 3555 3555 
174550 3548 3546 
174600 3548 3552 
174650 3547 3551 
174700 3533 3537 
174750 3553 3551 
174800 3547 3547 
174850 3537 3536 
174900 3553 3555 
174950 3547 3550 
175000 3541 3550 
175050 3546 3542 
175100 3546 3552 
175150 3553 3551 
175200 3563 3566 
175250 3546 3542 
175300 3552 3554 
175350 3573 3572 
175400 3543 3543 
175450 3553 3550 
175500 3543 3542 
175550 3539 3544 
175600 3559 3556 
175650 3549 3554 
175700 3551 3548 
175750 3543 3534 
175800 3536 3538 
175850 3534 3540 
175900 3546 3551 
175950 3538 3541 
176000 3556 3549 
176050 3558 3547 
176100 3543 3544 
176150 3546 3549 
176200 3554 3554 
176250 3563 3561 
176300 3543 3542 
176350 3550 3552 
176400 3564 3562 
176450 3546 3551 
176500 3550 3557 
176550 3527 3522 
176600 3546 3555 
176650 3549 3549 
176700 3543 3541 
176750 3547 3546 
176800 3552 3553 
176850 3554 3556 
176900 3544 3550 
176950 3564 3562 
177000 3555 3560 
177050 3551 3548 
177100 3546 3547 
177150 3534 3534 
177200 3542 3548 
177250 3550 3554 
177300 3524 3533 
177350 3544 3535 
177400 3539 3532 
177450 3542 3543 
177500 3534 3534 
177550 3538 3540 
177600 3551 3557 
177650 3557 3557 
177700 3557 3557 
177750 3547 3551 
177800 3546 3549 
177850 3538 3540 
177900 3542 3551 
177950 3568 3567 
178000 3555 3557 
178050 3539 3545 
178100 3551 3549 
178150 3539 3541 
178200 3544 3541 
178250 3566 3561 
178300 3535 3548 
178350 3548 3554 
178400 3546 3548 
178450 3552 3563 
178500 3547 3549 
178550 3555 3550 
178600 3553 3549 
178650 3541 3542 
178700 3540 3544 
178750 3555 3555 
178800 3542 3549 
178850 3560 3562 
178900 3553 3555 
178950 3549 3554 
179000 3549 3549 
179050 3537 3545 
179100 3555 3557 
179150 3542 3547 
179200 3554 3556 
179250 3563 3565 
179300 3548 3552 
179350 3556 3556 
179400 3550 3552 
179450 3557 3556 
179500 3531 3540 
179550 3555 3557 
179600 3523 3530 
179650 3543 3546 
179700 3547 3543 
179750 3549 3551 
179800 3545 3551 
179850 3559 3560 
179900 3545 3550 
179950 3543 3545 
180000 3538 3544 
180050 3569 3565 
180100 3550 3546 
180150 3546 3553 
180200 3542 3546 
180250 3545 3548 
180300 3546 3545 
180350 3551 3560 
180400 3538 3539 
180450 3553 3549 
180500 3527 3531 
180550 3546 3545 
180600 3546 3551 
180650 3555 3557 
180700 3555 3556 
180750 3547 3549 
180800 3556 3554 
180850 3543 3547 
180900 3551 3562 
180950 3553 3548 
181000 3552 3552 
181050 3549 3548 
181100 3545 3550 
181150 3551 3551 
181200 3552 3554 
181250 3546 3544 
181300 3566 3568 
181350 3554 3545 
181400 3562 3558 
181450 3555 3558 
181500 3552 3554 
181550 3553 3562 
181600 3544 3551 
181650 3553 3555 
181700 3554 3553 
181750 3537 3544 
181800 3552 3547 
181850 3552 3559 
181900 3557 3554 
181950 3547 3543 
182000 3550 3564 
182050 3552 3549 
182100 3537 3536 
182150 3552 3558 
182200 3555 3555 
182250 3543 3546 
182300 3553 3549 
182350 3542 3540 
182400 3544 3544 
182450 3543 3540 
182500 3537 3547 
182550 3555 3553 
182600 3536 3539 
182650 3543 3549 
182700 3551 3550 
182750 3551 3553 
182800 3538 3539 
182850 3535 3538 
182900 3551 3544 
182950 3549 3555 
183000 3541 3543 
183050 3551 3552 
183100 3544 3542 
183150 3549 3548 
183200 3546 3546 
183250 3545 3547 
183300 3550 3552 
183350 3557 3556 
183400 3536 3539 
183450 3548 3548 
183500 3555 3558 
183550 3547 3553 
183600 3529 3536 
183650 3558 3559 
183700 3555 3559 
183750 3546 3545 
183800 3541 3541 
183850 3558 3558 
183900 3568 3563 
183950 3552 3554 
184000 3550 3555 
184050 3534 3535 
184100 3543 3540 
184150 3559 3558 
184200 3542 3540 
184250 3548 3547 
184300 3548 3555 
184350 3556 3559 
184400 3542 3543 
184450 3536 3538 
184500 3548 3550 
184550 3556 3556 
184600 3541 3551 
184650 3558 3559 
184700 3557 3555 
184750 3557 3557 
184800 3539 3543 
184850 3541 3555 
184900 3551 3555 
184950 3545 3552 
185000 3545 3533 
185050 3546 3545 
185100 3551 3552 
185150 3536 3545 
185200 3557 3559 
185250 3546 3551 
185300 3544 3543 
185350 3556 3555 
185400 3543 3544 
185450 3557 3559 
185500 3566 3561 
185550 3552 3549 
185600 3546 3545 
185650 3551 3541 
185700 3561 3565 
185750 3549 3551 
185800 3558 3554 
185850 3549 3556 
185900 3547 3550 
185950 3548 3548 
186000 3561 3561 
186050 3550 3547 
186100 3566 3560 
186150 3546 3551 
186200 3524 3538 
186250 3532 3545 
186300 3541 3545 
186350 3570 3568 
186400 3553 3560 
186450 3536 3544 
186500 3540 3544 
186550 3557 3563 
186600 3543 3546 
186650 3565 3572 
186700 3550 3556 
186750 3535 3538 
186800 3536 3546 
186850 3548 3549 
186900 3543 3539 
186950 3552 3554 
187000 3558 3554 
187050 3540 3530 
187100 3551 3551 
187150 3557 3562 
187200 3552 3556 
187250 3548 3553 
187300 3542 3543 
187350 3544 3545 
187400 3550 3562 
187450 3534 3539 
187500 3560 3563 
187550 3550 3551 
187600 3554 3555 
187650 3535 3540 
187700 3541 3550 
187750 3540 3549 
187800 3542 3538 
187850 3554 3563 
187900 3560 3556 
187950 3552 3553 
188000 3545 3546 
188050 3555 3560 
188100 3548 3556 
188150 3544 3551 
188200 3564 3563 
188250 3544 3544 
188300 3542 3541 
188350 3552 3553 
188400 3557 3559 
188450 3553 3554 
188500 3552 3549 
188550 3562 3563 
188600 3546 3544 
188650 3547 3549 
188700 3526 3523 
188750 3540 3540 
188800 3567 3566 
188850 3564 3566 
188900 3548 3552 
188950 3547 3547 
189000 3550 3549 
189050 3531 3533 
189100 3544 3548 
189150 3559 3557 
189200 3554 3553 
189250 3537 3534 
189300 3533 3545 
189350 3548 3552 
189400 3539 3541 
189450 3551 3550 
189500 3544 3544 
189550 3551 3552 
189600 3538 3540 
189650 3550 3551 
189700 3546 3549 
189750 3556 3551 
189800 3550 3548 
189850 3551 3553 
189900 3553 3549 
189950 3530 3538 
190000 3526 3530 
190050 3551 3550 
190100 3527 3534 
190150 3546 3547 
190200 3540 3548 
190250 3526 3530 
190300 3563 3560 
190350 3559 3560 
190400 3553 3558 
190450 3564 3562 
190500 3556 3562 
190550 3557 3555 
190600 3556 3556 
190650 3545 3546 
190700 3564 3563 
190750 3542 3547 
190800 3560 3559 
190850 3557 3563 
190900 3538 3541 
190950 3533 3535 
191000 3534 3542 
191050 3551 3549 
191100 3537 3542 
191150 3560 3557 
191200 3535 3536 
191250 3545 3540 
191300 3548 3549 
191350 3552 3556 
191400 3551 3552 
191450 3561 3557 
191500 3532 3534 
191550 3539 3539 
191600 3558 3562 
191650 3557 3561 
191700 3549 3551 
191750 3551 3555 
191800 3554 3554 
191850 3544 3546 
191900 3546 3547 
191950 3535 3542 
192000 3546 3554 
192050 3548 3556 
192100 3549 3554 
192150 3546 3541 
192200 3555 3556 
192250 3558 3560 
192300 3546 3556 
192350 3549 3551 
192400 3549 3550 
192450 3554 3555 
192500 3550 3546 
192550 3539 3539 
192600 3546 3547 
192650 3542 3546 
192700 3552 3555 
192750 3558 3559 
192800 3548 3549 
192850 3550 3556 
192900 3540 3540 
192950 3553 3547 
193000 3543 3548 
193050 3542 3545 
193100 3559 3560 
193150 3552 3546 
193200 3556 3560 
193250 3559 3558 
193300 3549 3550 
193350 3529 3538 
193400 3547 3549 
193450 3554 3553 
193500 3549 3551 
193550 3551 3548 
193600 3546 3552 
193650 3541 3550 
193700 3559 3566 
193750 3554 3556 
193800 3537 3537 
193850 3545 3548 
193900 3549 3556 
193950 3551 3544 
194000 3555 3556 
194050 3556 3551 
194100 3567 3569 
194150 3548 3553 
194200 3554 3558 
194250 3550 3549 
194300 3558 3560 
194350 3552 3556 
194400 3552 3555 
194450 3543 3546 
194500 3557 3558 
194550 3549 3552 
194600 3551 3547 
194650 3562 3564 
194700 3548 3545 
194750 3548 3549 
194800 3548 3549 
194850 3564 3566 
194900 3553 3554 
194950 3538 3542 
195000 3547 3552 
195050 3555 3557 
195100 3553 3556 
195150 3541 3535 
195200 3557 3555 
195250 3542 3544 
195300 3550 3549 
195350 3556 3558 
195400 3538 3537 
195450 3532 3543 
195500 3552 3554 
195550 3556 3553 
195600 3557 3555 
195650 3545 3541 
195700 3555 3557 
195750 3556 3555 
195800 3545 3551 
195850 3552 3555 
195900 3540 3543 
195950 3558 3551 
196000 3538 3543 
196050 3558 3558 
196100 3558 3557 
196150 3564 3565 
196200 3545 3551 
196250 3554 3556 
196300 3537 3543 
196350 3537 3541 
196400 3556 3551 
196450 3549 3544 
196500 3560 3555 
196550 3563 3564 
196600 3539 3538 
196650 3531 3528 
196700 3554 3554 
196750 3544 3549 
196800 3553 3552 
196850 3541 3552 
196900 3550 3554 
196950 3553 3555 
197000 3559 3568 
197050 3559 3562 
197100 3552 3554 
197150 3548 3548 
197200 3544 3554 
197250 3569 3565 
197300 3553 3548 
197350 3547 3544 
197400 3562 3559 
197450 3545 3554 
197500 3563 3560 
197550 3550 3557 
197600 3559 3557 
197650 3547 3552 
197700 3546 3547 
197750 3548 3554 
197800 3559 3560 
197850 3550 3546 
197900 3554 3559 
197950 3551 3554 
198000 3551 3552 
198050 3537 3541 
198100 3552 3553 
198150 3547 3549 
198200 3547 3550 
198250 3537 3540 
198300 3556 3557 
198350 3556 3558 
198400 3553 3560 
198450 3551 3554 
198500 3550 3551 
198550 3542 3545 
198600 3546 3554 
198650 3510 3510 
198700 3549 3547 
198750 3553 3559 
198800 3551 3553 
198850 3536 3539 
198900 3562 3571 
198950 3541 3547 
199000 3542 3548 
199050 3552 3555 
199100 3544 3540 
199150 3545 3545 
199200 3546 3546 
199250 3549 3554 
199300 3542 3542 
199350 3537 3539 
199400 3554 3561 
199450 3540 3546 
199500 3556 3558 
199550 3556 3558 
199600 3533 3540 
199650 3543 3548 
199700 3562 3556 
199750 3554 3546 
199800 3555 3556 
199850 3560 3562 
199900 3567 3571 
199950 3539 3540 
200000 3551 3551 
