# Avida tasks data
# Sat Apr  7 00:46:45 2012
# First column gives the current update, next columns give the number
# of organisms that have the particular task as a component of their merit
#  1: Update
#  2: Xor
#  3: Equals

0 0 0 
50 8 8 
100 43 43 
150 114 114 
200 236 236 
250 444 444 
300 674 674 
350 969 967 
400 1329 1328 
450 1751 1745 
500 2198 2200 
550 2676 2678 
600 3181 3180 
650 3434 3431 
700 3530 3534 
750 3537 3535 
800 3534 3530 
850 3535 3524 
900 3545 3538 
950 3544 3555 
1000 3532 3537 
1050 3548 3548 
1100 3558 3551 
1150 3559 3565 
1200 3536 3539 
1250 3528 3527 
1300 3560 3555 
1350 3544 3541 
1400 3546 3546 
1450 3549 3550 
1500 3552 3543 
1550 3546 3545 
1600 3544 3540 
1650 3531 3531 
1700 3533 3535 
1750 3558 3555 
1800 3546 3543 
1850 3540 3538 
1900 3554 3554 
1950 3538 3544 
2000 3544 3547 
2050 3534 3541 
2100 3544 3547 
2150 3547 3550 
2200 3550 3546 
2250 3537 3536 
2300 3558 3557 
2350 3549 3548 
2400 3537 3530 
2450 3547 3552 
2500 3546 3547 
2550 3548 3544 
2600 3551 3540 
2650 3553 3551 
2700 3540 3544 
2750 3552 3552 
2800 3534 3534 
2850 3539 3543 
2900 3557 3559 
2950 3555 3549 
3000 3553 3550 
3050 3536 3538 
3100 3535 3532 
3150 3566 3563 
3200 3527 3530 
3250 3546 3545 
3300 3556 3556 
3350 3562 3557 
3400 3550 3553 
3450 3548 3548 
3500 3547 3545 
3550 3547 3545 
3600 3535 3537 
3650 3543 3542 
3700 3547 3552 
3750 3543 3542 
3800 3545 3542 
3850 3538 3536 
3900 3543 3552 
3950 3543 3545 
4000 3535 3536 
4050 3540 3539 
4100 3555 3553 
4150 3550 3551 
4200 3549 3553 
4250 3543 3547 
4300 3535 3542 
4350 3541 3543 
4400 3544 3543 
4450 3541 3543 
4500 3544 3539 
4550 3548 3542 
4600 3546 3554 
4650 3561 3567 
4700 3548 3539 
4750 3542 3536 
4800 3537 3539 
4850 3556 3557 
4900 3529 3531 
4950 3540 3540 
5000 3544 3546 
5050 3543 3544 
5100 3536 3544 
5150 3557 3563 
5200 3548 3552 
5250 3551 3550 
5300 3529 3535 
5350 3549 3542 
5400 3549 3538 
5450 3550 3548 
5500 3548 3545 
5550 3551 3549 
5600 3527 3523 
5650 3546 3541 
5700 3536 3538 
5750 3554 3556 
5800 3536 3533 
5850 3543 3539 
5900 3560 3555 
5950 3548 3547 
6000 3546 3544 
6050 3545 3538 
6100 3553 3554 
6150 3554 3550 
6200 3546 3542 
6250 3548 3550 
6300 3531 3530 
6350 3541 3537 
6400 3536 3527 
6450 3530 3527 
6500 3536 3534 
6550 3539 3547 
6600 3534 3537 
6650 3542 3540 
6700 3546 3545 
6750 3535 3533 
6800 3528 3532 
6850 3546 3548 
6900 3544 3543 
6950 3553 3549 
7000 3552 3556 
7050 3540 3543 
7100 3561 3564 
7150 3551 3555 
7200 3534 3536 
7250 3532 3530 
7300 3559 3559 
7350 3557 3550 
7400 3554 3553 
7450 3543 3543 
7500 3544 3544 
7550 3548 3548 
7600 3558 3559 
7650 3543 3542 
7700 3543 3539 
7750 3551 3545 
7800 3531 3528 
7850 3536 3540 
7900 3553 3552 
7950 3540 3534 
8000 3546 3550 
8050 3554 3554 
8100 3556 3552 
8150 3539 3543 
8200 3542 3542 
8250 3550 3541 
8300 3557 3548 
8350 3542 3540 
8400 3548 3544 
8450 3535 3537 
8500 3541 3544 
8550 3521 3527 
8600 3547 3550 
8650 3546 3542 
8700 3556 3551 
8750 3560 3555 
8800 3550 3552 
8850 3551 3550 
8900 3552 3551 
8950 3549 3551 
9000 3550 3550 
9050 3543 3542 
9100 3535 3532 
9150 3541 3536 
9200 3539 3540 
9250 3550 3553 
9300 3541 3540 
9350 3557 3556 
9400 3537 3541 
9450 3542 3546 
9500 3547 3550 
9550 3546 3544 
9600 3546 3542 
9650 3552 3549 
9700 3545 3539 
9750 3549 3549 
9800 3550 3553 
9850 3541 3538 
9900 3549 3545 
9950 3549 3546 
10000 3552 3546 
10050 3551 3550 
10100 3546 3553 
10150 3553 3554 
10200 3560 3557 
10250 3546 3539 
10300 3567 3565 
10350 3544 3540 
10400 3557 3554 
10450 3541 3543 
10500 3534 3540 
10550 3549 3539 
10600 3530 3531 
10650 3539 3537 
10700 3542 3543 
10750 3560 3561 
10800 3561 3562 
10850 3554 3559 
10900 3540 3538 
10950 3547 3545 
11000 3549 3544 
11050 3536 3536 
11100 3547 3550 
11150 3556 3554 
11200 3557 3555 
11250 3563 3555 
11300 3540 3535 
11350 3536 3540 
11400 3545 3541 
11450 3541 3540 
11500 3544 3543 
11550 3526 3530 
11600 3555 3554 
11650 3555 3552 
11700 3551 3550 
11750 3544 3545 
11800 3536 3536 
11850 3530 3536 
11900 3530 3533 
11950 3547 3548 
12000 3542 3539 
12050 3545 3548 
12100 3551 3549 
12150 3550 3550 
12200 3562 3563 
12250 3550 3552 
12300 3529 3530 
12350 3543 3544 
12400 3549 3551 
12450 3524 3527 
12500 3536 3539 
12550 3551 3554 
12600 3547 3547 
12650 3554 3553 
12700 3543 3539 
12750 3556 3551 
12800 3570 3565 
12850 3565 3561 
12900 3534 3535 
12950 3536 3536 
13000 3550 3551 
13050 3555 3554 
13100 3550 3543 
13150 3548 3540 
13200 3531 3536 
13250 3550 3548 
13300 3562 3564 
13350 3557 3557 
13400 3537 3535 
13450 3545 3548 
13500 3548 3553 
13550 3537 3538 
13600 3540 3540 
13650 3545 3542 
13700 3550 3549 
13750 3549 3545 
13800 3555 3552 
13850 3546 3544 
13900 3552 3544 
13950 3541 3535 
14000 3554 3550 
14050 3545 3541 
14100 3550 3553 
14150 3545 3549 
14200 3531 3528 
14250 3557 3558 
14300 3556 3561 
14350 3549 3546 
14400 3537 3533 
14450 3540 3535 
14500 3547 3546 
14550 3533 3529 
14600 3561 3553 
14650 3551 3554 
14700 3552 3551 
14750 3547 3541 
14800 3547 3556 
14850 3566 3560 
14900 3570 3559 
14950 3548 3546 
15000 3546 3544 
15050 3542 3536 
15100 3532 3532 
15150 3534 3541 
15200 3523 3530 
15250 3538 3540 
15300 3545 3543 
15350 3540 3545 
15400 3542 3541 
15450 3542 3543 
15500 3547 3548 
15550 3528 3525 
15600 3541 3537 
15650 3540 3535 
15700 3540 3536 
15750 3546 3548 
15800 3549 3556 
15850 3557 3561 
15900 3537 3545 
15950 3550 3547 
16000 3537 3544 
16050 3557 3556 
16100 3546 3547 
16150 3547 3543 
16200 3541 3541 
16250 3545 3545 
16300 3554 3549 
16350 3560 3549 
16400 3552 3546 
16450 3530 3538 
16500 3553 3551 
16550 3546 3545 
16600 3541 3534 
16650 3525 3531 
16700 3530 3531 
16750 3535 3541 
16800 3534 3534 
16850 3554 3556 
16900 3558 3557 
16950 3531 3542 
17000 3547 3556 
17050 3553 3545 
17100 3546 3548 
17150 3540 3543 
17200 3540 3544 
17250 3548 3549 
17300 3530 3535 
17350 3542 3542 
17400 3551 3548 
17450 3546 3541 
17500 3523 3522 
17550 3535 3538 
17600 3540 3539 
17650 3538 3544 
17700 3533 3534 
17750 3541 3540 
17800 3545 3545 
17850 3538 3537 
17900 3552 3551 
17950 3543 3536 
18000 3555 3548 
18050 3556 3558 
18100 3538 3545 
18150 3543 3538 
18200 3529 3531 
18250 3538 3539 
18300 3543 3543 
18350 3553 3551 
18400 3563 3566 
18450 3557 3559 
18500 3543 3539 
18550 3534 3532 
18600 3553 3559 
18650 3539 3540 
18700 3535 3537 
18750 3546 3546 
18800 3559 3556 
18850 3548 3547 
18900 3553 3557 
18950 3553 3546 
19000 3539 3544 
19050 3549 3552 
19100 3549 3546 
19150 3535 3537 
19200 3524 3520 
19250 3548 3544 
19300 3541 3536 
19350 3556 3555 
19400 3552 3548 
19450 3552 3552 
19500 3555 3546 
19550 3540 3543 
19600 3528 3528 
19650 3554 3555 
19700 3531 3534 
19750 3554 3552 
19800 3547 3541 
19850 3554 3554 
19900 3545 3546 
19950 3538 3538 
20000 3557 3561 
20050 3552 3551 
20100 3539 3541 
20150 3534 3533 
20200 3549 3547 
20250 3544 3543 
20300 3559 3559 
20350 3554 3548 
20400 3559 3561 
20450 3552 3542 
20500 3555 3562 
20550 3555 3558 
20600 3550 3553 
20650 3543 3549 
20700 3555 3552 
20750 3548 3543 
20800 3552 3547 
20850 3549 3549 
20900 3550 3547 
20950 3531 3534 
21000 3535 3545 
21050 3541 3544 
21100 3556 3549 
21150 3552 3558 
21200 3545 3544 
21250 3538 3540 
21300 3542 3541 
21350 3543 3546 
21400 3552 3554 
21450 3548 3549 
21500 3541 3535 
21550 3551 3551 
21600 3538 3542 
21650 3547 3539 
21700 3530 3529 
21750 3539 3539 
21800 3546 3549 
21850 3542 3547 
21900 3548 3557 
21950 3557 3554 
22000 3539 3544 
22050 3539 3542 
22100 3528 3530 
22150 3531 3531 
22200 3557 3562 
22250 3535 3540 
22300 3538 3544 
22350 3543 3540 
22400 3556 3553 
22450 3537 3535 
22500 3555 3554 
22550 3554 3549 
22600 3545 3547 
22650 3538 3542 
22700 3536 3531 
22750 3541 3546 
22800 3542 3547 
22850 3541 3543 
22900 3542 3544 
22950 3556 3557 
23000 3554 3554 
23050 3553 3542 
23100 3549 3548 
23150 3546 3546 
23200 3551 3553 
23250 3554 3550 
23300 3542 3543 
23350 3551 3548 
23400 3540 3539 
23450 3550 3548 
23500 3554 3553 
23550 3553 3548 
23600 3557 3553 
23650 3536 3534 
23700 3546 3543 
23750 3557 3554 
23800 3537 3544 
23850 3528 3530 
23900 3545 3539 
23950 3544 3545 
24000 3558 3564 
24050 3548 3547 
24100 3554 3555 
24150 3556 3552 
24200 3560 3560 
24250 3547 3545 
24300 3549 3549 
24350 3557 3556 
24400 3558 3554 
24450 3554 3556 
24500 3560 3558 
24550 3560 3560 
24600 3564 3569 
24650 3540 3542 
24700 3543 3542 
24750 3546 3537 
24800 3536 3536 
24850 3559 3561 
24900 3551 3554 
24950 3541 3548 
25000 3542 3547 
25050 3542 3544 
25100 3546 3546 
25150 3537 3541 
25200 3561 3554 
25250 3545 3538 
25300 3551 3548 
25350 3548 3549 
25400 3550 3548 
25450 3537 3542 
25500 3537 3541 
25550 3550 3548 
25600 3541 3542 
25650 3539 3539 
25700 3545 3543 
25750 3551 3545 
25800 3562 3564 
25850 3537 3538 
25900 3552 3553 
25950 3551 3549 
26000 3561 3559 
26050 3541 3544 
26100 3547 3551 
26150 3541 3544 
26200 3546 3537 
26250 3549 3550 
26300 3554 3548 
26350 3562 3560 
26400 3548 3549 
26450 3568 3566 
26500 3546 3544 
26550 3550 3549 
26600 3560 3563 
26650 3544 3538 
26700 3548 3553 
26750 3544 3548 
26800 3536 3527 
26850 3544 3537 
26900 3561 3563 
26950 3544 3547 
27000 3552 3552 
27050 3559 3561 
27100 3550 3548 
27150 3572 3565 
27200 3555 3557 
27250 3545 3539 
27300 3546 3546 
27350 3549 3553 
27400 3532 3536 
27450 3561 3562 
27500 3552 3550 
27550 3553 3551 
27600 3551 3553 
27650 3532 3531 
27700 3545 3543 
27750 3541 3543 
27800 3553 3550 
27850 3551 3549 
27900 3552 3549 
27950 3554 3552 
28000 3549 3552 
28050 3555 3555 
28100 3570 3563 
28150 3557 3564 
28200 3559 3560 
28250 3556 3558 
28300 3548 3548 
28350 3556 3552 
28400 3558 3552 
28450 3545 3545 
28500 3552 3556 
28550 3541 3545 
28600 3531 3525 
28650 3545 3539 
28700 3562 3561 
28750 3555 3551 
28800 3546 3537 
28850 3544 3538 
28900 3556 3556 
28950 3540 3536 
29000 3542 3541 
29050 3553 3561 
29100 3545 3543 
29150 3555 3557 
29200 3543 3551 
29250 3561 3560 
29300 3560 3560 
29350 3536 3536 
29400 3556 3555 
29450 3548 3546 
29500 3560 3558 
29550 3544 3535 
29600 3552 3547 
29650 3547 3547 
29700 3548 3545 
29750 3547 3553 
29800 3529 3519 
29850 3551 3546 
29900 3555 3559 
29950 3567 3560 
30000 3553 3552 
30050 3552 3556 
30100 3560 3556 
30150 3537 3540 
30200 3558 3557 
30250 3557 3554 
30300 3553 3552 
30350 3560 3560 
30400 3553 3553 
30450 3528 3528 
30500 3558 3556 
30550 3546 3540 
30600 3549 3540 
30650 3537 3533 
30700 3531 3531 
30750 3552 3554 
30800 3544 3545 
30850 3543 3545 
30900 3548 3544 
30950 3546 3542 
31000 3555 3551 
31050 3546 3544 
31100 3531 3537 
31150 3543 3539 
31200 3532 3536 
31250 3546 3550 
31300 3563 3553 
31350 3557 3555 
31400 3562 3565 
31450 3537 3540 
31500 3550 3542 
31550 3551 3551 
31600 3530 3527 
31650 3547 3541 
31700 3542 3546 
31750 3549 3546 
31800 3540 3542 
31850 3541 3543 
31900 3533 3538 
31950 3543 3544 
32000 3549 3547 
32050 3553 3550 
32100 3528 3527 
32150 3545 3550 
32200 3550 3550 
32250 3554 3554 
32300 3548 3543 
32350 3547 3545 
32400 3544 3545 
32450 3547 3546 
32500 3537 3533 
32550 3539 3537 
32600 3549 3548 
32650 3547 3545 
32700 3540 3540 
32750 3530 3532 
32800 3549 3549 
32850 3543 3544 
32900 3541 3532 
32950 3570 3571 
33000 3556 3556 
33050 3543 3545 
33100 3545 3546 
33150 3550 3552 
33200 3553 3556 
33250 3534 3531 
33300 3532 3530 
33350 3547 3549 
33400 3533 3534 
33450 3559 3556 
33500 3540 3541 
33550 3538 3537 
33600 3553 3554 
33650 3552 3552 
33700 3548 3545 
33750 3554 3549 
33800 3547 3551 
33850 3540 3542 
33900 3555 3556 
33950 3541 3551 
34000 3537 3540 
34050 3554 3554 
34100 3545 3546 
34150 3542 3542 
34200 3555 3556 
34250 3555 3556 
34300 3554 3561 
34350 3550 3552 
34400 3556 3561 
34450 3529 3534 
34500 3532 3539 
34550 3532 3539 
34600 3542 3551 
34650 3552 3543 
34700 3550 3551 
34750 3551 3556 
34800 3565 3562 
34850 3569 3561 
34900 3557 3556 
34950 3552 3551 
35000 3559 3553 
35050 3568 3565 
35100 3530 3532 
35150 3542 3550 
35200 3543 3546 
35250 3545 3547 
35300 3556 3552 
35350 3553 3551 
35400 3545 3545 
35450 3538 3542 
35500 3529 3532 
35550 3533 3539 
35600 3550 3554 
35650 3564 3567 
35700 3560 3559 
35750 3552 3551 
35800 3562 3560 
35850 3556 3557 
35900 3546 3547 
35950 3541 3542 
36000 3561 3561 
36050 3554 3555 
36100 3539 3542 
36150 3543 3543 
36200 3564 3562 
36250 3551 3550 
36300 3545 3541 
36350 3549 3549 
36400 3547 3549 
36450 3533 3532 
36500 3539 3541 
36550 3551 3551 
36600 3562 3559 
36650 3536 3546 
36700 3543 3552 
36750 3544 3547 
36800 3529 3523 
36850 3540 3538 
36900 3543 3544 
36950 3551 3552 
37000 3532 3528 
37050 3547 3549 
37100 3552 3550 
37150 3564 3560 
37200 3561 3558 
37250 3555 3548 
37300 3556 3552 
37350 3535 3532 
37400 3544 3547 
37450 3541 3543 
37500 3544 3548 
37550 3548 3548 
37600 3536 3538 
37650 3557 3552 
37700 3548 3541 
37750 3552 3550 
37800 3538 3542 
37850 3536 3541 
37900 3554 3553 
37950 3554 3553 
38000 3539 3532 
38050 3555 3554 
38100 3537 3541 
38150 3534 3542 
38200 3540 3538 
38250 3544 3548 
38300 3552 3549 
38350 3549 3551 
38400 3544 3546 
38450 3547 3537 
38500 3539 3538 
38550 3547 3545 
38600 3538 3539 
38650 3543 3549 
38700 3545 3554 
38750 3550 3548 
38800 3557 3551 
38850 3556 3557 
38900 3564 3563 
38950 3544 3542 
39000 3550 3542 
39050 3562 3557 
39100 3559 3551 
39150 3547 3543 
39200 3546 3550 
39250 3562 3564 
39300 3549 3548 
39350 3539 3538 
39400 3543 3549 
39450 3560 3559 
39500 3551 3553 
39550 3552 3559 
39600 3555 3560 
39650 3538 3539 
39700 3545 3543 
39750 3558 3557 
39800 3539 3544 
39850 3530 3531 
39900 3544 3547 
39950 3543 3541 
40000 3549 3543 
40050 3550 3547 
40100 3544 3548 
40150 3532 3533 
40200 3549 3550 
40250 3549 3551 
40300 3555 3558 
40350 3564 3563 
40400 3539 3538 
40450 3543 3540 
40500 3539 3532 
40550 3555 3561 
40600 3525 3535 
40650 3552 3554 
40700 3546 3545 
40750 3529 3535 
40800 3548 3553 
40850 3530 3531 
40900 3535 3533 
40950 3563 3559 
41000 3563 3558 
41050 3560 3553 
41100 3557 3558 
41150 3538 3534 
41200 3540 3544 
41250 3547 3546 
41300 3562 3557 
41350 3551 3547 
41400 3545 3548 
41450 3541 3537 
41500 3543 3542 
41550 3539 3534 
41600 3553 3552 
41650 3542 3544 
41700 3557 3553 
41750 3555 3550 
41800 3540 3537 
41850 3546 3544 
41900 3541 3545 
41950 3564 3566 
42000 3546 3548 
42050 3555 3558 
42100 3555 3546 
42150 3564 3563 
42200 3540 3540 
42250 3544 3538 
42300 3544 3543 
42350 3547 3548 
42400 3558 3559 
42450 3530 3531 
42500 3547 3550 
42550 3545 3548 
42600 3540 3545 
42650 3556 3560 
42700 3546 3548 
42750 3538 3540 
42800 3546 3549 
42850 3538 3542 
42900 3550 3548 
42950 3543 3551 
43000 3551 3546 
43050 3544 3546 
43100 3536 3543 
43150 3544 3548 
43200 3542 3543 
43250 3546 3545 
43300 3547 3547 
43350 3528 3525 
43400 3557 3551 
43450 3554 3552 
43500 3551 3545 
43550 3544 3539 
43600 3539 3542 
43650 3551 3551 
43700 3548 3547 
43750 3557 3553 
43800 3541 3543 
43850 3561 3549 
43900 3564 3562 
43950 3555 3556 
44000 3561 3555 
44050 3559 3553 
44100 3542 3538 
44150 3568 3564 
44200 3549 3551 
44250 3564 3559 
44300 3542 3539 
44350 3550 3556 
44400 3536 3541 
44450 3540 3540 
44500 3555 3559 
44550 3542 3543 
44600 3547 3543 
44650 3549 3547 
44700 3548 3550 
44750 3559 3559 
44800 3552 3552 
44850 3531 3531 
44900 3550 3552 
44950 3546 3549 
45000 3539 3533 
45050 3561 3563 
45100 3569 3565 
45150 3546 3541 
45200 3542 3543 
45250 3532 3527 
45300 3543 3537 
45350 3563 3560 
45400 3558 3559 
45450 3557 3552 
45500 3547 3549 
45550 3562 3562 
45600 3536 3534 
45650 3554 3548 
45700 3547 3550 
45750 3531 3534 
45800 3562 3563 
45850 3572 3571 
45900 3552 3544 
45950 3554 3554 
46000 3543 3538 
46050 3545 3545 
46100 3545 3544 
46150 3544 3539 
46200 3550 3544 
46250 3563 3562 
46300 3552 3551 
46350 3541 3542 
46400 3558 3555 
46450 3544 3547 
46500 3549 3548 
46550 3548 3543 
46600 3557 3556 
46650 3540 3538 
46700 3559 3554 
46750 3541 3533 
46800 3563 3562 
46850 3561 3559 
46900 3552 3551 
46950 3557 3551 
47000 3554 3550 
47050 3557 3557 
47100 3553 3556 
47150 3560 3559 
47200 3554 3559 
47250 3561 3553 
47300 3557 3561 
47350 3553 3553 
47400 3550 3549 
47450 3536 3541 
47500 3549 3546 
47550 3544 3544 
47600 3551 3554 
47650 3545 3543 
47700 3566 3565 
47750 3556 3555 
47800 3548 3542 
47850 3545 3540 
47900 3541 3542 
47950 3560 3555 
48000 3559 3555 
48050 3557 3552 
48100 3544 3550 
48150 3564 3566 
48200 3554 3551 
48250 3540 3540 
48300 3538 3528 
48350 3553 3551 
48400 3553 3540 
48450 3550 3548 
48500 3542 3549 
48550 3530 3534 
48600 3547 3549 
48650 3553 3549 
48700 3545 3545 
48750 3538 3545 
48800 3539 3532 
48850 3544 3542 
48900 3541 3542 
48950 3549 3542 
49000 3562 3560 
49050 3558 3557 
49100 3549 3550 
49150 3548 3545 
49200 3559 3556 
49250 3568 3563 
49300 3557 3559 
49350 3549 3548 
49400 3551 3547 
49450 3561 3567 
49500 3551 3550 
49550 3543 3547 
49600 3564 3564 
49650 3549 3541 
49700 3555 3547 
49750 3546 3541 
49800 3557 3554 
49850 3554 3553 
49900 3549 3547 
49950 3562 3557 
50000 3547 3548 
50050 3555 3554 
50100 3540 3533 
50150 3543 3543 
50200 3556 3559 
50250 3543 3542 
50300 3564 3567 
50350 3547 3548 
50400 3559 3552 
50450 3550 3549 
50500 3560 3551 
50550 3541 3538 
50600 3538 3539 
50650 3549 3547 
50700 3551 3545 
50750 3545 3543 
50800 3557 3559 
50850 3551 3548 
50900 3550 3549 
50950 3559 3558 
51000 3546 3546 
51050 3552 3546 
51100 3554 3558 
51150 3557 3554 
51200 3551 3544 
51250 3544 3550 
51300 3550 3544 
51350 3548 3548 
51400 3542 3540 
51450 3556 3559 
51500 3556 3556 
51550 3547 3540 
51600 3559 3558 
51650 3560 3559 
51700 3552 3549 
51750 3556 3555 
51800 3559 3559 
51850 3543 3547 
51900 3554 3546 
51950 3548 3546 
52000 3562 3563 
52050 3561 3562 
52100 3560 3563 
52150 3547 3550 
52200 3542 3540 
52250 3540 3544 
52300 3532 3538 
52350 3551 3549 
52400 3555 3558 
52450 3544 3543 
52500 3550 3547 
52550 3557 3549 
52600 3561 3562 
52650 3557 3560 
52700 3538 3533 
52750 3555 3554 
52800 3555 3555 
52850 3562 3566 
52900 3552 3556 
52950 3556 3552 
53000 3547 3548 
53050 3537 3538 
53100 3551 3552 
53150 3537 3542 
53200 3544 3548 
53250 3557 3548 
53300 3554 3559 
53350 3548 3541 
53400 3540 3546 
53450 3563 3559 
53500 3542 3542 
53550 3556 3554 
53600 3547 3545 
53650 3552 3549 
53700 3551 3546 
53750 3547 3549 
53800 3563 3560 
53850 3542 3540 
53900 3542 3543 
53950 3562 3564 
54000 3547 3551 
54050 3550 3552 
54100 3557 3551 
54150 3537 3541 
54200 3546 3545 
54250 3530 3532 
54300 3544 3547 
54350 3535 3536 
54400 3555 3556 
54450 3562 3558 
54500 3561 3563 
54550 3547 3547 
54600 3547 3553 
54650 3531 3529 
54700 3548 3543 
54750 3551 3549 
54800 3546 3541 
54850 3541 3533 
54900 3538 3536 
54950 3534 3533 
55000 3541 3546 
55050 3552 3550 
55100 3522 3524 
55150 3550 3555 
55200 3546 3540 
55250 3563 3564 
55300 3554 3557 
55350 3548 3552 
55400 3568 3566 
55450 3552 3554 
55500 3545 3547 
55550 3544 3553 
55600 3561 3560 
55650 3542 3544 
55700 3545 3544 
55750 3557 3558 
55800 3527 3534 
55850 3554 3546 
55900 3545 3545 
55950 3558 3557 
56000 3559 3558 
56050 3544 3546 
56100 3537 3541 
56150 3548 3551 
56200 3540 3535 
56250 3541 3539 
56300 3534 3536 
56350 3551 3552 
56400 3534 3527 
56450 3561 3554 
56500 3556 3560 
56550 3557 3562 
56600 3546 3543 
56650 3540 3541 
56700 3537 3537 
56750 3535 3532 
56800 3561 3559 
56850 3539 3541 
56900 3549 3548 
56950 3546 3543 
57000 3550 3550 
57050 3556 3551 
57100 3546 3538 
57150 3551 3553 
57200 3559 3554 
57250 3551 3551 
57300 3534 3530 
57350 3559 3555 
57400 3541 3542 
57450 3542 3541 
57500 3541 3537 
57550 3550 3549 
57600 3535 3532 
57650 3536 3540 
57700 3554 3551 
57750 3545 3548 
57800 3549 3549 
57850 3531 3530 
57900 3545 3536 
57950 3555 3550 
58000 3547 3548 
58050 3543 3538 
58100 3559 3557 
58150 3551 3548 
58200 3543 3536 
58250 3557 3556 
58300 3526 3526 
58350 3556 3559 
58400 3561 3569 
58450 3545 3550 
58500 3537 3541 
58550 3550 3550 
58600 3557 3553 
58650 3550 3542 
58700 3545 3544 
58750 3551 3547 
58800 3553 3557 
58850 3563 3563 
58900 3549 3542 
58950 3552 3550 
59000 3559 3559 
59050 3562 3556 
59100 3539 3535 
59150 3550 3546 
59200 3568 3564 
59250 3571 3568 
59300 3548 3535 
59350 3551 3553 
59400 3556 3550 
59450 3557 3555 
59500 3571 3565 
59550 3551 3545 
59600 3544 3544 
59650 3549 3552 
59700 3557 3553 
59750 3560 3557 
59800 3550 3552 
59850 3549 3550 
59900 3541 3538 
59950 3559 3560 
60000 3541 3542 
60050 3556 3558 
60100 3549 3552 
60150 3571 3571 
60200 3542 3545 
60250 3546 3552 
60300 3530 3529 
60350 3545 3547 
60400 3557 3560 
60450 3553 3554 
60500 3540 3535 
60550 3542 3545 
60600 3546 3542 
60650 3545 3546 
60700 3540 3541 
60750 3542 3547 
60800 3564 3561 
60850 3548 3555 
60900 3567 3566 
60950 3557 3556 
61000 3544 3542 
61050 3558 3550 
61100 3542 3541 
61150 3553 3558 
61200 3555 3552 
61250 3556 3555 
61300 3549 3547 
61350 3551 3548 
61400 3543 3544 
61450 3550 3546 
61500 3563 3555 
61550 3537 3535 
61600 3540 3541 
61650 3544 3544 
61700 3556 3554 
61750 3548 3551 
61800 3559 3559 
61850 3559 3556 
61900 3554 3549 
61950 3545 3540 
62000 3560 3557 
62050 3541 3539 
62100 3541 3536 
62150 3536 3529 
62200 3554 3555 
62250 3555 3555 
62300 3553 3554 
62350 3552 3545 
62400 3548 3542 
62450 3540 3541 
62500 3526 3532 
62550 3558 3556 
62600 3549 3540 
62650 3545 3546 
62700 3543 3547 
62750 3551 3553 
62800 3568 3565 
62850 3560 3561 
62900 3550 3551 
62950 3542 3541 
63000 3570 3568 
63050 3548 3549 
63100 3550 3545 
63150 3560 3553 
63200 3551 3549 
63250 3551 3555 
63300 3544 3543 
63350 3549 3554 
63400 3551 3555 
63450 3558 3557 
63500 3552 3549 
63550 3546 3542 
63600 3549 3549 
63650 3557 3554 
63700 3565 3563 
63750 3550 3550 
63800 3557 3559 
63850 3557 3558 
63900 3543 3544 
63950 3552 3554 
64000 3553 3555 
64050 3552 3555 
64100 3534 3540 
64150 3549 3549 
64200 3551 3553 
64250 3552 3558 
64300 3547 3549 
64350 3550 3555 
64400 3545 3546 
64450 3543 3542 
64500 3567 3558 
64550 3559 3551 
64600 3555 3557 
64650 3549 3550 
64700 3557 3551 
64750 3537 3543 
64800 3561 3565 
64850 3554 3556 
64900 3561 3555 
64950 3536 3533 
65000 3550 3548 
65050 3548 3548 
65100 3552 3557 
65150 3561 3560 
65200 3541 3540 
65250 3561 3562 
65300 3561 3556 
65350 3559 3558 
65400 3550 3550 
65450 3550 3551 
65500 3562 3568 
65550 3555 3553 
65600 3546 3546 
65650 3551 3566 
65700 3554 3554 
65750 3555 3555 
65800 3557 3554 
65850 3547 3545 
65900 3550 3555 
65950 3555 3556 
66000 3546 3549 
66050 3551 3552 
66100 3571 3569 
66150 3556 3553 
66200 3554 3545 
66250 3556 3557 
66300 3547 3555 
66350 3562 3559 
66400 3544 3556 
66450 3547 3545 
66500 3549 3549 
66550 3535 3538 
66600 3550 3549 
66650 3551 3545 
66700 3558 3564 
66750 3534 3543 
66800 3537 3542 
66850 3563 3561 
66900 3551 3551 
66950 3553 3556 
67000 3566 3560 
67050 3547 3543 
67100 3556 3551 
67150 3564 3562 
67200 3566 3564 
67250 3552 3546 
67300 3554 3554 
67350 3546 3554 
67400 3552 3552 
67450 3553 3549 
67500 3554 3552 
67550 3553 3555 
67600 3551 3553 
67650 3562 3565 
67700 3550 3551 
67750 3547 3540 
67800 3547 3544 
67850 3542 3541 
67900 3544 3549 
67950 3536 3545 
68000 3534 3536 
68050 3547 3541 
68100 3546 3550 
68150 3551 3556 
68200 3555 3558 
68250 3544 3543 
68300 3552 3556 
68350 3566 3565 
68400 3563 3564 
68450 3555 3556 
68500 3563 3556 
68550 3553 3549 
68600 3557 3557 
68650 3551 3556 
68700 3548 3544 
68750 3550 3556 
68800 3555 3554 
68850 3538 3539 
68900 3548 3552 
68950 3555 3555 
69000 3559 3562 
69050 3553 3553 
69100 3552 3554 
69150 3556 3552 
69200 3552 3549 
69250 3563 3561 
69300 3539 3542 
69350 3556 3556 
69400 3554 3557 
69450 3552 3552 
69500 3549 3545 
69550 3552 3549 
69600 3528 3531 
69650 3562 3558 
69700 3540 3544 
69750 3549 3549 
69800 3551 3548 
69850 3556 3551 
69900 3536 3534 
69950 3554 3548 
70000 3556 3558 
70050 3551 3550 
70100 3546 3544 
70150 3564 3564 
70200 3557 3556 
70250 3555 3557 
70300 3544 3545 
70350 3558 3553 
70400 3551 3543 
70450 3559 3558 
70500 3559 3555 
70550 3553 3554 
70600 3552 3550 
70650 3557 3552 
70700 3552 3552 
70750 3553 3550 
70800 3550 3547 
70850 3551 3549 
70900 3546 3545 
70950 3561 3558 
71000 3544 3553 
71050 3543 3547 
71100 3550 3547 
71150 3558 3559 
71200 3537 3544 
71250 3548 3549 
71300 3572 3570 
71350 3531 3534 
71400 3551 3552 
71450 3547 3551 
71500 3548 3551 
71550 3547 3551 
71600 3558 3561 
71650 3535 3540 
71700 3547 3546 
71750 3549 3551 
71800 3537 3537 
71850 3552 3550 
71900 3564 3559 
71950 3554 3550 
72000 3549 3546 
72050 3545 3542 
72100 3543 3542 
72150 3566 3567 
72200 3546 3549 
72250 3557 3557 
72300 3554 3554 
72350 3551 3553 
72400 3572 3564 
72450 3553 3546 
72500 3565 3559 
72550 3571 3564 
72600 3536 3545 
72650 3561 3560 
72700 3538 3534 
72750 3565 3566 
72800 3547 3543 
72850 3541 3549 
72900 3543 3551 
72950 3537 3540 
73000 3550 3549 
73050 3546 3541 
73100 3557 3560 
73150 3529 3530 
73200 3561 3559 
73250 3564 3564 
73300 3547 3539 
73350 3555 3550 
73400 3559 3557 
73450 3544 3541 
73500 3540 3544 
73550 3557 3553 
73600 3569 3571 
73650 3545 3546 
73700 3551 3543 
73750 3543 3544 
73800 3559 3557 
73850 3551 3554 
73900 3557 3561 
73950 3533 3526 
74000 3549 3543 
74050 3549 3551 
74100 3565 3564 
74150 3541 3536 
74200 3537 3535 
74250 3548 3553 
74300 3537 3531 
74350 3561 3560 
74400 3547 3543 
74450 3548 3543 
74500 3546 3542 
74550 3565 3558 
74600 3551 3555 
74650 3570 3562 
74700 3544 3547 
74750 3553 3557 
74800 3557 3555 
74850 3541 3546 
74900 3554 3556 
74950 3549 3556 
75000 3536 3531 
75050 3567 3568 
75100 3532 3534 
75150 3554 3550 
75200 3557 3553 
75250 3559 3563 
75300 3537 3532 
75350 3549 3547 
75400 3550 3551 
75450 3540 3540 
75500 3553 3548 
75550 3553 3557 
75600 3560 3558 
75650 3532 3520 
75700 3549 3546 
75750 3542 3536 
75800 3540 3543 
75850 3554 3551 
75900 3560 3566 
75950 3544 3543 
76000 3557 3558 
76050 3560 3554 
76100 3551 3544 
76150 3560 3559 
76200 3554 3549 
76250 3547 3545 
76300 3549 3555 
76350 3547 3553 
76400 3551 3548 
76450 3543 3548 
76500 3548 3545 
76550 3544 3551 
76600 3553 3558 
76650 3554 3549 
76700 3558 3552 
76750 3547 3547 
76800 3550 3551 
76850 3547 3547 
76900 3554 3557 
76950 3560 3558 
77000 3554 3557 
77050 3553 3551 
77100 3549 3551 
77150 3561 3554 
77200 3558 3558 
77250 3559 3559 
77300 3549 3546 
77350 3542 3544 
77400 3551 3546 
77450 3568 3568 
77500 3556 3559 
77550 3554 3550 
77600 3554 3551 
77650 3558 3551 
77700 3554 3554 
77750 3553 3549 
77800 3560 3564 
77850 3558 3565 
77900 3553 3551 
77950 3561 3560 
78000 3542 3539 
78050 3561 3553 
78100 3549 3553 
78150 3568 3571 
78200 3568 3566 
78250 3551 3555 
78300 3536 3529 
78350 3530 3531 
78400 3545 3546 
78450 3555 3553 
78500 3562 3566 
78550 3558 3554 
78600 3563 3554 
78650 3554 3550 
78700 3540 3540 
78750 3557 3556 
78800 3545 3550 
78850 3565 3561 
78900 3544 3544 
78950 3556 3551 
79000 3548 3549 
79050 3547 3551 
79100 3546 3550 
79150 3556 3562 
79200 3539 3544 
79250 3530 3539 
79300 3550 3546 
79350 3546 3542 
79400 3534 3537 
79450 3543 3543 
79500 3555 3556 
79550 3543 3542 
79600 3563 3564 
79650 3554 3551 
79700 3553 3549 
79750 3553 3553 
79800 3548 3543 
79850 3559 3555 
79900 3542 3544 
79950 3553 3553 
80000 3556 3553 
80050 3556 3560 
80100 3554 3555 
80150 3554 3554 
80200 3532 3533 
80250 3562 3560 
80300 3549 3549 
80350 3559 3553 
80400 3548 3551 
80450 3557 3562 
80500 3549 3548 
80550 3539 3533 
80600 3555 3550 
80650 3542 3541 
80700 3551 3552 
80750 3548 3543 
80800 3546 3548 
80850 3541 3541 
80900 3548 3549 
80950 3574 3571 
81000 3546 3549 
81050 3544 3543 
81100 3558 3557 
81150 3548 3540 
81200 3558 3564 
81250 3553 3556 
81300 3552 3553 
81350 3541 3543 
81400 3551 3551 
81450 3559 3557 
81500 3553 3551 
81550 3560 3563 
81600 3544 3548 
81650 3541 3546 
81700 3545 3554 
81750 3540 3541 
81800 3536 3540 
81850 3569 3565 
81900 3559 3554 
81950 3548 3550 
82000 3552 3559 
82050 3547 3547 
82100 3551 3552 
82150 3553 3551 
82200 3563 3556 
82250 3545 3545 
82300 3554 3551 
82350 3561 3558 
82400 3527 3524 
82450 3534 3537 
82500 3545 3549 
82550 3552 3553 
82600 3561 3561 
82650 3563 3560 
82700 3551 3550 
82750 3562 3563 
82800 3541 3533 
82850 3556 3553 
82900 3549 3546 
82950 3547 3547 
83000 3552 3551 
83050 3541 3546 
83100 3539 3541 
83150 3549 3550 
83200 3559 3562 
83250 3558 3554 
83300 3542 3544 
83350 3549 3553 
83400 3555 3554 
83450 3540 3537 
83500 3554 3550 
83550 3530 3537 
83600 3556 3560 
83650 3554 3552 
83700 3536 3534 
83750 3550 3548 
83800 3555 3553 
83850 3544 3544 
83900 3551 3548 
83950 3561 3566 
84000 3550 3553 
84050 3554 3554 
84100 3550 3549 
84150 3546 3550 
84200 3554 3554 
84250 3557 3550 
84300 3548 3545 
84350 3561 3560 
84400 3562 3566 
84450 3555 3556 
84500 3554 3555 
84550 3553 3553 
84600 3544 3542 
84650 3544 3544 
84700 3539 3549 
84750 3554 3544 
84800 3557 3552 
84850 3551 3551 
84900 3548 3553 
84950 3545 3553 
85000 3547 3541 
85050 3541 3545 
85100 3550 3547 
85150 3561 3561 
85200 3545 3546 
85250 3550 3554 
85300 3555 3553 
85350 3553 3555 
85400 3535 3537 
85450 3553 3550 
85500 3571 3565 
85550 3557 3554 
85600 3551 3548 
85650 3546 3544 
85700 3555 3564 
85750 3556 3556 
85800 3561 3560 
85850 3561 3565 
85900 3557 3556 
85950 3533 3538 
86000 3555 3554 
86050 3537 3536 
86100 3544 3545 
86150 3556 3563 
86200 3549 3548 
86250 3540 3537 
86300 3549 3552 
86350 3546 3544 
86400 3557 3558 
86450 3548 3546 
86500 3555 3560 
86550 3545 3544 
86600 3556 3556 
86650 3547 3541 
86700 3552 3543 
86750 3551 3546 
86800 3558 3553 
86850 3560 3560 
86900 3553 3555 
86950 3557 3550 
87000 3526 3532 
87050 3549 3548 
87100 3553 3550 
87150 3544 3547 
87200 3573 3569 
87250 3555 3553 
87300 3560 3556 
87350 3563 3558 
87400 3538 3547 
87450 3539 3539 
87500 3552 3552 
87550 3551 3551 
87600 3518 3523 
87650 3549 3555 
87700 3553 3552 
87750 3564 3565 
87800 3549 3554 
87850 3559 3562 
87900 3541 3538 
87950 3552 3549 
88000 3548 3552 
88050 3544 3551 
88100 3545 3543 
88150 3538 3542 
88200 3553 3552 
88250 3562 3557 
88300 3546 3547 
88350 3558 3557 
88400 3561 3563 
88450 3557 3557 
88500 3563 3559 
88550 3544 3548 
88600 3533 3532 
88650 3561 3558 
88700 3560 3564 
88750 3565 3566 
88800 3545 3543 
88850 3560 3556 
88900 3557 3549 
88950 3559 3558 
89000 3552 3558 
89050 3558 3561 
89100 3539 3535 
89150 3546 3542 
89200 3552 3560 
89250 3552 3547 
89300 3558 3555 
89350 3563 3563 
89400 3551 3554 
89450 3548 3558 
89500 3541 3539 
89550 3544 3554 
89600 3544 3541 
89650 3556 3551 
89700 3539 3537 
89750 3562 3560 
89800 3559 3563 
89850 3539 3544 
89900 3531 3532 
89950 3555 3549 
90000 3550 3544 
90050 3544 3545 
90100 3540 3547 
90150 3550 3553 
90200 3545 3544 
90250 3541 3547 
90300 3534 3538 
90350 3561 3557 
90400 3551 3554 
90450 3561 3560 
90500 3547 3549 
90550 3544 3548 
90600 3549 3551 
90650 3552 3555 
90700 3557 3548 
90750 3548 3553 
90800 3549 3551 
90850 3555 3556 
90900 3550 3547 
90950 3566 3565 
91000 3550 3551 
91050 3536 3533 
91100 3557 3558 
91150 3548 3550 
91200 3556 3559 
91250 3556 3553 
91300 3553 3559 
91350 3559 3560 
91400 3543 3541 
91450 3563 3564 
91500 3551 3552 
91550 3553 3549 
91600 3574 3571 
91650 3561 3564 
91700 3542 3545 
91750 3554 3549 
91800 3553 3550 
91850 3556 3551 
91900 3559 3559 
91950 3541 3539 
92000 3553 3558 
92050 3552 3556 
92100 3548 3551 
92150 3555 3548 
92200 3551 3555 
92250 3550 3552 
92300 3566 3563 
92350 3549 3550 
92400 3552 3556 
92450 3563 3558 
92500 3543 3539 
92550 3541 3539 
92600 3556 3557 
92650 3557 3560 
92700 3544 3548 
92750 3563 3560 
92800 3525 3526 
92850 3560 3557 
92900 3545 3543 
92950 3543 3542 
93000 3547 3543 
93050 3546 3542 
93100 3552 3548 
93150 3552 3552 
93200 3542 3543 
93250 3547 3546 
93300 3535 3535 
93350 3556 3557 
93400 3544 3543 
93450 3557 3552 
93500 3562 3560 
93550 3559 3551 
93600 3553 3551 
93650 3560 3560 
93700 3554 3550 
93750 3556 3553 
93800 3536 3539 
93850 3548 3550 
93900 3542 3546 
93950 3551 3551 
94000 3554 3555 
94050 3552 3552 
94100 3550 3548 
94150 3558 3564 
94200 3558 3560 
94250 3570 3574 
94300 3551 3554 
94350 3535 3531 
94400 3544 3546 
94450 3555 3556 
94500 3549 3548 
94550 3542 3537 
94600 3565 3562 
94650 3551 3552 
94700 3543 3549 
94750 3551 3552 
94800 3541 3535 
94850 3550 3553 
94900 3549 3547 
94950 3538 3540 
95000 3545 3550 
95050 3559 3560 
95100 3571 3572 
95150 3559 3563 
95200 3559 3558 
95250 3553 3556 
95300 3552 3551 
95350 3539 3539 
95400 3546 3546 
95450 3534 3538 
95500 3555 3556 
95550 3540 3544 
95600 3560 3558 
95650 3552 3554 
95700 3548 3548 
95750 3554 3552 
95800 3547 3544 
95850 3547 3548 
95900 3558 3563 
95950 3541 3541 
96000 3534 3536 
96050 3552 3550 
96100 3559 3554 
96150 3535 3533 
96200 3544 3545 
96250 3565 3558 
96300 3561 3564 
96350 3549 3549 
96400 3550 3544 
96450 3560 3563 
96500 3548 3548 
96550 3536 3541 
96600 3537 3544 
96650 3535 3541 
96700 3543 3543 
96750 3544 3550 
96800 3556 3546 
96850 3548 3549 
96900 3560 3557 
96950 3557 3559 
97000 3554 3559 
97050 3549 3546 
97100 3556 3553 
97150 3538 3544 
97200 3540 3544 
97250 3560 3552 
97300 3552 3548 
97350 3540 3546 
97400 3547 3551 
97450 3534 3532 
97500 3546 3545 
97550 3555 3554 
97600 3540 3537 
97650 3542 3543 
97700 3549 3541 
97750 3539 3535 
97800 3566 3562 
97850 3555 3551 
97900 3530 3526 
97950 3549 3546 
98000 3539 3537 
98050 3561 3550 
98100 3558 3555 
98150 3556 3556 
98200 3546 3548 
98250 3544 3546 
98300 3556 3566 
98350 3549 3553 
98400 3545 3551 
98450 3557 3558 
98500 3547 3544 
98550 3539 3536 
98600 3559 3554 
98650 3551 3553 
98700 3552 3553 
98750 3551 3548 
98800 3553 3555 
98850 3561 3563 
98900 3562 3560 
98950 3550 3553 
99000 3559 3558 
99050 3553 3548 
99100 3543 3543 
99150 3542 3540 
99200 3547 3548 
99250 3560 3562 
99300 3553 3553 
99350 3555 3560 
99400 3555 3554 
99450 3555 3553 
99500 3534 3544 
99550 3557 3557 
99600 3547 3543 
99650 3558 3552 
99700 3548 3543 
99750 3554 3551 
99800 3555 3553 
99850 3560 3556 
99900 3549 3550 
99950 3562 3562 
100000 3546 3542 
100050 3545 3550 
100100 3543 3542 
100150 3542 3545 
100200 3554 3555 
100250 3560 3563 
100300 3555 3550 
100350 3562 3560 
100400 3562 3558 
100450 3543 3537 
100500 3548 3549 
100550 3556 3552 
100600 3544 3541 
100650 3553 3552 
100700 3548 3553 
100750 3557 3555 
100800 3546 3542 
100850 3550 3548 
100900 3543 3546 
100950 3544 3546 
101000 3555 3546 
101050 3547 3548 
101100 3560 3559 
101150 3543 3543 
101200 3557 3555 
101250 3549 3549 
101300 3565 3569 
101350 3547 3544 
101400 3538 3534 
101450 3554 3551 
101500 3563 3560 
101550 3562 3564 
101600 3553 3557 
101650 3553 3550 
101700 3558 3553 
101750 3548 3546 
101800 3560 3552 
101850 3548 3548 
101900 3546 3544 
101950 3551 3549 
102000 3556 3555 
102050 3540 3537 
102100 3557 3554 
102150 3544 3550 
102200 3562 3561 
102250 3543 3546 
102300 3546 3552 
102350 3544 3544 
102400 3555 3552 
102450 3548 3543 
102500 3537 3533 
102550 3551 3552 
102600 3560 3558 
102650 3548 3547 
102700 3543 3541 
102750 3549 3541 
102800 3546 3542 
102850 3550 3556 
102900 3566 3570 
102950 3539 3543 
103000 3558 3561 
103050 3552 3546 
103100 3538 3540 
103150 3546 3544 
103200 3553 3554 
103250 3549 3549 
103300 3552 3554 
103350 3556 3556 
103400 3560 3557 
103450 3541 3537 
103500 3551 3548 
103550 3550 3539 
103600 3557 3550 
103650 3565 3566 
103700 3550 3550 
103750 3558 3557 
103800 3560 3560 
103850 3556 3553 
103900 3557 3565 
103950 3538 3542 
104000 3554 3556 
104050 3544 3542 
104100 3552 3556 
104150 3546 3543 
104200 3550 3551 
104250 3549 3545 
104300 3544 3545 
104350 3553 3550 
104400 3559 3556 
104450 3546 3547 
104500 3553 3552 
104550 3555 3556 
104600 3538 3543 
104650 3546 3542 
104700 3551 3549 
104750 3547 3549 
104800 3545 3549 
104850 3539 3543 
104900 3540 3535 
104950 3542 3541 
105000 3534 3532 
105050 3565 3563 
105100 3547 3548 
105150 3534 3528 
105200 3564 3560 
105250 3559 3559 
105300 3550 3550 
105350 3536 3533 
105400 3559 3562 
105450 3548 3550 
105500 3534 3533 
105550 3539 3544 
105600 3537 3542 
105650 3546 3537 
105700 3552 3546 
105750 3548 3551 
105800 3555 3550 
105850 3544 3546 
105900 3553 3552 
105950 3556 3559 
106000 3557 3558 
106050 3556 3550 
106100 3550 3553 
106150 3574 3575 
106200 3535 3538 
106250 3567 3566 
106300 3557 3553 
106350 3570 3566 
106400 3543 3539 
106450 3554 3555 
106500 3551 3557 
106550 3551 3552 
106600 3547 3546 
106650 3558 3559 
106700 3550 3546 
106750 3554 3547 
106800 3556 3550 
106850 3558 3560 
106900 3564 3571 
106950 3554 3563 
107000 3546 3545 
107050 3549 3552 
107100 3552 3560 
107150 3558 3552 
107200 3562 3561 
107250 3546 3541 
107300 3534 3531 
107350 3543 3540 
107400 3558 3559 
107450 3557 3560 
107500 3532 3531 
107550 3555 3553 
107600 3550 3555 
107650 3543 3541 
107700 3546 3546 
107750 3549 3552 
107800 3555 3559 
107850 3555 3559 
107900 3549 3549 
107950 3547 3541 
108000 3565 3558 
108050 3552 3547 
108100 3545 3550 
108150 3550 3550 
108200 3540 3539 
108250 3544 3544 
108300 3557 3552 
108350 3556 3549 
108400 3544 3548 
108450 3552 3553 
108500 3562 3556 
108550 3552 3552 
108600 3545 3542 
108650 3551 3552 
108700 3556 3555 
108750 3565 3565 
108800 3550 3550 
108850 3545 3542 
108900 3554 3557 
108950 3557 3560 
109000 3559 3555 
109050 3540 3541 
109100 3551 3551 
109150 3559 3559 
109200 3563 3557 
109250 3556 3549 
109300 3561 3560 
109350 3543 3540 
109400 3539 3537 
109450 3552 3555 
109500 3550 3550 
109550 3554 3561 
109600 3540 3543 
109650 3559 3560 
109700 3545 3545 
109750 3552 3546 
109800 3552 3552 
109850 3552 3550 
109900 3548 3552 
109950 3547 3545 
110000 3547 3548 
110050 3547 3544 
110100 3548 3546 
110150 3556 3560 
110200 3557 3560 
110250 3556 3555 
110300 3551 3547 
110350 3548 3551 
110400 3544 3543 
110450 3549 3549 
110500 3546 3543 
110550 3550 3542 
110600 3545 3544 
110650 3531 3534 
110700 3553 3557 
110750 3537 3537 
110800 3549 3550 
110850 3533 3528 
110900 3557 3551 
110950 3545 3541 
111000 3550 3550 
111050 3536 3530 
111100 3568 3562 
111150 3545 3542 
111200 3553 3553 
111250 3555 3558 
111300 3558 3550 
111350 3534 3535 
111400 3541 3540 
111450 3550 3553 
111500 3551 3557 
111550 3549 3556 
111600 3566 3559 
111650 3552 3559 
111700 3538 3529 
111750 3552 3556 
111800 3559 3560 
111850 3543 3541 
111900 3548 3548 
111950 3558 3557 
112000 3533 3536 
112050 3539 3532 
112100 3540 3538 
112150 3546 3540 
112200 3555 3559 
112250 3540 3546 
112300 3538 3538 
112350 3557 3550 
112400 3549 3549 
112450 3556 3559 
112500 3549 3546 
112550 3551 3549 
112600 3553 3552 
112650 3559 3557 
112700 3556 3557 
112750 3534 3542 
112800 3527 3523 
112850 3553 3553 
112900 3551 3548 
112950 3548 3545 
113000 3566 3560 
113050 3539 3544 
113100 3551 3547 
113150 3556 3557 
113200 3555 3549 
113250 3567 3559 
113300 3544 3543 
113350 3550 3551 
113400 3541 3539 
113450 3534 3528 
113500 3536 3542 
113550 3551 3551 
113600 3545 3543 
113650 3559 3555 
113700 3555 3551 
113750 3549 3548 
113800 3556 3554 
113850 3554 3549 
113900 3547 3547 
113950 3570 3572 
114000 3565 3568 
114050 3566 3560 
114100 3551 3549 
114150 3550 3555 
114200 3555 3548 
114250 3550 3554 
114300 3540 3541 
114350 3540 3544 
114400 3552 3554 
114450 3559 3550 
114500 3555 3550 
114550 3548 3546 
114600 3554 3556 
114650 3549 3544 
114700 3556 3552 
114750 3553 3550 
114800 3556 3552 
114850 3559 3557 
114900 3556 3550 
114950 3558 3557 
115000 3551 3550 
115050 3548 3551 
115100 3554 3555 
115150 3557 3555 
115200 3547 3549 
115250 3546 3548 
115300 3563 3566 
115350 3552 3558 
115400 3558 3566 
115450 3545 3546 
115500 3552 3553 
115550 3537 3543 
115600 3530 3536 
115650 3556 3558 
115700 3554 3551 
115750 3559 3553 
115800 3550 3544 
115850 3549 3555 
115900 3562 3559 
115950 3550 3552 
116000 3549 3547 
116050 3553 3551 
116100 3552 3548 
116150 3558 3550 
116200 3549 3548 
116250 3535 3536 
116300 3540 3545 
116350 3542 3549 
116400 3553 3554 
116450 3547 3549 
116500 3561 3563 
116550 3558 3563 
116600 3555 3558 
116650 3562 3562 
116700 3543 3546 
116750 3544 3546 
116800 3538 3537 
116850 3546 3550 
116900 3540 3545 
116950 3560 3558 
117000 3550 3552 
117050 3560 3560 
117100 3555 3551 
117150 3566 3556 
117200 3558 3557 
117250 3553 3549 
117300 3552 3556 
117350 3557 3554 
117400 3547 3546 
117450 3572 3570 
117500 3557 3561 
117550 3543 3539 
117600 3539 3546 
117650 3545 3547 
117700 3559 3560 
117750 3553 3548 
117800 3560 3560 
117850 3546 3548 
117900 3547 3544 
117950 3562 3556 
118000 3552 3554 
118050 3551 3554 
118100 3548 3550 
118150 3550 3550 
118200 3543 3539 
118250 3560 3560 
118300 3550 3553 
118350 3557 3558 
118400 3557 3552 
118450 3555 3556 
118500 3558 3549 
118550 3531 3535 
118600 3548 3546 
118650 3545 3547 
118700 3554 3550 
118750 3560 3561 
118800 3559 3559 
118850 3567 3564 
118900 3559 3558 
118950 3527 3530 
119000 3549 3544 
119050 3566 3565 
119100 3548 3555 
119150 3553 3550 
119200 3559 3565 
119250 3548 3543 
119300 3550 3547 
119350 3562 3562 
119400 3541 3539 
119450 3559 3560 
119500 3544 3548 
119550 3559 3559 
119600 3553 3552 
119650 3539 3537 
119700 3555 3555 
119750 3547 3545 
119800 3562 3555 
119850 3545 3545 
119900 3548 3547 
119950 3550 3559 
120000 3552 3549 
120050 3550 3551 
120100 3554 3553 
120150 3555 3556 
120200 3548 3551 
120250 3545 3546 
120300 3560 3557 
120350 3563 3557 
120400 3534 3537 
120450 3550 3547 
120500 3558 3552 
120550 3554 3547 
120600 3540 3541 
120650 3543 3535 
120700 3542 3543 
120750 3555 3555 
120800 3553 3554 
120850 3549 3552 
120900 3560 3563 
120950 3544 3540 
121000 3565 3560 
121050 3541 3544 
121100 3552 3549 
121150 3551 3552 
121200 3550 3547 
121250 3563 3561 
121300 3546 3545 
121350 3554 3559 
121400 3564 3561 
121450 3551 3550 
121500 3547 3548 
121550 3556 3563 
121600 3545 3546 
121650 3550 3547 
121700 3547 3551 
121750 3553 3548 
121800 3550 3543 
121850 3560 3561 
121900 3551 3554 
121950 3558 3559 
122000 3544 3549 
122050 3546 3547 
122100 3546 3543 
122150 3535 3539 
122200 3561 3567 
122250 3558 3558 
122300 3548 3541 
122350 3556 3549 
122400 3565 3557 
122450 3540 3542 
122500 3559 3551 
122550 3544 3541 
122600 3546 3540 
122650 3548 3550 
122700 3547 3544 
122750 3558 3557 
122800 3554 3543 
122850 3554 3559 
122900 3541 3542 
122950 3551 3554 
123000 3551 3548 
123050 3540 3538 
123100 3555 3550 
123150 3565 3561 
123200 3547 3552 
123250 3554 3552 
123300 3559 3565 
123350 3553 3553 
123400 3562 3563 
123450 3539 3541 
123500 3543 3545 
123550 3545 3550 
123600 3553 3549 
123650 3547 3545 
123700 3553 3554 
123750 3548 3548 
123800 3554 3552 
123850 3543 3548 
123900 3530 3532 
123950 3555 3548 
124000 3546 3537 
124050 3561 3561 
124100 3550 3541 
124150 3548 3549 
124200 3566 3573 
124250 3565 3566 
124300 3567 3563 
124350 3572 3568 
124400 3557 3556 
124450 3550 3558 
124500 3555 3555 
124550 3534 3529 
124600 3530 3536 
124650 3547 3547 
124700 3554 3550 
124750 3548 3542 
124800 3563 3562 
124850 3566 3551 
124900 3544 3539 
124950 3547 3549 
125000 3560 3563 
125050 3555 3549 
125100 3539 3543 
125150 3558 3558 
125200 3545 3549 
125250 3549 3538 
125300 3531 3534 
125350 3538 3543 
125400 3556 3555 
125450 3538 3533 
125500 3541 3535 
125550 3554 3546 
125600 3550 3551 
125650 3541 3547 
125700 3543 3544 
125750 3552 3553 
125800 3549 3559 
125850 3548 3556 
125900 3559 3558 
125950 3563 3565 
126000 3549 3554 
126050 3557 3559 
126100 3567 3564 
126150 3548 3547 
126200 3566 3567 
126250 3549 3547 
126300 3531 3534 
126350 3538 3536 
126400 3552 3554 
126450 3528 3530 
126500 3548 3543 
126550 3541 3548 
126600 3550 3551 
126650 3547 3545 
126700 3552 3556 
126750 3556 3555 
126800 3543 3544 
126850 3553 3554 
126900 3562 3561 
126950 3562 3561 
127000 3552 3552 
127050 3559 3553 
127100 3536 3540 
127150 3551 3547 
127200 3550 3556 
127250 3538 3540 
127300 3549 3547 
127350 3555 3547 
127400 3553 3553 
127450 3552 3553 
127500 3555 3550 
127550 3562 3560 
127600 3566 3569 
127650 3565 3562 
127700 3556 3561 
127750 3547 3558 
127800 3572 3570 
127850 3530 3539 
127900 3549 3553 
127950 3555 3555 
128000 3542 3544 
128050 3549 3553 
128100 3555 3552 
128150 3542 3551 
128200 3540 3537 
128250 3543 3542 
128300 3552 3551 
128350 3562 3567 
128400 3543 3551 
128450 3546 3556 
128500 3556 3560 
128550 3548 3549 
128600 3559 3556 
128650 3562 3562 
128700 3574 3573 
128750 3548 3552 
128800 3556 3557 
128850 3541 3540 
128900 3561 3560 
128950 3552 3554 
129000 3547 3549 
129050 3552 3553 
129100 3561 3561 
129150 3549 3547 
129200 3559 3563 
129250 3552 3556 
129300 3550 3549 
129350 3544 3547 
129400 3559 3562 
129450 3555 3552 
129500 3552 3555 
129550 3543 3542 
129600 3557 3557 
129650 3545 3541 
129700 3552 3553 
129750 3547 3548 
129800 3524 3529 
129850 3536 3536 
129900 3555 3561 
129950 3554 3551 
130000 3564 3558 
130050 3540 3543 
130100 3548 3544 
130150 3552 3549 
130200 3558 3558 
130250 3554 3552 
130300 3549 3547 
130350 3540 3547 
130400 3558 3561 
130450 3556 3552 
130500 3541 3539 
130550 3548 3550 
130600 3562 3560 
130650 3541 3548 
130700 3550 3554 
130750 3561 3563 
130800 3556 3560 
130850 3533 3533 
130900 3550 3556 
130950 3543 3536 
131000 3559 3559 
131050 3554 3555 
131100 3539 3540 
131150 3542 3548 
131200 3529 3527 
131250 3557 3556 
131300 3555 3557 
131350 3543 3543 
131400 3557 3561 
131450 3539 3540 
131500 3557 3553 
131550 3541 3541 
131600 3530 3535 
131650 3522 3526 
131700 3544 3548 
131750 3564 3563 
131800 3562 3562 
131850 3553 3554 
131900 3566 3568 
131950 3556 3553 
132000 3538 3543 
132050 3552 3552 
132100 3553 3554 
132150 3562 3562 
132200 3551 3555 
132250 3548 3548 
132300 3552 3551 
132350 3538 3532 
132400 3540 3546 
132450 3538 3540 
132500 3558 3562 
132550 3544 3547 
132600 3542 3540 
132650 3556 3557 
132700 3554 3559 
132750 3556 3553 
132800 3553 3557 
132850 3546 3548 
132900 3554 3557 
132950 3543 3536 
133000 3560 3563 
133050 3551 3546 
133100 3563 3557 
133150 3550 3552 
133200 3551 3547 
133250 3540 3535 
133300 3558 3558 
133350 3553 3562 
133400 3545 3552 
133450 3557 3558 
133500 3565 3567 
133550 3551 3555 
133600 3548 3549 
133650 3557 3557 
133700 3555 3559 
133750 3559 3562 
133800 3554 3554 
133850 3562 3557 
133900 3551 3548 
133950 3532 3524 
134000 3555 3551 
134050 3543 3550 
134100 3544 3545 
134150 3526 3535 
134200 3547 3549 
134250 3546 3540 
134300 3548 3552 
134350 3545 3546 
134400 3561 3564 
134450 3543 3543 
134500 3551 3550 
134550 3535 3542 
134600 3539 3541 
134650 3531 3533 
134700 3549 3553 
134750 3542 3549 
134800 3550 3546 
134850 3563 3563 
134900 3542 3551 
134950 3543 3540 
135000 3551 3555 
135050 3560 3560 
135100 3562 3557 
135150 3549 3550 
135200 3552 3550 
135250 3556 3558 
135300 3553 3548 
135350 3549 3551 
135400 3549 3548 
135450 3556 3557 
135500 3537 3546 
135550 3549 3549 
135600 3549 3550 
135650 3543 3551 
135700 3549 3554 
135750 3553 3552 
135800 3547 3551 
135850 3558 3558 
135900 3522 3520 
135950 3565 3559 
136000 3552 3551 
136050 3571 3567 
136100 3552 3553 
136150 3552 3555 
136200 3549 3554 
136250 3558 3554 
136300 3543 3550 
136350 3551 3555 
136400 3546 3553 
136450 3539 3539 
136500 3541 3540 
136550 3545 3543 
136600 3549 3540 
136650 3545 3543 
136700 3552 3558 
136750 3540 3543 
136800 3543 3539 
136850 3537 3534 
136900 3527 3529 
136950 3549 3554 
137000 3553 3559 
137050 3542 3549 
137100 3555 3561 
137150 3549 3550 
137200 3557 3558 
137250 3549 3549 
137300 3550 3551 
137350 3543 3543 
137400 3551 3547 
137450 3535 3536 
137500 3546 3548 
137550 3536 3527 
137600 3548 3553 
137650 3559 3562 
137700 3538 3536 
137750 3556 3550 
137800 3549 3551 
137850 3542 3541 
137900 3537 3539 
137950 3553 3554 
138000 3549 3547 
138050 3554 3551 
138100 3530 3529 
138150 3554 3556 
138200 3558 3563 
138250 3540 3537 
138300 3546 3542 
138350 3547 3541 
138400 3546 3545 
138450 3524 3534 
138500 3543 3540 
138550 3547 3551 
138600 3550 3553 
138650 3541 3540 
138700 3565 3565 
138750 3564 3564 
138800 3547 3543 
138850 3548 3546 
138900 3541 3537 
138950 3555 3546 
139000 3544 3540 
139050 3549 3546 
139100 3550 3550 
139150 3561 3565 
139200 3556 3559 
139250 3542 3542 
139300 3556 3559 
139350 3552 3558 
139400 3547 3549 
139450 3553 3554 
139500 3557 3560 
139550 3550 3550 
139600 3558 3552 
139650 3548 3556 
139700 3548 3551 
139750 3549 3544 
139800 3562 3562 
139850 3549 3553 
139900 3548 3550 
139950 3555 3558 
140000 3548 3549 
140050 3534 3539 
140100 3544 3550 
140150 3557 3555 
140200 3564 3563 
140250 3548 3546 
140300 3548 3545 
140350 3544 3545 
140400 3557 3557 
140450 3562 3561 
140500 3553 3552 
140550 3547 3546 
140600 3552 3554 
140650 3549 3541 
140700 3548 3556 
140750 3555 3554 
140800 3552 3546 
140850 3551 3547 
140900 3547 3555 
140950 3542 3546 
141000 3539 3547 
141050 3546 3549 
141100 3553 3555 
141150 3528 3529 
141200 3539 3542 
141250 3544 3544 
141300 3548 3538 
141350 3552 3551 
141400 3552 3554 
141450 3547 3547 
141500 3545 3546 
141550 3563 3555 
141600 3552 3547 
141650 3551 3547 
141700 3549 3547 
141750 3541 3537 
141800 3540 3541 
141850 3554 3566 
141900 3555 3555 
141950 3564 3563 
142000 3556 3557 
142050 3550 3551 
142100 3558 3564 
142150 3551 3548 
142200 3563 3557 
142250 3546 3545 
142300 3534 3530 
142350 3564 3560 
142400 3540 3545 
142450 3550 3551 
142500 3547 3548 
142550 3559 3553 
142600 3533 3530 
142650 3526 3526 
142700 3557 3557 
142750 3555 3553 
142800 3544 3544 
142850 3550 3547 
142900 3553 3552 
142950 3565 3558 
143000 3541 3537 
143050 3556 3544 
143100 3535 3535 
143150 3558 3556 
143200 3530 3534 
143250 3539 3531 
143300 3544 3545 
143350 3560 3553 
143400 3540 3540 
143450 3538 3547 
143500 3548 3549 
143550 3557 3558 
143600 3560 3554 
143650 3532 3532 
143700 3543 3555 
143750 3560 3559 
143800 3551 3553 
143850 3572 3568 
143900 3548 3548 
143950 3542 3545 
144000 3539 3541 
144050 3554 3552 
144100 3551 3555 
144150 3559 3556 
144200 3546 3551 
144250 3554 3555 
144300 3550 3547 
144350 3551 3550 
144400 3551 3549 
144450 3541 3540 
144500 3556 3544 
144550 3544 3545 
144600 3555 3556 
144650 3534 3541 
144700 3536 3542 
144750 3563 3567 
144800 3552 3549 
144850 3540 3548 
144900 3560 3563 
144950 3543 3540 
145000 3544 3549 
145050 3549 3541 
145100 3556 3544 
145150 3532 3529 
145200 3548 3544 
145250 3547 3552 
145300 3551 3549 
145350 3540 3545 
145400 3544 3544 
145450 3538 3538 
145500 3551 3554 
145550 3549 3546 
145600 3565 3563 
145650 3554 3553 
145700 3553 3552 
145750 3545 3550 
145800 3557 3565 
145850 3561 3560 
145900 3544 3547 
145950 3542 3546 
146000 3546 3553 
146050 3560 3552 
146100 3557 3560 
146150 3555 3557 
146200 3536 3542 
146250 3553 3558 
146300 3558 3562 
146350 3567 3572 
146400 3548 3552 
146450 3538 3528 
146500 3548 3546 
146550 3550 3557 
146600 3557 3558 
146650 3555 3556 
146700 3546 3550 
146750 3549 3549 
146800 3555 3562 
146850 3551 3552 
146900 3560 3562 
146950 3546 3545 
147000 3539 3540 
147050 3546 3546 
147100 3559 3559 
147150 3550 3547 
147200 3541 3545 
147250 3550 3546 
147300 3552 3553 
147350 3547 3552 
147400 3533 3540 
147450 3543 3547 
147500 3532 3531 
147550 3544 3548 
147600 3550 3546 
147650 3560 3558 
147700 3557 3560 
147750 3532 3541 
147800 3557 3557 
147850 3549 3550 
147900 3552 3557 
147950 3541 3542 
148000 3537 3550 
148050 3536 3539 
148100 3547 3550 
148150 3550 3550 
148200 3542 3536 
148250 3536 3535 
148300 3549 3548 
148350 3543 3554 
148400 3534 3538 
148450 3546 3545 
148500 3555 3557 
148550 3545 3550 
148600 3547 3546 
148650 3540 3542 
148700 3556 3558 
148750 3554 3550 
148800 3547 3549 
148850 3522 3518 
148900 3547 3548 
148950 3563 3562 
149000 3537 3542 
149050 3557 3557 
149100 3561 3562 
149150 3547 3552 
149200 3567 3565 
149250 3536 3539 
149300 3553 3551 
149350 3556 3554 
149400 3550 3549 
149450 3541 3539 
149500 3538 3534 
149550 3550 3551 
149600 3554 3555 
149650 3546 3550 
149700 3547 3546 
149750 3548 3555 
149800 3543 3543 
149850 3557 3564 
149900 3535 3539 
149950 3541 3544 
150000 3550 3551 
150050 3542 3545 
150100 3541 3547 
150150 3545 3547 
150200 3560 3558 
150250 3552 3551 
150300 3558 3559 
150350 3544 3547 
150400 3551 3558 
150450 3550 3550 
150500 3537 3539 
150550 3545 3549 
150600 3538 3541 
150650 3552 3549 
150700 3547 3550 
150750 3537 3541 
150800 3545 3545 
150850 3534 3539 
150900 3563 3563 
150950 3539 3549 
151000 3544 3546 
151050 3541 3542 
151100 3549 3551 
151150 3546 3544 
151200 3553 3554 
151250 3546 3550 
151300 3562 3563 
151350 3545 3549 
151400 3556 3559 
151450 3544 3544 
151500 3537 3537 
151550 3536 3541 
151600 3547 3545 
151650 3544 3547 
151700 3534 3537 
151750 3540 3542 
151800 3554 3554 
151850 3552 3557 
151900 3551 3555 
151950 3540 3540 
152000 3565 3566 
152050 3546 3555 
152100 3540 3541 
152150 3543 3553 
152200 3540 3538 
152250 3549 3550 
152300 3542 3550 
152350 3550 3559 
152400 3535 3540 
152450 3564 3565 
152500 3550 3549 
152550 3551 3547 
152600 3554 3553 
152650 3542 3552 
152700 3554 3557 
152750 3571 3571 
152800 3538 3536 
152850 3550 3553 
152900 3540 3546 
152950 3547 3551 
153000 3539 3548 
153050 3560 3560 
153100 3537 3544 
153150 3547 3550 
153200 3546 3548 
153250 3554 3557 
153300 3542 3546 
153350 3533 3531 
153400 3548 3551 
153450 3543 3544 
153500 3558 3561 
153550 3547 3550 
153600 3543 3546 
153650 3541 3547 
153700 3526 3536 
153750 3544 3543 
153800 3545 3545 
153850 3542 3540 
153900 3559 3560 
153950 3533 3542 
154000 3555 3556 
154050 3553 3552 
154100 3557 3558 
154150 3548 3553 
154200 3550 3553 
154250 3551 3551 
154300 3540 3540 
154350 3543 3543 
154400 3543 3548 
154450 3546 3550 
154500 3540 3543 
154550 3556 3556 
154600 3544 3544 
154650 3553 3550 
154700 3541 3542 
154750 3556 3557 
154800 3545 3541 
154850 3561 3557 
154900 3549 3556 
154950 3546 3550 
155000 3552 3549 
155050 3537 3536 
155100 3555 3560 
155150 3553 3555 
155200 3550 3558 
155250 3557 3557 
155300 3544 3544 
155350 3553 3557 
155400 3549 3550 
155450 3543 3542 
155500 3542 3541 
155550 3545 3544 
155600 3550 3551 
155650 3535 3538 
155700 3549 3552 
155750 3551 3553 
155800 3547 3552 
155850 3548 3554 
155900 3539 3542 
155950 3557 3557 
156000 3562 3563 
156050 3558 3561 
156100 3541 3539 
156150 3541 3549 
156200 3539 3545 
156250 3563 3567 
156300 3547 3544 
156350 3548 3548 
156400 3547 3540 
156450 3550 3553 
156500 3552 3556 
156550 3554 3552 
156600 3539 3537 
156650 3538 3535 
156700 3555 3555 
156750 3552 3554 
156800 3561 3560 
156850 3535 3539 
156900 3537 3540 
156950 3535 3541 
157000 3556 3556 
157050 3546 3547 
157100 3553 3547 
157150 3550 3555 
157200 3533 3542 
157250 3551 3549 
157300 3549 3549 
157350 3547 3547 
157400 3549 3547 
157450 3550 3549 
157500 3555 3553 
157550 3536 3539 
157600 3552 3549 
157650 3538 3541 
157700 3540 3550 
157750 3544 3547 
157800 3567 3570 
157850 3553 3546 
157900 3548 3549 
157950 3539 3544 
158000 3552 3545 
158050 3545 3551 
158100 3563 3565 
158150 3542 3548 
158200 3555 3554 
158250 3559 3561 
158300 3555 3557 
158350 3548 3549 
158400 3576 3576 
158450 3539 3549 
158500 3551 3559 
158550 3556 3563 
158600 3541 3553 
158650 3554 3559 
158700 3553 3555 
158750 3548 3552 
158800 3535 3545 
158850 3549 3550 
158900 3553 3553 
158950 3553 3555 
159000 3550 3550 
159050 3555 3562 
159100 3560 3564 
159150 3553 3558 
159200 3547 3549 
159250 3543 3544 
159300 3527 3539 
159350 3556 3554 
159400 3541 3536 
159450 3542 3548 
159500 3564 3569 
159550 3546 3547 
159600 3547 3546 
159650 3558 3560 
159700 3540 3531 
159750 3543 3547 
159800 3556 3554 
159850 3549 3549 
159900 3546 3555 
159950 3549 3553 
160000 3562 3568 
160050 3543 3552 
160100 3543 3548 
160150 3554 3564 
160200 3551 3557 
160250 3533 3540 
160300 3541 3545 
160350 3551 3551 
160400 3541 3544 
160450 3540 3538 
160500 3541 3545 
160550 3566 3566 
160600 3552 3555 
160650 3549 3545 
160700 3544 3549 
160750 3560 3563 
160800 3535 3526 
160850 3562 3560 
160900 3561 3563 
160950 3537 3544 
161000 3550 3558 
161050 3550 3551 
161100 3560 3561 
161150 3553 3555 
161200 3563 3562 
161250 3550 3552 
161300 3553 3555 
161350 3536 3541 
161400 3542 3542 
161450 3547 3549 
161500 3552 3550 
161550 3552 3554 
161600 3556 3561 
161650 3551 3554 
161700 3552 3558 
161750 3550 3553 
161800 3555 3562 
161850 3561 3559 
161900 3537 3540 
161950 3557 3563 
162000 3546 3548 
162050 3558 3559 
162100 3551 3558 
162150 3562 3551 
162200 3546 3544 
162250 3529 3534 
162300 3567 3566 
162350 3549 3549 
162400 3545 3551 
162450 3550 3545 
162500 3538 3542 
162550 3559 3566 
162600 3551 3546 
162650 3549 3556 
162700 3560 3572 
162750 3558 3571 
162800 3549 3557 
162850 3543 3552 
162900 3552 3555 
162950 3540 3544 
163000 3560 3567 
163050 3541 3548 
163100 3537 3537 
163150 3553 3551 
163200 3550 3547 
163250 3548 3555 
163300 3559 3558 
163350 3559 3560 
163400 3536 3535 
163450 3553 3554 
163500 3561 3572 
163550 3558 3558 
163600 3544 3541 
163650 3543 3541 
163700 3538 3535 
163750 3539 3541 
163800 3545 3552 
163850 3543 3546 
163900 3538 3541 
163950 3546 3545 
164000 3560 3560 
164050 3534 3540 
164100 3549 3554 
164150 3547 3550 
164200 3535 3540 
164250 3539 3541 
164300 3550 3555 
164350 3550 3544 
164400 3550 3557 
164450 3540 3547 
164500 3558 3566 
164550 3546 3544 
164600 3548 3555 
164650 3537 3538 
164700 3559 3565 
164750 3545 3549 
164800 3538 3541 
164850 3545 3549 
164900 3553 3560 
164950 3573 3570 
165000 3556 3558 
165050 3546 3547 
165100 3543 3550 
165150 3533 3537 
165200 3548 3543 
165250 3550 3545 
165300 3564 3564 
165350 3553 3549 
165400 3547 3549 
165450 3556 3557 
165500 3537 3541 
165550 3546 3541 
165600 3558 3556 
165650 3550 3546 
165700 3547 3549 
165750 3542 3548 
165800 3554 3556 
165850 3531 3533 
165900 3558 3558 
165950 3543 3538 
166000 3549 3545 
166050 3551 3556 
166100 3548 3548 
166150 3549 3558 
166200 3556 3559 
166250 3554 3551 
166300 3552 3550 
166350 3537 3543 
166400 3551 3553 
166450 3542 3548 
166500 3548 3546 
166550 3537 3538 
166600 3548 3544 
166650 3549 3544 
166700 3536 3536 
166750 3550 3543 
166800 3565 3568 
166850 3538 3540 
166900 3540 3544 
166950 3552 3557 
167000 3555 3553 
167050 3545 3544 
167100 3536 3543 
167150 3530 3547 
167200 3544 3549 
167250 3542 3541 
167300 3553 3554 
167350 3523 3520 
167400 3544 3548 
167450 3558 3554 
167500 3537 3538 
167550 3533 3539 
167600 3536 3539 
167650 3538 3540 
167700 3535 3545 
167750 3549 3547 
167800 3549 3544 
167850 3542 3542 
167900 3563 3555 
167950 3553 3558 
168000 3549 3549 
168050 3540 3539 
168100 3528 3530 
168150 3560 3551 
168200 3560 3559 
168250 3544 3547 
168300 3548 3550 
168350 3552 3560 
168400 3542 3546 
168450 3555 3559 
168500 3557 3558 
168550 3544 3548 
168600 3551 3553 
168650 3548 3550 
168700 3534 3537 
168750 3561 3556 
168800 3564 3554 
168850 3544 3547 
168900 3519 3533 
168950 3551 3552 
169000 3538 3548 
169050 3540 3546 
169100 3558 3557 
169150 3562 3568 
169200 3543 3549 
169250 3568 3567 
169300 3558 3549 
169350 3554 3553 
169400 3550 3545 
169450 3548 3551 
169500 3539 3546 
169550 3535 3528 
169600 3544 3543 
169650 3554 3557 
169700 3546 3545 
169750 3556 3552 
169800 3548 3557 
169850 3536 3541 
169900 3544 3541 
169950 3549 3552 
170000 3552 3553 
170050 3540 3546 
170100 3551 3552 
170150 3541 3543 
170200 3547 3547 
170250 3534 3542 
170300 3551 3551 
170350 3547 3553 
170400 3532 3534 
170450 3542 3546 
170500 3550 3551 
170550 3559 3560 
170600 3560 3565 
170650 3560 3555 
170700 3534 3526 
170750 3546 3548 
170800 3549 3551 
170850 3537 3550 
170900 3547 3552 
170950 3559 3559 
171000 3550 3548 
171050 3543 3543 
171100 3532 3530 
171150 3536 3544 
171200 3531 3538 
171250 3541 3534 
171300 3544 3552 
171350 3560 3561 
171400 3538 3538 
171450 3538 3542 
171500 3545 3544 
171550 3564 3563 
171600 3549 3542 
171650 3543 3552 
171700 3555 3558 
171750 3576 3578 
171800 3545 3543 
171850 3549 3556 
171900 3553 3559 
171950 3541 3547 
172000 3559 3556 
172050 3554 3549 
172100 3554 3557 
172150 3537 3548 
172200 3539 3545 
172250 3547 3553 
172300 3552 3558 
172350 3545 3543 
172400 3544 3542 
172450 3550 3554 
172500 3558 3558 
172550 3548 3547 
172600 3555 3558 
172650 3533 3547 
172700 3565 3567 
172750 3543 3550 
172800 3537 3530 
172850 3544 3552 
172900 3527 3540 
172950 3560 3564 
173000 3559 3564 
173050 3537 3557 
173100 3539 3544 
173150 3563 3562 
173200 3543 3542 
173250 3541 3550 
173300 3564 3562 
173350 3546 3552 
173400 3534 3535 
173450 3543 3550 
173500 3547 3551 
173550 3549 3555 
173600 3555 3551 
173650 3548 3550 
173700 3556 3559 
173750 3556 3561 
173800 3545 3546 
173850 3542 3552 
173900 3559 3560 
173950 3540 3547 
174000 3555 3555 
174050 3555 3550 
174100 3549 3548 
174150 3540 3540 
174200 3541 3552 
174250 3559 3551 
174300 3548 3550 
174350 3529 3535 
174400 3553 3551 
174450 3558 3552 
174500 3560 3565 
174550 3560 3563 
174600 3534 3537 
174650 3560 3566 
174700 3567 3569 
174750 3559 3553 
174800 3543 3542 
174850 3559 3560 
174900 3552 3553 
174950 3552 3554 
175000 3554 3556 
175050 3544 3551 
175100 3534 3540 
175150 3549 3549 
175200 3559 3562 
175250 3548 3550 
175300 3551 3558 
175350 3548 3552 
175400 3556 3554 
175450 3553 3547 
175500 3551 3554 
175550 3546 3542 
175600 3548 3552 
175650 3552 3554 
175700 3551 3554 
175750 3547 3548 
175800 3551 3549 
175850 3551 3550 
175900 3547 3549 
175950 3541 3542 
176000 3546 3552 
176050 3540 3550 
176100 3541 3540 
176150 3564 3562 
176200 3544 3548 
176250 3550 3550 
176300 3560 3556 
176350 3547 3546 
176400 3549 3546 
176450 3546 3547 
176500 3540 3547 
176550 3528 3530 
176600 3546 3543 
176650 3552 3550 
176700 3563 3564 
176750 3553 3552 
176800 3550 3556 
176850 3535 3545 
176900 3550 3545 
176950 3540 3549 
177000 3545 3548 
177050 3525 3529 
177100 3537 3539 
177150 3530 3535 
177200 3548 3541 
177250 3542 3542 
177300 3553 3557 
177350 3551 3550 
177400 3540 3547 
177450 3544 3554 
177500 3562 3560 
177550 3547 3551 
177600 3550 3561 
177650 3535 3542 
177700 3531 3537 
177750 3555 3560 
177800 3549 3557 
177850 3544 3543 
177900 3553 3560 
177950 3555 3550 
178000 3556 3559 
178050 3543 3548 
178100 3532 3535 
178150 3555 3548 
178200 3543 3546 
178250 3556 3559 
178300 3556 3552 
178350 3542 3541 
178400 3523 3527 
178450 3549 3552 
178500 3545 3550 
178550 3544 3548 
178600 3555 3560 
178650 3542 3538 
178700 3550 3551 
178750 3547 3549 
178800 3559 3563 
178850 3550 3553 
178900 3564 3567 
178950 3534 3536 
179000 3550 3557 
179050 3545 3559 
179100 3551 3558 
179150 3543 3543 
179200 3543 3546 
179250 3555 3554 
179300 3530 3537 
179350 3544 3548 
179400 3534 3537 
179450 3534 3536 
179500 3535 3540 
179550 3552 3558 
179600 3544 3549 
179650 3537 3546 
179700 3549 3557 
179750 3560 3556 
179800 3549 3561 
179850 3536 3543 
179900 3555 3554 
179950 3548 3555 
180000 3534 3545 
180050 3532 3537 
180100 3535 3539 
180150 3552 3557 
180200 3532 3542 
180250 3541 3547 
180300 3535 3545 
180350 3541 3549 
180400 3544 3558 
180450 3540 3542 
180500 3564 3570 
180550 3565 3568 
180600 3542 3547 
180650 3535 3543 
180700 3546 3551 
180750 3545 3546 
180800 3537 3538 
180850 3533 3539 
180900 3548 3549 
180950 3561 3557 
181000 3547 3545 
181050 3553 3551 
181100 3544 3543 
181150 3547 3546 
181200 3551 3560 
181250 3552 3559 
181300 3546 3546 
181350 3548 3549 
181400 3544 3550 
181450 3549 3544 
181500 3553 3554 
181550 3543 3543 
181600 3549 3558 
181650 3541 3542 
181700 3550 3556 
181750 3535 3539 
181800 3552 3550 
181850 3525 3534 
181900 3548 3550 
181950 3559 3570 
182000 3547 3560 
182050 3558 3567 
182100 3552 3551 
182150 3554 3558 
182200 3567 3565 
182250 3538 3545 
182300 3538 3539 
182350 3551 3554 
182400 3545 3555 
182450 3529 3531 
182500 3543 3542 
182550 3552 3555 
182600 3556 3562 
182650 3545 3552 
182700 3547 3553 
182750 3542 3545 
182800 3536 3547 
182850 3539 3543 
182900 3538 3545 
182950 3549 3553 
183000 3559 3557 
183050 3549 3550 
183100 3553 3557 
183150 3539 3546 
183200 3554 3558 
183250 3549 3551 
183300 3541 3546 
183350 3535 3545 
183400 3539 3555 
183450 3543 3549 
183500 3559 3563 
183550 3539 3551 
183600 3540 3550 
183650 3530 3541 
183700 3549 3548 
183750 3538 3546 
183800 3549 3555 
183850 3533 3549 
183900 3542 3550 
183950 3561 3559 
184000 3550 3541 
184050 3552 3545 
184100 3526 3534 
184150 3557 3557 
184200 3542 3539 
184250 3545 3546 
184300 3544 3547 
184350 3549 3553 
184400 3541 3551 
184450 3541 3543 
184500 3559 3557 
184550 3539 3544 
184600 3551 3558 
184650 3535 3536 
184700 3550 3551 
184750 3554 3556 
184800 3541 3544 
184850 3551 3554 
184900 3552 3555 
184950 3553 3549 
185000 3555 3552 
185050 3540 3542 
185100 3553 3558 
185150 3569 3564 
185200 3526 3543 
185250 3534 3547 
185300 3555 3558 
185350 3551 3553 
185400 3545 3545 
185450 3557 3546 
185500 3548 3546 
185550 3548 3544 
185600 3556 3547 
185650 3548 3541 
185700 3549 3547 
185750 3551 3547 
185800 3540 3533 
185850 3552 3551 
185900 3556 3553 
185950 3555 3550 
186000 3546 3539 
186050 3554 3559 
186100 3563 3561 
186150 3554 3550 
186200 3556 3548 
186250 3541 3536 
186300 3539 3536 
186350 3545 3541 
186400 3545 3538 
186450 3570 3563 
186500 3548 3551 
186550 3557 3557 
186600 3535 3540 
186650 3527 3522 
186700 3550 3548 
186750 3539 3538 
186800 3549 3543 
186850 3558 3555 
186900 3554 3554 
186950 3546 3546 
187000 3551 3550 
187050 3559 3555 
187100 3549 3552 
187150 3548 3557 
187200 3541 3543 
187250 3543 3540 
187300 3550 3549 
187350 3541 3539 
187400 3543 3535 
187450 3546 3548 
187500 3554 3545 
187550 3563 3554 
187600 3540 3537 
187650 3561 3563 
187700 3562 3561 
187750 3546 3543 
187800 3533 3528 
187850 3551 3547 
187900 3534 3530 
187950 3564 3556 
188000 3558 3553 
188050 3555 3550 
188100 3560 3551 
188150 3554 3551 
188200 3554 3553 
188250 3557 3558 
188300 3556 3549 
188350 3561 3560 
188400 3540 3536 
188450 3549 3552 
188500 3551 3553 
188550 3550 3530 
188600 3563 3550 
188650 3560 3554 
188700 3563 3551 
188750 3546 3540 
188800 3557 3550 
188850 3534 3534 
188900 3556 3559 
188950 3551 3545 
189000 3547 3544 
189050 3550 3542 
189100 3559 3553 
189150 3553 3545 
189200 3547 3540 
189250 3547 3544 
189300 3545 3537 
189350 3552 3540 
189400 3561 3556 
189450 3560 3561 
189500 3544 3540 
189550 3549 3540 
189600 3554 3553 
189650 3540 3528 
189700 3547 3547 
189750 3558 3553 
189800 3545 3535 
189850 3559 3546 
189900 3549 3543 
189950 3542 3538 
190000 3551 3544 
190050 3570 3560 
190100 3548 3537 
190150 3547 3538 
190200 3541 3530 
190250 3540 3533 
190300 3544 3543 
190350 3545 3547 
190400 3537 3535 
190450 3541 3530 
190500 3541 3539 
190550 3553 3548 
190600 3552 3540 
190650 3562 3557 
190700 3540 3537 
190750 3553 3548 
190800 3547 3542 
190850 3537 3533 
190900 3544 3538 
190950 3546 3524 
191000 3559 3550 
191050 3555 3543 
191100 3550 3540 
191150 3557 3539 
191200 3560 3550 
191250 3556 3547 
191300 3556 3560 
191350 3552 3546 
191400 3518 3524 
191450 3556 3544 
191500 3551 3547 
191550 3552 3546 
191600 3539 3533 
191650 3550 3547 
191700 3551 3540 
191750 3560 3552 
191800 3556 3550 
191850 3543 3535 
191900 3549 3550 
191950 3561 3554 
192000 3561 3547 
192050 3556 3545 
192100 3550 3545 
192150 3564 3553 
192200 3556 3550 
192250 3552 3554 
192300 3551 3542 
192350 3550 3550 
192400 3556 3549 
192450 3558 3552 
192500 3553 3546 
192550 3559 3543 
192600 3547 3535 
192650 3534 3521 
192700 3556 3543 
192750 3545 3530 
192800 3548 3546 
192850 3553 3539 
192900 3547 3533 
192950 3558 3554 
193000 3557 3561 
193050 3544 3545 
193100 3547 3545 
193150 3552 3546 
193200 3542 3538 
193250 3547 3533 
193300 3550 3540 
193350 3539 3536 
193400 3545 3547 
193450 3549 3547 
193500 3542 3533 
193550 3553 3552 
193600 3537 3536 
193650 3527 3523 
193700 3555 3551 
193750 3553 3548 
193800 3548 3541 
193850 3543 3539 
193900 3546 3548 
193950 3551 3545 
194000 3536 3531 
194050 3546 3543 
194100 3566 3561 
194150 3559 3551 
194200 3550 3539 
194250 3557 3532 
194300 3567 3550 
194350 3546 3545 
194400 3549 3541 
194450 3566 3549 
194500 3549 3543 
194550 3543 3536 
194600 3548 3538 
194650 3554 3544 
194700 3541 3531 
194750 3553 3548 
194800 3555 3544 
194850 3541 3531 
194900 3552 3551 
194950 3545 3535 
195000 3550 3536 
195050 3555 3546 
195100 3563 3555 
195150 3556 3557 
195200 3538 3537 
195250 3546 3545 
195300 3566 3557 
195350 3551 3535 
195400 3553 3543 
195450 3539 3535 
195500 3548 3547 
195550 3546 3539 
195600 3551 3542 
195650 3548 3548 
195700 3557 3561 
195750 3550 3541 
195800 3560 3548 
195850 3552 3552 
195900 3559 3553 
195950 3557 3556 
196000 3554 3549 
196050 3553 3547 
196100 3545 3541 
196150 3537 3544 
196200 3542 3537 
196250 3556 3539 
196300 3535 3536 
196350 3561 3560 
196400 3560 3553 
196450 3545 3537 
196500 3554 3543 
196550 3548 3546 
196600 3555 3552 
196650 3543 3527 
196700 3559 3544 
196750 3553 3553 
196800 3554 3546 
196850 3556 3552 
196900 3555 3538 
196950 3556 3550 
197000 3548 3544 
197050 3549 3547 
197100 3555 3545 
197150 3559 3553 
197200 3561 3554 
197250 3565 3553 
197300 3550 3549 
197350 3557 3550 
197400 3553 3547 
197450 3538 3532 
197500 3560 3545 
197550 3533 3522 
197600 3538 3528 
197650 3546 3538 
197700 3534 3528 
197750 3546 3538 
197800 3536 3527 
197850 3565 3552 
197900 3553 3540 
197950 3561 3550 
198000 3563 3550 
198050 3558 3553 
198100 3551 3545 
198150 3566 3552 
198200 3562 3558 
198250 3548 3542 
198300 3558 3541 
198350 3558 3542 
198400 3548 3532 
198450 3538 3529 
198500 3531 3524 
198550 3563 3548 
198600 3555 3544 
198650 3558 3542 
198700 3559 3552 
198750 3543 3537 
198800 3550 3544 
198850 3559 3553 
198900 3553 3536 
198950 3551 3541 
199000 3554 3542 
199050 3534 3534 
199100 3549 3534 
199150 3566 3555 
199200 3561 3546 
199250 3569 3563 
199300 3546 3540 
199350 3554 3549 
199400 3551 3537 
199450 3551 3540 
199500 3555 3554 
199550 3538 3527 
199600 3536 3535 
199650 3546 3540 
199700 3559 3545 
199750 3552 3545 
199800 3552 3542 
199850 3537 3528 
199900 3570 3558 
199950 3558 3555 
200000 3558 3541 
