# Avida tasks data
# Fri Apr  6 22:49:58 2012
# First column gives the current update, next columns give the number
# of organisms that have the particular task as a component of their merit
#  1: Update
#  2: Xor
#  3: Equals

0 0 0 
50 5 5 
100 21 21 
150 80 80 
200 190 190 
250 362 362 
300 590 593 
350 839 839 
400 1169 1166 
450 1580 1574 
500 2004 1998 
550 2494 2489 
600 3060 3060 
650 3347 3345 
700 3481 3476 
750 3534 3527 
800 3540 3539 
850 3548 3549 
900 3541 3547 
950 3534 3532 
1000 3539 3534 
1050 3547 3554 
1100 3534 3543 
1150 3530 3533 
1200 3534 3537 
1250 3549 3541 
1300 3558 3549 
1350 3559 3555 
1400 3544 3544 
1450 3538 3540 
1500 3537 3541 
1550 3537 3533 
1600 3545 3547 
1650 3551 3547 
1700 3554 3555 
1750 3552 3553 
1800 3559 3561 
1850 3548 3543 
1900 3548 3534 
1950 3550 3549 
2000 3547 3549 
2050 3544 3544 
2100 3558 3559 
2150 3543 3542 
2200 3538 3542 
2250 3523 3528 
2300 3541 3543 
2350 3548 3549 
2400 3550 3550 
2450 3547 3539 
2500 3555 3556 
2550 3525 3534 
2600 3542 3539 
2650 3546 3545 
2700 3539 3547 
2750 3525 3531 
2800 3546 3542 
2850 3527 3527 
2900 3542 3542 
2950 3552 3547 
3000 3556 3551 
3050 3541 3537 
3100 3536 3537 
3150 3538 3536 
3200 3548 3550 
3250 3555 3556 
3300 3555 3556 
3350 3553 3548 
3400 3540 3537 
3450 3534 3539 
3500 3538 3540 
3550 3548 3546 
3600 3544 3547 
3650 3543 3548 
3700 3548 3557 
3750 3546 3550 
3800 3547 3544 
3850 3539 3535 
3900 3533 3531 
3950 3549 3552 
4000 3539 3549 
4050 3530 3540 
4100 3551 3553 
4150 3555 3551 
4200 3543 3539 
4250 3550 3550 
4300 3537 3533 
4350 3535 3528 
4400 3542 3546 
4450 3527 3529 
4500 3534 3528 
4550 3541 3541 
4600 3553 3555 
4650 3563 3556 
4700 3559 3555 
4750 3546 3545 
4800 3558 3555 
4850 3562 3561 
4900 3532 3536 
4950 3532 3533 
5000 3532 3529 
5050 3538 3544 
5100 3540 3544 
5150 3549 3551 
5200 3541 3536 
5250 3546 3536 
5300 3545 3548 
5350 3535 3539 
5400 3541 3544 
5450 3553 3556 
5500 3545 3539 
5550 3542 3546 
5600 3535 3532 
5650 3549 3551 
5700 3560 3553 
5750 3547 3556 
5800 3543 3548 
5850 3554 3551 
5900 3541 3544 
5950 3537 3540 
6000 3551 3559 
6050 3539 3542 
6100 3542 3540 
6150 3543 3546 
6200 3544 3545 
6250 3538 3543 
6300 3530 3532 
6350 3531 3527 
6400 3543 3542 
6450 3570 3571 
6500 3564 3559 
6550 3549 3552 
6600 3553 3555 
6650 3566 3566 
6700 3556 3558 
6750 3550 3545 
6800 3556 3555 
6850 3550 3558 
6900 3542 3542 
6950 3533 3541 
7000 3537 3542 
7050 3546 3542 
7100 3555 3552 
7150 3557 3555 
7200 3549 3548 
7250 3536 3532 
7300 3551 3547 
7350 3536 3537 
7400 3541 3541 
7450 3536 3541 
7500 3554 3551 
7550 3555 3551 
7600 3534 3536 
7650 3523 3523 
7700 3539 3544 
7750 3535 3533 
7800 3546 3538 
7850 3560 3564 
7900 3548 3541 
7950 3545 3541 
8000 3547 3540 
8050 3561 3561 
8100 3553 3555 
8150 3559 3557 
8200 3544 3550 
8250 3541 3544 
8300 3541 3537 
8350 3550 3547 
8400 3545 3545 
8450 3531 3530 
8500 3527 3527 
8550 3535 3534 
8600 3535 3535 
8650 3531 3526 
8700 3538 3539 
8750 3539 3537 
8800 3539 3550 
8850 3532 3531 
8900 3551 3549 
8950 3545 3544 
9000 3547 3548 
9050 3548 3551 
9100 3548 3548 
9150 3543 3541 
9200 3537 3539 
9250 3545 3541 
9300 3543 3537 
9350 3533 3530 
9400 3542 3537 
9450 3540 3539 
9500 3533 3536 
9550 3530 3532 
9600 3544 3539 
9650 3559 3558 
9700 3543 3541 
9750 3549 3551 
9800 3550 3552 
9850 3540 3538 
9900 3538 3538 
9950 3553 3548 
10000 3557 3559 
10050 3536 3541 
10100 3544 3547 
10150 3557 3551 
10200 3543 3543 
10250 3539 3549 
10300 3551 3552 
10350 3544 3542 
10400 3533 3532 
10450 3544 3543 
10500 3568 3572 
10550 3547 3550 
10600 3541 3533 
10650 3541 3539 
10700 3532 3534 
10750 3540 3544 
10800 3537 3537 
10850 3536 3538 
10900 3561 3553 
10950 3564 3564 
11000 3535 3537 
11050 3542 3544 
11100 3547 3552 
11150 3554 3562 
11200 3551 3553 
11250 3542 3545 
11300 3529 3529 
11350 3540 3541 
11400 3552 3553 
11450 3553 3556 
11500 3538 3540 
11550 3541 3545 
11600 3546 3550 
11650 3541 3537 
11700 3545 3541 
11750 3537 3538 
11800 3531 3532 
11850 3545 3545 
11900 3546 3541 
11950 3559 3555 
12000 3547 3547 
12050 3546 3541 
12100 3551 3552 
12150 3552 3551 
12200 3559 3560 
12250 3559 3570 
12300 3550 3552 
12350 3547 3552 
12400 3534 3535 
12450 3538 3538 
12500 3543 3539 
12550 3558 3560 
12600 3549 3556 
12650 3555 3558 
12700 3547 3546 
12750 3549 3548 
12800 3531 3523 
12850 3545 3549 
12900 3550 3553 
12950 3542 3548 
13000 3550 3546 
13050 3543 3544 
13100 3553 3552 
13150 3542 3535 
13200 3551 3545 
13250 3546 3547 
13300 3543 3542 
13350 3543 3545 
13400 3531 3533 
13450 3537 3544 
13500 3541 3540 
13550 3542 3538 
13600 3533 3534 
13650 3542 3543 
13700 3541 3545 
13750 3547 3548 
13800 3544 3546 
13850 3542 3548 
13900 3549 3548 
13950 3556 3554 
14000 3547 3547 
14050 3551 3552 
14100 3548 3544 
14150 3557 3563 
14200 3539 3537 
14250 3523 3524 
14300 3532 3537 
14350 3533 3528 
14400 3543 3536 
14450 3552 3555 
14500 3544 3539 
14550 3547 3548 
14600 3555 3556 
14650 3552 3550 
14700 3537 3537 
14750 3547 3540 
14800 3543 3544 
14850 3536 3535 
14900 3550 3551 
14950 3547 3554 
15000 3533 3534 
15050 3535 3537 
15100 3539 3539 
15150 3542 3541 
15200 3550 3550 
15250 3528 3531 
15300 3544 3540 
15350 3544 3540 
15400 3528 3527 
15450 3551 3550 
15500 3547 3541 
15550 3529 3528 
15600 3536 3535 
15650 3548 3549 
15700 3548 3550 
15750 3563 3563 
15800 3546 3545 
15850 3552 3555 
15900 3550 3544 
15950 3541 3534 
16000 3539 3538 
16050 3545 3543 
16100 3557 3550 
16150 3541 3539 
16200 3541 3541 
16250 3544 3547 
16300 3530 3532 
16350 3546 3548 
16400 3526 3533 
16450 3542 3545 
16500 3545 3543 
16550 3543 3543 
16600 3540 3537 
16650 3532 3532 
16700 3560 3554 
16750 3547 3550 
16800 3548 3547 
16850 3561 3564 
16900 3554 3558 
16950 3550 3546 
17000 3553 3552 
17050 3532 3536 
17100 3560 3565 
17150 3563 3563 
17200 3544 3545 
17250 3538 3535 
17300 3536 3538 
17350 3546 3547 
17400 3547 3545 
17450 3543 3539 
17500 3535 3538 
17550 3550 3550 
17600 3539 3534 
17650 3549 3549 
17700 3531 3525 
17750 3542 3542 
17800 3532 3542 
17850 3561 3561 
17900 3538 3537 
17950 3536 3543 
18000 3541 3538 
18050 3521 3517 
18100 3534 3525 
18150 3532 3537 
18200 3540 3544 
18250 3538 3537 
18300 3535 3539 
18350 3542 3542 
18400 3545 3544 
18450 3562 3558 
18500 3556 3561 
18550 3553 3551 
18600 3542 3547 
18650 3544 3550 
18700 3549 3551 
18750 3542 3544 
18800 3542 3533 
18850 3556 3558 
18900 3558 3558 
18950 3549 3548 
19000 3556 3554 
19050 3552 3551 
19100 3558 3559 
19150 3543 3549 
19200 3531 3546 
19250 3546 3552 
19300 3542 3544 
19350 3527 3528 
19400 3541 3539 
19450 3551 3553 
19500 3541 3535 
19550 3546 3546 
19600 3540 3538 
19650 3548 3544 
19700 3559 3558 
19750 3556 3558 
19800 3550 3552 
19850 3556 3553 
19900 3563 3565 
19950 3554 3556 
20000 3529 3529 
20050 3542 3543 
20100 3562 3560 
20150 3544 3544 
20200 3540 3535 
20250 3548 3545 
20300 3538 3533 
20350 3544 3546 
20400 3548 3547 
20450 3559 3558 
20500 3537 3530 
20550 3536 3538 
20600 3537 3543 
20650 3543 3547 
20700 3544 3548 
20750 3524 3528 
20800 3542 3540 
20850 3546 3546 
20900 3533 3535 
20950 3542 3540 
21000 3535 3536 
21050 3557 3556 
21100 3560 3553 
21150 3543 3548 
21200 3552 3550 
21250 3552 3547 
21300 3527 3530 
21350 3543 3546 
21400 3560 3557 
21450 3542 3540 
21500 3542 3538 
21550 3541 3545 
21600 3528 3531 
21650 3547 3544 
21700 3543 3546 
21750 3540 3536 
21800 3551 3554 
21850 3555 3556 
21900 3545 3544 
21950 3545 3544 
22000 3539 3533 
22050 3549 3549 
22100 3539 3536 
22150 3538 3543 
22200 3536 3535 
22250 3557 3552 
22300 3542 3545 
22350 3540 3540 
22400 3522 3519 
22450 3542 3529 
22500 3538 3541 
22550 3540 3537 
22600 3546 3541 
22650 3544 3538 
22700 3540 3539 
22750 3544 3541 
22800 3545 3543 
22850 3559 3560 
22900 3557 3554 
22950 3563 3564 
23000 3542 3537 
23050 3544 3544 
23100 3551 3551 
23150 3545 3552 
23200 3549 3553 
23250 3542 3537 
23300 3540 3540 
23350 3549 3550 
23400 3547 3540 
23450 3537 3536 
23500 3539 3541 
23550 3542 3536 
23600 3547 3551 
23650 3553 3551 
23700 3541 3541 
23750 3552 3551 
23800 3548 3549 
23850 3548 3543 
23900 3548 3546 
23950 3557 3560 
24000 3540 3542 
24050 3532 3529 
24100 3535 3533 
24150 3552 3548 
24200 3544 3553 
24250 3546 3547 
24300 3542 3542 
24350 3542 3539 
24400 3545 3546 
24450 3535 3538 
24500 3534 3529 
24550 3553 3550 
24600 3556 3553 
24650 3552 3551 
24700 3554 3553 
24750 3530 3522 
24800 3540 3536 
24850 3535 3535 
24900 3540 3543 
24950 3556 3544 
25000 3562 3554 
25050 3542 3534 
25100 3534 3541 
25150 3536 3538 
25200 3534 3531 
25250 3547 3553 
25300 3529 3531 
25350 3547 3550 
25400 3559 3553 
25450 3560 3553 
25500 3542 3540 
25550 3542 3543 
25600 3538 3537 
25650 3525 3523 
25700 3537 3533 
25750 3540 3538 
25800 3546 3556 
25850 3534 3534 
25900 3543 3542 
25950 3547 3545 
26000 3544 3543 
26050 3552 3542 
26100 3548 3546 
26150 3557 3559 
26200 3538 3535 
26250 3532 3535 
26300 3530 3533 
26350 3534 3537 
26400 3528 3530 
26450 3543 3547 
26500 3528 3528 
26550 3547 3546 
26600 3553 3551 
26650 3540 3539 
26700 3539 3540 
26750 3538 3540 
26800 3545 3549 
26850 3529 3533 
26900 3551 3544 
26950 3544 3541 
27000 3544 3535 
27050 3542 3531 
27100 3546 3543 
27150 3556 3559 
27200 3539 3542 
27250 3554 3546 
27300 3541 3546 
27350 3556 3551 
27400 3543 3542 
27450 3554 3555 
27500 3546 3549 
27550 3551 3553 
27600 3544 3543 
27650 3548 3546 
27700 3555 3556 
27750 3544 3538 
27800 3543 3548 
27850 3537 3537 
27900 3526 3526 
27950 3558 3557 
28000 3563 3567 
28050 3546 3550 
28100 3525 3526 
28150 3563 3557 
28200 3550 3549 
28250 3556 3551 
28300 3537 3535 
28350 3528 3525 
28400 3549 3547 
28450 3544 3542 
28500 3562 3559 
28550 3560 3559 
28600 3547 3547 
28650 3539 3532 
28700 3546 3545 
28750 3548 3544 
28800 3530 3534 
28850 3547 3545 
28900 3541 3540 
28950 3537 3543 
29000 3551 3555 
29050 3547 3550 
29100 3538 3532 
29150 3537 3536 
29200 3542 3544 
29250 3550 3550 
29300 3541 3538 
29350 3534 3540 
29400 3539 3547 
29450 3551 3548 
29500 3545 3544 
29550 3551 3554 
29600 3548 3547 
29650 3547 3549 
29700 3546 3543 
29750 3543 3553 
29800 3553 3554 
29850 3559 3550 
29900 3552 3549 
29950 3549 3547 
30000 3549 3538 
30050 3548 3547 
30100 3557 3555 
30150 3549 3552 
30200 3546 3550 
30250 3543 3548 
30300 3552 3551 
30350 3554 3545 
30400 3537 3534 
30450 3534 3534 
30500 3542 3544 
30550 3543 3538 
30600 3536 3535 
30650 3542 3539 
30700 3540 3543 
30750 3559 3557 
30800 3545 3542 
30850 3543 3540 
30900 3551 3547 
30950 3551 3547 
31000 3552 3553 
31050 3553 3549 
31100 3544 3537 
31150 3533 3534 
31200 3536 3526 
31250 3550 3552 
31300 3537 3535 
31350 3562 3561 
31400 3541 3541 
31450 3560 3556 
31500 3534 3529 
31550 3534 3531 
31600 3537 3524 
31650 3538 3542 
31700 3548 3547 
31750 3552 3552 
31800 3548 3541 
31850 3541 3543 
31900 3562 3562 
31950 3550 3556 
32000 3546 3546 
32050 3538 3540 
32100 3538 3536 
32150 3545 3545 
32200 3545 3543 
32250 3554 3545 
32300 3549 3547 
32350 3557 3556 
32400 3533 3535 
32450 3528 3531 
32500 3536 3531 
32550 3553 3547 
32600 3552 3549 
32650 3546 3545 
32700 3528 3538 
32750 3532 3530 
32800 3548 3538 
32850 3547 3541 
32900 3542 3541 
32950 3550 3542 
33000 3546 3540 
33050 3542 3540 
33100 3527 3537 
33150 3556 3552 
33200 3542 3544 
33250 3533 3545 
33300 3544 3544 
33350 3549 3548 
33400 3560 3551 
33450 3553 3549 
33500 3553 3550 
33550 3553 3553 
33600 3551 3553 
33650 3548 3548 
33700 3549 3548 
33750 3541 3543 
33800 3549 3549 
33850 3551 3549 
33900 3557 3555 
33950 3543 3543 
34000 3545 3549 
34050 3539 3542 
34100 3547 3547 
34150 3538 3539 
34200 3560 3554 
34250 3558 3559 
34300 3546 3549 
34350 3548 3546 
34400 3535 3538 
34450 3547 3544 
34500 3536 3529 
34550 3533 3533 
34600 3532 3538 
34650 3550 3548 
34700 3549 3552 
34750 3549 3550 
34800 3557 3554 
34850 3545 3550 
34900 3550 3555 
34950 3546 3542 
35000 3542 3544 
35050 3526 3526 
35100 3528 3533 
35150 3546 3537 
35200 3548 3545 
35250 3545 3542 
35300 3551 3550 
35350 3544 3540 
35400 3547 3549 
35450 3528 3528 
35500 3559 3559 
35550 3541 3542 
35600 3555 3550 
35650 3549 3546 
35700 3563 3561 
35750 3547 3546 
35800 3557 3553 
35850 3537 3538 
35900 3547 3546 
35950 3554 3546 
36000 3550 3540 
36050 3541 3536 
36100 3533 3539 
36150 3538 3553 
36200 3544 3550 
36250 3537 3545 
36300 3542 3541 
36350 3553 3556 
36400 3547 3548 
36450 3537 3537 
36500 3552 3552 
36550 3562 3561 
36600 3555 3553 
36650 3525 3529 
36700 3543 3549 
36750 3544 3541 
36800 3531 3525 
36850 3541 3537 
36900 3543 3541 
36950 3526 3527 
37000 3544 3539 
37050 3557 3557 
37100 3554 3556 
37150 3551 3548 
37200 3540 3540 
37250 3535 3541 
37300 3529 3530 
37350 3529 3535 
37400 3546 3550 
37450 3548 3545 
37500 3536 3537 
37550 3557 3555 
37600 3554 3548 
37650 3545 3542 
37700 3539 3537 
37750 3539 3539 
37800 3541 3546 
37850 3538 3548 
37900 3543 3549 
37950 3541 3549 
38000 3526 3530 
38050 3545 3544 
38100 3546 3541 
38150 3554 3548 
38200 3539 3539 
38250 3559 3556 
38300 3532 3529 
38350 3534 3529 
38400 3546 3544 
38450 3538 3538 
38500 3553 3547 
38550 3529 3523 
38600 3550 3558 
38650 3547 3542 
38700 3536 3535 
38750 3558 3555 
38800 3555 3553 
38850 3534 3532 
38900 3545 3541 
38950 3553 3553 
39000 3548 3545 
39050 3537 3532 
39100 3544 3539 
39150 3565 3563 
39200 3545 3546 
39250 3552 3549 
39300 3535 3531 
39350 3545 3541 
39400 3555 3557 
39450 3558 3545 
39500 3536 3532 
39550 3555 3548 
39600 3543 3547 
39650 3542 3538 
39700 3550 3551 
39750 3539 3537 
39800 3546 3548 
39850 3547 3549 
39900 3545 3540 
39950 3542 3549 
40000 3538 3534 
40050 3542 3538 
40100 3543 3540 
40150 3535 3536 
40200 3554 3550 
40250 3565 3564 
40300 3545 3544 
40350 3534 3532 
40400 3544 3545 
40450 3547 3553 
40500 3521 3524 
40550 3548 3552 
40600 3513 3521 
40650 3533 3534 
40700 3538 3536 
40750 3545 3543 
40800 3541 3551 
40850 3539 3540 
40900 3543 3535 
40950 3539 3540 
41000 3551 3554 
41050 3545 3546 
41100 3540 3544 
41150 3555 3550 
41200 3554 3557 
41250 3552 3547 
41300 3541 3537 
41350 3549 3547 
41400 3535 3528 
41450 3538 3535 
41500 3541 3542 
41550 3521 3535 
41600 3542 3536 
41650 3558 3554 
41700 3544 3543 
41750 3545 3542 
41800 3553 3555 
41850 3530 3534 
41900 3539 3534 
41950 3548 3547 
42000 3535 3537 
42050 3551 3549 
42100 3546 3543 
42150 3552 3548 
42200 3560 3553 
42250 3543 3548 
42300 3545 3548 
42350 3558 3558 
42400 3544 3541 
42450 3549 3549 
42500 3551 3549 
42550 3531 3532 
42600 3551 3556 
42650 3544 3548 
42700 3555 3552 
42750 3554 3555 
42800 3549 3554 
42850 3545 3548 
42900 3559 3556 
42950 3554 3553 
43000 3536 3533 
43050 3553 3550 
43100 3547 3543 
43150 3558 3553 
43200 3552 3557 
43250 3553 3554 
43300 3540 3537 
43350 3547 3545 
43400 3557 3553 
43450 3550 3551 
43500 3548 3551 
43550 3541 3541 
43600 3554 3550 
43650 3533 3535 
43700 3538 3542 
43750 3546 3546 
43800 3544 3537 
43850 3544 3545 
43900 3536 3530 
43950 3539 3541 
44000 3543 3546 
44050 3551 3548 
44100 3543 3539 
44150 3548 3541 
44200 3550 3548 
44250 3547 3544 
44300 3553 3552 
44350 3547 3545 
44400 3546 3541 
44450 3547 3543 
44500 3526 3524 
44550 3549 3552 
44600 3540 3543 
44650 3548 3541 
44700 3550 3544 
44750 3540 3538 
44800 3541 3541 
44850 3551 3551 
44900 3552 3552 
44950 3535 3542 
45000 3546 3549 
45050 3560 3557 
45100 3544 3543 
45150 3542 3542 
45200 3563 3559 
45250 3554 3555 
45300 3543 3541 
45350 3539 3541 
45400 3547 3550 
45450 3543 3541 
45500 3548 3541 
45550 3554 3545 
45600 3543 3540 
45650 3534 3540 
45700 3545 3553 
45750 3553 3551 
45800 3554 3550 
45850 3539 3542 
45900 3549 3550 
45950 3562 3562 
46000 3554 3557 
46050 3556 3551 
46100 3552 3558 
46150 3551 3552 
46200 3551 3545 
46250 3557 3559 
46300 3555 3557 
46350 3526 3534 
46400 3544 3542 
46450 3550 3549 
46500 3543 3549 
46550 3524 3529 
46600 3543 3549 
46650 3540 3542 
46700 3548 3538 
46750 3546 3546 
46800 3549 3550 
46850 3549 3555 
46900 3558 3556 
46950 3549 3547 
47000 3550 3549 
47050 3548 3547 
47100 3542 3545 
47150 3551 3551 
47200 3541 3542 
47250 3552 3550 
47300 3555 3552 
47350 3522 3534 
47400 3523 3523 
47450 3542 3544 
47500 3537 3541 
47550 3532 3534 
47600 3539 3545 
47650 3549 3550 
47700 3540 3540 
47750 3552 3552 
47800 3548 3544 
47850 3543 3549 
47900 3546 3551 
47950 3558 3557 
48000 3549 3540 
48050 3560 3554 
48100 3558 3548 
48150 3561 3561 
48200 3559 3561 
48250 3543 3543 
48300 3544 3550 
48350 3539 3538 
48400 3538 3539 
48450 3554 3557 
48500 3537 3534 
48550 3542 3540 
48600 3551 3555 
48650 3539 3537 
48700 3545 3545 
48750 3547 3546 
48800 3543 3542 
48850 3538 3532 
48900 3542 3544 
48950 3537 3540 
49000 3529 3537 
49050 3547 3545 
49100 3535 3541 
49150 3539 3544 
49200 3547 3552 
49250 3542 3542 
49300 3562 3558 
49350 3548 3547 
49400 3551 3551 
49450 3547 3553 
49500 3529 3530 
49550 3536 3540 
49600 3552 3553 
49650 3559 3562 
49700 3555 3553 
49750 3554 3551 
49800 3553 3554 
49850 3546 3549 
49900 3546 3549 
49950 3546 3546 
50000 3548 3542 
50050 3539 3541 
50100 3559 3563 
50150 3554 3555 
50200 3540 3543 
50250 3556 3558 
50300 3542 3541 
50350 3557 3560 
50400 3553 3547 
50450 3540 3536 
50500 3549 3553 
50550 3548 3548 
50600 3552 3553 
50650 3549 3546 
50700 3545 3538 
50750 3552 3548 
50800 3549 3550 
50850 3543 3543 
50900 3540 3538 
50950 3543 3546 
51000 3556 3547 
51050 3544 3541 
51100 3551 3552 
51150 3536 3539 
51200 3537 3541 
51250 3531 3538 
51300 3548 3547 
51350 3555 3555 
51400 3554 3562 
51450 3545 3545 
51500 3560 3558 
51550 3545 3545 
51600 3535 3538 
51650 3547 3548 
51700 3531 3535 
51750 3547 3551 
51800 3538 3533 
51850 3545 3529 
51900 3558 3554 
51950 3543 3538 
52000 3547 3542 
52050 3540 3532 
52100 3549 3547 
52150 3537 3541 
52200 3532 3529 
52250 3544 3545 
52300 3541 3545 
52350 3546 3552 
52400 3546 3545 
52450 3541 3549 
52500 3542 3541 
52550 3534 3543 
52600 3545 3543 
52650 3535 3536 
52700 3556 3559 
52750 3561 3563 
52800 3548 3545 
52850 3542 3541 
52900 3555 3557 
52950 3540 3543 
53000 3548 3553 
53050 3545 3543 
53100 3550 3553 
53150 3563 3557 
53200 3559 3559 
53250 3558 3557 
53300 3558 3548 
53350 3544 3541 
53400 3550 3540 
53450 3549 3554 
53500 3554 3560 
53550 3555 3555 
53600 3552 3553 
53650 3552 3555 
53700 3555 3558 
53750 3558 3557 
53800 3555 3557 
53850 3540 3539 
53900 3553 3550 
53950 3555 3553 
54000 3554 3553 
54050 3556 3553 
54100 3545 3537 
54150 3543 3541 
54200 3540 3543 
54250 3541 3546 
54300 3540 3544 
54350 3546 3549 
54400 3534 3536 
54450 3538 3533 
54500 3546 3547 
54550 3553 3555 
54600 3531 3528 
54650 3558 3550 
54700 3560 3559 
54750 3539 3537 
54800 3552 3556 
54850 3539 3543 
54900 3561 3563 
54950 3558 3556 
55000 3555 3553 
55050 3536 3536 
55100 3547 3545 
55150 3554 3552 
55200 3542 3545 
55250 3551 3553 
55300 3544 3558 
55350 3538 3547 
55400 3566 3561 
55450 3555 3557 
55500 3543 3544 
55550 3562 3561 
55600 3552 3553 
55650 3550 3551 
55700 3533 3538 
55750 3544 3541 
55800 3569 3564 
55850 3553 3550 
55900 3549 3547 
55950 3551 3552 
56000 3557 3558 
56050 3552 3548 
56100 3547 3550 
56150 3549 3548 
56200 3546 3543 
56250 3548 3548 
56300 3560 3556 
56350 3548 3555 
56400 3543 3545 
56450 3544 3548 
56500 3561 3557 
56550 3543 3545 
56600 3551 3547 
56650 3549 3547 
56700 3550 3551 
56750 3542 3539 
56800 3555 3552 
56850 3568 3565 
56900 3560 3556 
56950 3553 3555 
57000 3549 3552 
57050 3548 3543 
57100 3566 3561 
57150 3535 3540 
57200 3540 3535 
57250 3545 3540 
57300 3550 3549 
57350 3554 3555 
57400 3553 3549 
57450 3546 3546 
57500 3551 3547 
57550 3538 3541 
57600 3535 3529 
57650 3548 3549 
57700 3531 3538 
57750 3547 3551 
57800 3528 3527 
57850 3546 3548 
57900 3544 3541 
57950 3535 3533 
58000 3538 3534 
58050 3537 3538 
58100 3536 3536 
58150 3551 3547 
58200 3550 3553 
58250 3550 3545 
58300 3550 3547 
58350 3547 3541 
58400 3553 3554 
58450 3546 3544 
58500 3546 3551 
58550 3538 3535 
58600 3535 3543 
58650 3534 3541 
58700 3536 3535 
58750 3542 3545 
58800 3527 3532 
58850 3545 3548 
58900 3545 3548 
58950 3548 3549 
59000 3547 3545 
59050 3540 3537 
59100 3547 3547 
59150 3556 3553 
59200 3539 3537 
59250 3553 3553 
59300 3549 3548 
59350 3550 3560 
59400 3562 3564 
59450 3550 3556 
59500 3545 3545 
59550 3539 3536 
59600 3551 3552 
59650 3560 3554 
59700 3534 3531 
59750 3541 3547 
59800 3550 3551 
59850 3559 3559 
59900 3544 3544 
59950 3530 3530 
60000 3549 3549 
60050 3549 3546 
60100 3537 3536 
60150 3539 3538 
60200 3548 3540 
60250 3558 3557 
60300 3564 3561 
60350 3541 3544 
60400 3545 3547 
60450 3562 3559 
60500 3546 3550 
60550 3562 3556 
60600 3564 3567 
60650 3552 3554 
60700 3541 3533 
60750 3538 3542 
60800 3554 3560 
60850 3535 3534 
60900 3554 3551 
60950 3548 3545 
61000 3547 3549 
61050 3544 3540 
61100 3548 3546 
61150 3533 3534 
61200 3543 3544 
61250 3532 3530 
61300 3545 3540 
61350 3546 3546 
61400 3535 3537 
61450 3551 3550 
61500 3555 3557 
61550 3551 3543 
61600 3554 3548 
61650 3547 3545 
61700 3537 3535 
61750 3557 3555 
61800 3552 3550 
61850 3538 3541 
61900 3548 3550 
61950 3532 3539 
62000 3541 3549 
62050 3550 3549 
62100 3565 3566 
62150 3545 3549 
62200 3561 3557 
62250 3550 3544 
62300 3541 3535 
62350 3544 3548 
62400 3547 3545 
62450 3537 3537 
62500 3553 3550 
62550 3546 3545 
62600 3559 3557 
62650 3539 3535 
62700 3538 3536 
62750 3535 3525 
62800 3550 3542 
62850 3553 3556 
62900 3545 3545 
62950 3552 3562 
63000 3548 3549 
63050 3541 3536 
63100 3532 3527 
63150 3546 3548 
63200 3554 3553 
63250 3560 3555 
63300 3557 3550 
63350 3556 3556 
63400 3551 3553 
63450 3550 3544 
63500 3545 3541 
63550 3552 3552 
63600 3545 3547 
63650 3559 3559 
63700 3549 3539 
63750 3545 3544 
63800 3547 3550 
63850 3538 3540 
63900 3530 3532 
63950 3565 3559 
64000 3560 3554 
64050 3549 3551 
64100 3553 3545 
64150 3558 3556 
64200 3543 3538 
64250 3544 3549 
64300 3557 3556 
64350 3553 3551 
64400 3550 3542 
64450 3524 3530 
64500 3542 3544 
64550 3541 3534 
64600 3548 3544 
64650 3541 3541 
64700 3550 3554 
64750 3556 3550 
64800 3544 3537 
64850 3554 3553 
64900 3546 3545 
64950 3554 3547 
65000 3546 3540 
65050 3565 3560 
65100 3519 3516 
65150 3538 3539 
65200 3544 3547 
65250 3542 3548 
65300 3550 3549 
65350 3543 3545 
65400 3540 3532 
65450 3536 3536 
65500 3546 3554 
65550 3522 3521 
65600 3547 3546 
65650 3547 3546 
65700 3554 3551 
65750 3538 3538 
65800 3552 3550 
65850 3557 3559 
65900 3548 3549 
65950 3563 3559 
66000 3547 3536 
66050 3543 3544 
66100 3550 3550 
66150 3536 3533 
66200 3550 3551 
66250 3559 3552 
66300 3556 3553 
66350 3542 3540 
66400 3554 3554 
66450 3561 3558 
66500 3550 3550 
66550 3543 3543 
66600 3561 3557 
66650 3542 3545 
66700 3528 3535 
66750 3537 3534 
66800 3553 3547 
66850 3547 3550 
66900 3547 3545 
66950 3539 3542 
67000 3542 3536 
67050 3533 3530 
67100 3545 3539 
67150 3557 3554 
67200 3547 3551 
67250 3558 3557 
67300 3540 3541 
67350 3551 3553 
67400 3547 3547 
67450 3554 3554 
67500 3555 3555 
67550 3547 3548 
67600 3549 3549 
67650 3555 3557 
67700 3549 3550 
67750 3542 3548 
67800 3564 3564 
67850 3555 3558 
67900 3559 3559 
67950 3575 3571 
68000 3564 3562 
68050 3542 3543 
68100 3549 3544 
68150 3546 3550 
68200 3552 3548 
68250 3553 3557 
68300 3566 3567 
68350 3562 3563 
68400 3555 3558 
68450 3535 3536 
68500 3538 3533 
68550 3531 3537 
68600 3537 3532 
68650 3549 3544 
68700 3553 3549 
68750 3557 3559 
68800 3551 3550 
68850 3551 3556 
68900 3550 3551 
68950 3551 3547 
69000 3547 3538 
69050 3549 3543 
69100 3536 3540 
69150 3544 3548 
69200 3573 3568 
69250 3560 3558 
69300 3558 3556 
69350 3551 3552 
69400 3533 3534 
69450 3546 3547 
69500 3546 3537 
69550 3564 3561 
69600 3545 3549 
69650 3560 3559 
69700 3563 3568 
69750 3546 3547 
69800 3553 3553 
69850 3560 3556 
69900 3561 3563 
69950 3557 3561 
70000 3538 3539 
70050 3544 3546 
70100 3547 3543 
70150 3546 3543 
70200 3538 3545 
70250 3561 3562 
70300 3556 3561 
70350 3554 3552 
70400 3553 3550 
70450 3547 3547 
70500 3553 3554 
70550 3544 3545 
70600 3548 3541 
70650 3552 3550 
70700 3550 3553 
70750 3546 3542 
70800 3558 3556 
70850 3564 3556 
70900 3546 3539 
70950 3554 3551 
71000 3530 3527 
71050 3549 3550 
71100 3547 3541 
71150 3538 3532 
71200 3541 3547 
71250 3546 3543 
71300 3544 3547 
71350 3540 3543 
71400 3548 3547 
71450 3557 3551 
71500 3543 3540 
71550 3558 3555 
71600 3543 3541 
71650 3541 3539 
71700 3554 3554 
71750 3550 3548 
71800 3552 3552 
71850 3545 3552 
71900 3549 3549 
71950 3560 3562 
72000 3546 3546 
72050 3539 3540 
72100 3533 3537 
72150 3560 3559 
72200 3539 3542 
72250 3544 3548 
72300 3560 3555 
72350 3554 3550 
72400 3548 3544 
72450 3537 3541 
72500 3549 3545 
72550 3554 3554 
72600 3553 3549 
72650 3555 3547 
72700 3558 3555 
72750 3540 3530 
72800 3545 3534 
72850 3563 3562 
72900 3563 3566 
72950 3539 3536 
73000 3542 3539 
73050 3553 3556 
73100 3567 3567 
73150 3554 3552 
73200 3555 3551 
73250 3545 3546 
73300 3542 3546 
73350 3548 3544 
73400 3558 3558 
73450 3551 3559 
73500 3565 3565 
73550 3547 3549 
73600 3564 3561 
73650 3525 3525 
73700 3544 3547 
73750 3548 3542 
73800 3541 3527 
73850 3527 3526 
73900 3532 3533 
73950 3541 3539 
74000 3544 3545 
74050 3557 3555 
74100 3552 3550 
74150 3540 3534 
74200 3547 3551 
74250 3534 3533 
74300 3541 3545 
74350 3548 3548 
74400 3534 3540 
74450 3558 3553 
74500 3540 3542 
74550 3551 3554 
74600 3545 3540 
74650 3559 3560 
74700 3547 3542 
74750 3540 3544 
74800 3550 3545 
74850 3553 3554 
74900 3538 3541 
74950 3550 3550 
75000 3557 3550 
75050 3553 3554 
75100 3538 3537 
75150 3539 3544 
75200 3550 3551 
75250 3559 3558 
75300 3561 3563 
75350 3564 3558 
75400 3555 3550 
75450 3554 3553 
75500 3537 3539 
75550 3545 3541 
75600 3556 3551 
75650 3551 3546 
75700 3555 3555 
75750 3542 3541 
75800 3559 3556 
75850 3544 3545 
75900 3548 3548 
75950 3537 3534 
76000 3555 3549 
76050 3539 3538 
76100 3552 3553 
76150 3535 3540 
76200 3546 3548 
76250 3547 3544 
76300 3562 3565 
76350 3543 3541 
76400 3554 3547 
76450 3551 3546 
76500 3554 3549 
76550 3560 3557 
76600 3543 3549 
76650 3554 3552 
76700 3552 3547 
76750 3558 3555 
76800 3541 3538 
76850 3537 3532 
76900 3554 3542 
76950 3563 3563 
77000 3543 3546 
77050 3540 3554 
77100 3552 3554 
77150 3548 3555 
77200 3552 3550 
77250 3561 3562 
77300 3553 3553 
77350 3556 3551 
77400 3548 3544 
77450 3547 3543 
77500 3537 3536 
77550 3550 3553 
77600 3551 3548 
77650 3550 3551 
77700 3542 3544 
77750 3554 3564 
77800 3556 3550 
77850 3558 3560 
77900 3548 3555 
77950 3533 3542 
78000 3549 3550 
78050 3553 3554 
78100 3545 3552 
78150 3552 3548 
78200 3538 3532 
78250 3551 3546 
78300 3541 3537 
78350 3555 3553 
78400 3540 3537 
78450 3540 3537 
78500 3552 3548 
78550 3554 3544 
78600 3551 3543 
78650 3543 3544 
78700 3546 3553 
78750 3557 3558 
78800 3561 3551 
78850 3555 3556 
78900 3549 3556 
78950 3547 3546 
79000 3552 3553 
79050 3543 3541 
79100 3555 3550 
79150 3552 3544 
79200 3560 3566 
79250 3564 3568 
79300 3567 3564 
79350 3557 3551 
79400 3548 3545 
79450 3561 3554 
79500 3552 3555 
79550 3558 3561 
79600 3548 3545 
79650 3558 3557 
79700 3541 3541 
79750 3554 3551 
79800 3565 3562 
79850 3537 3535 
79900 3554 3551 
79950 3567 3560 
80000 3547 3552 
80050 3545 3547 
80100 3529 3534 
80150 3551 3550 
80200 3563 3562 
80250 3551 3554 
80300 3533 3538 
80350 3561 3559 
80400 3560 3563 
80450 3550 3552 
80500 3541 3541 
80550 3534 3536 
80600 3566 3565 
80650 3544 3540 
80700 3552 3553 
80750 3549 3546 
80800 3546 3544 
80850 3531 3527 
80900 3560 3557 
80950 3546 3540 
81000 3538 3535 
81050 3542 3541 
81100 3569 3563 
81150 3556 3549 
81200 3557 3556 
81250 3547 3544 
81300 3547 3541 
81350 3540 3537 
81400 3550 3547 
81450 3565 3552 
81500 3543 3535 
81550 3552 3550 
81600 3568 3563 
81650 3550 3549 
81700 3548 3539 
81750 3554 3553 
81800 3540 3534 
81850 3557 3546 
81900 3555 3554 
81950 3563 3564 
82000 3539 3537 
82050 3562 3561 
82100 3544 3536 
82150 3545 3544 
82200 3547 3547 
82250 3559 3555 
82300 3549 3547 
82350 3550 3555 
82400 3556 3551 
82450 3537 3538 
82500 3549 3553 
82550 3547 3548 
82600 3560 3554 
82650 3557 3550 
82700 3543 3544 
82750 3546 3545 
82800 3537 3539 
82850 3546 3537 
82900 3548 3548 
82950 3533 3530 
83000 3541 3536 
83050 3553 3553 
83100 3565 3565 
83150 3552 3554 
83200 3564 3562 
83250 3557 3551 
83300 3540 3542 
83350 3552 3555 
83400 3535 3533 
83450 3548 3541 
83500 3522 3512 
83550 3536 3533 
83600 3546 3542 
83650 3562 3553 
83700 3544 3543 
83750 3552 3544 
83800 3552 3550 
83850 3555 3556 
83900 3541 3537 
83950 3550 3549 
84000 3550 3545 
84050 3534 3525 
84100 3534 3519 
84150 3553 3554 
84200 3550 3549 
84250 3553 3546 
84300 3553 3553 
84350 3538 3537 
84400 3548 3545 
84450 3558 3555 
84500 3538 3545 
84550 3541 3549 
84600 3539 3535 
84650 3544 3545 
84700 3561 3559 
84750 3544 3540 
84800 3552 3546 
84850 3544 3540 
84900 3535 3529 
84950 3561 3552 
85000 3546 3543 
85050 3550 3548 
85100 3541 3537 
85150 3548 3547 
85200 3534 3532 
85250 3543 3542 
85300 3545 3538 
85350 3545 3535 
85400 3566 3557 
85450 3563 3558 
85500 3560 3559 
85550 3563 3558 
85600 3538 3536 
85650 3551 3549 
85700 3552 3542 
85750 3551 3548 
85800 3571 3567 
85850 3544 3544 
85900 3551 3554 
85950 3547 3543 
86000 3549 3547 
86050 3556 3553 
86100 3548 3542 
86150 3559 3559 
86200 3547 3544 
86250 3542 3545 
86300 3552 3547 
86350 3561 3558 
86400 3538 3531 
86450 3547 3539 
86500 3539 3536 
86550 3556 3551 
86600 3552 3548 
86650 3543 3535 
86700 3552 3542 
86750 3535 3537 
86800 3555 3556 
86850 3538 3541 
86900 3546 3546 
86950 3549 3543 
87000 3545 3542 
87050 3551 3547 
87100 3557 3546 
87150 3550 3554 
87200 3547 3541 
87250 3536 3531 
87300 3537 3536 
87350 3554 3549 
87400 3553 3549 
87450 3546 3545 
87500 3539 3528 
87550 3538 3540 
87600 3554 3554 
87650 3557 3541 
87700 3540 3525 
87750 3544 3539 
87800 3574 3567 
87850 3541 3538 
87900 3559 3551 
87950 3551 3550 
88000 3546 3541 
88050 3537 3533 
88100 3559 3549 
88150 3556 3555 
88200 3542 3545 
88250 3538 3530 
88300 3542 3536 
88350 3564 3555 
88400 3559 3554 
88450 3553 3538 
88500 3542 3530 
88550 3542 3532 
88600 3547 3544 
88650 3556 3554 
88700 3546 3545 
88750 3559 3558 
88800 3551 3545 
88850 3559 3558 
88900 3559 3554 
88950 3555 3548 
89000 3559 3553 
89050 3562 3559 
89100 3545 3539 
89150 3551 3550 
89200 3559 3558 
89250 3541 3543 
89300 3562 3560 
89350 3545 3536 
89400 3564 3565 
89450 3538 3534 
89500 3540 3539 
89550 3552 3549 
89600 3550 3544 
89650 3539 3536 
89700 3540 3527 
89750 3545 3538 
89800 3550 3547 
89850 3551 3555 
89900 3556 3550 
89950 3547 3543 
90000 3542 3546 
90050 3535 3540 
90100 3549 3553 
90150 3542 3535 
90200 3542 3540 
90250 3560 3562 
90300 3563 3553 
90350 3555 3549 
90400 3544 3537 
90450 3554 3547 
90500 3548 3544 
90550 3558 3555 
90600 3544 3543 
90650 3543 3538 
90700 3547 3547 
90750 3553 3546 
90800 3552 3545 
90850 3534 3528 
90900 3543 3539 
90950 3535 3528 
91000 3555 3552 
91050 3541 3535 
91100 3554 3543 
91150 3548 3545 
91200 3548 3539 
91250 3554 3554 
91300 3565 3561 
91350 3551 3543 
91400 3544 3542 
91450 3538 3534 
91500 3537 3536 
91550 3549 3551 
91600 3554 3545 
91650 3547 3549 
91700 3532 3531 
91750 3538 3534 
91800 3553 3545 
91850 3561 3557 
91900 3547 3540 
91950 3547 3541 
92000 3547 3537 
92050 3536 3525 
92100 3531 3526 
92150 3544 3539 
92200 3537 3533 
92250 3555 3545 
92300 3551 3544 
92350 3558 3546 
92400 3532 3522 
92450 3559 3558 
92500 3555 3552 
92550 3551 3545 
92600 3544 3543 
92650 3560 3555 
92700 3545 3549 
92750 3551 3551 
92800 3560 3556 
92850 3542 3539 
92900 3549 3544 
92950 3540 3534 
93000 3551 3551 
93050 3549 3540 
93100 3549 3536 
93150 3552 3554 
93200 3550 3549 
93250 3559 3555 
93300 3562 3561 
93350 3541 3535 
93400 3546 3535 
93450 3528 3530 
93500 3540 3529 
93550 3543 3538 
93600 3524 3521 
93650 3560 3559 
93700 3550 3544 
93750 3536 3540 
93800 3560 3559 
93850 3557 3557 
93900 3536 3536 
93950 3545 3545 
94000 3550 3546 
94050 3537 3534 
94100 3549 3541 
94150 3569 3560 
94200 3562 3559 
94250 3562 3561 
94300 3564 3562 
94350 3562 3559 
94400 3560 3558 
94450 3541 3546 
94500 3538 3534 
94550 3544 3535 
94600 3541 3535 
94650 3544 3530 
94700 3558 3543 
94750 3550 3539 
94800 3552 3556 
94850 3570 3566 
94900 3532 3524 
94950 3551 3546 
95000 3554 3545 
95050 3549 3547 
95100 3545 3544 
95150 3552 3546 
95200 3546 3536 
95250 3551 3543 
95300 3550 3545 
95350 3541 3544 
95400 3532 3535 
95450 3546 3542 
95500 3574 3569 
95550 3548 3543 
95600 3553 3552 
95650 3551 3551 
95700 3555 3548 
95750 3550 3537 
95800 3543 3537 
95850 3549 3547 
95900 3541 3533 
95950 3538 3543 
96000 3546 3534 
96050 3543 3541 
96100 3554 3548 
96150 3530 3531 
96200 3563 3558 
96250 3540 3540 
96300 3559 3551 
96350 3564 3559 
96400 3557 3550 
96450 3553 3556 
96500 3544 3546 
96550 3565 3560 
96600 3542 3546 
96650 3545 3541 
96700 3531 3536 
96750 3549 3545 
96800 3540 3533 
96850 3558 3555 
96900 3549 3543 
96950 3553 3552 
97000 3545 3541 
97050 3539 3538 
97100 3541 3535 
97150 3551 3550 
97200 3573 3567 
97250 3563 3559 
97300 3543 3536 
97350 3558 3557 
97400 3541 3544 
97450 3546 3550 
97500 3552 3546 
97550 3560 3551 
97600 3536 3533 
97650 3531 3528 
97700 3547 3546 
97750 3547 3541 
97800 3542 3542 
97850 3555 3549 
97900 3532 3535 
97950 3544 3542 
98000 3548 3544 
98050 3553 3547 
98100 3550 3545 
98150 3559 3558 
98200 3553 3548 
98250 3548 3554 
98300 3546 3548 
98350 3557 3551 
98400 3546 3544 
98450 3551 3548 
98500 3549 3544 
98550 3560 3557 
98600 3563 3560 
98650 3553 3555 
98700 3559 3555 
98750 3553 3547 
98800 3553 3555 
98850 3540 3540 
98900 3543 3544 
98950 3554 3556 
99000 3548 3545 
99050 3566 3563 
99100 3556 3553 
99150 3550 3548 
99200 3558 3560 
99250 3548 3543 
99300 3548 3541 
99350 3540 3543 
99400 3549 3545 
99450 3545 3546 
99500 3551 3545 
99550 3553 3550 
99600 3556 3554 
99650 3551 3547 
99700 3559 3555 
99750 3535 3537 
99800 3543 3539 
99850 3550 3543 
99900 3550 3549 
99950 3545 3550 
100000 3550 3545 
100050 3557 3555 
100100 3556 3561 
100150 3555 3558 
100200 3544 3543 
100250 3547 3555 
100300 3547 3539 
100350 3562 3560 
100400 3560 3556 
100450 3532 3530 
100500 3543 3534 
100550 3540 3539 
100600 3554 3555 
100650 3549 3551 
100700 3551 3545 
100750 3539 3539 
100800 3537 3540 
100850 3549 3550 
100900 3545 3544 
100950 3553 3552 
101000 3533 3529 
101050 3544 3546 
101100 3558 3554 
101150 3560 3555 
101200 3537 3543 
101250 3568 3568 
101300 3551 3554 
101350 3549 3548 
101400 3559 3560 
101450 3557 3561 
101500 3546 3549 
101550 3543 3537 
101600 3556 3546 
101650 3533 3537 
101700 3549 3552 
101750 3541 3539 
101800 3539 3531 
101850 3552 3552 
101900 3554 3551 
101950 3557 3552 
102000 3556 3555 
102050 3546 3539 
102100 3557 3548 
102150 3535 3533 
102200 3563 3557 
102250 3556 3546 
102300 3551 3541 
102350 3548 3545 
102400 3562 3563 
102450 3560 3561 
102500 3546 3552 
102550 3553 3545 
102600 3569 3558 
102650 3548 3542 
102700 3539 3537 
102750 3534 3537 
102800 3560 3559 
102850 3550 3548 
102900 3550 3549 
102950 3534 3540 
103000 3543 3540 
103050 3552 3544 
103100 3548 3543 
103150 3560 3560 
103200 3550 3551 
103250 3538 3545 
103300 3550 3554 
103350 3548 3543 
103400 3557 3559 
103450 3548 3541 
103500 3559 3562 
103550 3544 3544 
103600 3544 3541 
103650 3544 3539 
103700 3539 3540 
103750 3546 3535 
103800 3561 3558 
103850 3532 3535 
103900 3548 3534 
103950 3563 3557 
104000 3555 3553 
104050 3551 3547 
104100 3562 3553 
104150 3553 3548 
104200 3558 3557 
104250 3547 3550 
104300 3552 3549 
104350 3553 3555 
104400 3547 3545 
104450 3553 3548 
104500 3549 3543 
104550 3559 3557 
104600 3540 3534 
104650 3563 3556 
104700 3551 3543 
104750 3554 3554 
104800 3555 3551 
104850 3555 3557 
104900 3551 3549 
104950 3534 3531 
105000 3549 3551 
105050 3541 3539 
105100 3555 3558 
105150 3556 3555 
105200 3543 3543 
105250 3542 3543 
105300 3547 3545 
105350 3561 3558 
105400 3548 3544 
105450 3544 3550 
105500 3555 3547 
105550 3540 3533 
105600 3553 3552 
105650 3550 3546 
105700 3555 3544 
105750 3547 3545 
105800 3544 3544 
105850 3540 3544 
105900 3533 3535 
105950 3549 3546 
106000 3554 3553 
106050 3554 3552 
106100 3554 3551 
106150 3561 3558 
106200 3551 3547 
106250 3544 3542 
106300 3553 3550 
106350 3554 3548 
106400 3558 3551 
106450 3560 3557 
106500 3552 3545 
106550 3542 3541 
106600 3554 3555 
106650 3560 3561 
106700 3556 3557 
106750 3548 3543 
106800 3559 3550 
106850 3551 3550 
106900 3552 3551 
106950 3550 3545 
107000 3544 3535 
107050 3561 3555 
107100 3548 3548 
107150 3559 3553 
107200 3548 3539 
107250 3559 3556 
107300 3547 3540 
107350 3538 3539 
107400 3536 3533 
107450 3559 3553 
107500 3557 3548 
107550 3560 3555 
107600 3543 3534 
107650 3547 3539 
107700 3546 3552 
107750 3550 3553 
107800 3558 3553 
107850 3546 3543 
107900 3547 3542 
107950 3552 3552 
108000 3551 3553 
108050 3550 3545 
108100 3541 3544 
108150 3545 3545 
108200 3564 3563 
108250 3550 3546 
108300 3549 3536 
108350 3547 3543 
108400 3542 3538 
108450 3533 3525 
108500 3548 3543 
108550 3572 3574 
108600 3537 3530 
108650 3538 3531 
108700 3555 3550 
108750 3546 3540 
108800 3550 3550 
108850 3548 3544 
108900 3545 3538 
108950 3552 3551 
109000 3542 3543 
109050 3551 3550 
109100 3565 3564 
109150 3557 3549 
109200 3561 3555 
109250 3556 3556 
109300 3538 3533 
109350 3545 3544 
109400 3556 3557 
109450 3548 3545 
109500 3568 3562 
109550 3537 3532 
109600 3547 3538 
109650 3529 3529 
109700 3540 3532 
109750 3559 3553 
109800 3562 3556 
109850 3538 3530 
109900 3558 3562 
109950 3542 3545 
110000 3550 3553 
110050 3551 3548 
110100 3545 3549 
110150 3544 3544 
110200 3553 3547 
110250 3549 3550 
110300 3545 3539 
110350 3559 3548 
110400 3557 3553 
110450 3545 3544 
110500 3536 3529 
110550 3545 3544 
110600 3559 3555 
110650 3554 3552 
110700 3549 3540 
110750 3534 3529 
110800 3558 3553 
110850 3555 3547 
110900 3539 3533 
110950 3539 3536 
111000 3548 3553 
111050 3563 3568 
111100 3543 3536 
111150 3547 3536 
111200 3542 3538 
111250 3547 3546 
111300 3541 3531 
111350 3550 3543 
111400 3555 3552 
111450 3545 3546 
111500 3542 3538 
111550 3529 3529 
111600 3550 3542 
111650 3535 3538 
111700 3541 3540 
111750 3540 3541 
111800 3536 3534 
111850 3561 3557 
111900 3554 3549 
111950 3561 3563 
112000 3545 3542 
112050 3551 3545 
112100 3550 3548 
112150 3549 3546 
112200 3544 3545 
112250 3540 3536 
112300 3566 3560 
112350 3552 3554 
112400 3548 3546 
112450 3542 3545 
112500 3541 3541 
112550 3552 3545 
112600 3553 3546 
112650 3542 3538 
112700 3552 3537 
112750 3552 3554 
112800 3540 3541 
112850 3550 3540 
112900 3556 3556 
112950 3545 3536 
113000 3548 3545 
113050 3556 3555 
113100 3557 3550 
113150 3551 3542 
113200 3558 3550 
113250 3565 3561 
113300 3553 3549 
113350 3551 3540 
113400 3546 3550 
113450 3547 3552 
113500 3551 3550 
113550 3550 3552 
113600 3559 3555 
113650 3545 3551 
113700 3555 3549 
113750 3542 3532 
113800 3551 3545 
113850 3549 3541 
113900 3555 3553 
113950 3543 3544 
114000 3553 3547 
114050 3556 3557 
114100 3538 3540 
114150 3556 3550 
114200 3551 3544 
114250 3548 3546 
114300 3545 3537 
114350 3545 3535 
114400 3546 3538 
114450 3546 3539 
114500 3565 3560 
114550 3558 3551 
114600 3558 3560 
114650 3545 3548 
114700 3545 3542 
114750 3548 3543 
114800 3532 3528 
114850 3546 3547 
114900 3560 3557 
114950 3545 3541 
115000 3534 3532 
115050 3560 3557 
115100 3549 3544 
115150 3547 3541 
115200 3545 3542 
115250 3555 3553 
115300 3553 3546 
115350 3555 3548 
115400 3549 3539 
115450 3564 3563 
115500 3534 3533 
115550 3558 3554 
115600 3558 3553 
115650 3539 3536 
115700 3556 3548 
115750 3551 3547 
115800 3550 3549 
115850 3561 3558 
115900 3550 3557 
115950 3556 3553 
116000 3547 3552 
116050 3554 3553 
116100 3559 3560 
116150 3551 3554 
116200 3562 3558 
116250 3564 3566 
116300 3555 3548 
116350 3552 3550 
116400 3542 3532 
116450 3539 3535 
116500 3564 3561 
116550 3538 3539 
116600 3547 3542 
116650 3546 3545 
116700 3562 3565 
116750 3556 3552 
116800 3545 3539 
116850 3548 3546 
116900 3549 3548 
116950 3540 3536 
117000 3550 3546 
117050 3560 3559 
117100 3553 3546 
117150 3542 3544 
117200 3547 3546 
117250 3561 3551 
117300 3548 3541 
117350 3565 3561 
117400 3550 3551 
117450 3560 3557 
117500 3548 3550 
117550 3555 3551 
117600 3554 3549 
117650 3554 3548 
117700 3549 3547 
117750 3552 3545 
117800 3547 3553 
117850 3537 3543 
117900 3543 3540 
117950 3553 3546 
118000 3547 3542 
118050 3558 3557 
118100 3538 3537 
118150 3536 3533 
118200 3555 3561 
118250 3543 3542 
118300 3561 3553 
118350 3545 3545 
118400 3537 3542 
118450 3561 3560 
118500 3534 3531 
118550 3548 3543 
118600 3561 3558 
118650 3545 3542 
118700 3559 3552 
118750 3543 3541 
118800 3554 3548 
118850 3555 3549 
118900 3536 3545 
118950 3544 3550 
119000 3558 3559 
119050 3551 3547 
119100 3546 3548 
119150 3552 3550 
119200 3551 3545 
119250 3529 3534 
119300 3540 3542 
119350 3535 3539 
119400 3545 3552 
119450 3538 3539 
119500 3547 3544 
119550 3540 3537 
119600 3556 3553 
119650 3554 3551 
119700 3552 3546 
119750 3551 3550 
119800 3552 3551 
119850 3557 3557 
119900 3551 3549 
119950 3550 3542 
120000 3560 3563 
120050 3546 3544 
120100 3551 3547 
120150 3544 3542 
120200 3548 3550 
120250 3538 3537 
120300 3543 3538 
120350 3543 3545 
120400 3549 3541 
120450 3562 3557 
120500 3540 3533 
120550 3562 3562 
120600 3545 3549 
120650 3550 3546 
120700 3554 3556 
120750 3550 3549 
120800 3544 3550 
120850 3544 3527 
120900 3555 3548 
120950 3558 3556 
121000 3530 3527 
121050 3548 3552 
121100 3554 3553 
121150 3546 3550 
121200 3567 3562 
121250 3554 3553 
121300 3552 3546 
121350 3560 3559 
121400 3548 3543 
121450 3536 3537 
121500 3543 3546 
121550 3551 3551 
121600 3556 3556 
121650 3547 3540 
121700 3552 3557 
121750 3545 3547 
121800 3547 3546 
121850 3552 3549 
121900 3550 3551 
121950 3550 3551 
122000 3544 3549 
122050 3543 3544 
122100 3559 3555 
122150 3548 3547 
122200 3565 3566 
122250 3564 3559 
122300 3555 3550 
122350 3545 3549 
122400 3539 3542 
122450 3561 3556 
122500 3542 3545 
122550 3539 3537 
122600 3545 3550 
122650 3539 3541 
122700 3533 3530 
122750 3536 3536 
122800 3534 3529 
122850 3557 3555 
122900 3566 3563 
122950 3546 3546 
123000 3545 3541 
123050 3562 3560 
123100 3558 3559 
123150 3552 3556 
123200 3558 3557 
123250 3536 3536 
123300 3558 3547 
123350 3558 3548 
123400 3549 3554 
123450 3549 3549 
123500 3546 3542 
123550 3557 3556 
123600 3551 3551 
123650 3529 3529 
123700 3556 3552 
123750 3555 3555 
123800 3537 3541 
123850 3538 3541 
123900 3554 3552 
123950 3546 3543 
124000 3551 3544 
124050 3545 3545 
124100 3546 3543 
124150 3553 3555 
124200 3543 3542 
124250 3559 3553 
124300 3540 3530 
124350 3555 3564 
124400 3540 3530 
124450 3544 3547 
124500 3548 3546 
124550 3541 3538 
124600 3548 3553 
124650 3556 3546 
124700 3550 3546 
124750 3563 3564 
124800 3536 3534 
124850 3546 3541 
124900 3538 3532 
124950 3562 3561 
125000 3540 3546 
125050 3552 3550 
125100 3550 3551 
125150 3553 3544 
125200 3557 3554 
125250 3548 3545 
125300 3541 3541 
125350 3551 3549 
125400 3537 3537 
125450 3546 3543 
125500 3543 3541 
125550 3547 3536 
125600 3553 3540 
125650 3543 3536 
125700 3535 3541 
125750 3555 3555 
125800 3543 3545 
125850 3566 3564 
125900 3558 3551 
125950 3549 3550 
126000 3544 3540 
126050 3551 3549 
126100 3556 3557 
126150 3544 3541 
126200 3557 3559 
126250 3560 3551 
126300 3550 3547 
126350 3548 3542 
126400 3556 3542 
126450 3541 3541 
126500 3559 3558 
126550 3549 3541 
126600 3551 3548 
126650 3549 3546 
126700 3549 3547 
126750 3558 3559 
126800 3555 3558 
126850 3562 3554 
126900 3561 3554 
126950 3551 3551 
127000 3548 3549 
127050 3538 3533 
127100 3547 3547 
127150 3544 3544 
127200 3561 3551 
127250 3553 3548 
127300 3545 3547 
127350 3565 3559 
127400 3546 3545 
127450 3537 3526 
127500 3543 3538 
127550 3555 3549 
127600 3555 3558 
127650 3569 3563 
127700 3554 3553 
127750 3535 3536 
127800 3548 3553 
127850 3562 3554 
127900 3537 3537 
127950 3544 3539 
128000 3553 3556 
128050 3550 3545 
128100 3540 3536 
128150 3558 3557 
128200 3544 3545 
128250 3543 3549 
128300 3561 3556 
128350 3552 3553 
128400 3543 3539 
128450 3558 3551 
128500 3552 3554 
128550 3540 3538 
128600 3542 3540 
128650 3540 3536 
128700 3535 3534 
128750 3533 3530 
128800 3567 3561 
128850 3550 3544 
128900 3548 3544 
128950 3537 3534 
129000 3543 3547 
129050 3542 3542 
129100 3544 3550 
129150 3554 3546 
129200 3552 3552 
129250 3529 3527 
129300 3562 3557 
129350 3555 3550 
129400 3563 3553 
129450 3555 3553 
129500 3559 3554 
129550 3553 3551 
129600 3544 3547 
129650 3556 3557 
129700 3553 3548 
129750 3553 3551 
129800 3551 3549 
129850 3560 3567 
129900 3533 3531 
129950 3550 3543 
130000 3556 3554 
130050 3567 3563 
130100 3556 3546 
130150 3551 3550 
130200 3546 3547 
130250 3541 3535 
130300 3548 3543 
130350 3549 3553 
130400 3541 3537 
130450 3551 3541 
130500 3561 3559 
130550 3539 3536 
130600 3539 3538 
130650 3551 3546 
130700 3551 3548 
130750 3533 3534 
130800 3550 3543 
130850 3551 3552 
130900 3555 3550 
130950 3554 3544 
131000 3556 3553 
131050 3546 3537 
131100 3565 3559 
131150 3556 3553 
131200 3547 3538 
131250 3530 3530 
131300 3558 3556 
131350 3549 3545 
131400 3565 3556 
131450 3541 3536 
131500 3557 3550 
131550 3544 3545 
131600 3544 3538 
131650 3546 3533 
131700 3551 3551 
131750 3549 3546 
131800 3544 3543 
131850 3560 3557 
131900 3545 3548 
131950 3554 3549 
132000 3563 3551 
132050 3561 3554 
132100 3556 3559 
132150 3543 3543 
132200 3541 3539 
132250 3559 3557 
132300 3546 3537 
132350 3561 3567 
132400 3551 3546 
132450 3556 3541 
132500 3547 3537 
132550 3558 3545 
132600 3541 3534 
132650 3546 3543 
132700 3552 3558 
132750 3535 3537 
132800 3546 3549 
132850 3541 3541 
132900 3542 3536 
132950 3550 3549 
133000 3551 3552 
133050 3550 3548 
133100 3549 3545 
133150 3544 3538 
133200 3549 3550 
133250 3558 3553 
133300 3548 3552 
133350 3534 3530 
133400 3555 3550 
133450 3546 3543 
133500 3534 3532 
133550 3541 3542 
133600 3554 3550 
133650 3553 3551 
133700 3538 3545 
133750 3552 3553 
133800 3563 3557 
133850 3556 3551 
133900 3560 3558 
133950 3557 3551 
134000 3536 3537 
134050 3526 3525 
134100 3554 3551 
134150 3542 3540 
134200 3554 3551 
134250 3559 3552 
134300 3553 3545 
134350 3570 3559 
134400 3541 3541 
134450 3554 3552 
134500 3543 3535 
134550 3551 3548 
134600 3552 3542 
134650 3556 3554 
134700 3552 3545 
134750 3546 3539 
134800 3548 3546 
134850 3555 3551 
134900 3548 3542 
134950 3549 3548 
135000 3542 3534 
135050 3561 3551 
135100 3563 3549 
135150 3547 3541 
135200 3529 3529 
135250 3550 3544 
135300 3548 3535 
135350 3543 3549 
135400 3564 3561 
135450 3559 3548 
135500 3553 3552 
135550 3566 3556 
135600 3537 3528 
135650 3560 3549 
135700 3562 3549 
135750 3537 3528 
135800 3538 3539 
135850 3528 3527 
135900 3545 3533 
135950 3549 3548 
136000 3550 3540 
136050 3548 3547 
136100 3553 3554 
136150 3557 3550 
136200 3557 3558 
136250 3541 3539 
136300 3540 3531 
136350 3551 3546 
136400 3554 3547 
136450 3548 3545 
136500 3548 3547 
136550 3544 3547 
136600 3559 3557 
136650 3551 3548 
136700 3544 3542 
136750 3543 3535 
136800 3553 3544 
136850 3569 3560 
136900 3550 3549 
136950 3545 3541 
137000 3545 3536 
137050 3557 3544 
137100 3542 3547 
137150 3543 3552 
137200 3569 3564 
137250 3555 3556 
137300 3536 3527 
137350 3553 3549 
137400 3549 3547 
137450 3563 3559 
137500 3549 3541 
137550 3554 3552 
137600 3551 3544 
137650 3551 3535 
137700 3558 3554 
137750 3541 3535 
137800 3560 3560 
137850 3550 3548 
137900 3553 3548 
137950 3567 3563 
138000 3544 3543 
138050 3559 3561 
138100 3551 3553 
138150 3545 3544 
138200 3546 3540 
138250 3559 3554 
138300 3556 3554 
138350 3541 3533 
138400 3536 3534 
138450 3557 3554 
138500 3550 3548 
138550 3552 3555 
138600 3538 3539 
138650 3541 3541 
138700 3551 3545 
138750 3557 3546 
138800 3551 3547 
138850 3551 3547 
138900 3552 3555 
138950 3534 3539 
139000 3569 3572 
139050 3543 3537 
139100 3546 3545 
139150 3550 3546 
139200 3539 3543 
139250 3554 3556 
139300 3561 3559 
139350 3540 3539 
139400 3545 3544 
139450 3545 3548 
139500 3546 3547 
139550 3538 3542 
139600 3547 3541 
139650 3559 3556 
139700 3549 3547 
139750 3572 3576 
139800 3557 3560 
139850 3540 3545 
139900 3542 3538 
139950 3558 3562 
140000 3551 3550 
140050 3549 3548 
140100 3561 3560 
140150 3540 3539 
140200 3544 3546 
140250 3554 3553 
140300 3553 3551 
140350 3565 3562 
140400 3563 3555 
140450 3556 3549 
140500 3555 3550 
140550 3535 3536 
140600 3562 3560 
140650 3538 3542 
140700 3556 3552 
140750 3556 3545 
140800 3554 3549 
140850 3555 3547 
140900 3556 3548 
140950 3545 3542 
141000 3560 3551 
141050 3548 3545 
141100 3548 3544 
141150 3544 3540 
141200 3567 3561 
141250 3554 3553 
141300 3546 3548 
141350 3550 3540 
141400 3542 3545 
141450 3543 3544 
141500 3552 3552 
141550 3542 3543 
141600 3551 3548 
141650 3555 3558 
141700 3545 3543 
141750 3544 3543 
141800 3552 3549 
141850 3554 3549 
141900 3548 3544 
141950 3544 3539 
142000 3544 3552 
142050 3548 3541 
142100 3556 3551 
142150 3561 3558 
142200 3559 3550 
142250 3554 3556 
142300 3548 3552 
142350 3545 3546 
142400 3538 3527 
142450 3557 3552 
142500 3549 3551 
142550 3554 3556 
142600 3552 3547 
142650 3552 3561 
142700 3560 3558 
142750 3556 3548 
142800 3549 3544 
142850 3557 3551 
142900 3546 3551 
142950 3544 3543 
143000 3564 3562 
143050 3559 3557 
143100 3548 3553 
143150 3540 3526 
143200 3548 3543 
143250 3549 3549 
143300 3552 3551 
143350 3557 3555 
143400 3563 3553 
143450 3544 3545 
143500 3538 3538 
143550 3552 3552 
143600 3558 3558 
143650 3540 3535 
143700 3552 3545 
143750 3554 3550 
143800 3551 3548 
143850 3557 3552 
143900 3555 3556 
143950 3570 3571 
144000 3542 3539 
144050 3541 3541 
144100 3541 3538 
144150 3538 3530 
144200 3528 3533 
144250 3551 3550 
144300 3545 3546 
144350 3556 3557 
144400 3553 3553 
144450 3559 3555 
144500 3531 3529 
144550 3543 3539 
144600 3557 3562 
144650 3543 3535 
144700 3565 3556 
144750 3553 3548 
144800 3550 3549 
144850 3551 3542 
144900 3548 3547 
144950 3542 3536 
145000 3529 3533 
145050 3548 3553 
145100 3545 3544 
145150 3536 3535 
145200 3552 3550 
145250 3543 3543 
145300 3555 3558 
145350 3559 3560 
145400 3556 3554 
145450 3555 3552 
145500 3541 3534 
145550 3547 3548 
145600 3542 3547 
145650 3548 3545 
145700 3555 3541 
145750 3557 3553 
145800 3540 3539 
145850 3540 3542 
145900 3560 3558 
145950 3555 3563 
146000 3556 3552 
146050 3548 3544 
146100 3537 3534 
146150 3548 3540 
146200 3559 3553 
146250 3545 3543 
146300 3551 3545 
146350 3555 3553 
146400 3557 3554 
146450 3549 3549 
146500 3548 3543 
146550 3548 3557 
146600 3562 3558 
146650 3546 3546 
146700 3543 3543 
146750 3551 3547 
146800 3536 3535 
146850 3555 3548 
146900 3544 3544 
146950 3541 3545 
147000 3562 3560 
147050 3545 3546 
147100 3537 3547 
147150 3544 3547 
147200 3545 3546 
147250 3542 3536 
147300 3552 3550 
147350 3544 3541 
147400 3556 3553 
147450 3544 3545 
147500 3557 3558 
147550 3545 3544 
147600 3536 3538 
147650 3559 3553 
147700 3561 3559 
147750 3550 3551 
147800 3538 3536 
147850 3558 3558 
147900 3539 3545 
147950 3561 3554 
148000 3565 3564 
148050 3553 3552 
148100 3548 3552 
148150 3550 3551 
148200 3546 3539 
148250 3558 3559 
148300 3553 3558 
148350 3542 3539 
148400 3544 3543 
148450 3554 3556 
148500 3549 3544 
148550 3560 3559 
148600 3542 3541 
148650 3546 3545 
148700 3536 3548 
148750 3551 3547 
148800 3553 3553 
148850 3554 3541 
148900 3546 3545 
148950 3541 3538 
149000 3549 3544 
149050 3554 3548 
149100 3541 3549 
149150 3548 3546 
149200 3544 3538 
149250 3548 3547 
149300 3569 3571 
149350 3558 3561 
149400 3555 3555 
149450 3552 3543 
149500 3563 3561 
149550 3539 3543 
149600 3548 3552 
149650 3552 3546 
149700 3553 3555 
149750 3552 3551 
149800 3570 3567 
149850 3554 3552 
149900 3550 3549 
149950 3553 3554 
150000 3551 3560 
150050 3542 3544 
150100 3555 3555 
150150 3556 3557 
150200 3533 3530 
150250 3534 3530 
150300 3550 3544 
150350 3552 3552 
150400 3555 3552 
150450 3558 3560 
150500 3548 3546 
150550 3539 3540 
150600 3540 3544 
150650 3558 3558 
150700 3554 3558 
150750 3558 3561 
150800 3544 3542 
150850 3553 3551 
150900 3551 3542 
150950 3540 3541 
151000 3544 3539 
151050 3556 3557 
151100 3540 3547 
151150 3538 3536 
151200 3547 3549 
151250 3546 3548 
151300 3546 3541 
151350 3556 3550 
151400 3544 3544 
151450 3548 3549 
151500 3562 3548 
151550 3540 3541 
151600 3553 3548 
151650 3548 3547 
151700 3546 3548 
151750 3542 3540 
151800 3544 3531 
151850 3561 3555 
151900 3555 3550 
151950 3533 3530 
152000 3538 3541 
152050 3561 3557 
152100 3554 3560 
152150 3551 3553 
152200 3543 3547 
152250 3543 3545 
152300 3549 3547 
152350 3556 3554 
152400 3547 3544 
152450 3564 3562 
152500 3552 3549 
152550 3559 3562 
152600 3529 3536 
152650 3553 3549 
152700 3562 3563 
152750 3556 3551 
152800 3545 3548 
152850 3544 3546 
152900 3543 3538 
152950 3546 3545 
153000 3544 3533 
153050 3563 3567 
153100 3548 3547 
153150 3543 3536 
153200 3549 3544 
153250 3541 3545 
153300 3553 3557 
153350 3543 3541 
153400 3554 3555 
153450 3558 3555 
153500 3541 3546 
153550 3544 3552 
153600 3560 3550 
153650 3530 3523 
153700 3543 3544 
153750 3549 3556 
153800 3551 3555 
153850 3544 3544 
153900 3545 3537 
153950 3547 3542 
154000 3546 3547 
154050 3539 3547 
154100 3550 3550 
154150 3543 3541 
154200 3542 3551 
154250 3543 3545 
154300 3559 3557 
154350 3533 3537 
154400 3554 3550 
154450 3557 3554 
154500 3545 3541 
154550 3556 3548 
154600 3554 3544 
154650 3556 3557 
154700 3547 3540 
154750 3551 3554 
154800 3544 3547 
154850 3545 3543 
154900 3546 3548 
154950 3554 3551 
155000 3533 3531 
155050 3553 3554 
155100 3561 3561 
155150 3558 3556 
155200 3542 3552 
155250 3552 3551 
155300 3552 3545 
155350 3554 3549 
155400 3532 3532 
155450 3556 3554 
155500 3544 3542 
155550 3544 3544 
155600 3548 3543 
155650 3555 3550 
155700 3548 3552 
155750 3560 3558 
155800 3550 3553 
155850 3555 3554 
155900 3545 3542 
155950 3559 3553 
156000 3551 3551 
156050 3538 3533 
156100 3562 3557 
156150 3550 3552 
156200 3553 3550 
156250 3549 3543 
156300 3561 3556 
156350 3550 3554 
156400 3557 3555 
156450 3540 3547 
156500 3539 3535 
156550 3543 3539 
156600 3560 3559 
156650 3552 3554 
156700 3545 3540 
156750 3548 3549 
156800 3556 3556 
156850 3556 3554 
156900 3547 3547 
156950 3524 3527 
157000 3548 3550 
157050 3551 3550 
157100 3527 3536 
157150 3537 3546 
157200 3550 3551 
157250 3545 3542 
157300 3540 3530 
157350 3550 3554 
157400 3555 3560 
157450 3542 3539 
157500 3547 3548 
157550 3561 3566 
157600 3553 3553 
157650 3552 3552 
157700 3549 3543 
157750 3534 3535 
157800 3538 3543 
157850 3545 3546 
157900 3561 3560 
157950 3545 3547 
158000 3537 3546 
158050 3541 3544 
158100 3544 3547 
158150 3549 3550 
158200 3556 3562 
158250 3545 3551 
158300 3549 3555 
158350 3545 3544 
158400 3551 3554 
158450 3562 3554 
158500 3553 3554 
158550 3557 3556 
158600 3554 3554 
158650 3549 3546 
158700 3540 3538 
158750 3543 3543 
158800 3556 3560 
158850 3529 3528 
158900 3543 3549 
158950 3545 3551 
159000 3557 3554 
159050 3550 3548 
159100 3554 3552 
159150 3543 3539 
159200 3549 3545 
159250 3547 3547 
159300 3548 3543 
159350 3552 3545 
159400 3550 3552 
159450 3555 3559 
159500 3554 3557 
159550 3546 3550 
159600 3552 3543 
159650 3537 3538 
159700 3529 3530 
159750 3546 3546 
159800 3553 3545 
159850 3551 3548 
159900 3563 3553 
159950 3558 3558 
160000 3560 3555 
160050 3561 3553 
160100 3550 3550 
160150 3544 3551 
160200 3547 3553 
160250 3548 3537 
160300 3557 3559 
160350 3546 3542 
160400 3557 3561 
160450 3542 3544 
160500 3557 3559 
160550 3548 3549 
160600 3551 3552 
160650 3544 3542 
160700 3551 3550 
160750 3558 3559 
160800 3551 3544 
160850 3543 3547 
160900 3553 3553 
160950 3560 3564 
161000 3544 3544 
161050 3561 3553 
161100 3560 3548 
161150 3546 3542 
161200 3538 3530 
161250 3549 3547 
161300 3545 3549 
161350 3554 3554 
161400 3576 3577 
161450 3552 3546 
161500 3560 3563 
161550 3531 3530 
161600 3565 3560 
161650 3542 3537 
161700 3549 3549 
161750 3552 3552 
161800 3564 3559 
161850 3567 3565 
161900 3546 3543 
161950 3561 3556 
162000 3560 3555 
162050 3559 3555 
162100 3530 3532 
162150 3545 3545 
162200 3549 3554 
162250 3546 3544 
162300 3561 3560 
162350 3561 3557 
162400 3547 3553 
162450 3560 3560 
162500 3555 3548 
162550 3546 3546 
162600 3548 3545 
162650 3559 3553 
162700 3546 3547 
162750 3554 3558 
162800 3553 3551 
162850 3555 3550 
162900 3549 3551 
162950 3548 3545 
163000 3552 3549 
163050 3552 3553 
163100 3552 3554 
163150 3558 3556 
163200 3532 3528 
163250 3539 3540 
163300 3554 3547 
163350 3542 3538 
163400 3543 3539 
163450 3553 3558 
163500 3544 3541 
163550 3548 3541 
163600 3558 3549 
163650 3549 3547 
163700 3561 3562 
163750 3562 3554 
163800 3556 3553 
163850 3552 3550 
163900 3547 3549 
163950 3537 3533 
164000 3565 3558 
164050 3548 3550 
164100 3555 3543 
164150 3561 3567 
164200 3559 3556 
164250 3552 3546 
164300 3554 3548 
164350 3562 3560 
164400 3555 3551 
164450 3545 3543 
164500 3555 3554 
164550 3554 3557 
164600 3550 3543 
164650 3554 3547 
164700 3532 3525 
164750 3565 3557 
164800 3556 3548 
164850 3552 3550 
164900 3562 3561 
164950 3545 3544 
165000 3550 3548 
165050 3554 3547 
165100 3550 3540 
165150 3554 3554 
165200 3531 3528 
165250 3552 3545 
165300 3553 3555 
165350 3559 3560 
165400 3547 3548 
165450 3549 3548 
165500 3558 3558 
165550 3561 3560 
165600 3551 3548 
165650 3554 3556 
165700 3546 3541 
165750 3554 3556 
165800 3551 3553 
165850 3548 3554 
165900 3555 3550 
165950 3541 3533 
166000 3553 3560 
166050 3551 3552 
166100 3555 3555 
166150 3556 3555 
166200 3530 3534 
166250 3544 3542 
166300 3552 3548 
166350 3552 3551 
166400 3540 3540 
166450 3540 3537 
166500 3556 3547 
166550 3550 3545 
166600 3553 3552 
166650 3553 3547 
166700 3560 3555 
166750 3542 3541 
166800 3549 3541 
166850 3538 3537 
166900 3568 3565 
166950 3552 3555 
167000 3539 3537 
167050 3563 3556 
167100 3541 3538 
167150 3565 3559 
167200 3564 3565 
167250 3554 3547 
167300 3556 3552 
167350 3563 3561 
167400 3554 3554 
167450 3563 3564 
167500 3539 3537 
167550 3544 3552 
167600 3548 3546 
167650 3534 3538 
167700 3550 3547 
167750 3554 3554 
167800 3568 3563 
167850 3566 3562 
167900 3554 3551 
167950 3547 3545 
168000 3552 3557 
168050 3556 3551 
168100 3546 3540 
168150 3564 3563 
168200 3548 3540 
168250 3565 3554 
168300 3554 3556 
168350 3553 3542 
168400 3571 3573 
168450 3552 3552 
168500 3560 3557 
168550 3539 3538 
168600 3555 3550 
168650 3550 3551 
168700 3542 3548 
168750 3553 3551 
168800 3535 3532 
168850 3545 3545 
168900 3554 3551 
168950 3550 3542 
169000 3561 3562 
169050 3561 3557 
169100 3551 3545 
169150 3540 3545 
169200 3533 3535 
169250 3545 3546 
169300 3548 3544 
169350 3556 3553 
169400 3546 3547 
169450 3548 3548 
169500 3545 3543 
169550 3560 3558 
169600 3549 3546 
169650 3542 3541 
169700 3533 3539 
169750 3539 3545 
169800 3557 3554 
169850 3558 3553 
169900 3544 3547 
169950 3564 3567 
170000 3556 3560 
170050 3553 3556 
170100 3547 3540 
170150 3556 3558 
170200 3553 3553 
170250 3546 3550 
170300 3535 3539 
170350 3541 3545 
170400 3558 3554 
170450 3544 3547 
170500 3540 3542 
170550 3545 3549 
170600 3553 3552 
170650 3557 3554 
170700 3557 3561 
170750 3555 3553 
170800 3542 3541 
170850 3549 3547 
170900 3557 3557 
170950 3559 3550 
171000 3555 3548 
171050 3566 3565 
171100 3555 3565 
171150 3561 3557 
171200 3549 3548 
171250 3545 3547 
171300 3551 3550 
171350 3559 3558 
171400 3572 3571 
171450 3557 3556 
171500 3544 3546 
171550 3550 3548 
171600 3549 3552 
171650 3552 3546 
171700 3554 3550 
171750 3534 3536 
171800 3561 3559 
171850 3556 3556 
171900 3554 3551 
171950 3547 3542 
172000 3553 3549 
172050 3552 3552 
172100 3549 3545 
172150 3565 3560 
172200 3540 3539 
172250 3559 3556 
172300 3569 3567 
172350 3568 3568 
172400 3551 3551 
172450 3537 3536 
172500 3545 3546 
172550 3558 3558 
172600 3553 3556 
172650 3554 3546 
172700 3556 3554 
172750 3562 3567 
172800 3566 3563 
172850 3549 3539 
172900 3542 3540 
172950 3554 3557 
173000 3566 3568 
173050 3551 3550 
173100 3562 3556 
173150 3555 3556 
173200 3568 3567 
173250 3542 3538 
173300 3542 3550 
173350 3547 3546 
173400 3545 3539 
173450 3556 3555 
173500 3550 3550 
173550 3561 3559 
173600 3551 3555 
173650 3544 3548 
173700 3564 3565 
173750 3551 3545 
173800 3559 3555 
173850 3541 3532 
173900 3557 3556 
173950 3562 3564 
174000 3552 3549 
174050 3557 3560 
174100 3554 3554 
174150 3546 3553 
174200 3559 3560 
174250 3546 3551 
174300 3550 3540 
174350 3557 3556 
174400 3559 3558 
174450 3549 3544 
174500 3550 3546 
174550 3543 3541 
174600 3548 3552 
174650 3538 3543 
174700 3557 3558 
174750 3550 3546 
174800 3555 3551 
174850 3557 3556 
174900 3558 3557 
174950 3563 3557 
175000 3538 3533 
175050 3546 3544 
175100 3550 3545 
175150 3544 3549 
175200 3549 3549 
175250 3561 3566 
175300 3553 3553 
175350 3564 3552 
175400 3558 3559 
175450 3556 3550 
175500 3559 3558 
175550 3567 3563 
175600 3547 3542 
175650 3561 3566 
175700 3548 3543 
175750 3553 3549 
175800 3554 3556 
175850 3542 3545 
175900 3542 3537 
175950 3556 3555 
176000 3557 3555 
176050 3559 3556 
176100 3552 3552 
176150 3559 3556 
176200 3552 3549 
176250 3544 3545 
176300 3555 3556 
176350 3556 3553 
176400 3561 3559 
176450 3553 3551 
176500 3557 3556 
176550 3554 3560 
176600 3549 3549 
176650 3570 3570 
176700 3554 3553 
176750 3548 3541 
176800 3557 3557 
176850 3559 3560 
176900 3562 3566 
176950 3556 3553 
177000 3556 3555 
177050 3559 3557 
177100 3557 3551 
177150 3570 3570 
177200 3549 3550 
177250 3551 3550 
177300 3534 3533 
177350 3549 3538 
177400 3524 3523 
177450 3563 3559 
177500 3545 3542 
177550 3548 3541 
177600 3551 3554 
177650 3548 3545 
177700 3556 3544 
177750 3560 3547 
177800 3563 3561 
177850 3557 3551 
177900 3554 3546 
177950 3562 3557 
178000 3532 3535 
178050 3556 3555 
178100 3555 3548 
178150 3567 3563 
178200 3554 3550 
178250 3553 3550 
178300 3531 3538 
178350 3563 3559 
178400 3556 3554 
178450 3556 3551 
178500 3549 3553 
178550 3535 3544 
178600 3566 3570 
178650 3553 3553 
178700 3569 3566 
178750 3544 3542 
178800 3547 3544 
178850 3556 3555 
178900 3554 3548 
178950 3564 3554 
179000 3564 3561 
179050 3556 3554 
179100 3554 3553 
179150 3552 3553 
179200 3548 3542 
179250 3548 3543 
179300 3545 3547 
179350 3543 3541 
179400 3551 3557 
179450 3547 3549 
179500 3548 3545 
179550 3558 3552 
179600 3552 3548 
179650 3530 3525 
179700 3541 3542 
179750 3546 3546 
179800 3550 3556 
179850 3554 3553 
179900 3562 3558 
179950 3562 3556 
180000 3550 3548 
180050 3568 3566 
180100 3560 3557 
180150 3553 3554 
180200 3558 3555 
180250 3564 3560 
180300 3561 3561 
180350 3533 3536 
180400 3554 3553 
180450 3560 3554 
180500 3546 3541 
180550 3548 3544 
180600 3551 3546 
180650 3564 3561 
180700 3545 3545 
180750 3552 3550 
180800 3559 3557 
180850 3537 3530 
180900 3554 3553 
180950 3556 3552 
181000 3565 3566 
181050 3537 3542 
181100 3539 3537 
181150 3552 3550 
181200 3553 3552 
181250 3559 3562 
181300 3550 3550 
181350 3552 3544 
181400 3559 3559 
181450 3561 3563 
181500 3563 3563 
181550 3557 3552 
181600 3547 3545 
181650 3566 3566 
181700 3547 3550 
181750 3540 3535 
181800 3558 3558 
181850 3561 3565 
181900 3536 3537 
181950 3552 3551 
182000 3555 3552 
182050 3536 3538 
182100 3554 3555 
182150 3568 3561 
182200 3545 3539 
182250 3543 3546 
182300 3535 3536 
182350 3557 3558 
182400 3556 3557 
182450 3554 3558 
182500 3543 3541 
182550 3549 3550 
182600 3549 3546 
182650 3562 3556 
182700 3550 3553 
182750 3554 3555 
182800 3559 3554 
182850 3556 3558 
182900 3552 3552 
182950 3558 3557 
183000 3552 3557 
183050 3555 3552 
183100 3547 3547 
183150 3542 3538 
183200 3549 3548 
183250 3549 3551 
183300 3552 3551 
183350 3560 3557 
183400 3556 3552 
183450 3548 3547 
183500 3550 3546 
183550 3560 3558 
183600 3550 3544 
183650 3550 3547 
183700 3557 3554 
183750 3549 3547 
183800 3565 3561 
183850 3559 3554 
183900 3549 3544 
183950 3549 3548 
184000 3546 3547 
184050 3551 3547 
184100 3554 3543 
184150 3566 3559 
184200 3552 3552 
184250 3542 3541 
184300 3550 3550 
184350 3548 3547 
184400 3542 3537 
184450 3545 3539 
184500 3545 3547 
184550 3548 3549 
184600 3559 3558 
184650 3556 3553 
184700 3550 3548 
184750 3556 3556 
184800 3531 3534 
184850 3560 3556 
184900 3539 3532 
184950 3558 3554 
185000 3550 3556 
185050 3562 3565 
185100 3548 3554 
185150 3568 3571 
185200 3556 3553 
185250 3549 3552 
185300 3550 3550 
185350 3553 3557 
185400 3549 3547 
185450 3550 3547 
185500 3541 3540 
185550 3557 3563 
185600 3550 3545 
185650 3541 3528 
185700 3542 3541 
185750 3560 3559 
185800 3558 3553 
185850 3556 3556 
185900 3545 3549 
185950 3554 3550 
186000 3551 3550 
186050 3549 3545 
186100 3537 3534 
186150 3541 3539 
186200 3548 3547 
186250 3543 3540 
186300 3567 3566 
186350 3553 3552 
186400 3553 3552 
186450 3531 3532 
186500 3546 3548 
186550 3559 3554 
186600 3549 3545 
186650 3541 3544 
186700 3565 3565 
186750 3555 3549 
186800 3551 3553 
186850 3567 3566 
186900 3542 3536 
186950 3550 3542 
187000 3537 3539 
187050 3543 3545 
187100 3550 3553 
187150 3544 3540 
187200 3546 3548 
187250 3530 3524 
187300 3548 3551 
187350 3562 3563 
187400 3564 3564 
187450 3546 3550 
187500 3553 3554 
187550 3558 3561 
187600 3555 3554 
187650 3549 3542 
187700 3555 3552 
187750 3529 3528 
187800 3543 3546 
187850 3543 3548 
187900 3561 3559 
187950 3548 3544 
188000 3558 3559 
188050 3561 3559 
188100 3545 3546 
188150 3546 3539 
188200 3556 3546 
188250 3564 3561 
188300 3566 3557 
188350 3540 3541 
188400 3551 3549 
188450 3558 3560 
188500 3551 3550 
188550 3550 3546 
188600 3563 3555 
188650 3556 3550 
188700 3538 3535 
188750 3524 3532 
188800 3550 3555 
188850 3565 3562 
188900 3557 3562 
188950 3561 3559 
189000 3554 3556 
189050 3556 3551 
189100 3550 3549 
189150 3537 3535 
189200 3566 3570 
189250 3548 3544 
189300 3554 3555 
189350 3558 3562 
189400 3558 3554 
189450 3560 3558 
189500 3537 3544 
189550 3550 3549 
189600 3552 3551 
189650 3544 3541 
189700 3555 3552 
189750 3562 3562 
189800 3561 3558 
189850 3554 3553 
189900 3550 3545 
189950 3541 3542 
190000 3546 3554 
190050 3550 3546 
190100 3548 3553 
190150 3551 3550 
190200 3543 3546 
190250 3540 3541 
190300 3543 3539 
190350 3544 3547 
190400 3534 3538 
190450 3551 3556 
190500 3543 3550 
190550 3558 3553 
190600 3553 3552 
190650 3546 3548 
190700 3548 3545 
190750 3568 3562 
190800 3549 3544 
190850 3543 3545 
190900 3552 3553 
190950 3541 3541 
191000 3541 3543 
191050 3549 3547 
191100 3562 3558 
191150 3538 3540 
191200 3562 3569 
191250 3554 3550 
191300 3550 3552 
191350 3557 3549 
191400 3550 3546 
191450 3553 3548 
191500 3558 3551 
191550 3539 3539 
191600 3551 3542 
191650 3568 3568 
191700 3554 3545 
191750 3542 3536 
191800 3564 3558 
191850 3565 3560 
191900 3533 3535 
191950 3552 3552 
192000 3555 3555 
192050 3550 3550 
192100 3555 3560 
192150 3556 3560 
192200 3556 3557 
192250 3547 3551 
192300 3541 3544 
192350 3557 3549 
192400 3558 3555 
192450 3551 3545 
192500 3568 3565 
192550 3558 3552 
192600 3553 3552 
192650 3545 3539 
192700 3553 3550 
192750 3542 3546 
192800 3556 3560 
192850 3540 3543 
192900 3549 3554 
192950 3553 3550 
193000 3552 3554 
193050 3565 3558 
193100 3532 3534 
193150 3542 3541 
193200 3546 3549 
193250 3541 3539 
193300 3557 3557 
193350 3564 3560 
193400 3554 3556 
193450 3550 3548 
193500 3549 3549 
193550 3567 3568 
193600 3550 3552 
193650 3527 3528 
193700 3543 3538 
193750 3565 3556 
193800 3548 3547 
193850 3576 3574 
193900 3571 3568 
193950 3541 3546 
194000 3562 3560 
194050 3565 3560 
194100 3555 3545 
194150 3541 3535 
194200 3555 3556 
194250 3553 3551 
194300 3553 3549 
194350 3550 3544 
194400 3547 3549 
194450 3557 3553 
194500 3559 3556 
194550 3543 3548 
194600 3558 3556 
194650 3556 3548 
194700 3561 3558 
194750 3551 3546 
194800 3555 3551 
194850 3550 3552 
194900 3546 3546 
194950 3539 3535 
195000 3556 3560 
195050 3561 3562 
195100 3559 3554 
195150 3550 3551 
195200 3546 3542 
195250 3555 3552 
195300 3552 3557 
195350 3550 3551 
195400 3543 3549 
195450 3552 3547 
195500 3544 3544 
195550 3559 3559 
195600 3558 3561 
195650 3553 3554 
195700 3555 3550 
195750 3540 3542 
195800 3557 3560 
195850 3547 3546 
195900 3559 3559 
195950 3547 3545 
196000 3563 3559 
196050 3559 3561 
196100 3539 3541 
196150 3556 3566 
196200 3550 3551 
196250 3556 3547 
196300 3549 3553 
196350 3564 3557 
196400 3561 3556 
196450 3560 3560 
196500 3556 3553 
196550 3545 3547 
196600 3552 3555 
196650 3547 3545 
196700 3538 3540 
196750 3547 3545 
196800 3556 3548 
196850 3567 3560 
196900 3549 3543 
196950 3544 3547 
197000 3551 3549 
197050 3563 3565 
197100 3549 3552 
197150 3562 3564 
197200 3556 3554 
197250 3555 3551 
197300 3561 3560 
197350 3561 3559 
197400 3548 3550 
197450 3546 3547 
197500 3552 3556 
197550 3538 3542 
197600 3552 3554 
197650 3556 3550 
197700 3547 3544 
197750 3551 3550 
197800 3550 3550 
197850 3546 3546 
197900 3548 3552 
197950 3562 3559 
198000 3566 3570 
198050 3537 3534 
198100 3553 3558 
198150 3550 3553 
198200 3537 3537 
198250 3553 3548 
198300 3549 3548 
198350 3553 3552 
198400 3537 3540 
198450 3549 3546 
198500 3543 3545 
198550 3568 3565 
198600 3554 3553 
198650 3549 3546 
198700 3561 3559 
198750 3545 3545 
198800 3540 3537 
198850 3559 3555 
198900 3549 3551 
198950 3549 3543 
199000 3536 3542 
199050 3561 3564 
199100 3541 3542 
199150 3540 3543 
199200 3570 3565 
199250 3560 3559 
199300 3552 3551 
199350 3562 3560 
199400 3553 3549 
199450 3553 3553 
199500 3542 3541 
199550 3555 3555 
199600 3542 3537 
199650 3566 3560 
199700 3547 3543 
199750 3567 3563 
199800 3543 3541 
199850 3560 3554 
199900 3554 3548 
199950 3563 3560 
200000 3547 3548 
