# Avida tasks data
# Sat Apr  7 12:31:57 2012
# First column gives the current update, next columns give the number
# of organisms that have the particular task as a component of their merit
#  1: Update
#  2: Xor
#  3: Equals

0 0 0 
50 7 7 
100 19 19 
150 59 59 
200 163 162 
250 326 326 
300 513 514 
350 791 791 
400 1132 1129 
450 1497 1496 
500 1910 1906 
550 2416 2421 
600 2962 2964 
650 3342 3340 
700 3514 3512 
750 3537 3542 
800 3537 3530 
850 3541 3540 
900 3539 3535 
950 3538 3537 
1000 3544 3541 
1050 3194 2790 
1100 3353 2300 
1150 3350 1758 
1200 3360 1381 
1250 3405 1097 
1300 3404 883 
1350 3431 714 
1400 3466 545 
1450 3459 376 
1500 3479 228 
1550 3502 125 
1600 3502 61 
1650 3500 32 
1700 3534 11 
1750 3543 3 
1800 3549 2 
1850 3548 0 
1900 3542 0 
1950 3551 0 
2000 3568 0 
2050 3556 0 
2100 3548 0 
2150 3552 0 
2200 3538 0 
2250 3562 0 
2300 3540 0 
2350 3550 0 
2400 3545 0 
2450 3550 0 
2500 3549 0 
2550 3547 0 
2600 3557 0 
2650 3558 0 
2700 3559 0 
2750 3545 0 
2800 3549 0 
2850 3545 0 
2900 3547 0 
2950 3539 0 
3000 3556 0 
3050 3551 0 
3100 3538 1 
3150 3535 1 
3200 3544 0 
3250 3549 0 
3300 3556 0 
3350 3559 0 
3400 3566 0 
3450 3549 0 
3500 3556 0 
3550 3550 0 
3600 3541 0 
3650 3539 0 
3700 3540 0 
3750 3541 0 
3800 3539 0 
3850 3544 0 
3900 3538 0 
3950 3558 0 
4000 3553 0 
4050 3547 0 
4100 3546 0 
4150 3556 0 
4200 3554 0 
4250 3546 0 
4300 3542 0 
4350 3561 0 
4400 3542 0 
4450 3549 0 
4500 3557 0 
4550 3561 0 
4600 3549 361 
4650 3548 909 
4700 3548 1408 
4750 3545 1836 
4800 3544 2206 
4850 3538 2482 
4900 3537 2731 
4950 3542 2938 
5000 3540 3091 
5050 3331 2368 
5100 3391 1629 
5150 3448 1074 
5200 3470 668 
5250 3514 394 
5300 3533 242 
5350 3549 133 
5400 3544 47 
5450 3540 14 
5500 3542 2 
5550 3516 1 
5600 3494 36 
5650 3356 192 
5700 3065 551 
5750 3138 1029 
5800 3288 1389 
5850 3370 1710 
5900 3445 2083 
5950 3474 2363 
6000 3500 2610 
6050 3339 1945 
6100 3442 1110 
6150 3507 556 
6200 3519 302 
6250 3525 157 
6300 3537 79 
6350 3543 40 
6400 3535 20 
6450 3554 6 
6500 3558 12 
6550 3527 293 
6600 3529 826 
6650 3537 1328 
6700 3542 1695 
6750 3540 2069 
6800 3545 2410 
6850 3539 2707 
6900 3537 2936 
6950 3549 3096 
7000 3549 3196 
7050 3334 2184 
7100 3451 1212 
7150 3511 614 
7200 3539 290 
7250 3538 95 
7300 3543 35 
7350 3551 13 
7400 3537 9 
7450 3544 6 
7500 3541 6 
7550 3528 215 
7600 3517 776 
7650 3508 1241 
7700 3504 1657 
7750 3514 1997 
7800 3525 2380 
7850 3527 2748 
7900 3516 3010 
7950 3536 3232 
8000 3552 3381 
8050 3332 2213 
8100 3469 1075 
8150 3521 443 
8200 3531 149 
8250 3542 36 
8300 3554 18 
8350 3511 22 
8400 3541 8 
8450 3534 6 
8500 3538 4 
8550 3553 452 
8600 3552 1065 
8650 3538 1493 
8700 3547 1879 
8750 3534 2242 
8800 3542 2568 
8850 3532 2824 
8900 3552 3022 
8950 3553 3208 
9000 3558 3355 
9050 3326 2353 
9100 3454 1330 
9150 3506 644 
9200 3505 271 
9250 3526 92 
9300 3535 24 
9350 3538 16 
9400 3535 12 
9450 3527 6 
9500 3538 5 
9550 3530 492 
9600 3517 1047 
9650 3503 1507 
9700 3518 1929 
9750 3512 2302 
9800 3525 2645 
9850 3544 2930 
9900 3548 3148 
9950 3551 3265 
10000 3570 3411 
10050 3270 2592 
10100 3318 1821 
10150 3399 1311 
10200 3515 1020 
10250 3518 687 
10300 3523 418 
10350 3527 271 
10400 3537 144 
10450 3536 66 
10500 3536 29 
10550 3531 94 
10600 3534 773 
10650 3523 1303 
10700 3541 1737 
10750 3534 2078 
10800 3538 2416 
10850 3526 2658 
10900 3545 2902 
10950 3540 3071 
11000 3553 3241 
11050 3297 2308 
11100 3381 1435 
11150 3458 913 
11200 3502 561 
11250 3524 354 
11300 3543 226 
11350 3547 133 
11400 3554 74 
11450 3552 28 
11500 3542 6 
11550 3539 17 
11600 3509 790 
11650 3499 1360 
11700 3487 1859 
11750 3506 2280 
11800 3500 2567 
11850 3505 2810 
11900 3507 3001 
11950 3516 3206 
12000 3529 3341 
12050 3297 2414 
12100 3364 1560 
12150 3425 991 
12200 3454 607 
12250 3499 395 
12300 3489 218 
12350 3507 96 
12400 3508 49 
12450 3531 15 
12500 3544 4 
12550 3530 260 
12600 3534 824 
12650 3521 1289 
12700 3512 1731 
12750 3512 2085 
12800 3530 2453 
12850 3528 2765 
12900 3529 3041 
12950 3527 3211 
13000 3536 3348 
13050 3222 2573 
13100 3293 1892 
13150 3358 1392 
13200 3473 1195 
13250 3484 890 
13300 3490 646 
13350 3478 462 
13400 3501 298 
13450 3493 214 
13500 3512 146 
13550 3519 335 
13600 3524 1167 
13650 3537 1826 
13700 3541 2237 
13750 3533 2477 
13800 3541 2706 
13850 3556 2956 
13900 3540 3112 
13950 3536 3280 
14000 3544 3401 
14050 3302 2401 
14100 3392 1554 
14150 3441 1023 
14200 3473 681 
14250 3510 458 
14300 3529 272 
14350 3543 142 
14400 3534 74 
14450 3544 30 
14500 3554 16 
14550 3541 4 
14600 3560 723 
14650 3547 1336 
14700 3553 1799 
14750 3554 2180 
14800 3540 2492 
14850 3548 2779 
14900 3548 3070 
14950 3557 3218 
15000 3546 3353 
15050 3377 2231 
15100 3435 1189 
15150 3482 641 
15200 3531 332 
15250 3529 159 
15300 3557 71 
15350 3524 22 
15400 3537 8 
15450 3563 4 
15500 3539 7 
15550 3524 422 
15600 3524 1018 
15650 3524 1438 
15700 3534 1819 
15750 3528 2194 
15800 3540 2562 
15850 3538 2869 
15900 3545 3123 
15950 3554 3277 
16000 3560 3379 
16050 3339 2336 
16100 3420 1261 
16150 3492 634 
16200 3503 314 
16250 3521 157 
16300 3538 76 
16350 3549 33 
16400 3542 6 
16450 3545 7 
16500 3547 1 
16550 3548 0 
16600 3481 100 
16650 3498 741 
16700 3526 1235 
16750 3525 1691 
16800 3540 2070 
16850 3542 2429 
16900 3553 2769 
16950 3550 3007 
17000 3551 3168 
17050 3334 2380 
17100 3411 1569 
17150 3473 964 
17200 3509 611 
17250 3521 352 
17300 3522 181 
17350 3543 84 
17400 3560 38 
17450 3542 8 
17500 3538 10 
17550 3497 55 
17600 3232 314 
17650 2805 797 
17700 2569 1533 
17750 2438 2151 
17800 2433 2596 
17850 2524 2865 
17900 2647 3082 
17950 2793 3258 
18000 2954 3367 
18050 2918 2250 
18100 3129 1247 
18150 3316 624 
18200 3462 271 
18250 3507 87 
18300 3531 20 
18350 3545 9 
18400 3544 4 
18450 3535 10 
18500 3555 5 
18550 3554 310 
18600 3557 1000 
18650 3556 1473 
18700 3544 1908 
18750 3543 2263 
18800 3546 2576 
18850 3537 2855 
18900 3539 3062 
18950 3535 3202 
19000 3535 3308 
19050 3293 2430 
19100 3382 1516 
19150 3420 953 
19200 3480 623 
19250 3515 362 
19300 3538 174 
19350 3550 51 
19400 3552 19 
19450 3536 8 
19500 3541 1 
19550 3550 326 
19600 3535 901 
19650 3530 1481 
19700 3542 1969 
19750 3530 2395 
19800 3547 2692 
19850 3537 2892 
19900 3548 3075 
19950 3532 3192 
20000 3554 3311 
20050 3353 2491 
20100 3433 1528 
20150 3478 962 
20200 3492 573 
20250 3531 336 
20300 3532 160 
20350 3553 79 
20400 3548 37 
20450 3551 12 
20500 3528 5 
20550 3541 170 
20600 3541 844 
20650 3540 1343 
20700 3545 1781 
20750 3533 2127 
20800 3538 2472 
20850 3528 2780 
20900 3545 3015 
20950 3550 3197 
21000 3545 3313 
21050 3312 2412 
21100 3421 1410 
21150 3477 799 
21200 3490 403 
21250 3522 205 
21300 3513 111 
21350 3532 46 
21400 3537 16 
21450 3552 12 
21500 3563 8 
21550 3520 36 
21600 3339 589 
21650 3302 1350 
21700 3320 1923 
21750 3347 2361 
21800 3410 2733 
21850 3441 3022 
21900 3487 3242 
21950 3540 3382 
22000 3539 3452 
22050 3254 2506 
22100 3349 1702 
22150 3404 1152 
22200 3489 874 
22250 3530 535 
22300 3522 318 
22350 3533 170 
22400 3530 88 
22450 3544 36 
22500 3540 17 
22550 3554 4 
22600 3549 9 
22650 3545 675 
22700 3527 1158 
22750 3540 1651 
22800 3527 2027 
22850 3537 2383 
22900 3535 2713 
22950 3541 2989 
23000 3545 3194 
23050 3306 2354 
23100 3354 1634 
23150 3407 1212 
23200 3444 899 
23250 3497 749 
23300 3521 535 
23350 3525 337 
23400 3540 191 
23450 3534 100 
23500 3548 41 
23550 3538 417 
23600 3542 927 
23650 3540 1359 
23700 3545 1726 
23750 3555 2105 
23800 3548 2422 
23850 3543 2739 
23900 3544 2973 
23950 3536 3134 
24000 3535 3258 
24050 3298 2457 
24100 3361 1647 
24150 3413 1088 
24200 3479 725 
24250 3529 529 
24300 3538 291 
24350 3553 148 
24400 3547 54 
24450 3549 14 
24500 3551 5 
24550 3532 6 
24600 3545 637 
24650 3551 1170 
24700 3537 1566 
24750 3548 1979 
24800 3538 2343 
24850 3533 2673 
24900 3534 2925 
24950 3548 3133 
25000 3532 3281 
25050 3309 2434 
25100 3366 1621 
25150 3382 1159 
25200 3437 838 
25250 3510 678 
25300 3518 478 
25350 3489 296 
25400 3517 168 
25450 3539 67 
25500 3538 16 
25550 3554 459 
25600 3542 1105 
25650 3537 1629 
25700 3556 2055 
25750 3546 2376 
25800 3548 2641 
25850 3533 2883 
25900 3530 3064 
25950 3542 3234 
26000 3540 3362 
26050 3258 2522 
26100 3358 1622 
26150 3394 1128 
26200 3484 851 
26250 3498 626 
26300 3503 434 
26350 3502 270 
26400 3533 146 
26450 3532 75 
26500 3532 27 
26550 3545 12 
26600 3545 113 
26650 3540 791 
26700 3538 1309 
26750 3545 1768 
26800 3555 2151 
26850 3533 2477 
26900 3535 2769 
26950 3555 3069 
27000 3537 3197 
27050 3294 2399 
27100 3378 1590 
27150 3446 1034 
27200 3491 576 
27250 3516 324 
27300 3528 178 
27350 3535 71 
27400 3553 16 
27450 3543 1 
27500 3548 2 
27550 3542 300 
27600 3538 860 
27650 3540 1301 
27700 3526 1726 
27750 3538 2121 
27800 3548 2478 
27850 3531 2774 
27900 3540 3005 
27950 3537 3139 
28000 3540 3244 
28050 3241 2516 
28100 3308 1884 
28150 3339 1438 
28200 3487 1203 
28250 3509 891 
28300 3492 680 
28350 3525 504 
28400 3511 351 
28450 3534 231 
28500 3537 134 
28550 3555 83 
28600 3546 57 
28650 3539 696 
28700 3541 1188 
28750 3540 1651 
28800 3537 2048 
28850 3539 2409 
28900 3540 2690 
28950 3549 2949 
29000 3538 3092 
29050 3311 2381 
29100 3396 1648 
29150 3460 1084 
29200 3497 636 
29250 3532 330 
29300 3541 137 
29350 3529 32 
29400 3556 7 
29450 3536 6 
29500 3539 3 
29550 3541 0 
29600 3549 0 
29650 3528 183 
29700 3527 766 
29750 3528 1223 
29800 3531 1668 
29850 3525 2084 
29900 3514 2412 
29950 3518 2718 
30000 3528 2954 
30050 3293 2303 
30100 3350 1703 
30150 3368 1265 
30200 3382 928 
30250 3460 758 
30300 3465 515 
30350 3476 334 
30400 3480 230 
30450 3504 146 
30500 3531 78 
30550 3534 43 
30600 3517 50 
30650 3327 217 
30700 3013 536 
30750 2624 924 
30800 2146 1380 
30850 1754 1779 
30900 1408 2141 
30950 1134 2396 
31000 876 2671 
31050 1316 2053 
31100 1963 1450 
31150 2428 1021 
31200 2798 687 
31250 3085 421 
31300 3253 260 
31350 3409 128 
31400 3502 50 
31450 3540 14 
31500 3549 4 
31550 3551 1 
31600 3526 7 
31650 3507 597 
31700 3509 1107 
31750 3496 1503 
31800 3495 1929 
31850 3480 2290 
31900 3480 2611 
31950 3513 2860 
32000 3513 3019 
32050 3303 2409 
32100 3353 1693 
32150 3444 1076 
32200 3466 655 
32250 3493 485 
32300 3531 341 
32350 3532 218 
32400 3530 139 
32450 3542 72 
32500 3536 20 
32550 3543 3 
32600 3541 148 
32650 3547 779 
32700 3531 1267 
32750 3540 1664 
32800 3535 1972 
32850 3531 2311 
32900 3534 2613 
32950 3539 2881 
33000 3548 3108 
33050 3301 2334 
33100 3377 1610 
33150 3409 1183 
33200 3446 861 
33250 3520 661 
33300 3534 493 
33350 3555 358 
33400 3566 240 
33450 3547 159 
33500 3538 94 
33550 3537 52 
33600 3384 188 
33650 3131 488 
33700 3168 944 
33750 3243 1345 
33800 3322 1747 
33850 3391 2085 
33900 3434 2385 
33950 3456 2662 
34000 3499 2904 
34050 3306 2217 
34100 3390 1510 
34150 3423 1128 
34200 3453 811 
34250 3489 655 
34300 3544 572 
34350 3542 446 
34400 3542 321 
34450 3534 220 
34500 3545 156 
34550 3557 298 
34600 3563 995 
34650 3552 1541 
34700 3542 1975 
34750 3529 2317 
34800 3540 2632 
34850 3552 2903 
34900 3556 3122 
34950 3544 3264 
35000 3540 3383 
35050 3254 2501 
35100 3351 1616 
35150 3375 1062 
35200 3469 780 
35250 3517 568 
35300 3510 352 
35350 3520 200 
35400 3528 85 
35450 3553 30 
35500 3541 6 
35550 3538 80 
35600 3516 703 
35650 3538 1173 
35700 3542 1594 
35750 3532 1982 
35800 3557 2406 
35850 3535 2694 
35900 3534 2924 
35950 3555 3117 
36000 3547 3271 
36050 3305 2524 
36100 3419 1625 
36150 3455 1040 
36200 3481 700 
36250 3541 490 
36300 3554 281 
36350 3559 155 
36400 3537 66 
36450 3555 20 
36500 3560 4 
36550 3557 0 
36600 3548 0 
36650 3544 102 
36700 3541 774 
36750 3549 1275 
36800 3539 1694 
36850 3546 2100 
36900 3542 2438 
36950 3533 2762 
37000 3536 3007 
37050 3335 2322 
37100 3397 1669 
37150 3428 1199 
37200 3455 828 
37250 3520 580 
37300 3517 339 
37350 3539 158 
37400 3544 55 
37450 3542 12 
37500 3547 2 
37550 3553 0 
37600 3550 493 
37650 3550 1028 
37700 3558 1504 
37750 3547 1926 
37800 3545 2252 
37850 3538 2577 
37900 3531 2859 
37950 3544 3046 
38000 3554 3202 
38050 3296 2478 
38100 3339 1861 
38150 3390 1354 
38200 3475 1000 
38250 3514 746 
38300 3518 516 
38350 3518 318 
38400 3524 143 
38450 3529 31 
38500 3546 4 
38550 3533 2 
38600 3551 0 
38650 3555 105 
38700 3564 756 
38750 3547 1320 
38800 3546 1769 
38850 3552 2189 
38900 3538 2523 
38950 3543 2824 
39000 3535 3052 
39050 3257 2436 
39100 3309 1794 
39150 3380 1278 
39200 3458 910 
39250 3515 667 
39300 3524 397 
39350 3537 191 
39400 3532 67 
39450 3545 14 
39500 3556 6 
39550 3551 478 
39600 3527 1046 
39650 3534 1539 
39700 3524 1908 
39750 3513 2232 
39800 3523 2512 
39850 3541 2767 
39900 3537 2972 
39950 3544 3137 
40000 3535 3253 
40050 3332 2425 
40100 3381 1628 
40150 3415 1114 
40200 3446 759 
40250 3521 565 
40300 3531 348 
40350 3549 169 
40400 3545 68 
40450 3540 17 
40500 3553 5 
40550 3540 3 
40600 3536 11 
40650 3454 95 
40700 3268 293 
40750 3008 542 
40800 2861 1166 
40850 2847 1675 
40900 2895 2050 
40950 2986 2364 
41000 3070 2639 
41050 3032 2007 
41100 3268 1264 
41150 3402 762 
41200 3443 434 
41250 3523 215 
41300 3538 93 
41350 3550 43 
41400 3534 8 
41450 3552 1 
41500 3545 0 
41550 3542 1 
41600 3538 165 
41650 3554 805 
41700 3546 1295 
41750 3533 1691 
41800 3544 2100 
41850 3540 2420 
41900 3541 2748 
41950 3553 2977 
42000 3547 3168 
42050 3272 2466 
42100 3322 1753 
42150 3333 1227 
42200 3427 954 
42250 3453 729 
42300 3467 518 
42350 3470 350 
42400 3484 213 
42450 3474 122 
42500 3505 66 
42550 3525 27 
42600 3529 478 
42650 3533 1033 
42700 3533 1401 
42750 3540 1790 
42800 3542 2167 
42850 3540 2484 
42900 3542 2788 
42950 3540 2995 
43000 3545 3168 
43050 3295 2433 
43100 3377 1685 
43150 3429 1095 
43200 3445 652 
43250 3515 408 
43300 3531 220 
43350 3533 107 
43400 3521 46 
43450 3535 19 
43500 3550 2 
43550 3546 1 
43600 3549 471 
43650 3547 968 
43700 3551 1421 
43750 3551 1840 
43800 3555 2169 
43850 3562 2517 
43900 3533 2787 
43950 3548 3041 
44000 3550 3239 
44050 3308 2473 
44100 3369 1704 
44150 3431 1197 
44200 3495 775 
44250 3546 552 
44300 3547 253 
44350 3553 90 
44400 3539 30 
44450 3542 3 
44500 3530 3 
44550 3528 0 
44600 3549 2 
44650 3523 508 
44700 3507 1035 
44750 3493 1499 
44800 3494 1963 
44850 3490 2349 
44900 3488 2652 
44950 3487 2888 
45000 3487 3048 
45050 3293 2349 
45100 3341 1712 
45150 3395 1292 
45200 3383 936 
45250 3442 802 
45300 3458 652 
45350 3474 508 
45400 3474 379 
45450 3494 291 
45500 3518 202 
45550 3494 126 
45600 3489 678 
45650 3526 1160 
45700 3530 1611 
45750 3526 1973 
45800 3528 2302 
45850 3520 2611 
45900 3534 2879 
45950 3530 3073 
46000 3543 3235 
46050 3301 2420 
46100 3360 1673 
46150 3418 1132 
46200 3478 730 
46250 3507 473 
46300 3535 243 
46350 3523 116 
46400 3538 32 
46450 3545 15 
46500 3554 3 
46550 3525 24 
46600 3451 148 
46650 3481 842 
46700 3479 1338 
46750 3463 1763 
46800 3474 2138 
46850 3475 2507 
46900 3490 2759 
46950 3509 3002 
47000 3514 3156 
47050 3296 2399 
47100 3352 1623 
47150 3404 1168 
47200 3433 842 
47250 3500 683 
47300 3517 486 
47350 3508 313 
47400 3525 198 
47450 3520 122 
47500 3514 64 
47550 3529 458 
47600 3529 1000 
47650 3541 1436 
47700 3547 1849 
47750 3545 2192 
47800 3538 2452 
47850 3541 2710 
47900 3538 2903 
47950 3535 3063 
48000 3541 3197 
48050 3337 2298 
48100 3392 1359 
48150 3472 838 
48200 3471 488 
48250 3503 296 
48300 3528 205 
48350 3529 103 
48400 3536 67 
48450 3551 29 
48500 3532 9 
48550 3541 330 
48600 3542 893 
48650 3531 1396 
48700 3544 1862 
48750 3536 2211 
48800 3542 2555 
48850 3540 2816 
48900 3531 2966 
48950 3529 3128 
49000 3546 3283 
49050 3348 2243 
49100 3437 1235 
49150 3485 690 
49200 3513 336 
49250 3531 167 
49300 3533 96 
49350 3546 53 
49400 3547 14 
49450 3537 6 
49500 3529 5 
49550 3535 1 
49600 3528 0 
49650 3533 658 
49700 3546 1290 
49750 3557 1748 
49800 3522 2055 
49850 3539 2340 
49900 3553 2601 
49950 3531 2834 
50000 3539 3077 
50050 3328 2245 
50100 3393 1508 
50150 3442 958 
50200 3478 564 
50250 3511 337 
50300 3516 210 
50350 3539 86 
50400 3546 32 
50450 3542 12 
50500 3543 5 
50550 3538 566 
50600 3551 1189 
50650 3543 1634 
50700 3543 2043 
50750 3540 2345 
50800 3535 2608 
50850 3540 2876 
50900 3554 3077 
50950 3548 3227 
51000 3552 3355 
51050 3314 2237 
51100 3410 1237 
51150 3460 634 
51200 3497 305 
51250 3524 138 
51300 3557 69 
51350 3545 23 
51400 3527 15 
51450 3525 6 
51500 3537 10 
51550 3541 497 
51600 3544 1014 
51650 3538 1507 
51700 3558 1976 
51750 3537 2342 
51800 3543 2644 
51850 3546 2900 
51900 3525 3085 
51950 3538 3259 
52000 3525 3338 
52050 3382 2143 
52100 3467 1118 
52150 3535 521 
52200 3527 202 
52250 3532 87 
52300 3543 35 
52350 3534 13 
52400 3519 9 
52450 3546 5 
52500 3547 8 
52550 3536 18 
52600 3537 1013 
52650 3529 1589 
52700 3535 2028 
52750 3545 2366 
52800 3543 2664 
52850 3544 2852 
52900 3533 3005 
52950 3532 3150 
53000 3534 3264 
53050 3340 2357 
53100 3412 1441 
53150 3455 873 
53200 3489 529 
53250 3522 349 
53300 3538 208 
53350 3542 93 
53400 3545 21 
53450 3547 10 
53500 3552 10 
53550 3527 421 
53600 3533 968 
53650 3529 1481 
53700 3543 1930 
53750 3539 2325 
53800 3536 2644 
53850 3550 2916 
53900 3547 3138 
53950 3536 3252 
54000 3525 3357 
54050 3327 2248 
54100 3428 1250 
54150 3476 690 
54200 3489 348 
54250 3508 174 
54300 3538 86 
54350 3532 53 
54400 3540 28 
54450 3538 13 
54500 3533 7 
54550 3531 332 
54600 3535 850 
54650 3532 1289 
54700 3544 1744 
54750 3525 2059 
54800 3532 2381 
54850 3549 2708 
54900 3531 2915 
54950 3550 3082 
55000 3549 3204 
55050 3330 2186 
55100 3433 1263 
55150 3476 708 
55200 3481 400 
55250 3497 230 
55300 3534 139 
55350 3545 81 
55400 3554 34 
55450 3540 13 
55500 3545 21 
55550 3532 549 
55600 3519 1222 
55650 3517 1698 
55700 3523 2098 
55750 3525 2491 
55800 3540 2841 
55850 3539 3082 
55900 3538 3246 
55950 3538 3359 
56000 3549 3441 
56050 3370 2254 
56100 3489 1162 
56150 3503 560 
56200 3517 331 
56250 3524 202 
56300 3528 158 
56350 3540 105 
56400 3534 56 
56450 3533 22 
56500 3548 16 
56550 3529 397 
56600 3526 1057 
56650 3539 1585 
56700 3547 2003 
56750 3536 2292 
56800 3543 2544 
56850 3553 2764 
56900 3532 2937 
56950 3551 3116 
57000 3551 3240 
57050 3342 2156 
57100 3446 1171 
57150 3465 654 
57200 3492 378 
57250 3495 224 
57300 3511 160 
57350 3504 101 
57400 3531 48 
57450 3538 21 
57500 3537 16 
57550 3536 711 
57600 3548 1328 
57650 3525 1842 
57700 3544 2224 
57750 3542 2626 
57800 3558 2918 
57850 3540 3088 
57900 3532 3234 
57950 3541 3365 
58000 3549 3441 
58050 3358 2160 
58100 3469 1094 
58150 3502 500 
58200 3528 210 
58250 3534 75 
58300 3557 18 
58350 3535 12 
58400 3547 6 
58450 3536 9 
58500 3551 11 
58550 3536 564 
58600 3517 1224 
58650 3517 1647 
58700 3537 1996 
58750 3538 2288 
58800 3531 2536 
58850 3546 2776 
58900 3523 2952 
58950 3530 3132 
59000 3548 3305 
59050 3387 1977 
59100 3489 990 
59150 3508 430 
59200 3539 159 
59250 3541 61 
59300 3552 29 
59350 3543 18 
59400 3545 20 
59450 3549 23 
59500 3547 12 
59550 3549 401 
59600 3538 1118 
59650 3542 1705 
59700 3532 2188 
59750 3549 2592 
59800 3541 2909 
59850 3547 3161 
59900 3545 3289 
59950 3541 3372 
60000 3537 3427 
60050 3378 2190 
60100 3472 1035 
60150 3494 512 
60200 3521 230 
60250 3538 113 
60300 3546 51 
60350 3542 31 
60400 3530 16 
60450 3521 16 
60500 3537 10 
60550 3543 604 
60600 3543 1407 
60650 3537 1963 
60700 3553 2417 
60750 3524 2672 
60800 3529 2909 
60850 3524 3063 
60900 3533 3242 
60950 3548 3388 
61000 3551 3467 
61050 3344 2202 
61100 3440 1161 
61150 3483 577 
61200 3505 261 
61250 3507 140 
61300 3522 81 
61350 3524 43 
61400 3505 26 
61450 3523 35 
61500 3530 25 
61550 3522 271 
61600 3521 1085 
61650 3523 1796 
61700 3525 2323 
61750 3517 2668 
61800 3530 2878 
61850 3556 3056 
61900 3546 3197 
61950 3554 3306 
62000 3537 3358 
62050 3306 2301 
62100 3394 1337 
62150 3454 772 
62200 3464 428 
62250 3514 227 
62300 3515 121 
62350 3540 39 
62400 3532 11 
62450 3538 10 
62500 3526 19 
62550 3530 584 
62600 3553 1410 
62650 3534 1980 
62700 3537 2353 
62750 3531 2664 
62800 3527 2916 
62850 3541 3117 
62900 3551 3258 
62950 3529 3330 
63000 3527 3381 
63050 3303 2239 
63100 3393 1301 
63150 3469 787 
63200 3505 438 
63250 3525 243 
63300 3515 152 
63350 3538 72 
63400 3524 36 
63450 3529 15 
63500 3546 10 
63550 3544 470 
63600 3529 1083 
63650 3535 1483 
63700 3555 1919 
63750 3538 2307 
63800 3560 2632 
63850 3537 2803 
63900 3530 3040 
63950 3541 3177 
64000 3539 3323 
64050 3353 2300 
64100 3421 1407 
64150 3479 858 
64200 3491 512 
64250 3518 305 
64300 3535 196 
64350 3540 119 
64400 3550 63 
64450 3545 26 
64500 3529 12 
64550 3521 469 
64600 3531 1179 
64650 3546 1643 
64700 3529 2103 
64750 3539 2526 
64800 3538 2885 
64850 3533 3123 
64900 3543 3290 
64950 3543 3382 
65000 3541 3429 
65050 3298 2432 
65100 3377 1592 
65150 3444 1007 
65200 3495 640 
65250 3527 420 
65300 3527 247 
65350 3520 128 
65400 3525 53 
65450 3561 25 
65500 3541 30 
65550 3541 621 
65600 3530 1373 
65650 3521 1848 
65700 3523 2227 
65750 3519 2518 
65800 3534 2798 
65850 3545 2996 
65900 3520 3151 
65950 3537 3293 
66000 3535 3402 
66050 3263 2403 
66100 3347 1544 
66150 3409 1007 
66200 3473 617 
66250 3486 450 
66300 3508 294 
66350 3496 191 
66400 3527 74 
66450 3536 28 
66500 3522 15 
66550 3538 423 
66600 3540 1220 
66650 3548 1815 
66700 3542 2182 
66750 3537 2490 
66800 3540 2785 
66850 3544 2995 
66900 3533 3162 
66950 3530 3320 
67000 3536 3414 
67050 3342 2219 
67100 3437 1220 
67150 3484 666 
67200 3525 358 
67250 3512 162 
67300 3531 96 
67350 3543 33 
67400 3542 12 
67450 3531 14 
67500 3538 9 
67550 3535 625 
67600 3536 1240 
67650 3530 1727 
67700 3539 2177 
67750 3509 2523 
67800 3536 2836 
67850 3518 3086 
67900 3532 3288 
67950 3529 3405 
68000 3549 3492 
68050 3299 2389 
68100 3377 1430 
68150 3391 935 
68200 3487 627 
68250 3500 423 
68300 3508 228 
68350 3518 87 
68400 3532 33 
68450 3545 12 
68500 3529 8 
68550 3525 437 
68600 3534 1229 
68650 3528 1764 
68700 3523 2163 
68750 3528 2520 
68800 3534 2795 
68850 3539 2986 
68900 3545 3143 
68950 3540 3273 
69000 3545 3346 
69050 3350 2319 
69100 3413 1413 
69150 3450 859 
69200 3468 503 
69250 3495 322 
69300 3524 236 
69350 3553 128 
69400 3533 69 
69450 3517 24 
69500 3531 20 
69550 3541 416 
69600 3536 1152 
69650 3524 1665 
69700 3536 2096 
69750 3523 2425 
69800 3541 2679 
69850 3539 2872 
69900 3541 3073 
69950 3529 3261 
70000 3517 3410 
70050 3319 2309 
70100 3401 1432 
70150 3436 849 
70200 3442 498 
70250 3500 329 
70300 3523 196 
70350 3536 107 
70400 3543 51 
70450 3520 29 
70500 3534 19 
70550 3517 512 
70600 3527 1284 
70650 3531 1859 
70700 3532 2313 
70750 3542 2673 
70800 3533 2908 
70850 3525 3095 
70900 3534 3214 
70950 3536 3308 
71000 3542 3384 
71050 3309 2352 
71100 3410 1352 
71150 3478 731 
71200 3495 397 
71250 3514 203 
71300 3532 105 
71350 3539 35 
71400 3548 12 
71450 3548 5 
71500 3530 4 
71550 3531 386 
71600 3518 1161 
71650 3528 1834 
71700 3544 2305 
71750 3532 2716 
71800 3539 3056 
71850 3539 3254 
71900 3529 3377 
71950 3541 3472 
72000 3537 3511 
72050 3317 2339 
72100 3420 1304 
72150 3469 756 
72200 3513 396 
72250 3535 244 
72300 3537 121 
72350 3543 36 
72400 3533 15 
72450 3532 17 
72500 3541 10 
72550 3516 433 
72600 3519 956 
72650 3519 1407 
72700 3506 1795 
72750 3523 2154 
72800 3533 2440 
72850 3537 2775 
72900 3540 3000 
72950 3527 3145 
73000 3536 3264 
73050 3333 2189 
73100 3442 1144 
73150 3484 504 
73200 3493 195 
73250 3515 74 
73300 3525 38 
73350 3531 26 
73400 3526 20 
73450 3537 12 
73500 3526 12 
73550 3528 663 
73600 3526 1513 
73650 3522 2154 
73700 3521 2573 
73750 3536 2925 
73800 3533 3201 
73850 3505 3327 
73900 3540 3458 
73950 3523 3490 
74000 3534 3494 
74050 3312 2313 
74100 3415 1371 
74150 3478 709 
74200 3515 309 
74250 3513 135 
74300 3540 43 
74350 3532 23 
74400 3534 23 
74450 3539 7 
74500 3550 23 
74550 3557 571 
74600 3553 1282 
74650 3542 1741 
74700 3553 2123 
74750 3538 2452 
74800 3522 2761 
74850 3532 3012 
74900 3531 3195 
74950 3530 3331 
75000 3516 3395 
75050 3363 2191 
75100 3439 1190 
75150 3495 686 
75200 3491 351 
75250 3530 160 
75300 3516 57 
75350 3525 37 
75400 3523 22 
75450 3539 20 
75500 3517 17 
75550 3529 673 
75600 3539 1477 
75650 3534 2105 
75700 3538 2545 
75750 3525 2868 
75800 3528 3138 
75850 3521 3302 
75900 3530 3408 
75950 3527 3466 
76000 3538 3499 
76050 3305 2352 
76100 3412 1316 
76150 3434 681 
76200 3504 353 
76250 3532 189 
76300 3544 104 
76350 3528 39 
76400 3526 22 
76450 3520 19 
76500 3526 19 
76550 3529 655 
76600 3524 1447 
76650 3515 2079 
76700 3507 2532 
76750 3526 2877 
76800 3514 3024 
76850 3525 3167 
76900 3522 3252 
76950 3529 3318 
77000 3525 3378 
77050 3356 2224 
77100 3442 1153 
77150 3525 531 
77200 3538 209 
77250 3544 62 
77300 3541 37 
77350 3533 18 
77400 3538 21 
77450 3547 24 
77500 3542 18 
77550 3519 148 
77600 3523 976 
77650 3517 1713 
77700 3516 2221 
77750 3503 2591 
77800 3525 2887 
77850 3531 3070 
77900 3525 3201 
77950 3523 3287 
78000 3517 3361 
78050 3289 2392 
78100 3376 1517 
78150 3403 979 
78200 3443 613 
78250 3492 424 
78300 3522 242 
78350 3518 136 
78400 3516 81 
78450 3528 37 
78500 3530 12 
78550 3512 463 
78600 3521 984 
78650 3536 1481 
78700 3535 1936 
78750 3521 2268 
78800 3525 2592 
78850 3543 2878 
78900 3525 3047 
78950 3529 3234 
79000 3527 3347 
79050 3318 2284 
79100 3420 1274 
79150 3477 670 
79200 3496 306 
79250 3511 151 
79300 3531 67 
79350 3539 22 
79400 3541 7 
79450 3533 3 
79500 3531 4 
79550 3527 312 
79600 3510 900 
79650 3514 1356 
79700 3519 1792 
79750 3512 2205 
79800 3535 2534 
79850 3549 2827 
79900 3544 3056 
79950 3537 3207 
80000 3544 3332 
80050 3276 2333 
80100 3372 1459 
80150 3410 909 
80200 3492 529 
80250 3511 336 
80300 3535 168 
80350 3537 82 
80400 3541 29 
80450 3552 12 
80500 3548 6 
80550 3552 49 
80600 3536 701 
80650 3545 1212 
80700 3538 1654 
80750 3535 2019 
80800 3539 2422 
80850 3551 2725 
80900 3535 2952 
80950 3535 3109 
81000 3551 3253 
81050 3284 2396 
81100 3377 1471 
81150 3437 898 
81200 3495 526 
81250 3527 390 
81300 3533 248 
81350 3551 145 
81400 3546 87 
81450 3541 48 
81500 3528 20 
81550 3533 475 
81600 3540 1206 
81650 3529 1710 
81700 3545 2147 
81750 3547 2446 
81800 3538 2681 
81850 3546 2903 
81900 3541 3110 
81950 3538 3245 
82000 3557 3348 
82050 3340 2282 
82100 3449 1230 
82150 3511 627 
82200 3533 317 
82250 3529 149 
82300 3547 67 
82350 3529 23 
82400 3548 16 
82450 3538 8 
82500 3554 7 
82550 3535 423 
82600 3550 1110 
82650 3533 1548 
82700 3538 1966 
82750 3531 2339 
82800 3530 2701 
82850 3536 2982 
82900 3537 3205 
82950 3538 3351 
83000 3531 3410 
83050 3274 2321 
83100 3401 1336 
83150 3460 772 
83200 3515 404 
83250 3535 233 
83300 3551 88 
83350 3540 25 
83400 3544 19 
83450 3550 16 
83500 3531 17 
83550 3536 424 
83600 3530 1076 
83650 3544 1671 
83700 3543 2083 
83750 3541 2431 
83800 3545 2698 
83850 3548 2900 
83900 3539 3068 
83950 3541 3210 
84000 3539 3323 
84050 3367 2203 
84100 3474 1191 
84150 3494 677 
84200 3507 361 
84250 3530 196 
84300 3541 125 
84350 3538 76 
84400 3531 42 
84450 3543 31 
84500 3521 16 
84550 3544 517 
84600 3531 1167 
84650 3548 1746 
84700 3539 2158 
84750 3545 2501 
84800 3540 2817 
84850 3529 3086 
84900 3535 3274 
84950 3520 3396 
85000 3532 3459 
85050 3323 2307 
85100 3391 1348 
85150 3443 765 
85200 3486 443 
85250 3495 252 
85300 3520 124 
85350 3530 44 
85400 3536 24 
85450 3533 22 
85500 3536 13 
85550 3518 616 
85600 3513 1302 
85650 3521 1752 
85700 3514 2099 
85750 3534 2467 
85800 3529 2734 
85850 3522 2934 
85900 3544 3134 
85950 3538 3259 
86000 3534 3374 
86050 3354 2230 
86100 3430 1201 
86150 3484 600 
86200 3525 259 
86250 3532 105 
86300 3529 48 
86350 3531 18 
86400 3531 18 
86450 3543 12 
86500 3534 13 
86550 3519 538 
86600 3529 1279 
86650 3533 1807 
86700 3525 2291 
86750 3539 2639 
86800 3543 2866 
86850 3544 3068 
86900 3527 3237 
86950 3539 3383 
87000 3540 3459 
87050 3303 2233 
87100 3402 1198 
87150 3457 616 
87200 3502 292 
87250 3515 127 
87300 3515 61 
87350 3528 42 
87400 3525 22 
87450 3540 14 
87500 3541 16 
87550 3512 520 
87600 3524 1288 
87650 3511 1754 
87700 3515 2144 
87750 3509 2505 
87800 3514 2801 
87850 3507 3054 
87900 3520 3260 
87950 3534 3394 
88000 3546 3466 
88050 3367 2313 
88100 3443 1339 
88150 3492 775 
88200 3497 439 
88250 3536 254 
88300 3528 143 
88350 3534 54 
88400 3534 14 
88450 3537 10 
88500 3549 9 
88550 3536 115 
88600 3527 705 
88650 3537 1188 
88700 3535 1660 
88750 3533 2039 
88800 3540 2422 
88850 3513 2710 
88900 3534 2970 
88950 3544 3178 
89000 3542 3360 
89050 3306 2301 
89100 3421 1321 
89150 3478 738 
89200 3496 384 
89250 3500 191 
89300 3523 118 
89350 3515 44 
89400 3539 14 
89450 3540 4 
89500 3545 1 
89550 3544 510 
89600 3530 1233 
89650 3536 1765 
89700 3550 2193 
89750 3538 2524 
89800 3518 2815 
89850 3548 3080 
89900 3540 3224 
89950 3531 3340 
90000 3529 3424 
90050 3325 2419 
90100 3374 1548 
90150 3404 1047 
90200 3470 752 
90250 3529 557 
90300 3523 373 
90350 3512 229 
90400 3516 144 
90450 3517 88 
90500 3536 23 
90550 3535 542 
90600 3538 1098 
90650 3534 1537 
90700 3524 1956 
90750 3539 2325 
90800 3552 2644 
90850 3525 2882 
90900 3546 3106 
90950 3543 3245 
91000 3539 3360 
91050 3349 2275 
91100 3451 1186 
91150 3505 611 
91200 3536 336 
91250 3553 195 
91300 3555 116 
91350 3532 58 
91400 3554 26 
91450 3556 12 
91500 3555 10 
91550 3545 391 
91600 3549 941 
91650 3533 1398 
91700 3538 1891 
91750 3537 2289 
91800 3530 2626 
91850 3533 2894 
91900 3528 3061 
91950 3531 3223 
92000 3551 3367 
92050 3325 2231 
92100 3431 1222 
92150 3473 689 
92200 3504 431 
92250 3511 262 
92300 3504 179 
92350 3521 106 
92400 3529 51 
92450 3529 30 
92500 3552 14 
92550 3554 490 
92600 3540 1211 
92650 3528 1787 
92700 3536 2268 
92750 3526 2611 
92800 3537 2893 
92850 3550 3136 
92900 3524 3261 
92950 3538 3393 
93000 3532 3453 
93050 3320 2339 
93100 3400 1464 
93150 3453 900 
93200 3490 547 
93250 3523 325 
93300 3532 168 
93350 3542 66 
93400 3537 23 
93450 3543 4 
93500 3555 5 
93550 3557 444 
93600 3555 978 
93650 3545 1497 
93700 3554 1917 
93750 3550 2317 
93800 3559 2627 
93850 3536 2861 
93900 3530 3054 
93950 3526 3220 
94000 3542 3340 
94050 3332 2362 
94100 3416 1391 
94150 3454 873 
94200 3488 533 
94250 3506 323 
94300 3531 181 
94350 3539 78 
94400 3531 39 
94450 3551 12 
94500 3553 3 
94550 3549 362 
94600 3550 1044 
94650 3556 1513 
94700 3553 1899 
94750 3550 2212 
94800 3540 2496 
94850 3553 2768 
94900 3560 2989 
94950 3549 3161 
95000 3549 3317 
95050 3304 2331 
95100 3394 1520 
95150 3460 940 
95200 3502 546 
95250 3527 295 
95300 3545 140 
95350 3547 44 
95400 3540 19 
95450 3553 4 
95500 3548 3 
95550 3547 237 
95600 3539 845 
95650 3561 1362 
95700 3555 1815 
95750 3533 2199 
95800 3544 2528 
95850 3536 2806 
95900 3528 2990 
95950 3543 3137 
96000 3534 3264 
96050 3278 2298 
96100 3418 1327 
96150 3476 701 
96200 3509 343 
96250 3519 151 
96300 3549 48 
96350 3529 15 
96400 3538 6 
96450 3539 1 
96500 3537 3 
96550 3551 706 
96600 3560 1266 
96650 3545 1697 
96700 3541 2022 
96750 3545 2302 
96800 3548 2570 
96850 3535 2852 
96900 3543 3100 
96950 3545 3271 
97000 3541 3360 
97050 3343 2260 
97100 3421 1243 
97150 3462 667 
97200 3508 339 
97250 3520 154 
97300 3527 84 
97350 3545 37 
97400 3544 23 
97450 3549 11 
97500 3545 14 
97550 3551 336 
97600 3549 885 
97650 3548 1405 
97700 3532 1826 
97750 3538 2253 
97800 3540 2615 
97850 3543 2905 
97900 3539 3103 
97950 3545 3226 
98000 3541 3345 
98050 3331 2197 
98100 3416 1218 
98150 3465 730 
98200 3482 431 
98250 3519 269 
98300 3530 203 
98350 3551 99 
98400 3552 43 
98450 3543 17 
98500 3540 16 
98550 3547 552 
98600 3533 1092 
98650 3536 1584 
98700 3546 1976 
98750 3558 2319 
98800 3547 2587 
98850 3549 2816 
98900 3525 3022 
98950 3547 3210 
99000 3548 3330 
99050 3319 2383 
99100 3388 1561 
99150 3426 1061 
99200 3457 716 
99250 3515 545 
99300 3527 364 
99350 3538 211 
99400 3545 102 
99450 3527 51 
99500 3544 27 
99550 3544 260 
99600 3538 849 
99650 3552 1345 
99700 3552 1764 
99750 3539 2089 
99800 3552 2425 
99850 3552 2732 
99900 3549 2968 
99950 3550 3141 
100000 3539 3274 
100050 3293 2399 
100100 3343 1599 
100150 3420 979 
100200 3465 627 
100250 3502 440 
100300 3522 269 
100350 3523 153 
100400 3522 72 
100450 3533 41 
100500 3543 22 
100550 3568 6 
100600 3547 1 
100650 3531 503 
100700 3527 1037 
100750 3537 1527 
100800 3533 1959 
100850 3521 2293 
100900 3544 2609 
100950 3543 2824 
101000 3529 3043 
101050 3292 2268 
101100 3374 1546 
101150 3419 1037 
101200 3451 715 
101250 3496 520 
101300 3507 403 
101350 3514 248 
101400 3509 152 
101450 3514 86 
101500 3533 42 
101550 3525 86 
101600 3530 669 
101650 3524 1161 
101700 3524 1589 
101750 3523 1917 
101800 3523 2261 
101850 3526 2587 
101900 3529 2891 
101950 3529 3135 
102000 3537 3308 
102050 3337 2215 
102100 3454 1270 
102150 3512 693 
102200 3534 295 
102250 3519 101 
102300 3538 29 
102350 3537 10 
102400 3535 6 
102450 3545 2 
102500 3533 6 
102550 3523 17 
102600 3515 644 
102650 3521 1146 
102700 3518 1564 
102750 3515 1965 
102800 3524 2312 
102850 3525 2603 
102900 3526 2828 
102950 3537 3013 
103000 3553 3158 
103050 3393 2174 
103100 3491 1119 
103150 3531 462 
103200 3530 194 
103250 3534 65 
103300 3553 19 
103350 3535 12 
103400 3539 4 
103450 3522 3 
103500 3539 6 
103550 3553 331 
103600 3553 906 
103650 3550 1322 
103700 3551 1705 
103750 3550 2113 
103800 3548 2469 
103850 3549 2755 
103900 3545 2990 
103950 3528 3154 
104000 3547 3278 
104050 3312 2289 
104100 3390 1383 
104150 3462 841 
104200 3468 530 
104250 3518 347 
104300 3524 208 
104350 3531 111 
104400 3536 42 
104450 3543 16 
104500 3549 6 
104550 3530 292 
104600 3528 906 
104650 3519 1376 
104700 3526 1790 
104750 3510 2195 
104800 3511 2525 
104850 3522 2840 
104900 3510 3046 
104950 3499 3178 
105000 3513 3301 
105050 3257 2505 
105100 3353 1668 
105150 3378 1176 
105200 3434 818 
105250 3479 594 
105300 3513 354 
105350 3502 205 
105400 3511 116 
105450 3500 64 
105500 3500 24 
105550 3518 24 
105600 3484 459 
105650 3462 1070 
105700 3451 1583 
105750 3435 2036 
105800 3447 2393 
105850 3441 2706 
105900 3451 2929 
105950 3454 3122 
106000 3477 3278 
106050 3252 2400 
106100 3333 1650 
106150 3415 1126 
106200 3434 734 
106250 3480 502 
106300 3493 285 
106350 3529 139 
106400 3534 75 
106450 3525 37 
106500 3552 19 
106550 3547 6 
106600 3542 85 
106650 3534 780 
106700 3543 1258 
106750 3542 1645 
106800 3530 2059 
106850 3540 2418 
106900 3544 2746 
106950 3560 3042 
107000 3558 3213 
107050 3376 2085 
107100 3450 1139 
107150 3515 534 
107200 3523 244 
107250 3536 86 
107300 3523 37 
107350 3543 21 
107400 3550 13 
107450 3523 9 
107500 3525 13 
107550 3532 405 
107600 3535 981 
107650 3536 1441 
107700 3541 1833 
107750 3543 2187 
107800 3549 2552 
107850 3528 2811 
107900 3541 3028 
107950 3528 3181 
108000 3543 3309 
108050 3327 2205 
108100 3456 1211 
108150 3493 644 
108200 3493 319 
108250 3507 182 
108300 3544 98 
108350 3550 31 
108400 3539 17 
108450 3536 8 
108500 3538 13 
108550 3529 497 
108600 3540 1316 
108650 3546 1856 
108700 3538 2255 
108750 3555 2598 
108800 3550 2863 
108850 3548 3016 
108900 3549 3136 
108950 3546 3227 
109000 3549 3317 
109050 3324 2329 
109100 3424 1354 
109150 3476 800 
109200 3501 428 
109250 3534 244 
109300 3537 132 
109350 3538 62 
109400 3550 16 
109450 3531 13 
109500 3536 10 
109550 3523 443 
109600 3533 1255 
109650 3522 1810 
109700 3530 2292 
109750 3531 2695 
109800 3528 2972 
109850 3536 3167 
109900 3527 3334 
109950 3523 3425 
110000 3544 3486 
110050 3354 2284 
110100 3404 1391 
110150 3429 844 
110200 3449 553 
110250 3506 413 
110300 3517 261 
110350 3546 149 
110400 3515 60 
110450 3521 25 
110500 3535 12 
110550 3536 502 
110600 3547 1152 
110650 3558 1669 
110700 3550 2103 
110750 3554 2417 
110800 3555 2686 
110850 3555 2948 
110900 3533 3142 
110950 3540 3293 
111000 3533 3420 
111050 3367 2127 
111100 3477 956 
111150 3507 414 
111200 3525 139 
111250 3544 30 
111300 3523 8 
111350 3530 5 
111400 3545 7 
111450 3565 10 
111500 3544 2 
111550 3553 461 
111600 3560 1127 
111650 3568 1649 
111700 3554 2054 
111750 3546 2380 
111800 3543 2591 
111850 3541 2818 
111900 3561 3070 
111950 3559 3261 
112000 3556 3381 
112050 3343 2174 
112100 3448 1076 
112150 3500 510 
112200 3522 202 
112250 3525 68 
112300 3535 23 
112350 3541 13 
112400 3545 3 
112450 3550 4 
112500 3534 7 
112550 3537 279 
112600 3535 844 
112650 3544 1320 
112700 3536 1733 
112750 3554 2114 
112800 3524 2403 
112850 3532 2669 
112900 3538 2893 
112950 3552 3062 
113000 3561 3216 
113050 3379 2105 
113100 3452 1131 
113150 3490 603 
113200 3524 304 
113250 3548 129 
113300 3549 62 
113350 3550 29 
113400 3526 10 
113450 3536 7 
113500 3523 3 
113550 3535 572 
113600 3534 1180 
113650 3551 1643 
113700 3559 2003 
113750 3546 2314 
113800 3546 2595 
113850 3542 2833 
113900 3534 2974 
113950 3543 3122 
114000 3522 3194 
114050 3357 2098 
114100 3445 1147 
114150 3487 567 
114200 3524 289 
114250 3524 110 
114300 3534 33 
114350 3539 14 
114400 3542 13 
114450 3531 16 
114500 3531 8 
114550 3540 182 
114600 3550 1099 
114650 3560 1758 
114700 3547 2286 
114750 3551 2723 
114800 3550 3054 
114850 3542 3275 
114900 3535 3379 
114950 3538 3434 
115000 3547 3476 
115050 3365 2249 
115100 3431 1245 
115150 3491 693 
115200 3510 421 
115250 3522 253 
115300 3546 150 
115350 3531 67 
115400 3528 28 
115450 3538 10 
115500 3548 10 
115550 3553 491 
115600 3555 1165 
115650 3566 1679 
115700 3544 1989 
115750 3552 2300 
115800 3548 2548 
115850 3562 2783 
115900 3560 2978 
115950 3541 3122 
116000 3538 3263 
116050 3358 2156 
116100 3428 1208 
116150 3479 619 
116200 3493 305 
116250 3526 154 
116300 3520 62 
116350 3532 20 
116400 3536 7 
116450 3535 6 
116500 3526 3 
116550 3537 329 
116600 3536 958 
116650 3548 1556 
116700 3555 2026 
116750 3533 2358 
116800 3533 2604 
116850 3546 2851 
116900 3551 3034 
116950 3538 3177 
117000 3538 3313 
117050 3384 2252 
117100 3466 1267 
117150 3521 681 
117200 3531 356 
117250 3533 182 
117300 3527 94 
117350 3539 53 
117400 3537 15 
117450 3542 5 
117500 3551 17 
117550 3539 520 
117600 3543 1197 
117650 3534 1633 
117700 3530 2090 
117750 3537 2466 
117800 3541 2751 
117850 3533 2973 
117900 3539 3176 
117950 3554 3320 
118000 3531 3403 
118050 3381 2131 
118100 3483 1095 
118150 3523 466 
118200 3544 200 
118250 3541 72 
118300 3544 35 
118350 3549 19 
118400 3534 4 
118450 3546 8 
118500 3551 9 
118550 3535 401 
118600 3554 1077 
118650 3554 1664 
118700 3543 2147 
118750 3550 2569 
118800 3556 2926 
118850 3546 3201 
118900 3546 3384 
118950 3526 3451 
119000 3543 3516 
119050 3307 2403 
119100 3388 1511 
119150 3449 836 
119200 3502 461 
119250 3529 318 
119300 3530 196 
119350 3532 127 
119400 3537 70 
119450 3535 40 
119500 3552 15 
119550 3549 3 
119600 3538 83 
119650 3443 840 
119700 3380 1378 
119750 3374 1767 
119800 3354 2158 
119850 3377 2493 
119900 3385 2770 
119950 3418 3030 
120000 3406 3187 
120050 3239 2299 
120100 3341 1416 
120150 3425 823 
120200 3463 396 
120250 3510 189 
120300 3499 88 
120350 3528 34 
120400 3536 11 
120450 3544 8 
120500 3540 8 
120550 3540 355 
120600 3546 927 
120650 3532 1422 
120700 3532 1854 
120750 3525 2200 
120800 3515 2485 
120850 3526 2797 
120900 3527 3017 
120950 3531 3201 
121000 3550 3329 
121050 3268 2424 
121100 3337 1606 
121150 3394 1047 
121200 3445 741 
121250 3498 549 
121300 3508 359 
121350 3516 192 
121400 3517 88 
121450 3537 39 
121500 3531 11 
121550 3505 25 
121600 3450 585 
121650 3435 1051 
121700 3446 1509 
121750 3466 1921 
121800 3457 2233 
121850 3490 2534 
121900 3514 2820 
121950 3523 3013 
122000 3523 3135 
122050 3348 2127 
122100 3444 1232 
122150 3475 690 
122200 3516 361 
122250 3530 157 
122300 3520 73 
122350 3537 40 
122400 3556 13 
122450 3548 3 
122500 3537 5 
122550 3548 4 
122600 3526 804 
122650 3531 1543 
122700 3529 2094 
122750 3522 2443 
122800 3539 2738 
122850 3532 2952 
122900 3528 3105 
122950 3548 3227 
123000 3541 3350 
123050 3312 2297 
123100 3404 1319 
123150 3479 754 
123200 3515 375 
123250 3538 196 
123300 3539 112 
123350 3537 41 
123400 3540 14 
123450 3549 5 
123500 3532 3 
123550 3549 538 
123600 3535 1230 
123650 3542 1774 
123700 3529 2234 
123750 3532 2557 
123800 3542 2842 
123850 3554 3078 
123900 3543 3221 
123950 3544 3356 
124000 3553 3430 
124050 3343 2150 
124100 3435 1005 
124150 3500 377 
124200 3538 130 
124250 3538 28 
124300 3547 6 
124350 3538 5 
124400 3533 3 
124450 3527 2 
124500 3536 2 
124550 3523 445 
124600 3516 951 
124650 3517 1362 
124700 3528 1702 
124750 3529 2064 
124800 3532 2368 
124850 3540 2647 
124900 3541 2913 
124950 3547 3058 
125000 3540 3149 
125050 3337 2201 
125100 3451 1319 
125150 3491 720 
125200 3528 387 
125250 3512 199 
125300 3528 80 
125350 3536 39 
125400 3547 5 
125450 3542 8 
125500 3542 4 
125550 3527 508 
125600 3535 1322 
125650 3548 1889 
125700 3516 2269 
125750 3540 2650 
125800 3547 2948 
125850 3542 3134 
125900 3558 3263 
125950 3555 3383 
126000 3540 3450 
126050 3334 2067 
126100 3426 1041 
126150 3497 509 
126200 3525 255 
126250 3550 85 
126300 3544 22 
126350 3554 4 
126400 3558 3 
126450 3561 1 
126500 3551 3 
126550 3544 2 
126600 3474 61 
126650 3205 326 
126700 2997 1024 
126750 3008 1788 
126800 3063 2311 
126850 3152 2745 
126900 3232 2995 
126950 3306 3159 
127000 3389 3318 
127050 3265 1991 
127100 3459 1025 
127150 3510 511 
127200 3557 264 
127250 3539 90 
127300 3549 27 
127350 3557 8 
127400 3559 4 
127450 3556 5 
127500 3559 1 
127550 3557 3 
127600 3558 935 
127650 3547 1650 
127700 3544 2177 
127750 3552 2667 
127800 3554 3078 
127850 3559 3274 
127900 3545 3415 
127950 3562 3511 
128000 3555 3522 
128050 3342 2034 
128100 3435 917 
128150 3514 373 
128200 3550 147 
128250 3550 45 
128300 3548 12 
128350 3545 6 
128400 3540 4 
128450 3534 5 
128500 3545 3 
128550 3536 392 
128600 3549 1067 
128650 3554 1685 
128700 3543 2134 
128750 3530 2452 
128800 3531 2804 
128850 3511 3042 
128900 3538 3271 
128950 3539 3442 
129000 3558 3522 
129050 3357 2042 
129100 3450 976 
129150 3504 464 
129200 3549 225 
129250 3542 113 
129300 3541 33 
129350 3554 6 
129400 3557 7 
129450 3554 4 
129500 3553 2 
129550 3545 676 
129600 3544 1382 
129650 3538 1914 
129700 3559 2336 
129750 3545 2658 
129800 3553 2995 
129850 3561 3193 
129900 3531 3330 
129950 3546 3439 
130000 3539 3479 
130050 3322 2136 
130100 3382 1157 
130150 3517 712 
130200 3534 314 
130250 3523 104 
130300 3550 22 
130350 3543 3 
130400 3550 2 
130450 3558 1 
130500 3556 3 
130550 3542 545 
130600 3545 1219 
130650 3523 1764 
130700 3521 2257 
130750 3529 2701 
130800 3523 3032 
130850 3545 3291 
130900 3535 3410 
130950 3545 3503 
131000 3550 3520 
131050 3368 1914 
131100 3484 720 
131150 3521 259 
131200 3546 92 
131250 3546 28 
131300 3539 6 
131350 3545 10 
131400 3559 4 
131450 3551 8 
131500 3548 1 
131550 3511 10 
131600 3531 677 
131650 3544 1290 
131700 3543 1845 
131750 3537 2325 
131800 3541 2702 
131850 3550 2996 
131900 3551 3190 
131950 3540 3338 
132000 3555 3448 
132050 3380 1934 
132100 3465 853 
132150 3503 340 
132200 3533 134 
132250 3530 43 
132300 3558 8 
132350 3547 4 
132400 3559 1 
132450 3533 6 
132500 3553 0 
132550 3523 446 
132600 3532 1405 
132650 3550 2009 
132700 3555 2482 
132750 3545 2860 
132800 3539 3088 
132850 3564 3274 
132900 3543 3370 
132950 3559 3478 
133000 3543 3522 
133050 3363 1976 
133100 3455 983 
133150 3512 441 
133200 3527 186 
133250 3543 62 
133300 3545 15 
133350 3542 7 
133400 3559 8 
133450 3546 6 
133500 3556 9 
133550 3533 894 
133600 3540 1726 
133650 3534 2235 
133700 3541 2635 
133750 3540 2981 
133800 3537 3278 
133850 3545 3469 
133900 3549 3518 
133950 3545 3529 
134000 3542 3512 
134050 3336 1999 
134100 3440 995 
134150 3495 451 
134200 3516 194 
134250 3523 54 
134300 3537 23 
134350 3540 10 
134400 3539 5 
134450 3547 3 
134500 3531 6 
134550 3546 557 
134600 3546 1188 
134650 3547 1751 
134700 3554 2318 
134750 3544 2723 
134800 3548 3071 
134850 3534 3299 
134900 3534 3412 
134950 3544 3505 
135000 3543 3527 
135050 3384 1799 
135100 3473 736 
135150 3507 257 
135200 3543 82 
135250 3541 25 
135300 3538 5 
135350 3552 6 
135400 3538 5 
135450 3539 2 
135500 3535 5 
135550 3531 659 
135600 3536 1291 
135650 3537 1797 
135700 3548 2336 
135750 3546 2730 
135800 3545 3021 
135850 3545 3204 
135900 3541 3348 
135950 3557 3422 
136000 3553 3468 
136050 3411 1783 
136100 3496 632 
136150 3541 196 
136200 3558 75 
136250 3548 29 
136300 3548 8 
136350 3530 8 
136400 3537 5 
136450 3545 7 
136500 3547 8 
136550 3532 441 
136600 3498 1173 
136650 3498 1753 
136700 3512 2210 
136750 3504 2589 
136800 3534 2868 
136850 3535 3096 
136900 3542 3296 
136950 3550 3419 
137000 3551 3479 
137050 3363 1959 
137100 3430 1058 
137150 3480 621 
137200 3528 394 
137250 3534 222 
137300 3537 108 
137350 3527 41 
137400 3529 18 
137450 3541 5 
137500 3557 7 
137550 3561 824 
137600 3543 1641 
137650 3542 2166 
137700 3546 2599 
137750 3536 2941 
137800 3551 3211 
137850 3551 3401 
137900 3540 3490 
137950 3542 3518 
138000 3527 3506 
138050 3369 1954 
138100 3466 886 
138150 3512 383 
138200 3534 221 
138250 3551 104 
138300 3551 35 
138350 3565 11 
138400 3544 4 
138450 3540 8 
138500 3551 6 
138550 3540 673 
138600 3542 1429 
138650 3526 1974 
138700 3543 2457 
138750 3545 2788 
138800 3546 3043 
138850 3544 3287 
138900 3555 3444 
138950 3531 3485 
139000 3552 3524 
139050 3370 1896 
139100 3474 909 
139150 3516 488 
139200 3547 288 
139250 3553 136 
139300 3546 42 
139350 3550 12 
139400 3544 14 
139450 3542 11 
139500 3533 11 
139550 3535 459 
139600 3533 1127 
139650 3547 1687 
139700 3540 2132 
139750 3531 2584 
139800 3556 2958 
139850 3553 3179 
139900 3560 3333 
139950 3556 3443 
140000 3533 3478 
140050 3380 1777 
140100 3490 641 
140150 3541 242 
140200 3542 93 
140250 3537 55 
140300 3561 21 
140350 3558 15 
140400 3551 14 
140450 3539 22 
140500 3545 16 
140550 3525 825 
140600 3539 1743 
140650 3521 2294 
140700 3537 2688 
140750 3545 3000 
140800 3542 3210 
140850 3544 3350 
140900 3550 3424 
140950 3552 3493 
141000 3544 3484 
141050 3353 1885 
141100 3467 761 
141150 3507 318 
141200 3527 177 
141250 3550 61 
141300 3547 30 
141350 3542 26 
141400 3538 16 
141450 3540 17 
141500 3542 21 
141550 3538 701 
141600 3550 1618 
141650 3557 2329 
141700 3550 2861 
141750 3545 3209 
141800 3551 3392 
141850 3557 3494 
141900 3544 3510 
141950 3536 3510 
142000 3549 3526 
142050 3355 1936 
142100 3458 983 
142150 3487 517 
142200 3527 360 
142250 3551 195 
142300 3547 106 
142350 3542 56 
142400 3542 25 
142450 3538 12 
142500 3537 7 
142550 3536 647 
142600 3537 1278 
142650 3548 1835 
142700 3544 2357 
142750 3549 2757 
142800 3542 3060 
142850 3545 3277 
142900 3563 3429 
142950 3558 3512 
143000 3540 3531 
143050 3374 1995 
143100 3479 932 
143150 3529 405 
143200 3541 170 
143250 3545 36 
143300 3542 12 
143350 3548 4 
143400 3545 9 
143450 3554 5 
143500 3553 3 
143550 3544 117 
143600 3542 1403 
143650 3540 2185 
143700 3545 2692 
143750 3555 2994 
143800 3545 3141 
143850 3547 3275 
143900 3550 3378 
143950 3539 3449 
144000 3525 3502 
144050 3269 2146 
144100 3381 1162 
144150 3501 706 
144200 3522 346 
144250 3530 120 
144300 3542 27 
144350 3554 4 
144400 3562 6 
144450 3536 6 
144500 3526 8 
144550 3551 660 
144600 3558 1351 
144650 3551 1857 
144700 3560 2323 
144750 3563 2739 
144800 3542 3070 
144850 3544 3256 
144900 3558 3402 
144950 3535 3472 
145000 3532 3499 
145050 3386 1879 
145100 3490 844 
145150 3513 303 
145200 3545 133 
145250 3546 66 
145300 3529 31 
145350 3557 16 
145400 3522 2 
145450 3545 5 
145500 3552 3 
145550 3566 627 
145600 3565 1441 
145650 3552 2028 
145700 3549 2434 
145750 3564 2814 
145800 3548 3111 
145850 3561 3320 
145900 3550 3461 
145950 3552 3527 
146000 3565 3546 
146050 3298 2088 
146100 3367 1243 
146150 3462 801 
146200 3462 502 
146250 3498 236 
146300 3528 83 
146350 3539 25 
146400 3546 12 
146450 3534 9 
146500 3552 9 
146550 3556 712 
146600 3565 1531 
146650 3556 2197 
146700 3555 2678 
146750 3561 3006 
146800 3554 3195 
146850 3544 3362 
146900 3527 3448 
146950 3558 3531 
147000 3547 3518 
147050 3337 1947 
147100 3449 915 
147150 3515 341 
147200 3527 107 
147250 3530 16 
147300 3549 14 
147350 3545 13 
147400 3550 7 
147450 3532 6 
147500 3551 11 
147550 3540 605 
147600 3538 1340 
147650 3538 1880 
147700 3544 2296 
147750 3533 2664 
147800 3547 2962 
147850 3545 3186 
147900 3547 3308 
147950 3565 3428 
148000 3543 3490 
148050 3340 1931 
148100 3478 822 
148150 3515 353 
148200 3562 140 
148250 3555 36 
148300 3564 8 
148350 3549 6 
148400 3565 9 
148450 3533 7 
148500 3548 6 
148550 3561 657 
148600 3569 1385 
148650 3570 1977 
148700 3552 2425 
148750 3543 2769 
148800 3554 3000 
148850 3559 3179 
148900 3545 3299 
148950 3540 3385 
149000 3535 3447 
149050 3348 1861 
149100 3459 892 
149150 3504 405 
149200 3534 176 
149250 3539 53 
149300 3531 16 
149350 3563 7 
149400 3543 12 
149450 3540 11 
149500 3549 2 
149550 3551 674 
149600 3552 1480 
149650 3558 2007 
149700 3545 2422 
149750 3537 2726 
149800 3550 3030 
149850 3549 3227 
149900 3547 3376 
149950 3554 3459 
150000 3550 3516 
150050 3345 2078 
150100 3439 1063 
150150 3501 544 
150200 3544 276 
150250 3543 98 
150300 3560 18 
150350 3549 4 
150400 3545 4 
150450 3538 2 
150500 3544 1 
150550 3551 0 
150600 3502 54 
150650 3483 785 
150700 3521 1488 
150750 3532 1946 
150800 3556 2406 
150850 3544 2784 
150900 3539 3081 
150950 3547 3315 
151000 3552 3465 
151050 3369 1926 
151100 3481 805 
151150 3515 313 
151200 3523 124 
151250 3545 69 
151300 3553 46 
151350 3549 15 
151400 3538 12 
151450 3560 5 
151500 3539 7 
151550 3533 530 
151600 3530 1211 
151650 3526 1820 
151700 3539 2362 
151750 3526 2761 
151800 3542 3124 
151850 3545 3360 
151900 3535 3475 
151950 3535 3522 
152000 3550 3528 
152050 3397 1949 
152100 3494 834 
152150 3520 272 
152200 3533 86 
152250 3547 11 
152300 3545 2 
152350 3559 4 
152400 3565 3 
152450 3566 0 
152500 3555 6 
152550 3552 487 
152600 3540 1153 
152650 3553 1654 
152700 3531 2233 
152750 3548 2757 
152800 3535 3093 
152850 3532 3244 
152900 3538 3367 
152950 3556 3459 
153000 3555 3506 
153050 3359 1973 
153100 3477 769 
153150 3533 275 
153200 3529 72 
153250 3548 15 
153300 3546 2 
153350 3556 3 
153400 3554 6 
153450 3548 0 
153500 3530 5 
153550 3514 37 
153600 3289 267 
153650 2790 747 
153700 2269 1284 
153750 1983 2060 
153800 2177 2405 
153850 2401 2655 
153900 2662 2870 
153950 2882 3049 
154000 3105 3213 
154050 3052 2103 
154100 3280 1177 
154150 3366 635 
154200 3482 412 
154250 3516 204 
154300 3540 80 
154350 3558 31 
154400 3543 12 
154450 3548 1 
154500 3546 2 
154550 3546 15 
154600 3416 137 
154650 3083 531 
154700 3140 1231 
154750 3278 1661 
154800 3363 2046 
154850 3447 2424 
154900 3508 2774 
154950 3535 3024 
155000 3538 3220 
155050 3327 2095 
155100 3414 1165 
155150 3509 578 
155200 3533 250 
155250 3546 89 
155300 3547 15 
155350 3553 1 
155400 3559 2 
155450 3556 4 
155500 3529 1 
155550 3534 61 
155600 3539 830 
155650 3543 1454 
155700 3539 2031 
155750 3532 2521 
155800 3553 2924 
155850 3553 3153 
155900 3537 3293 
155950 3549 3445 
156000 3551 3521 
156050 3350 1996 
156100 3466 800 
156150 3520 296 
156200 3526 91 
156250 3555 33 
156300 3544 8 
156350 3543 6 
156400 3545 3 
156450 3571 2 
156500 3545 4 
156550 3551 598 
156600 3547 1286 
156650 3555 1879 
156700 3551 2373 
156750 3551 2743 
156800 3553 3043 
156850 3543 3263 
156900 3550 3388 
156950 3551 3477 
157000 3546 3514 
157050 3328 1961 
157100 3440 876 
157150 3515 379 
157200 3542 158 
157250 3556 56 
157300 3546 11 
157350 3545 5 
157400 3537 2 
157450 3551 8 
157500 3550 4 
157550 3552 598 
157600 3560 1291 
157650 3545 1815 
157700 3545 2291 
157750 3532 2698 
157800 3519 2983 
157850 3551 3203 
157900 3528 3313 
157950 3542 3425 
158000 3549 3502 
158050 3353 2066 
158100 3430 1080 
158150 3498 565 
158200 3530 298 
158250 3539 109 
158300 3547 13 
158350 3530 7 
158400 3559 4 
158450 3545 2 
158500 3552 3 
158550 3532 515 
158600 3529 1460 
158650 3539 2107 
158700 3536 2590 
158750 3539 2969 
158800 3538 3232 
158850 3561 3426 
158900 3540 3499 
158950 3556 3529 
159000 3542 3518 
159050 3339 2034 
159100 3475 926 
159150 3508 340 
159200 3543 159 
159250 3544 63 
159300 3525 13 
159350 3557 2 
159400 3552 5 
159450 3541 5 
159500 3561 0 
159550 3553 386 
159600 3559 1111 
159650 3552 1723 
159700 3553 2244 
159750 3550 2707 
159800 3551 3003 
159850 3553 3276 
159900 3535 3422 
159950 3539 3490 
160000 3548 3529 
160050 3245 2311 
160100 3345 1474 
160150 3489 1027 
160200 3476 583 
160250 3497 308 
160300 3518 140 
160350 3540 62 
160400 3550 18 
160450 3547 10 
160500 3547 1 
160550 3558 415 
160600 3547 1184 
160650 3533 1746 
160700 3550 2230 
160750 3541 2581 
160800 3548 2898 
160850 3561 3177 
160900 3547 3317 
160950 3542 3424 
161000 3560 3493 
161050 3378 2071 
161100 3476 865 
161150 3530 329 
161200 3553 144 
161250 3534 47 
161300 3550 17 
161350 3546 4 
161400 3547 4 
161450 3559 0 
161500 3545 4 
161550 3537 720 
161600 3552 1378 
161650 3551 1909 
161700 3544 2377 
161750 3542 2714 
161800 3557 3025 
161850 3556 3250 
161900 3549 3364 
161950 3556 3475 
162000 3553 3518 
162050 3306 2098 
162100 3392 1147 
162150 3475 632 
162200 3526 348 
162250 3521 160 
162300 3521 69 
162350 3556 27 
162400 3541 12 
162450 3552 3 
162500 3552 4 
162550 3556 688 
162600 3553 1520 
162650 3543 2154 
162700 3541 2669 
162750 3538 2978 
162800 3534 3193 
162850 3540 3384 
162900 3549 3461 
162950 3548 3510 
163000 3542 3528 
163050 3347 2035 
163100 3455 978 
163150 3497 450 
163200 3517 156 
163250 3541 29 
163300 3546 8 
163350 3542 5 
163400 3537 3 
163450 3544 5 
163500 3555 1 
163550 3554 4 
163600 3475 79 
163650 3298 961 
163700 3280 1691 
163750 3332 2198 
163800 3373 2563 
163850 3435 2849 
163900 3473 3088 
163950 3495 3267 
164000 3539 3418 
164050 3366 2074 
164100 3447 1019 
164150 3514 424 
164200 3525 157 
164250 3551 32 
164300 3543 4 
164350 3530 9 
164400 3553 2 
164450 3549 1 
164500 3537 4 
164550 3549 11 
164600 3498 604 
164650 3496 1272 
164700 3485 1835 
164750 3485 2342 
164800 3478 2783 
164850 3471 3110 
164900 3485 3302 
164950 3507 3401 
165000 3548 3456 
165050 3366 2021 
165100 3456 1020 
165150 3480 535 
165200 3525 335 
165250 3535 171 
165300 3538 58 
165350 3543 11 
165400 3551 4 
165450 3536 3 
165500 3545 7 
165550 3531 313 
165600 3525 1113 
165650 3517 1625 
165700 3530 2036 
165750 3525 2432 
165800 3552 2794 
165850 3565 3105 
165900 3552 3295 
165950 3543 3423 
166000 3554 3510 
166050 3303 2407 
166100 3381 1502 
166150 3492 1000 
166200 3508 496 
166250 3522 244 
166300 3522 91 
166350 3532 34 
166400 3547 8 
166450 3541 2 
166500 3545 0 
166550 3541 147 
166600 3524 981 
166650 3527 1610 
166700 3529 2129 
166750 3531 2527 
166800 3541 2912 
166850 3537 3159 
166900 3547 3331 
166950 3538 3411 
167000 3544 3489 
167050 3383 2004 
167100 3491 914 
167150 3502 385 
167200 3543 216 
167250 3525 108 
167300 3538 40 
167350 3546 7 
167400 3540 0 
167450 3551 0 
167500 3525 1 
167550 3551 302 
167600 3540 974 
167650 3549 1521 
167700 3545 2031 
167750 3550 2459 
167800 3549 2879 
167850 3562 3131 
167900 3551 3308 
167950 3555 3418 
168000 3542 3453 
168050 3362 1855 
168100 3471 797 
168150 3521 286 
168200 3547 84 
168250 3564 29 
168300 3527 7 
168350 3530 5 
168400 3555 11 
168450 3543 14 
168500 3554 13 
168550 3542 745 
168600 3545 1561 
168650 3537 2168 
168700 3547 2602 
168750 3548 3020 
168800 3552 3276 
168850 3556 3417 
168900 3559 3500 
168950 3546 3514 
169000 3536 3520 
169050 3254 2167 
169100 3352 1173 
169150 3470 724 
169200 3512 427 
169250 3504 222 
169300 3521 96 
169350 3549 38 
169400 3548 10 
169450 3540 6 
169500 3539 5 
169550 3544 557 
169600 3539 1353 
169650 3550 1940 
169700 3550 2390 
169750 3560 2688 
169800 3531 2960 
169850 3537 3200 
169900 3539 3334 
169950 3546 3440 
170000 3548 3495 
170050 3366 1950 
170100 3476 840 
170150 3523 356 
170200 3537 171 
170250 3551 79 
170300 3540 29 
170350 3550 5 
170400 3544 3 
170450 3557 2 
170500 3559 1 
170550 3553 0 
170600 3557 691 
170650 3548 1355 
170700 3550 1974 
170750 3545 2374 
170800 3550 2783 
170850 3543 3069 
170900 3546 3277 
170950 3555 3392 
171000 3556 3486 
171050 3338 2022 
171100 3454 947 
171150 3491 416 
171200 3532 194 
171250 3536 60 
171300 3532 15 
171350 3546 5 
171400 3542 12 
171450 3543 8 
171500 3535 5 
171550 3548 304 
171600 3551 996 
171650 3548 1587 
171700 3554 2083 
171750 3557 2519 
171800 3567 2855 
171850 3536 3071 
171900 3556 3240 
171950 3556 3375 
172000 3552 3458 
172050 3353 1932 
172100 3460 929 
172150 3506 468 
172200 3534 234 
172250 3526 84 
172300 3532 20 
172350 3537 4 
172400 3546 2 
172450 3556 5 
172500 3538 6 
172550 3545 692 
172600 3541 1331 
172650 3556 1914 
172700 3533 2447 
172750 3546 2831 
172800 3546 3097 
172850 3548 3297 
172900 3543 3400 
172950 3557 3469 
173000 3572 3502 
173050 3384 1928 
173100 3497 818 
173150 3532 299 
173200 3550 103 
173250 3538 41 
173300 3542 12 
173350 3544 10 
173400 3549 6 
173450 3541 10 
173500 3545 5 
173550 3549 247 
173600 3549 1001 
173650 3543 1646 
173700 3548 2227 
173750 3534 2716 
173800 3543 3095 
173850 3551 3345 
173900 3547 3467 
173950 3534 3494 
174000 3524 3505 
174050 3338 1883 
174100 3456 881 
174150 3480 398 
174200 3520 253 
174250 3544 111 
174300 3539 50 
174350 3542 20 
174400 3547 18 
174450 3542 19 
174500 3551 18 
174550 3543 355 
174600 3544 1381 
174650 3544 1909 
174700 3538 2291 
174750 3549 2580 
174800 3554 2874 
174850 3544 3037 
174900 3540 3208 
174950 3556 3361 
175000 3562 3457 
175050 3343 2078 
175100 3435 1286 
175150 3495 820 
175200 3549 528 
175250 3544 252 
175300 3544 97 
175350 3550 41 
175400 3550 12 
175450 3552 12 
175500 3546 15 
175550 3545 434 
175600 3529 1146 
175650 3540 1756 
175700 3539 2217 
175750 3546 2602 
175800 3559 2965 
175850 3541 3214 
175900 3541 3364 
175950 3546 3468 
176000 3545 3529 
176050 3338 1973 
176100 3450 878 
176150 3509 389 
176200 3539 172 
176250 3557 53 
176300 3547 14 
176350 3539 3 
176400 3531 8 
176450 3546 3 
176500 3546 7 
176550 3539 690 
176600 3546 1315 
176650 3552 1833 
176700 3541 2229 
176750 3548 2629 
176800 3553 3000 
176850 3546 3203 
176900 3552 3351 
176950 3549 3447 
177000 3552 3502 
177050 3361 2028 
177100 3469 990 
177150 3531 408 
177200 3550 153 
177250 3567 36 
177300 3538 7 
177350 3544 8 
177400 3532 10 
177450 3545 7 
177500 3538 4 
177550 3520 710 
177600 3522 1549 
177650 3527 2111 
177700 3544 2488 
177750 3542 2843 
177800 3558 3127 
177850 3549 3289 
177900 3561 3418 
177950 3538 3478 
178000 3536 3508 
178050 3337 2024 
178100 3442 1009 
178150 3492 462 
178200 3538 250 
178250 3534 117 
178300 3546 53 
178350 3553 15 
178400 3558 6 
178450 3546 8 
178500 3551 4 
178550 3530 344 
178600 3525 1223 
178650 3537 1929 
178700 3551 2590 
178750 3547 3029 
178800 3542 3327 
178850 3541 3470 
178900 3542 3510 
178950 3555 3526 
179000 3535 3517 
179050 3370 2026 
179100 3486 916 
179150 3535 396 
179200 3553 187 
179250 3548 64 
179300 3534 9 
179350 3566 3 
179400 3544 9 
179450 3558 11 
179500 3559 2 
179550 3556 653 
179600 3535 1403 
179650 3554 1908 
179700 3556 2333 
179750 3559 2756 
179800 3546 3098 
179850 3550 3305 
179900 3550 3422 
179950 3551 3486 
180000 3546 3520 
180050 3328 2008 
180100 3438 994 
180150 3505 497 
180200 3547 211 
180250 3546 66 
180300 3557 18 
180350 3549 2 
180400 3557 2 
180450 3552 4 
180500 3559 7 
180550 3565 1 
180600 3553 12 
180650 3492 645 
180700 3521 1197 
180750 3520 1686 
180800 3520 2147 
180850 3538 2538 
180900 3545 2839 
180950 3549 3068 
181000 3544 3255 
181050 3337 2131 
181100 3425 1160 
181150 3490 575 
181200 3542 313 
181250 3543 132 
181300 3524 70 
181350 3534 13 
181400 3540 8 
181450 3530 6 
181500 3543 2 
181550 3548 389 
181600 3530 1139 
181650 3524 1729 
181700 3557 2245 
181750 3551 2675 
181800 3548 2983 
181850 3549 3201 
181900 3529 3352 
181950 3530 3458 
182000 3541 3504 
182050 3383 1932 
182100 3488 837 
182150 3515 314 
182200 3529 92 
182250 3540 25 
182300 3548 9 
182350 3544 6 
182400 3538 9 
182450 3550 8 
182500 3551 6 
182550 3548 585 
182600 3554 1254 
182650 3560 1859 
182700 3561 2422 
182750 3543 2804 
182800 3540 3134 
182850 3544 3350 
182900 3552 3448 
182950 3559 3509 
183000 3556 3529 
183050 3296 2155 
183100 3411 1213 
183150 3515 664 
183200 3546 289 
183250 3539 112 
183300 3529 59 
183350 3550 16 
183400 3555 6 
183450 3551 4 
183500 3542 5 
183550 3548 507 
183600 3551 1227 
183650 3554 1876 
183700 3549 2371 
183750 3561 2758 
183800 3542 3042 
183850 3546 3246 
183900 3554 3387 
183950 3532 3454 
184000 3543 3509 
184050 3365 2055 
184100 3452 1074 
184150 3497 482 
184200 3529 196 
184250 3559 44 
184300 3551 7 
184350 3545 5 
184400 3541 1 
184450 3549 4 
184500 3541 5 
184550 3557 347 
184600 3554 1015 
184650 3560 1619 
184700 3558 2129 
184750 3565 2536 
184800 3547 2902 
184850 3567 3217 
184900 3562 3407 
184950 3562 3500 
185000 3554 3524 
185050 3338 2031 
185100 3442 1073 
185150 3518 521 
185200 3552 239 
185250 3546 75 
185300 3547 20 
185350 3555 5 
185400 3547 3 
185450 3568 4 
185500 3562 1 
185550 3540 10 
185600 3436 105 
185650 3195 356 
185700 2980 1131 
185750 2951 1803 
185800 2982 2275 
185850 3072 2681 
185900 3169 2992 
185950 3268 3214 
186000 3328 3331 
186050 3251 2148 
186100 3420 1055 
186150 3512 468 
186200 3541 199 
186250 3540 79 
186300 3530 24 
186350 3550 6 
186400 3539 5 
186450 3544 10 
186500 3554 0 
186550 3560 615 
186600 3537 1271 
186650 3546 1798 
186700 3548 2251 
186750 3553 2668 
186800 3551 2903 
186850 3534 3129 
186900 3556 3306 
186950 3547 3441 
187000 3559 3539 
187050 3300 2222 
187100 3422 1225 
187150 3524 815 
187200 3537 424 
187250 3531 201 
187300 3563 101 
187350 3557 51 
187400 3567 15 
187450 3542 11 
187500 3551 8 
187550 3545 779 
187600 3547 1532 
187650 3541 2001 
187700 3551 2426 
187750 3542 2735 
187800 3551 3042 
187850 3545 3236 
187900 3556 3445 
187950 3553 3522 
188000 3552 3547 
188050 3334 2157 
188100 3423 1217 
188150 3539 745 
188200 3544 389 
188250 3544 179 
188300 3557 94 
188350 3548 33 
188400 3555 14 
188450 3563 7 
188500 3564 3 
188550 3554 544 
188600 3552 1212 
188650 3549 1736 
188700 3563 2258 
188750 3565 2654 
188800 3555 2923 
188850 3557 3155 
188900 3557 3307 
188950 3565 3423 
189000 3560 3496 
189050 3280 2281 
189100 3377 1433 
189150 3517 1020 
189200 3533 657 
189250 3544 390 
189300 3554 163 
189350 3549 44 
189400 3560 9 
189450 3554 4 
189500 3562 8 
189550 3566 445 
189600 3563 1116 
189650 3557 1654 
189700 3563 2171 
189750 3557 2590 
189800 3553 2897 
189850 3541 3132 
189900 3564 3311 
189950 3564 3432 
190000 3548 3469 
190050 3298 2324 
190100 3349 1544 
190150 3523 1261 
190200 3529 833 
190250 3542 558 
190300 3547 309 
190350 3543 168 
190400 3555 93 
190450 3558 34 
190500 3559 15 
190550 3552 4 
190600 3564 699 
190650 3558 1297 
190700 3563 1956 
190750 3572 2481 
190800 3569 2828 
190850 3563 3116 
190900 3568 3326 
190950 3558 3481 
191000 3571 3547 
191050 3344 2128 
191100 3438 1159 
191150 3541 687 
191200 3548 325 
191250 3555 117 
191300 3572 28 
191350 3571 9 
191400 3559 8 
191450 3552 13 
191500 3557 3 
191550 3563 683 
191600 3559 1407 
191650 3558 1945 
191700 3566 2461 
191750 3561 2817 
191800 3560 3076 
191850 3556 3289 
191900 3542 3385 
191950 3541 3463 
192000 3550 3500 
192050 3428 1863 
192100 3494 803 
192150 3507 322 
192200 3546 130 
192250 3541 49 
192300 3536 17 
192350 3532 6 
192400 3545 6 
192450 3563 2 
192500 3552 6 
192550 3558 585 
192600 3546 1311 
192650 3555 1837 
192700 3544 2322 
192750 3551 2722 
192800 3559 3040 
192850 3556 3241 
192900 3557 3343 
192950 3563 3456 
193000 3546 3499 
193050 3354 2144 
193100 3445 1142 
193150 3522 550 
193200 3554 211 
193250 3563 43 
193300 3545 6 
193350 3557 4 
193400 3561 4 
193450 3555 6 
193500 3554 4 
193550 3555 515 
193600 3541 1259 
193650 3547 1796 
193700 3547 2291 
193750 3555 2702 
193800 3543 2973 
193850 3557 3191 
193900 3546 3352 
193950 3561 3454 
194000 3563 3501 
194050 3315 2074 
194100 3428 1144 
194150 3516 589 
194200 3554 268 
194250 3567 43 
194300 3560 6 
194350 3565 4 
194400 3549 6 
194450 3567 2 
194500 3557 3 
194550 3557 1 
194600 3559 768 
194650 3556 1515 
194700 3557 2143 
194750 3548 2647 
194800 3563 3055 
194850 3562 3315 
194900 3549 3445 
194950 3557 3545 
195000 3559 3541 
195050 3315 2113 
195100 3409 1105 
195150 3511 536 
195200 3523 242 
195250 3542 87 
195300 3557 27 
195350 3555 11 
195400 3556 6 
195450 3553 10 
195500 3551 5 
195550 3543 6 
195600 3504 911 
195650 3524 1626 
195700 3540 2125 
195750 3541 2557 
195800 3549 2885 
195850 3546 3161 
195900 3546 3378 
195950 3554 3469 
196000 3552 3519 
196050 3321 2066 
196100 3431 1051 
196150 3513 485 
196200 3540 190 
196250 3561 54 
196300 3559 15 
196350 3552 8 
196400 3553 1 
196450 3552 3 
196500 3567 2 
196550 3562 18 
196600 3550 1087 
196650 3545 1830 
196700 3552 2376 
196750 3563 2812 
196800 3550 3085 
196850 3556 3300 
196900 3556 3455 
196950 3561 3513 
197000 3552 3538 
197050 3308 2227 
197100 3399 1343 
197150 3497 931 
197200 3512 533 
197250 3519 266 
197300 3530 107 
197350 3543 28 
197400 3546 7 
197450 3555 7 
197500 3552 4 
197550 3550 940 
197600 3554 1858 
197650 3552 2433 
197700 3570 2856 
197750 3545 3080 
197800 3560 3270 
197850 3559 3399 
197900 3563 3503 
197950 3546 3522 
198000 3562 3546 
198050 3372 2209 
198100 3469 1254 
198150 3537 829 
198200 3536 530 
198250 3542 343 
198300 3555 193 
198350 3548 70 
198400 3552 23 
198450 3542 7 
198500 3558 0 
198550 3551 0 
198600 3556 0 
198650 3549 822 
198700 3563 1550 
198750 3558 2155 
198800 3566 2563 
198850 3558 2877 
198900 3558 3109 
198950 3549 3245 
199000 3562 3373 
199050 3382 2015 
199100 3476 977 
199150 3506 472 
199200 3545 223 
199250 3563 121 
199300 3548 44 
199350 3558 8 
199400 3561 2 
199450 3560 2 
199500 3542 0 
199550 3567 489 
199600 3560 1150 
199650 3556 1690 
199700 3557 2231 
199750 3561 2698 
199800 3557 3032 
199850 3548 3258 
199900 3558 3401 
199950 3565 3485 
200000 3545 3507 
