# Avida tasks data
# Sat Apr  7 03:09:26 2012
# First column gives the current update, next columns give the number
# of organisms that have the particular task as a component of their merit
#  1: Update
#  2: Xor
#  3: Equals

0 0 0 
50 7 7 
100 40 40 
150 110 110 
200 231 231 
250 432 436 
300 666 667 
350 947 948 
400 1312 1312 
450 1741 1735 
500 2173 2172 
550 2686 2687 
600 3198 3194 
650 3442 3441 
700 3553 3550 
750 3543 3544 
800 3531 3530 
850 3524 3528 
900 3520 3523 
950 3553 3547 
1000 3550 3547 
1050 3521 3525 
1100 3543 3552 
1150 3544 3545 
1200 3560 3558 
1250 3553 3548 
1300 3542 3549 
1350 3542 3549 
1400 3537 3537 
1450 3530 3535 
1500 3551 3546 
1550 3535 3528 
1600 3529 3531 
1650 3556 3562 
1700 3543 3544 
1750 3548 3552 
1800 3560 3561 
1850 3534 3529 
1900 3541 3547 
1950 3533 3528 
2000 3535 3530 
2050 3526 3521 
2100 3540 3545 
2150 3539 3532 
2200 3533 3529 
2250 3540 3536 
2300 3535 3532 
2350 3537 3539 
2400 3542 3544 
2450 3540 3541 
2500 3531 3528 
2550 3537 3538 
2600 3538 3545 
2650 3526 3524 
2700 3539 3536 
2750 3552 3548 
2800 3547 3546 
2850 3525 3523 
2900 3534 3535 
2950 3552 3550 
3000 3558 3549 
3050 3556 3555 
3100 3548 3545 
3150 3540 3540 
3200 3543 3548 
3250 3555 3556 
3300 3547 3548 
3350 3551 3557 
3400 3562 3563 
3450 3558 3561 
3500 3566 3567 
3550 3536 3539 
3600 3544 3547 
3650 3540 3541 
3700 3544 3547 
3750 3542 3540 
3800 3546 3537 
3850 3565 3562 
3900 3555 3553 
3950 3548 3547 
4000 3545 3546 
4050 3529 3532 
4100 3528 3532 
4150 3550 3548 
4200 3540 3537 
4250 3549 3546 
4300 3537 3538 
4350 3534 3530 
4400 3551 3546 
4450 3543 3554 
4500 3545 3548 
4550 3546 3547 
4600 3546 3553 
4650 3544 3546 
4700 3552 3548 
4750 3540 3542 
4800 3543 3536 
4850 3539 3537 
4900 3519 3516 
4950 3545 3542 
5000 3550 3548 
5050 3551 3550 
5100 3534 3540 
5150 3533 3528 
5200 3546 3544 
5250 3532 3534 
5300 3527 3529 
5350 3525 3526 
5400 3551 3554 
5450 3542 3541 
5500 3544 3540 
5550 3543 3543 
5600 3547 3553 
5650 3544 3546 
5700 3558 3562 
5750 3547 3544 
5800 3544 3535 
5850 3550 3551 
5900 3545 3543 
5950 3549 3548 
6000 3542 3546 
6050 3561 3561 
6100 3545 3546 
6150 3547 3547 
6200 3537 3532 
6250 3539 3546 
6300 3540 3536 
6350 3536 3537 
6400 3544 3540 
6450 3550 3550 
6500 3547 3551 
6550 3539 3538 
6600 3560 3559 
6650 3541 3544 
6700 3556 3551 
6750 3541 3547 
6800 3545 3540 
6850 3566 3564 
6900 3555 3557 
6950 3550 3549 
7000 3574 3575 
7050 3548 3547 
7100 3540 3535 
7150 3560 3553 
7200 3542 3535 
7250 3537 3538 
7300 3559 3561 
7350 3543 3538 
7400 3540 3537 
7450 3549 3549 
7500 3551 3551 
7550 3540 3541 
7600 3547 3547 
7650 3558 3557 
7700 3549 3548 
7750 3531 3534 
7800 3546 3550 
7850 3536 3539 
7900 3544 3540 
7950 3550 3552 
8000 3552 3553 
8050 3550 3548 
8100 3534 3532 
8150 3534 3537 
8200 3552 3549 
8250 3548 3545 
8300 3544 3549 
8350 3549 3555 
8400 3539 3537 
8450 3552 3554 
8500 3546 3544 
8550 3557 3560 
8600 3543 3545 
8650 3548 3551 
8700 3530 3530 
8750 3536 3532 
8800 3541 3538 
8850 3544 3542 
8900 3535 3534 
8950 3535 3538 
9000 3534 3531 
9050 3547 3536 
9100 3543 3545 
9150 3549 3546 
9200 3538 3542 
9250 3545 3546 
9300 3533 3532 
9350 3542 3552 
9400 3549 3552 
9450 3563 3564 
9500 3544 3549 
9550 3550 3553 
9600 3547 3544 
9650 3548 3536 
9700 3557 3554 
9750 3557 3552 
9800 3551 3552 
9850 3553 3550 
9900 3545 3546 
9950 3563 3557 
10000 3548 3546 
10050 3546 3539 
10100 3562 3559 
10150 3543 3543 
10200 3533 3530 
10250 3544 3541 
10300 3533 3520 
10350 3541 3537 
10400 3534 3530 
10450 3539 3537 
10500 3540 3540 
10550 3531 3529 
10600 3562 3554 
10650 3548 3557 
10700 3552 3547 
10750 3550 3548 
10800 3544 3544 
10850 3547 3541 
10900 3525 3519 
10950 3551 3546 
11000 3533 3531 
11050 3521 3528 
11100 3532 3533 
11150 3552 3553 
11200 3550 3543 
11250 3534 3539 
11300 3536 3539 
11350 3545 3546 
11400 3552 3543 
11450 3547 3545 
11500 3539 3543 
11550 3531 3533 
11600 3549 3553 
11650 3532 3547 
11700 3538 3538 
11750 3554 3553 
11800 3558 3554 
11850 3541 3532 
11900 3542 3539 
11950 3544 3537 
12000 3561 3563 
12050 3542 3543 
12100 3536 3543 
12150 3534 3540 
12200 3552 3553 
12250 3553 3556 
12300 3532 3538 
12350 3532 3534 
12400 3533 3536 
12450 3536 3542 
12500 3525 3528 
12550 3530 3533 
12600 3544 3547 
12650 3546 3543 
12700 3546 3549 
12750 3536 3530 
12800 3550 3544 
12850 3544 3548 
12900 3549 3548 
12950 3532 3537 
13000 3528 3533 
13050 3551 3545 
13100 3529 3532 
13150 3544 3546 
13200 3563 3558 
13250 3550 3543 
13300 3560 3557 
13350 3557 3561 
13400 3550 3544 
13450 3561 3561 
13500 3542 3547 
13550 3555 3551 
13600 3543 3542 
13650 3550 3547 
13700 3544 3547 
13750 3531 3537 
13800 3554 3553 
13850 3548 3541 
13900 3554 3551 
13950 3544 3545 
14000 3538 3540 
14050 3545 3545 
14100 3536 3531 
14150 3526 3527 
14200 3545 3547 
14250 3517 3511 
14300 3556 3549 
14350 3547 3546 
14400 3546 3551 
14450 3536 3538 
14500 3542 3544 
14550 3546 3543 
14600 3555 3560 
14650 3544 3545 
14700 3540 3543 
14750 3548 3548 
14800 3543 3542 
14850 3554 3549 
14900 3551 3551 
14950 3556 3557 
15000 3550 3547 
15050 3551 3549 
15100 3549 3542 
15150 3541 3545 
15200 3562 3562 
15250 3555 3553 
15300 3552 3551 
15350 3547 3548 
15400 3548 3544 
15450 3557 3560 
15500 3534 3532 
15550 3543 3547 
15600 3547 3543 
15650 3549 3544 
15700 3532 3537 
15750 3553 3557 
15800 3552 3550 
15850 3530 3531 
15900 3538 3539 
15950 3539 3546 
16000 3527 3535 
16050 3544 3541 
16100 3548 3546 
16150 3544 3543 
16200 3537 3537 
16250 3535 3543 
16300 3556 3557 
16350 3558 3550 
16400 3552 3548 
16450 3548 3550 
16500 3546 3548 
16550 3527 3539 
16600 3543 3549 
16650 3544 3545 
16700 3544 3544 
16750 3541 3536 
16800 3537 3533 
16850 3552 3542 
16900 3561 3555 
16950 3549 3547 
17000 3559 3561 
17050 3553 3558 
17100 3563 3563 
17150 3553 3554 
17200 3538 3540 
17250 3568 3565 
17300 3547 3539 
17350 3530 3529 
17400 3538 3540 
17450 3536 3537 
17500 3548 3546 
17550 3545 3544 
17600 3547 3544 
17650 3550 3546 
17700 3545 3542 
17750 3557 3553 
17800 3550 3549 
17850 3557 3555 
17900 3562 3559 
17950 3551 3555 
18000 3540 3541 
18050 3554 3554 
18100 3560 3564 
18150 3552 3552 
18200 3555 3553 
18250 3548 3550 
18300 3544 3543 
18350 3549 3547 
18400 3547 3547 
18450 3554 3551 
18500 3542 3538 
18550 3544 3537 
18600 3553 3550 
18650 3567 3566 
18700 3544 3547 
18750 3537 3539 
18800 3542 3540 
18850 3538 3544 
18900 3540 3545 
18950 3525 3530 
19000 3542 3538 
19050 3548 3541 
19100 3543 3543 
19150 3530 3537 
19200 3535 3537 
19250 3535 3530 
19300 3558 3556 
19350 3564 3564 
19400 3556 3552 
19450 3550 3547 
19500 3545 3543 
19550 3570 3562 
19600 3531 3537 
19650 3547 3553 
19700 3548 3547 
19750 3546 3544 
19800 3546 3538 
19850 3543 3545 
19900 3543 3537 
19950 3534 3534 
20000 3541 3543 
20050 3547 3545 
20100 3526 3528 
20150 3540 3541 
20200 3543 3540 
20250 3541 3542 
20300 3539 3539 
20350 3542 3548 
20400 3549 3555 
20450 3559 3557 
20500 3563 3566 
20550 3558 3561 
20600 3551 3553 
20650 3553 3558 
20700 3559 3556 
20750 3548 3549 
20800 3554 3546 
20850 3559 3557 
20900 3553 3557 
20950 3537 3538 
21000 3552 3547 
21050 3548 3543 
21100 3549 3543 
21150 3543 3545 
21200 3548 3550 
21250 3541 3540 
21300 3544 3538 
21350 3551 3550 
21400 3554 3554 
21450 3540 3547 
21500 3537 3545 
21550 3558 3561 
21600 3557 3551 
21650 3529 3529 
21700 3556 3559 
21750 3549 3554 
21800 3549 3551 
21850 3554 3554 
21900 3543 3544 
21950 3545 3543 
22000 3551 3553 
22050 3557 3559 
22100 3558 3562 
22150 3546 3544 
22200 3544 3538 
22250 3534 3533 
22300 3546 3541 
22350 3554 3550 
22400 3558 3550 
22450 3536 3532 
22500 3538 3535 
22550 3538 3543 
22600 3553 3548 
22650 3538 3537 
22700 3541 3540 
22750 3559 3559 
22800 3545 3544 
22850 3544 3540 
22900 3558 3556 
22950 3536 3535 
23000 3562 3554 
23050 3535 3533 
23100 3541 3548 
23150 3536 3544 
23200 3568 3566 
23250 3546 3550 
23300 3545 3547 
23350 3547 3545 
23400 3547 3544 
23450 3552 3544 
23500 3555 3555 
23550 3545 3555 
23600 3543 3545 
23650 3546 3541 
23700 3546 3546 
23750 3547 3551 
23800 3537 3531 
23850 3536 3539 
23900 3547 3545 
23950 3548 3542 
24000 3547 3547 
24050 3537 3538 
24100 3537 3529 
24150 3547 3549 
24200 3541 3540 
24250 3563 3562 
24300 3548 3551 
24350 3550 3549 
24400 3544 3546 
24450 3536 3543 
24500 3568 3571 
24550 3560 3563 
24600 3542 3541 
24650 3542 3542 
24700 3538 3540 
24750 3552 3549 
24800 3555 3550 
24850 3571 3572 
24900 3558 3558 
24950 3560 3553 
25000 3548 3546 
25050 3546 3547 
25100 3563 3560 
25150 3551 3542 
25200 3562 3558 
25250 3548 3540 
25300 3552 3548 
25350 3548 3540 
25400 3549 3544 
25450 3547 3550 
25500 3556 3554 
25550 3539 3543 
25600 3547 3554 
25650 3557 3554 
25700 3550 3540 
25750 3544 3539 
25800 3553 3554 
25850 3534 3542 
25900 3555 3556 
25950 3554 3554 
26000 3570 3565 
26050 3554 3552 
26100 3547 3542 
26150 3550 3548 
26200 3532 3535 
26250 3546 3546 
26300 3554 3555 
26350 3548 3545 
26400 3561 3558 
26450 3546 3542 
26500 3562 3558 
26550 3563 3562 
26600 3557 3558 
26650 3546 3541 
26700 3541 3537 
26750 3548 3542 
26800 3561 3565 
26850 3548 3545 
26900 3543 3546 
26950 3536 3539 
27000 3551 3551 
27050 3542 3546 
27100 3550 3545 
27150 3555 3555 
27200 3541 3542 
27250 3558 3557 
27300 3542 3537 
27350 3544 3540 
27400 3543 3543 
27450 3547 3553 
27500 3542 3541 
27550 3541 3540 
27600 3562 3561 
27650 3562 3563 
27700 3551 3551 
27750 3549 3549 
27800 3546 3549 
27850 3537 3537 
27900 3535 3532 
27950 3556 3558 
28000 3543 3547 
28050 3542 3549 
28100 3540 3544 
28150 3556 3559 
28200 3532 3529 
28250 3546 3546 
28300 3542 3540 
28350 3534 3546 
28400 3552 3549 
28450 3559 3554 
28500 3543 3547 
28550 3555 3559 
28600 3563 3562 
28650 3546 3553 
28700 3542 3545 
28750 3557 3553 
28800 3540 3540 
28850 3556 3560 
28900 3564 3566 
28950 3570 3571 
29000 3566 3567 
29050 3541 3544 
29100 3557 3559 
29150 3550 3550 
29200 3537 3534 
29250 3538 3539 
29300 3548 3547 
29350 3551 3548 
29400 3554 3552 
29450 3550 3539 
29500 3556 3557 
29550 3556 3552 
29600 3554 3555 
29650 3554 3556 
29700 3555 3554 
29750 3555 3553 
29800 3548 3549 
29850 3540 3547 
29900 3545 3547 
29950 3549 3548 
30000 3538 3541 
30050 3551 3557 
30100 3558 3555 
30150 3558 3565 
30200 3547 3544 
30250 3523 3531 
30300 3550 3550 
30350 3552 3553 
30400 3545 3539 
30450 3552 3551 
30500 3539 3539 
30550 3559 3561 
30600 3563 3564 
30650 3549 3552 
30700 3558 3552 
30750 3551 3552 
30800 3537 3535 
30850 3546 3543 
30900 3538 3541 
30950 3563 3558 
31000 3544 3544 
31050 3535 3532 
31100 3550 3553 
31150 3538 3540 
31200 3561 3565 
31250 3540 3538 
31300 3539 3541 
31350 3562 3563 
31400 3538 3548 
31450 3550 3553 
31500 3542 3542 
31550 3553 3559 
31600 3568 3568 
31650 3541 3545 
31700 3538 3534 
31750 3547 3547 
31800 3534 3534 
31850 3548 3552 
31900 3563 3561 
31950 3543 3539 
32000 3546 3548 
32050 3550 3553 
32100 3539 3536 
32150 3555 3551 
32200 3550 3552 
32250 3545 3544 
32300 3549 3552 
32350 3546 3547 
32400 3540 3533 
32450 3551 3556 
32500 3539 3544 
32550 3545 3546 
32600 3541 3544 
32650 3562 3561 
32700 3538 3542 
32750 3562 3561 
32800 3551 3551 
32850 3536 3535 
32900 3549 3556 
32950 3553 3556 
33000 3557 3554 
33050 3538 3539 
33100 3543 3545 
33150 3553 3554 
33200 3536 3530 
33250 3549 3554 
33300 3549 3551 
33350 3552 3556 
33400 3549 3540 
33450 3552 3549 
33500 3556 3556 
33550 3543 3539 
33600 3554 3552 
33650 3543 3545 
33700 3558 3560 
33750 3535 3543 
33800 3537 3539 
33850 3549 3552 
33900 3556 3559 
33950 3551 3554 
34000 3556 3554 
34050 3540 3543 
34100 3533 3535 
34150 3536 3540 
34200 3528 3539 
34250 3546 3540 
34300 3539 3535 
34350 3531 3532 
34400 3545 3543 
34450 3546 3539 
34500 3549 3556 
34550 3543 3542 
34600 3544 3535 
34650 3549 3547 
34700 3546 3543 
34750 3537 3533 
34800 3551 3546 
34850 3553 3555 
34900 3553 3554 
34950 3537 3538 
35000 3551 3552 
35050 3551 3549 
35100 3533 3529 
35150 3550 3550 
35200 3555 3556 
35250 3559 3559 
35300 3555 3552 
35350 3546 3546 
35400 3547 3552 
35450 3534 3539 
35500 3545 3546 
35550 3562 3562 
35600 3575 3572 
35650 3548 3546 
35700 3550 3545 
35750 3556 3561 
35800 3538 3541 
35850 3536 3533 
35900 3541 3538 
35950 3548 3549 
36000 3556 3551 
36050 3543 3544 
36100 3552 3544 
36150 3554 3552 
36200 3544 3544 
36250 3564 3562 
36300 3546 3549 
36350 3536 3540 
36400 3555 3549 
36450 3539 3543 
36500 3549 3549 
36550 3553 3553 
36600 3560 3559 
36650 3542 3547 
36700 3537 3535 
36750 3539 3535 
36800 3559 3555 
36850 3557 3560 
36900 3541 3539 
36950 3553 3555 
37000 3553 3552 
37050 3547 3545 
37100 3549 3546 
37150 3561 3560 
37200 3544 3539 
37250 3553 3549 
37300 3547 3547 
37350 3545 3541 
37400 3537 3532 
37450 3549 3549 
37500 3554 3554 
37550 3548 3547 
37600 3542 3537 
37650 3540 3543 
37700 3548 3546 
37750 3556 3552 
37800 3560 3552 
37850 3546 3544 
37900 3550 3550 
37950 3551 3549 
38000 3546 3549 
38050 3551 3547 
38100 3565 3567 
38150 3551 3552 
38200 3537 3540 
38250 3545 3548 
38300 3551 3545 
38350 3566 3561 
38400 3553 3549 
38450 3555 3557 
38500 3554 3558 
38550 3547 3551 
38600 3546 3550 
38650 3556 3555 
38700 3568 3567 
38750 3545 3544 
38800 3546 3549 
38850 3559 3562 
38900 3551 3544 
38950 3559 3558 
39000 3555 3547 
39050 3542 3533 
39100 3550 3551 
39150 3545 3550 
39200 3547 3546 
39250 3538 3540 
39300 3554 3554 
39350 3546 3548 
39400 3545 3548 
39450 3543 3547 
39500 3566 3563 
39550 3549 3550 
39600 3548 3546 
39650 3547 3547 
39700 3546 3544 
39750 3555 3558 
39800 3558 3556 
39850 3566 3570 
39900 3549 3547 
39950 3551 3548 
40000 3561 3557 
40050 3560 3557 
40100 3558 3555 
40150 3548 3551 
40200 3549 3558 
40250 3550 3550 
40300 3543 3544 
40350 3547 3546 
40400 3550 3547 
40450 3550 3551 
40500 3554 3559 
40550 3542 3539 
40600 3547 3546 
40650 3539 3544 
40700 3543 3547 
40750 3550 3546 
40800 3550 3548 
40850 3551 3549 
40900 3550 3548 
40950 3560 3561 
41000 3545 3541 
41050 3547 3549 
41100 3558 3557 
41150 3555 3555 
41200 3544 3547 
41250 3555 3555 
41300 3555 3549 
41350 3552 3550 
41400 3559 3558 
41450 3560 3562 
41500 3562 3567 
41550 3531 3529 
41600 3552 3556 
41650 3565 3563 
41700 3544 3541 
41750 3553 3551 
41800 3571 3570 
41850 3554 3557 
41900 3560 3557 
41950 3555 3560 
42000 3542 3551 
42050 3548 3549 
42100 3550 3546 
42150 3536 3536 
42200 3551 3551 
42250 3544 3547 
42300 3554 3556 
42350 3535 3536 
42400 3553 3556 
42450 3547 3547 
42500 3553 3554 
42550 3560 3557 
42600 3558 3563 
42650 3544 3542 
42700 3530 3532 
42750 3543 3542 
42800 3543 3539 
42850 3551 3548 
42900 3545 3549 
42950 3548 3551 
43000 3542 3542 
43050 3560 3560 
43100 3555 3558 
43150 3553 3556 
43200 3544 3543 
43250 3547 3555 
43300 3566 3568 
43350 3546 3545 
43400 3542 3545 
43450 3549 3549 
43500 3554 3547 
43550 3548 3546 
43600 3543 3547 
43650 3540 3532 
43700 3550 3545 
43750 3554 3559 
43800 3543 3538 
43850 3565 3566 
43900 3549 3554 
43950 3533 3537 
44000 3548 3545 
44050 3545 3547 
44100 3550 3550 
44150 3538 3536 
44200 3546 3549 
44250 3547 3548 
44300 3554 3558 
44350 3544 3541 
44400 3554 3559 
44450 3549 3555 
44500 3546 3547 
44550 3556 3554 
44600 3542 3548 
44650 3542 3546 
44700 3539 3543 
44750 3556 3549 
44800 3541 3545 
44850 3553 3555 
44900 3532 3535 
44950 3557 3556 
45000 3546 3538 
45050 3542 3544 
45100 3556 3551 
45150 3554 3553 
45200 3533 3536 
45250 3541 3539 
45300 3551 3555 
45350 3547 3551 
45400 3533 3537 
45450 3554 3547 
45500 3549 3551 
45550 3552 3552 
45600 3544 3542 
45650 3536 3541 
45700 3544 3541 
45750 3548 3548 
45800 3566 3562 
45850 3553 3542 
45900 3552 3547 
45950 3559 3558 
46000 3552 3551 
46050 3560 3556 
46100 3556 3552 
46150 3558 3557 
46200 3549 3548 
46250 3546 3550 
46300 3540 3537 
46350 3543 3543 
46400 3566 3564 
46450 3544 3539 
46500 3554 3551 
46550 3562 3559 
46600 3558 3564 
46650 3545 3543 
46700 3545 3541 
46750 3545 3551 
46800 3553 3555 
46850 3551 3556 
46900 3552 3555 
46950 3533 3536 
47000 3545 3538 
47050 3563 3559 
47100 3537 3536 
47150 3549 3552 
47200 3563 3565 
47250 3562 3563 
47300 3554 3551 
47350 3543 3543 
47400 3549 3558 
47450 3549 3551 
47500 3533 3533 
47550 3554 3552 
47600 3554 3555 
47650 3561 3559 
47700 3548 3540 
47750 3542 3543 
47800 3544 3544 
47850 3544 3544 
47900 3537 3540 
47950 3536 3537 
48000 3545 3551 
48050 3536 3529 
48100 3544 3544 
48150 3541 3537 
48200 3561 3557 
48250 3558 3564 
48300 3544 3544 
48350 3547 3549 
48400 3545 3543 
48450 3543 3547 
48500 3558 3554 
48550 3551 3550 
48600 3557 3560 
48650 3538 3538 
48700 3542 3542 
48750 3552 3556 
48800 3555 3550 
48850 3545 3545 
48900 3558 3553 
48950 3543 3550 
49000 3529 3531 
49050 3546 3545 
49100 3567 3563 
49150 3540 3537 
49200 3542 3538 
49250 3546 3554 
49300 3541 3538 
49350 3556 3550 
49400 3557 3555 
49450 3557 3562 
49500 3545 3547 
49550 3558 3553 
49600 3556 3551 
49650 3548 3548 
49700 3550 3549 
49750 3554 3552 
49800 3548 3547 
49850 3546 3544 
49900 3543 3549 
49950 3548 3555 
50000 3547 3555 
50050 3539 3538 
50100 3569 3564 
50150 3556 3562 
50200 3558 3558 
50250 3543 3541 
50300 3547 3542 
50350 3548 3547 
50400 3569 3561 
50450 3561 3560 
50500 3541 3539 
50550 3551 3546 
50600 3546 3535 
50650 3554 3559 
50700 3558 3553 
50750 3531 3526 
50800 3542 3541 
50850 3540 3546 
50900 3549 3548 
50950 3557 3558 
51000 3565 3564 
51050 3543 3542 
51100 3563 3553 
51150 3541 3540 
51200 3551 3552 
51250 3552 3546 
51300 3551 3544 
51350 3538 3542 
51400 3555 3548 
51450 3550 3545 
51500 3561 3568 
51550 3552 3552 
51600 3546 3540 
51650 3547 3545 
51700 3554 3552 
51750 3547 3548 
51800 3547 3538 
51850 3546 3546 
51900 3544 3537 
51950 3553 3553 
52000 3539 3540 
52050 3544 3553 
52100 3544 3541 
52150 3541 3542 
52200 3540 3541 
52250 3554 3548 
52300 3546 3546 
52350 3550 3556 
52400 3539 3534 
52450 3549 3551 
52500 3566 3568 
52550 3559 3555 
52600 3548 3550 
52650 3536 3539 
52700 3544 3543 
52750 3549 3542 
52800 3552 3553 
52850 3549 3554 
52900 3551 3551 
52950 3556 3553 
53000 3560 3557 
53050 3553 3563 
53100 3544 3544 
53150 3541 3540 
53200 3531 3537 
53250 3553 3544 
53300 3563 3563 
53350 3547 3552 
53400 3558 3560 
53450 3544 3554 
53500 3551 3553 
53550 3553 3559 
53600 3554 3552 
53650 3544 3537 
53700 3557 3549 
53750 3553 3547 
53800 3552 3549 
53850 3558 3558 
53900 3554 3544 
53950 3557 3557 
54000 3542 3548 
54050 3541 3540 
54100 3542 3538 
54150 3551 3551 
54200 3545 3537 
54250 3542 3546 
54300 3553 3546 
54350 3559 3559 
54400 3551 3554 
54450 3548 3547 
54500 3560 3560 
54550 3557 3557 
54600 3555 3553 
54650 3545 3541 
54700 3534 3531 
54750 3550 3555 
54800 3558 3557 
54850 3573 3567 
54900 3561 3562 
54950 3548 3551 
55000 3529 3535 
55050 3544 3535 
55100 3542 3544 
55150 3540 3540 
55200 3535 3530 
55250 3553 3544 
55300 3525 3520 
55350 3553 3551 
55400 3564 3565 
55450 3545 3547 
55500 3551 3550 
55550 3556 3556 
55600 3553 3553 
55650 3550 3553 
55700 3553 3554 
55750 3565 3568 
55800 3557 3557 
55850 3554 3555 
55900 3551 3549 
55950 3553 3552 
56000 3544 3544 
56050 3538 3533 
56100 3530 3526 
56150 3542 3542 
56200 3559 3564 
56250 3554 3558 
56300 3537 3541 
56350 3557 3555 
56400 3561 3556 
56450 3548 3556 
56500 3552 3555 
56550 3561 3558 
56600 3538 3532 
56650 3556 3551 
56700 3543 3541 
56750 3523 3521 
56800 3559 3559 
56850 3551 3555 
56900 3539 3536 
56950 3546 3551 
57000 3542 3541 
57050 3547 3542 
57100 3548 3550 
57150 3550 3553 
57200 3534 3532 
57250 3545 3549 
57300 3556 3550 
57350 3553 3557 
57400 3559 3566 
57450 3554 3548 
57500 3548 3542 
57550 3548 3550 
57600 3554 3552 
57650 3544 3541 
57700 3557 3560 
57750 3548 3554 
57800 3546 3543 
57850 3543 3546 
57900 3540 3545 
57950 3570 3569 
58000 3548 3544 
58050 3543 3543 
58100 3555 3554 
58150 3545 3556 
58200 3527 3527 
58250 3559 3562 
58300 3543 3555 
58350 3538 3540 
58400 3558 3560 
58450 3546 3539 
58500 3560 3560 
58550 3551 3551 
58600 3560 3558 
58650 3564 3566 
58700 3548 3549 
58750 3534 3537 
58800 3549 3553 
58850 3548 3548 
58900 3539 3538 
58950 3562 3561 
59000 3553 3552 
59050 3555 3554 
59100 3556 3562 
59150 3546 3550 
59200 3559 3561 
59250 3545 3542 
59300 3530 3532 
59350 3555 3550 
59400 3543 3540 
59450 3544 3545 
59500 3552 3552 
59550 3540 3545 
59600 3550 3555 
59650 3555 3563 
59700 3558 3562 
59750 3557 3559 
59800 3548 3545 
59850 3538 3538 
59900 3542 3542 
59950 3552 3551 
60000 3556 3557 
60050 3550 3553 
60100 3553 3553 
60150 3554 3550 
60200 3568 3568 
60250 3558 3554 
60300 3556 3559 
60350 3563 3558 
60400 3527 3528 
60450 3542 3541 
60500 3547 3546 
60550 3553 3551 
60600 3551 3552 
60650 3553 3550 
60700 3540 3540 
60750 3545 3542 
60800 3537 3538 
60850 3547 3550 
60900 3539 3536 
60950 3562 3562 
61000 3556 3551 
61050 3557 3558 
61100 3544 3547 
61150 3545 3542 
61200 3557 3556 
61250 3547 3549 
61300 3533 3538 
61350 3540 3537 
61400 3557 3553 
61450 3558 3566 
61500 3564 3560 
61550 3565 3561 
61600 3534 3528 
61650 3545 3542 
61700 3543 3546 
61750 3554 3558 
61800 3549 3545 
61850 3545 3545 
61900 3554 3551 
61950 3554 3554 
62000 3545 3547 
62050 3549 3549 
62100 3550 3546 
62150 3535 3536 
62200 3560 3558 
62250 3557 3559 
62300 3546 3542 
62350 3540 3530 
62400 3560 3560 
62450 3541 3545 
62500 3544 3537 
62550 3539 3542 
62600 3548 3553 
62650 3556 3552 
62700 3560 3560 
62750 3559 3562 
62800 3556 3562 
62850 3553 3553 
62900 3551 3559 
62950 3556 3549 
63000 3534 3533 
63050 3545 3542 
63100 3556 3560 
63150 3554 3550 
63200 3547 3549 
63250 3524 3529 
63300 3554 3557 
63350 3553 3549 
63400 3532 3535 
63450 3546 3551 
63500 3544 3538 
63550 3553 3553 
63600 3563 3565 
63650 3567 3566 
63700 3548 3545 
63750 3543 3547 
63800 3550 3546 
63850 3521 3520 
63900 3540 3542 
63950 3546 3546 
64000 3549 3545 
64050 3540 3543 
64100 3551 3547 
64150 3557 3559 
64200 3546 3544 
64250 3535 3533 
64300 3540 3544 
64350 3542 3545 
64400 3553 3561 
64450 3541 3541 
64500 3546 3550 
64550 3555 3558 
64600 3546 3552 
64650 3559 3560 
64700 3564 3562 
64750 3544 3552 
64800 3551 3553 
64850 3550 3549 
64900 3560 3559 
64950 3550 3553 
65000 3546 3549 
65050 3545 3546 
65100 3539 3535 
65150 3565 3563 
65200 3564 3562 
65250 3536 3539 
65300 3541 3540 
65350 3544 3543 
65400 3551 3551 
65450 3554 3557 
65500 3566 3560 
65550 3540 3549 
65600 3542 3544 
65650 3555 3554 
65700 3564 3562 
65750 3556 3561 
65800 3559 3556 
65850 3546 3547 
65900 3548 3543 
65950 3549 3554 
66000 3538 3538 
66050 3544 3547 
66100 3546 3550 
66150 3550 3550 
66200 3543 3543 
66250 3550 3547 
66300 3540 3542 
66350 3545 3552 
66400 3556 3555 
66450 3560 3561 
66500 3557 3550 
66550 3548 3544 
66600 3537 3537 
66650 3554 3556 
66700 3548 3545 
66750 3540 3539 
66800 3555 3553 
66850 3559 3561 
66900 3550 3547 
66950 3552 3545 
67000 3552 3552 
67050 3539 3542 
67100 3542 3548 
67150 3557 3568 
67200 3551 3552 
67250 3542 3542 
67300 3557 3551 
67350 3550 3549 
67400 3557 3556 
67450 3537 3544 
67500 3559 3563 
67550 3552 3556 
67600 3541 3540 
67650 3558 3557 
67700 3555 3554 
67750 3541 3533 
67800 3542 3540 
67850 3549 3551 
67900 3556 3554 
67950 3550 3553 
68000 3535 3547 
68050 3554 3557 
68100 3549 3552 
68150 3554 3554 
68200 3551 3555 
68250 3563 3559 
68300 3556 3555 
68350 3557 3556 
68400 3552 3558 
68450 3533 3546 
68500 3541 3544 
68550 3563 3567 
68600 3533 3540 
68650 3544 3547 
68700 3546 3549 
68750 3545 3544 
68800 3564 3555 
68850 3558 3558 
68900 3543 3552 
68950 3553 3554 
69000 3543 3541 
69050 3551 3557 
69100 3538 3536 
69150 3557 3560 
69200 3537 3543 
69250 3544 3541 
69300 3543 3545 
69350 3545 3546 
69400 3547 3552 
69450 3545 3547 
69500 3558 3556 
69550 3564 3562 
69600 3547 3546 
69650 3551 3556 
69700 3552 3548 
69750 3544 3542 
69800 3541 3547 
69850 3555 3557 
69900 3548 3556 
69950 3553 3553 
70000 3543 3544 
70050 3545 3545 
70100 3556 3552 
70150 3556 3559 
70200 3548 3550 
70250 3547 3541 
70300 3556 3552 
70350 3554 3549 
70400 3543 3541 
70450 3552 3547 
70500 3550 3557 
70550 3526 3527 
70600 3546 3550 
70650 3550 3550 
70700 3561 3559 
70750 3551 3556 
70800 3556 3559 
70850 3548 3545 
70900 3562 3559 
70950 3546 3544 
71000 3548 3548 
71050 3550 3550 
71100 3538 3535 
71150 3550 3550 
71200 3546 3544 
71250 3555 3552 
71300 3548 3548 
71350 3561 3557 
71400 3557 3560 
71450 3549 3547 
71500 3563 3557 
71550 3554 3553 
71600 3552 3556 
71650 3546 3541 
71700 3540 3537 
71750 3558 3554 
71800 3530 3530 
71850 3564 3565 
71900 3547 3556 
71950 3555 3549 
72000 3550 3548 
72050 3551 3550 
72100 3563 3566 
72150 3559 3559 
72200 3550 3561 
72250 3568 3568 
72300 3561 3555 
72350 3539 3531 
72400 3550 3550 
72450 3539 3541 
72500 3566 3564 
72550 3538 3541 
72600 3554 3560 
72650 3561 3566 
72700 3553 3554 
72750 3549 3546 
72800 3534 3533 
72850 3537 3537 
72900 3543 3545 
72950 3553 3556 
73000 3556 3561 
73050 3548 3546 
73100 3561 3559 
73150 3544 3546 
73200 3544 3541 
73250 3545 3546 
73300 3545 3551 
73350 3554 3549 
73400 3545 3549 
73450 3558 3558 
73500 3545 3549 
73550 3539 3537 
73600 3541 3540 
73650 3544 3546 
73700 3546 3539 
73750 3548 3551 
73800 3544 3541 
73850 3529 3528 
73900 3553 3552 
73950 3545 3543 
74000 3558 3562 
74050 3538 3539 
74100 3542 3539 
74150 3556 3556 
74200 3545 3543 
74250 3553 3557 
74300 3562 3559 
74350 3542 3547 
74400 3545 3549 
74450 3552 3557 
74500 3546 3552 
74550 3559 3554 
74600 3543 3544 
74650 3546 3556 
74700 3541 3538 
74750 3545 3544 
74800 3549 3552 
74850 3547 3550 
74900 3549 3550 
74950 3550 3553 
75000 3542 3543 
75050 3551 3549 
75100 3546 3545 
75150 3541 3550 
75200 3547 3546 
75250 3559 3560 
75300 3552 3554 
75350 3559 3560 
75400 3544 3542 
75450 3553 3552 
75500 3543 3538 
75550 3547 3544 
75600 3546 3545 
75650 3559 3560 
75700 3546 3538 
75750 3553 3546 
75800 3555 3554 
75850 3543 3545 
75900 3545 3547 
75950 3560 3556 
76000 3538 3542 
76050 3547 3547 
76100 3549 3550 
76150 3543 3546 
76200 3548 3549 
76250 3559 3558 
76300 3552 3548 
76350 3561 3561 
76400 3547 3548 
76450 3551 3550 
76500 3541 3541 
76550 3547 3537 
76600 3550 3546 
76650 3561 3562 
76700 3566 3564 
76750 3536 3541 
76800 3542 3547 
76850 3547 3550 
76900 3539 3537 
76950 3543 3539 
77000 3543 3542 
77050 3553 3556 
77100 3546 3551 
77150 3547 3548 
77200 3555 3553 
77250 3566 3562 
77300 3548 3546 
77350 3561 3562 
77400 3542 3547 
77450 3545 3549 
77500 3551 3546 
77550 3544 3543 
77600 3545 3547 
77650 3553 3555 
77700 3544 3548 
77750 3556 3552 
77800 3553 3552 
77850 3555 3556 
77900 3552 3554 
77950 3551 3545 
78000 3548 3543 
78050 3545 3549 
78100 3563 3563 
78150 3553 3554 
78200 3559 3560 
78250 3554 3554 
78300 3538 3541 
78350 3551 3546 
78400 3547 3548 
78450 3547 3543 
78500 3548 3548 
78550 3551 3550 
78600 3561 3565 
78650 3553 3547 
78700 3539 3548 
78750 3552 3557 
78800 3540 3546 
78850 3542 3539 
78900 3547 3548 
78950 3546 3547 
79000 3534 3540 
79050 3564 3563 
79100 3538 3548 
79150 3533 3534 
79200 3550 3550 
79250 3548 3547 
79300 3572 3573 
79350 3543 3540 
79400 3541 3540 
79450 3547 3547 
79500 3560 3560 
79550 3555 3558 
79600 3561 3565 
79650 3549 3549 
79700 3538 3536 
79750 3567 3566 
79800 3548 3544 
79850 3554 3559 
79900 3549 3552 
79950 3548 3556 
80000 3552 3553 
80050 3560 3562 
80100 3559 3558 
80150 3547 3546 
80200 3564 3559 
80250 3557 3555 
80300 3544 3546 
80350 3553 3551 
80400 3555 3556 
80450 3555 3558 
80500 3552 3550 
80550 3538 3544 
80600 3538 3543 
80650 3546 3544 
80700 3556 3560 
80750 3551 3549 
80800 3544 3541 
80850 3548 3554 
80900 3536 3536 
80950 3543 3542 
81000 3537 3542 
81050 3546 3544 
81100 3551 3547 
81150 3558 3559 
81200 3546 3552 
81250 3543 3549 
81300 3556 3562 
81350 3545 3542 
81400 3541 3537 
81450 3557 3551 
81500 3556 3550 
81550 3555 3547 
81600 3545 3541 
81650 3550 3554 
81700 3539 3547 
81750 3545 3542 
81800 3548 3550 
81850 3545 3546 
81900 3562 3558 
81950 3551 3552 
82000 3552 3557 
82050 3550 3550 
82100 3550 3548 
82150 3552 3542 
82200 3550 3553 
82250 3544 3540 
82300 3559 3563 
82350 3551 3548 
82400 3574 3568 
82450 3552 3547 
82500 3538 3541 
82550 3560 3560 
82600 3559 3556 
82650 3559 3560 
82700 3551 3553 
82750 3552 3550 
82800 3540 3545 
82850 3533 3532 
82900 3564 3561 
82950 3560 3560 
83000 3549 3557 
83050 3552 3552 
83100 3554 3552 
83150 3557 3553 
83200 3547 3546 
83250 3539 3543 
83300 3546 3543 
83350 3563 3558 
83400 3565 3559 
83450 3568 3565 
83500 3536 3540 
83550 3562 3565 
83600 3548 3551 
83650 3543 3542 
83700 3559 3554 
83750 3549 3550 
83800 3540 3538 
83850 3545 3543 
83900 3547 3550 
83950 3556 3558 
84000 3552 3557 
84050 3545 3547 
84100 3553 3551 
84150 3560 3561 
84200 3546 3549 
84250 3562 3563 
84300 3565 3563 
84350 3555 3549 
84400 3565 3563 
84450 3557 3559 
84500 3557 3567 
84550 3561 3560 
84600 3553 3560 
84650 3549 3550 
84700 3551 3551 
84750 3565 3562 
84800 3550 3554 
84850 3547 3545 
84900 3550 3555 
84950 3557 3557 
85000 3547 3541 
85050 3564 3559 
85100 3567 3563 
85150 3551 3554 
85200 3546 3542 
85250 3554 3550 
85300 3559 3565 
85350 3546 3550 
85400 3552 3552 
85450 3567 3568 
85500 3562 3561 
85550 3546 3546 
85600 3554 3559 
85650 3550 3554 
85700 3568 3561 
85750 3558 3557 
85800 3556 3556 
85850 3546 3552 
85900 3559 3558 
85950 3552 3548 
86000 3552 3552 
86050 3548 3549 
86100 3553 3552 
86150 3553 3552 
86200 3553 3551 
86250 3572 3565 
86300 3543 3548 
86350 3570 3568 
86400 3558 3561 
86450 3560 3555 
86500 3555 3555 
86550 3555 3553 
86600 3543 3544 
86650 3559 3560 
86700 3529 3531 
86750 3553 3555 
86800 3557 3560 
86850 3552 3552 
86900 3550 3551 
86950 3555 3556 
87000 3553 3553 
87050 3549 3553 
87100 3553 3556 
87150 3537 3531 
87200 3554 3553 
87250 3551 3553 
87300 3540 3539 
87350 3551 3547 
87400 3557 3556 
87450 3547 3551 
87500 3545 3546 
87550 3546 3547 
87600 3565 3562 
87650 3559 3559 
87700 3558 3557 
87750 3558 3558 
87800 3541 3542 
87850 3558 3554 
87900 3545 3546 
87950 3528 3528 
88000 3561 3560 
88050 3534 3541 
88100 3556 3557 
88150 3541 3543 
88200 3550 3551 
88250 3544 3541 
88300 3565 3558 
88350 3551 3552 
88400 3561 3564 
88450 3559 3561 
88500 3551 3548 
88550 3542 3541 
88600 3547 3552 
88650 3554 3558 
88700 3559 3550 
88750 3563 3560 
88800 3555 3551 
88850 3555 3556 
88900 3548 3547 
88950 3555 3548 
89000 3557 3554 
89050 3547 3548 
89100 3558 3568 
89150 3571 3573 
89200 3546 3546 
89250 3549 3549 
89300 3552 3551 
89350 3551 3553 
89400 3560 3560 
89450 3554 3555 
89500 3553 3551 
89550 3551 3551 
89600 3548 3550 
89650 3558 3560 
89700 3550 3546 
89750 3544 3541 
89800 3559 3558 
89850 3560 3563 
89900 3559 3556 
89950 3569 3573 
90000 3545 3546 
90050 3550 3552 
90100 3545 3549 
90150 3570 3566 
90200 3553 3562 
90250 3544 3547 
90300 3553 3545 
90350 3555 3557 
90400 3551 3557 
90450 3549 3543 
90500 3549 3545 
90550 3549 3547 
90600 3554 3550 
90650 3561 3561 
90700 3547 3545 
90750 3551 3553 
90800 3549 3552 
90850 3541 3550 
90900 3563 3562 
90950 3541 3552 
91000 3555 3556 
91050 3540 3538 
91100 3552 3557 
91150 3550 3541 
91200 3554 3559 
91250 3555 3551 
91300 3555 3559 
91350 3559 3555 
91400 3556 3559 
91450 3552 3543 
91500 3558 3557 
91550 3554 3555 
91600 3543 3543 
91650 3555 3553 
91700 3552 3553 
91750 3547 3548 
91800 3538 3537 
91850 3565 3561 
91900 3548 3550 
91950 3565 3565 
92000 3552 3548 
92050 3565 3562 
92100 3552 3550 
92150 3561 3563 
92200 3546 3536 
92250 3571 3565 
92300 3560 3557 
92350 3551 3556 
92400 3567 3562 
92450 3568 3566 
92500 3540 3538 
92550 3551 3547 
92600 3547 3548 
92650 3558 3558 
92700 3560 3557 
92750 3564 3565 
92800 3547 3547 
92850 3557 3561 
92900 3544 3545 
92950 3539 3536 
93000 3560 3561 
93050 3557 3561 
93100 3556 3551 
93150 3550 3555 
93200 3554 3555 
93250 3541 3546 
93300 3546 3544 
93350 3546 3545 
93400 3556 3559 
93450 3557 3557 
93500 3545 3545 
93550 3555 3555 
93600 3561 3563 
93650 3549 3547 
93700 3562 3560 
93750 3541 3537 
93800 3561 3561 
93850 3552 3555 
93900 3556 3563 
93950 3550 3551 
94000 3553 3550 
94050 3564 3563 
94100 3556 3551 
94150 3572 3568 
94200 3560 3555 
94250 3556 3564 
94300 3548 3549 
94350 3567 3563 
94400 3556 3556 
94450 3566 3565 
94500 3543 3550 
94550 3548 3543 
94600 3546 3548 
94650 3552 3546 
94700 3557 3558 
94750 3534 3534 
94800 3548 3548 
94850 3538 3538 
94900 3542 3540 
94950 3550 3556 
95000 3553 3555 
95050 3563 3560 
95100 3547 3544 
95150 3548 3551 
95200 3552 3558 
95250 3554 3552 
95300 3563 3560 
95350 3544 3540 
95400 3561 3561 
95450 3551 3557 
95500 3541 3541 
95550 3554 3557 
95600 3558 3554 
95650 3556 3554 
95700 3556 3553 
95750 3545 3551 
95800 3546 3552 
95850 3551 3545 
95900 3558 3553 
95950 3545 3551 
96000 3543 3547 
96050 3553 3552 
96100 3549 3547 
96150 3547 3547 
96200 3538 3544 
96250 3541 3538 
96300 3558 3560 
96350 3544 3548 
96400 3552 3557 
96450 3538 3535 
96500 3548 3546 
96550 3547 3544 
96600 3543 3535 
96650 3562 3565 
96700 3548 3547 
96750 3559 3559 
96800 3556 3552 
96850 3558 3553 
96900 3548 3541 
96950 3558 3559 
97000 3559 3560 
97050 3561 3559 
97100 3557 3561 
97150 3556 3553 
97200 3548 3559 
97250 3556 3559 
97300 3545 3545 
97350 3556 3557 
97400 3544 3544 
97450 3549 3545 
97500 3546 3546 
97550 3554 3556 
97600 3558 3562 
97650 3560 3559 
97700 3546 3547 
97750 3553 3556 
97800 3537 3542 
97850 3532 3541 
97900 3566 3567 
97950 3556 3555 
98000 3547 3549 
98050 3558 3558 
98100 3545 3541 
98150 3554 3549 
98200 3558 3559 
98250 3554 3554 
98300 3541 3542 
98350 3560 3558 
98400 3555 3558 
98450 3560 3561 
98500 3566 3561 
98550 3551 3553 
98600 3553 3552 
98650 3551 3558 
98700 3559 3564 
98750 3550 3548 
98800 3551 3551 
98850 3552 3551 
98900 3555 3555 
98950 3552 3554 
99000 3566 3558 
99050 3559 3556 
99100 3553 3550 
99150 3562 3559 
99200 3554 3554 
99250 3548 3544 
99300 3549 3551 
99350 3552 3547 
99400 3555 3556 
99450 3549 3553 
99500 3553 3545 
99550 3549 3549 
99600 3564 3557 
99650 3564 3564 
99700 3565 3572 
99750 3538 3543 
99800 3567 3564 
99850 3548 3548 
99900 3559 3557 
99950 3568 3561 
100000 3539 3540 
100050 3555 3549 
100100 3554 3554 
100150 3551 3540 
100200 3565 3554 
100250 3550 3554 
100300 3549 3544 
100350 3556 3553 
100400 3565 3564 
100450 3551 3551 
100500 3547 3552 
100550 3542 3539 
100600 3555 3555 
100650 3561 3562 
100700 3544 3542 
100750 3544 3549 
100800 3559 3561 
100850 3546 3540 
100900 3554 3542 
100950 3557 3557 
101000 3547 3553 
101050 3543 3537 
101100 3555 3548 
101150 3547 3546 
101200 3556 3549 
101250 3550 3548 
101300 3550 3552 
101350 3556 3547 
101400 3553 3548 
101450 3548 3545 
101500 3568 3561 
101550 3556 3551 
101600 3564 3557 
101650 3551 3555 
101700 3547 3555 
101750 3559 3551 
101800 3565 3565 
101850 3570 3572 
101900 3544 3541 
101950 3548 3550 
102000 3543 3544 
102050 3561 3560 
102100 3544 3536 
102150 3550 3547 
102200 3571 3569 
102250 3548 3544 
102300 3560 3555 
102350 3546 3544 
102400 3558 3559 
102450 3556 3546 
102500 3556 3560 
102550 3535 3531 
102600 3532 3531 
102650 3559 3556 
102700 3547 3544 
102750 3546 3540 
102800 3551 3548 
102850 3570 3567 
102900 3545 3545 
102950 3544 3541 
103000 3527 3533 
103050 3552 3548 
103100 3550 3545 
103150 3560 3554 
103200 3543 3552 
103250 3555 3551 
103300 3549 3553 
103350 3550 3541 
103400 3549 3547 
103450 3553 3556 
103500 3550 3552 
103550 3541 3544 
103600 3560 3561 
103650 3573 3569 
103700 3566 3560 
103750 3545 3547 
103800 3551 3551 
103850 3560 3563 
103900 3561 3557 
103950 3544 3544 
104000 3551 3546 
104050 3571 3564 
104100 3547 3555 
104150 3557 3552 
104200 3552 3546 
104250 3548 3543 
104300 3557 3549 
104350 3561 3556 
104400 3555 3554 
104450 3561 3555 
104500 3551 3543 
104550 3543 3541 
104600 3550 3549 
104650 3546 3543 
104700 3551 3551 
104750 3550 3549 
104800 3548 3550 
104850 3537 3535 
104900 3551 3552 
104950 3556 3558 
105000 3556 3554 
105050 3557 3556 
105100 3554 3550 
105150 3546 3546 
105200 3562 3559 
105250 3545 3547 
105300 3553 3554 
105350 3524 3533 
105400 3543 3546 
105450 3542 3545 
105500 3565 3562 
105550 3561 3564 
105600 3556 3551 
105650 3551 3547 
105700 3544 3547 
105750 3551 3557 
105800 3546 3543 
105850 3546 3546 
105900 3546 3541 
105950 3538 3543 
106000 3549 3543 
106050 3570 3568 
106100 3550 3550 
106150 3556 3558 
106200 3563 3561 
106250 3541 3538 
106300 3550 3553 
106350 3556 3553 
106400 3544 3543 
106450 3559 3562 
106500 3562 3570 
106550 3534 3542 
106600 3554 3553 
106650 3547 3548 
106700 3542 3546 
106750 3561 3556 
106800 3572 3574 
106850 3549 3547 
106900 3559 3564 
106950 3544 3547 
107000 3550 3550 
107050 3557 3555 
107100 3546 3541 
107150 3555 3563 
107200 3544 3542 
107250 3544 3546 
107300 3561 3562 
107350 3560 3563 
107400 3549 3547 
107450 3554 3551 
107500 3562 3561 
107550 3555 3558 
107600 3556 3557 
107650 3552 3552 
107700 3544 3541 
107750 3550 3548 
107800 3560 3566 
107850 3550 3544 
107900 3559 3562 
107950 3556 3555 
108000 3549 3551 
108050 3564 3564 
108100 3549 3545 
108150 3549 3554 
108200 3542 3544 
108250 3554 3548 
108300 3543 3544 
108350 3558 3561 
108400 3551 3544 
108450 3549 3552 
108500 3539 3537 
108550 3561 3558 
108600 3561 3560 
108650 3551 3554 
108700 3555 3553 
108750 3561 3559 
108800 3552 3549 
108850 3549 3544 
108900 3565 3566 
108950 3552 3550 
109000 3562 3563 
109050 3552 3553 
109100 3540 3540 
109150 3553 3555 
109200 3539 3540 
109250 3540 3547 
109300 3564 3553 
109350 3536 3536 
109400 3563 3562 
109450 3559 3561 
109500 3557 3556 
109550 3550 3544 
109600 3558 3559 
109650 3549 3550 
109700 3551 3554 
109750 3560 3561 
109800 3563 3560 
109850 3545 3544 
109900 3563 3562 
109950 3536 3542 
110000 3568 3565 
110050 3556 3550 
110100 3557 3557 
110150 3543 3542 
110200 3570 3561 
110250 3555 3553 
110300 3562 3559 
110350 3539 3537 
110400 3526 3527 
110450 3556 3559 
110500 3553 3554 
110550 3542 3541 
110600 3558 3556 
110650 3542 3547 
110700 3547 3555 
110750 3549 3550 
110800 3550 3546 
110850 3548 3547 
110900 3557 3553 
110950 3563 3558 
111000 3547 3545 
111050 3551 3552 
111100 3543 3544 
111150 3545 3551 
111200 3538 3545 
111250 3545 3547 
111300 3549 3551 
111350 3554 3554 
111400 3551 3551 
111450 3558 3561 
111500 3546 3552 
111550 3546 3554 
111600 3547 3547 
111650 3554 3558 
111700 3550 3556 
111750 3554 3555 
111800 3551 3554 
111850 3571 3564 
111900 3556 3559 
111950 3551 3550 
112000 3542 3543 
112050 3552 3556 
112100 3557 3554 
112150 3561 3561 
112200 3550 3553 
112250 3558 3561 
112300 3560 3562 
112350 3557 3558 
112400 3555 3555 
112450 3560 3557 
112500 3534 3534 
112550 3566 3566 
112600 3559 3562 
112650 3533 3535 
112700 3535 3540 
112750 3559 3560 
112800 3566 3562 
112850 3554 3551 
112900 3569 3570 
112950 3545 3545 
113000 3553 3554 
113050 3551 3549 
113100 3551 3556 
113150 3552 3560 
113200 3553 3556 
113250 3557 3560 
113300 3551 3554 
113350 3551 3557 
113400 3571 3568 
113450 3543 3548 
113500 3561 3559 
113550 3555 3556 
113600 3549 3554 
113650 3543 3544 
113700 3547 3545 
113750 3575 3573 
113800 3561 3561 
113850 3543 3542 
113900 3558 3556 
113950 3562 3560 
114000 3565 3563 
114050 3561 3558 
114100 3541 3538 
114150 3566 3564 
114200 3559 3564 
114250 3568 3559 
114300 3548 3549 
114350 3565 3560 
114400 3556 3554 
114450 3562 3563 
114500 3537 3537 
114550 3553 3556 
114600 3552 3552 
114650 3549 3552 
114700 3547 3543 
114750 3549 3549 
114800 3541 3540 
114850 3548 3547 
114900 3569 3568 
114950 3547 3552 
115000 3542 3550 
115050 3561 3562 
115100 3565 3567 
115150 3557 3555 
115200 3542 3541 
115250 3527 3532 
115300 3561 3563 
115350 3551 3557 
115400 3557 3555 
115450 3548 3553 
115500 3543 3548 
115550 3543 3542 
115600 3557 3563 
115650 3562 3548 
115700 3562 3552 
115750 3561 3557 
115800 3551 3553 
115850 3550 3555 
115900 3548 3547 
115950 3551 3552 
116000 3547 3551 
116050 3560 3561 
116100 3557 3557 
116150 3567 3566 
116200 3560 3555 
116250 3565 3565 
116300 3538 3545 
116350 3548 3548 
116400 3551 3544 
116450 3560 3556 
116500 3551 3551 
116550 3553 3560 
116600 3569 3569 
116650 3563 3561 
116700 3553 3558 
116750 3561 3560 
116800 3557 3552 
116850 3553 3552 
116900 3549 3545 
116950 3547 3552 
117000 3548 3549 
117050 3564 3558 
117100 3543 3542 
117150 3543 3542 
117200 3559 3560 
117250 3553 3549 
117300 3564 3561 
117350 3543 3543 
117400 3546 3552 
117450 3541 3540 
117500 3554 3552 
117550 3556 3559 
117600 3550 3542 
117650 3561 3555 
117700 3551 3556 
117750 3545 3545 
117800 3553 3558 
117850 3550 3549 
117900 3555 3561 
117950 3560 3561 
118000 3542 3542 
118050 3565 3557 
118100 3552 3558 
118150 3550 3557 
118200 3573 3569 
118250 3564 3557 
118300 3566 3562 
118350 3555 3557 
118400 3554 3549 
118450 3553 3555 
118500 3556 3560 
118550 3549 3547 
118600 3549 3550 
118650 3572 3571 
118700 3561 3566 
118750 3550 3550 
118800 3557 3560 
118850 3553 3554 
118900 3556 3555 
118950 3560 3561 
119000 3537 3541 
119050 3557 3555 
119100 3558 3558 
119150 3554 3551 
119200 3552 3550 
119250 3550 3550 
119300 3556 3556 
119350 3553 3549 
119400 3560 3560 
119450 3546 3550 
119500 3552 3554 
119550 3554 3558 
119600 3553 3555 
119650 3554 3548 
119700 3559 3553 
119750 3555 3551 
119800 3556 3550 
119850 3551 3552 
119900 3540 3536 
119950 3559 3558 
120000 3555 3557 
120050 3563 3558 
120100 3549 3543 
120150 3539 3540 
120200 3572 3570 
120250 3551 3553 
120300 3563 3562 
120350 3555 3554 
120400 3556 3562 
120450 3549 3548 
120500 3558 3556 
120550 3547 3548 
120600 3551 3552 
120650 3555 3555 
120700 3551 3551 
120750 3564 3564 
120800 3545 3546 
120850 3543 3546 
120900 3536 3544 
120950 3538 3542 
121000 3556 3552 
121050 3559 3550 
121100 3560 3559 
121150 3547 3545 
121200 3566 3569 
121250 3557 3560 
121300 3550 3550 
121350 3556 3556 
121400 3565 3567 
121450 3554 3559 
121500 3554 3549 
121550 3554 3550 
121600 3552 3546 
121650 3531 3532 
121700 3549 3540 
121750 3546 3549 
121800 3534 3535 
121850 3541 3538 
121900 3558 3558 
121950 3562 3566 
122000 3556 3558 
122050 3557 3553 
122100 3554 3554 
122150 3561 3564 
122200 3550 3549 
122250 3551 3555 
122300 3558 3554 
122350 3550 3546 
122400 3568 3571 
122450 3559 3557 
122500 3549 3546 
122550 3559 3557 
122600 3554 3554 
122650 3552 3546 
122700 3547 3551 
122750 3543 3544 
122800 3564 3564 
122850 3559 3552 
122900 3565 3560 
122950 3562 3560 
123000 3570 3572 
123050 3548 3554 
123100 3545 3548 
123150 3552 3552 
123200 3542 3547 
123250 3550 3555 
123300 3549 3540 
123350 3549 3548 
123400 3559 3563 
123450 3552 3548 
123500 3557 3558 
123550 3565 3561 
123600 3565 3570 
123650 3561 3560 
123700 3560 3560 
123750 3551 3548 
123800 3562 3561 
123850 3551 3550 
123900 3563 3560 
123950 3564 3564 
124000 3560 3566 
124050 3558 3560 
124100 3548 3549 
124150 3553 3556 
124200 3565 3563 
124250 3569 3562 
124300 3544 3545 
124350 3556 3555 
124400 3563 3564 
124450 3559 3558 
124500 3560 3551 
124550 3565 3566 
124600 3564 3561 
124650 3548 3549 
124700 3555 3551 
124750 3542 3537 
124800 3558 3560 
124850 3563 3560 
124900 3564 3572 
124950 3555 3553 
125000 3560 3564 
125050 3556 3547 
125100 3554 3549 
125150 3550 3550 
125200 3562 3560 
125250 3561 3561 
125300 3552 3555 
125350 3566 3562 
125400 3556 3557 
125450 3554 3553 
125500 3560 3553 
125550 3553 3554 
125600 3537 3545 
125650 3560 3557 
125700 3560 3562 
125750 3541 3541 
125800 3550 3553 
125850 3560 3562 
125900 3552 3552 
125950 3556 3550 
126000 3545 3548 
126050 3554 3555 
126100 3554 3557 
126150 3554 3547 
126200 3559 3559 
126250 3552 3551 
126300 3558 3559 
126350 3554 3550 
126400 3547 3553 
126450 3564 3569 
126500 3556 3557 
126550 3554 3552 
126600 3558 3568 
126650 3551 3550 
126700 3558 3562 
126750 3573 3571 
126800 3549 3545 
126850 3551 3551 
126900 3556 3563 
126950 3546 3546 
127000 3554 3554 
127050 3570 3568 
127100 3549 3553 
127150 3549 3551 
127200 3550 3550 
127250 3552 3550 
127300 3563 3565 
127350 3560 3576 
127400 3554 3558 
127450 3555 3557 
127500 3564 3566 
127550 3545 3546 
127600 3561 3561 
127650 3543 3552 
127700 3560 3559 
127750 3540 3537 
127800 3564 3563 
127850 3563 3562 
127900 3551 3550 
127950 3554 3548 
128000 3550 3549 
128050 3569 3566 
128100 3556 3556 
128150 3570 3565 
128200 3544 3549 
128250 3561 3562 
128300 3542 3549 
128350 3553 3549 
128400 3559 3558 
128450 3568 3566 
128500 3559 3562 
128550 3548 3559 
128600 3540 3540 
128650 3561 3563 
128700 3548 3547 
128750 3561 3567 
128800 3538 3537 
128850 3551 3556 
128900 3545 3545 
128950 3556 3556 
129000 3550 3555 
129050 3562 3565 
129100 3557 3563 
129150 3561 3559 
129200 3553 3559 
129250 3549 3546 
129300 3551 3548 
129350 3545 3551 
129400 3559 3556 
129450 3539 3543 
129500 3559 3557 
129550 3539 3538 
129600 3557 3553 
129650 3553 3553 
129700 3563 3564 
129750 3573 3570 
129800 3540 3540 
129850 3553 3549 
129900 3561 3560 
129950 3553 3556 
130000 3553 3550 
130050 3561 3570 
130100 3561 3557 
130150 3563 3561 
130200 3552 3550 
130250 3553 3555 
130300 3556 3559 
130350 3550 3549 
130400 3540 3542 
130450 3554 3549 
130500 3560 3558 
130550 3560 3559 
130600 3568 3562 
130650 3557 3558 
130700 3562 3565 
130750 3537 3546 
130800 3551 3547 
130850 3547 3551 
130900 3563 3565 
130950 3553 3557 
131000 3547 3552 
131050 3549 3555 
131100 3542 3545 
131150 3573 3565 
131200 3564 3559 
131250 3557 3547 
131300 3545 3541 
131350 3566 3567 
131400 3562 3568 
131450 3553 3546 
131500 3556 3555 
131550 3561 3569 
131600 3544 3546 
131650 3545 3553 
131700 3560 3562 
131750 3543 3542 
131800 3559 3564 
131850 3567 3564 
131900 3545 3541 
131950 3546 3545 
132000 3565 3567 
132050 3557 3560 
132100 3562 3561 
132150 3553 3552 
132200 3550 3548 
132250 3559 3561 
132300 3557 3553 
132350 3537 3531 
132400 3557 3554 
132450 3550 3553 
132500 3562 3558 
132550 3540 3535 
132600 3550 3554 
132650 3552 3549 
132700 3562 3562 
132750 3573 3569 
132800 3546 3544 
132850 3554 3553 
132900 3556 3559 
132950 3557 3555 
133000 3552 3555 
133050 3556 3556 
133100 3560 3560 
133150 3534 3536 
133200 3557 3558 
133250 3548 3545 
133300 3539 3536 
133350 3556 3549 
133400 3546 3548 
133450 3544 3552 
133500 3554 3555 
133550 3551 3552 
133600 3562 3566 
133650 3549 3546 
133700 3565 3565 
133750 3553 3547 
133800 3570 3567 
133850 3536 3534 
133900 3560 3550 
133950 3561 3560 
134000 3551 3553 
134050 3550 3546 
134100 3567 3561 
134150 3565 3562 
134200 3565 3563 
134250 3554 3554 
134300 3563 3558 
134350 3560 3560 
134400 3559 3557 
134450 3564 3562 
134500 3558 3559 
134550 3546 3541 
134600 3542 3537 
134650 3567 3564 
134700 3555 3553 
134750 3548 3550 
134800 3550 3554 
134850 3559 3553 
134900 3560 3557 
134950 3554 3556 
135000 3569 3569 
135050 3562 3566 
135100 3560 3565 
135150 3558 3557 
135200 3554 3554 
135250 3557 3550 
135300 3568 3567 
135350 3561 3553 
135400 3565 3560 
135450 3561 3562 
135500 3545 3542 
135550 3547 3546 
135600 3541 3539 
135650 3560 3559 
135700 3551 3553 
135750 3551 3552 
135800 3560 3554 
135850 3550 3553 
135900 3551 3550 
135950 3552 3549 
136000 3555 3561 
136050 3564 3560 
136100 3545 3542 
136150 3564 3562 
136200 3548 3551 
136250 3563 3568 
136300 3555 3555 
136350 3539 3537 
136400 3555 3565 
136450 3555 3564 
136500 3541 3543 
136550 3551 3545 
136600 3546 3547 
136650 3556 3560 
136700 3553 3556 
136750 3552 3552 
136800 3553 3546 
136850 3559 3559 
136900 3555 3552 
136950 3555 3555 
137000 3553 3552 
137050 3560 3569 
137100 3553 3553 
137150 3552 3551 
137200 3566 3566 
137250 3560 3557 
137300 3554 3551 
137350 3545 3537 
137400 3563 3560 
137450 3558 3554 
137500 3545 3544 
137550 3556 3551 
137600 3552 3560 
137650 3541 3548 
137700 3555 3557 
137750 3539 3540 
137800 3559 3556 
137850 3553 3558 
137900 3554 3553 
137950 3543 3540 
138000 3554 3554 
138050 3555 3555 
138100 3553 3550 
138150 3555 3547 
138200 3547 3540 
138250 3552 3553 
138300 3558 3558 
138350 3560 3559 
138400 3562 3562 
138450 3565 3552 
138500 3533 3537 
138550 3541 3541 
138600 3553 3556 
138650 3553 3555 
138700 3564 3567 
138750 3539 3537 
138800 3543 3547 
138850 3558 3555 
138900 3557 3556 
138950 3555 3561 
139000 3563 3562 
139050 3565 3560 
139100 3541 3540 
139150 3563 3565 
139200 3560 3553 
139250 3559 3553 
139300 3551 3552 
139350 3553 3551 
139400 3547 3548 
139450 3544 3540 
139500 3547 3552 
139550 3547 3548 
139600 3554 3566 
139650 3536 3538 
139700 3552 3553 
139750 3551 3550 
139800 3549 3542 
139850 3546 3552 
139900 3550 3545 
139950 3558 3558 
140000 3537 3540 
140050 3548 3554 
140100 3560 3548 
140150 3563 3562 
140200 3562 3558 
140250 3548 3557 
140300 3542 3541 
140350 3558 3555 
140400 3562 3560 
140450 3563 3558 
140500 3564 3566 
140550 3559 3560 
140600 3553 3553 
140650 3551 3556 
140700 3521 3522 
140750 3546 3545 
140800 3562 3555 
140850 3549 3550 
140900 3537 3539 
140950 3553 3551 
141000 3558 3559 
141050 3549 3548 
141100 3559 3565 
141150 3552 3552 
141200 3549 3548 
141250 3564 3565 
141300 3539 3533 
141350 3541 3539 
141400 3563 3559 
141450 3554 3556 
141500 3571 3576 
141550 3545 3551 
141600 3546 3550 
141650 3558 3553 
141700 3544 3543 
141750 3566 3565 
141800 3554 3556 
141850 3557 3555 
141900 3548 3550 
141950 3559 3559 
142000 3558 3557 
142050 3558 3560 
142100 3554 3556 
142150 3553 3562 
142200 3572 3576 
142250 3567 3567 
142300 3550 3546 
142350 3558 3559 
142400 3572 3568 
142450 3558 3553 
142500 3563 3560 
142550 3548 3548 
142600 3551 3547 
142650 3560 3564 
142700 3544 3544 
142750 3566 3555 
142800 3561 3561 
142850 3559 3559 
142900 3575 3572 
142950 3548 3549 
143000 3561 3562 
143050 3552 3555 
143100 3562 3560 
143150 3536 3543 
143200 3555 3554 
143250 3555 3553 
143300 3540 3543 
143350 3553 3548 
143400 3544 3550 
143450 3553 3557 
143500 3545 3543 
143550 3561 3560 
143600 3544 3545 
143650 3542 3543 
143700 3568 3565 
143750 3547 3548 
143800 3537 3534 
143850 3566 3562 
143900 3569 3566 
143950 3548 3554 
144000 3552 3552 
144050 3548 3548 
144100 3565 3564 
144150 3569 3568 
144200 3553 3558 
144250 3556 3557 
144300 3559 3560 
144350 3556 3556 
144400 3556 3561 
144450 3558 3560 
144500 3556 3554 
144550 3554 3551 
144600 3556 3558 
144650 3548 3543 
144700 3556 3555 
144750 3554 3556 
144800 3551 3555 
144850 3551 3548 
144900 3547 3550 
144950 3561 3562 
145000 3553 3547 
145050 3551 3549 
145100 3565 3558 
145150 3566 3566 
145200 3556 3549 
145250 3547 3544 
145300 3554 3555 
145350 3557 3557 
145400 3560 3556 
145450 3552 3557 
145500 3558 3557 
145550 3557 3560 
145600 3556 3557 
145650 3562 3564 
145700 3554 3557 
145750 3532 3533 
145800 3545 3543 
145850 3551 3556 
145900 3557 3558 
145950 3548 3548 
146000 3556 3558 
146050 3549 3545 
146100 3566 3563 
146150 3548 3546 
146200 3566 3564 
146250 3552 3552 
146300 3562 3560 
146350 3561 3555 
146400 3549 3557 
146450 3543 3543 
146500 3553 3549 
146550 3554 3552 
146600 3552 3554 
146650 3566 3566 
146700 3543 3544 
146750 3546 3550 
146800 3547 3549 
146850 3552 3546 
146900 3555 3549 
146950 3549 3546 
147000 3558 3560 
147050 3560 3560 
147100 3574 3576 
147150 3558 3564 
147200 3562 3560 
147250 3557 3562 
147300 3556 3557 
147350 3547 3552 
147400 3544 3542 
147450 3560 3561 
147500 3556 3552 
147550 3567 3568 
147600 3568 3567 
147650 3550 3548 
147700 3561 3560 
147750 3545 3545 
147800 3550 3551 
147850 3550 3551 
147900 3556 3555 
147950 3553 3549 
148000 3564 3561 
148050 3560 3565 
148100 3547 3553 
148150 3565 3563 
148200 3565 3564 
148250 3543 3533 
148300 3561 3564 
148350 3560 3562 
148400 3552 3557 
148450 3554 3559 
148500 3567 3562 
148550 3556 3559 
148600 3555 3550 
148650 3554 3558 
148700 3560 3562 
148750 3543 3544 
148800 3553 3553 
148850 3555 3547 
148900 3555 3553 
148950 3547 3545 
149000 3546 3546 
149050 3537 3537 
149100 3549 3549 
149150 3549 3547 
149200 3556 3557 
149250 3555 3558 
149300 3550 3553 
149350 3554 3557 
149400 3558 3550 
149450 3549 3549 
149500 3578 3578 
149550 3546 3546 
149600 3561 3560 
149650 3556 3552 
149700 3544 3543 
149750 3538 3543 
149800 3553 3558 
149850 3563 3569 
149900 3571 3567 
149950 3567 3572 
150000 3568 3565 
150050 3557 3558 
150100 3561 3563 
150150 3552 3561 
150200 3557 3557 
150250 3546 3546 
150300 3549 3544 
150350 3556 3562 
150400 3562 3566 
150450 3551 3552 
150500 3563 3567 
150550 3560 3558 
150600 3560 3559 
150650 3568 3565 
150700 3557 3555 
150750 3551 3549 
150800 3553 3547 
150850 3557 3553 
150900 3546 3552 
150950 3548 3548 
151000 3567 3569 
151050 3546 3553 
151100 3558 3555 
151150 3557 3557 
151200 3547 3551 
151250 3571 3569 
151300 3567 3566 
151350 3558 3559 
151400 3555 3553 
151450 3549 3553 
151500 3563 3563 
151550 3555 3563 
151600 3553 3551 
151650 3543 3543 
151700 3559 3564 
151750 3552 3545 
151800 3536 3538 
151850 3548 3556 
151900 3544 3541 
151950 3531 3527 
152000 3555 3547 
152050 3559 3558 
152100 3558 3561 
152150 3558 3555 
152200 3549 3546 
152250 3542 3545 
152300 3560 3557 
152350 3537 3541 
152400 3563 3558 
152450 3545 3535 
152500 3547 3549 
152550 3560 3555 
152600 3549 3551 
152650 3546 3555 
152700 3561 3553 
152750 3551 3553 
152800 3548 3552 
152850 3556 3555 
152900 3552 3550 
152950 3551 3549 
153000 3557 3550 
153050 3564 3556 
153100 3562 3560 
153150 3551 3557 
153200 3545 3540 
153250 3543 3542 
153300 3561 3560 
153350 3549 3547 
153400 3557 3550 
153450 3553 3551 
153500 3555 3552 
153550 3548 3547 
153600 3557 3557 
153650 3555 3555 
153700 3558 3554 
153750 3566 3564 
153800 3561 3561 
153850 3550 3550 
153900 3566 3567 
153950 3548 3552 
154000 3551 3550 
154050 3558 3558 
154100 3553 3547 
154150 3571 3569 
154200 3544 3550 
154250 3568 3564 
154300 3551 3561 
154350 3556 3554 
154400 3554 3549 
154450 3555 3559 
154500 3557 3559 
154550 3542 3542 
154600 3551 3552 
154650 3539 3542 
154700 3558 3562 
154750 3549 3549 
154800 3547 3545 
154850 3560 3559 
154900 3554 3557 
154950 3558 3559 
155000 3551 3557 
155050 3570 3570 
155100 3555 3555 
155150 3549 3547 
155200 3557 3554 
155250 3561 3559 
155300 3552 3556 
155350 3556 3555 
155400 3567 3567 
155450 3557 3561 
155500 3553 3557 
155550 3551 3554 
155600 3553 3553 
155650 3548 3547 
155700 3555 3556 
155750 3556 3560 
155800 3556 3552 
155850 3564 3562 
155900 3551 3552 
155950 3552 3557 
156000 3535 3536 
156050 3563 3565 
156100 3550 3554 
156150 3563 3564 
156200 3546 3545 
156250 3564 3562 
156300 3564 3564 
156350 3539 3534 
156400 3547 3549 
156450 3551 3546 
156500 3543 3545 
156550 3559 3558 
156600 3547 3548 
156650 3567 3567 
156700 3552 3549 
156750 3559 3560 
156800 3548 3549 
156850 3557 3558 
156900 3550 3556 
156950 3544 3546 
157000 3556 3560 
157050 3555 3551 
157100 3556 3556 
157150 3553 3552 
157200 3551 3551 
157250 3550 3551 
157300 3564 3565 
157350 3553 3555 
157400 3560 3558 
157450 3560 3560 
157500 3560 3566 
157550 3554 3556 
157600 3563 3555 
157650 3563 3557 
157700 3571 3567 
157750 3564 3559 
157800 3547 3546 
157850 3560 3557 
157900 3555 3558 
157950 3551 3552 
158000 3552 3551 
158050 3557 3554 
158100 3544 3542 
158150 3567 3569 
158200 3562 3560 
158250 3546 3556 
158300 3555 3555 
158350 3555 3547 
158400 3553 3549 
158450 3549 3558 
158500 3547 3543 
158550 3540 3535 
158600 3550 3551 
158650 3558 3560 
158700 3557 3556 
158750 3554 3553 
158800 3567 3573 
158850 3568 3569 
158900 3550 3548 
158950 3562 3561 
159000 3539 3540 
159050 3557 3554 
159100 3564 3563 
159150 3558 3559 
159200 3542 3543 
159250 3556 3553 
159300 3550 3552 
159350 3552 3550 
159400 3565 3554 
159450 3549 3553 
159500 3569 3563 
159550 3555 3555 
159600 3554 3554 
159650 3560 3560 
159700 3558 3558 
159750 3564 3565 
159800 3546 3553 
159850 3558 3557 
159900 3550 3549 
159950 3557 3553 
160000 3560 3554 
160050 3546 3544 
160100 3557 3564 
160150 3544 3545 
160200 3553 3555 
160250 3554 3562 
160300 3552 3553 
160350 3549 3547 
160400 3567 3568 
160450 3557 3559 
160500 3562 3557 
160550 3551 3556 
160600 3545 3547 
160650 3548 3551 
160700 3561 3558 
160750 3553 3559 
160800 3547 3559 
160850 3555 3559 
160900 3556 3550 
160950 3550 3556 
161000 3563 3567 
161050 3552 3553 
161100 3545 3544 
161150 3547 3545 
161200 3550 3549 
161250 3555 3553 
161300 3571 3568 
161350 3553 3547 
161400 3545 3548 
161450 3553 3544 
161500 3560 3561 
161550 3540 3543 
161600 3556 3557 
161650 3567 3566 
161700 3562 3562 
161750 3548 3545 
161800 3550 3544 
161850 3554 3550 
161900 3544 3552 
161950 3565 3564 
162000 3555 3555 
162050 3555 3554 
162100 3553 3552 
162150 3564 3557 
162200 3542 3538 
162250 3557 3552 
162300 3552 3560 
162350 3560 3562 
162400 3554 3554 
162450 3558 3559 
162500 3555 3555 
162550 3560 3561 
162600 3551 3557 
162650 3541 3553 
162700 3560 3558 
162750 3563 3562 
162800 3560 3565 
162850 3562 3564 
162900 3553 3551 
162950 3562 3561 
163000 3558 3561 
163050 3560 3561 
163100 3540 3542 
163150 3554 3553 
163200 3549 3545 
163250 3560 3559 
163300 3547 3550 
163350 3549 3549 
163400 3561 3560 
163450 3551 3548 
163500 3559 3558 
163550 3555 3558 
163600 3563 3565 
163650 3563 3556 
163700 3558 3556 
163750 3554 3558 
163800 3549 3548 
163850 3542 3545 
163900 3554 3558 
163950 3561 3559 
164000 3548 3554 
164050 3561 3562 
164100 3561 3557 
164150 3566 3565 
164200 3541 3546 
164250 3555 3552 
164300 3553 3553 
164350 3547 3549 
164400 3548 3549 
164450 3562 3559 
164500 3568 3570 
164550 3553 3555 
164600 3541 3538 
164650 3551 3554 
164700 3558 3557 
164750 3542 3547 
164800 3561 3565 
164850 3553 3560 
164900 3563 3560 
164950 3559 3559 
165000 3555 3560 
165050 3560 3559 
165100 3547 3548 
165150 3553 3551 
165200 3564 3560 
165250 3542 3547 
165300 3554 3555 
165350 3562 3560 
165400 3564 3563 
165450 3555 3551 
165500 3542 3543 
165550 3542 3552 
165600 3553 3554 
165650 3557 3556 
165700 3547 3547 
165750 3543 3543 
165800 3555 3552 
165850 3538 3540 
165900 3553 3549 
165950 3548 3543 
166000 3562 3559 
166050 3565 3565 
166100 3544 3549 
166150 3556 3561 
166200 3563 3562 
166250 3562 3561 
166300 3557 3550 
166350 3551 3550 
166400 3550 3552 
166450 3557 3558 
166500 3551 3547 
166550 3551 3547 
166600 3558 3559 
166650 3553 3553 
166700 3548 3541 
166750 3553 3553 
166800 3546 3539 
166850 3547 3540 
166900 3556 3548 
166950 3556 3552 
167000 3565 3563 
167050 3548 3544 
167100 3563 3559 
167150 3566 3554 
167200 3546 3547 
167250 3538 3542 
167300 3543 3544 
167350 3551 3552 
167400 3556 3559 
167450 3563 3561 
167500 3555 3548 
167550 3554 3545 
167600 3562 3559 
167650 3563 3566 
167700 3552 3552 
167750 3559 3553 
167800 3553 3553 
167850 3546 3553 
167900 3544 3540 
167950 3544 3540 
168000 3550 3547 
168050 3553 3550 
168100 3576 3573 
168150 3563 3562 
168200 3569 3568 
168250 3565 3566 
168300 3553 3555 
168350 3556 3556 
168400 3549 3556 
168450 3547 3549 
168500 3553 3551 
168550 3557 3559 
168600 3559 3562 
168650 3555 3555 
168700 3559 3559 
168750 3541 3545 
168800 3568 3566 
168850 3576 3571 
168900 3549 3552 
168950 3555 3548 
169000 3550 3551 
169050 3538 3539 
169100 3540 3545 
169150 3563 3561 
169200 3550 3552 
169250 3554 3551 
169300 3558 3566 
169350 3548 3549 
169400 3554 3556 
169450 3569 3563 
169500 3565 3562 
169550 3550 3551 
169600 3555 3566 
169650 3551 3544 
169700 3553 3549 
169750 3541 3537 
169800 3539 3541 
169850 3558 3558 
169900 3563 3566 
169950 3545 3544 
170000 3545 3553 
170050 3549 3550 
170100 3547 3550 
170150 3539 3545 
170200 3566 3564 
170250 3567 3564 
170300 3568 3569 
170350 3547 3543 
170400 3555 3557 
170450 3559 3554 
170500 3558 3555 
170550 3547 3546 
170600 3555 3550 
170650 3554 3554 
170700 3547 3550 
170750 3554 3567 
170800 3547 3549 
170850 3552 3548 
170900 3546 3552 
170950 3553 3555 
171000 3564 3561 
171050 3555 3559 
171100 3543 3557 
171150 3565 3567 
171200 3559 3554 
171250 3561 3565 
171300 3555 3551 
171350 3557 3554 
171400 3550 3543 
171450 3567 3567 
171500 3565 3557 
171550 3555 3558 
171600 3562 3557 
171650 3558 3556 
171700 3559 3564 
171750 3568 3573 
171800 3553 3549 
171850 3550 3552 
171900 3571 3572 
171950 3555 3566 
172000 3556 3561 
172050 3562 3563 
172100 3551 3556 
172150 3545 3544 
172200 3552 3551 
172250 3564 3557 
172300 3559 3559 
172350 3553 3551 
172400 3560 3555 
172450 3562 3565 
172500 3542 3547 
172550 3553 3556 
172600 3552 3549 
172650 3558 3550 
172700 3558 3559 
172750 3547 3558 
172800 3540 3534 
172850 3546 3548 
172900 3556 3553 
172950 3536 3544 
173000 3567 3559 
173050 3567 3568 
173100 3555 3559 
173150 3550 3548 
173200 3560 3566 
173250 3560 3567 
173300 3558 3563 
173350 3562 3570 
173400 3556 3553 
173450 3566 3567 
173500 3557 3556 
173550 3558 3554 
173600 3556 3553 
173650 3562 3566 
173700 3548 3551 
173750 3559 3560 
173800 3554 3561 
173850 3554 3551 
173900 3556 3560 
173950 3546 3549 
174000 3554 3555 
174050 3560 3559 
174100 3552 3555 
174150 3549 3555 
174200 3570 3572 
174250 3562 3563 
174300 3557 3555 
174350 3570 3570 
174400 3560 3560 
174450 3554 3555 
174500 3554 3553 
174550 3567 3564 
174600 3548 3549 
174650 3557 3556 
174700 3551 3550 
174750 3553 3554 
174800 3550 3551 
174850 3541 3541 
174900 3552 3550 
174950 3552 3551 
175000 3538 3539 
175050 3543 3548 
175100 3559 3560 
175150 3560 3555 
175200 3563 3560 
175250 3566 3565 
175300 3545 3546 
175350 3558 3564 
175400 3550 3553 
175450 3550 3553 
175500 3552 3551 
175550 3549 3545 
175600 3552 3546 
175650 3563 3560 
175700 3550 3548 
175750 3565 3566 
175800 3543 3547 
175850 3546 3543 
175900 3547 3547 
175950 3567 3568 
176000 3571 3573 
176050 3559 3556 
176100 3554 3550 
176150 3559 3564 
176200 3555 3553 
176250 3565 3553 
176300 3538 3543 
176350 3543 3553 
176400 3549 3548 
176450 3557 3559 
176500 3537 3533 
176550 3570 3570 
176600 3558 3560 
176650 3562 3565 
176700 3554 3552 
176750 3556 3558 
176800 3562 3558 
176850 3557 3553 
176900 3553 3546 
176950 3553 3549 
177000 3543 3548 
177050 3552 3555 
177100 3554 3556 
177150 3565 3561 
177200 3555 3557 
177250 3554 3556 
177300 3562 3565 
177350 3554 3552 
177400 3553 3538 
177450 3551 3554 
177500 3557 3556 
177550 3569 3566 
177600 3544 3544 
177650 3550 3551 
177700 3555 3549 
177750 3550 3546 
177800 3553 3552 
177850 3560 3558 
177900 3549 3551 
177950 3568 3572 
178000 3560 3554 
178050 3561 3566 
178100 3561 3556 
178150 3558 3559 
178200 3553 3551 
178250 3558 3550 
178300 3537 3535 
178350 3554 3562 
178400 3556 3556 
178450 3547 3548 
178500 3538 3544 
178550 3559 3558 
178600 3562 3562 
178650 3551 3548 
178700 3538 3546 
178750 3559 3563 
178800 3554 3555 
178850 3546 3546 
178900 3555 3552 
178950 3564 3568 
179000 3558 3553 
179050 3561 3563 
179100 3560 3554 
179150 3554 3554 
179200 3551 3555 
179250 3547 3550 
179300 3551 3552 
179350 3560 3555 
179400 3554 3556 
179450 3565 3563 
179500 3553 3545 
179550 3556 3558 
179600 3548 3543 
179650 3559 3555 
179700 3566 3565 
179750 3561 3560 
179800 3547 3549 
179850 3567 3569 
179900 3564 3563 
179950 3549 3546 
180000 3568 3565 
180050 3573 3569 
180100 3560 3557 
180150 3543 3549 
180200 3552 3553 
180250 3562 3561 
180300 3545 3547 
180350 3549 3548 
180400 3556 3551 
180450 3534 3532 
180500 3561 3558 
180550 3567 3564 
180600 3553 3556 
180650 3551 3558 
180700 3559 3560 
180750 3557 3557 
180800 3539 3540 
180850 3553 3551 
180900 3562 3563 
180950 3571 3569 
181000 3567 3567 
181050 3551 3553 
181100 3554 3555 
181150 3557 3560 
181200 3563 3556 
181250 3529 3527 
181300 3548 3547 
181350 3564 3563 
181400 3572 3572 
181450 3558 3564 
181500 3558 3552 
181550 3550 3552 
181600 3558 3558 
181650 3546 3549 
181700 3558 3558 
181750 3555 3557 
181800 3554 3556 
181850 3557 3558 
181900 3563 3567 
181950 3554 3556 
182000 3555 3556 
182050 3548 3549 
182100 3559 3553 
182150 3555 3559 
182200 3563 3560 
182250 3557 3554 
182300 3557 3556 
182350 3565 3564 
182400 3550 3560 
182450 3555 3554 
182500 3559 3564 
182550 3557 3556 
182600 3563 3559 
182650 3556 3555 
182700 3564 3561 
182750 3548 3547 
182800 3555 3562 
182850 3549 3551 
182900 3549 3550 
182950 3554 3552 
183000 3543 3541 
183050 3560 3561 
183100 3553 3555 
183150 3540 3542 
183200 3548 3552 
183250 3559 3554 
183300 3566 3567 
183350 3547 3552 
183400 3555 3552 
183450 3529 3528 
183500 3562 3562 
183550 3562 3563 
183600 3556 3563 
183650 3546 3543 
183700 3551 3560 
183750 3570 3568 
183800 3539 3539 
183850 3559 3549 
183900 3549 3551 
183950 3543 3542 
184000 3558 3556 
184050 3564 3565 
184100 3549 3546 
184150 3563 3561 
184200 3572 3579 
184250 3553 3552 
184300 3563 3561 
184350 3560 3560 
184400 3547 3544 
184450 3555 3556 
184500 3566 3562 
184550 3554 3554 
184600 3572 3572 
184650 3546 3541 
184700 3549 3551 
184750 3559 3549 
184800 3556 3559 
184850 3573 3570 
184900 3546 3543 
184950 3563 3568 
185000 3567 3562 
185050 3557 3562 
185100 3561 3565 
185150 3561 3560 
185200 3565 3564 
185250 3564 3560 
185300 3544 3552 
185350 3555 3551 
185400 3554 3559 
185450 3547 3550 
185500 3563 3559 
185550 3536 3533 
185600 3562 3561 
185650 3561 3565 
185700 3550 3550 
185750 3564 3565 
185800 3533 3534 
185850 3553 3545 
185900 3559 3562 
185950 3552 3550 
186000 3548 3548 
186050 3564 3557 
186100 3542 3549 
186150 3542 3545 
186200 3542 3543 
186250 3553 3553 
186300 3547 3547 
186350 3550 3547 
186400 3553 3556 
186450 3553 3551 
186500 3556 3555 
186550 3549 3546 
186600 3548 3559 
186650 3556 3557 
186700 3566 3564 
186750 3556 3553 
186800 3561 3563 
186850 3565 3568 
186900 3554 3557 
186950 3566 3560 
187000 3562 3566 
187050 3563 3567 
187100 3561 3560 
187150 3548 3540 
187200 3564 3559 
187250 3555 3554 
187300 3553 3550 
187350 3551 3550 
187400 3551 3546 
187450 3563 3564 
187500 3548 3551 
187550 3542 3540 
187600 3562 3563 
187650 3551 3555 
187700 3560 3561 
187750 3553 3550 
187800 3561 3563 
187850 3558 3562 
187900 3551 3550 
187950 3552 3552 
188000 3564 3564 
188050 3554 3554 
188100 3558 3551 
188150 3552 3552 
188200 3564 3564 
188250 3545 3556 
188300 3543 3542 
188350 3554 3563 
188400 3546 3550 
188450 3556 3556 
188500 3558 3560 
188550 3549 3548 
188600 3544 3550 
188650 3558 3556 
188700 3551 3550 
188750 3553 3556 
188800 3566 3565 
188850 3544 3544 
188900 3549 3549 
188950 3550 3551 
189000 3549 3549 
189050 3550 3549 
189100 3554 3549 
189150 3556 3559 
189200 3553 3558 
189250 3571 3566 
189300 3559 3552 
189350 3557 3566 
189400 3557 3564 
189450 3559 3558 
189500 3561 3556 
189550 3567 3566 
189600 3543 3537 
189650 3556 3562 
189700 3553 3550 
189750 3548 3556 
189800 3563 3565 
189850 3546 3550 
189900 3543 3543 
189950 3558 3554 
190000 3551 3547 
190050 3557 3551 
190100 3558 3560 
190150 3568 3565 
190200 3541 3542 
190250 3570 3567 
190300 3561 3561 
190350 3543 3548 
190400 3545 3551 
190450 3542 3543 
190500 3560 3561 
190550 3563 3560 
190600 3556 3552 
190650 3545 3552 
190700 3542 3541 
190750 3547 3545 
190800 3556 3549 
190850 3554 3550 
190900 3554 3550 
190950 3567 3567 
191000 3543 3544 
191050 3547 3546 
191100 3547 3545 
191150 3556 3555 
191200 3546 3550 
191250 3545 3549 
191300 3552 3552 
191350 3563 3563 
191400 3558 3560 
191450 3542 3541 
191500 3557 3556 
191550 3549 3539 
191600 3547 3548 
191650 3543 3552 
191700 3553 3553 
191750 3569 3568 
191800 3556 3559 
191850 3556 3555 
191900 3544 3550 
191950 3538 3542 
192000 3547 3545 
192050 3542 3541 
192100 3554 3564 
192150 3558 3553 
192200 3560 3559 
192250 3557 3559 
192300 3558 3550 
192350 3534 3533 
192400 3551 3550 
192450 3550 3546 
192500 3555 3558 
192550 3557 3557 
192600 3552 3547 
192650 3549 3555 
192700 3548 3547 
192750 3555 3548 
192800 3554 3556 
192850 3557 3552 
192900 3541 3539 
192950 3556 3556 
193000 3547 3548 
193050 3554 3551 
193100 3566 3564 
193150 3562 3563 
193200 3554 3549 
193250 3545 3552 
193300 3559 3563 
193350 3544 3539 
193400 3553 3555 
193450 3566 3568 
193500 3559 3562 
193550 3541 3547 
193600 3563 3564 
193650 3539 3543 
193700 3548 3549 
193750 3552 3549 
193800 3555 3561 
193850 3553 3559 
193900 3552 3557 
193950 3553 3552 
194000 3556 3556 
194050 3551 3559 
194100 3541 3545 
194150 3546 3557 
194200 3562 3562 
194250 3545 3542 
194300 3545 3546 
194350 3548 3543 
194400 3552 3550 
194450 3554 3554 
194500 3552 3549 
194550 3542 3544 
194600 3547 3541 
194650 3548 3547 
194700 3554 3560 
194750 3549 3550 
194800 3544 3545 
194850 3555 3554 
194900 3557 3560 
194950 3560 3559 
195000 3556 3552 
195050 3561 3554 
195100 3566 3568 
195150 3560 3562 
195200 3560 3553 
195250 3549 3555 
195300 3555 3561 
195350 3553 3553 
195400 3542 3551 
195450 3549 3551 
195500 3563 3560 
195550 3556 3553 
195600 3572 3572 
195650 3565 3562 
195700 3555 3557 
195750 3557 3555 
195800 3545 3550 
195850 3572 3568 
195900 3553 3558 
195950 3554 3557 
196000 3557 3554 
196050 3547 3547 
196100 3550 3546 
196150 3545 3549 
196200 3534 3537 
196250 3555 3552 
196300 3550 3552 
196350 3559 3556 
196400 3557 3560 
196450 3562 3563 
196500 3554 3550 
196550 3561 3561 
196600 3552 3551 
196650 3548 3546 
196700 3544 3543 
196750 3556 3548 
196800 3559 3559 
196850 3554 3558 
196900 3564 3568 
196950 3559 3550 
197000 3561 3552 
197050 3544 3548 
197100 3566 3561 
197150 3560 3566 
197200 3567 3568 
197250 3564 3556 
197300 3544 3551 
197350 3563 3555 
197400 3557 3550 
197450 3551 3551 
197500 3545 3548 
197550 3566 3562 
197600 3554 3553 
197650 3559 3564 
197700 3553 3556 
197750 3543 3543 
197800 3537 3539 
197850 3563 3561 
197900 3554 3553 
197950 3547 3555 
198000 3564 3562 
198050 3558 3554 
198100 3550 3550 
198150 3565 3562 
198200 3554 3555 
198250 3548 3550 
198300 3560 3561 
198350 3549 3551 
198400 3530 3536 
198450 3558 3565 
198500 3547 3549 
198550 3571 3571 
198600 3548 3544 
198650 3558 3555 
198700 3558 3557 
198750 3560 3564 
198800 3560 3561 
198850 3553 3552 
198900 3551 3554 
198950 3565 3564 
199000 3547 3547 
199050 3555 3547 
199100 3543 3537 
199150 3554 3554 
199200 3560 3550 
199250 3557 3556 
199300 3562 3567 
199350 3560 3563 
199400 3547 3547 
199450 3550 3553 
199500 3565 3566 
199550 3560 3559 
199600 3568 3563 
199650 3550 3551 
199700 3554 3551 
199750 3571 3566 
199800 3548 3544 
199850 3542 3543 
199900 3565 3565 
199950 3562 3557 
200000 3567 3565 
