# Avida tasks data
# Fri Apr  6 23:29:04 2012
# First column gives the current update, next columns give the number
# of organisms that have the particular task as a component of their merit
#  1: Update
#  2: Xor
#  3: Equals

0 0 0 
50 8 8 
100 39 39 
150 110 110 
200 236 236 
250 437 439 
300 669 668 
350 964 964 
400 1316 1312 
450 1725 1722 
500 2161 2159 
550 2653 2653 
600 3178 3179 
650 3389 3394 
700 3518 3517 
750 3539 3541 
800 3544 3543 
850 3547 3547 
900 3555 3550 
950 3542 3542 
1000 3542 3543 
1050 3543 3543 
1100 3554 3553 
1150 3536 3530 
1200 3564 3561 
1250 3546 3542 
1300 3553 3552 
1350 3549 3550 
1400 3530 3528 
1450 3544 3549 
1500 3545 3548 
1550 3547 3550 
1600 3547 3546 
1650 3539 3541 
1700 3557 3556 
1750 3548 3541 
1800 3550 3544 
1850 3539 3539 
1900 3557 3554 
1950 3547 3545 
2000 3542 3540 
2050 3551 3552 
2100 3540 3547 
2150 3533 3540 
2200 3553 3551 
2250 3552 3561 
2300 3534 3532 
2350 3528 3530 
2400 3550 3560 
2450 3537 3543 
2500 3546 3546 
2550 3545 3542 
2600 3539 3541 
2650 3528 3527 
2700 3528 3531 
2750 3537 3539 
2800 3546 3547 
2850 3541 3540 
2900 3547 3549 
2950 3537 3537 
3000 3557 3556 
3050 3549 3551 
3100 3546 3552 
3150 3543 3542 
3200 3536 3534 
3250 3551 3552 
3300 3536 3533 
3350 3531 3531 
3400 3529 3524 
3450 3541 3535 
3500 3527 3527 
3550 3537 3533 
3600 3532 3534 
3650 3541 3540 
3700 3554 3550 
3750 3550 3545 
3800 3539 3538 
3850 3547 3550 
3900 3535 3538 
3950 3547 3549 
4000 3543 3547 
4050 3534 3533 
4100 3555 3552 
4150 3556 3557 
4200 3533 3528 
4250 3536 3531 
4300 3549 3548 
4350 3548 3549 
4400 3543 3546 
4450 3539 3546 
4500 3548 3549 
4550 3551 3554 
4600 3550 3542 
4650 3539 3536 
4700 3522 3519 
4750 3538 3530 
4800 3540 3534 
4850 3561 3559 
4900 3545 3541 
4950 3529 3532 
5000 3546 3543 
5050 3541 3542 
5100 3535 3543 
5150 3541 3545 
5200 3552 3551 
5250 3535 3530 
5300 3547 3545 
5350 3552 3546 
5400 3543 3544 
5450 3545 3540 
5500 3544 3545 
5550 3534 3541 
5600 3541 3539 
5650 3550 3551 
5700 3528 3524 
5750 3554 3551 
5800 3525 3530 
5850 3524 3526 
5900 3533 3533 
5950 3526 3530 
6000 3557 3556 
6050 3544 3541 
6100 3549 3551 
6150 3538 3540 
6200 3540 3544 
6250 3555 3544 
6300 3535 3532 
6350 3529 3533 
6400 3526 3524 
6450 3543 3544 
6500 3551 3551 
6550 3565 3564 
6600 3546 3541 
6650 3546 3543 
6700 3541 3544 
6750 3541 3545 
6800 3552 3548 
6850 3533 3534 
6900 3546 3543 
6950 3538 3538 
7000 3556 3554 
7050 3547 3545 
7100 3545 3549 
7150 3550 3552 
7200 3555 3554 
7250 3547 3537 
7300 3544 3543 
7350 3540 3541 
7400 3531 3533 
7450 3540 3542 
7500 3534 3537 
7550 3524 3527 
7600 3533 3524 
7650 3557 3562 
7700 3540 3538 
7750 3560 3561 
7800 3531 3538 
7850 3533 3535 
7900 3522 3530 
7950 3549 3557 
8000 3561 3559 
8050 3548 3547 
8100 3537 3548 
8150 3543 3545 
8200 3554 3554 
8250 3546 3552 
8300 3550 3555 
8350 3543 3542 
8400 3546 3549 
8450 3538 3530 
8500 3538 3538 
8550 3531 3534 
8600 3537 3535 
8650 3548 3541 
8700 3545 3544 
8750 3536 3534 
8800 3535 3536 
8850 3536 3534 
8900 3554 3550 
8950 3546 3545 
9000 3563 3562 
9050 3540 3541 
9100 3552 3552 
9150 3547 3546 
9200 3545 3543 
9250 3542 3539 
9300 3528 3530 
9350 3550 3550 
9400 3550 3544 
9450 3552 3548 
9500 3547 3551 
9550 3544 3537 
9600 3554 3544 
9650 3550 3554 
9700 3532 3538 
9750 3536 3541 
9800 3541 3535 
9850 3558 3558 
9900 3542 3544 
9950 3538 3540 
10000 3558 3565 
10050 3546 3546 
10100 3539 3543 
10150 3527 3530 
10200 3535 3531 
10250 3543 3538 
10300 3546 3548 
10350 3545 3547 
10400 3541 3546 
10450 3536 3534 
10500 3537 3540 
10550 3538 3543 
10600 3528 3531 
10650 3547 3545 
10700 3546 3548 
10750 3528 3532 
10800 3542 3542 
10850 3546 3553 
10900 3548 3550 
10950 3535 3533 
11000 3560 3554 
11050 3552 3550 
11100 3555 3551 
11150 3545 3545 
11200 3524 3523 
11250 3537 3538 
11300 3538 3541 
11350 3526 3531 
11400 3539 3540 
11450 3525 3528 
11500 3547 3547 
11550 3548 3549 
11600 3530 3525 
11650 3533 3536 
11700 3539 3538 
11750 3535 3529 
11800 3548 3547 
11850 3554 3552 
11900 3535 3542 
11950 3533 3534 
12000 3527 3530 
12050 3537 3539 
12100 3522 3527 
12150 3542 3540 
12200 3541 3538 
12250 3553 3551 
12300 3546 3545 
12350 3538 3532 
12400 3536 3532 
12450 3540 3536 
12500 3546 3551 
12550 3550 3550 
12600 3531 3532 
12650 3549 3540 
12700 3538 3536 
12750 3551 3544 
12800 3563 3558 
12850 3532 3530 
12900 3555 3554 
12950 3537 3530 
13000 3549 3550 
13050 3547 3546 
13100 3552 3554 
13150 3533 3538 
13200 3548 3548 
13250 3552 3558 
13300 3544 3548 
13350 3529 3525 
13400 3539 3539 
13450 3538 3537 
13500 3544 3549 
13550 3526 3528 
13600 3550 3556 
13650 3558 3554 
13700 3540 3542 
13750 3529 3543 
13800 3539 3542 
13850 3552 3555 
13900 3558 3558 
13950 3539 3540 
14000 3552 3545 
14050 3542 3538 
14100 3564 3557 
14150 3544 3548 
14200 3561 3556 
14250 3554 3560 
14300 3550 3555 
14350 3542 3544 
14400 3533 3546 
14450 3537 3539 
14500 3554 3555 
14550 3555 3547 
14600 3543 3555 
14650 3539 3541 
14700 3555 3560 
14750 3534 3543 
14800 3537 3542 
14850 3534 3535 
14900 3539 3536 
14950 3540 3539 
15000 3543 3544 
15050 3555 3553 
15100 3556 3553 
15150 3547 3540 
15200 3551 3550 
15250 3557 3555 
15300 3549 3555 
15350 3553 3555 
15400 3545 3541 
15450 3555 3553 
15500 3550 3551 
15550 3549 3547 
15600 3525 3526 
15650 3548 3548 
15700 3551 3549 
15750 3545 3545 
15800 3537 3535 
15850 3557 3561 
15900 3546 3547 
15950 3551 3549 
16000 3546 3547 
16050 3551 3548 
16100 3539 3537 
16150 3546 3544 
16200 3549 3549 
16250 3534 3533 
16300 3535 3532 
16350 3538 3534 
16400 3531 3540 
16450 3554 3555 
16500 3536 3540 
16550 3558 3557 
16600 3536 3542 
16650 3545 3545 
16700 3553 3555 
16750 3544 3544 
16800 3540 3541 
16850 3541 3543 
16900 3548 3549 
16950 3544 3550 
17000 3534 3525 
17050 3541 3531 
17100 3552 3547 
17150 3543 3543 
17200 3543 3536 
17250 3539 3534 
17300 3541 3534 
17350 3543 3542 
17400 3551 3551 
17450 3562 3552 
17500 3554 3548 
17550 3555 3549 
17600 3556 3555 
17650 3547 3552 
17700 3531 3522 
17750 3536 3534 
17800 3538 3539 
17850 3547 3539 
17900 3550 3548 
17950 3537 3539 
18000 3541 3533 
18050 3556 3558 
18100 3541 3537 
18150 3542 3541 
18200 3525 3528 
18250 3553 3548 
18300 3542 3537 
18350 3536 3539 
18400 3547 3548 
18450 3541 3542 
18500 3540 3539 
18550 3539 3537 
18600 3538 3539 
18650 3533 3529 
18700 3539 3535 
18750 3525 3527 
18800 3558 3553 
18850 3529 3537 
18900 3542 3544 
18950 3554 3556 
19000 3559 3550 
19050 3543 3547 
19100 3558 3556 
19150 3546 3542 
19200 3540 3542 
19250 3536 3542 
19300 3539 3536 
19350 3536 3536 
19400 3554 3558 
19450 3560 3555 
19500 3540 3547 
19550 3532 3534 
19600 3546 3546 
19650 3546 3546 
19700 3543 3540 
19750 3545 3546 
19800 3556 3556 
19850 3538 3538 
19900 3545 3542 
19950 3544 3534 
20000 3552 3553 
20050 3535 3543 
20100 3542 3545 
20150 3542 3539 
20200 3514 3511 
20250 3535 3536 
20300 3543 3541 
20350 3541 3546 
20400 3555 3552 
20450 3545 3544 
20500 3540 3539 
20550 3539 3541 
20600 3539 3535 
20650 3541 3533 
20700 3552 3550 
20750 3548 3550 
20800 3547 3545 
20850 3532 3534 
20900 3539 3539 
20950 3530 3525 
21000 3526 3516 
21050 3525 3515 
21100 3553 3540 
21150 3530 3533 
21200 3537 3541 
21250 3539 3539 
21300 3557 3547 
21350 3543 3537 
21400 3544 3536 
21450 3531 3526 
21500 3544 3540 
21550 3558 3554 
21600 3536 3538 
21650 3535 3532 
21700 3534 3537 
21750 3527 3534 
21800 3544 3546 
21850 3555 3550 
21900 3560 3556 
21950 3546 3539 
22000 3548 3545 
22050 3559 3549 
22100 3536 3529 
22150 3550 3544 
22200 3546 3542 
22250 3537 3537 
22300 3540 3543 
22350 3546 3544 
22400 3547 3552 
22450 3531 3524 
22500 3549 3541 
22550 3541 3542 
22600 3537 3534 
22650 3546 3548 
22700 3552 3549 
22750 3544 3546 
22800 3530 3533 
22850 3538 3530 
22900 3543 3544 
22950 3537 3534 
23000 3542 3536 
23050 3545 3545 
23100 3548 3544 
23150 3550 3545 
23200 3553 3549 
23250 3555 3548 
23300 3525 3529 
23350 3547 3540 
23400 3534 3531 
23450 3549 3549 
23500 3534 3534 
23550 3539 3535 
23600 3536 3532 
23650 3542 3537 
23700 3556 3555 
23750 3547 3547 
23800 3544 3543 
23850 3537 3538 
23900 3546 3548 
23950 3540 3542 
24000 3555 3557 
24050 3556 3550 
24100 3557 3550 
24150 3552 3541 
24200 3554 3547 
24250 3532 3531 
24300 3544 3535 
24350 3545 3536 
24400 3558 3558 
24450 3545 3540 
24500 3549 3548 
24550 3541 3544 
24600 3556 3553 
24650 3545 3541 
24700 3529 3528 
24750 3556 3548 
24800 3530 3528 
24850 3551 3549 
24900 3547 3546 
24950 3536 3539 
25000 3545 3549 
25050 3550 3544 
25100 3541 3547 
25150 3555 3547 
25200 3536 3532 
25250 3540 3543 
25300 3535 3536 
25350 3534 3539 
25400 3543 3536 
25450 3550 3549 
25500 3545 3542 
25550 3546 3545 
25600 3557 3547 
25650 3539 3535 
25700 3526 3528 
25750 3540 3542 
25800 3538 3528 
25850 3546 3548 
25900 3549 3547 
25950 3554 3552 
26000 3556 3553 
26050 3538 3538 
26100 3543 3544 
26150 3553 3540 
26200 3543 3545 
26250 3555 3557 
26300 3553 3546 
26350 3554 3548 
26400 3538 3535 
26450 3534 3530 
26500 3563 3560 
26550 3545 3538 
26600 3541 3535 
26650 3557 3556 
26700 3550 3542 
26750 3532 3532 
26800 3536 3533 
26850 3525 3528 
26900 3541 3539 
26950 3537 3536 
27000 3548 3547 
27050 3538 3536 
27100 3544 3542 
27150 3548 3537 
27200 3539 3528 
27250 3534 3529 
27300 3554 3552 
27350 3547 3541 
27400 3555 3551 
27450 3538 3535 
27500 3546 3542 
27550 3549 3554 
27600 3552 3548 
27650 3545 3535 
27700 3549 3543 
27750 3545 3540 
27800 3559 3557 
27850 3542 3538 
27900 3537 3536 
27950 3548 3548 
28000 3537 3537 
28050 3545 3543 
28100 3546 3542 
28150 3540 3542 
28200 3543 3545 
28250 3546 3551 
28300 3534 3535 
28350 3539 3535 
28400 3530 3523 
28450 3553 3545 
28500 3543 3545 
28550 3543 3545 
28600 3538 3535 
28650 3553 3549 
28700 3537 3528 
28750 3528 3525 
28800 3540 3537 
28850 3541 3543 
28900 3524 3527 
28950 3542 3547 
29000 3544 3540 
29050 3546 3545 
29100 3548 3541 
29150 3536 3533 
29200 3530 3527 
29250 3533 3537 
29300 3540 3541 
29350 3543 3547 
29400 3552 3541 
29450 3548 3546 
29500 3552 3551 
29550 3553 3544 
29600 3540 3542 
29650 3526 3532 
29700 3555 3551 
29750 3549 3548 
29800 3546 3541 
29850 3547 3550 
29900 3538 3536 
29950 3556 3544 
30000 3530 3527 
30050 3544 3540 
30100 3551 3547 
30150 3543 3542 
30200 3536 3540 
30250 3552 3554 
30300 3549 3543 
30350 3526 3521 
30400 3521 3515 
30450 3548 3547 
30500 3547 3542 
30550 3534 3530 
30600 3529 3527 
30650 3526 3521 
30700 3544 3538 
30750 3541 3545 
30800 3556 3547 
30850 3534 3536 
30900 3537 3538 
30950 3548 3549 
31000 3556 3555 
31050 3536 3536 
31100 3550 3550 
31150 3547 3537 
31200 3535 3541 
31250 3534 3541 
31300 3538 3537 
31350 3550 3546 
31400 3548 3542 
31450 3544 3546 
31500 3549 3548 
31550 3562 3560 
31600 3546 3545 
31650 3551 3547 
31700 3540 3538 
31750 3552 3548 
31800 3541 3537 
31850 3537 3530 
31900 3542 3536 
31950 3548 3551 
32000 3540 3540 
32050 3542 3542 
32100 3553 3557 
32150 3533 3531 
32200 3533 3533 
32250 3540 3542 
32300 3532 3533 
32350 3541 3536 
32400 3548 3540 
32450 3534 3533 
32500 3541 3545 
32550 3517 3516 
32600 3555 3560 
32650 3552 3555 
32700 3555 3556 
32750 3556 3554 
32800 3542 3537 
32850 3524 3517 
32900 3540 3536 
32950 3548 3547 
33000 3538 3536 
33050 3556 3550 
33100 3546 3547 
33150 3542 3538 
33200 3538 3537 
33250 3550 3549 
33300 3555 3551 
33350 3545 3538 
33400 3552 3544 
33450 3538 3544 
33500 3559 3554 
33550 3555 3550 
33600 3546 3544 
33650 3543 3540 
33700 3559 3555 
33750 3553 3546 
33800 3544 3545 
33850 3546 3545 
33900 3548 3546 
33950 3550 3547 
34000 3540 3531 
34050 3530 3538 
34100 3552 3552 
34150 3553 3551 
34200 3552 3551 
34250 3551 3550 
34300 3560 3557 
34350 3540 3533 
34400 3548 3550 
34450 3560 3552 
34500 3551 3549 
34550 3546 3546 
34600 3543 3534 
34650 3541 3539 
34700 3523 3526 
34750 3516 3523 
34800 3548 3543 
34850 3543 3535 
34900 3538 3535 
34950 3564 3562 
35000 3540 3533 
35050 3549 3552 
35100 3558 3558 
35150 3529 3530 
35200 3550 3548 
35250 3552 3550 
35300 3539 3539 
35350 3549 3552 
35400 3542 3543 
35450 3553 3552 
35500 3549 3540 
35550 3544 3543 
35600 3535 3526 
35650 3550 3547 
35700 3554 3555 
35750 3563 3556 
35800 3550 3544 
35850 3545 3545 
35900 3541 3546 
35950 3545 3550 
36000 3541 3538 
36050 3547 3548 
36100 3543 3547 
36150 3554 3549 
36200 3522 3520 
36250 3532 3527 
36300 3551 3551 
36350 3538 3532 
36400 3536 3538 
36450 3547 3545 
36500 3542 3538 
36550 3558 3547 
36600 3554 3555 
36650 3549 3548 
36700 3538 3537 
36750 3557 3550 
36800 3546 3544 
36850 3544 3540 
36900 3534 3536 
36950 3538 3540 
37000 3569 3565 
37050 3548 3549 
37100 3543 3552 
37150 3542 3542 
37200 3555 3554 
37250 3543 3548 
37300 3537 3543 
37350 3553 3551 
37400 3532 3531 
37450 3548 3548 
37500 3558 3559 
37550 3561 3559 
37600 3537 3533 
37650 3547 3546 
37700 3543 3533 
37750 3541 3542 
37800 3548 3547 
37850 3554 3552 
37900 3568 3565 
37950 3530 3532 
38000 3564 3560 
38050 3550 3549 
38100 3558 3555 
38150 3556 3561 
38200 3553 3549 
38250 3540 3540 
38300 3553 3552 
38350 3547 3550 
38400 3542 3543 
38450 3550 3547 
38500 3538 3544 
38550 3546 3541 
38600 3555 3556 
38650 3541 3543 
38700 3545 3546 
38750 3548 3552 
38800 3551 3557 
38850 3547 3546 
38900 3528 3535 
38950 3534 3543 
39000 3540 3551 
39050 3557 3553 
39100 3553 3552 
39150 3548 3544 
39200 3549 3550 
39250 3534 3535 
39300 3530 3530 
39350 3554 3558 
39400 3534 3537 
39450 3550 3549 
39500 3554 3556 
39550 3531 3534 
39600 3547 3543 
39650 3549 3547 
39700 3537 3537 
39750 3541 3540 
39800 3553 3557 
39850 3540 3541 
39900 3557 3557 
39950 3544 3542 
40000 3530 3536 
40050 3549 3544 
40100 3543 3544 
40150 3548 3552 
40200 3553 3558 
40250 3553 3555 
40300 3556 3556 
40350 3557 3551 
40400 3553 3551 
40450 3540 3550 
40500 3557 3559 
40550 3549 3550 
40600 3541 3542 
40650 3539 3537 
40700 3521 3521 
40750 3551 3554 
40800 3545 3551 
40850 3555 3550 
40900 3558 3556 
40950 3561 3562 
41000 3549 3550 
41050 3549 3546 
41100 3551 3550 
41150 3551 3555 
41200 3556 3550 
41250 3537 3539 
41300 3539 3541 
41350 3555 3557 
41400 3552 3553 
41450 3528 3528 
41500 3552 3550 
41550 3572 3573 
41600 3540 3539 
41650 3545 3547 
41700 3543 3546 
41750 3556 3552 
41800 3525 3524 
41850 3525 3532 
41900 3560 3563 
41950 3538 3531 
42000 3547 3545 
42050 3549 3553 
42100 3545 3544 
42150 3556 3553 
42200 3548 3552 
42250 3556 3555 
42300 3544 3546 
42350 3543 3541 
42400 3530 3540 
42450 3548 3544 
42500 3555 3554 
42550 3561 3557 
42600 3559 3559 
42650 3547 3547 
42700 3549 3549 
42750 3541 3545 
42800 3539 3541 
42850 3546 3552 
42900 3550 3551 
42950 3538 3540 
43000 3565 3564 
43050 3556 3561 
43100 3535 3537 
43150 3538 3540 
43200 3542 3543 
43250 3547 3551 
43300 3543 3539 
43350 3552 3557 
43400 3532 3532 
43450 3566 3559 
43500 3546 3548 
43550 3559 3552 
43600 3549 3547 
43650 3557 3551 
43700 3553 3553 
43750 3530 3532 
43800 3553 3546 
43850 3558 3552 
43900 3552 3555 
43950 3539 3542 
44000 3563 3566 
44050 3552 3553 
44100 3559 3556 
44150 3538 3543 
44200 3543 3545 
44250 3537 3543 
44300 3541 3543 
44350 3551 3550 
44400 3558 3565 
44450 3521 3523 
44500 3527 3521 
44550 3548 3547 
44600 3544 3545 
44650 3543 3546 
44700 3553 3558 
44750 3544 3542 
44800 3536 3540 
44850 3544 3544 
44900 3541 3541 
44950 3527 3524 
45000 3549 3546 
45050 3557 3559 
45100 3553 3558 
45150 3545 3545 
45200 3538 3541 
45250 3545 3548 
45300 3552 3551 
45350 3549 3554 
45400 3556 3555 
45450 3561 3560 
45500 3541 3539 
45550 3549 3548 
45600 3530 3529 
45650 3543 3541 
45700 3541 3544 
45750 3530 3532 
45800 3559 3561 
45850 3541 3544 
45900 3554 3552 
45950 3550 3554 
46000 3546 3545 
46050 3547 3548 
46100 3534 3531 
46150 3541 3538 
46200 3530 3539 
46250 3546 3543 
46300 3552 3547 
46350 3551 3551 
46400 3545 3543 
46450 3545 3547 
46500 3541 3542 
46550 3544 3549 
46600 3551 3551 
46650 3535 3538 
46700 3540 3548 
46750 3550 3553 
46800 3536 3535 
46850 3557 3553 
46900 3549 3549 
46950 3562 3555 
47000 3548 3550 
47050 3531 3535 
47100 3552 3549 
47150 3541 3540 
47200 3535 3536 
47250 3541 3540 
47300 3549 3543 
47350 3526 3531 
47400 3549 3546 
47450 3535 3534 
47500 3544 3539 
47550 3548 3545 
47600 3558 3555 
47650 3534 3539 
47700 3541 3542 
47750 3536 3535 
47800 3542 3542 
47850 3546 3550 
47900 3555 3557 
47950 3555 3556 
48000 3561 3562 
48050 3561 3553 
48100 3535 3538 
48150 3554 3548 
48200 3542 3547 
48250 3546 3544 
48300 3548 3548 
48350 3544 3543 
48400 3533 3530 
48450 3551 3549 
48500 3556 3552 
48550 3545 3551 
48600 3548 3552 
48650 3541 3539 
48700 3533 3528 
48750 3541 3543 
48800 3553 3555 
48850 3557 3560 
48900 3538 3537 
48950 3533 3528 
49000 3545 3546 
49050 3556 3554 
49100 3544 3546 
49150 3532 3538 
49200 3551 3547 
49250 3537 3535 
49300 3557 3555 
49350 3540 3540 
49400 3549 3549 
49450 3550 3549 
49500 3555 3557 
49550 3538 3540 
49600 3541 3542 
49650 3553 3549 
49700 3533 3531 
49750 3545 3548 
49800 3550 3546 
49850 3553 3549 
49900 3554 3562 
49950 3545 3547 
50000 3545 3547 
50050 3554 3551 
50100 3547 3545 
50150 3553 3543 
50200 3556 3555 
50250 3553 3546 
50300 3561 3557 
50350 3556 3555 
50400 3535 3537 
50450 3549 3546 
50500 3536 3540 
50550 3571 3571 
50600 3539 3536 
50650 3534 3536 
50700 3539 3539 
50750 3533 3536 
50800 3524 3518 
50850 3547 3538 
50900 3552 3554 
50950 3553 3557 
51000 3547 3552 
51050 3560 3553 
51100 3556 3561 
51150 3556 3553 
51200 3548 3542 
51250 3545 3541 
51300 3552 3548 
51350 3549 3542 
51400 3550 3555 
51450 3548 3549 
51500 3548 3545 
51550 3550 3550 
51600 3535 3540 
51650 3554 3557 
51700 3548 3542 
51750 3538 3540 
51800 3551 3556 
51850 3543 3544 
51900 3549 3551 
51950 3544 3543 
52000 3544 3543 
52050 3537 3541 
52100 3552 3556 
52150 3548 3552 
52200 3558 3557 
52250 3565 3556 
52300 3551 3551 
52350 3536 3532 
52400 3543 3538 
52450 3545 3548 
52500 3534 3535 
52550 3535 3538 
52600 3552 3549 
52650 3534 3531 
52700 3546 3547 
52750 3536 3538 
52800 3543 3542 
52850 3550 3551 
52900 3546 3548 
52950 3539 3531 
53000 3553 3550 
53050 3540 3538 
53100 3549 3548 
53150 3547 3547 
53200 3531 3529 
53250 3561 3549 
53300 3547 3551 
53350 3538 3547 
53400 3548 3549 
53450 3559 3560 
53500 3544 3542 
53550 3549 3551 
53600 3543 3546 
53650 3541 3536 
53700 3545 3542 
53750 3546 3544 
53800 3547 3549 
53850 3561 3558 
53900 3556 3552 
53950 3547 3547 
54000 3543 3540 
54050 3550 3549 
54100 3550 3554 
54150 3557 3560 
54200 3549 3547 
54250 3563 3567 
54300 3550 3552 
54350 3553 3553 
54400 3542 3543 
54450 3554 3549 
54500 3532 3531 
54550 3545 3547 
54600 3544 3542 
54650 3541 3536 
54700 3530 3530 
54750 3551 3552 
54800 3560 3557 
54850 3547 3544 
54900 3561 3558 
54950 3550 3548 
55000 3545 3540 
55050 3549 3548 
55100 3548 3546 
55150 3548 3542 
55200 3553 3552 
55250 3547 3543 
55300 3533 3536 
55350 3567 3567 
55400 3554 3550 
55450 3560 3558 
55500 3534 3540 
55550 3540 3539 
55600 3549 3555 
55650 3539 3542 
55700 3542 3545 
55750 3564 3565 
55800 3556 3549 
55850 3537 3538 
55900 3550 3554 
55950 3550 3551 
56000 3548 3553 
56050 3547 3545 
56100 3550 3554 
56150 3542 3549 
56200 3550 3544 
56250 3546 3548 
56300 3560 3555 
56350 3537 3538 
56400 3555 3555 
56450 3547 3549 
56500 3544 3543 
56550 3552 3555 
56600 3550 3549 
56650 3548 3547 
56700 3545 3546 
56750 3543 3542 
56800 3541 3539 
56850 3539 3539 
56900 3558 3556 
56950 3550 3553 
57000 3540 3535 
57050 3549 3550 
57100 3536 3538 
57150 3545 3543 
57200 3540 3548 
57250 3553 3550 
57300 3555 3550 
57350 3533 3534 
57400 3548 3545 
57450 3549 3545 
57500 3546 3548 
57550 3557 3557 
57600 3534 3537 
57650 3560 3554 
57700 3565 3566 
57750 3555 3559 
57800 3536 3537 
57850 3548 3548 
57900 3552 3555 
57950 3540 3539 
58000 3557 3561 
58050 3531 3522 
58100 3539 3542 
58150 3544 3544 
58200 3549 3548 
58250 3545 3552 
58300 3544 3539 
58350 3545 3545 
58400 3542 3539 
58450 3538 3537 
58500 3558 3561 
58550 3558 3559 
58600 3539 3543 
58650 3542 3539 
58700 3552 3553 
58750 3537 3535 
58800 3538 3536 
58850 3544 3544 
58900 3533 3541 
58950 3537 3538 
59000 3532 3536 
59050 3518 3525 
59100 3561 3558 
59150 3557 3557 
59200 3531 3530 
59250 3534 3536 
59300 3547 3551 
59350 3540 3545 
59400 3549 3549 
59450 3550 3541 
59500 3538 3544 
59550 3549 3550 
59600 3541 3537 
59650 3550 3551 
59700 3547 3547 
59750 3563 3562 
59800 3550 3555 
59850 3552 3553 
59900 3560 3556 
59950 3547 3554 
60000 3546 3545 
60050 3543 3541 
60100 3548 3551 
60150 3534 3531 
60200 3537 3536 
60250 3544 3546 
60300 3537 3543 
60350 3551 3546 
60400 3548 3544 
60450 3554 3551 
60500 3553 3551 
60550 3544 3543 
60600 3524 3511 
60650 3545 3548 
60700 3568 3566 
60750 3533 3535 
60800 3557 3555 
60850 3539 3538 
60900 3538 3536 
60950 3553 3552 
61000 3560 3564 
61050 3558 3563 
61100 3552 3545 
61150 3551 3540 
61200 3558 3554 
61250 3547 3552 
61300 3528 3529 
61350 3545 3549 
61400 3548 3548 
61450 3545 3543 
61500 3550 3553 
61550 3553 3551 
61600 3558 3558 
61650 3550 3547 
61700 3552 3550 
61750 3549 3549 
61800 3551 3553 
61850 3542 3539 
61900 3538 3541 
61950 3536 3535 
62000 3557 3557 
62050 3548 3548 
62100 3538 3542 
62150 3571 3563 
62200 3546 3547 
62250 3546 3542 
62300 3534 3543 
62350 3543 3544 
62400 3555 3555 
62450 3547 3551 
62500 3533 3541 
62550 3534 3535 
62600 3546 3544 
62650 3561 3564 
62700 3539 3546 
62750 3544 3545 
62800 3548 3543 
62850 3545 3548 
62900 3556 3549 
62950 3524 3525 
63000 3550 3553 
63050 3527 3543 
63100 3539 3543 
63150 3544 3546 
63200 3545 3539 
63250 3545 3540 
63300 3537 3540 
63350 3538 3537 
63400 3559 3558 
63450 3544 3547 
63500 3543 3546 
63550 3549 3553 
63600 3538 3538 
63650 3557 3554 
63700 3562 3562 
63750 3556 3549 
63800 3549 3551 
63850 3551 3555 
63900 3545 3544 
63950 3529 3531 
64000 3544 3546 
64050 3548 3547 
64100 3543 3540 
64150 3545 3544 
64200 3555 3553 
64250 3551 3550 
64300 3569 3574 
64350 3549 3554 
64400 3549 3549 
64450 3549 3543 
64500 3542 3541 
64550 3542 3542 
64600 3558 3559 
64650 3545 3542 
64700 3540 3546 
64750 3552 3553 
64800 3547 3549 
64850 3538 3537 
64900 3557 3549 
64950 3550 3543 
65000 3541 3542 
65050 3551 3551 
65100 3538 3541 
65150 3543 3542 
65200 3536 3534 
65250 3545 3542 
65300 3557 3554 
65350 3532 3532 
65400 3547 3546 
65450 3540 3540 
65500 3542 3545 
65550 3548 3550 
65600 3538 3548 
65650 3544 3548 
65700 3554 3553 
65750 3558 3558 
65800 3547 3544 
65850 3528 3527 
65900 3561 3559 
65950 3550 3551 
66000 3552 3553 
66050 3550 3545 
66100 3540 3541 
66150 3562 3560 
66200 3551 3547 
66250 3545 3546 
66300 3550 3546 
66350 3550 3543 
66400 3537 3535 
66450 3554 3554 
66500 3557 3562 
66550 3542 3535 
66600 3542 3543 
66650 3531 3526 
66700 3542 3539 
66750 3562 3562 
66800 3546 3544 
66850 3540 3536 
66900 3555 3552 
66950 3545 3542 
67000 3547 3552 
67050 3554 3557 
67100 3547 3543 
67150 3543 3543 
67200 3543 3534 
67250 3553 3555 
67300 3543 3545 
67350 3569 3566 
67400 3533 3530 
67450 3559 3556 
67500 3548 3552 
67550 3557 3562 
67600 3545 3542 
67650 3523 3525 
67700 3541 3544 
67750 3543 3543 
67800 3543 3541 
67850 3550 3551 
67900 3550 3550 
67950 3532 3532 
68000 3548 3545 
68050 3545 3544 
68100 3535 3535 
68150 3552 3554 
68200 3552 3545 
68250 3526 3526 
68300 3558 3557 
68350 3531 3527 
68400 3546 3543 
68450 3549 3550 
68500 3559 3559 
68550 3555 3558 
68600 3550 3548 
68650 3541 3545 
68700 3532 3533 
68750 3566 3569 
68800 3555 3555 
68850 3549 3546 
68900 3538 3536 
68950 3549 3546 
69000 3542 3542 
69050 3559 3561 
69100 3543 3537 
69150 3562 3561 
69200 3549 3550 
69250 3557 3552 
69300 3560 3563 
69350 3526 3519 
69400 3525 3521 
69450 3551 3544 
69500 3562 3561 
69550 3543 3542 
69600 3541 3537 
69650 3546 3546 
69700 3542 3538 
69750 3548 3545 
69800 3529 3528 
69850 3558 3553 
69900 3553 3551 
69950 3553 3556 
70000 3552 3552 
70050 3529 3529 
70100 3538 3540 
70150 3550 3547 
70200 3543 3541 
70250 3558 3551 
70300 3546 3538 
70350 3548 3551 
70400 3565 3565 
70450 3546 3545 
70500 3559 3556 
70550 3547 3551 
70600 3544 3543 
70650 3559 3562 
70700 3555 3560 
70750 3561 3555 
70800 3551 3552 
70850 3548 3549 
70900 3543 3547 
70950 3555 3555 
71000 3550 3546 
71050 3528 3536 
71100 3543 3537 
71150 3544 3540 
71200 3540 3539 
71250 3556 3557 
71300 3559 3557 
71350 3562 3558 
71400 3547 3556 
71450 3540 3543 
71500 3547 3536 
71550 3554 3555 
71600 3537 3542 
71650 3550 3552 
71700 3548 3546 
71750 3552 3550 
71800 3550 3555 
71850 3554 3551 
71900 3560 3553 
71950 3564 3565 
72000 3547 3549 
72050 3549 3552 
72100 3548 3549 
72150 3545 3546 
72200 3557 3553 
72250 3540 3535 
72300 3541 3551 
72350 3544 3541 
72400 3547 3550 
72450 3562 3558 
72500 3555 3554 
72550 3546 3547 
72600 3556 3555 
72650 3535 3533 
72700 3543 3545 
72750 3556 3554 
72800 3561 3557 
72850 3553 3552 
72900 3557 3559 
72950 3548 3543 
73000 3543 3539 
73050 3556 3555 
73100 3556 3552 
73150 3539 3532 
73200 3524 3526 
73250 3549 3550 
73300 3540 3536 
73350 3535 3542 
73400 3549 3552 
73450 3548 3546 
73500 3541 3546 
73550 3560 3553 
73600 3561 3561 
73650 3544 3543 
73700 3552 3554 
73750 3551 3547 
73800 3547 3546 
73850 3545 3548 
73900 3548 3547 
73950 3550 3556 
74000 3524 3522 
74050 3549 3550 
74100 3544 3548 
74150 3545 3539 
74200 3534 3528 
74250 3543 3541 
74300 3566 3562 
74350 3536 3535 
74400 3554 3558 
74450 3547 3544 
74500 3545 3549 
74550 3558 3554 
74600 3541 3538 
74650 3548 3546 
74700 3539 3539 
74750 3550 3555 
74800 3549 3552 
74850 3549 3553 
74900 3539 3541 
74950 3544 3544 
75000 3550 3547 
75050 3543 3543 
75100 3561 3561 
75150 3552 3550 
75200 3543 3545 
75250 3550 3552 
75300 3548 3553 
75350 3554 3552 
75400 3535 3540 
75450 3551 3550 
75500 3537 3534 
75550 3545 3541 
75600 3550 3553 
75650 3555 3554 
75700 3538 3532 
75750 3561 3565 
75800 3540 3539 
75850 3551 3546 
75900 3539 3537 
75950 3539 3537 
76000 3541 3541 
76050 3545 3546 
76100 3546 3544 
76150 3535 3541 
76200 3543 3541 
76250 3545 3549 
76300 3535 3536 
76350 3537 3548 
76400 3558 3547 
76450 3552 3554 
76500 3547 3543 
76550 3530 3534 
76600 3546 3543 
76650 3560 3554 
76700 3538 3536 
76750 3553 3551 
76800 3552 3548 
76850 3526 3529 
76900 3530 3532 
76950 3542 3549 
77000 3535 3526 
77050 3529 3523 
77100 3546 3545 
77150 3534 3542 
77200 3540 3541 
77250 3555 3549 
77300 3531 3532 
77350 3543 3548 
77400 3537 3534 
77450 3547 3543 
77500 3557 3558 
77550 3549 3550 
77600 3564 3566 
77650 3542 3539 
77700 3543 3548 
77750 3533 3534 
77800 3552 3551 
77850 3555 3549 
77900 3559 3557 
77950 3559 3557 
78000 3541 3539 
78050 3543 3541 
78100 3528 3529 
78150 3558 3562 
78200 3548 3545 
78250 3543 3541 
78300 3546 3544 
78350 3553 3549 
78400 3548 3543 
78450 3536 3540 
78500 3558 3556 
78550 3542 3549 
78600 3539 3539 
78650 3540 3539 
78700 3551 3550 
78750 3560 3562 
78800 3552 3550 
78850 3547 3552 
78900 3552 3549 
78950 3537 3544 
79000 3533 3542 
79050 3544 3547 
79100 3550 3550 
79150 3553 3556 
79200 3556 3549 
79250 3544 3539 
79300 3533 3533 
79350 3546 3541 
79400 3549 3553 
79450 3550 3550 
79500 3552 3555 
79550 3547 3539 
79600 3547 3545 
79650 3546 3538 
79700 3545 3546 
79750 3534 3540 
79800 3554 3554 
79850 3559 3561 
79900 3552 3552 
79950 3537 3535 
80000 3558 3553 
80050 3537 3540 
80100 3548 3542 
80150 3540 3539 
80200 3540 3537 
80250 3543 3540 
80300 3546 3532 
80350 3548 3547 
80400 3545 3540 
80450 3547 3556 
80500 3543 3543 
80550 3562 3562 
80600 3548 3548 
80650 3551 3550 
80700 3546 3547 
80750 3537 3531 
80800 3548 3540 
80850 3554 3553 
80900 3538 3542 
80950 3544 3546 
81000 3548 3550 
81050 3546 3543 
81100 3534 3535 
81150 3554 3548 
81200 3551 3551 
81250 3534 3539 
81300 3551 3544 
81350 3542 3538 
81400 3559 3559 
81450 3553 3548 
81500 3560 3559 
81550 3564 3564 
81600 3556 3558 
81650 3559 3554 
81700 3553 3552 
81750 3552 3554 
81800 3552 3559 
81850 3537 3538 
81900 3554 3549 
81950 3556 3556 
82000 3561 3556 
82050 3560 3559 
82100 3561 3553 
82150 3556 3551 
82200 3552 3548 
82250 3560 3554 
82300 3552 3554 
82350 3541 3542 
82400 3546 3552 
82450 3545 3545 
82500 3553 3554 
82550 3545 3545 
82600 3554 3553 
82650 3535 3541 
82700 3554 3552 
82750 3551 3551 
82800 3553 3548 
82850 3542 3543 
82900 3549 3554 
82950 3545 3542 
83000 3569 3561 
83050 3559 3558 
83100 3554 3555 
83150 3560 3560 
83200 3553 3545 
83250 3557 3559 
83300 3544 3542 
83350 3557 3557 
83400 3550 3552 
83450 3558 3553 
83500 3549 3546 
83550 3561 3560 
83600 3539 3537 
83650 3548 3551 
83700 3543 3543 
83750 3544 3543 
83800 3541 3542 
83850 3535 3539 
83900 3549 3545 
83950 3550 3551 
84000 3552 3563 
84050 3553 3560 
84100 3538 3540 
84150 3556 3553 
84200 3558 3550 
84250 3548 3549 
84300 3550 3550 
84350 3537 3536 
84400 3549 3544 
84450 3559 3561 
84500 3552 3549 
84550 3547 3547 
84600 3546 3542 
84650 3565 3564 
84700 3561 3551 
84750 3546 3546 
84800 3535 3539 
84850 3541 3540 
84900 3532 3535 
84950 3556 3553 
85000 3537 3542 
85050 3559 3557 
85100 3557 3560 
85150 3541 3543 
85200 3538 3544 
85250 3562 3561 
85300 3538 3539 
85350 3547 3547 
85400 3546 3550 
85450 3552 3546 
85500 3555 3554 
85550 3550 3545 
85600 3550 3553 
85650 3534 3536 
85700 3557 3560 
85750 3538 3540 
85800 3550 3556 
85850 3540 3544 
85900 3546 3542 
85950 3543 3542 
86000 3544 3544 
86050 3550 3545 
86100 3565 3566 
86150 3564 3564 
86200 3549 3552 
86250 3552 3558 
86300 3545 3546 
86350 3549 3544 
86400 3546 3545 
86450 3549 3544 
86500 3543 3543 
86550 3554 3554 
86600 3544 3544 
86650 3564 3563 
86700 3554 3558 
86750 3552 3549 
86800 3564 3566 
86850 3544 3543 
86900 3533 3527 
86950 3538 3535 
87000 3539 3539 
87050 3544 3542 
87100 3545 3540 
87150 3562 3563 
87200 3540 3542 
87250 3546 3539 
87300 3558 3557 
87350 3543 3539 
87400 3522 3512 
87450 3537 3530 
87500 3551 3555 
87550 3535 3537 
87600 3541 3544 
87650 3562 3559 
87700 3555 3550 
87750 3550 3552 
87800 3552 3545 
87850 3523 3516 
87900 3539 3540 
87950 3550 3548 
88000 3547 3549 
88050 3548 3550 
88100 3548 3549 
88150 3560 3564 
88200 3563 3560 
88250 3555 3559 
88300 3547 3552 
88350 3556 3555 
88400 3553 3553 
88450 3545 3546 
88500 3549 3553 
88550 3535 3535 
88600 3558 3562 
88650 3566 3559 
88700 3531 3536 
88750 3549 3552 
88800 3559 3557 
88850 3556 3546 
88900 3558 3555 
88950 3562 3566 
89000 3557 3548 
89050 3556 3552 
89100 3551 3552 
89150 3545 3540 
89200 3552 3555 
89250 3557 3553 
89300 3545 3544 
89350 3552 3561 
89400 3549 3549 
89450 3545 3549 
89500 3543 3550 
89550 3553 3555 
89600 3557 3560 
89650 3543 3543 
89700 3555 3558 
89750 3555 3560 
89800 3549 3544 
89850 3547 3547 
89900 3555 3558 
89950 3556 3563 
90000 3544 3549 
90050 3552 3547 
90100 3550 3538 
90150 3553 3549 
90200 3555 3555 
90250 3543 3543 
90300 3538 3540 
90350 3550 3552 
90400 3548 3551 
90450 3547 3550 
90500 3557 3551 
90550 3544 3547 
90600 3526 3531 
90650 3552 3544 
90700 3558 3560 
90750 3556 3556 
90800 3533 3536 
90850 3553 3554 
90900 3546 3536 
90950 3563 3558 
91000 3554 3552 
91050 3544 3543 
91100 3556 3553 
91150 3548 3543 
91200 3554 3548 
91250 3550 3550 
91300 3549 3548 
91350 3546 3540 
91400 3542 3539 
91450 3551 3550 
91500 3563 3566 
91550 3546 3549 
91600 3551 3552 
91650 3554 3554 
91700 3549 3555 
91750 3545 3551 
91800 3545 3530 
91850 3544 3540 
91900 3548 3542 
91950 3546 3548 
92000 3542 3539 
92050 3548 3546 
92100 3564 3563 
92150 3547 3549 
92200 3552 3557 
92250 3539 3546 
92300 3541 3545 
92350 3548 3550 
92400 3564 3562 
92450 3548 3547 
92500 3522 3519 
92550 3555 3558 
92600 3562 3563 
92650 3546 3543 
92700 3547 3555 
92750 3550 3550 
92800 3553 3555 
92850 3549 3547 
92900 3537 3537 
92950 3558 3555 
93000 3543 3542 
93050 3548 3551 
93100 3538 3533 
93150 3552 3551 
93200 3546 3542 
93250 3544 3537 
93300 3567 3564 
93350 3539 3537 
93400 3553 3549 
93450 3553 3551 
93500 3539 3545 
93550 3553 3553 
93600 3555 3548 
93650 3546 3541 
93700 3548 3550 
93750 3557 3552 
93800 3537 3539 
93850 3543 3549 
93900 3556 3560 
93950 3539 3538 
94000 3553 3547 
94050 3546 3537 
94100 3556 3553 
94150 3545 3551 
94200 3544 3543 
94250 3543 3539 
94300 3546 3542 
94350 3530 3532 
94400 3550 3547 
94450 3542 3547 
94500 3556 3552 
94550 3534 3538 
94600 3564 3562 
94650 3545 3546 
94700 3556 3551 
94750 3566 3563 
94800 3551 3552 
94850 3532 3529 
94900 3545 3547 
94950 3551 3546 
95000 3550 3545 
95050 3551 3547 
95100 3546 3552 
95150 3567 3565 
95200 3539 3543 
95250 3541 3542 
95300 3551 3545 
95350 3541 3538 
95400 3543 3544 
95450 3535 3536 
95500 3536 3530 
95550 3556 3554 
95600 3555 3554 
95650 3545 3545 
95700 3540 3544 
95750 3539 3538 
95800 3530 3528 
95850 3550 3552 
95900 3539 3533 
95950 3562 3559 
96000 3549 3550 
96050 3556 3556 
96100 3550 3545 
96150 3552 3547 
96200 3569 3572 
96250 3557 3557 
96300 3535 3536 
96350 3552 3551 
96400 3539 3539 
96450 3540 3542 
96500 3548 3545 
96550 3548 3549 
96600 3545 3545 
96650 3546 3542 
96700 3548 3544 
96750 3553 3550 
96800 3541 3530 
96850 3560 3555 
96900 3536 3537 
96950 3545 3546 
97000 3532 3534 
97050 3536 3536 
97100 3544 3544 
97150 3551 3550 
97200 3547 3545 
97250 3544 3549 
97300 3548 3542 
97350 3552 3552 
97400 3542 3544 
97450 3555 3559 
97500 3554 3551 
97550 3561 3561 
97600 3548 3545 
97650 3570 3573 
97700 3549 3549 
97750 3556 3564 
97800 3536 3530 
97850 3552 3546 
97900 3537 3540 
97950 3545 3541 
98000 3546 3546 
98050 3572 3575 
98100 3556 3551 
98150 3546 3548 
98200 3538 3540 
98250 3557 3558 
98300 3539 3535 
98350 3538 3537 
98400 3545 3545 
98450 3554 3553 
98500 3540 3533 
98550 3548 3544 
98600 3557 3556 
98650 3559 3550 
98700 3558 3558 
98750 3537 3532 
98800 3549 3547 
98850 3554 3544 
98900 3556 3557 
98950 3551 3548 
99000 3556 3560 
99050 3552 3555 
99100 3551 3549 
99150 3557 3553 
99200 3559 3556 
99250 3541 3541 
99300 3559 3551 
99350 3539 3536 
99400 3559 3554 
99450 3536 3535 
99500 3546 3549 
99550 3554 3550 
99600 3545 3547 
99650 3550 3548 
99700 3546 3549 
99750 3554 3554 
99800 3547 3545 
99850 3537 3544 
99900 3540 3542 
99950 3552 3552 
100000 3561 3559 
100050 3542 3542 
100100 3557 3556 
100150 3536 3535 
100200 3557 3552 
100250 3546 3550 
100300 3560 3561 
100350 3550 3555 
100400 3554 3554 
100450 3545 3548 
100500 3554 3554 
100550 3567 3563 
100600 3560 3559 
100650 3547 3542 
100700 3561 3557 
100750 3555 3548 
100800 3545 3545 
100850 3552 3547 
100900 3552 3550 
100950 3556 3551 
101000 3551 3550 
101050 3548 3545 
101100 3559 3555 
101150 3572 3565 
101200 3545 3550 
101250 3547 3544 
101300 3552 3549 
101350 3551 3546 
101400 3552 3545 
101450 3541 3539 
101500 3546 3543 
101550 3550 3551 
101600 3553 3550 
101650 3551 3555 
101700 3550 3549 
101750 3535 3533 
101800 3540 3548 
101850 3542 3544 
101900 3543 3539 
101950 3545 3549 
102000 3547 3542 
102050 3542 3537 
102100 3547 3546 
102150 3556 3563 
102200 3567 3566 
102250 3548 3550 
102300 3551 3552 
102350 3545 3544 
102400 3548 3552 
102450 3550 3551 
102500 3538 3547 
102550 3553 3549 
102600 3556 3551 
102650 3547 3546 
102700 3554 3556 
102750 3562 3550 
102800 3547 3546 
102850 3542 3544 
102900 3546 3544 
102950 3558 3553 
103000 3545 3537 
103050 3549 3550 
103100 3550 3548 
103150 3539 3539 
103200 3551 3544 
103250 3552 3557 
103300 3553 3551 
103350 3526 3526 
103400 3534 3528 
103450 3547 3547 
103500 3548 3550 
103550 3552 3548 
103600 3548 3546 
103650 3555 3550 
103700 3548 3550 
103750 3543 3543 
103800 3533 3532 
103850 3545 3545 
103900 3549 3553 
103950 3557 3553 
104000 3545 3546 
104050 3549 3551 
104100 3547 3542 
104150 3552 3552 
104200 3548 3548 
104250 3552 3548 
104300 3538 3535 
104350 3535 3533 
104400 3548 3550 
104450 3548 3545 
104500 3546 3545 
104550 3543 3547 
104600 3550 3546 
104650 3540 3534 
104700 3556 3556 
104750 3546 3540 
104800 3550 3548 
104850 3552 3544 
104900 3561 3545 
104950 3538 3540 
105000 3547 3543 
105050 3543 3541 
105100 3562 3560 
105150 3546 3551 
105200 3544 3546 
105250 3548 3547 
105300 3535 3528 
105350 3543 3545 
105400 3541 3542 
105450 3544 3550 
105500 3542 3540 
105550 3543 3542 
105600 3540 3545 
105650 3569 3568 
105700 3559 3558 
105750 3543 3537 
105800 3561 3558 
105850 3562 3559 
105900 3556 3555 
105950 3550 3546 
106000 3556 3554 
106050 3566 3560 
106100 3549 3547 
106150 3540 3533 
106200 3549 3544 
106250 3548 3544 
106300 3554 3549 
106350 3547 3553 
106400 3565 3568 
106450 3555 3548 
106500 3556 3552 
106550 3550 3548 
106600 3561 3556 
106650 3559 3564 
106700 3559 3562 
106750 3533 3531 
106800 3541 3539 
106850 3550 3549 
106900 3560 3557 
106950 3541 3536 
107000 3553 3543 
107050 3529 3524 
107100 3567 3563 
107150 3546 3540 
107200 3556 3552 
107250 3549 3550 
107300 3546 3538 
107350 3549 3550 
107400 3559 3550 
107450 3547 3539 
107500 3555 3557 
107550 3552 3550 
107600 3553 3551 
107650 3531 3528 
107700 3556 3555 
107750 3541 3530 
107800 3545 3545 
107850 3554 3548 
107900 3539 3541 
107950 3560 3545 
108000 3542 3539 
108050 3555 3548 
108100 3541 3538 
108150 3554 3543 
108200 3540 3535 
108250 3553 3546 
108300 3551 3556 
108350 3532 3535 
108400 3563 3557 
108450 3546 3545 
108500 3542 3543 
108550 3552 3546 
108600 3551 3551 
108650 3539 3537 
108700 3539 3530 
108750 3531 3523 
108800 3549 3541 
108850 3563 3551 
108900 3559 3548 
108950 3547 3541 
109000 3547 3550 
109050 3545 3537 
109100 3559 3553 
109150 3532 3526 
109200 3552 3545 
109250 3548 3544 
109300 3539 3539 
109350 3549 3541 
109400 3555 3555 
109450 3550 3542 
109500 3547 3547 
109550 3540 3530 
109600 3522 3524 
109650 3541 3538 
109700 3546 3546 
109750 3545 3544 
109800 3561 3554 
109850 3538 3532 
109900 3550 3538 
109950 3542 3533 
110000 3551 3547 
110050 3542 3547 
110100 3547 3544 
110150 3546 3543 
110200 3550 3551 
110250 3539 3539 
110300 3548 3542 
110350 3526 3527 
110400 3542 3539 
110450 3553 3544 
110500 3548 3543 
110550 3549 3541 
110600 3554 3552 
110650 3546 3545 
110700 3540 3546 
110750 3543 3541 
110800 3540 3538 
110850 3547 3550 
110900 3558 3555 
110950 3542 3547 
111000 3561 3555 
111050 3554 3548 
111100 3549 3548 
111150 3547 3543 
111200 3564 3555 
111250 3516 3515 
111300 3531 3528 
111350 3555 3548 
111400 3539 3534 
111450 3559 3554 
111500 3557 3555 
111550 3556 3552 
111600 3544 3537 
111650 3561 3556 
111700 3539 3543 
111750 3549 3540 
111800 3544 3546 
111850 3556 3557 
111900 3540 3539 
111950 3531 3534 
112000 3544 3543 
112050 3556 3560 
112100 3559 3559 
112150 3542 3536 
112200 3541 3535 
112250 3532 3527 
112300 3544 3541 
112350 3537 3535 
112400 3537 3540 
112450 3537 3532 
112500 3550 3544 
112550 3542 3536 
112600 3554 3551 
112650 3555 3551 
112700 3555 3551 
112750 3546 3547 
112800 3552 3551 
112850 3558 3551 
112900 3554 3554 
112950 3531 3524 
113000 3549 3539 
113050 3545 3541 
113100 3552 3552 
113150 3546 3537 
113200 3555 3551 
113250 3556 3553 
113300 3548 3541 
113350 3541 3545 
113400 3546 3548 
113450 3565 3558 
113500 3537 3534 
113550 3547 3542 
113600 3532 3528 
113650 3549 3544 
113700 3558 3553 
113750 3545 3550 
113800 3540 3530 
113850 3535 3526 
113900 3546 3537 
113950 3548 3541 
114000 3556 3553 
114050 3558 3551 
114100 3535 3534 
114150 3560 3555 
114200 3548 3545 
114250 3558 3546 
114300 3543 3544 
114350 3545 3543 
114400 3550 3539 
114450 3557 3560 
114500 3537 3539 
114550 3535 3539 
114600 3534 3530 
114650 3533 3530 
114700 3537 3539 
114750 3556 3546 
114800 3531 3516 
114850 3550 3544 
114900 3552 3549 
114950 3549 3546 
115000 3540 3540 
115050 3546 3545 
115100 3550 3539 
115150 3560 3560 
115200 3558 3560 
115250 3550 3538 
115300 3548 3544 
115350 3546 3536 
115400 3550 3549 
115450 3551 3543 
115500 3539 3540 
115550 3541 3541 
115600 3553 3559 
115650 3549 3539 
115700 3557 3555 
115750 3549 3542 
115800 3533 3530 
115850 3538 3535 
115900 3536 3531 
115950 3534 3530 
116000 3547 3546 
116050 3525 3528 
116100 3556 3555 
116150 3535 3537 
116200 3561 3557 
116250 3552 3548 
116300 3553 3555 
116350 3552 3550 
116400 3545 3538 
116450 3552 3555 
116500 3544 3544 
116550 3548 3545 
116600 3556 3555 
116650 3555 3553 
116700 3567 3559 
116750 3551 3545 
116800 3551 3554 
116850 3532 3536 
116900 3539 3537 
116950 3546 3553 
117000 3550 3554 
117050 3566 3561 
117100 3542 3543 
117150 3554 3551 
117200 3552 3547 
117250 3527 3526 
117300 3539 3546 
117350 3544 3537 
117400 3552 3546 
117450 3551 3552 
117500 3547 3540 
117550 3541 3535 
117600 3555 3554 
117650 3535 3534 
117700 3537 3538 
117750 3530 3522 
117800 3544 3533 
117850 3537 3532 
117900 3539 3537 
117950 3536 3537 
118000 3553 3549 
118050 3547 3552 
118100 3539 3537 
118150 3549 3547 
118200 3559 3554 
118250 3553 3546 
118300 3560 3557 
118350 3558 3551 
118400 3528 3523 
118450 3542 3539 
118500 3547 3548 
118550 3542 3534 
118600 3541 3537 
118650 3543 3541 
118700 3559 3553 
118750 3554 3545 
118800 3564 3553 
118850 3550 3549 
118900 3567 3563 
118950 3542 3543 
119000 3544 3540 
119050 3545 3545 
119100 3557 3552 
119150 3564 3559 
119200 3557 3548 
119250 3552 3551 
119300 3560 3555 
119350 3554 3551 
119400 3567 3562 
119450 3562 3565 
119500 3556 3553 
119550 3538 3536 
119600 3547 3545 
119650 3551 3550 
119700 3551 3550 
119750 3540 3538 
119800 3537 3535 
119850 3545 3537 
119900 3563 3554 
119950 3548 3544 
120000 3555 3557 
120050 3547 3544 
120100 3550 3552 
120150 3558 3547 
120200 3543 3545 
120250 3549 3545 
120300 3562 3548 
120350 3549 3543 
120400 3527 3526 
120450 3540 3539 
120500 3537 3533 
120550 3553 3551 
120600 3550 3551 
120650 3564 3563 
120700 3562 3551 
120750 3545 3547 
120800 3536 3538 
120850 3537 3537 
120900 3559 3552 
120950 3531 3527 
121000 3550 3542 
121050 3542 3536 
121100 3553 3554 
121150 3543 3544 
121200 3537 3539 
121250 3535 3542 
121300 3562 3560 
121350 3552 3545 
121400 3542 3544 
121450 3538 3528 
121500 3541 3531 
121550 3532 3527 
121600 3548 3546 
121650 3548 3549 
121700 3545 3551 
121750 3563 3556 
121800 3549 3548 
121850 3535 3541 
121900 3534 3536 
121950 3546 3545 
122000 3537 3532 
122050 3550 3558 
122100 3539 3536 
122150 3553 3541 
122200 3536 3537 
122250 3546 3545 
122300 3553 3555 
122350 3549 3545 
122400 3557 3556 
122450 3534 3525 
122500 3546 3541 
122550 3561 3558 
122600 3554 3553 
122650 3566 3562 
122700 3562 3558 
122750 3537 3537 
122800 3545 3541 
122850 3538 3539 
122900 3553 3545 
122950 3555 3561 
123000 3551 3543 
123050 3556 3555 
123100 3553 3549 
123150 3549 3547 
123200 3535 3533 
123250 3534 3530 
123300 3534 3529 
123350 3540 3541 
123400 3548 3547 
123450 3553 3552 
123500 3545 3540 
123550 3548 3537 
123600 3533 3536 
123650 3546 3540 
123700 3553 3556 
123750 3547 3547 
123800 3536 3528 
123850 3537 3539 
123900 3550 3547 
123950 3560 3550 
124000 3540 3540 
124050 3531 3532 
124100 3548 3547 
124150 3561 3555 
124200 3550 3546 
124250 3544 3541 
124300 3539 3529 
124350 3550 3556 
124400 3542 3541 
124450 3539 3532 
124500 3549 3544 
124550 3554 3550 
124600 3550 3549 
124650 3545 3545 
124700 3552 3554 
124750 3551 3553 
124800 3538 3540 
124850 3540 3535 
124900 3542 3539 
124950 3538 3541 
125000 3544 3546 
125050 3534 3530 
125100 3534 3538 
125150 3545 3539 
125200 3546 3546 
125250 3538 3540 
125300 3534 3536 
125350 3546 3540 
125400 3558 3554 
125450 3543 3546 
125500 3544 3544 
125550 3547 3539 
125600 3554 3553 
125650 3523 3518 
125700 3538 3539 
125750 3552 3547 
125800 3547 3553 
125850 3532 3526 
125900 3540 3544 
125950 3545 3549 
126000 3529 3529 
126050 3557 3558 
126100 3541 3541 
126150 3552 3552 
126200 3534 3529 
126250 3541 3540 
126300 3556 3557 
126350 3554 3547 
126400 3551 3551 
126450 3554 3563 
126500 3546 3543 
126550 3549 3551 
126600 3564 3568 
126650 3539 3545 
126700 3555 3554 
126750 3545 3543 
126800 3557 3550 
126850 3531 3522 
126900 3543 3539 
126950 3545 3545 
127000 3538 3537 
127050 3535 3532 
127100 3541 3540 
127150 3534 3537 
127200 3541 3544 
127250 3535 3532 
127300 3549 3550 
127350 3543 3541 
127400 3556 3552 
127450 3547 3543 
127500 3557 3560 
127550 3546 3546 
127600 3544 3544 
127650 3548 3545 
127700 3538 3533 
127750 3537 3534 
127800 3551 3548 
127850 3560 3563 
127900 3545 3548 
127950 3540 3540 
128000 3557 3558 
128050 3537 3536 
128100 3545 3548 
128150 3550 3545 
128200 3543 3541 
128250 3543 3546 
128300 3556 3553 
128350 3556 3555 
128400 3553 3553 
128450 3559 3557 
128500 3557 3555 
128550 3542 3544 
128600 3555 3556 
128650 3540 3539 
128700 3547 3538 
128750 3549 3545 
128800 3530 3527 
128850 3548 3538 
128900 3550 3553 
128950 3551 3552 
129000 3538 3536 
129050 3541 3543 
129100 3561 3560 
129150 3561 3553 
129200 3557 3559 
129250 3542 3544 
129300 3537 3539 
129350 3538 3545 
129400 3525 3532 
129450 3560 3563 
129500 3556 3556 
129550 3538 3534 
129600 3545 3545 
129650 3550 3551 
129700 3545 3547 
129750 3551 3551 
129800 3532 3531 
129850 3539 3543 
129900 3531 3533 
129950 3552 3550 
130000 3551 3557 
130050 3542 3541 
130100 3540 3547 
130150 3536 3534 
130200 3551 3550 
130250 3534 3532 
130300 3554 3559 
130350 3544 3548 
130400 3552 3547 
130450 3556 3552 
130500 3545 3550 
130550 3534 3538 
130600 3545 3548 
130650 3553 3551 
130700 3544 3540 
130750 3540 3544 
130800 3539 3542 
130850 3547 3546 
130900 3535 3536 
130950 3552 3553 
131000 3549 3544 
131050 3552 3554 
131100 3549 3542 
131150 3533 3534 
131200 3553 3555 
131250 3536 3540 
131300 3558 3559 
131350 3533 3524 
131400 3547 3536 
131450 3549 3545 
131500 3551 3552 
131550 3539 3545 
131600 3538 3533 
131650 3542 3545 
131700 3532 3536 
131750 3546 3551 
131800 3540 3544 
131850 3548 3542 
131900 3548 3546 
131950 3554 3558 
132000 3540 3543 
132050 3548 3555 
132100 3552 3554 
132150 3551 3554 
132200 3553 3556 
132250 3539 3539 
132300 3549 3545 
132350 3546 3545 
132400 3546 3544 
132450 3546 3544 
132500 3564 3565 
132550 3529 3532 
132600 3538 3537 
132650 3540 3544 
132700 3533 3529 
132750 3533 3530 
132800 3546 3546 
132850 3558 3560 
132900 3538 3540 
132950 3546 3540 
133000 3533 3531 
133050 3543 3539 
133100 3544 3552 
133150 3552 3549 
133200 3553 3553 
133250 3550 3545 
133300 3528 3525 
133350 3544 3553 
133400 3545 3550 
133450 3561 3559 
133500 3546 3544 
133550 3564 3558 
133600 3538 3535 
133650 3551 3549 
133700 3557 3553 
133750 3547 3539 
133800 3555 3554 
133850 3554 3557 
133900 3537 3537 
133950 3544 3549 
134000 3544 3542 
134050 3547 3548 
134100 3551 3552 
134150 3551 3558 
134200 3547 3553 
134250 3525 3536 
134300 3534 3538 
134350 3539 3539 
134400 3551 3550 
134450 3566 3565 
134500 3539 3535 
134550 3545 3545 
134600 3538 3545 
134650 3542 3538 
134700 3563 3563 
134750 3552 3545 
134800 3540 3534 
134850 3544 3547 
134900 3552 3547 
134950 3557 3553 
135000 3544 3540 
135050 3529 3532 
135100 3538 3540 
135150 3534 3538 
135200 3540 3544 
135250 3552 3554 
135300 3550 3555 
135350 3551 3548 
135400 3535 3535 
135450 3532 3538 
135500 3561 3556 
135550 3524 3529 
135600 3555 3559 
135650 3566 3570 
135700 3554 3560 
135750 3548 3549 
135800 3546 3548 
135850 3551 3553 
135900 3549 3551 
135950 3561 3563 
136000 3541 3548 
136050 3546 3541 
136100 3545 3553 
136150 3534 3538 
136200 3538 3539 
136250 3533 3534 
136300 3547 3547 
136350 3555 3552 
136400 3550 3544 
136450 3555 3555 
136500 3551 3557 
136550 3550 3562 
136600 3553 3553 
136650 3556 3558 
136700 3547 3551 
136750 3530 3542 
136800 3550 3553 
136850 3532 3533 
136900 3548 3547 
136950 3560 3556 
137000 3553 3549 
137050 3550 3546 
137100 3540 3546 
137150 3550 3554 
137200 3540 3543 
137250 3547 3549 
137300 3525 3531 
137350 3532 3529 
137400 3540 3545 
137450 3558 3555 
137500 3545 3542 
137550 3548 3548 
137600 3545 3546 
137650 3548 3545 
137700 3552 3547 
137750 3558 3556 
137800 3551 3556 
137850 3540 3538 
137900 3558 3559 
137950 3544 3544 
138000 3544 3542 
138050 3551 3548 
138100 3540 3536 
138150 3538 3531 
138200 3545 3548 
138250 3558 3548 
138300 3549 3548 
138350 3556 3554 
138400 3557 3559 
138450 3550 3545 
138500 3549 3551 
138550 3549 3549 
138600 3558 3552 
138650 3545 3548 
138700 3546 3536 
138750 3551 3549 
138800 3546 3551 
138850 3540 3541 
138900 3558 3557 
138950 3552 3554 
139000 3539 3535 
139050 3545 3546 
139100 3524 3527 
139150 3550 3550 
139200 3543 3549 
139250 3554 3551 
139300 3549 3546 
139350 3553 3554 
139400 3525 3519 
139450 3538 3533 
139500 3541 3538 
139550 3551 3551 
139600 3542 3541 
139650 3548 3546 
139700 3548 3553 
139750 3549 3544 
139800 3541 3547 
139850 3528 3534 
139900 3542 3550 
139950 3542 3540 
140000 3559 3558 
140050 3559 3558 
140100 3544 3550 
140150 3550 3552 
140200 3555 3549 
140250 3550 3548 
140300 3540 3539 
140350 3544 3538 
140400 3523 3524 
140450 3550 3552 
140500 3557 3555 
140550 3541 3545 
140600 3560 3557 
140650 3553 3556 
140700 3542 3548 
140750 3552 3552 
140800 3563 3558 
140850 3549 3551 
140900 3548 3545 
140950 3551 3555 
141000 3535 3540 
141050 3547 3547 
141100 3553 3547 
141150 3555 3554 
141200 3542 3548 
141250 3556 3560 
141300 3544 3545 
141350 3545 3542 
141400 3548 3547 
141450 3548 3544 
141500 3554 3553 
141550 3539 3543 
141600 3549 3553 
141650 3543 3536 
141700 3528 3537 
141750 3547 3554 
141800 3538 3541 
141850 3548 3542 
141900 3548 3544 
141950 3540 3537 
142000 3552 3556 
142050 3550 3551 
142100 3542 3543 
142150 3549 3549 
142200 3541 3547 
142250 3547 3546 
142300 3554 3548 
142350 3551 3547 
142400 3531 3537 
142450 3539 3545 
142500 3556 3557 
142550 3542 3547 
142600 3544 3543 
142650 3559 3553 
142700 3556 3552 
142750 3548 3542 
142800 3547 3540 
142850 3541 3541 
142900 3544 3542 
142950 3537 3538 
143000 3533 3536 
143050 3547 3548 
143100 3556 3551 
143150 3558 3558 
143200 3554 3555 
143250 3540 3545 
143300 3533 3539 
143350 3551 3553 
143400 3560 3564 
143450 3547 3550 
143500 3551 3551 
143550 3563 3562 
143600 3559 3556 
143650 3549 3554 
143700 3559 3548 
143750 3552 3549 
143800 3537 3535 
143850 3546 3553 
143900 3550 3552 
143950 3550 3547 
144000 3550 3548 
144050 3557 3553 
144100 3556 3550 
144150 3551 3552 
144200 3549 3546 
144250 3537 3543 
144300 3542 3536 
144350 3545 3551 
144400 3542 3545 
144450 3541 3542 
144500 3553 3550 
144550 3538 3538 
144600 3549 3548 
144650 3553 3551 
144700 3544 3544 
144750 3557 3558 
144800 3556 3551 
144850 3548 3546 
144900 3558 3552 
144950 3534 3537 
145000 3545 3550 
145050 3539 3541 
145100 3547 3546 
145150 3550 3549 
145200 3544 3549 
145250 3531 3540 
145300 3548 3550 
145350 3551 3551 
145400 3556 3554 
145450 3561 3555 
145500 3537 3531 
145550 3550 3553 
145600 3540 3540 
145650 3538 3533 
145700 3541 3542 
145750 3555 3547 
145800 3539 3540 
145850 3556 3550 
145900 3543 3546 
145950 3548 3543 
146000 3550 3549 
146050 3557 3550 
146100 3534 3533 
146150 3557 3556 
146200 3547 3546 
146250 3554 3549 
146300 3556 3555 
146350 3556 3555 
146400 3545 3539 
146450 3539 3539 
146500 3535 3533 
146550 3564 3561 
146600 3550 3538 
146650 3557 3550 
146700 3565 3560 
146750 3537 3532 
146800 3544 3545 
146850 3554 3558 
146900 3540 3531 
146950 3536 3534 
147000 3551 3543 
147050 3535 3535 
147100 3534 3538 
147150 3539 3542 
147200 3547 3550 
147250 3541 3544 
147300 3532 3540 
147350 3531 3536 
147400 3544 3543 
147450 3517 3523 
147500 3527 3530 
147550 3540 3545 
147600 3539 3541 
147650 3552 3550 
147700 3555 3549 
147750 3544 3545 
147800 3546 3546 
147850 3550 3547 
147900 3556 3559 
147950 3546 3545 
148000 3549 3553 
148050 3548 3552 
148100 3537 3533 
148150 3557 3554 
148200 3537 3538 
148250 3548 3548 
148300 3557 3556 
148350 3544 3553 
148400 3529 3531 
148450 3555 3557 
148500 3544 3545 
148550 3545 3543 
148600 3526 3527 
148650 3534 3535 
148700 3539 3534 
148750 3552 3549 
148800 3550 3548 
148850 3537 3532 
148900 3549 3546 
148950 3548 3554 
149000 3560 3558 
149050 3547 3545 
149100 3562 3562 
149150 3559 3556 
149200 3544 3545 
149250 3524 3521 
149300 3560 3555 
149350 3541 3545 
149400 3552 3549 
149450 3555 3551 
149500 3554 3549 
149550 3545 3545 
149600 3559 3560 
149650 3536 3538 
149700 3548 3541 
149750 3544 3538 
149800 3528 3529 
149850 3541 3538 
149900 3514 3525 
149950 3525 3521 
150000 3536 3537 
150050 3557 3552 
150100 3545 3541 
150150 3547 3546 
150200 3551 3549 
150250 3550 3550 
150300 3549 3546 
150350 3551 3552 
150400 3547 3546 
150450 3544 3538 
150500 3554 3556 
150550 3544 3545 
150600 3556 3549 
150650 3541 3540 
150700 3536 3539 
150750 3544 3547 
150800 3542 3544 
150850 3545 3541 
150900 3539 3541 
150950 3534 3525 
151000 3542 3539 
151050 3547 3553 
151100 3536 3544 
151150 3549 3547 
151200 3540 3535 
151250 3560 3559 
151300 3516 3521 
151350 3547 3546 
151400 3550 3547 
151450 3540 3546 
151500 3528 3527 
151550 3553 3550 
151600 3542 3545 
151650 3539 3545 
151700 3541 3540 
151750 3549 3550 
151800 3557 3562 
151850 3561 3563 
151900 3539 3539 
151950 3535 3538 
152000 3539 3540 
152050 3549 3543 
152100 3539 3542 
152150 3545 3541 
152200 3534 3536 
152250 3549 3550 
152300 3537 3535 
152350 3541 3546 
152400 3535 3536 
152450 3539 3540 
152500 3555 3558 
152550 3550 3547 
152600 3537 3539 
152650 3548 3554 
152700 3540 3546 
152750 3540 3536 
152800 3542 3542 
152850 3558 3560 
152900 3537 3542 
152950 3544 3549 
153000 3559 3563 
153050 3557 3561 
153100 3559 3566 
153150 3537 3540 
153200 3543 3538 
153250 3540 3539 
153300 3531 3534 
153350 3536 3543 
153400 3546 3548 
153450 3538 3549 
153500 3539 3549 
153550 3548 3557 
153600 3547 3543 
153650 3540 3542 
153700 3547 3538 
153750 3556 3551 
153800 3540 3535 
153850 3535 3544 
153900 3544 3542 
153950 3553 3550 
154000 3546 3548 
154050 3546 3548 
154100 3562 3565 
154150 3550 3551 
154200 3563 3559 
154250 3544 3541 
154300 3544 3547 
154350 3528 3529 
154400 3542 3548 
154450 3537 3537 
154500 3544 3536 
154550 3564 3552 
154600 3550 3545 
154650 3540 3552 
154700 3555 3554 
154750 3550 3554 
154800 3557 3552 
154850 3539 3540 
154900 3551 3554 
154950 3558 3555 
155000 3541 3545 
155050 3546 3543 
155100 3546 3547 
155150 3537 3547 
155200 3561 3556 
155250 3554 3551 
155300 3552 3546 
155350 3550 3545 
155400 3547 3548 
155450 3541 3542 
155500 3545 3550 
155550 3532 3534 
155600 3527 3527 
155650 3552 3551 
155700 3548 3550 
155750 3555 3563 
155800 3550 3545 
155850 3544 3540 
155900 3535 3540 
155950 3539 3538 
156000 3540 3537 
156050 3542 3545 
156100 3558 3558 
156150 3541 3535 
156200 3535 3532 
156250 3550 3547 
156300 3542 3539 
156350 3542 3541 
156400 3557 3556 
156450 3550 3551 
156500 3552 3553 
156550 3555 3555 
156600 3531 3532 
156650 3544 3545 
156700 3540 3540 
156750 3560 3559 
156800 3561 3559 
156850 3562 3560 
156900 3562 3564 
156950 3551 3550 
157000 3524 3526 
157050 3535 3537 
157100 3543 3549 
157150 3537 3543 
157200 3549 3547 
157250 3552 3553 
157300 3546 3546 
157350 3547 3541 
157400 3552 3549 
157450 3543 3543 
157500 3550 3551 
157550 3538 3537 
157600 3551 3552 
157650 3538 3542 
157700 3548 3544 
157750 3543 3544 
157800 3549 3555 
157850 3552 3551 
157900 3536 3541 
157950 3549 3550 
158000 3536 3537 
158050 3541 3544 
158100 3547 3548 
158150 3529 3530 
158200 3526 3526 
158250 3526 3527 
158300 3547 3548 
158350 3532 3539 
158400 3563 3560 
158450 3561 3557 
158500 3550 3548 
158550 3539 3541 
158600 3563 3565 
158650 3543 3549 
158700 3525 3531 
158750 3554 3553 
158800 3544 3548 
158850 3560 3556 
158900 3558 3556 
158950 3538 3537 
159000 3539 3542 
159050 3536 3533 
159100 3536 3536 
159150 3550 3554 
159200 3556 3560 
159250 3543 3549 
159300 3542 3543 
159350 3553 3553 
159400 3544 3540 
159450 3562 3559 
159500 3545 3546 
159550 3563 3557 
159600 3550 3552 
159650 3546 3550 
159700 3527 3531 
159750 3546 3544 
159800 3539 3539 
159850 3529 3519 
159900 3557 3549 
159950 3556 3555 
160000 3549 3552 
160050 3545 3538 
160100 3533 3536 
160150 3543 3541 
160200 3544 3547 
160250 3554 3567 
160300 3546 3546 
160350 3558 3558 
160400 3550 3554 
160450 3547 3543 
160500 3552 3554 
160550 3541 3540 
160600 3536 3534 
160650 3542 3539 
160700 3545 3548 
160750 3553 3553 
160800 3558 3557 
160850 3543 3547 
160900 3560 3566 
160950 3539 3545 
161000 3555 3559 
161050 3561 3559 
161100 3536 3542 
161150 3552 3556 
161200 3551 3550 
161250 3540 3541 
161300 3530 3535 
161350 3518 3523 
161400 3551 3549 
161450 3547 3550 
161500 3552 3554 
161550 3545 3544 
161600 3550 3552 
161650 3551 3548 
161700 3554 3554 
161750 3536 3538 
161800 3552 3557 
161850 3561 3562 
161900 3536 3534 
161950 3540 3537 
162000 3544 3551 
162050 3523 3520 
162100 3546 3548 
162150 3532 3535 
162200 3541 3534 
162250 3555 3551 
162300 3545 3550 
162350 3544 3539 
162400 3543 3547 
162450 3550 3551 
162500 3545 3542 
162550 3545 3541 
162600 3556 3552 
162650 3544 3543 
162700 3557 3545 
162750 3547 3543 
162800 3554 3555 
162850 3535 3537 
162900 3552 3551 
162950 3551 3550 
163000 3545 3542 
163050 3560 3550 
163100 3558 3558 
163150 3552 3554 
163200 3549 3556 
163250 3545 3543 
163300 3553 3550 
163350 3547 3545 
163400 3531 3530 
163450 3554 3555 
163500 3551 3550 
163550 3544 3540 
163600 3559 3555 
163650 3553 3548 
163700 3541 3539 
163750 3550 3553 
163800 3556 3553 
163850 3541 3544 
163900 3549 3546 
163950 3560 3561 
164000 3544 3541 
164050 3541 3544 
164100 3538 3539 
164150 3544 3545 
164200 3544 3545 
164250 3560 3559 
164300 3554 3552 
164350 3555 3553 
164400 3544 3543 
164450 3552 3555 
164500 3557 3559 
164550 3551 3554 
164600 3556 3552 
164650 3543 3546 
164700 3548 3549 
164750 3546 3543 
164800 3535 3531 
164850 3554 3558 
164900 3551 3554 
164950 3551 3542 
165000 3528 3534 
165050 3537 3537 
165100 3545 3541 
165150 3553 3558 
165200 3549 3552 
165250 3539 3539 
165300 3544 3540 
165350 3529 3533 
165400 3556 3550 
165450 3551 3549 
165500 3534 3528 
165550 3552 3546 
165600 3546 3545 
165650 3543 3541 
165700 3551 3550 
165750 3548 3546 
165800 3547 3547 
165850 3550 3555 
165900 3538 3542 
165950 3533 3530 
166000 3548 3543 
166050 3537 3540 
166100 3549 3549 
166150 3555 3553 
166200 3541 3543 
166250 3537 3543 
166300 3539 3550 
166350 3548 3548 
166400 3552 3550 
166450 3558 3561 
166500 3539 3545 
166550 3560 3557 
166600 3554 3556 
166650 3569 3567 
166700 3545 3541 
166750 3531 3529 
166800 3554 3553 
166850 3541 3548 
166900 3556 3560 
166950 3537 3535 
167000 3541 3538 
167050 3550 3543 
167100 3540 3545 
167150 3552 3550 
167200 3535 3541 
167250 3544 3548 
167300 3551 3549 
167350 3535 3534 
167400 3552 3547 
167450 3557 3556 
167500 3537 3542 
167550 3554 3549 
167600 3552 3557 
167650 3543 3550 
167700 3564 3565 
167750 3538 3540 
167800 3537 3535 
167850 3546 3551 
167900 3562 3565 
167950 3547 3548 
168000 3556 3557 
168050 3558 3556 
168100 3530 3533 
168150 3548 3547 
168200 3546 3542 
168250 3544 3538 
168300 3546 3546 
168350 3554 3553 
168400 3538 3543 
168450 3544 3539 
168500 3549 3546 
168550 3552 3552 
168600 3541 3538 
168650 3539 3546 
168700 3548 3550 
168750 3544 3541 
168800 3536 3538 
168850 3545 3542 
168900 3551 3555 
168950 3549 3549 
169000 3559 3561 
169050 3554 3556 
169100 3541 3541 
169150 3555 3560 
169200 3535 3540 
169250 3554 3552 
169300 3549 3547 
169350 3543 3544 
169400 3555 3553 
169450 3550 3548 
169500 3560 3556 
169550 3553 3553 
169600 3561 3559 
169650 3543 3537 
169700 3540 3533 
169750 3545 3549 
169800 3542 3547 
169850 3551 3548 
169900 3540 3544 
169950 3547 3547 
170000 3546 3543 
170050 3549 3553 
170100 3555 3563 
170150 3544 3544 
170200 3552 3551 
170250 3554 3549 
170300 3548 3552 
170350 3553 3560 
170400 3556 3551 
170450 3542 3550 
170500 3546 3553 
170550 3543 3544 
170600 3547 3548 
170650 3555 3560 
170700 3548 3547 
170750 3546 3547 
170800 3535 3536 
170850 3542 3541 
170900 3542 3543 
170950 3552 3546 
171000 3558 3562 
171050 3551 3554 
171100 3568 3565 
171150 3554 3557 
171200 3541 3549 
171250 3517 3527 
171300 3533 3539 
171350 3547 3551 
171400 3547 3545 
171450 3548 3556 
171500 3548 3549 
171550 3552 3548 
171600 3552 3552 
171650 3544 3548 
171700 3550 3548 
171750 3553 3551 
171800 3540 3546 
171850 3563 3556 
171900 3553 3549 
171950 3541 3535 
172000 3540 3537 
172050 3540 3537 
172100 3560 3563 
172150 3555 3555 
172200 3556 3557 
172250 3541 3547 
172300 3551 3543 
172350 3563 3555 
172400 3553 3554 
172450 3534 3529 
172500 3534 3544 
172550 3559 3557 
172600 3544 3542 
172650 3555 3548 
172700 3543 3545 
172750 3555 3562 
172800 3546 3547 
172850 3546 3550 
172900 3549 3545 
172950 3551 3547 
173000 3561 3563 
173050 3545 3551 
173100 3539 3534 
173150 3530 3536 
173200 3548 3550 
173250 3536 3541 
173300 3553 3552 
173350 3550 3545 
173400 3556 3549 
173450 3533 3525 
173500 3546 3544 
173550 3556 3556 
173600 3539 3540 
173650 3540 3540 
173700 3567 3559 
173750 3544 3537 
173800 3563 3560 
173850 3545 3548 
173900 3550 3547 
173950 3549 3553 
174000 3546 3545 
174050 3554 3553 
174100 3549 3551 
174150 3564 3564 
174200 3563 3559 
174250 3558 3562 
174300 3547 3553 
174350 3548 3552 
174400 3548 3548 
174450 3546 3544 
174500 3546 3549 
174550 3544 3551 
174600 3568 3564 
174650 3545 3541 
174700 3549 3550 
174750 3545 3534 
174800 3545 3541 
174850 3546 3552 
174900 3546 3538 
174950 3550 3553 
175000 3535 3536 
175050 3552 3556 
175100 3539 3540 
175150 3549 3544 
175200 3541 3539 
175250 3546 3552 
175300 3562 3557 
175350 3556 3555 
175400 3538 3539 
175450 3550 3550 
175500 3564 3559 
175550 3558 3556 
175600 3532 3535 
175650 3544 3549 
175700 3536 3535 
175750 3542 3539 
175800 3545 3542 
175850 3560 3560 
175900 3541 3545 
175950 3543 3536 
176000 3550 3553 
176050 3533 3529 
176100 3554 3554 
176150 3545 3547 
176200 3548 3544 
176250 3551 3550 
176300 3551 3547 
176350 3546 3547 
176400 3538 3535 
176450 3542 3542 
176500 3543 3545 
176550 3554 3552 
176600 3537 3545 
176650 3563 3561 
176700 3556 3554 
176750 3552 3545 
176800 3538 3532 
176850 3555 3550 
176900 3540 3538 
176950 3544 3543 
177000 3541 3546 
177050 3547 3553 
177100 3540 3541 
177150 3545 3544 
177200 3555 3563 
177250 3557 3551 
177300 3539 3529 
177350 3541 3533 
177400 3554 3552 
177450 3542 3544 
177500 3535 3535 
177550 3539 3538 
177600 3554 3553 
177650 3540 3539 
177700 3544 3545 
177750 3541 3541 
177800 3548 3547 
177850 3545 3543 
177900 3555 3555 
177950 3555 3560 
178000 3552 3547 
178050 3529 3525 
178100 3536 3534 
178150 3557 3560 
178200 3545 3554 
178250 3551 3547 
178300 3560 3558 
178350 3557 3554 
178400 3536 3534 
178450 3554 3553 
178500 3553 3554 
178550 3542 3536 
178600 3545 3545 
178650 3545 3549 
178700 3552 3546 
178750 3545 3556 
178800 3538 3545 
178850 3551 3548 
178900 3543 3544 
178950 3555 3558 
179000 3541 3544 
179050 3549 3550 
179100 3555 3556 
179150 3549 3539 
179200 3532 3533 
179250 3563 3567 
179300 3541 3539 
179350 3548 3547 
179400 3546 3545 
179450 3558 3557 
179500 3548 3547 
179550 3550 3548 
179600 3542 3533 
179650 3547 3547 
179700 3551 3546 
179750 3561 3555 
179800 3554 3547 
179850 3548 3553 
179900 3541 3544 
179950 3544 3545 
180000 3547 3545 
180050 3540 3538 
180100 3536 3540 
180150 3536 3539 
180200 3550 3549 
180250 3550 3554 
180300 3545 3547 
180350 3536 3539 
180400 3549 3548 
180450 3553 3551 
180500 3554 3547 
180550 3540 3536 
180600 3546 3541 
180650 3539 3540 
180700 3546 3543 
180750 3563 3560 
180800 3548 3548 
180850 3543 3545 
180900 3532 3533 
180950 3537 3534 
181000 3542 3544 
181050 3547 3545 
181100 3546 3545 
181150 3541 3543 
181200 3531 3537 
181250 3554 3553 
181300 3553 3547 
181350 3542 3536 
181400 3538 3541 
181450 3564 3565 
181500 3538 3542 
181550 3546 3547 
181600 3543 3539 
181650 3549 3546 
181700 3555 3549 
181750 3552 3547 
181800 3559 3552 
181850 3535 3543 
181900 3538 3531 
181950 3548 3546 
182000 3551 3543 
182050 3544 3542 
182100 3529 3532 
182150 3556 3555 
182200 3539 3541 
182250 3551 3550 
182300 3559 3563 
182350 3545 3546 
182400 3541 3539 
182450 3549 3549 
182500 3546 3545 
182550 3551 3553 
182600 3552 3553 
182650 3544 3543 
182700 3548 3542 
182750 3551 3548 
182800 3547 3546 
182850 3542 3540 
182900 3555 3546 
182950 3553 3550 
183000 3547 3548 
183050 3555 3555 
183100 3546 3543 
183150 3555 3557 
183200 3565 3562 
183250 3567 3560 
183300 3540 3542 
183350 3554 3552 
183400 3564 3559 
183450 3562 3559 
183500 3544 3544 
183550 3555 3555 
183600 3549 3558 
183650 3552 3550 
183700 3552 3551 
183750 3557 3563 
183800 3537 3537 
183850 3555 3549 
183900 3554 3549 
183950 3548 3548 
184000 3549 3552 
184050 3543 3548 
184100 3548 3548 
184150 3544 3548 
184200 3540 3545 
184250 3540 3538 
184300 3542 3540 
184350 3537 3540 
184400 3541 3539 
184450 3550 3549 
184500 3545 3543 
184550 3549 3546 
184600 3559 3559 
184650 3550 3552 
184700 3544 3539 
184750 3539 3537 
184800 3544 3536 
184850 3533 3533 
184900 3551 3556 
184950 3551 3553 
185000 3569 3562 
185050 3536 3534 
185100 3561 3561 
185150 3558 3555 
185200 3549 3554 
185250 3548 3543 
185300 3545 3545 
185350 3545 3541 
185400 3550 3548 
185450 3553 3553 
185500 3548 3544 
185550 3529 3531 
185600 3543 3546 
185650 3555 3558 
185700 3557 3547 
185750 3566 3571 
185800 3558 3558 
185850 3555 3552 
185900 3550 3552 
185950 3546 3543 
186000 3541 3535 
186050 3537 3533 
186100 3554 3549 
186150 3543 3539 
186200 3541 3541 
186250 3555 3550 
186300 3563 3565 
186350 3552 3552 
186400 3552 3555 
186450 3535 3542 
186500 3552 3551 
186550 3545 3541 
186600 3544 3536 
186650 3540 3538 
186700 3534 3532 
186750 3546 3546 
186800 3532 3540 
186850 3555 3555 
186900 3552 3549 
186950 3541 3548 
187000 3549 3549 
187050 3547 3548 
187100 3551 3555 
187150 3540 3541 
187200 3559 3558 
187250 3545 3548 
187300 3559 3556 
187350 3553 3549 
187400 3547 3550 
187450 3544 3547 
187500 3547 3548 
187550 3533 3541 
187600 3545 3546 
187650 3534 3531 
187700 3535 3537 
187750 3542 3539 
187800 3554 3554 
187850 3552 3552 
187900 3553 3553 
187950 3551 3548 
188000 3527 3522 
188050 3546 3545 
188100 3546 3543 
188150 3546 3546 
188200 3544 3539 
188250 3560 3565 
188300 3547 3550 
188350 3546 3545 
188400 3543 3542 
188450 3562 3570 
188500 3548 3541 
188550 3538 3540 
188600 3543 3543 
188650 3561 3555 
188700 3567 3566 
188750 3541 3534 
188800 3564 3564 
188850 3552 3554 
188900 3556 3553 
188950 3537 3533 
189000 3541 3535 
189050 3558 3564 
189100 3555 3555 
189150 3555 3554 
189200 3550 3555 
189250 3558 3562 
189300 3549 3551 
189350 3543 3539 
189400 3557 3555 
189450 3543 3541 
189500 3549 3552 
189550 3539 3540 
189600 3541 3549 
189650 3541 3546 
189700 3562 3557 
189750 3560 3562 
189800 3550 3552 
189850 3534 3543 
189900 3530 3536 
189950 3554 3558 
190000 3529 3532 
190050 3532 3537 
190100 3559 3555 
190150 3550 3540 
190200 3546 3546 
190250 3538 3543 
190300 3546 3550 
190350 3554 3549 
190400 3556 3544 
190450 3546 3543 
190500 3542 3540 
190550 3546 3549 
190600 3539 3546 
190650 3542 3549 
190700 3551 3550 
190750 3551 3557 
190800 3540 3545 
190850 3551 3546 
190900 3549 3553 
190950 3540 3541 
191000 3558 3555 
191050 3540 3530 
191100 3546 3545 
191150 3548 3541 
191200 3550 3549 
191250 3548 3546 
191300 3551 3557 
191350 3555 3558 
191400 3559 3562 
191450 3565 3560 
191500 3548 3548 
191550 3556 3559 
191600 3562 3564 
191650 3542 3542 
191700 3550 3546 
191750 3548 3549 
191800 3562 3563 
191850 3561 3561 
191900 3545 3547 
191950 3561 3560 
192000 3562 3554 
192050 3559 3554 
192100 3555 3552 
192150 3545 3542 
192200 3543 3543 
192250 3542 3538 
192300 3553 3560 
192350 3545 3547 
192400 3558 3557 
192450 3560 3558 
192500 3544 3541 
192550 3538 3540 
192600 3541 3537 
192650 3543 3545 
192700 3556 3555 
192750 3545 3548 
192800 3548 3556 
192850 3540 3540 
192900 3538 3541 
192950 3554 3558 
193000 3551 3548 
193050 3558 3557 
193100 3544 3542 
193150 3553 3547 
193200 3540 3542 
193250 3560 3559 
193300 3545 3538 
193350 3555 3554 
193400 3542 3542 
193450 3532 3534 
193500 3557 3555 
193550 3552 3547 
193600 3555 3557 
193650 3543 3538 
193700 3535 3533 
193750 3537 3549 
193800 3550 3550 
193850 3546 3548 
193900 3556 3551 
193950 3549 3547 
194000 3558 3552 
194050 3549 3551 
194100 3556 3553 
194150 3550 3543 
194200 3558 3555 
194250 3543 3536 
194300 3560 3559 
194350 3549 3542 
194400 3531 3529 
194450 3557 3559 
194500 3543 3551 
194550 3544 3547 
194600 3550 3550 
194650 3560 3556 
194700 3552 3553 
194750 3556 3557 
194800 3550 3550 
194850 3568 3567 
194900 3548 3544 
194950 3541 3543 
195000 3551 3552 
195050 3554 3549 
195100 3545 3549 
195150 3561 3558 
195200 3542 3545 
195250 3541 3537 
195300 3542 3534 
195350 3548 3553 
195400 3545 3546 
195450 3542 3550 
195500 3536 3534 
195550 3547 3545 
195600 3541 3544 
195650 3540 3542 
195700 3559 3553 
195750 3556 3557 
195800 3567 3566 
195850 3551 3556 
195900 3554 3554 
195950 3532 3528 
196000 3551 3555 
196050 3534 3537 
196100 3560 3560 
196150 3542 3545 
196200 3536 3529 
196250 3525 3536 
196300 3532 3534 
196350 3531 3536 
196400 3544 3544 
196450 3546 3553 
196500 3540 3535 
196550 3540 3544 
196600 3560 3553 
196650 3559 3560 
196700 3561 3556 
196750 3542 3539 
196800 3538 3543 
196850 3559 3556 
196900 3559 3555 
196950 3560 3566 
197000 3539 3531 
197050 3556 3553 
197100 3563 3562 
197150 3547 3549 
197200 3541 3538 
197250 3544 3547 
197300 3540 3545 
197350 3537 3543 
197400 3551 3551 
197450 3553 3553 
197500 3545 3547 
197550 3526 3521 
197600 3548 3544 
197650 3545 3543 
197700 3560 3559 
197750 3563 3553 
197800 3558 3558 
197850 3541 3543 
197900 3566 3561 
197950 3539 3532 
198000 3546 3539 
198050 3549 3554 
198100 3555 3561 
198150 3549 3551 
198200 3554 3556 
198250 3553 3549 
198300 3544 3543 
198350 3559 3557 
198400 3541 3539 
198450 3534 3539 
198500 3562 3554 
198550 3564 3561 
198600 3559 3558 
198650 3539 3540 
198700 3538 3538 
198750 3544 3548 
198800 3547 3553 
198850 3554 3559 
198900 3543 3542 
198950 3548 3545 
199000 3559 3555 
199050 3551 3544 
199100 3547 3546 
199150 3548 3550 
199200 3559 3558 
199250 3550 3554 
199300 3550 3557 
199350 3553 3552 
199400 3553 3557 
199450 3554 3556 
199500 3557 3557 
199550 3549 3554 
199600 3528 3524 
199650 3540 3542 
199700 3525 3527 
199750 3544 3545 
199800 3543 3548 
199850 3545 3555 
199900 3555 3560 
199950 3554 3555 
200000 3552 3549 
