# Avida tasks data
# Sat Apr  7 14:30:52 2012
# First column gives the current update, next columns give the number
# of organisms that have the particular task as a component of their merit
#  1: Update
#  2: Xor
#  3: Equals

0 0 0 
50 8 8 
100 39 39 
150 110 110 
200 236 236 
250 437 439 
300 669 668 
350 964 964 
400 1316 1312 
450 1725 1722 
500 2161 2159 
550 2653 2653 
600 3178 3179 
650 3389 3394 
700 3518 3517 
750 3539 3541 
800 3544 3543 
850 3547 3547 
900 3555 3550 
950 3542 3542 
1000 3542 3543 
1050 3218 2792 
1100 3401 2125 
1150 3459 1588 
1200 3447 1151 
1250 3429 827 
1300 3473 604 
1350 3470 434 
1400 3484 301 
1450 3493 219 
1500 3526 145 
1550 3510 115 
1600 3411 535 
1650 3423 1048 
1700 3432 1427 
1750 3455 1768 
1800 3460 2082 
1850 3458 2387 
1900 3458 2645 
1950 3474 2891 
2000 3487 3035 
2050 3236 2462 
2100 3274 1846 
2150 3349 1378 
2200 3384 995 
2250 3431 790 
2300 3457 610 
2350 3466 423 
2400 3479 309 
2450 3505 188 
2500 3524 119 
2550 3540 241 
2600 3533 780 
2650 3537 1212 
2700 3525 1619 
2750 3510 1972 
2800 3514 2297 
2850 3527 2572 
2900 3531 2850 
2950 3514 3053 
3000 3491 3204 
3050 3253 2466 
3100 3353 1527 
3150 3433 906 
3200 3469 460 
3250 3509 224 
3300 3492 120 
3350 3518 33 
3400 3529 6 
3450 3530 3 
3500 3529 1 
3550 3520 0 
3600 3529 0 
3650 3547 0 
3700 3533 0 
3750 3539 136 
3800 3541 734 
3850 3538 1193 
3900 3539 1606 
3950 3540 1984 
4000 3545 2323 
4050 3415 1791 
4100 3463 1143 
4150 3492 728 
4200 3528 458 
4250 3525 301 
4300 3530 192 
4350 3535 132 
4400 3552 88 
4450 3563 46 
4500 3541 12 
4550 3528 24 
4600 3441 450 
4650 3512 943 
4700 3532 1380 
4750 3525 1761 
4800 3529 2129 
4850 3540 2486 
4900 3548 2829 
4950 3532 3098 
5000 3531 3309 
5050 3316 2239 
5100 3444 1252 
5150 3464 704 
5200 3503 360 
5250 3535 164 
5300 3552 55 
5350 3557 15 
5400 3544 10 
5450 3548 10 
5500 3541 5 
5550 3540 445 
5600 3537 1085 
5650 3532 1629 
5700 3531 2151 
5750 3544 2606 
5800 3537 2891 
5850 3522 3117 
5900 3548 3330 
5950 3528 3411 
6000 3540 3474 
6050 3371 2180 
6100 3459 1074 
6150 3496 512 
6200 3518 224 
6250 3520 86 
6300 3526 45 
6350 3552 23 
6400 3542 6 
6450 3541 7 
6500 3540 8 
6550 3558 326 
6600 3541 1046 
6650 3533 1632 
6700 3553 2105 
6750 3548 2430 
6800 3530 2738 
6850 3539 2991 
6900 3545 3232 
6950 3540 3377 
7000 3538 3480 
7050 3308 2486 
7100 3366 1672 
7150 3382 1155 
7200 3461 911 
7250 3517 669 
7300 3515 464 
7350 3543 298 
7400 3546 177 
7450 3540 89 
7500 3548 25 
7550 3533 312 
7600 3539 1050 
7650 3545 1555 
7700 3544 2002 
7750 3539 2360 
7800 3533 2669 
7850 3535 2943 
7900 3549 3190 
7950 3552 3356 
8000 3536 3423 
8050 3365 2151 
8100 3467 1116 
8150 3491 561 
8200 3524 291 
8250 3545 133 
8300 3547 64 
8350 3530 32 
8400 3528 14 
8450 3535 9 
8500 3540 5 
8550 3527 421 
8600 3528 925 
8650 3544 1295 
8700 3533 1678 
8750 3533 2048 
8800 3547 2371 
8850 3559 2664 
8900 3543 2886 
8950 3540 3050 
9000 3530 3183 
9050 3376 2184 
9100 3458 1146 
9150 3498 579 
9200 3520 254 
9250 3521 90 
9300 3552 28 
9350 3510 15 
9400 3542 11 
9450 3534 10 
9500 3530 11 
9550 3529 4 
9600 3519 758 
9650 3519 1360 
9700 3534 1777 
9750 3544 2121 
9800 3534 2402 
9850 3542 2663 
9900 3532 2902 
9950 3540 3111 
10000 3541 3291 
10050 3346 2350 
10100 3391 1508 
10150 3439 962 
10200 3471 646 
10250 3511 442 
10300 3519 301 
10350 3528 153 
10400 3520 62 
10450 3540 25 
10500 3537 14 
10550 3540 376 
10600 3535 925 
10650 3529 1371 
10700 3542 1808 
10750 3539 2151 
10800 3546 2479 
10850 3540 2753 
10900 3542 2953 
10950 3535 3072 
11000 3527 3191 
11050 3316 2311 
11100 3414 1350 
11150 3472 718 
11200 3512 350 
11250 3524 184 
11300 3541 104 
11350 3545 59 
11400 3555 19 
11450 3549 6 
11500 3536 10 
11550 3542 493 
11600 3550 1217 
11650 3551 1751 
11700 3545 2219 
11750 3543 2570 
11800 3532 2825 
11850 3551 3053 
11900 3529 3197 
11950 3528 3315 
12000 3529 3409 
12050 3348 2167 
12100 3458 1092 
12150 3513 473 
12200 3538 166 
12250 3531 45 
12300 3543 16 
12350 3541 6 
12400 3529 4 
12450 3548 3 
12500 3564 7 
12550 3549 299 
12600 3532 850 
12650 3528 1311 
12700 3536 1766 
12750 3528 2109 
12800 3532 2403 
12850 3532 2662 
12900 3532 2927 
12950 3536 3111 
13000 3546 3300 
13050 3329 2185 
13100 3419 1276 
13150 3442 771 
13200 3473 454 
13250 3485 246 
13300 3512 124 
13350 3523 74 
13400 3537 33 
13450 3559 15 
13500 3552 11 
13550 3532 198 
13600 3538 765 
13650 3517 1233 
13700 3531 1734 
13750 3550 2133 
13800 3537 2402 
13850 3543 2657 
13900 3537 2882 
13950 3537 3075 
14000 3549 3233 
14050 3328 2331 
14100 3445 1369 
14150 3485 749 
14200 3513 405 
14250 3530 174 
14300 3528 78 
14350 3548 26 
14400 3538 12 
14450 3534 8 
14500 3543 7 
14550 3535 333 
14600 3539 870 
14650 3534 1295 
14700 3549 1722 
14750 3543 2100 
14800 3547 2476 
14850 3540 2803 
14900 3541 2996 
14950 3546 3160 
15000 3539 3294 
15050 3347 2285 
15100 3470 1223 
15150 3505 661 
15200 3513 322 
15250 3520 130 
15300 3529 45 
15350 3548 17 
15400 3544 8 
15450 3550 2 
15500 3540 5 
15550 3532 361 
15600 3530 1099 
15650 3542 1621 
15700 3533 1985 
15750 3535 2298 
15800 3531 2559 
15850 3531 2783 
15900 3542 3000 
15950 3545 3180 
16000 3517 3314 
16050 3300 2400 
16100 3397 1479 
16150 3437 993 
16200 3465 625 
16250 3493 397 
16300 3511 270 
16350 3543 152 
16400 3547 81 
16450 3538 50 
16500 3530 11 
16550 3545 43 
16600 3554 663 
16650 3543 1170 
16700 3538 1648 
16750 3543 2074 
16800 3535 2426 
16850 3544 2724 
16900 3549 2957 
16950 3551 3129 
17000 3557 3288 
17050 3356 2260 
17100 3454 1103 
17150 3506 514 
17200 3545 190 
17250 3543 53 
17300 3553 14 
17350 3544 3 
17400 3551 6 
17450 3525 4 
17500 3534 6 
17550 3527 35 
17600 3541 674 
17650 3537 1151 
17700 3536 1560 
17750 3534 1959 
17800 3523 2261 
17850 3535 2554 
17900 3530 2751 
17950 3550 2962 
18000 3540 3115 
18050 3365 2168 
18100 3472 1115 
18150 3505 469 
18200 3521 194 
18250 3541 62 
18300 3536 13 
18350 3551 7 
18400 3552 7 
18450 3555 13 
18500 3554 10 
18550 3554 53 
18600 3558 806 
18650 3532 1423 
18700 3528 1959 
18750 3544 2400 
18800 3546 2750 
18850 3549 3079 
18900 3542 3280 
18950 3532 3398 
19000 3545 3470 
19050 3355 2223 
19100 3464 1153 
19150 3519 559 
19200 3528 255 
19250 3534 108 
19300 3533 41 
19350 3566 9 
19400 3535 14 
19450 3537 6 
19500 3541 9 
19550 3545 416 
19600 3541 932 
19650 3543 1377 
19700 3551 1765 
19750 3554 2164 
19800 3556 2512 
19850 3536 2754 
19900 3524 2989 
19950 3549 3166 
20000 3549 3313 
20050 3392 2119 
20100 3456 1177 
20150 3493 663 
20200 3512 393 
20250 3515 243 
20300 3539 152 
20350 3546 68 
20400 3550 31 
20450 3560 10 
20500 3542 10 
20550 3513 35 
20600 3462 674 
20650 3435 1264 
20700 3446 1702 
20750 3466 2043 
20800 3497 2412 
20850 3505 2756 
20900 3505 2978 
20950 3512 3156 
21000 3542 3272 
21050 3346 2214 
21100 3476 1087 
21150 3535 419 
21200 3556 161 
21250 3534 46 
21300 3523 18 
21350 3566 16 
21400 3558 12 
21450 3547 9 
21500 3553 5 
21550 3520 368 
21600 3522 908 
21650 3525 1365 
21700 3529 1744 
21750 3518 2075 
21800 3531 2414 
21850 3528 2730 
21900 3537 2999 
21950 3534 3193 
22000 3522 3368 
22050 3351 2242 
22100 3445 1212 
22150 3489 623 
22200 3513 332 
22250 3537 164 
22300 3520 83 
22350 3548 38 
22400 3559 14 
22450 3531 11 
22500 3535 14 
22550 3534 347 
22600 3525 1088 
22650 3532 1676 
22700 3525 2179 
22750 3522 2558 
22800 3534 2851 
22850 3542 3108 
22900 3543 3292 
22950 3534 3406 
23000 3555 3491 
23050 3350 2259 
23100 3439 1142 
23150 3498 592 
23200 3510 284 
23250 3509 165 
23300 3537 114 
23350 3534 51 
23400 3550 32 
23450 3548 9 
23500 3542 6 
23550 3534 249 
23600 3512 909 
23650 3524 1418 
23700 3544 1826 
23750 3547 2200 
23800 3541 2463 
23850 3528 2684 
23900 3551 2936 
23950 3538 3117 
24000 3541 3258 
24050 3324 2303 
24100 3443 1371 
24150 3486 746 
24200 3520 377 
24250 3545 152 
24300 3546 77 
24350 3539 40 
24400 3551 25 
24450 3557 9 
24500 3532 6 
24550 3544 1 
24600 3534 547 
24650 3540 1081 
24700 3525 1520 
24750 3530 1928 
24800 3545 2296 
24850 3532 2584 
24900 3527 2828 
24950 3546 3053 
25000 3544 3203 
25050 3305 2391 
25100 3365 1575 
25150 3427 1031 
25200 3467 568 
25250 3505 360 
25300 3549 228 
25350 3545 118 
25400 3545 53 
25450 3529 19 
25500 3540 6 
25550 3555 0 
25600 3553 20 
25650 3540 731 
25700 3543 1272 
25750 3545 1734 
25800 3546 2150 
25850 3542 2476 
25900 3539 2779 
25950 3543 3014 
26000 3544 3184 
26050 3399 2173 
26100 3478 1218 
26150 3505 657 
26200 3533 311 
26250 3547 135 
26300 3523 38 
26350 3536 7 
26400 3539 6 
26450 3536 13 
26500 3552 12 
26550 3551 207 
26600 3534 819 
26650 3520 1374 
26700 3520 1836 
26750 3513 2232 
26800 3523 2587 
26850 3528 2894 
26900 3527 3100 
26950 3531 3265 
27000 3523 3351 
27050 3300 2501 
27100 3375 1678 
27150 3425 1087 
27200 3505 622 
27250 3541 377 
27300 3533 141 
27350 3544 35 
27400 3555 10 
27450 3548 9 
27500 3531 9 
27550 3556 111 
27600 3552 895 
27650 3530 1485 
27700 3537 1899 
27750 3548 2288 
27800 3557 2610 
27850 3547 2917 
27900 3534 3123 
27950 3531 3297 
28000 3535 3403 
28050 3302 2324 
28100 3398 1391 
28150 3490 814 
28200 3507 410 
28250 3537 188 
28300 3545 86 
28350 3536 26 
28400 3546 6 
28450 3543 4 
28500 3545 11 
28550 3534 170 
28600 3538 776 
28650 3532 1221 
28700 3539 1648 
28750 3538 2037 
28800 3543 2367 
28850 3548 2653 
28900 3544 2866 
28950 3536 3021 
29000 3531 3147 
29050 3363 2269 
29100 3473 1283 
29150 3504 669 
29200 3519 344 
29250 3539 140 
29300 3555 66 
29350 3550 29 
29400 3536 13 
29450 3556 7 
29500 3550 1 
29550 3531 338 
29600 3536 1019 
29650 3528 1503 
29700 3520 1925 
29750 3517 2230 
29800 3538 2516 
29850 3538 2769 
29900 3525 2962 
29950 3534 3154 
30000 3545 3324 
30050 3299 2321 
30100 3408 1461 
30150 3462 936 
30200 3510 577 
30250 3544 332 
30300 3547 205 
30350 3549 97 
30400 3541 19 
30450 3556 8 
30500 3548 6 
30550 3537 231 
30600 3530 919 
30650 3528 1401 
30700 3537 1805 
30750 3531 2125 
30800 3524 2441 
30850 3543 2731 
30900 3536 2954 
30950 3534 3134 
31000 3552 3296 
31050 3357 2267 
31100 3473 1231 
31150 3525 590 
31200 3529 257 
31250 3539 78 
31300 3540 24 
31350 3542 11 
31400 3537 7 
31450 3549 3 
31500 3547 4 
31550 3528 382 
31600 3516 1066 
31650 3523 1603 
31700 3525 2067 
31750 3519 2384 
31800 3528 2706 
31850 3538 2992 
31900 3529 3215 
31950 3545 3378 
32000 3534 3443 
32050 3342 2155 
32100 3482 1010 
32150 3516 353 
32200 3536 94 
32250 3540 23 
32300 3545 7 
32350 3546 9 
32400 3529 10 
32450 3544 11 
32500 3546 8 
32550 3516 410 
32600 3519 1012 
32650 3518 1589 
32700 3513 2091 
32750 3528 2444 
32800 3525 2738 
32850 3502 2967 
32900 3534 3155 
32950 3535 3244 
33000 3523 3309 
33050 3342 2242 
33100 3438 1281 
33150 3471 674 
33200 3514 291 
33250 3538 81 
33300 3533 25 
33350 3550 5 
33400 3556 5 
33450 3527 4 
33500 3551 4 
33550 3540 394 
33600 3540 935 
33650 3542 1411 
33700 3550 1831 
33750 3554 2239 
33800 3548 2605 
33850 3547 2897 
33900 3550 3101 
33950 3526 3209 
34000 3533 3321 
34050 3333 2108 
34100 3443 1046 
34150 3499 484 
34200 3521 194 
34250 3549 77 
34300 3555 27 
34350 3537 12 
34400 3551 8 
34450 3552 6 
34500 3558 1 
34550 3561 338 
34600 3556 1132 
34650 3554 1706 
34700 3540 2163 
34750 3527 2543 
34800 3559 2885 
34850 3539 3169 
34900 3555 3348 
34950 3548 3437 
35000 3535 3475 
35050 3340 2193 
35100 3455 1062 
35150 3490 522 
35200 3531 193 
35250 3524 93 
35300 3541 41 
35350 3545 20 
35400 3530 8 
35450 3536 10 
35500 3527 13 
35550 3523 437 
35600 3541 1141 
35650 3540 1698 
35700 3533 2157 
35750 3525 2534 
35800 3543 2904 
35850 3547 3141 
35900 3559 3294 
35950 3551 3400 
36000 3538 3456 
36050 3366 2196 
36100 3492 1087 
36150 3483 490 
36200 3505 204 
36250 3519 72 
36300 3530 35 
36350 3521 8 
36400 3530 6 
36450 3538 3 
36500 3538 5 
36550 3525 197 
36600 3524 873 
36650 3527 1387 
36700 3515 1805 
36750 3536 2161 
36800 3554 2411 
36850 3550 2635 
36900 3547 2897 
36950 3547 3079 
37000 3562 3240 
37050 3358 2243 
37100 3450 1239 
37150 3492 630 
37200 3518 297 
37250 3553 104 
37300 3535 54 
37350 3548 24 
37400 3536 11 
37450 3561 10 
37500 3542 4 
37550 3549 454 
37600 3531 975 
37650 3526 1402 
37700 3537 1777 
37750 3529 2142 
37800 3540 2472 
37850 3524 2780 
37900 3535 2990 
37950 3538 3160 
38000 3534 3283 
38050 3309 2452 
38100 3387 1687 
38150 3420 1095 
38200 3485 688 
38250 3516 447 
38300 3521 217 
38350 3533 80 
38400 3552 27 
38450 3544 6 
38500 3538 2 
38550 3547 400 
38600 3559 1011 
38650 3535 1448 
38700 3542 1857 
38750 3559 2235 
38800 3567 2567 
38850 3541 2824 
38900 3536 3073 
38950 3542 3231 
39000 3544 3336 
39050 3314 2393 
39100 3380 1439 
39150 3451 903 
39200 3482 555 
39250 3514 368 
39300 3541 213 
39350 3544 109 
39400 3527 50 
39450 3545 15 
39500 3545 4 
39550 3533 9 
39600 3496 463 
39650 3480 1068 
39700 3476 1527 
39750 3493 1894 
39800 3494 2231 
39850 3502 2566 
39900 3511 2832 
39950 3521 3047 
40000 3537 3165 
40050 3309 2351 
40100 3399 1419 
40150 3481 786 
40200 3518 381 
40250 3537 180 
40300 3527 80 
40350 3550 36 
40400 3557 7 
40450 3548 6 
40500 3550 4 
40550 3546 371 
40600 3536 937 
40650 3548 1381 
40700 3554 1794 
40750 3548 2148 
40800 3527 2496 
40850 3525 2796 
40900 3540 3020 
40950 3550 3214 
41000 3551 3353 
41050 3310 2354 
41100 3395 1429 
41150 3449 903 
41200 3467 519 
41250 3531 316 
41300 3541 174 
41350 3545 84 
41400 3545 38 
41450 3530 24 
41500 3534 9 
41550 3555 557 
41600 3545 1219 
41650 3557 1706 
41700 3550 2056 
41750 3547 2373 
41800 3549 2659 
41850 3545 2892 
41900 3545 3106 
41950 3554 3261 
42000 3548 3367 
42050 3296 2481 
42100 3374 1654 
42150 3391 1093 
42200 3484 805 
42250 3476 595 
42300 3490 421 
42350 3504 299 
42400 3525 227 
42450 3513 148 
42500 3517 96 
42550 3506 256 
42600 3497 959 
42650 3502 1531 
42700 3509 1997 
42750 3507 2343 
42800 3525 2677 
42850 3532 2938 
42900 3543 3150 
42950 3548 3319 
43000 3552 3434 
43050 3270 2597 
43100 3320 1847 
43150 3423 1434 
43200 3491 1140 
43250 3509 847 
43300 3529 615 
43350 3502 418 
43400 3522 283 
43450 3527 194 
43500 3531 101 
43550 3529 84 
43600 3411 167 
43650 3108 465 
43700 2918 997 
43750 3004 1446 
43800 3130 1775 
43850 3194 2107 
43900 3257 2455 
43950 3325 2751 
44000 3378 2965 
44050 3243 2176 
44100 3399 1403 
44150 3456 872 
44200 3481 482 
44250 3504 239 
44300 3520 120 
44350 3528 61 
44400 3521 30 
44450 3525 15 
44500 3544 9 
44550 3543 347 
44600 3543 916 
44650 3543 1376 
44700 3546 1786 
44750 3542 2152 
44800 3537 2528 
44850 3557 2801 
44900 3549 3041 
44950 3539 3221 
45000 3554 3380 
45050 3317 2368 
45100 3415 1507 
45150 3483 918 
45200 3501 508 
45250 3537 313 
45300 3551 148 
45350 3542 44 
45400 3558 12 
45450 3548 4 
45500 3532 3 
45550 3533 368 
45600 3531 938 
45650 3530 1421 
45700 3539 1844 
45750 3548 2265 
45800 3557 2609 
45850 3568 2873 
45900 3556 3066 
45950 3550 3208 
46000 3542 3308 
46050 3275 2450 
46100 3364 1634 
46150 3412 1137 
46200 3456 823 
46250 3499 657 
46300 3520 449 
46350 3507 307 
46400 3532 205 
46450 3527 103 
46500 3524 61 
46550 3540 23 
46600 3523 566 
46650 3521 1059 
46700 3516 1516 
46750 3516 1896 
46800 3511 2315 
46850 3510 2659 
46900 3494 2896 
46950 3495 3105 
47000 3491 3240 
47050 3301 2322 
47100 3405 1408 
47150 3478 831 
47200 3498 478 
47250 3529 268 
47300 3545 158 
47350 3551 86 
47400 3534 31 
47450 3517 11 
47500 3535 2 
47550 3535 292 
47600 3528 1102 
47650 3519 1702 
47700 3512 2198 
47750 3514 2575 
47800 3544 2913 
47850 3538 3131 
47900 3543 3319 
47950 3544 3447 
48000 3526 3489 
48050 3277 2406 
48100 3362 1444 
48150 3419 813 
48200 3477 491 
48250 3511 291 
48300 3535 163 
48350 3538 80 
48400 3528 28 
48450 3527 9 
48500 3532 7 
48550 3530 265 
48600 3516 1014 
48650 3512 1578 
48700 3503 1966 
48750 3513 2295 
48800 3505 2531 
48850 3495 2754 
48900 3500 2976 
48950 3502 3204 
49000 3519 3357 
49050 3303 2354 
49100 3376 1554 
49150 3440 1035 
49200 3478 611 
49250 3520 379 
49300 3524 202 
49350 3537 87 
49400 3543 23 
49450 3542 4 
49500 3544 2 
49550 3532 442 
49600 3536 942 
49650 3537 1411 
49700 3539 1791 
49750 3539 2124 
49800 3532 2453 
49850 3521 2735 
49900 3519 2927 
49950 3516 3076 
50000 3536 3235 
50050 3276 2434 
50100 3363 1668 
50150 3424 1109 
50200 3483 737 
50250 3512 501 
50300 3534 336 
50350 3542 214 
50400 3533 125 
50450 3543 61 
50500 3543 25 
50550 3536 185 
50600 3542 762 
50650 3539 1239 
50700 3517 1650 
50750 3538 2045 
50800 3540 2392 
50850 3543 2663 
50900 3545 2904 
50950 3548 3088 
51000 3558 3249 
51050 3311 2429 
51100 3358 1750 
51150 3430 1231 
51200 3486 752 
51250 3521 491 
51300 3530 289 
51350 3531 153 
51400 3530 66 
51450 3538 41 
51500 3542 9 
51550 3545 39 
51600 3527 612 
51650 3528 1112 
51700 3520 1534 
51750 3547 1949 
51800 3546 2253 
51850 3532 2588 
51900 3524 2854 
51950 3528 3031 
52000 3541 3175 
52050 3313 2366 
52100 3420 1465 
52150 3470 891 
52200 3528 498 
52250 3541 230 
52300 3543 102 
52350 3542 37 
52400 3534 21 
52450 3542 14 
52500 3555 8 
52550 3549 16 
52600 3545 666 
52650 3540 1137 
52700 3535 1572 
52750 3537 1976 
52800 3547 2369 
52850 3545 2656 
52900 3530 2871 
52950 3539 3057 
53000 3539 3186 
53050 3289 2385 
53100 3445 1435 
53150 3487 768 
53200 3502 380 
53250 3536 174 
53300 3540 95 
53350 3548 34 
53400 3537 15 
53450 3536 4 
53500 3527 7 
53550 3509 144 
53600 3494 894 
53650 3497 1374 
53700 3520 1737 
53750 3536 2061 
53800 3548 2342 
53850 3544 2615 
53900 3522 2834 
53950 3536 3054 
54000 3529 3225 
54050 3284 2366 
54100 3345 1639 
54150 3417 1102 
54200 3444 661 
54250 3503 471 
54300 3503 288 
54350 3515 179 
54400 3535 90 
54450 3550 34 
54500 3549 14 
54550 3545 36 
54600 3519 685 
54650 3502 1213 
54700 3515 1657 
54750 3523 1995 
54800 3545 2301 
54850 3550 2617 
54900 3554 2891 
54950 3547 3036 
55000 3534 3175 
55050 3307 2366 
55100 3381 1490 
55150 3463 827 
55200 3485 413 
55250 3524 180 
55300 3535 80 
55350 3544 30 
55400 3531 19 
55450 3547 6 
55500 3543 7 
55550 3542 378 
55600 3533 904 
55650 3543 1329 
55700 3528 1730 
55750 3530 2101 
55800 3521 2430 
55850 3551 2782 
55900 3545 3015 
55950 3537 3185 
56000 3549 3379 
56050 3313 2322 
56100 3422 1315 
56150 3466 779 
56200 3503 424 
56250 3542 219 
56300 3546 122 
56350 3540 41 
56400 3554 14 
56450 3562 9 
56500 3566 7 
56550 3536 489 
56600 3555 1208 
56650 3542 1770 
56700 3557 2230 
56750 3541 2595 
56800 3549 2876 
56850 3543 3082 
56900 3544 3292 
56950 3552 3430 
57000 3560 3509 
57050 3311 2385 
57100 3422 1427 
57150 3475 828 
57200 3540 476 
57250 3530 235 
57300 3536 116 
57350 3535 32 
57400 3546 14 
57450 3548 7 
57500 3547 4 
57550 3536 243 
57600 3515 870 
57650 3518 1358 
57700 3529 1767 
57750 3523 2123 
57800 3515 2412 
57850 3529 2725 
57900 3525 2967 
57950 3525 3164 
58000 3528 3262 
58050 3275 2425 
58100 3382 1467 
58150 3440 865 
58200 3455 526 
58250 3511 331 
58300 3536 191 
58350 3536 102 
58400 3552 38 
58450 3547 7 
58500 3543 11 
58550 3532 358 
58600 3545 1111 
58650 3550 1745 
58700 3544 2203 
58750 3536 2573 
58800 3545 2865 
58850 3543 3133 
58900 3550 3309 
58950 3546 3412 
59000 3538 3506 
59050 3298 2587 
59100 3352 1813 
59150 3447 1377 
59200 3491 1010 
59250 3488 705 
59300 3516 488 
59350 3523 334 
59400 3529 226 
59450 3536 162 
59500 3542 110 
59550 3525 489 
59600 3526 1017 
59650 3539 1489 
59700 3537 1859 
59750 3545 2162 
59800 3539 2436 
59850 3549 2699 
59900 3559 2935 
59950 3549 3063 
60000 3548 3167 
60050 3328 2355 
60100 3416 1494 
60150 3470 898 
60200 3504 509 
60250 3512 274 
60300 3553 159 
60350 3522 61 
60400 3532 13 
60450 3551 6 
60500 3536 9 
60550 3543 353 
60600 3522 1079 
60650 3527 1643 
60700 3533 1985 
60750 3533 2301 
60800 3558 2565 
60850 3560 2837 
60900 3546 3016 
60950 3550 3223 
61000 3549 3364 
61050 3295 2404 
61100 3374 1624 
61150 3426 1091 
61200 3466 700 
61250 3502 489 
61300 3536 278 
61350 3544 136 
61400 3547 60 
61450 3551 20 
61500 3545 8 
61550 3535 376 
61600 3536 1007 
61650 3537 1573 
61700 3520 2015 
61750 3535 2414 
61800 3548 2689 
61850 3542 2930 
61900 3553 3127 
61950 3546 3269 
62000 3560 3406 
62050 3318 2396 
62100 3404 1416 
62150 3460 802 
62200 3485 382 
62250 3529 183 
62300 3549 88 
62350 3551 34 
62400 3524 8 
62450 3550 6 
62500 3547 5 
62550 3539 205 
62600 3539 852 
62650 3528 1297 
62700 3522 1741 
62750 3513 2149 
62800 3528 2514 
62850 3526 2833 
62900 3542 3043 
62950 3535 3188 
63000 3548 3305 
63050 3322 2405 
63100 3366 1593 
63150 3411 1077 
63200 3439 730 
63250 3522 588 
63300 3542 394 
63350 3534 251 
63400 3539 162 
63450 3548 94 
63500 3538 45 
63550 3529 400 
63600 3534 959 
63650 3546 1408 
63700 3536 1816 
63750 3543 2183 
63800 3546 2493 
63850 3551 2735 
63900 3543 2918 
63950 3540 3064 
64000 3546 3197 
64050 3311 2493 
64100 3334 1914 
64150 3351 1489 
64200 3426 1220 
64250 3476 978 
64300 3501 708 
64350 3496 543 
64400 3504 414 
64450 3504 299 
64500 3527 204 
64550 3521 199 
64600 3508 782 
64650 3518 1186 
64700 3516 1653 
64750 3511 2054 
64800 3515 2370 
64850 3518 2709 
64900 3534 3007 
64950 3552 3259 
65000 3534 3383 
65050 3326 2291 
65100 3433 1265 
65150 3470 679 
65200 3498 318 
65250 3509 173 
65300 3529 107 
65350 3552 61 
65400 3559 26 
65450 3549 17 
65500 3537 13 
65550 3547 395 
65600 3527 1187 
65650 3537 1855 
65700 3543 2302 
65750 3558 2648 
65800 3550 2862 
65850 3529 3055 
65900 3538 3222 
65950 3536 3347 
66000 3555 3426 
66050 3330 2296 
66100 3418 1285 
66150 3475 692 
66200 3497 333 
66250 3536 130 
66300 3541 49 
66350 3540 18 
66400 3535 6 
66450 3543 5 
66500 3551 11 
66550 3562 32 
66600 3562 647 
66650 3555 1170 
66700 3547 1635 
66750 3528 2019 
66800 3532 2361 
66850 3523 2615 
66900 3541 2844 
66950 3551 3014 
67000 3541 3128 
67050 3342 2328 
67100 3419 1432 
67150 3476 786 
67200 3498 385 
67250 3526 182 
67300 3539 81 
67350 3537 29 
67400 3514 10 
67450 3543 5 
67500 3546 13 
67550 3521 360 
67600 3509 940 
67650 3497 1413 
67700 3503 1811 
67750 3523 2141 
67800 3541 2436 
67850 3552 2693 
67900 3538 2872 
67950 3546 3095 
68000 3546 3220 
68050 3356 2385 
68100 3417 1479 
68150 3462 944 
68200 3493 590 
68250 3526 324 
68300 3522 202 
68350 3542 105 
68400 3538 52 
68450 3542 19 
68500 3538 13 
68550 3540 458 
68600 3546 1302 
68650 3549 1973 
68700 3548 2462 
68750 3542 2735 
68800 3545 2959 
68850 3545 3135 
68900 3555 3265 
68950 3559 3374 
69000 3537 3410 
69050 3318 2402 
69100 3409 1520 
69150 3478 870 
69200 3502 497 
69250 3528 262 
69300 3517 143 
69350 3521 44 
69400 3539 15 
69450 3520 10 
69500 3544 5 
69550 3536 406 
69600 3546 959 
69650 3537 1401 
69700 3554 1806 
69750 3549 2145 
69800 3556 2479 
69850 3534 2724 
69900 3533 2953 
69950 3537 3118 
70000 3540 3258 
70050 3311 2398 
70100 3407 1434 
70150 3462 748 
70200 3512 313 
70250 3546 115 
70300 3523 39 
70350 3537 12 
70400 3528 4 
70450 3544 3 
70500 3536 7 
70550 3528 450 
70600 3501 1107 
70650 3510 1650 
70700 3508 2093 
70750 3521 2502 
70800 3538 2844 
70850 3536 3120 
70900 3558 3332 
70950 3544 3452 
71000 3542 3510 
71050 3299 2409 
71100 3399 1338 
71150 3448 773 
71200 3465 460 
71250 3507 294 
71300 3525 157 
71350 3531 79 
71400 3538 26 
71450 3539 8 
71500 3539 0 
71550 3533 390 
71600 3542 996 
71650 3540 1485 
71700 3547 1877 
71750 3546 2280 
71800 3530 2590 
71850 3533 2818 
71900 3540 3024 
71950 3542 3179 
72000 3531 3293 
72050 3322 2356 
72100 3404 1363 
72150 3468 750 
72200 3499 390 
72250 3534 195 
72300 3538 100 
72350 3541 51 
72400 3549 19 
72450 3545 11 
72500 3556 4 
72550 3529 242 
72600 3533 879 
72650 3549 1418 
72700 3551 1812 
72750 3550 2179 
72800 3546 2500 
72850 3545 2776 
72900 3548 3006 
72950 3551 3189 
73000 3550 3322 
73050 3314 2439 
73100 3406 1626 
73150 3449 1111 
73200 3462 785 
73250 3531 601 
73300 3534 438 
73350 3528 291 
73400 3510 204 
73450 3545 130 
73500 3544 76 
73550 3541 413 
73600 3538 1140 
73650 3550 1602 
73700 3553 2013 
73750 3542 2348 
73800 3538 2653 
73850 3518 2890 
73900 3549 3100 
73950 3541 3238 
74000 3528 3357 
74050 3328 2410 
74100 3419 1491 
74150 3460 950 
74200 3488 521 
74250 3527 256 
74300 3547 124 
74350 3554 40 
74400 3551 20 
74450 3538 6 
74500 3553 8 
74550 3562 35 
74600 3556 711 
74650 3550 1242 
74700 3541 1720 
74750 3553 2121 
74800 3543 2422 
74850 3542 2734 
74900 3541 2998 
74950 3537 3162 
75000 3542 3316 
75050 3297 2530 
75100 3368 1690 
75150 3445 1119 
75200 3499 712 
75250 3522 478 
75300 3533 244 
75350 3533 109 
75400 3514 46 
75450 3541 11 
75500 3550 4 
75550 3553 341 
75600 3557 942 
75650 3558 1340 
75700 3525 1717 
75750 3521 2084 
75800 3553 2440 
75850 3552 2782 
75900 3524 2936 
75950 3529 3114 
76000 3537 3237 
76050 3339 2366 
76100 3387 1476 
76150 3446 932 
76200 3482 522 
76250 3505 243 
76300 3533 111 
76350 3536 32 
76400 3542 14 
76450 3552 6 
76500 3550 1 
76550 3556 395 
76600 3553 982 
76650 3562 1486 
76700 3546 1917 
76750 3527 2260 
76800 3531 2634 
76850 3519 2939 
76900 3541 3174 
76950 3530 3326 
77000 3527 3437 
77050 3316 2388 
77100 3410 1354 
77150 3491 740 
77200 3508 383 
77250 3513 196 
77300 3521 119 
77350 3542 45 
77400 3541 23 
77450 3541 13 
77500 3555 5 
77550 3503 34 
77600 3397 187 
77650 3460 701 
77700 3445 1164 
77750 3446 1603 
77800 3455 1948 
77850 3484 2256 
77900 3502 2546 
77950 3503 2771 
78000 3509 2994 
78050 3304 2379 
78100 3387 1653 
78150 3437 1115 
78200 3450 736 
78250 3485 488 
78300 3526 360 
78350 3532 223 
78400 3543 116 
78450 3553 55 
78500 3550 18 
78550 3532 263 
78600 3533 856 
78650 3536 1290 
78700 3539 1750 
78750 3529 2172 
78800 3534 2591 
78850 3525 2928 
78900 3528 3191 
78950 3518 3385 
79000 3525 3450 
79050 3302 2399 
79100 3383 1405 
79150 3466 807 
79200 3496 384 
79250 3508 141 
79300 3527 44 
79350 3534 10 
79400 3550 4 
79450 3533 0 
79500 3534 3 
79550 3523 20 
79600 3394 396 
79650 3384 1009 
79700 3400 1431 
79750 3412 1778 
79800 3440 2111 
79850 3473 2433 
79900 3486 2716 
79950 3496 2977 
80000 3506 3155 
80050 3290 2334 
80100 3401 1451 
80150 3461 862 
80200 3494 421 
80250 3514 171 
80300 3527 72 
80350 3544 19 
80400 3547 15 
80450 3531 9 
80500 3514 7 
80550 3531 2 
80600 3548 58 
80650 3544 661 
80700 3524 1119 
80750 3535 1547 
80800 3534 1888 
80850 3540 2228 
80900 3535 2553 
80950 3545 2842 
81000 3527 3003 
81050 3306 2284 
81100 3405 1420 
81150 3459 811 
81200 3501 440 
81250 3516 220 
81300 3513 86 
81350 3528 35 
81400 3522 12 
81450 3539 6 
81500 3533 1 
81550 3516 96 
81600 3511 727 
81650 3507 1249 
81700 3508 1739 
81750 3495 2162 
81800 3497 2482 
81850 3497 2771 
81900 3514 3011 
81950 3531 3218 
82000 3529 3353 
82050 3341 2302 
82100 3431 1375 
82150 3472 871 
82200 3508 553 
82250 3507 351 
82300 3519 223 
82350 3545 147 
82400 3541 73 
82450 3525 32 
82500 3518 15 
82550 3538 375 
82600 3537 894 
82650 3521 1337 
82700 3520 1728 
82750 3522 2107 
82800 3536 2495 
82850 3523 2796 
82900 3535 3044 
82950 3549 3195 
83000 3516 3259 
83050 3300 2464 
83100 3398 1584 
83150 3458 992 
83200 3521 585 
83250 3518 293 
83300 3543 139 
83350 3545 50 
83400 3541 8 
83450 3532 1 
83500 3547 0 
83550 3542 0 
83600 3550 0 
83650 3520 121 
83700 3491 739 
83750 3507 1258 
83800 3512 1682 
83850 3510 2029 
83900 3522 2344 
83950 3538 2614 
84000 3534 2877 
84050 3315 2164 
84100 3367 1508 
84150 3412 1040 
84200 3436 709 
84250 3433 485 
84300 3460 342 
84350 3483 256 
84400 3474 151 
84450 3518 75 
84500 3521 27 
84550 3517 7 
84600 3530 4 
84650 3542 1 
84700 3555 0 
84750 3535 0 
84800 3544 0 
84850 3552 0 
84900 3532 1 
84950 3525 0 
85000 3501 25 
85050 3525 19 
85100 3527 7 
85150 3518 3 
85200 3517 1 
85250 3542 0 
85300 3546 0 
85350 3537 0 
85400 3535 0 
85450 3535 0 
85500 3531 3 
85550 3545 1 
85600 3536 0 
85650 3544 0 
85700 3525 3 
85750 3543 169 
85800 3530 810 
85850 3528 1344 
85900 3527 1780 
85950 3528 2148 
86000 3519 2452 
86050 3344 1942 
86100 3375 1433 
86150 3408 1083 
86200 3434 817 
86250 3448 584 
86300 3480 427 
86350 3519 329 
86400 3517 209 
86450 3509 140 
86500 3514 92 
86550 3533 50 
86600 3518 20 
86650 3515 5 
86700 3531 3 
86750 3533 2 
86800 3538 591 
86850 3527 1103 
86900 3517 1503 
86950 3511 1871 
87000 3527 2202 
87050 3367 1777 
87100 3422 1302 
87150 3471 901 
87200 3474 641 
87250 3503 424 
87300 3516 260 
87350 3520 161 
87400 3529 98 
87450 3531 36 
87500 3517 5 
87550 3521 2 
87600 3545 0 
87650 3518 34 
87700 3410 171 
87750 3522 700 
87800 3515 1153 
87850 3526 1554 
87900 3519 1919 
87950 3519 2231 
88000 3530 2531 
88050 3357 1927 
88100 3408 1226 
88150 3477 757 
88200 3495 467 
88250 3532 255 
88300 3540 110 
88350 3545 46 
88400 3540 16 
88450 3544 2 
88500 3522 2 
88550 3514 34 
88600 3519 631 
88650 3537 1091 
88700 3528 1528 
88750 3523 1860 
88800 3506 2218 
88850 3521 2542 
88900 3514 2795 
88950 3514 2990 
89000 3524 3178 
89050 3291 2375 
89100 3339 1672 
89150 3411 1185 
89200 3436 715 
89250 3491 435 
89300 3501 225 
89350 3532 76 
89400 3541 23 
89450 3529 8 
89500 3548 1 
89550 3531 308 
89600 3529 813 
89650 3515 1278 
89700 3506 1640 
89750 3518 2031 
89800 3532 2386 
89850 3539 2724 
89900 3500 2908 
89950 3516 3081 
90000 3545 3260 
90050 3297 2462 
90100 3346 1718 
90150 3363 1200 
90200 3438 832 
90250 3481 589 
90300 3490 402 
90350 3500 217 
90400 3506 101 
90450 3516 33 
90500 3507 4 
90550 3499 23 
90600 3353 190 
90650 3441 674 
90700 3429 1146 
90750 3416 1607 
90800 3411 1957 
90850 3415 2339 
90900 3406 2628 
90950 3408 2896 
91000 3413 3067 
91050 3295 2248 
91100 3373 1545 
91150 3420 1038 
91200 3419 700 
91250 3464 460 
91300 3518 341 
91350 3513 183 
91400 3521 71 
91450 3513 28 
91500 3529 15 
91550 3516 4 
91600 3515 1 
91650 3508 0 
91700 3514 615 
91750 3523 1102 
91800 3507 1467 
91850 3520 1847 
91900 3530 2171 
91950 3528 2470 
92000 3516 2703 
92050 3316 2107 
92100 3351 1478 
92150 3380 1080 
92200 3403 756 
92250 3429 500 
92300 3457 345 
92350 3484 229 
92400 3503 124 
92450 3514 47 
92500 3530 14 
92550 3504 17 
92600 3512 603 
92650 3501 1245 
92700 3525 1744 
92750 3522 2158 
92800 3520 2500 
92850 3523 2779 
92900 3514 3004 
92950 3520 3187 
93000 3496 3307 
93050 3287 2451 
93100 3370 1606 
93150 3439 982 
93200 3482 569 
93250 3503 318 
93300 3510 164 
93350 3505 69 
93400 3533 23 
93450 3514 6 
93500 3520 4 
93550 3515 390 
93600 3498 925 
93650 3475 1397 
93700 3512 1788 
93750 3503 2126 
93800 3517 2441 
93850 3517 2769 
93900 3515 2960 
93950 3519 3137 
94000 3503 3261 
94050 3234 2466 
94100 3301 1719 
94150 3321 1231 
94200 3396 877 
94250 3469 692 
94300 3502 454 
94350 3496 251 
94400 3523 121 
94450 3540 54 
94500 3515 21 
94550 3523 343 
94600 3533 916 
94650 3515 1337 
94700 3520 1768 
94750 3520 2120 
94800 3520 2458 
94850 3500 2719 
94900 3511 2905 
94950 3522 3069 
95000 3527 3198 
95050 3250 2504 
95100 3318 1831 
95150 3361 1286 
95200 3417 891 
95250 3488 666 
95300 3507 419 
95350 3494 216 
95400 3521 112 
95450 3509 50 
95500 3502 21 
95550 3532 210 
95600 3549 829 
95650 3540 1267 
95700 3550 1695 
95750 3530 2015 
95800 3518 2352 
95850 3534 2703 
95900 3534 2947 
95950 3528 3163 
96000 3536 3316 
96050 3263 2430 
96100 3353 1691 
96150 3405 1191 
96200 3443 810 
96250 3483 566 
96300 3500 343 
96350 3521 186 
96400 3523 88 
96450 3540 51 
96500 3529 27 
96550 3544 4 
96600 3538 351 
96650 3554 901 
96700 3561 1318 
96750 3557 1724 
96800 3528 2119 
96850 3533 2499 
96900 3531 2790 
96950 3518 3032 
97000 3525 3189 
97050 3292 2316 
97100 3377 1461 
97150 3437 905 
97200 3477 464 
97250 3499 180 
97300 3535 67 
97350 3536 23 
97400 3532 5 
97450 3521 2 
97500 3537 0 
97550 3530 17 
97600 3445 427 
97650 3446 965 
97700 3438 1402 
97750 3488 1773 
97800 3500 2110 
97850 3510 2455 
97900 3536 2710 
97950 3538 2983 
98000 3522 3184 
98050 3310 2263 
98100 3413 1363 
98150 3450 744 
98200 3513 355 
98250 3521 136 
98300 3523 31 
98350 3519 11 
98400 3549 6 
98450 3529 4 
98500 3528 4 
98550 3534 226 
98600 3518 791 
98650 3531 1263 
98700 3545 1640 
98750 3508 2007 
98800 3533 2379 
98850 3519 2636 
98900 3528 2875 
98950 3536 3078 
99000 3519 3227 
99050 3313 2271 
99100 3406 1322 
99150 3440 781 
99200 3485 439 
99250 3507 224 
99300 3513 117 
99350 3501 56 
99400 3529 18 
99450 3518 7 
99500 3540 1 
99550 3532 103 
99600 3527 693 
99650 3523 1209 
99700 3550 1618 
99750 3538 1997 
99800 3520 2336 
99850 3534 2642 
99900 3538 2895 
99950 3532 3100 
100000 3529 3253 
100050 3291 2376 
100100 3389 1477 
100150 3446 912 
100200 3467 546 
100250 3517 300 
100300 3535 157 
100350 3522 50 
100400 3538 12 
100450 3531 5 
100500 3522 1 
100550 3528 0 
100600 3538 0 
100650 3544 0 
100700 3527 470 
100750 3541 1067 
100800 3540 1504 
100850 3535 1888 
100900 3530 2255 
100950 3528 2593 
101000 3519 2830 
101050 3324 2245 
101100 3365 1638 
101150 3394 1228 
101200 3415 919 
101250 3444 657 
101300 3470 516 
101350 3486 364 
101400 3500 256 
101450 3507 161 
101500 3496 82 
101550 3523 29 
101600 3546 8 
101650 3519 2 
101700 3537 0 
101750 3540 2 
101800 3495 20 
101850 3419 111 
101900 3275 255 
101950 3086 443 
102000 2789 728 
102050 2902 547 
102100 3113 385 
102150 3285 243 
102200 3394 138 
102250 3452 74 
102300 3488 42 
102350 3511 25 
102400 3514 15 
102450 3521 6 
102500 3532 1 
102550 3540 0 
102600 3490 20 
102650 3430 107 
102700 3278 244 
102750 3093 771 
102800 3040 1344 
102850 3040 1742 
102900 3056 2116 
102950 3094 2416 
103000 3166 2706 
103050 3107 2035 
103100 3255 1215 
103150 3363 716 
103200 3439 420 
103250 3492 225 
103300 3518 109 
103350 3552 56 
103400 3537 21 
103450 3556 3 
103500 3549 3 
103550 3547 0 
103600 3543 0 
103650 3545 0 
103700 3537 0 
103750 3545 129 
103800 3538 665 
103850 3539 1115 
103900 3532 1574 
103950 3532 1951 
104000 3546 2335 
104050 3359 1843 
104100 3404 1237 
104150 3451 747 
104200 3477 435 
104250 3510 222 
104300 3530 106 
104350 3542 53 
104400 3536 19 
104450 3529 6 
104500 3539 0 
104550 3539 0 
104600 3503 28 
104650 3425 115 
104700 3371 667 
104750 3384 1143 
104800 3413 1500 
104850 3447 1856 
104900 3468 2165 
104950 3489 2430 
105000 3513 2729 
105050 3356 2106 
105100 3428 1353 
105150 3471 851 
105200 3488 504 
105250 3510 272 
105300 3528 117 
105350 3531 44 
105400 3534 14 
105450 3530 2 
105500 3511 3 
105550 3512 125 
105600 3532 706 
105650 3538 1201 
105700 3534 1557 
105750 3539 1946 
105800 3537 2335 
105850 3539 2676 
105900 3532 2960 
105950 3541 3177 
106000 3549 3309 
106050 3290 2330 
106100 3446 1344 
106150 3497 735 
106200 3496 383 
106250 3534 133 
106300 3531 42 
106350 3545 12 
106400 3527 1 
106450 3542 1 
106500 3560 2 
106550 3527 1 
106600 3518 263 
106650 3528 749 
106700 3515 1208 
106750 3502 1624 
106800 3502 2049 
106850 3512 2403 
106900 3512 2683 
106950 3510 2877 
107000 3497 3019 
107050 3287 2309 
107100 3344 1654 
107150 3390 1176 
107200 3412 793 
107250 3464 553 
107300 3504 376 
107350 3495 194 
107400 3517 86 
107450 3525 35 
107500 3527 5 
107550 3533 1 
107600 3542 349 
107650 3546 886 
107700 3532 1336 
107750 3531 1706 
107800 3529 2027 
107850 3522 2326 
107900 3542 2598 
107950 3548 2842 
108000 3545 3055 
108050 3334 2257 
108100 3412 1370 
108150 3468 691 
108200 3510 312 
108250 3511 103 
108300 3538 27 
108350 3543 8 
108400 3538 3 
108450 3539 4 
108500 3526 0 
108550 3523 11 
108600 3525 729 
108650 3527 1210 
108700 3518 1581 
108750 3526 1953 
108800 3520 2277 
108850 3516 2516 
108900 3527 2740 
108950 3538 2971 
109000 3528 3162 
109050 3298 2340 
109100 3408 1446 
109150 3447 834 
109200 3460 455 
109250 3500 245 
109300 3525 154 
109350 3521 84 
109400 3522 39 
109450 3521 9 
109500 3535 6 
109550 3525 5 
109600 3483 64 
109650 3490 604 
109700 3476 1089 
109750 3450 1466 
109800 3462 1909 
109850 3441 2247 
109900 3451 2580 
109950 3462 2830 
110000 3481 3006 
110050 3329 2193 
110100 3426 1279 
110150 3479 637 
110200 3499 270 
110250 3509 99 
110300 3545 27 
110350 3532 9 
110400 3514 6 
110450 3537 6 
110500 3520 3 
110550 3511 4 
110600 3530 248 
110650 3536 781 
110700 3536 1296 
110750 3540 1736 
110800 3533 2118 
110850 3543 2402 
110900 3527 2640 
110950 3530 2892 
111000 3544 3097 
111050 3255 2360 
111100 3358 1563 
111150 3416 964 
111200 3458 616 
111250 3486 393 
111300 3501 228 
111350 3506 82 
111400 3523 30 
111450 3521 11 
111500 3528 3 
111550 3528 2 
111600 3513 21 
111650 3492 539 
111700 3524 1043 
111750 3521 1483 
111800 3520 1884 
111850 3521 2292 
111900 3505 2604 
111950 3516 2832 
112000 3513 2976 
112050 3337 2232 
112100 3423 1392 
112150 3464 835 
112200 3506 489 
112250 3503 290 
112300 3513 139 
112350 3503 69 
112400 3526 19 
112450 3515 7 
112500 3533 6 
112550 3540 1 
112600 3537 1 
112650 3520 5 
112700 3510 35 
112750 3377 409 
112800 3350 1009 
112850 3336 1527 
112900 3337 1952 
112950 3361 2366 
113000 3387 2685 
113050 3215 2014 
113100 3356 1324 
113150 3404 888 
113200 3466 597 
113250 3490 347 
113300 3510 210 
113350 3519 129 
113400 3516 50 
113450 3528 14 
113500 3526 4 
113550 3534 0 
113600 3518 0 
113650 3500 20 
113700 3400 128 
113750 3440 645 
113800 3493 1105 
113850 3531 1539 
113900 3534 1907 
113950 3534 2232 
114000 3529 2555 
114050 3371 1935 
114100 3432 1185 
114150 3493 646 
114200 3501 312 
114250 3507 141 
114300 3527 37 
114350 3556 4 
114400 3528 0 
114450 3535 2 
114500 3531 0 
114550 3531 0 
114600 3540 2 
114650 3534 561 
114700 3538 1024 
114750 3533 1486 
114800 3531 1883 
114850 3536 2254 
114900 3537 2613 
114950 3531 2880 
115000 3522 3112 
115050 3316 2338 
115100 3363 1564 
115150 3432 1051 
115200 3465 629 
115250 3484 373 
115300 3520 225 
115350 3510 100 
115400 3499 35 
115450 3532 9 
115500 3536 2 
115550 3534 0 
115600 3486 35 
115650 3523 399 
115700 3545 921 
115750 3543 1297 
115800 3539 1709 
115850 3538 2091 
115900 3521 2428 
115950 3535 2711 
116000 3543 2970 
116050 3380 2097 
116100 3445 1242 
116150 3492 729 
116200 3511 382 
116250 3531 169 
116300 3541 53 
116350 3534 13 
116400 3530 5 
116450 3525 9 
116500 3548 2 
116550 3540 24 
116600 3535 721 
116650 3540 1283 
116700 3541 1715 
116750 3550 2034 
116800 3548 2297 
116850 3550 2508 
116900 3565 2764 
116950 3544 2969 
117000 3546 3124 
117050 3297 2344 
117100 3420 1475 
117150 3481 936 
117200 3520 528 
117250 3542 285 
117300 3542 139 
117350 3538 74 
117400 3553 26 
117450 3541 9 
117500 3536 9 
117550 3538 4 
117600 3533 28 
117650 3495 688 
117700 3487 1184 
117750 3474 1609 
117800 3470 1954 
117850 3492 2332 
117900 3507 2585 
117950 3512 2804 
118000 3553 3023 
118050 3376 2250 
118100 3428 1393 
118150 3491 806 
118200 3501 458 
118250 3517 236 
118300 3544 103 
118350 3541 51 
118400 3551 14 
118450 3532 6 
118500 3537 6 
118550 3528 135 
118600 3540 726 
118650 3529 1223 
118700 3539 1622 
118750 3537 1991 
118800 3529 2341 
118850 3535 2611 
118900 3559 2872 
118950 3552 3035 
119000 3546 3164 
119050 3367 2336 
119100 3458 1354 
119150 3490 775 
119200 3520 402 
119250 3550 199 
119300 3562 93 
119350 3556 43 
119400 3530 18 
119450 3542 11 
119500 3559 6 
119550 3559 257 
119600 3551 868 
119650 3550 1328 
119700 3557 1726 
119750 3535 2076 
119800 3551 2424 
119850 3551 2726 
119900 3551 2945 
119950 3536 3106 
120000 3549 3252 
120050 3364 2272 
120100 3462 1244 
120150 3527 656 
120200 3536 293 
120250 3540 79 
120300 3546 33 
120350 3548 18 
120400 3546 3 
120450 3552 7 
120500 3553 10 
120550 3542 53 
120600 3540 680 
120650 3552 1165 
120700 3551 1610 
120750 3537 1976 
120800 3544 2321 
120850 3549 2640 
120900 3549 2862 
120950 3563 3059 
121000 3544 3182 
121050 3352 2232 
121100 3481 1176 
121150 3518 554 
121200 3523 235 
121250 3539 66 
121300 3558 20 
121350 3544 10 
121400 3553 1 
121450 3550 3 
121500 3561 1 
121550 3539 315 
121600 3548 899 
121650 3546 1383 
121700 3548 1797 
121750 3542 2168 
121800 3550 2519 
121850 3553 2800 
121900 3540 3045 
121950 3543 3212 
122000 3551 3350 
122050 3367 2240 
122100 3452 1230 
122150 3489 636 
122200 3520 375 
122250 3532 218 
122300 3547 125 
122350 3544 54 
122400 3535 19 
122450 3544 5 
122500 3555 2 
122550 3543 136 
122600 3535 861 
122650 3543 1414 
122700 3528 1822 
122750 3536 2271 
122800 3530 2626 
122850 3538 2869 
122900 3546 3122 
122950 3546 3300 
123000 3551 3407 
123050 3355 2302 
123100 3447 1156 
123150 3505 537 
123200 3512 216 
123250 3536 69 
123300 3546 26 
123350 3541 4 
123400 3541 4 
123450 3552 0 
123500 3558 0 
123550 3558 134 
123600 3555 808 
123650 3564 1357 
123700 3547 1794 
123750 3552 2202 
123800 3547 2566 
123850 3544 2887 
123900 3554 3135 
123950 3559 3322 
124000 3549 3385 
124050 3338 2345 
124100 3463 1301 
124150 3502 698 
124200 3525 324 
124250 3539 138 
124300 3545 62 
124350 3522 16 
124400 3544 4 
124450 3552 5 
124500 3541 2 
124550 3545 335 
124600 3537 922 
124650 3536 1320 
124700 3544 1715 
124750 3522 2046 
124800 3534 2405 
124850 3541 2675 
124900 3541 2903 
124950 3540 3119 
125000 3563 3248 
125050 3342 2325 
125100 3426 1369 
125150 3479 812 
125200 3519 414 
125250 3546 184 
125300 3548 64 
125350 3553 18 
125400 3557 4 
125450 3547 2 
125500 3544 6 
125550 3568 3 
125600 3557 697 
125650 3554 1238 
125700 3555 1654 
125750 3541 2049 
125800 3561 2413 
125850 3544 2678 
125900 3536 2919 
125950 3532 3094 
126000 3538 3234 
126050 3370 2196 
126100 3454 1287 
126150 3501 690 
126200 3530 338 
126250 3543 139 
126300 3543 44 
126350 3548 22 
126400 3544 12 
126450 3535 6 
126500 3523 9 
126550 3553 57 
126600 3536 710 
126650 3543 1168 
126700 3547 1544 
126750 3545 1898 
126800 3542 2251 
126850 3542 2593 
126900 3549 2894 
126950 3547 3145 
127000 3551 3302 
127050 3339 2323 
127100 3447 1339 
127150 3514 676 
127200 3535 307 
127250 3547 125 
127300 3528 64 
127350 3545 22 
127400 3547 8 
127450 3546 6 
127500 3543 3 
127550 3548 586 
127600 3541 1163 
127650 3541 1553 
127700 3554 1963 
127750 3549 2302 
127800 3547 2573 
127850 3551 2815 
127900 3534 3004 
127950 3552 3183 
128000 3558 3307 
128050 3356 2338 
128100 3490 1187 
128150 3519 544 
128200 3526 239 
128250 3528 81 
128300 3548 32 
128350 3537 14 
128400 3556 2 
128450 3560 0 
128500 3532 2 
128550 3549 311 
128600 3543 895 
128650 3547 1380 
128700 3540 1770 
128750 3555 2150 
128800 3547 2454 
128850 3559 2731 
128900 3549 2898 
128950 3548 3070 
129000 3539 3200 
129050 3340 2236 
129100 3454 1211 
129150 3508 619 
129200 3534 270 
129250 3547 98 
129300 3548 39 
129350 3556 16 
129400 3555 4 
129450 3543 6 
129500 3545 7 
129550 3546 10 
129600 3551 527 
129650 3559 1019 
129700 3542 1450 
129750 3555 1892 
129800 3552 2291 
129850 3542 2562 
129900 3550 2830 
129950 3549 3052 
130000 3554 3181 
130050 3333 2293 
130100 3453 1318 
130150 3507 648 
130200 3528 270 
130250 3546 75 
130300 3548 24 
130350 3542 6 
130400 3549 1 
130450 3552 2 
130500 3556 2 
130550 3552 6 
130600 3560 662 
130650 3555 1121 
130700 3543 1588 
130750 3556 2042 
130800 3550 2384 
130850 3561 2673 
130900 3552 2904 
130950 3553 3050 
131000 3538 3163 
131050 3327 2389 
131100 3401 1528 
131150 3458 986 
131200 3477 566 
131250 3507 319 
131300 3522 192 
131350 3544 81 
131400 3545 22 
131450 3542 9 
131500 3547 6 
131550 3559 1 
131600 3556 4 
131650 3556 261 
131700 3553 870 
131750 3548 1315 
131800 3545 1735 
131850 3548 2101 
131900 3534 2408 
131950 3551 2762 
132000 3536 2942 
132050 3322 2215 
132100 3421 1354 
132150 3467 784 
132200 3499 457 
132250 3514 264 
132300 3525 167 
132350 3542 123 
132400 3549 70 
132450 3564 31 
132500 3534 13 
132550 3538 2 
132600 3534 11 
132650 3518 734 
132700 3520 1430 
132750 3520 1918 
132800 3523 2355 
132850 3534 2729 
132900 3542 3014 
132950 3536 3218 
133000 3557 3368 
133050 3353 2273 
133100 3467 1140 
133150 3527 470 
133200 3541 171 
133250 3537 45 
133300 3545 8 
133350 3547 5 
133400 3559 3 
133450 3553 1 
133500 3546 1 
133550 3558 5 
133600 3549 642 
133650 3555 1119 
133700 3546 1549 
133750 3558 1923 
133800 3556 2270 
133850 3554 2589 
133900 3554 2858 
133950 3552 3061 
134000 3539 3192 
134050 3389 2223 
134100 3488 1188 
134150 3505 564 
134200 3542 255 
134250 3545 118 
134300 3544 60 
134350 3548 26 
134400 3540 2 
134450 3551 2 
134500 3544 1 
134550 3544 1 
134600 3545 596 
134650 3547 1164 
134700 3536 1610 
134750 3541 1994 
134800 3552 2333 
134850 3550 2658 
134900 3535 2878 
134950 3541 3028 
135000 3554 3169 
135050 3356 2304 
135100 3420 1408 
135150 3469 848 
135200 3523 486 
135250 3539 239 
135300 3546 117 
135350 3550 52 
135400 3563 14 
135450 3545 6 
135500 3550 5 
135550 3544 1 
135600 3566 382 
135650 3561 933 
135700 3554 1394 
135750 3567 1803 
135800 3550 2142 
135850 3561 2487 
135900 3548 2732 
135950 3554 2951 
136000 3545 3086 
136050 3352 2265 
136100 3446 1312 
136150 3473 773 
136200 3497 468 
136250 3511 294 
136300 3552 196 
136350 3547 90 
136400 3553 33 
136450 3549 12 
136500 3560 2 
136550 3551 479 
136600 3552 1097 
136650 3560 1597 
136700 3538 1962 
136750 3544 2298 
136800 3553 2596 
136850 3555 2835 
136900 3559 3028 
136950 3550 3147 
137000 3565 3256 
137050 3358 2289 
137100 3453 1299 
137150 3479 689 
137200 3522 358 
137250 3527 134 
137300 3542 47 
137350 3530 11 
137400 3550 9 
137450 3524 2 
137500 3552 1 
137550 3561 0 
137600 3548 0 
137650 3546 290 
137700 3537 879 
137750 3555 1301 
137800 3550 1707 
137850 3552 2089 
137900 3557 2400 
137950 3542 2714 
138000 3552 2963 
138050 3378 2119 
138100 3453 1254 
138150 3515 655 
138200 3547 306 
138250 3546 119 
138300 3545 42 
138350 3558 15 
138400 3555 4 
138450 3556 2 
138500 3532 1 
138550 3539 4 
138600 3533 525 
138650 3523 1053 
138700 3514 1454 
138750 3511 1835 
138800 3522 2187 
138850 3519 2537 
138900 3506 2814 
138950 3519 3028 
139000 3529 3168 
139050 3340 2194 
139100 3459 1207 
139150 3511 637 
139200 3523 325 
139250 3535 153 
139300 3540 50 
139350 3548 27 
139400 3559 11 
139450 3553 2 
139500 3547 1 
139550 3547 0 
139600 3559 533 
139650 3546 1070 
139700 3554 1524 
139750 3542 1932 
139800 3545 2287 
139850 3549 2614 
139900 3543 2878 
139950 3525 3052 
140000 3549 3169 
140050 3311 2251 
140100 3416 1350 
140150 3465 740 
140200 3496 414 
140250 3526 244 
140300 3534 157 
140350 3540 84 
140400 3549 42 
140450 3548 20 
140500 3549 11 
140550 3542 32 
140600 3554 660 
140650 3556 1088 
140700 3557 1512 
140750 3547 1887 
140800 3553 2244 
140850 3546 2540 
140900 3551 2851 
140950 3545 3093 
141000 3540 3276 
141050 3338 2285 
141100 3417 1384 
141150 3452 822 
141200 3500 447 
141250 3538 213 
141300 3540 90 
141350 3549 44 
141400 3555 19 
141450 3542 5 
141500 3539 4 
141550 3544 0 
141600 3530 16 
141650 3473 454 
141700 3452 1032 
141750 3446 1482 
141800 3449 1902 
141850 3432 2245 
141900 3426 2589 
141950 3435 2871 
142000 3430 3031 
142050 3341 2055 
142100 3458 1063 
142150 3494 499 
142200 3538 213 
142250 3536 70 
142300 3549 15 
142350 3542 4 
142400 3546 1 
142450 3546 4 
142500 3556 1 
142550 3547 470 
142600 3553 995 
142650 3548 1446 
142700 3546 1867 
142750 3561 2167 
142800 3546 2415 
142850 3543 2671 
142900 3551 2879 
142950 3536 3001 
143000 3541 3166 
143050 3368 2212 
143100 3458 1253 
143150 3487 645 
143200 3525 306 
143250 3547 121 
143300 3555 48 
143350 3557 18 
143400 3551 4 
143450 3547 3 
143500 3552 3 
143550 3552 160 
143600 3554 732 
143650 3557 1206 
143700 3543 1566 
143750 3549 1972 
143800 3551 2292 
143850 3558 2569 
143900 3548 2806 
143950 3554 3016 
144000 3560 3164 
144050 3352 2223 
144100 3467 1190 
144150 3498 567 
144200 3524 247 
144250 3528 90 
144300 3543 20 
144350 3532 5 
144400 3552 3 
144450 3560 2 
144500 3553 1 
144550 3550 203 
144600 3545 806 
144650 3546 1276 
144700 3554 1734 
144750 3535 2068 
144800 3554 2387 
144850 3546 2705 
144900 3557 2973 
144950 3544 3138 
145000 3551 3266 
145050 3318 2270 
145100 3455 1193 
145150 3506 548 
145200 3537 236 
145250 3554 87 
145300 3528 28 
145350 3556 12 
145400 3564 3 
145450 3552 5 
145500 3546 8 
145550 3536 287 
145600 3540 847 
145650 3539 1358 
145700 3540 1830 
145750 3541 2214 
145800 3531 2602 
145850 3546 2914 
145900 3529 3097 
145950 3558 3272 
146000 3552 3361 
146050 3355 2255 
146100 3429 1205 
146150 3472 587 
146200 3509 279 
146250 3534 130 
146300 3541 65 
146350 3559 23 
146400 3548 8 
146450 3544 8 
146500 3539 1 
146550 3543 374 
146600 3542 949 
146650 3541 1473 
146700 3531 1901 
146750 3547 2280 
146800 3530 2574 
146850 3537 2826 
146900 3549 3048 
146950 3542 3187 
147000 3548 3315 
147050 3400 2183 
147100 3488 1109 
147150 3533 539 
147200 3553 219 
147250 3533 66 
147300 3554 8 
147350 3569 2 
147400 3555 0 
147450 3550 2 
147500 3546 0 
147550 3535 95 
147600 3536 708 
147650 3536 1190 
147700 3534 1598 
147750 3541 2026 
147800 3557 2392 
147850 3560 2690 
147900 3553 2897 
147950 3567 3059 
148000 3567 3176 
148050 3351 2389 
148100 3441 1509 
148150 3484 839 
148200 3507 391 
148250 3562 150 
148300 3551 57 
148350 3542 20 
148400 3554 7 
148450 3551 2 
148500 3544 0 
148550 3541 8 
148600 3509 560 
148650 3511 1282 
148700 3530 1770 
148750 3546 2207 
148800 3553 2561 
148850 3553 2847 
148900 3560 3056 
148950 3557 3195 
149000 3545 3299 
149050 3319 2386 
149100 3426 1451 
149150 3484 836 
149200 3529 385 
149250 3541 174 
149300 3551 83 
149350 3556 24 
149400 3558 13 
149450 3546 9 
149500 3546 3 
149550 3533 471 
149600 3553 1180 
149650 3539 1681 
149700 3548 2137 
149750 3536 2480 
149800 3555 2768 
149850 3551 2990 
149900 3555 3181 
149950 3553 3308 
150000 3552 3407 
150050 3298 2317 
150100 3404 1324 
150150 3470 744 
150200 3500 392 
150250 3539 174 
150300 3558 91 
150350 3549 44 
150400 3539 8 
150450 3535 5 
150500 3526 0 
150550 3535 317 
150600 3533 989 
150650 3535 1605 
150700 3545 2077 
150750 3541 2543 
150800 3537 2863 
150850 3527 3077 
150900 3556 3277 
150950 3568 3417 
151000 3553 3477 
151050 3310 2309 
151100 3402 1318 
151150 3489 738 
151200 3528 330 
151250 3527 121 
151300 3545 44 
151350 3544 13 
151400 3552 6 
151450 3551 3 
151500 3546 1 
151550 3554 1 
151600 3545 4 
151650 3544 615 
151700 3541 1111 
151750 3533 1518 
151800 3541 1937 
151850 3537 2305 
151900 3549 2664 
151950 3548 2918 
152000 3556 3143 
152050 3383 2126 
152100 3463 1209 
152150 3508 600 
152200 3530 290 
152250 3539 126 
152300 3529 32 
152350 3549 15 
152400 3557 17 
152450 3548 13 
152500 3551 6 
152550 3542 2 
152600 3540 300 
152650 3544 831 
152700 3539 1252 
152750 3530 1668 
152800 3538 2027 
152850 3555 2342 
152900 3561 2602 
152950 3551 2802 
153000 3559 2970 
153050 3388 2192 
153100 3452 1352 
153150 3490 781 
153200 3504 418 
153250 3539 184 
153300 3546 85 
153350 3547 39 
153400 3562 9 
153450 3542 3 
153500 3558 1 
153550 3548 225 
153600 3539 785 
153650 3544 1267 
153700 3547 1700 
153750 3547 2061 
153800 3553 2403 
153850 3557 2749 
153900 3564 3057 
153950 3571 3267 
154000 3543 3378 
154050 3319 2267 
154100 3428 1188 
154150 3505 628 
154200 3518 276 
154250 3530 118 
154300 3545 52 
154350 3552 27 
154400 3550 6 
154450 3547 0 
154500 3554 3 
154550 3545 304 
154600 3555 871 
154650 3546 1281 
154700 3538 1688 
154750 3552 2047 
154800 3553 2418 
154850 3545 2710 
154900 3541 2954 
154950 3531 3083 
155000 3557 3237 
155050 3299 2361 
155100 3431 1397 
155150 3504 767 
155200 3519 378 
155250 3523 162 
155300 3542 72 
155350 3551 18 
155400 3554 7 
155450 3549 1 
155500 3549 0 
155550 3550 0 
155600 3546 0 
155650 3548 0 
155700 3551 484 
155750 3553 1161 
155800 3546 1660 
155850 3544 2073 
155900 3543 2431 
155950 3562 2747 
156000 3554 2983 
156050 3388 2121 
156100 3488 1065 
156150 3511 469 
156200 3540 185 
156250 3548 52 
156300 3550 10 
156350 3538 1 
156400 3561 1 
156450 3555 7 
156500 3537 4 
156550 3561 311 
156600 3556 920 
156650 3551 1431 
156700 3556 1877 
156750 3552 2232 
156800 3564 2593 
156850 3549 2847 
156900 3556 3070 
156950 3564 3234 
157000 3555 3331 
157050 3308 2240 
157100 3375 1424 
157150 3413 1003 
157200 3458 669 
157250 3509 468 
157300 3544 273 
157350 3537 136 
157400 3547 44 
157450 3551 17 
157500 3547 5 
157550 3564 407 
157600 3561 933 
157650 3564 1393 
157700 3545 1797 
157750 3554 2190 
157800 3544 2502 
157850 3552 2793 
157900 3534 3004 
157950 3551 3159 
158000 3555 3274 
158050 3339 2372 
158100 3428 1505 
158150 3456 994 
158200 3477 616 
158250 3529 381 
158300 3510 223 
158350 3530 99 
158400 3547 34 
158450 3549 10 
158500 3557 2 
158550 3543 33 
158600 3536 658 
158650 3530 1182 
158700 3536 1659 
158750 3533 2093 
158800 3542 2500 
158850 3552 2853 
158900 3553 3166 
158950 3543 3338 
159000 3546 3461 
159050 3318 2406 
159100 3458 1421 
159150 3503 791 
159200 3525 388 
159250 3542 183 
159300 3540 96 
159350 3534 36 
159400 3535 11 
159450 3558 3 
159500 3557 3 
159550 3541 125 
159600 3516 739 
159650 3507 1185 
159700 3522 1618 
159750 3532 1950 
159800 3556 2287 
159850 3550 2563 
159900 3546 2788 
159950 3559 2999 
160000 3542 3114 
160050 3311 2411 
160100 3394 1573 
160150 3465 899 
160200 3499 486 
160250 3531 225 
160300 3545 96 
160350 3558 32 
160400 3561 12 
160450 3552 6 
160500 3537 3 
160550 3561 3 
160600 3552 744 
160650 3563 1266 
160700 3558 1653 
160750 3566 2038 
160800 3554 2403 
160850 3548 2720 
160900 3566 2994 
160950 3563 3188 
161000 3560 3357 
161050 3354 2296 
161100 3454 1261 
161150 3512 698 
161200 3527 297 
161250 3550 109 
161300 3563 43 
161350 3548 13 
161400 3547 3 
161450 3558 5 
161500 3547 3 
161550 3535 0 
161600 3552 199 
161650 3547 847 
161700 3549 1330 
161750 3543 1714 
161800 3536 2097 
161850 3549 2423 
161900 3537 2725 
161950 3537 2964 
162000 3537 3123 
162050 3351 2270 
162100 3431 1321 
162150 3486 746 
162200 3503 446 
162250 3518 263 
162300 3536 175 
162350 3546 99 
162400 3542 38 
162450 3535 15 
162500 3550 8 
162550 3547 409 
162600 3550 933 
162650 3548 1432 
162700 3542 1829 
162750 3553 2185 
162800 3556 2498 
162850 3537 2807 
162900 3557 3066 
162950 3563 3229 
163000 3559 3330 
163050 3344 2383 
163100 3418 1375 
163150 3473 800 
163200 3496 456 
163250 3506 298 
163300 3541 219 
163350 3532 137 
163400 3540 76 
163450 3542 29 
163500 3551 6 
163550 3547 4 
163600 3541 577 
163650 3535 1098 
163700 3527 1544 
163750 3531 1896 
163800 3546 2250 
163850 3550 2570 
163900 3559 2844 
163950 3548 3062 
164000 3566 3264 
164050 3385 2338 
164100 3443 1488 
164150 3483 997 
164200 3503 660 
164250 3526 429 
164300 3529 294 
164350 3547 182 
164400 3550 113 
164450 3543 70 
164500 3546 30 
164550 3549 6 
164600 3546 12 
164650 3542 573 
164700 3538 1028 
164750 3547 1435 
164800 3551 1850 
164850 3536 2176 
164900 3533 2499 
164950 3554 2777 
165000 3554 3021 
165050 3363 2170 
165100 3452 1325 
165150 3493 754 
165200 3533 373 
165250 3531 166 
165300 3558 63 
165350 3553 32 
165400 3541 12 
165450 3545 3 
165500 3543 6 
165550 3530 384 
165600 3539 943 
165650 3538 1417 
165700 3555 1833 
165750 3548 2226 
165800 3533 2566 
165850 3549 2847 
165900 3556 3069 
165950 3557 3241 
166000 3551 3317 
166050 3336 2282 
166100 3444 1270 
166150 3484 704 
166200 3489 352 
166250 3528 174 
166300 3536 71 
166350 3542 29 
166400 3552 12 
166450 3549 5 
166500 3551 4 
166550 3545 364 
166600 3553 898 
166650 3550 1328 
166700 3548 1774 
166750 3542 2136 
166800 3550 2482 
166850 3550 2756 
166900 3531 2981 
166950 3545 3214 
167000 3551 3320 
167050 3357 2384 
167100 3437 1439 
167150 3486 921 
167200 3507 561 
167250 3523 312 
167300 3557 181 
167350 3540 78 
167400 3549 33 
167450 3540 8 
167500 3551 4 
167550 3541 2 
167600 3527 604 
167650 3535 1116 
167700 3539 1543 
167750 3528 1948 
167800 3530 2273 
167850 3525 2595 
167900 3540 2841 
167950 3531 3022 
168000 3535 3172 
168050 3315 2332 
168100 3418 1379 
168150 3463 772 
168200 3495 410 
168250 3529 151 
168300 3527 62 
168350 3548 15 
168400 3543 11 
168450 3546 5 
168500 3562 2 
168550 3546 403 
168600 3554 926 
168650 3552 1356 
168700 3552 1766 
168750 3555 2116 
168800 3545 2473 
168850 3546 2781 
168900 3560 2995 
168950 3549 3131 
169000 3542 3262 
169050 3287 2325 
169100 3389 1389 
169150 3468 783 
169200 3516 409 
169250 3524 184 
169300 3521 86 
169350 3550 31 
169400 3546 10 
169450 3550 10 
169500 3533 6 
169550 3539 367 
169600 3536 1052 
169650 3538 1581 
169700 3534 1979 
169750 3530 2290 
169800 3554 2610 
169850 3568 2848 
169900 3566 3023 
169950 3558 3160 
170000 3558 3266 
170050 3325 2412 
170100 3411 1471 
170150 3460 879 
170200 3493 470 
170250 3524 199 
170300 3547 86 
170350 3558 27 
170400 3553 7 
170450 3545 6 
170500 3542 3 
170550 3553 2 
170600 3555 137 
170650 3532 837 
170700 3546 1317 
170750 3549 1702 
170800 3545 2053 
170850 3548 2380 
170900 3548 2682 
170950 3555 2953 
171000 3555 3141 
171050 3356 2195 
171100 3495 1101 
171150 3517 437 
171200 3533 160 
171250 3535 46 
171300 3551 21 
171350 3548 13 
171400 3526 10 
171450 3531 5 
171500 3535 5 
171550 3536 402 
171600 3531 886 
171650 3530 1329 
171700 3543 1687 
171750 3536 2088 
171800 3537 2392 
171850 3548 2664 
171900 3554 2829 
171950 3550 3014 
172000 3539 3136 
172050 3397 2039 
172100 3500 920 
172150 3508 340 
172200 3521 105 
172250 3538 23 
172300 3549 12 
172350 3558 5 
172400 3551 4 
172450 3549 2 
172500 3564 3 
172550 3545 24 
172600 3554 622 
172650 3560 1140 
172700 3562 1581 
172750 3543 1950 
172800 3564 2334 
172850 3561 2614 
172900 3540 2839 
172950 3562 3051 
173000 3555 3176 
173050 3324 2202 
173100 3433 1182 
173150 3494 593 
173200 3536 258 
173250 3539 88 
173300 3541 32 
173350 3547 9 
173400 3548 11 
173450 3547 3 
173500 3543 6 
173550 3545 2 
173600 3549 296 
173650 3550 1005 
173700 3544 1524 
173750 3562 1906 
173800 3550 2183 
173850 3543 2418 
173900 3549 2674 
173950 3563 2886 
174000 3523 3042 
174050 3331 2135 
174100 3445 1159 
174150 3511 541 
174200 3525 204 
174250 3533 80 
174300 3536 29 
174350 3546 14 
174400 3546 7 
174450 3551 3 
174500 3550 4 
174550 3539 447 
174600 3537 937 
174650 3532 1369 
174700 3545 1842 
174750 3547 2214 
174800 3550 2618 
174850 3542 2926 
174900 3554 3176 
174950 3542 3317 
175000 3552 3423 
175050 3365 2180 
175100 3454 1141 
175150 3511 599 
175200 3541 242 
175250 3555 81 
175300 3540 25 
175350 3548 9 
175400 3544 3 
175450 3557 3 
175500 3553 6 
175550 3540 477 
175600 3543 1213 
175650 3539 1727 
175700 3548 2124 
175750 3544 2485 
175800 3546 2764 
175850 3536 3010 
175900 3540 3156 
175950 3542 3261 
176000 3543 3327 
176050 3362 2144 
176100 3447 1103 
176150 3490 536 
176200 3513 277 
176250 3531 116 
176300 3534 33 
176350 3532 15 
176400 3553 5 
176450 3563 3 
176500 3566 3 
176550 3545 426 
176600 3534 1115 
176650 3533 1685 
176700 3561 2149 
176750 3550 2452 
176800 3529 2721 
176850 3547 2979 
176900 3562 3176 
176950 3538 3346 
177000 3555 3459 
177050 3318 2300 
177100 3421 1299 
177150 3487 688 
177200 3520 325 
177250 3540 165 
177300 3542 82 
177350 3541 25 
177400 3555 6 
177450 3548 1 
177500 3552 8 
177550 3550 291 
177600 3538 863 
177650 3537 1324 
177700 3535 1777 
177750 3526 2217 
177800 3534 2595 
177850 3534 2880 
177900 3556 3141 
177950 3555 3304 
178000 3539 3374 
178050 3339 2248 
178100 3471 1175 
178150 3532 580 
178200 3519 307 
178250 3522 160 
178300 3544 61 
178350 3550 20 
178400 3551 14 
178450 3541 5 
178500 3529 3 
178550 3532 394 
178600 3545 1184 
178650 3527 1784 
178700 3551 2188 
178750 3552 2521 
178800 3555 2802 
178850 3544 2986 
178900 3541 3136 
178950 3533 3238 
179000 3556 3370 
179050 3344 2262 
179100 3459 1176 
179150 3520 556 
179200 3533 228 
179250 3562 76 
179300 3565 26 
179350 3548 5 
179400 3538 4 
179450 3540 0 
179500 3552 3 
179550 3547 2 
179600 3549 465 
179650 3539 1015 
179700 3540 1431 
179750 3558 1853 
179800 3548 2180 
179850 3533 2506 
179900 3553 2827 
179950 3550 3040 
180000 3551 3225 
180050 3364 2159 
180100 3474 1061 
180150 3524 480 
180200 3540 187 
180250 3548 62 
180300 3551 24 
180350 3562 8 
180400 3539 6 
180450 3536 2 
180500 3560 4 
180550 3529 1 
180600 3555 0 
180650 3557 372 
180700 3562 948 
180750 3547 1369 
180800 3558 1722 
180850 3544 2046 
180900 3544 2315 
180950 3550 2579 
181000 3543 2748 
181050 3398 2016 
181100 3475 1142 
181150 3495 596 
181200 3516 331 
181250 3538 163 
181300 3542 74 
181350 3545 45 
181400 3539 35 
181450 3562 12 
181500 3548 13 
181550 3566 47 
181600 3555 717 
181650 3557 1260 
181700 3563 1719 
181750 3554 2085 
181800 3550 2407 
181850 3549 2703 
181900 3550 2914 
181950 3557 3093 
182000 3554 3224 
182050 3375 2279 
182100 3473 1235 
182150 3515 579 
182200 3531 267 
182250 3533 101 
182300 3548 40 
182350 3544 15 
182400 3559 7 
182450 3548 4 
182500 3554 1 
182550 3537 0 
182600 3552 177 
182650 3547 741 
182700 3544 1205 
182750 3544 1696 
182800 3555 2096 
182850 3553 2429 
182900 3551 2711 
182950 3553 2933 
183000 3540 3135 
183050 3348 2167 
183100 3457 1178 
183150 3492 610 
183200 3524 272 
183250 3526 119 
183300 3530 40 
183350 3526 16 
183400 3526 10 
183450 3554 5 
183500 3542 4 
183550 3541 194 
183600 3552 796 
183650 3538 1258 
183700 3546 1707 
183750 3532 2046 
183800 3547 2377 
183850 3553 2699 
183900 3561 2977 
183950 3567 3172 
184000 3546 3251 
184050 3347 2235 
184100 3450 1152 
184150 3488 510 
184200 3532 182 
184250 3520 72 
184300 3547 22 
184350 3548 13 
184400 3547 7 
184450 3554 5 
184500 3544 5 
184550 3545 2 
184600 3545 300 
184650 3528 858 
184700 3531 1364 
184750 3530 1728 
184800 3539 2090 
184850 3543 2415 
184900 3530 2688 
184950 3542 2961 
185000 3536 3126 
185050 3375 2144 
185100 3469 1104 
185150 3511 506 
185200 3526 203 
185250 3549 60 
185300 3556 18 
185350 3533 13 
185400 3558 6 
185450 3537 4 
185500 3548 5 
185550 3528 19 
185600 3500 543 
185650 3490 1069 
185700 3466 1552 
185750 3478 1919 
185800 3499 2283 
185850 3499 2521 
185900 3519 2766 
185950 3536 2972 
186000 3530 3123 
186050 3360 2213 
186100 3481 1193 
186150 3507 640 
186200 3511 329 
186250 3543 155 
186300 3541 57 
186350 3554 30 
186400 3547 10 
186450 3547 6 
186500 3549 4 
186550 3541 124 
186600 3550 737 
186650 3545 1169 
186700 3541 1600 
186750 3533 1949 
186800 3551 2312 
186850 3539 2635 
186900 3540 2888 
186950 3551 3043 
187000 3555 3127 
187050 3401 2079 
187100 3478 1018 
187150 3506 467 
187200 3527 151 
187250 3541 58 
187300 3545 16 
187350 3546 4 
187400 3541 3 
187450 3547 1 
187500 3536 0 
187550 3562 137 
187600 3538 724 
187650 3553 1200 
187700 3563 1602 
187750 3539 1988 
187800 3539 2313 
187850 3545 2642 
187900 3539 2889 
187950 3558 3045 
188000 3561 3157 
188050 3372 2214 
188100 3472 1218 
188150 3504 630 
188200 3497 328 
188250 3525 167 
188300 3553 71 
188350 3544 24 
188400 3530 9 
188450 3537 2 
188500 3534 3 
188550 3549 175 
188600 3555 984 
188650 3559 1601 
188700 3545 2095 
188750 3550 2490 
188800 3552 2796 
188850 3554 3018 
188900 3554 3167 
188950 3546 3299 
189000 3559 3424 
189050 3384 2306 
189100 3466 1283 
189150 3507 700 
189200 3517 416 
189250 3540 223 
189300 3542 116 
189350 3535 49 
189400 3556 14 
189450 3557 1 
189500 3562 1 
189550 3550 279 
189600 3539 812 
189650 3559 1286 
189700 3550 1664 
189750 3562 2011 
189800 3565 2329 
189850 3561 2656 
189900 3561 2867 
189950 3567 3068 
190000 3551 3200 
190050 3382 2186 
190100 3465 1109 
190150 3513 569 
190200 3534 285 
190250 3525 141 
190300 3552 50 
190350 3553 23 
190400 3559 10 
190450 3539 2 
190500 3538 0 
190550 3538 254 
190600 3530 806 
190650 3546 1283 
190700 3521 1706 
190750 3538 2058 
190800 3540 2382 
190850 3541 2680 
190900 3534 2909 
190950 3552 3103 
191000 3541 3210 
191050 3358 2231 
191100 3455 1285 
191150 3500 679 
191200 3517 363 
191250 3535 190 
191300 3540 79 
191350 3553 35 
191400 3540 6 
191450 3563 5 
191500 3552 4 
191550 3553 2 
191600 3552 533 
191650 3563 1037 
191700 3562 1561 
191750 3556 2048 
191800 3541 2458 
191850 3545 2815 
191900 3549 3100 
191950 3550 3305 
192000 3553 3424 
192050 3332 2291 
192100 3426 1279 
192150 3500 717 
192200 3503 370 
192250 3525 201 
192300 3538 118 
192350 3539 54 
192400 3565 16 
192450 3545 5 
192500 3556 3 
192550 3554 56 
192600 3537 668 
192650 3544 1116 
192700 3535 1442 
192750 3533 1773 
192800 3550 2141 
192850 3544 2408 
192900 3555 2702 
192950 3547 2938 
193000 3538 3107 
193050 3356 2228 
193100 3442 1376 
193150 3495 826 
193200 3488 562 
193250 3493 392 
193300 3544 304 
193350 3550 208 
193400 3542 138 
193450 3550 66 
193500 3546 33 
193550 3539 544 
193600 3539 1098 
193650 3542 1520 
193700 3546 1860 
193750 3537 2178 
193800 3539 2526 
193850 3532 2801 
193900 3536 3026 
193950 3551 3182 
194000 3551 3340 
194050 3366 2238 
194100 3468 1164 
194150 3518 566 
194200 3527 235 
194250 3534 93 
194300 3548 43 
194350 3525 15 
194400 3535 4 
194450 3540 9 
194500 3548 5 
194550 3551 232 
194600 3539 852 
194650 3542 1386 
194700 3551 1865 
194750 3547 2230 
194800 3549 2532 
194850 3558 2803 
194900 3533 2962 
194950 3550 3114 
195000 3560 3246 
195050 3357 2204 
195100 3458 1163 
195150 3507 537 
195200 3545 255 
195250 3541 69 
195300 3549 20 
195350 3549 9 
195400 3553 5 
195450 3542 6 
195500 3535 3 
195550 3549 505 
195600 3537 1179 
195650 3552 1701 
195700 3556 2137 
195750 3557 2496 
195800 3550 2745 
195850 3550 2945 
195900 3551 3157 
195950 3552 3291 
196000 3547 3380 
196050 3345 2248 
196100 3448 1212 
196150 3490 617 
196200 3527 283 
196250 3543 114 
196300 3532 47 
196350 3548 13 
196400 3554 5 
196450 3555 3 
196500 3546 1 
196550 3549 0 
196600 3549 191 
196650 3542 781 
196700 3545 1228 
196750 3551 1608 
196800 3547 1942 
196850 3553 2286 
196900 3552 2563 
196950 3544 2776 
197000 3554 2996 
197050 3368 2075 
197100 3477 1089 
197150 3516 481 
197200 3530 190 
197250 3551 61 
197300 3549 20 
197350 3541 9 
197400 3543 1 
197450 3530 0 
197500 3554 0 
197550 3550 156 
197600 3547 755 
197650 3555 1297 
197700 3550 1750 
197750 3552 2186 
197800 3550 2484 
197850 3553 2787 
197900 3552 3030 
197950 3546 3209 
198000 3544 3330 
198050 3352 2170 
198100 3479 1129 
198150 3519 538 
198200 3526 214 
198250 3536 54 
198300 3538 20 
198350 3536 5 
198400 3532 2 
198450 3542 4 
198500 3539 7 
198550 3562 1 
198600 3551 186 
198650 3549 893 
198700 3552 1422 
198750 3548 1839 
198800 3543 2196 
198850 3538 2577 
198900 3546 2876 
198950 3563 3100 
199000 3558 3255 
199050 3373 2204 
199100 3460 1242 
199150 3511 647 
199200 3532 343 
199250 3537 177 
199300 3547 93 
199350 3553 46 
199400 3544 7 
199450 3539 2 
199500 3535 4 
199550 3539 127 
199600 3520 735 
199650 3520 1196 
199700 3519 1647 
199750 3522 2033 
199800 3517 2366 
199850 3530 2625 
199900 3547 2849 
199950 3544 3015 
200000 3537 3112 
