# Avida tasks data
# Fri Apr  6 22:43:29 2012
# First column gives the current update, next columns give the number
# of organisms that have the particular task as a component of their merit
#  1: Update
#  2: Xor
#  3: Equals

0 0 0 
50 8 8 
100 40 40 
150 121 121 
200 271 271 
250 464 464 
300 675 675 
350 967 968 
400 1349 1348 
450 1753 1752 
500 2206 2204 
550 2787 2792 
600 3271 3269 
650 3426 3427 
700 3539 3532 
750 3551 3546 
800 3539 3544 
850 3530 3531 
900 3547 3546 
950 3543 3543 
1000 3544 3546 
1050 3551 3550 
1100 3546 3548 
1150 3549 3551 
1200 3554 3554 
1250 3547 3542 
1300 3574 3568 
1350 3555 3554 
1400 3547 3547 
1450 3550 3547 
1500 3540 3546 
1550 3550 3543 
1600 3548 3547 
1650 3533 3539 
1700 3542 3545 
1750 3553 3557 
1800 3557 3558 
1850 3546 3546 
1900 3555 3552 
1950 3541 3537 
2000 3537 3536 
2050 3552 3550 
2100 3559 3555 
2150 3558 3557 
2200 3555 3551 
2250 3533 3534 
2300 3546 3548 
2350 3533 3533 
2400 3536 3538 
2450 3538 3534 
2500 3545 3539 
2550 3538 3535 
2600 3540 3534 
2650 3546 3546 
2700 3546 3552 
2750 3539 3541 
2800 3562 3559 
2850 3543 3540 
2900 3533 3530 
2950 3533 3538 
3000 3537 3541 
3050 3541 3541 
3100 3539 3541 
3150 3550 3543 
3200 3558 3559 
3250 3533 3527 
3300 3529 3528 
3350 3530 3534 
3400 3554 3555 
3450 3542 3545 
3500 3535 3537 
3550 3548 3548 
3600 3555 3553 
3650 3544 3547 
3700 3546 3545 
3750 3547 3545 
3800 3541 3540 
3850 3541 3539 
3900 3538 3542 
3950 3517 3516 
4000 3537 3535 
4050 3549 3548 
4100 3550 3543 
4150 3538 3538 
4200 3544 3547 
4250 3544 3548 
4300 3547 3553 
4350 3535 3545 
4400 3545 3547 
4450 3542 3541 
4500 3537 3536 
4550 3539 3541 
4600 3537 3542 
4650 3550 3554 
4700 3527 3529 
4750 3544 3538 
4800 3547 3547 
4850 3549 3548 
4900 3545 3552 
4950 3548 3548 
5000 3545 3548 
5050 3541 3531 
5100 3539 3539 
5150 3542 3548 
5200 3539 3537 
5250 3538 3544 
5300 3528 3532 
5350 3549 3550 
5400 3544 3544 
5450 3557 3555 
5500 3538 3542 
5550 3543 3540 
5600 3550 3551 
5650 3543 3545 
5700 3528 3531 
5750 3548 3551 
5800 3549 3549 
5850 3545 3544 
5900 3545 3549 
5950 3541 3538 
6000 3537 3535 
6050 3535 3536 
6100 3534 3538 
6150 3560 3560 
6200 3553 3552 
6250 3562 3564 
6300 3549 3540 
6350 3543 3537 
6400 3547 3546 
6450 3555 3554 
6500 3550 3546 
6550 3547 3547 
6600 3546 3545 
6650 3554 3554 
6700 3555 3558 
6750 3529 3532 
6800 3536 3543 
6850 3540 3540 
6900 3525 3526 
6950 3551 3556 
7000 3547 3546 
7050 3542 3542 
7100 3547 3551 
7150 3538 3540 
7200 3544 3548 
7250 3550 3545 
7300 3551 3551 
7350 3539 3537 
7400 3545 3543 
7450 3553 3554 
7500 3551 3548 
7550 3543 3547 
7600 3545 3546 
7650 3533 3537 
7700 3535 3530 
7750 3542 3540 
7800 3550 3547 
7850 3535 3534 
7900 3549 3550 
7950 3543 3541 
8000 3554 3555 
8050 3528 3521 
8100 3545 3546 
8150 3540 3540 
8200 3554 3559 
8250 3549 3552 
8300 3546 3553 
8350 3552 3548 
8400 3545 3548 
8450 3537 3536 
8500 3549 3550 
8550 3551 3552 
8600 3546 3539 
8650 3546 3544 
8700 3541 3542 
8750 3545 3549 
8800 3552 3547 
8850 3542 3542 
8900 3547 3545 
8950 3543 3541 
9000 3543 3539 
9050 3545 3552 
9100 3543 3541 
9150 3548 3540 
9200 3544 3548 
9250 3539 3541 
9300 3555 3556 
9350 3550 3554 
9400 3549 3544 
9450 3546 3537 
9500 3547 3545 
9550 3545 3542 
9600 3545 3545 
9650 3553 3551 
9700 3533 3537 
9750 3547 3552 
9800 3559 3560 
9850 3543 3538 
9900 3538 3535 
9950 3550 3546 
10000 3555 3560 
10050 3549 3548 
10100 3549 3551 
10150 3530 3527 
10200 3545 3544 
10250 3541 3546 
10300 3529 3532 
10350 3538 3545 
10400 3548 3549 
10450 3530 3533 
10500 3533 3532 
10550 3540 3532 
10600 3539 3531 
10650 3551 3548 
10700 3535 3540 
10750 3554 3553 
10800 3546 3542 
10850 3546 3543 
10900 3543 3549 
10950 3548 3547 
11000 3560 3555 
11050 3553 3554 
11100 3530 3525 
11150 3542 3549 
11200 3558 3554 
11250 3539 3541 
11300 3539 3540 
11350 3549 3543 
11400 3550 3556 
11450 3561 3565 
11500 3557 3553 
11550 3532 3535 
11600 3534 3527 
11650 3538 3536 
11700 3539 3535 
11750 3556 3554 
11800 3550 3544 
11850 3559 3562 
11900 3539 3532 
11950 3551 3550 
12000 3550 3544 
12050 3554 3550 
12100 3551 3547 
12150 3548 3546 
12200 3543 3542 
12250 3544 3546 
12300 3550 3550 
12350 3539 3544 
12400 3541 3543 
12450 3555 3560 
12500 3552 3551 
12550 3546 3552 
12600 3544 3545 
12650 3537 3536 
12700 3541 3548 
12750 3533 3536 
12800 3552 3547 
12850 3540 3541 
12900 3551 3550 
12950 3538 3536 
13000 3563 3560 
13050 3550 3547 
13100 3547 3544 
13150 3556 3557 
13200 3561 3564 
13250 3538 3539 
13300 3547 3550 
13350 3552 3548 
13400 3541 3546 
13450 3549 3548 
13500 3545 3546 
13550 3539 3538 
13600 3543 3541 
13650 3539 3542 
13700 3549 3552 
13750 3538 3549 
13800 3537 3537 
13850 3550 3552 
13900 3543 3542 
13950 3538 3538 
14000 3529 3532 
14050 3530 3536 
14100 3533 3535 
14150 3531 3533 
14200 3544 3545 
14250 3544 3535 
14300 3537 3542 
14350 3543 3544 
14400 3548 3554 
14450 3547 3551 
14500 3542 3542 
14550 3556 3555 
14600 3534 3525 
14650 3546 3549 
14700 3534 3535 
14750 3541 3531 
14800 3545 3546 
14850 3541 3538 
14900 3538 3536 
14950 3548 3547 
15000 3565 3562 
15050 3564 3556 
15100 3540 3541 
15150 3538 3536 
15200 3540 3537 
15250 3541 3546 
15300 3558 3556 
15350 3553 3554 
15400 3552 3550 
15450 3553 3550 
15500 3542 3541 
15550 3551 3556 
15600 3561 3558 
15650 3539 3537 
15700 3549 3550 
15750 3549 3551 
15800 3553 3554 
15850 3541 3538 
15900 3547 3549 
15950 3542 3545 
16000 3549 3543 
16050 3542 3539 
16100 3531 3532 
16150 3536 3534 
16200 3555 3551 
16250 3559 3555 
16300 3551 3549 
16350 3548 3550 
16400 3555 3551 
16450 3551 3552 
16500 3555 3556 
16550 3559 3550 
16600 3544 3547 
16650 3546 3542 
16700 3557 3554 
16750 3547 3543 
16800 3533 3526 
16850 3548 3547 
16900 3555 3552 
16950 3553 3554 
17000 3554 3552 
17050 3543 3541 
17100 3556 3556 
17150 3544 3547 
17200 3534 3536 
17250 3537 3537 
17300 3539 3536 
17350 3538 3534 
17400 3541 3536 
17450 3546 3545 
17500 3543 3540 
17550 3531 3539 
17600 3530 3523 
17650 3537 3530 
17700 3543 3541 
17750 3553 3560 
17800 3543 3545 
17850 3553 3555 
17900 3542 3542 
17950 3552 3549 
18000 3535 3532 
18050 3542 3546 
18100 3560 3558 
18150 3567 3569 
18200 3554 3549 
18250 3561 3550 
18300 3540 3537 
18350 3555 3557 
18400 3550 3548 
18450 3557 3559 
18500 3541 3543 
18550 3536 3529 
18600 3533 3528 
18650 3548 3546 
18700 3553 3551 
18750 3551 3553 
18800 3542 3546 
18850 3539 3545 
18900 3545 3551 
18950 3548 3548 
19000 3563 3563 
19050 3541 3541 
19100 3546 3546 
19150 3543 3544 
19200 3538 3541 
19250 3546 3543 
19300 3543 3540 
19350 3539 3543 
19400 3559 3561 
19450 3532 3534 
19500 3559 3557 
19550 3553 3552 
19600 3550 3549 
19650 3555 3548 
19700 3538 3533 
19750 3547 3543 
19800 3534 3539 
19850 3553 3552 
19900 3553 3548 
19950 3550 3553 
20000 3543 3543 
20050 3553 3551 
20100 3552 3553 
20150 3561 3555 
20200 3565 3561 
20250 3531 3533 
20300 3546 3543 
20350 3533 3526 
20400 3551 3557 
20450 3541 3538 
20500 3560 3558 
20550 3546 3546 
20600 3558 3558 
20650 3546 3544 
20700 3557 3559 
20750 3544 3545 
20800 3553 3549 
20850 3538 3537 
20900 3555 3560 
20950 3553 3555 
21000 3555 3552 
21050 3559 3556 
21100 3546 3545 
21150 3535 3542 
21200 3547 3555 
21250 3540 3542 
21300 3539 3542 
21350 3564 3564 
21400 3548 3549 
21450 3535 3535 
21500 3540 3545 
21550 3550 3545 
21600 3527 3540 
21650 3540 3544 
21700 3549 3552 
21750 3543 3543 
21800 3532 3533 
21850 3544 3552 
21900 3558 3556 
21950 3542 3539 
22000 3546 3540 
22050 3541 3542 
22100 3553 3548 
22150 3545 3549 
22200 3550 3547 
22250 3551 3550 
22300 3549 3547 
22350 3548 3543 
22400 3565 3563 
22450 3551 3559 
22500 3531 3534 
22550 3540 3548 
22600 3557 3547 
22650 3547 3547 
22700 3544 3544 
22750 3549 3549 
22800 3547 3548 
22850 3546 3542 
22900 3536 3545 
22950 3539 3540 
23000 3539 3533 
23050 3547 3539 
23100 3543 3544 
23150 3548 3547 
23200 3546 3546 
23250 3533 3539 
23300 3545 3544 
23350 3542 3539 
23400 3551 3551 
23450 3542 3542 
23500 3548 3556 
23550 3543 3543 
23600 3539 3543 
23650 3543 3543 
23700 3547 3553 
23750 3530 3526 
23800 3543 3545 
23850 3557 3557 
23900 3550 3553 
23950 3549 3551 
24000 3551 3553 
24050 3545 3544 
24100 3555 3553 
24150 3547 3548 
24200 3541 3547 
24250 3548 3546 
24300 3552 3545 
24350 3549 3553 
24400 3540 3537 
24450 3574 3570 
24500 3542 3533 
24550 3550 3549 
24600 3556 3555 
24650 3539 3531 
24700 3536 3539 
24750 3559 3561 
24800 3555 3559 
24850 3567 3568 
24900 3551 3549 
24950 3558 3558 
25000 3537 3543 
25050 3540 3538 
25100 3537 3531 
25150 3539 3536 
25200 3544 3547 
25250 3547 3556 
25300 3548 3543 
25350 3554 3552 
25400 3544 3547 
25450 3549 3550 
25500 3551 3552 
25550 3536 3530 
25600 3531 3532 
25650 3538 3541 
25700 3537 3533 
25750 3544 3542 
25800 3554 3549 
25850 3554 3553 
25900 3549 3548 
25950 3547 3552 
26000 3551 3548 
26050 3543 3546 
26100 3543 3546 
26150 3555 3558 
26200 3540 3542 
26250 3544 3552 
26300 3544 3542 
26350 3549 3550 
26400 3546 3545 
26450 3541 3544 
26500 3550 3553 
26550 3537 3544 
26600 3557 3559 
26650 3557 3554 
26700 3550 3551 
26750 3555 3553 
26800 3546 3546 
26850 3546 3546 
26900 3552 3540 
26950 3551 3545 
27000 3555 3553 
27050 3553 3549 
27100 3532 3537 
27150 3553 3552 
27200 3544 3551 
27250 3553 3556 
27300 3543 3540 
27350 3555 3550 
27400 3537 3538 
27450 3526 3526 
27500 3548 3545 
27550 3531 3528 
27600 3545 3546 
27650 3545 3547 
27700 3544 3540 
27750 3545 3544 
27800 3549 3549 
27850 3547 3551 
27900 3558 3558 
27950 3556 3560 
28000 3542 3547 
28050 3532 3537 
28100 3549 3548 
28150 3557 3559 
28200 3554 3551 
28250 3560 3562 
28300 3547 3546 
28350 3532 3533 
28400 3544 3541 
28450 3543 3533 
28500 3547 3539 
28550 3553 3552 
28600 3542 3544 
28650 3542 3548 
28700 3562 3565 
28750 3542 3538 
28800 3557 3556 
28850 3540 3541 
28900 3544 3539 
28950 3524 3527 
29000 3522 3525 
29050 3547 3540 
29100 3553 3547 
29150 3532 3527 
29200 3544 3543 
29250 3540 3543 
29300 3547 3542 
29350 3557 3559 
29400 3535 3539 
29450 3545 3547 
29500 3535 3537 
29550 3563 3560 
29600 3550 3550 
29650 3529 3542 
29700 3546 3554 
29750 3550 3554 
29800 3548 3543 
29850 3551 3546 
29900 3552 3557 
29950 3564 3558 
30000 3549 3550 
30050 3559 3558 
30100 3530 3535 
30150 3554 3555 
30200 3551 3546 
30250 3549 3550 
30300 3548 3553 
30350 3544 3540 
30400 3544 3543 
30450 3544 3542 
30500 3555 3557 
30550 3536 3535 
30600 3544 3543 
30650 3543 3545 
30700 3533 3537 
30750 3554 3556 
30800 3557 3561 
30850 3545 3546 
30900 3524 3525 
30950 3531 3536 
31000 3547 3546 
31050 3535 3535 
31100 3549 3545 
31150 3554 3553 
31200 3545 3544 
31250 3546 3546 
31300 3542 3546 
31350 3539 3539 
31400 3552 3556 
31450 3545 3547 
31500 3529 3535 
31550 3559 3550 
31600 3538 3536 
31650 3556 3561 
31700 3536 3534 
31750 3552 3552 
31800 3557 3562 
31850 3539 3539 
31900 3557 3562 
31950 3559 3557 
32000 3541 3549 
32050 3537 3535 
32100 3549 3549 
32150 3530 3538 
32200 3543 3546 
32250 3535 3534 
32300 3547 3542 
32350 3555 3551 
32400 3558 3556 
32450 3541 3542 
32500 3552 3544 
32550 3547 3543 
32600 3550 3550 
32650 3541 3542 
32700 3551 3547 
32750 3548 3548 
32800 3564 3566 
32850 3563 3558 
32900 3544 3545 
32950 3537 3539 
33000 3552 3545 
33050 3554 3557 
33100 3544 3545 
33150 3527 3523 
33200 3550 3551 
33250 3543 3552 
33300 3548 3554 
33350 3552 3552 
33400 3548 3554 
33450 3546 3546 
33500 3542 3542 
33550 3534 3536 
33600 3543 3547 
33650 3561 3563 
33700 3551 3548 
33750 3532 3534 
33800 3549 3552 
33850 3553 3554 
33900 3551 3549 
33950 3547 3543 
34000 3556 3552 
34050 3540 3540 
34100 3548 3545 
34150 3554 3547 
34200 3548 3549 
34250 3544 3546 
34300 3553 3548 
34350 3565 3562 
34400 3535 3532 
34450 3557 3555 
34500 3541 3540 
34550 3540 3540 
34600 3530 3526 
34650 3555 3561 
34700 3559 3557 
34750 3544 3547 
34800 3548 3548 
34850 3554 3553 
34900 3553 3558 
34950 3545 3548 
35000 3549 3551 
35050 3550 3554 
35100 3553 3555 
35150 3559 3561 
35200 3562 3567 
35250 3538 3538 
35300 3553 3555 
35350 3551 3551 
35400 3546 3545 
35450 3545 3549 
35500 3555 3552 
35550 3550 3558 
35600 3553 3558 
35650 3561 3563 
35700 3551 3553 
35750 3545 3547 
35800 3564 3565 
35850 3534 3534 
35900 3511 3513 
35950 3549 3549 
36000 3551 3552 
36050 3535 3534 
36100 3550 3545 
36150 3555 3553 
36200 3546 3550 
36250 3551 3550 
36300 3546 3551 
36350 3550 3555 
36400 3530 3537 
36450 3533 3535 
36500 3544 3549 
36550 3548 3550 
36600 3553 3553 
36650 3537 3538 
36700 3540 3545 
36750 3550 3552 
36800 3552 3554 
36850 3539 3546 
36900 3541 3544 
36950 3553 3544 
37000 3543 3546 
37050 3548 3549 
37100 3559 3558 
37150 3558 3555 
37200 3553 3549 
37250 3558 3558 
37300 3542 3542 
37350 3544 3542 
37400 3552 3553 
37450 3548 3549 
37500 3551 3555 
37550 3541 3546 
37600 3546 3548 
37650 3550 3550 
37700 3540 3542 
37750 3559 3556 
37800 3551 3541 
37850 3533 3528 
37900 3549 3550 
37950 3560 3567 
38000 3543 3545 
38050 3551 3553 
38100 3562 3561 
38150 3548 3550 
38200 3548 3552 
38250 3555 3555 
38300 3560 3560 
38350 3552 3558 
38400 3529 3534 
38450 3547 3545 
38500 3546 3554 
38550 3564 3564 
38600 3542 3547 
38650 3545 3547 
38700 3534 3538 
38750 3542 3537 
38800 3567 3567 
38850 3544 3542 
38900 3556 3554 
38950 3541 3541 
39000 3549 3549 
39050 3551 3547 
39100 3550 3551 
39150 3558 3553 
39200 3540 3536 
39250 3534 3538 
39300 3548 3546 
39350 3538 3536 
39400 3549 3550 
39450 3543 3536 
39500 3549 3549 
39550 3545 3546 
39600 3546 3548 
39650 3541 3549 
39700 3528 3530 
39750 3530 3539 
39800 3547 3548 
39850 3544 3542 
39900 3547 3547 
39950 3540 3543 
40000 3552 3551 
40050 3531 3536 
40100 3553 3550 
40150 3546 3541 
40200 3551 3552 
40250 3561 3553 
40300 3566 3558 
40350 3556 3558 
40400 3544 3542 
40450 3540 3539 
40500 3555 3558 
40550 3525 3530 
40600 3537 3533 
40650 3542 3535 
40700 3555 3553 
40750 3552 3550 
40800 3543 3550 
40850 3554 3551 
40900 3550 3551 
40950 3539 3542 
41000 3545 3549 
41050 3547 3550 
41100 3535 3539 
41150 3550 3546 
41200 3554 3549 
41250 3548 3545 
41300 3524 3520 
41350 3546 3543 
41400 3560 3558 
41450 3538 3533 
41500 3542 3541 
41550 3539 3543 
41600 3561 3558 
41650 3554 3554 
41700 3558 3561 
41750 3551 3551 
41800 3552 3550 
41850 3561 3561 
41900 3548 3542 
41950 3543 3541 
42000 3546 3540 
42050 3535 3532 
42100 3557 3549 
42150 3557 3554 
42200 3546 3551 
42250 3546 3551 
42300 3556 3560 
42350 3556 3557 
42400 3534 3541 
42450 3563 3562 
42500 3563 3561 
42550 3531 3533 
42600 3546 3545 
42650 3550 3546 
42700 3546 3537 
42750 3547 3549 
42800 3547 3545 
42850 3543 3541 
42900 3556 3552 
42950 3561 3552 
43000 3538 3544 
43050 3540 3542 
43100 3545 3542 
43150 3542 3543 
43200 3536 3534 
43250 3547 3549 
43300 3540 3537 
43350 3536 3532 
43400 3541 3542 
43450 3536 3539 
43500 3535 3540 
43550 3541 3544 
43600 3532 3538 
43650 3542 3539 
43700 3538 3535 
43750 3537 3534 
43800 3557 3555 
43850 3548 3551 
43900 3543 3546 
43950 3521 3525 
44000 3549 3545 
44050 3539 3538 
44100 3538 3537 
44150 3544 3548 
44200 3559 3561 
44250 3558 3562 
44300 3548 3543 
44350 3537 3543 
44400 3527 3529 
44450 3535 3534 
44500 3539 3543 
44550 3554 3555 
44600 3544 3542 
44650 3537 3533 
44700 3533 3538 
44750 3547 3551 
44800 3545 3547 
44850 3533 3530 
44900 3555 3561 
44950 3556 3561 
45000 3549 3548 
45050 3547 3554 
45100 3544 3546 
45150 3529 3532 
45200 3525 3529 
45250 3533 3526 
45300 3538 3532 
45350 3531 3529 
45400 3551 3545 
45450 3530 3533 
45500 3564 3563 
45550 3551 3552 
45600 3553 3552 
45650 3547 3546 
45700 3551 3553 
45750 3557 3563 
45800 3529 3534 
45850 3542 3540 
45900 3552 3553 
45950 3537 3541 
46000 3554 3558 
46050 3543 3544 
46100 3555 3553 
46150 3544 3550 
46200 3546 3545 
46250 3536 3534 
46300 3545 3540 
46350 3545 3546 
46400 3544 3550 
46450 3551 3547 
46500 3531 3529 
46550 3535 3533 
46600 3554 3548 
46650 3550 3543 
46700 3525 3528 
46750 3542 3545 
46800 3540 3544 
46850 3551 3549 
46900 3561 3555 
46950 3528 3521 
47000 3547 3544 
47050 3551 3550 
47100 3540 3537 
47150 3554 3561 
47200 3571 3566 
47250 3562 3562 
47300 3548 3549 
47350 3544 3553 
47400 3533 3532 
47450 3542 3536 
47500 3545 3540 
47550 3535 3531 
47600 3545 3547 
47650 3547 3547 
47700 3545 3538 
47750 3551 3544 
47800 3536 3538 
47850 3549 3550 
47900 3554 3547 
47950 3539 3538 
48000 3538 3539 
48050 3529 3527 
48100 3548 3548 
48150 3542 3544 
48200 3550 3549 
48250 3551 3550 
48300 3548 3549 
48350 3544 3547 
48400 3546 3534 
48450 3543 3541 
48500 3551 3549 
48550 3527 3533 
48600 3520 3528 
48650 3531 3533 
48700 3563 3558 
48750 3541 3546 
48800 3520 3522 
48850 3537 3534 
48900 3537 3538 
48950 3539 3543 
49000 3535 3535 
49050 3552 3553 
49100 3547 3542 
49150 3525 3529 
49200 3544 3547 
49250 3537 3533 
49300 3533 3531 
49350 3532 3523 
49400 3542 3536 
49450 3548 3539 
49500 3548 3543 
49550 3546 3546 
49600 3550 3550 
49650 3542 3542 
49700 3541 3539 
49750 3536 3541 
49800 3543 3534 
49850 3545 3543 
49900 3544 3549 
49950 3557 3560 
50000 3548 3545 
50050 3536 3533 
50100 3552 3553 
50150 3540 3539 
50200 3544 3541 
50250 3534 3536 
50300 3555 3559 
50350 3534 3536 
50400 3540 3541 
50450 3553 3553 
50500 3542 3549 
50550 3554 3556 
50600 3550 3547 
50650 3545 3555 
50700 3556 3543 
50750 3552 3551 
50800 3534 3532 
50850 3550 3554 
50900 3554 3552 
50950 3540 3537 
51000 3561 3556 
51050 3543 3541 
51100 3527 3531 
51150 3545 3545 
51200 3543 3545 
51250 3541 3545 
51300 3533 3532 
51350 3517 3521 
51400 3547 3548 
51450 3563 3564 
51500 3545 3549 
51550 3546 3548 
51600 3545 3541 
51650 3546 3550 
51700 3553 3557 
51750 3534 3540 
51800 3557 3552 
51850 3538 3526 
51900 3551 3549 
51950 3549 3550 
52000 3548 3543 
52050 3545 3540 
52100 3539 3542 
52150 3540 3531 
52200 3534 3537 
52250 3525 3532 
52300 3525 3524 
52350 3530 3529 
52400 3558 3557 
52450 3550 3544 
52500 3541 3539 
52550 3546 3537 
52600 3554 3555 
52650 3541 3541 
52700 3529 3529 
52750 3551 3552 
52800 3543 3540 
52850 3548 3552 
52900 3532 3538 
52950 3548 3549 
53000 3546 3549 
53050 3540 3538 
53100 3533 3528 
53150 3553 3554 
53200 3555 3545 
53250 3551 3551 
53300 3538 3539 
53350 3556 3546 
53400 3539 3542 
53450 3542 3543 
53500 3525 3531 
53550 3536 3535 
53600 3550 3557 
53650 3558 3557 
53700 3539 3540 
53750 3556 3545 
53800 3548 3547 
53850 3524 3517 
53900 3537 3536 
53950 3546 3545 
54000 3531 3535 
54050 3547 3545 
54100 3537 3540 
54150 3547 3544 
54200 3545 3545 
54250 3529 3536 
54300 3545 3547 
54350 3551 3553 
54400 3552 3557 
54450 3537 3539 
54500 3545 3546 
54550 3552 3561 
54600 3542 3541 
54650 3545 3548 
54700 3554 3551 
54750 3530 3534 
54800 3539 3538 
54850 3543 3545 
54900 3552 3553 
54950 3541 3542 
55000 3540 3537 
55050 3545 3544 
55100 3559 3557 
55150 3559 3557 
55200 3546 3539 
55250 3555 3552 
55300 3545 3541 
55350 3558 3554 
55400 3560 3553 
55450 3545 3546 
55500 3552 3553 
55550 3551 3552 
55600 3552 3561 
55650 3539 3538 
55700 3550 3561 
55750 3544 3545 
55800 3545 3547 
55850 3563 3560 
55900 3531 3535 
55950 3551 3547 
56000 3537 3532 
56050 3544 3537 
56100 3545 3546 
56150 3556 3552 
56200 3541 3535 
56250 3540 3533 
56300 3525 3528 
56350 3539 3538 
56400 3555 3544 
56450 3545 3538 
56500 3550 3550 
56550 3551 3545 
56600 3535 3535 
56650 3550 3541 
56700 3546 3544 
56750 3545 3545 
56800 3544 3546 
56850 3553 3550 
56900 3550 3549 
56950 3556 3552 
57000 3551 3555 
57050 3552 3552 
57100 3556 3552 
57150 3532 3530 
57200 3554 3552 
57250 3522 3526 
57300 3551 3550 
57350 3551 3548 
57400 3534 3534 
57450 3544 3548 
57500 3538 3535 
57550 3532 3534 
57600 3534 3541 
57650 3545 3544 
57700 3538 3542 
57750 3536 3532 
57800 3526 3530 
57850 3547 3555 
57900 3546 3550 
57950 3552 3553 
58000 3514 3519 
58050 3549 3549 
58100 3533 3534 
58150 3543 3541 
58200 3547 3537 
58250 3554 3550 
58300 3553 3552 
58350 3561 3561 
58400 3536 3536 
58450 3536 3534 
58500 3542 3541 
58550 3532 3535 
58600 3546 3541 
58650 3545 3539 
58700 3531 3532 
58750 3537 3540 
58800 3541 3540 
58850 3537 3530 
58900 3536 3542 
58950 3542 3545 
59000 3535 3534 
59050 3542 3542 
59100 3538 3535 
59150 3540 3546 
59200 3526 3535 
59250 3537 3539 
59300 3540 3540 
59350 3543 3554 
59400 3538 3542 
59450 3542 3552 
59500 3553 3554 
59550 3560 3562 
59600 3565 3559 
59650 3548 3549 
59700 3549 3550 
59750 3550 3550 
59800 3544 3538 
59850 3548 3549 
59900 3538 3540 
59950 3554 3550 
60000 3541 3540 
60050 3544 3545 
60100 3542 3545 
60150 3549 3553 
60200 3555 3552 
60250 3535 3532 
60300 3546 3543 
60350 3545 3549 
60400 3545 3541 
60450 3541 3536 
60500 3547 3548 
60550 3545 3548 
60600 3555 3556 
60650 3555 3555 
60700 3559 3554 
60750 3536 3534 
60800 3541 3540 
60850 3529 3528 
60900 3560 3560 
60950 3550 3547 
61000 3564 3568 
61050 3550 3556 
61100 3537 3544 
61150 3548 3549 
61200 3541 3539 
61250 3539 3540 
61300 3535 3536 
61350 3546 3548 
61400 3540 3539 
61450 3532 3541 
61500 3539 3543 
61550 3560 3558 
61600 3561 3556 
61650 3540 3538 
61700 3559 3559 
61750 3570 3572 
61800 3542 3545 
61850 3548 3542 
61900 3543 3538 
61950 3552 3554 
62000 3564 3562 
62050 3539 3542 
62100 3542 3539 
62150 3545 3542 
62200 3539 3539 
62250 3540 3543 
62300 3557 3553 
62350 3538 3546 
62400 3549 3552 
62450 3563 3565 
62500 3552 3557 
62550 3541 3538 
62600 3537 3539 
62650 3538 3541 
62700 3545 3544 
62750 3541 3541 
62800 3550 3547 
62850 3549 3546 
62900 3568 3565 
62950 3565 3562 
63000 3547 3545 
63050 3551 3546 
63100 3540 3546 
63150 3550 3550 
63200 3547 3544 
63250 3554 3557 
63300 3554 3559 
63350 3564 3563 
63400 3568 3563 
63450 3548 3541 
63500 3558 3556 
63550 3543 3539 
63600 3538 3535 
63650 3549 3551 
63700 3556 3548 
63750 3555 3555 
63800 3551 3549 
63850 3541 3544 
63900 3552 3557 
63950 3555 3554 
64000 3551 3552 
64050 3570 3565 
64100 3546 3545 
64150 3545 3548 
64200 3562 3563 
64250 3559 3555 
64300 3538 3535 
64350 3541 3537 
64400 3526 3523 
64450 3552 3548 
64500 3557 3556 
64550 3541 3543 
64600 3545 3543 
64650 3545 3542 
64700 3544 3547 
64750 3551 3553 
64800 3550 3544 
64850 3537 3537 
64900 3546 3550 
64950 3550 3546 
65000 3547 3553 
65050 3530 3534 
65100 3557 3556 
65150 3556 3561 
65200 3542 3536 
65250 3554 3551 
65300 3549 3541 
65350 3563 3560 
65400 3544 3554 
65450 3563 3564 
65500 3569 3571 
65550 3552 3552 
65600 3537 3541 
65650 3564 3564 
65700 3551 3545 
65750 3536 3539 
65800 3542 3546 
65850 3548 3548 
65900 3555 3554 
65950 3562 3557 
66000 3543 3541 
66050 3547 3544 
66100 3559 3564 
66150 3562 3564 
66200 3553 3550 
66250 3557 3556 
66300 3565 3563 
66350 3565 3559 
66400 3529 3534 
66450 3549 3549 
66500 3544 3546 
66550 3548 3548 
66600 3548 3544 
66650 3539 3544 
66700 3555 3556 
66750 3551 3548 
66800 3554 3549 
66850 3543 3541 
66900 3545 3549 
66950 3548 3553 
67000 3543 3543 
67050 3563 3565 
67100 3566 3565 
67150 3531 3528 
67200 3540 3539 
67250 3552 3545 
67300 3551 3546 
67350 3546 3543 
67400 3557 3556 
67450 3565 3560 
67500 3556 3552 
67550 3558 3558 
67600 3550 3544 
67650 3555 3559 
67700 3545 3549 
67750 3552 3556 
67800 3540 3535 
67850 3559 3553 
67900 3557 3556 
67950 3564 3562 
68000 3554 3542 
68050 3549 3549 
68100 3551 3549 
68150 3550 3559 
68200 3557 3559 
68250 3559 3561 
68300 3541 3547 
68350 3552 3558 
68400 3551 3562 
68450 3562 3563 
68500 3544 3546 
68550 3544 3545 
68600 3561 3566 
68650 3558 3556 
68700 3560 3553 
68750 3544 3538 
68800 3538 3543 
68850 3537 3541 
68900 3550 3551 
68950 3543 3542 
69000 3554 3554 
69050 3554 3551 
69100 3555 3551 
69150 3564 3563 
69200 3560 3560 
69250 3547 3552 
69300 3555 3555 
69350 3553 3549 
69400 3539 3544 
69450 3552 3554 
69500 3553 3556 
69550 3549 3557 
69600 3552 3553 
69650 3549 3551 
69700 3547 3545 
69750 3544 3546 
69800 3539 3533 
69850 3542 3535 
69900 3545 3538 
69950 3549 3550 
70000 3548 3542 
70050 3536 3536 
70100 3539 3544 
70150 3545 3547 
70200 3567 3563 
70250 3544 3546 
70300 3552 3553 
70350 3550 3548 
70400 3555 3554 
70450 3558 3555 
70500 3550 3551 
70550 3552 3553 
70600 3567 3563 
70650 3549 3545 
70700 3551 3552 
70750 3551 3553 
70800 3550 3544 
70850 3535 3537 
70900 3544 3546 
70950 3550 3553 
71000 3545 3541 
71050 3557 3558 
71100 3544 3544 
71150 3550 3551 
71200 3560 3566 
71250 3543 3536 
71300 3550 3549 
71350 3563 3566 
71400 3547 3549 
71450 3559 3555 
71500 3564 3565 
71550 3556 3558 
71600 3560 3563 
71650 3552 3555 
71700 3548 3547 
71750 3543 3544 
71800 3550 3556 
71850 3544 3554 
71900 3545 3546 
71950 3551 3552 
72000 3543 3543 
72050 3545 3552 
72100 3555 3555 
72150 3549 3552 
72200 3542 3540 
72250 3535 3533 
72300 3542 3544 
72350 3562 3554 
72400 3551 3559 
72450 3553 3555 
72500 3557 3558 
72550 3559 3561 
72600 3533 3542 
72650 3555 3553 
72700 3552 3551 
72750 3556 3558 
72800 3535 3542 
72850 3551 3556 
72900 3552 3552 
72950 3553 3553 
73000 3536 3540 
73050 3548 3548 
73100 3531 3527 
73150 3545 3546 
73200 3549 3548 
73250 3560 3568 
73300 3551 3554 
73350 3561 3559 
73400 3550 3559 
73450 3557 3556 
73500 3547 3551 
73550 3551 3545 
73600 3546 3549 
73650 3546 3546 
73700 3542 3543 
73750 3562 3561 
73800 3548 3550 
73850 3548 3545 
73900 3528 3532 
73950 3543 3542 
74000 3548 3551 
74050 3556 3555 
74100 3570 3565 
74150 3550 3554 
74200 3555 3556 
74250 3559 3561 
74300 3557 3566 
74350 3547 3545 
74400 3554 3553 
74450 3557 3563 
74500 3553 3554 
74550 3544 3548 
74600 3547 3545 
74650 3554 3549 
74700 3547 3541 
74750 3547 3543 
74800 3567 3566 
74850 3548 3546 
74900 3563 3568 
74950 3555 3557 
75000 3546 3545 
75050 3551 3546 
75100 3558 3558 
75150 3555 3556 
75200 3546 3548 
75250 3549 3551 
75300 3532 3541 
75350 3548 3548 
75400 3545 3540 
75450 3547 3551 
75500 3558 3555 
75550 3544 3539 
75600 3552 3549 
75650 3547 3546 
75700 3534 3537 
75750 3553 3546 
75800 3548 3551 
75850 3569 3564 
75900 3563 3562 
75950 3569 3570 
76000 3543 3544 
76050 3553 3558 
76100 3551 3550 
76150 3556 3560 
76200 3539 3542 
76250 3557 3560 
76300 3541 3542 
76350 3550 3545 
76400 3534 3531 
76450 3535 3540 
76500 3556 3555 
76550 3548 3553 
76600 3553 3558 
76650 3559 3562 
76700 3551 3546 
76750 3559 3559 
76800 3551 3548 
76850 3533 3533 
76900 3550 3553 
76950 3542 3543 
77000 3533 3537 
77050 3558 3553 
77100 3559 3550 
77150 3556 3556 
77200 3542 3537 
77250 3553 3550 
77300 3554 3547 
77350 3552 3546 
77400 3558 3554 
77450 3533 3537 
77500 3562 3559 
77550 3556 3548 
77600 3556 3553 
77650 3554 3553 
77700 3547 3531 
77750 3559 3555 
77800 3538 3538 
77850 3555 3557 
77900 3544 3541 
77950 3563 3567 
78000 3561 3557 
78050 3562 3557 
78100 3551 3548 
78150 3547 3546 
78200 3560 3559 
78250 3551 3544 
78300 3546 3544 
78350 3552 3548 
78400 3565 3552 
78450 3551 3546 
78500 3555 3553 
78550 3565 3557 
78600 3550 3549 
78650 3557 3551 
78700 3547 3539 
78750 3555 3557 
78800 3554 3565 
78850 3546 3545 
78900 3532 3526 
78950 3545 3541 
79000 3551 3547 
79050 3554 3555 
79100 3559 3543 
79150 3554 3552 
79200 3564 3561 
79250 3548 3544 
79300 3563 3561 
79350 3551 3543 
79400 3550 3550 
79450 3535 3542 
79500 3558 3554 
79550 3553 3553 
79600 3535 3536 
79650 3542 3545 
79700 3555 3555 
79750 3531 3520 
79800 3532 3534 
79850 3533 3539 
79900 3553 3545 
79950 3559 3556 
80000 3549 3555 
80050 3556 3561 
80100 3544 3546 
80150 3525 3528 
80200 3550 3544 
80250 3551 3555 
80300 3553 3554 
80350 3558 3559 
80400 3558 3560 
80450 3556 3563 
80500 3569 3566 
80550 3558 3561 
80600 3565 3562 
80650 3552 3552 
80700 3553 3557 
80750 3546 3544 
80800 3548 3543 
80850 3553 3549 
80900 3551 3552 
80950 3554 3550 
81000 3555 3556 
81050 3566 3561 
81100 3535 3541 
81150 3552 3549 
81200 3533 3539 
81250 3565 3564 
81300 3561 3558 
81350 3545 3548 
81400 3563 3555 
81450 3549 3546 
81500 3552 3545 
81550 3540 3545 
81600 3546 3545 
81650 3538 3546 
81700 3552 3543 
81750 3531 3534 
81800 3559 3556 
81850 3550 3550 
81900 3544 3542 
81950 3560 3551 
82000 3551 3543 
82050 3555 3556 
82100 3564 3552 
82150 3539 3543 
82200 3554 3555 
82250 3557 3559 
82300 3559 3561 
82350 3556 3556 
82400 3532 3526 
82450 3548 3550 
82500 3542 3543 
82550 3562 3563 
82600 3537 3535 
82650 3556 3555 
82700 3546 3547 
82750 3555 3553 
82800 3537 3537 
82850 3550 3555 
82900 3561 3565 
82950 3556 3558 
83000 3571 3566 
83050 3539 3544 
83100 3556 3556 
83150 3549 3543 
83200 3553 3552 
83250 3554 3550 
83300 3560 3565 
83350 3555 3556 
83400 3566 3557 
83450 3554 3551 
83500 3553 3555 
83550 3560 3560 
83600 3542 3538 
83650 3559 3559 
83700 3548 3548 
83750 3559 3551 
83800 3555 3549 
83850 3555 3559 
83900 3564 3556 
83950 3544 3538 
84000 3554 3554 
84050 3558 3554 
84100 3548 3550 
84150 3548 3543 
84200 3549 3545 
84250 3550 3546 
84300 3568 3568 
84350 3548 3551 
84400 3561 3560 
84450 3551 3542 
84500 3547 3548 
84550 3550 3554 
84600 3565 3560 
84650 3559 3559 
84700 3555 3540 
84750 3561 3560 
84800 3560 3556 
84850 3548 3550 
84900 3560 3556 
84950 3555 3556 
85000 3541 3547 
85050 3543 3540 
85100 3565 3561 
85150 3561 3553 
85200 3559 3558 
85250 3550 3554 
85300 3541 3544 
85350 3548 3539 
85400 3552 3545 
85450 3542 3543 
85500 3536 3536 
85550 3548 3551 
85600 3550 3555 
85650 3546 3550 
85700 3556 3550 
85750 3541 3539 
85800 3555 3557 
85850 3540 3540 
85900 3542 3540 
85950 3528 3528 
86000 3560 3557 
86050 3565 3566 
86100 3556 3563 
86150 3553 3554 
86200 3561 3562 
86250 3540 3543 
86300 3528 3529 
86350 3552 3552 
86400 3554 3553 
86450 3569 3564 
86500 3553 3553 
86550 3561 3557 
86600 3563 3557 
86650 3552 3548 
86700 3551 3551 
86750 3564 3560 
86800 3554 3551 
86850 3553 3547 
86900 3548 3543 
86950 3554 3552 
87000 3545 3548 
87050 3535 3537 
87100 3545 3541 
87150 3565 3560 
87200 3553 3551 
87250 3545 3534 
87300 3540 3542 
87350 3557 3553 
87400 3550 3550 
87450 3537 3538 
87500 3545 3542 
87550 3540 3536 
87600 3554 3551 
87650 3556 3556 
87700 3548 3549 
87750 3558 3555 
87800 3542 3534 
87850 3546 3543 
87900 3558 3553 
87950 3561 3559 
88000 3552 3555 
88050 3549 3548 
88100 3566 3565 
88150 3548 3538 
88200 3554 3554 
88250 3554 3555 
88300 3554 3549 
88350 3562 3565 
88400 3537 3543 
88450 3548 3541 
88500 3565 3566 
88550 3547 3545 
88600 3550 3548 
88650 3555 3554 
88700 3553 3553 
88750 3558 3554 
88800 3559 3557 
88850 3537 3540 
88900 3556 3555 
88950 3564 3562 
89000 3567 3560 
89050 3543 3543 
89100 3566 3561 
89150 3547 3548 
89200 3557 3556 
89250 3545 3546 
89300 3563 3563 
89350 3538 3531 
89400 3560 3555 
89450 3543 3546 
89500 3562 3557 
89550 3544 3538 
89600 3551 3550 
89650 3552 3557 
89700 3557 3558 
89750 3552 3555 
89800 3552 3552 
89850 3541 3540 
89900 3531 3535 
89950 3553 3550 
90000 3557 3550 
90050 3540 3541 
90100 3553 3556 
90150 3549 3541 
90200 3545 3548 
90250 3541 3545 
90300 3550 3551 
90350 3564 3563 
90400 3543 3546 
90450 3558 3560 
90500 3554 3548 
90550 3551 3550 
90600 3549 3551 
90650 3550 3551 
90700 3560 3555 
90750 3557 3553 
90800 3557 3557 
90850 3557 3550 
90900 3561 3559 
90950 3556 3551 
91000 3560 3564 
91050 3537 3539 
91100 3552 3547 
91150 3559 3569 
91200 3533 3541 
91250 3544 3537 
91300 3556 3551 
91350 3547 3550 
91400 3559 3559 
91450 3545 3552 
91500 3542 3543 
91550 3539 3537 
91600 3551 3550 
91650 3560 3555 
91700 3541 3535 
91750 3536 3535 
91800 3542 3543 
91850 3548 3549 
91900 3550 3547 
91950 3559 3559 
92000 3552 3554 
92050 3558 3556 
92100 3557 3560 
92150 3539 3539 
92200 3548 3550 
92250 3564 3569 
92300 3545 3550 
92350 3546 3553 
92400 3555 3553 
92450 3546 3543 
92500 3555 3552 
92550 3545 3538 
92600 3556 3556 
92650 3540 3543 
92700 3546 3550 
92750 3569 3562 
92800 3546 3550 
92850 3547 3554 
92900 3558 3551 
92950 3558 3554 
93000 3542 3539 
93050 3551 3548 
93100 3555 3552 
93150 3560 3558 
93200 3544 3544 
93250 3552 3553 
93300 3550 3554 
93350 3536 3546 
93400 3550 3555 
93450 3537 3537 
93500 3543 3539 
93550 3559 3559 
93600 3532 3539 
93650 3552 3554 
93700 3557 3554 
93750 3548 3545 
93800 3553 3553 
93850 3561 3557 
93900 3560 3565 
93950 3562 3564 
94000 3551 3546 
94050 3546 3549 
94100 3558 3554 
94150 3559 3556 
94200 3533 3532 
94250 3534 3537 
94300 3540 3536 
94350 3543 3542 
94400 3544 3546 
94450 3553 3553 
94500 3545 3541 
94550 3543 3549 
94600 3550 3555 
94650 3541 3537 
94700 3541 3542 
94750 3550 3548 
94800 3543 3541 
94850 3543 3544 
94900 3555 3554 
94950 3550 3543 
95000 3545 3541 
95050 3560 3559 
95100 3540 3539 
95150 3551 3550 
95200 3552 3551 
95250 3550 3546 
95300 3549 3548 
95350 3552 3553 
95400 3556 3551 
95450 3552 3554 
95500 3540 3543 
95550 3558 3555 
95600 3555 3547 
95650 3548 3546 
95700 3566 3564 
95750 3563 3559 
95800 3563 3560 
95850 3547 3549 
95900 3522 3526 
95950 3552 3549 
96000 3555 3557 
96050 3543 3539 
96100 3558 3560 
96150 3551 3547 
96200 3543 3540 
96250 3548 3547 
96300 3546 3547 
96350 3535 3542 
96400 3546 3545 
96450 3553 3552 
96500 3548 3548 
96550 3545 3549 
96600 3556 3560 
96650 3553 3557 
96700 3557 3555 
96750 3541 3541 
96800 3553 3551 
96850 3547 3546 
96900 3554 3552 
96950 3553 3549 
97000 3547 3547 
97050 3551 3557 
97100 3552 3555 
97150 3556 3556 
97200 3547 3543 
97250 3555 3548 
97300 3550 3553 
97350 3557 3554 
97400 3549 3550 
97450 3558 3554 
97500 3561 3564 
97550 3558 3555 
97600 3547 3548 
97650 3567 3567 
97700 3560 3554 
97750 3554 3554 
97800 3542 3546 
97850 3550 3544 
97900 3545 3539 
97950 3555 3551 
98000 3554 3550 
98050 3562 3559 
98100 3555 3553 
98150 3554 3545 
98200 3564 3565 
98250 3549 3558 
98300 3560 3562 
98350 3554 3556 
98400 3560 3559 
98450 3554 3559 
98500 3542 3544 
98550 3561 3559 
98600 3556 3555 
98650 3541 3540 
98700 3544 3554 
98750 3551 3551 
98800 3548 3540 
98850 3546 3546 
98900 3557 3563 
98950 3562 3563 
99000 3553 3560 
99050 3558 3554 
99100 3539 3530 
99150 3545 3546 
99200 3562 3565 
99250 3546 3550 
99300 3548 3546 
99350 3549 3550 
99400 3556 3560 
99450 3539 3547 
99500 3555 3547 
99550 3559 3560 
99600 3564 3560 
99650 3555 3558 
99700 3560 3557 
99750 3560 3564 
99800 3563 3561 
99850 3543 3548 
99900 3552 3549 
99950 3534 3530 
100000 3559 3558 
100050 3561 3558 
100100 3546 3541 
100150 3555 3558 
100200 3551 3550 
100250 3562 3565 
100300 3542 3544 
100350 3564 3564 
100400 3560 3558 
100450 3546 3551 
100500 3543 3546 
100550 3561 3560 
100600 3548 3546 
100650 3555 3554 
100700 3531 3523 
100750 3545 3540 
100800 3553 3553 
100850 3538 3544 
100900 3544 3543 
100950 3536 3535 
101000 3550 3549 
101050 3536 3541 
101100 3556 3550 
101150 3544 3540 
101200 3556 3557 
101250 3543 3549 
101300 3541 3545 
101350 3541 3548 
101400 3558 3558 
101450 3554 3557 
101500 3552 3558 
101550 3552 3553 
101600 3554 3548 
101650 3572 3580 
101700 3553 3561 
101750 3558 3554 
101800 3543 3541 
101850 3551 3554 
101900 3555 3551 
101950 3533 3547 
102000 3553 3553 
102050 3560 3555 
102100 3555 3554 
102150 3563 3561 
102200 3563 3565 
102250 3552 3554 
102300 3549 3543 
102350 3560 3557 
102400 3545 3547 
102450 3558 3562 
102500 3526 3528 
102550 3549 3550 
102600 3550 3535 
102650 3562 3564 
102700 3552 3557 
102750 3547 3549 
102800 3550 3548 
102850 3537 3543 
102900 3559 3567 
102950 3557 3558 
103000 3565 3564 
103050 3557 3555 
103100 3555 3552 
103150 3547 3552 
103200 3545 3535 
103250 3556 3560 
103300 3547 3544 
103350 3547 3547 
103400 3555 3550 
103450 3554 3552 
103500 3560 3550 
103550 3550 3553 
103600 3557 3561 
103650 3543 3542 
103700 3559 3555 
103750 3554 3554 
103800 3549 3548 
103850 3559 3558 
103900 3561 3558 
103950 3553 3551 
104000 3541 3539 
104050 3545 3544 
104100 3547 3548 
104150 3556 3555 
104200 3560 3556 
104250 3540 3545 
104300 3547 3546 
104350 3558 3558 
104400 3550 3547 
104450 3558 3554 
104500 3559 3560 
104550 3535 3545 
104600 3552 3555 
104650 3557 3553 
104700 3556 3551 
104750 3555 3551 
104800 3543 3538 
104850 3555 3549 
104900 3563 3555 
104950 3551 3548 
105000 3552 3556 
105050 3554 3556 
105100 3564 3561 
105150 3553 3559 
105200 3539 3537 
105250 3549 3555 
105300 3547 3552 
105350 3568 3571 
105400 3557 3559 
105450 3554 3553 
105500 3559 3566 
105550 3549 3554 
105600 3544 3546 
105650 3550 3543 
105700 3557 3557 
105750 3565 3570 
105800 3553 3548 
105850 3552 3552 
105900 3556 3552 
105950 3546 3544 
106000 3547 3544 
106050 3557 3560 
106100 3553 3551 
106150 3549 3552 
106200 3555 3562 
106250 3551 3558 
106300 3552 3558 
106350 3559 3554 
106400 3546 3543 
106450 3559 3557 
106500 3557 3555 
106550 3553 3546 
106600 3551 3553 
106650 3545 3551 
106700 3555 3557 
106750 3550 3551 
106800 3559 3558 
106850 3557 3551 
106900 3557 3561 
106950 3555 3555 
107000 3552 3554 
107050 3553 3558 
107100 3534 3534 
107150 3560 3560 
107200 3553 3548 
107250 3555 3549 
107300 3567 3567 
107350 3549 3548 
107400 3544 3546 
107450 3546 3548 
107500 3549 3548 
107550 3552 3555 
107600 3545 3547 
107650 3548 3547 
107700 3532 3531 
107750 3543 3539 
107800 3554 3558 
107850 3553 3549 
107900 3563 3564 
107950 3550 3549 
108000 3550 3545 
108050 3544 3540 
108100 3550 3547 
108150 3565 3564 
108200 3558 3560 
108250 3548 3548 
108300 3551 3555 
108350 3548 3552 
108400 3556 3563 
108450 3558 3554 
108500 3557 3554 
108550 3552 3550 
108600 3547 3545 
108650 3547 3548 
108700 3552 3550 
108750 3541 3541 
108800 3562 3566 
108850 3558 3565 
108900 3570 3566 
108950 3552 3554 
109000 3558 3560 
109050 3556 3552 
109100 3562 3561 
109150 3565 3564 
109200 3562 3561 
109250 3549 3554 
109300 3570 3568 
109350 3553 3551 
109400 3539 3543 
109450 3553 3552 
109500 3546 3546 
109550 3550 3546 
109600 3568 3568 
109650 3547 3549 
109700 3549 3543 
109750 3546 3546 
109800 3563 3560 
109850 3554 3558 
109900 3546 3541 
109950 3565 3562 
110000 3563 3564 
110050 3550 3554 
110100 3532 3530 
110150 3555 3557 
110200 3553 3550 
110250 3559 3559 
110300 3556 3553 
110350 3545 3550 
110400 3555 3555 
110450 3542 3551 
110500 3555 3551 
110550 3554 3556 
110600 3544 3556 
110650 3557 3562 
110700 3555 3551 
110750 3554 3554 
110800 3562 3562 
110850 3564 3565 
110900 3548 3546 
110950 3553 3557 
111000 3537 3538 
111050 3553 3547 
111100 3562 3564 
111150 3551 3552 
111200 3549 3551 
111250 3551 3547 
111300 3557 3557 
111350 3558 3560 
111400 3548 3546 
111450 3552 3552 
111500 3545 3551 
111550 3548 3548 
111600 3550 3549 
111650 3556 3553 
111700 3553 3549 
111750 3542 3543 
111800 3558 3558 
111850 3555 3556 
111900 3552 3551 
111950 3558 3558 
112000 3544 3541 
112050 3559 3555 
112100 3539 3536 
112150 3553 3554 
112200 3540 3541 
112250 3545 3547 
112300 3552 3547 
112350 3549 3547 
112400 3562 3563 
112450 3551 3556 
112500 3553 3557 
112550 3558 3555 
112600 3550 3549 
112650 3558 3552 
112700 3556 3554 
112750 3554 3550 
112800 3553 3555 
112850 3552 3548 
112900 3558 3560 
112950 3549 3547 
113000 3560 3560 
113050 3558 3552 
113100 3549 3550 
113150 3551 3557 
113200 3562 3564 
113250 3546 3543 
113300 3564 3560 
113350 3540 3543 
113400 3554 3555 
113450 3550 3543 
113500 3550 3556 
113550 3551 3549 
113600 3550 3542 
113650 3554 3547 
113700 3564 3562 
113750 3550 3545 
113800 3560 3562 
113850 3553 3555 
113900 3564 3565 
113950 3541 3542 
114000 3558 3561 
114050 3553 3553 
114100 3541 3538 
114150 3543 3541 
114200 3549 3551 
114250 3548 3551 
114300 3549 3542 
114350 3560 3558 
114400 3554 3560 
114450 3555 3555 
114500 3568 3563 
114550 3555 3557 
114600 3541 3547 
114650 3566 3563 
114700 3538 3538 
114750 3548 3548 
114800 3535 3541 
114850 3545 3549 
114900 3555 3557 
114950 3555 3549 
115000 3553 3549 
115050 3546 3546 
115100 3559 3556 
115150 3555 3554 
115200 3552 3548 
115250 3564 3555 
115300 3554 3551 
115350 3559 3556 
115400 3539 3532 
115450 3564 3561 
115500 3548 3543 
115550 3555 3559 
115600 3558 3563 
115650 3550 3553 
115700 3559 3560 
115750 3548 3547 
115800 3549 3547 
115850 3564 3564 
115900 3529 3534 
115950 3550 3550 
116000 3559 3560 
116050 3550 3547 
116100 3542 3542 
116150 3522 3525 
116200 3542 3545 
116250 3563 3561 
116300 3563 3564 
116350 3559 3558 
116400 3529 3532 
116450 3552 3549 
116500 3539 3541 
116550 3555 3551 
116600 3558 3551 
116650 3563 3561 
116700 3555 3553 
116750 3554 3551 
116800 3552 3556 
116850 3555 3553 
116900 3545 3544 
116950 3554 3554 
117000 3559 3558 
117050 3559 3552 
117100 3557 3553 
117150 3552 3553 
117200 3556 3560 
117250 3572 3571 
117300 3557 3559 
117350 3566 3566 
117400 3558 3559 
117450 3551 3553 
117500 3552 3554 
117550 3538 3538 
117600 3541 3538 
117650 3526 3527 
117700 3542 3545 
117750 3540 3536 
117800 3561 3557 
117850 3527 3533 
117900 3569 3565 
117950 3570 3568 
118000 3550 3549 
118050 3557 3559 
118100 3556 3557 
118150 3556 3555 
118200 3558 3560 
118250 3562 3555 
118300 3562 3562 
118350 3553 3550 
118400 3561 3554 
118450 3556 3552 
118500 3556 3546 
118550 3552 3547 
118600 3558 3552 
118650 3556 3561 
118700 3562 3564 
118750 3563 3561 
118800 3549 3544 
118850 3560 3559 
118900 3565 3562 
118950 3566 3562 
119000 3558 3559 
119050 3559 3558 
119100 3563 3560 
119150 3559 3559 
119200 3551 3546 
119250 3561 3552 
119300 3554 3553 
119350 3559 3556 
119400 3553 3555 
119450 3544 3550 
119500 3560 3553 
119550 3562 3561 
119600 3543 3539 
119650 3551 3554 
119700 3556 3553 
119750 3542 3544 
119800 3545 3537 
119850 3551 3554 
119900 3552 3546 
119950 3556 3551 
120000 3550 3547 
120050 3547 3550 
120100 3555 3556 
120150 3559 3555 
120200 3551 3549 
120250 3544 3548 
120300 3559 3556 
120350 3565 3568 
120400 3564 3560 
120450 3565 3562 
120500 3561 3561 
120550 3555 3547 
120600 3541 3545 
120650 3560 3560 
120700 3562 3559 
120750 3557 3554 
120800 3570 3573 
120850 3558 3559 
120900 3561 3556 
120950 3556 3553 
121000 3560 3558 
121050 3557 3556 
121100 3568 3564 
121150 3562 3555 
121200 3553 3548 
121250 3568 3568 
121300 3550 3552 
121350 3552 3553 
121400 3562 3560 
121450 3557 3560 
121500 3553 3557 
121550 3547 3550 
121600 3554 3560 
121650 3553 3550 
121700 3528 3515 
121750 3559 3559 
121800 3557 3553 
121850 3547 3547 
121900 3556 3557 
121950 3549 3548 
122000 3554 3547 
122050 3536 3533 
122100 3551 3557 
122150 3548 3551 
122200 3565 3564 
122250 3547 3547 
122300 3552 3545 
122350 3558 3557 
122400 3545 3546 
122450 3565 3563 
122500 3549 3549 
122550 3556 3546 
122600 3558 3556 
122650 3546 3541 
122700 3560 3560 
122750 3551 3554 
122800 3562 3562 
122850 3551 3551 
122900 3546 3549 
122950 3553 3552 
123000 3552 3548 
123050 3561 3557 
123100 3553 3552 
123150 3553 3552 
123200 3560 3554 
123250 3552 3551 
123300 3547 3553 
123350 3555 3554 
123400 3562 3563 
123450 3577 3569 
123500 3543 3541 
123550 3558 3559 
123600 3550 3544 
123650 3560 3569 
123700 3567 3564 
123750 3546 3544 
123800 3541 3538 
123850 3544 3543 
123900 3554 3557 
123950 3558 3558 
124000 3543 3544 
124050 3534 3537 
124100 3549 3545 
124150 3552 3552 
124200 3559 3550 
124250 3562 3558 
124300 3565 3564 
124350 3554 3563 
124400 3555 3555 
124450 3541 3544 
124500 3543 3540 
124550 3560 3557 
124600 3567 3566 
124650 3548 3548 
124700 3541 3550 
124750 3551 3555 
124800 3550 3553 
124850 3537 3533 
124900 3562 3553 
124950 3561 3565 
125000 3545 3550 
125050 3544 3547 
125100 3550 3555 
125150 3553 3548 
125200 3555 3559 
125250 3558 3565 
125300 3555 3553 
125350 3553 3553 
125400 3552 3552 
125450 3545 3547 
125500 3544 3542 
125550 3546 3544 
125600 3554 3553 
125650 3554 3562 
125700 3554 3549 
125750 3535 3531 
125800 3550 3548 
125850 3560 3556 
125900 3561 3563 
125950 3558 3558 
126000 3546 3543 
126050 3564 3561 
126100 3548 3552 
126150 3555 3558 
126200 3557 3558 
126250 3548 3557 
126300 3547 3544 
126350 3547 3556 
126400 3555 3559 
126450 3545 3548 
126500 3543 3543 
126550 3542 3545 
126600 3545 3552 
126650 3548 3544 
126700 3556 3563 
126750 3544 3540 
126800 3550 3546 
126850 3539 3544 
126900 3539 3538 
126950 3549 3547 
127000 3545 3544 
127050 3553 3545 
127100 3551 3554 
127150 3546 3539 
127200 3545 3545 
127250 3550 3553 
127300 3546 3550 
127350 3561 3559 
127400 3549 3548 
127450 3526 3524 
127500 3564 3562 
127550 3557 3559 
127600 3558 3560 
127650 3551 3549 
127700 3549 3552 
127750 3542 3547 
127800 3544 3543 
127850 3541 3537 
127900 3550 3544 
127950 3552 3548 
128000 3555 3560 
128050 3544 3543 
128100 3534 3538 
128150 3558 3557 
128200 3562 3558 
128250 3553 3555 
128300 3545 3543 
128350 3551 3553 
128400 3551 3547 
128450 3544 3551 
128500 3556 3553 
128550 3539 3539 
128600 3544 3548 
128650 3553 3553 
128700 3538 3534 
128750 3561 3556 
128800 3551 3552 
128850 3560 3556 
128900 3569 3570 
128950 3557 3559 
129000 3553 3550 
129050 3545 3549 
129100 3548 3553 
129150 3547 3548 
129200 3558 3559 
129250 3556 3557 
129300 3546 3545 
129350 3544 3555 
129400 3558 3561 
129450 3542 3544 
129500 3551 3550 
129550 3560 3555 
129600 3554 3556 
129650 3562 3562 
129700 3550 3551 
129750 3549 3550 
129800 3564 3562 
129850 3562 3549 
129900 3532 3528 
129950 3540 3538 
130000 3544 3534 
130050 3533 3535 
130100 3558 3557 
130150 3559 3552 
130200 3551 3551 
130250 3539 3528 
130300 3546 3545 
130350 3553 3555 
130400 3546 3544 
130450 3544 3544 
130500 3553 3555 
130550 3553 3550 
130600 3554 3554 
130650 3551 3548 
130700 3558 3559 
130750 3556 3552 
130800 3557 3556 
130850 3548 3556 
130900 3552 3555 
130950 3546 3550 
131000 3538 3541 
131050 3564 3565 
131100 3550 3551 
131150 3544 3544 
131200 3557 3566 
131250 3553 3556 
131300 3552 3551 
131350 3555 3553 
131400 3561 3564 
131450 3545 3551 
131500 3549 3549 
131550 3542 3542 
131600 3546 3541 
131650 3552 3550 
131700 3546 3545 
131750 3545 3546 
131800 3540 3542 
131850 3547 3546 
131900 3551 3551 
131950 3549 3552 
132000 3541 3543 
132050 3556 3561 
132100 3541 3541 
132150 3542 3544 
132200 3557 3558 
132250 3554 3547 
132300 3553 3547 
132350 3563 3562 
132400 3561 3559 
132450 3552 3554 
132500 3544 3549 
132550 3552 3556 
132600 3544 3546 
132650 3525 3523 
132700 3554 3555 
132750 3555 3556 
132800 3548 3552 
132850 3549 3546 
132900 3540 3534 
132950 3543 3536 
133000 3562 3553 
133050 3545 3546 
133100 3561 3563 
133150 3577 3573 
133200 3556 3551 
133250 3546 3533 
133300 3536 3534 
133350 3532 3535 
133400 3539 3538 
133450 3560 3556 
133500 3544 3544 
133550 3557 3555 
133600 3560 3563 
133650 3553 3551 
133700 3559 3558 
133750 3549 3552 
133800 3552 3559 
133850 3541 3542 
133900 3553 3554 
133950 3545 3547 
134000 3563 3562 
134050 3544 3549 
134100 3552 3554 
134150 3541 3532 
134200 3544 3542 
134250 3538 3548 
134300 3553 3561 
134350 3558 3558 
134400 3549 3542 
134450 3555 3553 
134500 3541 3544 
134550 3548 3549 
134600 3530 3531 
134650 3561 3561 
134700 3540 3546 
134750 3542 3540 
134800 3549 3546 
134850 3536 3538 
134900 3548 3545 
134950 3546 3557 
135000 3546 3550 
135050 3542 3539 
135100 3544 3549 
135150 3556 3558 
135200 3548 3548 
135250 3561 3562 
135300 3555 3554 
135350 3551 3552 
135400 3551 3552 
135450 3533 3536 
135500 3561 3564 
135550 3544 3548 
135600 3543 3543 
135650 3549 3555 
135700 3533 3532 
135750 3560 3556 
135800 3541 3542 
135850 3562 3564 
135900 3538 3532 
135950 3542 3538 
136000 3546 3542 
136050 3544 3542 
136100 3534 3539 
136150 3544 3540 
136200 3558 3558 
136250 3545 3547 
136300 3548 3554 
136350 3526 3525 
136400 3529 3535 
136450 3539 3531 
136500 3543 3550 
136550 3539 3538 
136600 3539 3538 
136650 3555 3553 
136700 3551 3555 
136750 3543 3551 
136800 3559 3560 
136850 3555 3552 
136900 3551 3545 
136950 3547 3549 
137000 3536 3544 
137050 3545 3547 
137100 3553 3554 
137150 3548 3549 
137200 3535 3539 
137250 3544 3549 
137300 3551 3548 
137350 3560 3556 
137400 3554 3562 
137450 3542 3548 
137500 3537 3541 
137550 3538 3537 
137600 3549 3544 
137650 3539 3534 
137700 3543 3544 
137750 3550 3547 
137800 3544 3547 
137850 3543 3534 
137900 3551 3555 
137950 3550 3551 
138000 3554 3554 
138050 3548 3544 
138100 3541 3544 
138150 3563 3567 
138200 3564 3559 
138250 3550 3547 
138300 3545 3539 
138350 3548 3549 
138400 3547 3545 
138450 3540 3542 
138500 3553 3549 
138550 3554 3547 
138600 3555 3553 
138650 3542 3546 
138700 3541 3542 
138750 3562 3562 
138800 3568 3565 
138850 3540 3540 
138900 3554 3555 
138950 3554 3548 
139000 3564 3570 
139050 3560 3561 
139100 3551 3548 
139150 3549 3554 
139200 3542 3540 
139250 3550 3557 
139300 3553 3556 
139350 3546 3550 
139400 3540 3542 
139450 3555 3560 
139500 3556 3556 
139550 3542 3547 
139600 3544 3548 
139650 3547 3543 
139700 3553 3549 
139750 3540 3546 
139800 3555 3557 
139850 3536 3534 
139900 3542 3542 
139950 3547 3545 
140000 3551 3554 
140050 3556 3556 
140100 3548 3544 
140150 3561 3561 
140200 3564 3563 
140250 3552 3547 
140300 3560 3557 
140350 3559 3557 
140400 3544 3545 
140450 3553 3552 
140500 3549 3555 
140550 3544 3547 
140600 3575 3572 
140650 3551 3544 
140700 3539 3535 
140750 3549 3548 
140800 3552 3548 
140850 3558 3564 
140900 3546 3549 
140950 3550 3544 
141000 3551 3551 
141050 3546 3549 
141100 3560 3558 
141150 3548 3549 
141200 3558 3560 
141250 3547 3546 
141300 3533 3537 
141350 3556 3559 
141400 3561 3566 
141450 3545 3549 
141500 3556 3556 
141550 3564 3562 
141600 3549 3556 
141650 3537 3543 
141700 3556 3554 
141750 3562 3557 
141800 3564 3566 
141850 3549 3543 
141900 3556 3551 
141950 3549 3553 
142000 3548 3546 
142050 3538 3542 
142100 3552 3543 
142150 3550 3547 
142200 3555 3559 
142250 3550 3552 
142300 3552 3556 
142350 3546 3549 
142400 3553 3550 
142450 3556 3553 
142500 3564 3564 
142550 3565 3569 
142600 3569 3569 
142650 3531 3525 
142700 3543 3545 
142750 3544 3541 
142800 3544 3538 
142850 3541 3539 
142900 3555 3558 
142950 3558 3553 
143000 3557 3559 
143050 3555 3555 
143100 3576 3575 
143150 3562 3559 
143200 3560 3559 
143250 3552 3553 
143300 3563 3562 
143350 3551 3548 
143400 3548 3554 
143450 3557 3555 
143500 3553 3555 
143550 3566 3567 
143600 3564 3557 
143650 3560 3558 
143700 3556 3552 
143750 3560 3557 
143800 3559 3553 
143850 3549 3550 
143900 3556 3562 
143950 3550 3549 
144000 3547 3548 
144050 3541 3545 
144100 3553 3550 
144150 3559 3556 
144200 3559 3558 
144250 3531 3535 
144300 3549 3557 
144350 3560 3558 
144400 3548 3546 
144450 3528 3532 
144500 3547 3539 
144550 3557 3556 
144600 3559 3556 
144650 3544 3548 
144700 3551 3551 
144750 3543 3546 
144800 3557 3555 
144850 3544 3542 
144900 3562 3563 
144950 3548 3550 
145000 3552 3551 
145050 3555 3551 
145100 3554 3548 
145150 3558 3550 
145200 3556 3562 
145250 3562 3569 
145300 3565 3562 
145350 3552 3551 
145400 3553 3559 
145450 3561 3565 
145500 3553 3557 
145550 3552 3549 
145600 3552 3554 
145650 3556 3559 
145700 3545 3544 
145750 3535 3533 
145800 3540 3542 
145850 3571 3576 
145900 3560 3563 
145950 3553 3553 
146000 3539 3542 
146050 3537 3540 
146100 3536 3544 
146150 3556 3550 
146200 3552 3550 
146250 3557 3558 
146300 3545 3544 
146350 3536 3537 
146400 3549 3557 
146450 3558 3557 
146500 3556 3553 
146550 3549 3548 
146600 3557 3563 
146650 3554 3547 
146700 3546 3540 
146750 3564 3565 
146800 3546 3554 
146850 3562 3557 
146900 3555 3559 
146950 3543 3536 
147000 3558 3553 
147050 3531 3539 
147100 3547 3556 
147150 3556 3555 
147200 3563 3562 
147250 3545 3548 
147300 3549 3546 
147350 3550 3555 
147400 3531 3528 
147450 3543 3544 
147500 3548 3547 
147550 3548 3551 
147600 3544 3545 
147650 3545 3547 
147700 3565 3561 
147750 3546 3545 
147800 3563 3563 
147850 3544 3543 
147900 3549 3543 
147950 3557 3556 
148000 3562 3562 
148050 3551 3556 
148100 3563 3566 
148150 3552 3550 
148200 3533 3542 
148250 3543 3534 
148300 3553 3552 
148350 3553 3553 
148400 3557 3563 
148450 3547 3552 
148500 3532 3535 
148550 3547 3550 
148600 3541 3548 
148650 3546 3542 
148700 3546 3548 
148750 3557 3552 
148800 3547 3550 
148850 3547 3550 
148900 3551 3556 
148950 3560 3557 
149000 3542 3549 
149050 3552 3550 
149100 3554 3554 
149150 3542 3543 
149200 3554 3559 
149250 3557 3559 
149300 3564 3566 
149350 3542 3538 
149400 3545 3544 
149450 3559 3562 
149500 3551 3546 
149550 3544 3547 
149600 3567 3561 
149650 3551 3547 
149700 3550 3547 
149750 3558 3557 
149800 3559 3560 
149850 3543 3537 
149900 3547 3549 
149950 3538 3539 
150000 3549 3549 
150050 3549 3559 
150100 3558 3561 
150150 3549 3552 
150200 3556 3565 
150250 3544 3548 
150300 3560 3558 
150350 3549 3559 
150400 3561 3561 
150450 3561 3560 
150500 3557 3556 
150550 3561 3560 
150600 3551 3551 
150650 3561 3559 
150700 3539 3537 
150750 3540 3543 
150800 3543 3538 
150850 3553 3555 
150900 3554 3549 
150950 3544 3547 
151000 3563 3561 
151050 3552 3553 
151100 3569 3570 
151150 3550 3551 
151200 3558 3565 
151250 3551 3553 
151300 3541 3540 
151350 3566 3563 
151400 3548 3543 
151450 3553 3554 
151500 3552 3554 
151550 3553 3554 
151600 3550 3553 
151650 3555 3555 
151700 3534 3532 
151750 3554 3552 
151800 3552 3555 
151850 3549 3549 
151900 3562 3561 
151950 3560 3561 
152000 3540 3537 
152050 3550 3547 
152100 3553 3556 
152150 3555 3559 
152200 3556 3554 
152250 3544 3545 
152300 3556 3556 
152350 3548 3547 
152400 3559 3568 
152450 3553 3552 
152500 3549 3550 
152550 3566 3568 
152600 3559 3558 
152650 3562 3564 
152700 3556 3557 
152750 3547 3549 
152800 3548 3548 
152850 3546 3548 
152900 3555 3558 
152950 3567 3564 
153000 3530 3534 
153050 3540 3545 
153100 3554 3560 
153150 3560 3556 
153200 3551 3548 
153250 3538 3541 
153300 3548 3545 
153350 3557 3559 
153400 3554 3554 
153450 3562 3561 
153500 3555 3559 
153550 3554 3558 
153600 3554 3556 
153650 3562 3567 
153700 3549 3551 
153750 3553 3551 
153800 3549 3543 
153850 3551 3550 
153900 3569 3559 
153950 3559 3557 
154000 3554 3549 
154050 3553 3546 
154100 3558 3554 
154150 3555 3546 
154200 3560 3556 
154250 3555 3551 
154300 3554 3560 
154350 3549 3548 
154400 3559 3559 
154450 3557 3551 
154500 3570 3568 
154550 3563 3564 
154600 3544 3549 
154650 3552 3554 
154700 3565 3563 
154750 3548 3548 
154800 3543 3542 
154850 3532 3539 
154900 3551 3556 
154950 3557 3566 
155000 3549 3554 
155050 3546 3554 
155100 3564 3566 
155150 3564 3563 
155200 3538 3541 
155250 3550 3551 
155300 3559 3559 
155350 3560 3558 
155400 3563 3562 
155450 3562 3563 
155500 3556 3557 
155550 3564 3562 
155600 3545 3546 
155650 3556 3552 
155700 3558 3556 
155750 3560 3556 
155800 3547 3548 
155850 3565 3558 
155900 3560 3553 
155950 3548 3543 
156000 3563 3566 
156050 3556 3556 
156100 3555 3555 
156150 3541 3550 
156200 3570 3563 
156250 3556 3558 
156300 3565 3559 
156350 3560 3553 
156400 3547 3543 
156450 3549 3545 
156500 3537 3533 
156550 3553 3551 
156600 3571 3568 
156650 3538 3544 
156700 3552 3549 
156750 3540 3538 
156800 3560 3557 
156850 3566 3556 
156900 3556 3555 
156950 3540 3539 
157000 3566 3566 
157050 3563 3560 
157100 3556 3554 
157150 3543 3548 
157200 3559 3560 
157250 3566 3565 
157300 3544 3549 
157350 3556 3558 
157400 3549 3550 
157450 3552 3545 
157500 3565 3566 
157550 3558 3553 
157600 3557 3555 
157650 3555 3550 
157700 3552 3558 
157750 3553 3550 
157800 3565 3563 
157850 3562 3568 
157900 3555 3554 
157950 3554 3555 
158000 3538 3538 
158050 3566 3564 
158100 3557 3556 
158150 3549 3544 
158200 3556 3562 
158250 3532 3531 
158300 3552 3553 
158350 3555 3561 
158400 3555 3560 
158450 3551 3543 
158500 3551 3556 
158550 3548 3552 
158600 3543 3548 
158650 3546 3550 
158700 3548 3546 
158750 3554 3551 
158800 3553 3555 
158850 3556 3553 
158900 3544 3547 
158950 3555 3557 
159000 3554 3553 
159050 3556 3553 
159100 3560 3561 
159150 3550 3549 
159200 3552 3554 
159250 3557 3556 
159300 3569 3565 
159350 3539 3537 
159400 3565 3565 
159450 3556 3554 
159500 3550 3543 
159550 3540 3545 
159600 3556 3553 
159650 3564 3564 
159700 3553 3549 
159750 3542 3539 
159800 3537 3541 
159850 3556 3553 
159900 3542 3547 
159950 3559 3551 
160000 3548 3551 
160050 3566 3567 
160100 3549 3539 
160150 3556 3552 
160200 3551 3555 
160250 3541 3541 
160300 3546 3545 
160350 3540 3537 
160400 3562 3560 
160450 3551 3549 
160500 3539 3538 
160550 3552 3553 
160600 3567 3570 
160650 3556 3554 
160700 3547 3553 
160750 3531 3533 
160800 3553 3553 
160850 3565 3566 
160900 3561 3556 
160950 3555 3553 
161000 3558 3555 
161050 3562 3562 
161100 3540 3535 
161150 3545 3542 
161200 3559 3560 
161250 3557 3556 
161300 3576 3574 
161350 3547 3547 
161400 3564 3555 
161450 3546 3543 
161500 3551 3555 
161550 3548 3543 
161600 3571 3569 
161650 3558 3571 
161700 3546 3549 
161750 3549 3548 
161800 3552 3549 
161850 3545 3545 
161900 3532 3534 
161950 3534 3534 
162000 3556 3555 
162050 3550 3550 
162100 3550 3554 
162150 3562 3563 
162200 3544 3544 
162250 3560 3557 
162300 3558 3553 
162350 3553 3553 
162400 3561 3562 
162450 3546 3544 
162500 3546 3541 
162550 3552 3546 
162600 3549 3556 
162650 3547 3547 
162700 3546 3547 
162750 3533 3535 
162800 3540 3543 
162850 3558 3559 
162900 3551 3546 
162950 3561 3568 
163000 3554 3552 
163050 3554 3553 
163100 3550 3550 
163150 3553 3550 
163200 3558 3557 
163250 3528 3527 
163300 3553 3550 
163350 3560 3555 
163400 3565 3563 
163450 3548 3549 
163500 3550 3546 
163550 3552 3555 
163600 3554 3556 
163650 3555 3550 
163700 3547 3544 
163750 3550 3552 
163800 3554 3555 
163850 3560 3557 
163900 3566 3565 
163950 3571 3569 
164000 3558 3554 
164050 3553 3557 
164100 3550 3553 
164150 3544 3546 
164200 3555 3560 
164250 3540 3542 
164300 3547 3545 
164350 3539 3539 
164400 3560 3557 
164450 3544 3555 
164500 3561 3565 
164550 3555 3548 
164600 3534 3536 
164650 3544 3542 
164700 3572 3570 
164750 3557 3561 
164800 3549 3553 
164850 3549 3548 
164900 3544 3544 
164950 3558 3558 
165000 3554 3554 
165050 3554 3552 
165100 3548 3547 
165150 3560 3565 
165200 3544 3550 
165250 3557 3557 
165300 3555 3562 
165350 3548 3551 
165400 3542 3546 
165450 3550 3549 
165500 3547 3543 
165550 3550 3547 
165600 3523 3531 
165650 3556 3557 
165700 3559 3549 
165750 3549 3546 
165800 3567 3565 
165850 3539 3545 
165900 3558 3560 
165950 3550 3539 
166000 3574 3572 
166050 3545 3552 
166100 3542 3547 
166150 3552 3548 
166200 3555 3556 
166250 3547 3549 
166300 3552 3550 
166350 3551 3548 
166400 3545 3540 
166450 3550 3554 
166500 3558 3559 
166550 3563 3561 
166600 3553 3554 
166650 3553 3559 
166700 3550 3551 
166750 3552 3546 
166800 3551 3547 
166850 3558 3555 
166900 3554 3559 
166950 3565 3563 
167000 3560 3554 
167050 3551 3547 
167100 3560 3560 
167150 3559 3560 
167200 3568 3566 
167250 3545 3539 
167300 3551 3550 
167350 3556 3553 
167400 3545 3550 
167450 3540 3548 
167500 3559 3562 
167550 3574 3566 
167600 3555 3551 
167650 3540 3541 
167700 3535 3540 
167750 3549 3540 
167800 3556 3550 
167850 3544 3543 
167900 3554 3553 
167950 3553 3553 
168000 3550 3554 
168050 3562 3564 
168100 3554 3555 
168150 3546 3555 
168200 3528 3527 
168250 3546 3549 
168300 3534 3533 
168350 3557 3553 
168400 3550 3546 
168450 3552 3549 
168500 3558 3556 
168550 3548 3551 
168600 3547 3544 
168650 3548 3548 
168700 3548 3555 
168750 3558 3562 
168800 3557 3556 
168850 3560 3560 
168900 3551 3547 
168950 3551 3547 
169000 3555 3553 
169050 3551 3544 
169100 3540 3544 
169150 3550 3554 
169200 3549 3546 
169250 3558 3559 
169300 3568 3564 
169350 3568 3565 
169400 3552 3549 
169450 3555 3554 
169500 3557 3554 
169550 3551 3550 
169600 3559 3559 
169650 3555 3560 
169700 3554 3552 
169750 3556 3554 
169800 3557 3561 
169850 3547 3550 
169900 3563 3565 
169950 3536 3534 
170000 3559 3556 
170050 3557 3553 
170100 3554 3558 
170150 3554 3558 
170200 3546 3543 
170250 3557 3555 
170300 3559 3561 
170350 3556 3558 
170400 3572 3564 
170450 3572 3567 
170500 3533 3528 
170550 3554 3552 
170600 3555 3555 
170650 3553 3555 
170700 3548 3548 
170750 3558 3555 
170800 3552 3549 
170850 3549 3551 
170900 3563 3564 
170950 3553 3554 
171000 3554 3554 
171050 3566 3565 
171100 3553 3553 
171150 3548 3548 
171200 3547 3549 
171250 3546 3542 
171300 3557 3552 
171350 3541 3539 
171400 3536 3538 
171450 3549 3547 
171500 3543 3541 
171550 3564 3564 
171600 3557 3557 
171650 3536 3542 
171700 3560 3561 
171750 3558 3557 
171800 3546 3543 
171850 3538 3537 
171900 3545 3546 
171950 3552 3549 
172000 3556 3559 
172050 3556 3554 
172100 3562 3561 
172150 3566 3563 
172200 3566 3566 
172250 3557 3554 
172300 3538 3535 
172350 3550 3541 
172400 3560 3559 
172450 3552 3555 
172500 3547 3547 
172550 3563 3570 
172600 3545 3541 
172650 3553 3553 
172700 3555 3561 
172750 3546 3547 
172800 3545 3543 
172850 3556 3556 
172900 3563 3560 
172950 3543 3553 
173000 3535 3539 
173050 3559 3554 
173100 3555 3555 
173150 3554 3551 
173200 3554 3551 
173250 3548 3542 
173300 3546 3554 
173350 3551 3554 
173400 3544 3539 
173450 3560 3557 
173500 3556 3559 
173550 3557 3559 
173600 3554 3545 
173650 3563 3564 
173700 3555 3557 
173750 3569 3562 
173800 3559 3562 
173850 3547 3547 
173900 3550 3556 
173950 3545 3540 
174000 3561 3562 
174050 3561 3563 
174100 3564 3557 
174150 3557 3557 
174200 3549 3548 
174250 3551 3548 
174300 3553 3556 
174350 3547 3556 
174400 3553 3549 
174450 3551 3555 
174500 3566 3566 
174550 3560 3567 
174600 3558 3553 
174650 3555 3550 
174700 3566 3565 
174750 3553 3545 
174800 3560 3545 
174850 3556 3551 
174900 3546 3551 
174950 3550 3557 
175000 3566 3564 
175050 3557 3556 
175100 3548 3549 
175150 3541 3543 
175200 3564 3564 
175250 3557 3555 
175300 3548 3549 
175350 3555 3548 
175400 3556 3559 
175450 3549 3551 
175500 3551 3550 
175550 3549 3542 
175600 3556 3562 
175650 3540 3542 
175700 3543 3542 
175750 3557 3557 
175800 3557 3555 
175850 3564 3564 
175900 3539 3536 
175950 3553 3550 
176000 3546 3546 
176050 3534 3540 
176100 3540 3545 
176150 3544 3539 
176200 3547 3547 
176250 3560 3567 
176300 3548 3550 
176350 3559 3558 
176400 3559 3552 
176450 3553 3545 
176500 3561 3555 
176550 3553 3556 
176600 3556 3555 
176650 3553 3542 
176700 3555 3555 
176750 3552 3556 
176800 3564 3561 
176850 3553 3553 
176900 3562 3563 
176950 3547 3546 
177000 3557 3557 
177050 3549 3552 
177100 3550 3549 
177150 3569 3564 
177200 3550 3553 
177250 3547 3545 
177300 3553 3553 
177350 3555 3559 
177400 3552 3554 
177450 3557 3560 
177500 3549 3547 
177550 3538 3544 
177600 3560 3560 
177650 3558 3563 
177700 3543 3555 
177750 3561 3554 
177800 3546 3550 
177850 3548 3547 
177900 3557 3556 
177950 3562 3564 
178000 3553 3551 
178050 3536 3536 
178100 3537 3533 
178150 3537 3531 
178200 3550 3545 
178250 3555 3557 
178300 3553 3552 
178350 3551 3547 
178400 3549 3548 
178450 3563 3559 
178500 3563 3563 
178550 3550 3544 
178600 3564 3557 
178650 3555 3560 
178700 3547 3544 
178750 3553 3552 
178800 3544 3542 
178850 3551 3551 
178900 3564 3565 
178950 3549 3550 
179000 3554 3547 
179050 3547 3549 
179100 3554 3553 
179150 3550 3548 
179200 3552 3552 
179250 3542 3542 
179300 3551 3546 
179350 3561 3550 
179400 3550 3558 
179450 3556 3551 
179500 3552 3552 
179550 3560 3560 
179600 3537 3546 
179650 3550 3548 
179700 3559 3557 
179750 3550 3549 
179800 3538 3533 
179850 3545 3540 
179900 3557 3556 
179950 3549 3551 
180000 3542 3544 
180050 3569 3569 
180100 3552 3551 
180150 3544 3547 
180200 3560 3558 
180250 3543 3533 
180300 3550 3557 
180350 3550 3545 
180400 3539 3542 
180450 3559 3559 
180500 3558 3553 
180550 3558 3550 
180600 3557 3551 
180650 3551 3548 
180700 3552 3553 
180750 3561 3563 
180800 3553 3554 
180850 3557 3553 
180900 3552 3557 
180950 3570 3572 
181000 3539 3539 
181050 3555 3555 
181100 3532 3522 
181150 3541 3539 
181200 3547 3546 
181250 3537 3535 
181300 3543 3549 
181350 3549 3549 
181400 3543 3547 
181450 3551 3557 
181500 3553 3552 
181550 3551 3553 
181600 3563 3560 
181650 3547 3553 
181700 3548 3553 
181750 3544 3537 
181800 3545 3550 
181850 3539 3547 
181900 3559 3555 
181950 3562 3562 
182000 3537 3544 
182050 3542 3544 
182100 3542 3549 
182150 3557 3558 
182200 3552 3554 
182250 3570 3565 
182300 3553 3557 
182350 3561 3562 
182400 3550 3546 
182450 3549 3555 
182500 3541 3542 
182550 3534 3535 
182600 3540 3543 
182650 3542 3548 
182700 3554 3549 
182750 3547 3546 
182800 3551 3551 
182850 3560 3549 
182900 3551 3546 
182950 3550 3553 
183000 3553 3543 
183050 3547 3545 
183100 3545 3544 
183150 3543 3544 
183200 3561 3562 
183250 3561 3558 
183300 3554 3560 
183350 3563 3566 
183400 3533 3540 
183450 3557 3557 
183500 3549 3550 
183550 3541 3545 
183600 3556 3555 
183650 3545 3546 
183700 3557 3557 
183750 3558 3557 
183800 3536 3544 
183850 3545 3548 
183900 3541 3541 
183950 3560 3557 
184000 3557 3559 
184050 3568 3571 
184100 3547 3552 
184150 3555 3558 
184200 3549 3548 
184250 3556 3557 
184300 3557 3561 
184350 3547 3545 
184400 3558 3558 
184450 3562 3564 
184500 3557 3556 
184550 3554 3552 
184600 3550 3551 
184650 3545 3541 
184700 3569 3564 
184750 3558 3555 
184800 3555 3562 
184850 3548 3543 
184900 3550 3554 
184950 3543 3537 
185000 3539 3537 
185050 3550 3548 
185100 3556 3554 
185150 3543 3552 
185200 3536 3539 
185250 3550 3552 
185300 3564 3561 
185350 3554 3548 
185400 3566 3572 
185450 3553 3553 
185500 3536 3536 
185550 3544 3541 
185600 3543 3540 
185650 3556 3552 
185700 3539 3538 
185750 3554 3548 
185800 3562 3560 
185850 3554 3555 
185900 3550 3551 
185950 3549 3553 
186000 3562 3569 
186050 3564 3567 
186100 3550 3560 
186150 3540 3542 
186200 3544 3542 
186250 3558 3555 
186300 3562 3567 
186350 3568 3562 
186400 3567 3571 
186450 3550 3552 
186500 3549 3551 
186550 3559 3548 
186600 3539 3535 
186650 3562 3562 
186700 3568 3572 
186750 3555 3555 
186800 3558 3559 
186850 3551 3548 
186900 3556 3561 
186950 3552 3555 
187000 3556 3559 
187050 3542 3553 
187100 3551 3550 
187150 3537 3542 
187200 3553 3552 
187250 3549 3546 
187300 3552 3544 
187350 3552 3552 
187400 3566 3565 
187450 3554 3555 
187500 3561 3557 
187550 3552 3548 
187600 3568 3564 
187650 3560 3565 
187700 3546 3552 
187750 3537 3536 
187800 3549 3546 
187850 3552 3547 
187900 3561 3562 
187950 3561 3559 
188000 3539 3538 
188050 3552 3551 
188100 3549 3545 
188150 3548 3549 
188200 3545 3549 
188250 3538 3546 
188300 3549 3554 
188350 3547 3549 
188400 3535 3541 
188450 3559 3558 
188500 3563 3561 
188550 3555 3554 
188600 3559 3554 
188650 3553 3554 
188700 3545 3549 
188750 3557 3559 
188800 3570 3565 
188850 3569 3567 
188900 3561 3559 
188950 3546 3547 
189000 3550 3556 
189050 3556 3561 
189100 3560 3554 
189150 3555 3550 
189200 3541 3541 
189250 3555 3557 
189300 3547 3544 
189350 3542 3538 
189400 3555 3554 
189450 3545 3548 
189500 3543 3547 
189550 3548 3546 
189600 3546 3544 
189650 3550 3543 
189700 3561 3564 
189750 3561 3559 
189800 3534 3533 
189850 3535 3537 
189900 3546 3547 
189950 3553 3551 
190000 3554 3556 
190050 3553 3562 
190100 3560 3561 
190150 3558 3562 
190200 3541 3544 
190250 3547 3539 
190300 3550 3550 
190350 3542 3546 
190400 3558 3561 
190450 3567 3570 
190500 3531 3544 
190550 3546 3553 
190600 3558 3556 
190650 3559 3558 
190700 3543 3546 
190750 3546 3543 
190800 3555 3561 
190850 3541 3546 
190900 3560 3565 
190950 3553 3549 
191000 3552 3552 
191050 3551 3550 
191100 3555 3549 
191150 3559 3556 
191200 3556 3556 
191250 3567 3570 
191300 3555 3552 
191350 3540 3546 
191400 3558 3563 
191450 3559 3560 
191500 3541 3550 
191550 3550 3553 
191600 3546 3550 
191650 3538 3540 
191700 3554 3549 
191750 3542 3544 
191800 3558 3547 
191850 3560 3559 
191900 3545 3544 
191950 3555 3562 
192000 3556 3556 
192050 3563 3569 
192100 3554 3549 
192150 3541 3552 
192200 3538 3542 
192250 3549 3552 
192300 3544 3541 
192350 3550 3551 
192400 3560 3559 
192450 3541 3536 
192500 3543 3546 
192550 3558 3555 
192600 3545 3549 
192650 3537 3535 
192700 3558 3555 
192750 3554 3549 
192800 3547 3542 
192850 3552 3553 
192900 3563 3558 
192950 3557 3557 
193000 3569 3568 
193050 3551 3552 
193100 3545 3549 
193150 3555 3558 
193200 3541 3550 
193250 3546 3548 
193300 3554 3555 
193350 3556 3559 
193400 3541 3541 
193450 3557 3551 
193500 3550 3549 
193550 3554 3552 
193600 3557 3555 
193650 3558 3561 
193700 3550 3557 
193750 3524 3527 
193800 3554 3556 
193850 3541 3546 
193900 3559 3558 
193950 3540 3533 
194000 3555 3556 
194050 3554 3555 
194100 3544 3539 
194150 3551 3551 
194200 3548 3547 
194250 3546 3541 
194300 3558 3553 
194350 3554 3555 
194400 3560 3554 
194450 3557 3557 
194500 3553 3557 
194550 3568 3562 
194600 3555 3556 
194650 3560 3561 
194700 3547 3550 
194750 3565 3559 
194800 3542 3544 
194850 3538 3543 
194900 3558 3557 
194950 3554 3554 
195000 3556 3555 
195050 3551 3544 
195100 3548 3550 
195150 3549 3559 
195200 3527 3527 
195250 3551 3549 
195300 3554 3552 
195350 3546 3543 
195400 3550 3549 
195450 3559 3559 
195500 3554 3549 
195550 3548 3551 
195600 3546 3549 
195650 3556 3555 
195700 3552 3550 
195750 3563 3558 
195800 3533 3546 
195850 3545 3543 
195900 3551 3552 
195950 3552 3548 
196000 3551 3552 
196050 3541 3540 
196100 3550 3549 
196150 3522 3523 
196200 3548 3544 
196250 3546 3550 
196300 3544 3541 
196350 3548 3548 
196400 3553 3551 
196450 3555 3555 
196500 3552 3554 
196550 3560 3559 
196600 3538 3541 
196650 3562 3567 
196700 3558 3556 
196750 3543 3546 
196800 3546 3551 
196850 3541 3540 
196900 3555 3560 
196950 3547 3546 
197000 3554 3552 
197050 3546 3546 
197100 3560 3560 
197150 3539 3538 
197200 3541 3546 
197250 3530 3532 
197300 3558 3552 
197350 3544 3541 
197400 3555 3554 
197450 3554 3552 
197500 3532 3535 
197550 3550 3555 
197600 3552 3550 
197650 3552 3552 
197700 3569 3566 
197750 3539 3545 
197800 3567 3572 
197850 3546 3552 
197900 3548 3552 
197950 3538 3549 
198000 3536 3535 
198050 3552 3552 
198100 3554 3550 
198150 3555 3548 
198200 3549 3550 
198250 3562 3560 
198300 3546 3554 
198350 3547 3549 
198400 3537 3543 
198450 3537 3543 
198500 3546 3541 
198550 3538 3540 
198600 3563 3555 
198650 3561 3555 
198700 3552 3551 
198750 3535 3534 
198800 3559 3553 
198850 3554 3554 
198900 3567 3567 
198950 3556 3563 
199000 3556 3552 
199050 3555 3558 
199100 3548 3556 
199150 3537 3532 
199200 3559 3561 
199250 3545 3545 
199300 3553 3548 
199350 3546 3546 
199400 3555 3552 
199450 3558 3556 
199500 3559 3558 
199550 3567 3567 
199600 3549 3547 
199650 3560 3565 
199700 3548 3550 
199750 3547 3545 
199800 3562 3556 
199850 3547 3550 
199900 3542 3546 
199950 3547 3547 
200000 3555 3544 
