# Avida tasks data
# Sun Apr  8 00:32:00 2012
# First column gives the current update, next columns give the number
# of organisms that have the particular task as a component of their merit
#  1: Update
#  2: Xor
#  3: Equals

0 0 0 
50 7 7 
100 29 29 
150 83 83 
200 189 189 
250 368 370 
300 601 603 
350 861 858 
400 1178 1180 
450 1572 1575 
500 2020 2018 
550 2495 2490 
600 3028 3024 
650 3357 3361 
700 3503 3508 
750 3527 3528 
800 3539 3542 
850 3537 3532 
900 3529 3532 
950 3533 3532 
1000 3537 3536 
1050 3182 2868 
1100 3384 2472 
1150 3365 1957 
1200 3369 1572 
1250 3377 1271 
1300 3402 1054 
1350 3416 821 
1400 3424 552 
1450 3443 385 
1500 3471 253 
1550 3497 493 
1600 3525 927 
1650 3527 1350 
1700 3533 1769 
1750 3527 2118 
1800 3534 2449 
1850 3527 2782 
1900 3523 2999 
1950 3511 3159 
2000 3534 3320 
2050 3254 2552 
2100 3328 1878 
2150 3357 1317 
2200 3440 1002 
2250 3494 798 
2300 3499 575 
2350 3513 397 
2400 3510 249 
2450 3514 138 
2500 3537 54 
2550 3539 158 
2600 3555 804 
2650 3553 1258 
2700 3568 1685 
2750 3546 2075 
2800 3547 2424 
2850 3544 2700 
2900 3543 2885 
2950 3533 3056 
3000 3540 3234 
3050 3304 2295 
3100 3416 1380 
3150 3450 847 
3200 3493 491 
3250 3533 276 
3300 3524 172 
3350 3547 83 
3400 3556 37 
3450 3533 16 
3500 3536 11 
3550 3520 100 
3600 3526 871 
3650 3511 1420 
3700 3525 1887 
3750 3536 2263 
3800 3539 2568 
3850 3546 2808 
3900 3529 2980 
3950 3533 3151 
4000 3553 3299 
4050 3312 2311 
4100 3415 1398 
4150 3463 836 
4200 3500 456 
4250 3525 234 
4300 3519 154 
4350 3538 79 
4400 3540 39 
4450 3543 13 
4500 3550 9 
4550 3543 547 
4600 3549 1342 
4650 3542 1866 
4700 3541 2257 
4750 3547 2610 
4800 3526 2855 
4850 3542 3096 
4900 3529 3234 
4950 3532 3348 
5000 3519 3436 
5050 3323 2272 
5100 3466 1220 
5150 3506 604 
5200 3539 265 
5250 3544 81 
5300 3541 38 
5350 3545 11 
5400 3551 7 
5450 3547 5 
5500 3549 6 
5550 3563 376 
5600 3538 979 
5650 3553 1535 
5700 3549 2006 
5750 3543 2338 
5800 3544 2632 
5850 3540 2883 
5900 3544 3155 
5950 3538 3314 
6000 3542 3438 
6050 3364 2182 
6100 3446 1093 
6150 3494 573 
6200 3516 287 
6250 3528 113 
6300 3530 66 
6350 3530 32 
6400 3543 13 
6450 3538 10 
6500 3548 5 
6550 3537 155 
6600 3525 808 
6650 3532 1336 
6700 3543 1763 
6750 3556 2120 
6800 3546 2386 
6850 3550 2647 
6900 3528 2837 
6950 3542 3033 
7000 3539 3168 
7050 3345 2186 
7100 3440 1245 
7150 3477 632 
7200 3523 270 
7250 3532 121 
7300 3526 50 
7350 3545 30 
7400 3535 20 
7450 3533 15 
7500 3545 7 
7550 3540 254 
7600 3544 1108 
7650 3545 1772 
7700 3547 2265 
7750 3552 2645 
7800 3543 2878 
7850 3544 3054 
7900 3531 3212 
7950 3543 3320 
8000 3566 3399 
8050 3357 2300 
8100 3435 1243 
8150 3493 646 
8200 3513 294 
8250 3531 123 
8300 3542 53 
8350 3538 27 
8400 3546 19 
8450 3543 6 
8500 3544 11 
8550 3547 453 
8600 3537 934 
8650 3533 1401 
8700 3539 1846 
8750 3548 2265 
8800 3548 2573 
8850 3549 2844 
8900 3539 3005 
8950 3550 3155 
9000 3553 3269 
9050 3324 2325 
9100 3383 1457 
9150 3432 983 
9200 3457 652 
9250 3481 459 
9300 3528 366 
9350 3530 222 
9400 3538 128 
9450 3522 63 
9500 3549 33 
9550 3543 562 
9600 3540 1234 
9650 3523 1685 
9700 3541 2127 
9750 3551 2466 
9800 3553 2762 
9850 3542 3025 
9900 3556 3219 
9950 3545 3339 
10000 3537 3431 
10050 3353 2248 
10100 3469 1231 
10150 3511 629 
10200 3540 296 
10250 3547 97 
10300 3535 41 
10350 3545 25 
10400 3535 12 
10450 3550 14 
10500 3546 4 
10550 3534 553 
10600 3539 1214 
10650 3528 1766 
10700 3540 2284 
10750 3542 2671 
10800 3544 2918 
10850 3519 3082 
10900 3549 3239 
10950 3526 3303 
11000 3536 3407 
11050 3316 2317 
11100 3444 1385 
11150 3478 844 
11200 3514 460 
11250 3513 239 
11300 3529 125 
11350 3528 61 
11400 3530 26 
11450 3553 18 
11500 3551 7 
11550 3518 222 
11600 3518 860 
11650 3535 1272 
11700 3531 1712 
11750 3523 2088 
11800 3532 2451 
11850 3544 2714 
11900 3549 2961 
11950 3542 3132 
12000 3549 3281 
12050 3260 2534 
12100 3315 1843 
12150 3345 1358 
12200 3466 1076 
12250 3511 786 
12300 3489 551 
12350 3514 339 
12400 3530 185 
12450 3532 61 
12500 3522 17 
12550 3534 17 
12600 3507 620 
12650 3497 1103 
12700 3525 1574 
12750 3529 1974 
12800 3542 2360 
12850 3535 2647 
12900 3532 2894 
12950 3534 3076 
13000 3547 3230 
13050 3301 2346 
13100 3375 1384 
13150 3463 840 
13200 3493 440 
13250 3540 177 
13300 3533 81 
13350 3536 18 
13400 3550 5 
13450 3554 5 
13500 3534 8 
13550 3545 138 
13600 3526 906 
13650 3501 1462 
13700 3505 1994 
13750 3495 2454 
13800 3477 2839 
13850 3467 3107 
13900 3498 3257 
13950 3514 3376 
14000 3546 3459 
14050 3354 2302 
14100 3454 1254 
14150 3496 682 
14200 3525 334 
14250 3540 162 
14300 3547 73 
14350 3554 23 
14400 3543 10 
14450 3540 2 
14500 3551 2 
14550 3526 216 
14600 3493 970 
14650 3496 1574 
14700 3520 2037 
14750 3512 2423 
14800 3529 2740 
14850 3525 3005 
14900 3529 3205 
14950 3530 3341 
15000 3529 3448 
15050 3293 2363 
15100 3411 1410 
15150 3458 810 
15200 3492 447 
15250 3513 244 
15300 3521 108 
15350 3535 41 
15400 3541 14 
15450 3547 7 
15500 3541 8 
15550 3528 136 
15600 3521 734 
15650 3532 1251 
15700 3536 1635 
15750 3534 1973 
15800 3540 2275 
15850 3549 2584 
15900 3553 2851 
15950 3543 3074 
16000 3549 3208 
16050 3324 2296 
16100 3440 1233 
16150 3476 651 
16200 3506 317 
16250 3526 148 
16300 3537 72 
16350 3533 47 
16400 3548 15 
16450 3542 10 
16500 3553 11 
16550 3534 123 
16600 3542 855 
16650 3527 1431 
16700 3516 1869 
16750 3533 2211 
16800 3522 2494 
16850 3526 2755 
16900 3524 2968 
16950 3555 3192 
17000 3545 3310 
17050 3364 2288 
17100 3438 1378 
17150 3494 846 
17200 3512 567 
17250 3524 409 
17300 3537 287 
17350 3543 191 
17400 3552 98 
17450 3549 48 
17500 3541 21 
17550 3541 368 
17600 3543 999 
17650 3547 1500 
17700 3560 2013 
17750 3552 2520 
17800 3539 2873 
17850 3557 3173 
17900 3544 3336 
17950 3552 3450 
18000 3543 3491 
18050 3341 2324 
18100 3476 1176 
18150 3504 569 
18200 3535 241 
18250 3552 110 
18300 3543 55 
18350 3545 16 
18400 3558 12 
18450 3549 8 
18500 3539 3 
18550 3534 266 
18600 3524 887 
18650 3515 1442 
18700 3512 1887 
18750 3513 2325 
18800 3520 2658 
18850 3525 2934 
18900 3527 3175 
18950 3541 3327 
19000 3542 3430 
19050 3327 2316 
19100 3450 1198 
19150 3494 618 
19200 3521 319 
19250 3541 185 
19300 3545 120 
19350 3536 61 
19400 3537 37 
19450 3541 18 
19500 3550 6 
19550 3546 206 
19600 3551 766 
19650 3547 1214 
19700 3548 1581 
19750 3555 1937 
19800 3545 2297 
19850 3543 2614 
19900 3552 2884 
19950 3548 3081 
20000 3552 3231 
20050 3323 2230 
20100 3431 1274 
20150 3489 679 
20200 3502 322 
20250 3526 138 
20300 3540 61 
20350 3531 23 
20400 3547 12 
20450 3538 11 
20500 3551 6 
20550 3514 318 
20600 3515 1059 
20650 3509 1631 
20700 3517 2150 
20750 3517 2610 
20800 3523 2949 
20850 3512 3182 
20900 3530 3324 
20950 3546 3443 
21000 3532 3470 
21050 3318 2336 
21100 3405 1373 
21150 3455 841 
21200 3500 526 
21250 3541 316 
21300 3545 195 
21350 3546 113 
21400 3551 59 
21450 3553 14 
21500 3551 9 
21550 3541 369 
21600 3538 979 
21650 3545 1494 
21700 3558 1914 
21750 3543 2292 
21800 3540 2640 
21850 3546 2943 
21900 3546 3161 
21950 3549 3307 
22000 3552 3394 
22050 3320 2329 
22100 3444 1300 
22150 3525 601 
22200 3552 217 
22250 3541 72 
22300 3554 34 
22350 3528 14 
22400 3550 9 
22450 3555 3 
22500 3530 2 
22550 3506 420 
22600 3507 1243 
22650 3523 1758 
22700 3550 2178 
22750 3538 2492 
22800 3542 2746 
22850 3529 2898 
22900 3533 3058 
22950 3540 3172 
23000 3553 3277 
23050 3305 2407 
23100 3391 1489 
23150 3437 999 
23200 3470 623 
23250 3521 396 
23300 3534 254 
23350 3533 137 
23400 3528 63 
23450 3544 29 
23500 3533 15 
23550 3529 3 
23600 3500 516 
23650 3495 1183 
23700 3526 1726 
23750 3528 2122 
23800 3542 2463 
23850 3540 2729 
23900 3546 2978 
23950 3533 3166 
24000 3548 3341 
24050 3340 2188 
24100 3463 1175 
24150 3518 598 
24200 3518 277 
24250 3545 121 
24300 3557 46 
24350 3549 26 
24400 3551 13 
24450 3551 15 
24500 3541 12 
24550 3533 433 
24600 3520 1177 
24650 3525 1728 
24700 3532 2154 
24750 3529 2516 
24800 3540 2781 
24850 3531 3018 
24900 3529 3205 
24950 3539 3337 
25000 3540 3417 
25050 3335 2325 
25100 3451 1266 
25150 3504 657 
25200 3521 345 
25250 3536 152 
25300 3529 77 
25350 3544 31 
25400 3552 10 
25450 3563 3 
25500 3541 10 
25550 3549 644 
25600 3560 1329 
25650 3551 1847 
25700 3551 2262 
25750 3542 2562 
25800 3538 2816 
25850 3552 3061 
25900 3552 3216 
25950 3552 3328 
26000 3551 3436 
26050 3326 2379 
26100 3422 1470 
26150 3482 917 
26200 3509 535 
26250 3548 313 
26300 3547 153 
26350 3540 69 
26400 3558 27 
26450 3554 13 
26500 3555 11 
26550 3539 375 
26600 3552 990 
26650 3539 1388 
26700 3544 1754 
26750 3538 2122 
26800 3541 2374 
26850 3539 2623 
26900 3547 2881 
26950 3557 3069 
27000 3557 3210 
27050 3344 2217 
27100 3446 1245 
27150 3469 712 
27200 3525 368 
27250 3533 144 
27300 3540 50 
27350 3542 32 
27400 3551 18 
27450 3533 10 
27500 3539 9 
27550 3546 105 
27600 3556 828 
27650 3542 1463 
27700 3554 2023 
27750 3522 2397 
27800 3537 2735 
27850 3562 3002 
27900 3544 3190 
27950 3550 3350 
28000 3543 3418 
28050 3317 2218 
28100 3432 1159 
28150 3448 677 
28200 3492 399 
28250 3505 218 
28300 3524 129 
28350 3543 74 
28400 3529 42 
28450 3524 17 
28500 3544 7 
28550 3535 421 
28600 3552 952 
28650 3549 1414 
28700 3539 1757 
28750 3534 2116 
28800 3541 2472 
28850 3555 2746 
28900 3555 2936 
28950 3552 3100 
29000 3547 3228 
29050 3363 2218 
29100 3471 1093 
29150 3524 506 
29200 3533 206 
29250 3527 77 
29300 3540 35 
29350 3547 20 
29400 3539 13 
29450 3541 15 
29500 3549 9 
29550 3550 1 
29600 3540 558 
29650 3554 1229 
29700 3542 1742 
29750 3548 2214 
29800 3546 2598 
29850 3545 2907 
29900 3540 3166 
29950 3539 3339 
30000 3549 3460 
30050 3346 2385 
30100 3402 1465 
30150 3452 977 
30200 3453 673 
30250 3490 530 
30300 3501 386 
30350 3506 287 
30400 3528 192 
30450 3537 117 
30500 3535 61 
30550 3550 374 
30600 3533 1093 
30650 3538 1556 
30700 3532 1956 
30750 3547 2281 
30800 3531 2494 
30850 3547 2748 
30900 3546 2988 
30950 3562 3162 
31000 3544 3302 
31050 3350 2230 
31100 3425 1197 
31150 3484 604 
31200 3505 315 
31250 3535 169 
31300 3546 86 
31350 3547 33 
31400 3562 9 
31450 3559 10 
31500 3548 7 
31550 3551 410 
31600 3556 940 
31650 3545 1392 
31700 3538 1757 
31750 3539 2128 
31800 3544 2471 
31850 3548 2762 
31900 3537 2986 
31950 3533 3139 
32000 3543 3296 
32050 3271 2435 
32100 3365 1680 
32150 3450 1081 
32200 3459 649 
32250 3524 428 
32300 3511 271 
32350 3538 131 
32400 3540 56 
32450 3539 31 
32500 3546 10 
32550 3521 263 
32600 3424 1059 
32650 3399 1670 
32700 3316 2226 
32750 3317 2687 
32800 3278 2983 
32850 3306 3215 
32900 3330 3341 
32950 3335 3438 
33000 3353 3478 
33050 3263 2351 
33100 3386 1409 
33150 3460 860 
33200 3463 502 
33250 3516 292 
33300 3514 159 
33350 3544 70 
33400 3550 19 
33450 3549 9 
33500 3537 7 
33550 3521 402 
33600 3529 951 
33650 3528 1414 
33700 3541 1894 
33750 3538 2267 
33800 3528 2547 
33850 3551 2797 
33900 3540 2988 
33950 3550 3167 
34000 3561 3272 
34050 3361 2165 
34100 3450 1104 
34150 3478 537 
34200 3508 308 
34250 3542 161 
34300 3557 72 
34350 3548 38 
34400 3525 13 
34450 3539 9 
34500 3545 4 
34550 3546 671 
34600 3543 1294 
34650 3546 1835 
34700 3547 2249 
34750 3546 2591 
34800 3544 2838 
34850 3548 3062 
34900 3536 3215 
34950 3543 3356 
35000 3529 3439 
35050 3307 2340 
35100 3422 1456 
35150 3462 901 
35200 3482 625 
35250 3513 491 
35300 3531 336 
35350 3526 201 
35400 3543 135 
35450 3556 73 
35500 3562 38 
35550 3538 47 
35600 3509 714 
35650 3511 1255 
35700 3521 1651 
35750 3545 2011 
35800 3545 2358 
35850 3533 2701 
35900 3541 2976 
35950 3545 3161 
36000 3541 3269 
36050 3257 2486 
36100 3359 1712 
36150 3401 1120 
36200 3459 799 
36250 3502 617 
36300 3523 416 
36350 3525 271 
36400 3543 154 
36450 3547 58 
36500 3547 11 
36550 3541 291 
36600 3537 1120 
36650 3544 1724 
36700 3550 2244 
36750 3545 2619 
36800 3546 2908 
36850 3522 3109 
36900 3552 3265 
36950 3544 3345 
37000 3543 3426 
37050 3309 2418 
37100 3400 1337 
37150 3470 732 
37200 3509 318 
37250 3533 145 
37300 3544 68 
37350 3548 26 
37400 3546 11 
37450 3556 5 
37500 3559 1 
37550 3526 25 
37600 3504 768 
37650 3500 1380 
37700 3501 1858 
37750 3525 2219 
37800 3527 2564 
37850 3539 2807 
37900 3537 3050 
37950 3544 3209 
38000 3512 3318 
38050 3302 2367 
38100 3395 1448 
38150 3455 892 
38200 3490 519 
38250 3532 300 
38300 3546 181 
38350 3544 94 
38400 3540 53 
38450 3537 24 
38500 3548 11 
38550 3539 332 
38600 3549 978 
38650 3540 1557 
38700 3538 2015 
38750 3526 2332 
38800 3526 2607 
38850 3548 2847 
38900 3542 3043 
38950 3537 3165 
39000 3546 3312 
39050 3250 2594 
39100 3304 1960 
39150 3327 1491 
39200 3464 1262 
39250 3436 937 
39300 3466 700 
39350 3465 502 
39400 3487 375 
39450 3501 278 
39500 3505 180 
39550 3507 146 
39600 3487 925 
39650 3512 1419 
39700 3520 1819 
39750 3522 2185 
39800 3546 2507 
39850 3528 2793 
39900 3543 3032 
39950 3554 3186 
40000 3540 3288 
40050 3297 2364 
40100 3390 1405 
40150 3471 778 
40200 3503 384 
40250 3538 168 
40300 3544 89 
40350 3532 39 
40400 3539 12 
40450 3533 1 
40500 3545 4 
40550 3553 62 
40600 3560 796 
40650 3542 1309 
40700 3545 1736 
40750 3551 2120 
40800 3546 2448 
40850 3550 2723 
40900 3551 2910 
40950 3552 3059 
41000 3550 3160 
41050 3316 2345 
41100 3391 1586 
41150 3461 989 
41200 3477 630 
41250 3523 372 
41300 3528 197 
41350 3540 72 
41400 3538 29 
41450 3538 13 
41500 3539 4 
41550 3526 422 
41600 3519 1091 
41650 3535 1672 
41700 3515 2138 
41750 3531 2537 
41800 3540 2846 
41850 3539 3100 
41900 3545 3304 
41950 3540 3420 
42000 3522 3468 
42050 3325 2365 
42100 3417 1389 
42150 3468 834 
42200 3509 505 
42250 3519 297 
42300 3540 167 
42350 3530 76 
42400 3536 33 
42450 3539 10 
42500 3529 11 
42550 3548 445 
42600 3551 1328 
42650 3528 1972 
42700 3531 2448 
42750 3532 2807 
42800 3557 3072 
42850 3536 3237 
42900 3538 3368 
42950 3527 3443 
43000 3543 3506 
43050 3271 2557 
43100 3347 1645 
43150 3396 1093 
43200 3483 771 
43250 3512 487 
43300 3527 280 
43350 3537 173 
43400 3548 96 
43450 3543 38 
43500 3545 15 
43550 3567 400 
43600 3553 897 
43650 3561 1367 
43700 3550 1740 
43750 3548 2131 
43800 3554 2488 
43850 3550 2757 
43900 3540 2960 
43950 3536 3115 
44000 3547 3233 
44050 3290 2489 
44100 3393 1624 
44150 3468 1004 
44200 3468 594 
44250 3517 408 
44300 3531 286 
44350 3555 146 
44400 3551 70 
44450 3551 42 
44500 3552 14 
44550 3533 3 
44600 3537 560 
44650 3531 1126 
44700 3538 1573 
44750 3538 1924 
44800 3533 2284 
44850 3544 2553 
44900 3522 2792 
44950 3553 3065 
45000 3539 3241 
45050 3332 2354 
45100 3439 1401 
45150 3480 811 
45200 3510 369 
45250 3529 156 
45300 3516 72 
45350 3529 27 
45400 3537 7 
45450 3534 2 
45500 3539 6 
45550 3532 37 
45600 3535 887 
45650 3531 1473 
45700 3539 1942 
45750 3555 2335 
45800 3549 2668 
45850 3538 2953 
45900 3551 3189 
45950 3538 3342 
46000 3549 3425 
46050 3307 2417 
46100 3395 1489 
46150 3453 890 
46200 3512 557 
46250 3524 374 
46300 3544 226 
46350 3533 124 
46400 3546 75 
46450 3554 38 
46500 3548 16 
46550 3544 109 
46600 3540 800 
46650 3549 1364 
46700 3543 1786 
46750 3549 2184 
46800 3545 2512 
46850 3553 2779 
46900 3532 3011 
46950 3544 3238 
47000 3555 3401 
47050 3331 2306 
47100 3435 1186 
47150 3491 583 
47200 3500 209 
47250 3530 68 
47300 3531 31 
47350 3538 11 
47400 3537 5 
47450 3549 8 
47500 3534 2 
47550 3534 6 
47600 3540 561 
47650 3550 1031 
47700 3550 1434 
47750 3539 1799 
47800 3539 2135 
47850 3533 2414 
47900 3550 2723 
47950 3543 2947 
48000 3547 3116 
48050 3360 2125 
48100 3447 1100 
48150 3520 486 
48200 3540 194 
48250 3543 77 
48300 3539 25 
48350 3550 13 
48400 3517 10 
48450 3521 8 
48500 3541 5 
48550 3530 360 
48600 3530 940 
48650 3550 1452 
48700 3531 1836 
48750 3538 2256 
48800 3530 2616 
48850 3543 2896 
48900 3527 3094 
48950 3530 3251 
49000 3532 3356 
49050 3340 2098 
49100 3450 1132 
49150 3475 573 
49200 3534 291 
49250 3535 156 
49300 3533 65 
49350 3532 41 
49400 3549 14 
49450 3538 11 
49500 3549 7 
49550 3549 237 
49600 3542 951 
49650 3548 1496 
49700 3543 1881 
49750 3556 2241 
49800 3552 2517 
49850 3537 2772 
49900 3551 3015 
49950 3546 3183 
50000 3544 3382 
50050 3324 2285 
50100 3400 1367 
50150 3466 817 
50200 3483 447 
50250 3508 252 
50300 3546 129 
50350 3543 53 
50400 3541 14 
50450 3542 11 
50500 3539 17 
50550 3546 332 
50600 3545 867 
50650 3548 1325 
50700 3544 1745 
50750 3539 2116 
50800 3552 2445 
50850 3541 2695 
50900 3552 2931 
50950 3551 3100 
51000 3546 3232 
51050 3373 2126 
51100 3488 1051 
51150 3501 460 
51200 3522 159 
51250 3552 49 
51300 3537 24 
51350 3552 13 
51400 3539 9 
51450 3534 10 
51500 3551 10 
51550 3519 327 
51600 3507 1148 
51650 3533 1695 
51700 3551 2101 
51750 3546 2438 
51800 3539 2732 
51850 3542 2981 
51900 3536 3208 
51950 3543 3376 
52000 3541 3462 
52050 3304 2415 
52100 3405 1427 
52150 3476 760 
52200 3509 406 
52250 3537 189 
52300 3554 82 
52350 3554 29 
52400 3556 12 
52450 3543 9 
52500 3548 9 
52550 3549 522 
52600 3534 1237 
52650 3553 1946 
52700 3531 2436 
52750 3551 2846 
52800 3561 3112 
52850 3548 3331 
52900 3541 3465 
52950 3554 3515 
53000 3546 3524 
53050 3299 2272 
53100 3393 1367 
53150 3445 838 
53200 3506 574 
53250 3514 335 
53300 3521 168 
53350 3527 74 
53400 3540 17 
53450 3554 8 
53500 3538 11 
53550 3535 42 
53600 3519 813 
53650 3521 1353 
53700 3512 1862 
53750 3507 2370 
53800 3503 2745 
53850 3494 3012 
53900 3491 3223 
53950 3504 3333 
54000 3503 3408 
54050 3298 2351 
54100 3393 1456 
54150 3416 977 
54200 3500 763 
54250 3495 535 
54300 3521 367 
54350 3542 235 
54400 3533 133 
54450 3536 82 
54500 3546 32 
54550 3533 553 
54600 3553 1382 
54650 3543 1928 
54700 3551 2490 
54750 3559 2857 
54800 3561 3129 
54850 3558 3349 
54900 3539 3449 
54950 3564 3537 
55000 3547 3534 
55050 3326 2402 
55100 3411 1426 
55150 3451 869 
55200 3495 621 
55250 3531 369 
55300 3520 180 
55350 3520 79 
55400 3541 25 
55450 3567 7 
55500 3550 2 
55550 3559 0 
55600 3556 456 
55650 3547 1075 
55700 3550 1603 
55750 3558 2064 
55800 3536 2431 
55850 3541 2805 
55900 3551 3115 
55950 3548 3298 
56000 3562 3416 
56050 3296 2397 
56100 3394 1506 
56150 3470 899 
56200 3532 539 
56250 3538 257 
56300 3546 105 
56350 3549 37 
56400 3554 10 
56450 3559 6 
56500 3564 6 
56550 3549 7 
56600 3467 86 
56650 3397 795 
56700 3432 1305 
56750 3485 1734 
56800 3501 2116 
56850 3532 2503 
56900 3541 2824 
56950 3548 3062 
57000 3533 3193 
57050 3308 2212 
57100 3420 1176 
57150 3515 589 
57200 3542 225 
57250 3555 89 
57300 3554 22 
57350 3548 4 
57400 3549 6 
57450 3548 3 
57500 3555 1 
57550 3536 416 
57600 3526 972 
57650 3522 1422 
57700 3539 1791 
57750 3539 2152 
57800 3547 2466 
57850 3545 2745 
57900 3522 2991 
57950 3544 3175 
58000 3546 3277 
58050 3289 2431 
58100 3386 1508 
58150 3443 897 
58200 3491 516 
58250 3506 246 
58300 3538 79 
58350 3527 18 
58400 3543 4 
58450 3546 1 
58500 3555 3 
58550 3549 240 
58600 3551 901 
58650 3559 1409 
58700 3551 1933 
58750 3560 2380 
58800 3541 2728 
58850 3550 3030 
58900 3546 3218 
58950 3559 3345 
59000 3539 3422 
59050 3337 2268 
59100 3423 1296 
59150 3480 740 
59200 3521 373 
59250 3561 232 
59300 3562 116 
59350 3548 42 
59400 3546 9 
59450 3555 6 
59500 3562 3 
59550 3545 1 
59600 3551 277 
59650 3548 895 
59700 3548 1407 
59750 3556 1846 
59800 3544 2246 
59850 3560 2634 
59900 3543 2912 
59950 3537 3105 
60000 3543 3256 
60050 3263 2393 
60100 3359 1660 
60150 3406 1133 
60200 3480 854 
60250 3502 537 
60300 3501 306 
60350 3517 179 
60400 3539 105 
60450 3534 59 
60500 3540 14 
60550 3556 330 
60600 3550 906 
60650 3549 1427 
60700 3549 1820 
60750 3555 2212 
60800 3566 2609 
60850 3556 2921 
60900 3556 3138 
60950 3554 3326 
61000 3560 3434 
61050 3322 2211 
61100 3438 1265 
61150 3474 682 
61200 3542 337 
61250 3545 154 
61300 3546 45 
61350 3542 10 
61400 3558 1 
61450 3557 1 
61500 3554 0 
61550 3550 259 
61600 3549 930 
61650 3550 1459 
61700 3545 1883 
61750 3547 2324 
61800 3546 2634 
61850 3546 2917 
61900 3533 3079 
61950 3545 3259 
62000 3548 3386 
62050 3316 2378 
62100 3376 1525 
62150 3419 978 
62200 3491 768 
62250 3544 618 
62300 3544 436 
62350 3544 296 
62400 3549 194 
62450 3543 105 
62500 3554 45 
62550 3539 15 
62600 3538 662 
62650 3550 1191 
62700 3545 1678 
62750 3549 2153 
62800 3532 2558 
62850 3536 2877 
62900 3548 3072 
62950 3554 3215 
63000 3541 3310 
63050 3295 2306 
63100 3400 1388 
63150 3426 787 
63200 3473 478 
63250 3519 278 
63300 3521 139 
63350 3538 50 
63400 3545 17 
63450 3546 7 
63500 3544 1 
63550 3513 64 
63600 3475 947 
63650 3474 1654 
63700 3477 2205 
63750 3514 2651 
63800 3536 2952 
63850 3546 3176 
63900 3548 3315 
63950 3541 3421 
64000 3533 3461 
64050 3321 2338 
64100 3419 1308 
64150 3451 680 
64200 3515 383 
64250 3530 203 
64300 3528 94 
64350 3528 34 
64400 3535 9 
64450 3545 7 
64500 3545 3 
64550 3535 114 
64600 3535 817 
64650 3540 1327 
64700 3552 1776 
64750 3552 2192 
64800 3538 2546 
64850 3534 2840 
64900 3538 3042 
64950 3548 3229 
65000 3560 3362 
65050 3290 2373 
65100 3348 1657 
65150 3398 1163 
65200 3515 925 
65250 3515 580 
65300 3526 289 
65350 3554 113 
65400 3548 31 
65450 3546 8 
65500 3543 8 
65550 3552 2 
65600 3542 825 
65650 3538 1709 
65700 3533 2289 
65750 3530 2683 
65800 3542 2996 
65850 3532 3223 
65900 3519 3361 
65950 3548 3475 
66000 3537 3491 
66050 3314 2447 
66100 3368 1478 
66150 3483 1015 
66200 3505 666 
66250 3526 363 
66300 3542 141 
66350 3545 39 
66400 3536 12 
66450 3524 8 
66500 3540 1 
66550 3542 188 
66600 3531 868 
66650 3539 1485 
66700 3525 1929 
66750 3534 2317 
66800 3525 2614 
66850 3539 2878 
66900 3532 3042 
66950 3530 3205 
67000 3537 3294 
67050 3334 2203 
67100 3426 1286 
67150 3480 651 
67200 3513 285 
67250 3543 109 
67300 3564 35 
67350 3538 12 
67400 3542 10 
67450 3522 2 
67500 3557 0 
67550 3557 15 
67600 3541 756 
67650 3541 1307 
67700 3527 1728 
67750 3536 2138 
67800 3533 2482 
67850 3536 2826 
67900 3535 3047 
67950 3557 3223 
68000 3540 3327 
68050 3272 2427 
68100 3361 1609 
68150 3410 998 
68200 3503 672 
68250 3525 355 
68300 3543 139 
68350 3535 31 
68400 3564 4 
68450 3537 1 
68500 3535 3 
68550 3546 123 
68600 3555 795 
68650 3553 1344 
68700 3545 1803 
68750 3548 2211 
68800 3551 2592 
68850 3549 2918 
68900 3539 3149 
68950 3558 3348 
69000 3558 3453 
69050 3281 2444 
69100 3387 1529 
69150 3464 920 
69200 3519 556 
69250 3545 284 
69300 3519 113 
69350 3534 34 
69400 3534 9 
69450 3558 7 
69500 3539 3 
69550 3555 1 
69600 3542 667 
69650 3539 1234 
69700 3544 1727 
69750 3549 2154 
69800 3540 2494 
69850 3544 2768 
69900 3551 3017 
69950 3532 3177 
70000 3538 3308 
70050 3282 2509 
70100 3350 1662 
70150 3462 1141 
70200 3518 820 
70250 3525 521 
70300 3543 291 
70350 3553 129 
70400 3545 59 
70450 3535 30 
70500 3542 13 
70550 3539 155 
70600 3554 818 
70650 3541 1314 
70700 3549 1779 
70750 3550 2169 
70800 3552 2525 
70850 3561 2851 
70900 3545 3020 
70950 3535 3156 
71000 3558 3336 
71050 3345 2206 
71100 3430 1144 
71150 3463 625 
71200 3499 314 
71250 3526 160 
71300 3538 82 
71350 3549 24 
71400 3543 2 
71450 3536 3 
71500 3562 1 
71550 3542 557 
71600 3540 1221 
71650 3550 1800 
71700 3514 2240 
71750 3538 2609 
71800 3528 2869 
71850 3543 3128 
71900 3546 3304 
71950 3538 3413 
72000 3550 3512 
72050 3298 2424 
72100 3355 1609 
72150 3494 1122 
72200 3529 772 
72250 3525 483 
72300 3520 323 
72350 3533 184 
72400 3537 84 
72450 3552 18 
72500 3532 9 
72550 3536 416 
72600 3537 1049 
72650 3535 1520 
72700 3545 2008 
72750 3553 2370 
72800 3547 2702 
72850 3537 2976 
72900 3567 3180 
72950 3532 3246 
73000 3549 3371 
73050 3326 2187 
73100 3484 1109 
73150 3497 497 
73200 3514 210 
73250 3520 106 
73300 3535 63 
73350 3540 16 
73400 3558 7 
73450 3546 6 
73500 3535 6 
73550 3548 58 
73600 3537 849 
73650 3548 1531 
73700 3552 2146 
73750 3551 2600 
73800 3556 2968 
73850 3552 3208 
73900 3551 3374 
73950 3555 3497 
74000 3534 3517 
74050 3286 2376 
74100 3380 1493 
74150 3433 1073 
74200 3505 824 
74250 3522 516 
74300 3545 269 
74350 3538 117 
74400 3540 38 
74450 3531 11 
74500 3553 9 
74550 3543 306 
74600 3535 851 
74650 3534 1305 
74700 3538 1753 
74750 3540 2096 
74800 3536 2419 
74850 3544 2684 
74900 3545 2878 
74950 3545 3043 
75000 3561 3210 
75050 3347 2204 
75100 3451 1173 
75150 3501 593 
75200 3524 258 
75250 3531 80 
75300 3537 20 
75350 3567 2 
75400 3561 4 
75450 3561 4 
75500 3555 6 
75550 3536 23 
75600 3536 753 
75650 3532 1275 
75700 3536 1796 
75750 3530 2262 
75800 3533 2748 
75850 3547 3067 
75900 3529 3294 
75950 3536 3420 
76000 3556 3502 
76050 3372 2215 
76100 3472 1098 
76150 3522 502 
76200 3541 182 
76250 3551 63 
76300 3555 17 
76350 3553 18 
76400 3553 15 
76450 3545 9 
76500 3537 17 
76550 3540 649 
76600 3539 1369 
76650 3540 2009 
76700 3554 2514 
76750 3549 2793 
76800 3530 3035 
76850 3560 3237 
76900 3547 3355 
76950 3556 3463 
77000 3538 3495 
77050 3296 2327 
77100 3366 1353 
77150 3436 808 
77200 3511 585 
77250 3524 383 
77300 3522 231 
77350 3520 99 
77400 3530 26 
77450 3549 17 
77500 3553 6 
77550 3527 507 
77600 3537 1412 
77650 3531 2078 
77700 3537 2547 
77750 3547 2840 
77800 3552 3005 
77850 3553 3129 
77900 3567 3259 
77950 3539 3315 
78000 3541 3380 
78050 3341 2228 
78100 3465 1126 
78150 3506 537 
78200 3510 265 
78250 3553 124 
78300 3552 56 
78350 3536 15 
78400 3553 5 
78450 3542 1 
78500 3533 3 
78550 3540 432 
78600 3536 1169 
78650 3536 1752 
78700 3540 2199 
78750 3542 2569 
78800 3550 2857 
78850 3554 3071 
78900 3551 3244 
78950 3543 3385 
79000 3543 3454 
79050 3379 2043 
79100 3471 871 
79150 3523 353 
79200 3544 118 
79250 3540 33 
79300 3537 19 
79350 3538 11 
79400 3536 6 
79450 3538 10 
79500 3562 6 
79550 3552 655 
79600 3537 1486 
79650 3520 2030 
79700 3538 2493 
79750 3541 2888 
79800 3541 3145 
79850 3526 3292 
79900 3533 3427 
79950 3544 3497 
80000 3546 3515 
80050 3358 2159 
80100 3433 1078 
80150 3517 481 
80200 3513 216 
80250 3542 100 
80300 3518 49 
80350 3532 15 
80400 3530 6 
80450 3549 7 
80500 3544 3 
80550 3543 473 
80600 3550 1091 
80650 3533 1616 
80700 3554 2127 
80750 3536 2522 
80800 3550 2870 
80850 3543 3067 
80900 3552 3213 
80950 3539 3290 
81000 3557 3413 
81050 3275 2530 
81100 3350 1755 
81150 3486 1348 
81200 3517 1015 
81250 3528 697 
81300 3543 434 
81350 3539 219 
81400 3532 113 
81450 3554 47 
81500 3555 10 
81550 3545 213 
81600 3547 870 
81650 3539 1393 
81700 3547 1806 
81750 3545 2212 
81800 3553 2564 
81850 3559 2910 
81900 3542 3119 
81950 3544 3265 
82000 3561 3371 
82050 3352 2327 
82100 3419 1368 
82150 3463 774 
82200 3489 476 
82250 3522 318 
82300 3542 178 
82350 3524 98 
82400 3537 42 
82450 3548 11 
82500 3546 1 
82550 3542 622 
82600 3545 1319 
82650 3541 1862 
82700 3537 2267 
82750 3543 2629 
82800 3540 2864 
82850 3542 3073 
82900 3547 3204 
82950 3535 3331 
83000 3531 3417 
83050 3326 2140 
83100 3413 1047 
83150 3489 516 
83200 3505 231 
83250 3535 112 
83300 3546 36 
83350 3552 9 
83400 3549 2 
83450 3546 7 
83500 3537 3 
83550 3545 623 
83600 3542 1389 
83650 3539 1812 
83700 3558 2166 
83750 3544 2464 
83800 3544 2725 
83850 3543 2947 
83900 3550 3181 
83950 3538 3334 
84000 3556 3424 
84050 3351 2087 
84100 3464 1045 
84150 3515 523 
84200 3515 234 
84250 3521 120 
84300 3544 41 
84350 3544 8 
84400 3558 11 
84450 3552 13 
84500 3541 10 
84550 3544 442 
84600 3546 1041 
84650 3535 1624 
84700 3542 2151 
84750 3553 2602 
84800 3544 2932 
84850 3544 3144 
84900 3558 3299 
84950 3556 3407 
85000 3543 3463 
85050 3326 2212 
85100 3423 1167 
85150 3485 635 
85200 3521 386 
85250 3538 229 
85300 3531 125 
85350 3551 63 
85400 3543 20 
85450 3548 7 
85500 3544 10 
85550 3541 469 
85600 3540 1240 
85650 3543 1756 
85700 3545 2224 
85750 3551 2641 
85800 3535 2920 
85850 3532 3141 
85900 3513 3292 
85950 3528 3388 
86000 3526 3444 
86050 3270 2401 
86100 3388 1379 
86150 3420 750 
86200 3496 430 
86250 3516 232 
86300 3519 94 
86350 3546 37 
86400 3541 5 
86450 3532 1 
86500 3535 3 
86550 3526 0 
86600 3529 824 
86650 3516 1507 
86700 3532 1994 
86750 3540 2358 
86800 3529 2714 
86850 3523 2986 
86900 3524 3206 
86950 3521 3375 
87000 3519 3477 
87050 3219 2480 
87100 3292 1639 
87150 3448 1241 
87200 3471 906 
87250 3457 580 
87300 3488 395 
87350 3498 204 
87400 3536 85 
87450 3544 32 
87500 3548 4 
87550 3563 3 
87600 3555 638 
87650 3560 1197 
87700 3553 1685 
87750 3553 2100 
87800 3524 2473 
87850 3560 2843 
87900 3543 3130 
87950 3553 3283 
88000 3508 3345 
88050 3270 2510 
88100 3318 1722 
88150 3502 1326 
88200 3513 950 
88250 3501 648 
88300 3522 425 
88350 3532 266 
88400 3532 134 
88450 3540 50 
88500 3555 16 
88550 3552 3 
88600 3549 0 
88650 3544 0 
88700 3551 0 
88750 3549 0 
88800 3550 0 
88850 3561 0 
88900 3549 0 
88950 3563 377 
89000 3550 1040 
89050 3463 843 
89100 3494 585 
89150 3520 387 
89200 3546 235 
89250 3542 122 
89300 3541 45 
89350 3546 9 
89400 3537 2 
89450 3540 0 
89500 3541 0 
89550 3554 0 
89600 3545 446 
89650 3521 1065 
89700 3521 1533 
89750 3530 1958 
89800 3511 2322 
89850 3538 2670 
89900 3539 2946 
89950 3548 3158 
90000 3554 3312 
90050 3305 2477 
90100 3379 1641 
90150 3424 1101 
90200 3508 840 
90250 3532 590 
90300 3528 409 
90350 3536 259 
90400 3537 153 
90450 3544 59 
90500 3548 24 
90550 3543 347 
90600 3551 961 
90650 3555 1483 
90700 3549 1937 
90750 3534 2318 
90800 3536 2668 
90850 3546 2918 
90900 3544 3103 
90950 3546 3247 
91000 3555 3373 
91050 3337 2492 
91100 3410 1596 
91150 3483 994 
91200 3527 665 
91250 3532 383 
91300 3539 194 
91350 3540 95 
91400 3544 35 
91450 3545 8 
91500 3563 4 
91550 3539 0 
91600 3548 448 
91650 3551 1023 
91700 3551 1540 
91750 3549 1956 
91800 3542 2344 
91850 3560 2758 
91900 3526 2992 
91950 3550 3206 
92000 3552 3356 
92050 3290 2338 
92100 3403 1468 
92150 3450 828 
92200 3533 497 
92250 3540 250 
92300 3552 80 
92350 3557 27 
92400 3539 9 
92450 3543 1 
92500 3552 0 
92550 3551 434 
92600 3548 1093 
92650 3542 1565 
92700 3547 1992 
92750 3544 2367 
92800 3547 2718 
92850 3532 2992 
92900 3544 3194 
92950 3546 3315 
93000 3536 3406 
93050 3282 2419 
93100 3370 1529 
93150 3445 907 
93200 3533 587 
93250 3532 307 
93300 3554 150 
93350 3546 54 
93400 3538 15 
93450 3558 2 
93500 3552 1 
93550 3555 4 
93600 3517 409 
93650 3522 1016 
93700 3531 1430 
93750 3533 1883 
93800 3532 2244 
93850 3542 2580 
93900 3559 2874 
93950 3554 3083 
94000 3537 3256 
94050 3339 2212 
94100 3422 1150 
94150 3481 565 
94200 3503 296 
94250 3537 152 
94300 3529 84 
94350 3538 39 
94400 3552 8 
94450 3538 2 
94500 3537 3 
94550 3535 238 
94600 3532 892 
94650 3529 1409 
94700 3539 1870 
94750 3548 2243 
94800 3544 2641 
94850 3544 2959 
94900 3544 3171 
94950 3557 3340 
95000 3541 3402 
95050 3237 2514 
95100 3280 1727 
95150 3428 1343 
95200 3443 980 
95250 3440 650 
95300 3457 396 
95350 3476 218 
95400 3495 96 
95450 3519 41 
95500 3551 15 
95550 3547 3 
95600 3539 714 
95650 3549 1305 
95700 3542 1779 
95750 3549 2256 
95800 3535 2704 
95850 3550 3024 
95900 3544 3220 
95950 3537 3322 
96000 3550 3407 
96050 3281 2485 
96100 3381 1664 
96150 3454 1110 
96200 3496 795 
96250 3493 539 
96300 3505 374 
96350 3515 234 
96400 3524 126 
96450 3553 63 
96500 3558 23 
96550 3517 41 
96600 3409 509 
96650 3409 1139 
96700 3476 1575 
96750 3508 1980 
96800 3521 2373 
96850 3539 2710 
96900 3539 2916 
96950 3531 3070 
97000 3554 3250 
97050 3342 2188 
97100 3443 1200 
97150 3496 691 
97200 3525 395 
97250 3544 259 
97300 3541 143 
97350 3536 53 
97400 3549 16 
97450 3560 7 
97500 3548 2 
97550 3557 458 
97600 3554 1062 
97650 3566 1629 
97700 3552 2098 
97750 3557 2528 
97800 3549 2864 
97850 3544 3109 
97900 3566 3282 
97950 3567 3395 
98000 3542 3439 
98050 3289 2385 
98100 3383 1446 
98150 3434 902 
98200 3500 672 
98250 3504 386 
98300 3514 182 
98350 3529 54 
98400 3548 15 
98450 3554 6 
98500 3554 4 
98550 3558 377 
98600 3553 994 
98650 3534 1508 
98700 3551 1931 
98750 3536 2295 
98800 3529 2629 
98850 3539 2907 
98900 3538 3103 
98950 3547 3261 
99000 3544 3387 
99050 3362 2164 
99100 3442 1145 
99150 3511 520 
99200 3535 195 
99250 3538 69 
99300 3533 14 
99350 3532 4 
99400 3549 2 
99450 3545 4 
99500 3542 2 
99550 3535 4 
99600 3499 718 
99650 3494 1548 
99700 3493 2241 
99750 3505 2722 
99800 3516 3013 
99850 3489 3204 
99900 3516 3350 
99950 3528 3441 
100000 3558 3497 
100050 3298 2255 
100100 3406 1205 
100150 3488 626 
100200 3530 268 
100250 3532 121 
100300 3541 38 
100350 3535 10 
100400 3537 8 
100450 3544 5 
100500 3530 3 
100550 3533 326 
100600 3535 1184 
100650 3530 1854 
100700 3554 2431 
100750 3524 2792 
100800 3548 3121 
100850 3550 3284 
100900 3540 3378 
100950 3538 3426 
101000 3558 3490 
101050 3391 2009 
101100 3459 915 
101150 3508 390 
101200 3532 136 
101250 3525 46 
101300 3540 14 
101350 3545 10 
101400 3533 7 
101450 3555 12 
101500 3540 4 
101550 3535 539 
101600 3534 1208 
101650 3531 1719 
101700 3548 2174 
101750 3541 2589 
101800 3533 2877 
101850 3539 3085 
101900 3554 3238 
101950 3542 3343 
102000 3530 3428 
102050 3337 2134 
102100 3426 995 
102150 3472 396 
102200 3529 103 
102250 3525 24 
102300 3547 9 
102350 3526 9 
102400 3550 3 
102450 3564 6 
102500 3542 3 
102550 3537 420 
102600 3545 1251 
102650 3553 1777 
102700 3545 2152 
102750 3537 2492 
102800 3528 2764 
102850 3544 3018 
102900 3555 3250 
102950 3548 3406 
103000 3546 3485 
103050 3361 2123 
103100 3490 1008 
103150 3532 426 
103200 3529 160 
103250 3562 64 
103300 3552 28 
103350 3549 10 
103400 3533 3 
103450 3552 3 
103500 3556 9 
103550 3552 342 
103600 3556 1126 
103650 3543 1716 
103700 3533 2150 
103750 3536 2543 
103800 3545 2866 
103850 3559 3126 
103900 3537 3309 
103950 3549 3446 
104000 3541 3520 
104050 3328 2321 
104100 3417 1285 
104150 3488 663 
104200 3540 348 
104250 3545 127 
104300 3545 29 
104350 3543 9 
104400 3543 2 
104450 3541 3 
104500 3536 7 
104550 3521 194 
104600 3525 896 
104650 3529 1382 
104700 3533 1876 
104750 3516 2287 
104800 3526 2641 
104850 3527 2921 
104900 3545 3219 
104950 3549 3356 
105000 3551 3455 
105050 3381 2156 
105100 3475 1160 
105150 3506 532 
105200 3544 187 
105250 3544 61 
105300 3551 18 
105350 3542 12 
105400 3541 14 
105450 3560 8 
105500 3539 10 
105550 3540 384 
105600 3544 1305 
105650 3540 1952 
105700 3535 2446 
105750 3543 2847 
105800 3541 3092 
105850 3541 3297 
105900 3537 3438 
105950 3536 3496 
106000 3552 3517 
106050 3315 2321 
106100 3386 1306 
106150 3468 667 
106200 3504 383 
106250 3523 143 
106300 3542 38 
106350 3546 12 
106400 3544 7 
106450 3567 2 
106500 3561 2 
106550 3535 350 
106600 3550 886 
106650 3550 1393 
106700 3548 1793 
106750 3549 2221 
106800 3558 2622 
106850 3548 2938 
106900 3530 3132 
106950 3547 3297 
107000 3552 3409 
107050 3305 2425 
107100 3390 1561 
107150 3467 936 
107200 3518 621 
107250 3533 326 
107300 3530 191 
107350 3547 110 
107400 3531 53 
107450 3559 20 
107500 3553 6 
107550 3562 439 
107600 3551 1217 
107650 3561 1771 
107700 3555 2165 
107750 3551 2516 
107800 3543 2784 
107850 3544 3025 
107900 3552 3255 
107950 3527 3380 
108000 3547 3485 
108050 3299 2407 
108100 3381 1511 
108150 3438 939 
108200 3519 638 
108250 3521 341 
108300 3496 160 
108350 3547 61 
108400 3532 16 
108450 3547 8 
108500 3546 4 
108550 3543 501 
108600 3531 1123 
108650 3530 1678 
108700 3538 2187 
108750 3515 2570 
108800 3518 2982 
108850 3549 3312 
108900 3550 3454 
108950 3536 3510 
109000 3547 3523 
109050 3359 2159 
109100 3466 1070 
109150 3516 492 
109200 3525 219 
109250 3546 88 
109300 3552 27 
109350 3538 7 
109400 3537 6 
109450 3549 1 
109500 3535 0 
109550 3523 457 
109600 3543 1018 
109650 3536 1541 
109700 3545 1988 
109750 3531 2342 
109800 3533 2678 
109850 3519 2930 
109900 3534 3117 
109950 3545 3291 
110000 3555 3423 
110050 3313 2140 
110100 3388 1171 
110150 3476 596 
110200 3501 253 
110250 3523 109 
110300 3546 36 
110350 3540 17 
110400 3544 9 
110450 3540 6 
110500 3543 8 
110550 3502 49 
110600 3358 427 
110650 3321 1085 
110700 3312 1628 
110750 3292 2118 
110800 3297 2545 
110850 3289 2872 
110900 3269 3112 
110950 3295 3286 
111000 3338 3385 
111050 3236 1953 
111100 3359 1001 
111150 3460 535 
111200 3511 302 
111250 3536 156 
111300 3540 89 
111350 3549 52 
111400 3548 30 
111450 3542 6 
111500 3535 3 
111550 3548 626 
111600 3540 1284 
111650 3539 1761 
111700 3535 2187 
111750 3534 2557 
111800 3541 2844 
111850 3534 3072 
111900 3517 3179 
111950 3537 3323 
112000 3543 3421 
112050 3327 2054 
112100 3429 980 
112150 3480 473 
112200 3517 221 
112250 3541 97 
112300 3540 34 
112350 3552 16 
112400 3535 4 
112450 3539 4 
112500 3540 3 
112550 3525 637 
112600 3524 1361 
112650 3510 1878 
112700 3525 2311 
112750 3515 2676 
112800 3521 2968 
112850 3512 3159 
112900 3528 3332 
112950 3527 3408 
113000 3526 3472 
113050 3346 2219 
113100 3417 1246 
113150 3466 676 
113200 3519 346 
113250 3519 178 
113300 3545 42 
113350 3538 13 
113400 3534 7 
113450 3513 7 
113500 3519 4 
113550 3546 752 
113600 3526 1528 
113650 3528 2119 
113700 3536 2624 
113750 3527 3014 
113800 3539 3300 
113850 3520 3445 
113900 3535 3493 
113950 3523 3510 
114000 3529 3518 
114050 3333 2278 
114100 3398 1282 
114150 3442 741 
114200 3488 426 
114250 3513 197 
114300 3522 74 
114350 3522 19 
114400 3541 18 
114450 3524 7 
114500 3542 10 
114550 3526 500 
114600 3531 1091 
114650 3536 1608 
114700 3526 2034 
114750 3519 2371 
114800 3519 2679 
114850 3516 2906 
114900 3525 3069 
114950 3523 3211 
115000 3540 3351 
115050 3277 2398 
115100 3379 1507 
115150 3426 890 
115200 3507 534 
115250 3511 281 
115300 3530 133 
115350 3533 27 
115400 3531 11 
115450 3544 5 
115500 3542 5 
115550 3525 570 
115600 3524 1328 
115650 3525 1877 
115700 3529 2353 
115750 3518 2681 
115800 3520 2914 
115850 3521 3101 
115900 3538 3297 
115950 3536 3393 
116000 3532 3483 
116050 3328 2173 
116100 3418 1198 
116150 3494 612 
116200 3526 312 
116250 3526 153 
116300 3540 58 
116350 3541 27 
116400 3532 8 
116450 3549 5 
116500 3516 9 
116550 3528 716 
116600 3521 1435 
116650 3543 2043 
116700 3525 2479 
116750 3538 2777 
116800 3533 3030 
116850 3520 3183 
116900 3539 3304 
116950 3544 3411 
117000 3543 3462 
117050 3326 2051 
117100 3453 1056 
117150 3508 550 
117200 3512 263 
117250 3527 123 
117300 3514 55 
117350 3518 14 
117400 3523 7 
117450 3535 11 
117500 3528 5 
117550 3496 197 
117600 3506 846 
117650 3493 1361 
117700 3469 1778 
117750 3461 2179 
117800 3450 2521 
117850 3461 2792 
117900 3453 2990 
117950 3498 3194 
118000 3494 3309 
118050 3334 2107 
118100 3449 1105 
118150 3487 565 
118200 3487 252 
118250 3541 100 
118300 3524 41 
118350 3524 21 
118400 3540 6 
118450 3534 13 
118500 3541 5 
118550 3545 448 
118600 3537 1037 
118650 3522 1525 
118700 3519 2008 
118750 3532 2428 
118800 3520 2777 
118850 3508 3057 
118900 3528 3263 
118950 3524 3384 
119000 3540 3461 
119050 3358 2005 
119100 3464 852 
119150 3513 313 
119200 3518 93 
119250 3546 29 
119300 3534 9 
119350 3536 14 
119400 3533 4 
119450 3546 4 
119500 3526 4 
119550 3507 501 
119600 3530 1073 
119650 3518 1544 
119700 3517 1990 
119750 3517 2441 
119800 3529 2763 
119850 3525 3005 
119900 3525 3175 
119950 3541 3325 
120000 3540 3398 
120050 3327 1967 
120100 3445 1023 
120150 3519 468 
120200 3529 196 
120250 3534 52 
120300 3550 26 
120350 3539 13 
120400 3526 5 
120450 3548 4 
120500 3535 6 
120550 3537 555 
120600 3531 1250 
120650 3541 1776 
120700 3523 2110 
120750 3544 2399 
120800 3548 2662 
120850 3530 2866 
120900 3531 3032 
120950 3510 3185 
121000 3527 3323 
121050 3382 1846 
121100 3513 703 
121150 3511 242 
121200 3539 70 
121250 3538 24 
121300 3549 12 
121350 3507 7 
121400 3540 8 
121450 3532 6 
121500 3543 8 
121550 3532 349 
121600 3524 1037 
121650 3518 1536 
121700 3523 1967 
121750 3532 2388 
121800 3525 2679 
121850 3527 2936 
121900 3530 3124 
121950 3537 3289 
122000 3529 3391 
122050 3384 2020 
122100 3464 951 
122150 3528 352 
122200 3526 97 
122250 3531 18 
122300 3539 10 
122350 3537 3 
122400 3521 2 
122450 3522 4 
122500 3527 6 
122550 3522 558 
122600 3541 1147 
122650 3539 1606 
122700 3538 2039 
122750 3523 2467 
122800 3527 2822 
122850 3532 3081 
122900 3527 3225 
122950 3533 3356 
123000 3527 3428 
123050 3348 2034 
123100 3432 948 
123150 3489 512 
123200 3503 265 
123250 3532 102 
123300 3523 36 
123350 3529 11 
123400 3550 5 
123450 3544 9 
123500 3552 12 
123550 3553 481 
123600 3536 1198 
123650 3548 1931 
123700 3520 2446 
123750 3515 2819 
123800 3543 3087 
123850 3525 3228 
123900 3523 3368 
123950 3526 3451 
124000 3539 3491 
124050 3315 2115 
124100 3430 1175 
124150 3474 580 
124200 3510 241 
124250 3522 87 
124300 3545 18 
124350 3539 10 
124400 3533 6 
124450 3550 7 
124500 3541 8 
124550 3532 269 
124600 3520 868 
124650 3536 1387 
124700 3541 1844 
124750 3527 2213 
124800 3532 2556 
124850 3517 2858 
124900 3544 3093 
124950 3532 3250 
125000 3549 3374 
125050 3363 2135 
125100 3448 1195 
125150 3498 630 
125200 3513 311 
125250 3524 141 
125300 3537 52 
125350 3548 18 
125400 3550 9 
125450 3541 7 
125500 3550 8 
125550 3527 416 
125600 3512 1055 
125650 3529 1580 
125700 3530 2011 
125750 3544 2373 
125800 3541 2671 
125850 3526 2928 
125900 3524 3129 
125950 3542 3286 
126000 3525 3396 
126050 3334 2069 
126100 3449 1015 
126150 3490 453 
126200 3534 155 
126250 3540 33 
126300 3535 9 
126350 3543 9 
126400 3535 6 
126450 3548 2 
126500 3537 2 
126550 3548 554 
126600 3536 1200 
126650 3554 1715 
126700 3545 2155 
126750 3549 2550 
126800 3537 2845 
126850 3540 3058 
126900 3535 3215 
126950 3548 3328 
127000 3527 3385 
127050 3304 2123 
127100 3396 1146 
127150 3448 635 
127200 3502 348 
127250 3524 211 
127300 3538 91 
127350 3543 31 
127400 3537 7 
127450 3538 3 
127500 3547 6 
127550 3540 523 
127600 3536 1311 
127650 3542 1852 
127700 3552 2313 
127750 3534 2702 
127800 3524 3009 
127850 3540 3232 
127900 3546 3401 
127950 3524 3474 
128000 3514 3519 
128050 3297 2320 
128100 3417 1294 
128150 3470 682 
128200 3514 370 
128250 3549 150 
128300 3526 35 
128350 3537 13 
128400 3546 3 
128450 3536 7 
128500 3546 8 
128550 3554 361 
128600 3556 1150 
128650 3558 1807 
128700 3531 2236 
128750 3531 2631 
128800 3553 2949 
128850 3556 3152 
128900 3554 3314 
128950 3544 3414 
129000 3545 3484 
129050 3305 2261 
129100 3398 1264 
129150 3455 682 
129200 3484 368 
129250 3520 223 
129300 3529 108 
129350 3534 39 
129400 3539 13 
129450 3551 11 
129500 3549 14 
129550 3537 498 
129600 3553 1133 
129650 3542 1671 
129700 3540 2114 
129750 3535 2524 
129800 3541 2875 
129850 3537 3103 
129900 3548 3294 
129950 3524 3374 
130000 3543 3451 
130050 3272 2385 
130100 3396 1379 
130150 3424 776 
130200 3494 465 
130250 3506 248 
130300 3530 105 
130350 3544 46 
130400 3532 16 
130450 3555 3 
130500 3528 14 
130550 3537 203 
130600 3536 874 
130650 3539 1450 
130700 3537 1941 
130750 3523 2328 
130800 3544 2655 
130850 3543 2915 
130900 3528 3108 
130950 3531 3287 
131000 3544 3411 
131050 3285 2393 
131100 3367 1513 
131150 3454 914 
131200 3513 540 
131250 3529 252 
131300 3535 100 
131350 3557 36 
131400 3552 17 
131450 3531 9 
131500 3537 6 
131550 3542 146 
131600 3549 920 
131650 3546 1497 
131700 3544 2023 
131750 3534 2440 
131800 3522 2800 
131850 3532 3078 
131900 3536 3281 
131950 3537 3400 
132000 3527 3451 
132050 3304 2244 
132100 3427 1268 
132150 3484 674 
132200 3529 335 
132250 3513 156 
132300 3536 60 
132350 3534 28 
132400 3540 11 
132450 3549 13 
132500 3544 5 
132550 3529 383 
132600 3524 1172 
132650 3513 1699 
132700 3523 2121 
132750 3537 2471 
132800 3535 2805 
132850 3538 3078 
132900 3534 3242 
132950 3535 3355 
133000 3534 3453 
133050 3263 2364 
133100 3354 1506 
133150 3413 935 
133200 3522 726 
133250 3505 523 
133300 3525 360 
133350 3516 253 
133400 3529 145 
133450 3547 75 
133500 3525 33 
133550 3529 326 
133600 3526 954 
133650 3522 1438 
133700 3524 1825 
133750 3534 2205 
133800 3522 2554 
133850 3545 2860 
133900 3535 3049 
133950 3547 3248 
134000 3541 3357 
134050 3247 2443 
134100 3337 1587 
134150 3432 978 
134200 3504 635 
134250 3508 330 
134300 3500 158 
134350 3534 72 
134400 3525 30 
134450 3549 15 
134500 3525 6 
134550 3543 310 
134600 3528 969 
134650 3525 1530 
134700 3525 2005 
134750 3525 2375 
134800 3540 2736 
134850 3529 2977 
134900 3531 3134 
134950 3532 3277 
135000 3535 3409 
135050 3324 2241 
135100 3428 1247 
135150 3474 640 
135200 3500 327 
135250 3522 179 
135300 3535 78 
135350 3503 29 
135400 3538 13 
135450 3547 3 
135500 3539 7 
135550 3521 587 
135600 3526 1463 
135650 3542 2127 
135700 3529 2501 
135750 3539 2826 
135800 3505 3030 
135850 3527 3242 
135900 3532 3394 
135950 3544 3484 
136000 3543 3525 
136050 3291 2371 
136100 3372 1420 
136150 3420 894 
136200 3486 657 
136250 3516 382 
136300 3533 207 
136350 3517 106 
136400 3537 48 
136450 3533 20 
136500 3540 10 
136550 3539 496 
136600 3537 1099 
136650 3548 1604 
136700 3535 2024 
136750 3543 2368 
136800 3546 2705 
136850 3525 2962 
136900 3532 3171 
136950 3539 3289 
137000 3537 3394 
137050 3280 2441 
137100 3367 1506 
137150 3447 861 
137200 3521 466 
137250 3513 231 
137300 3512 108 
137350 3515 55 
137400 3542 30 
137450 3548 10 
137500 3543 3 
137550 3533 393 
137600 3543 1060 
137650 3548 1636 
137700 3540 2058 
137750 3555 2509 
137800 3545 2886 
137850 3540 3183 
137900 3530 3319 
137950 3528 3409 
138000 3527 3465 
138050 3302 2248 
138100 3440 1123 
138150 3460 569 
138200 3512 282 
138250 3508 139 
138300 3525 51 
138350 3523 18 
138400 3520 5 
138450 3543 11 
138500 3532 8 
138550 3535 0 
138600 3537 608 
138650 3544 1141 
138700 3532 1620 
138750 3529 2049 
138800 3513 2428 
138850 3536 2745 
138900 3524 2978 
138950 3523 3146 
139000 3505 3261 
139050 3297 2214 
139100 3413 1234 
139150 3455 636 
139200 3475 327 
139250 3522 175 
139300 3535 88 
139350 3537 33 
139400 3532 18 
139450 3522 4 
139500 3524 5 
139550 3537 153 
139600 3542 916 
139650 3533 1494 
139700 3532 1990 
139750 3522 2362 
139800 3530 2680 
139850 3530 2918 
139900 3528 3095 
139950 3527 3205 
140000 3538 3322 
140050 3337 2211 
140100 3436 1227 
140150 3477 680 
140200 3516 320 
140250 3535 157 
140300 3535 63 
140350 3525 19 
140400 3538 8 
140450 3544 14 
140500 3528 11 
140550 3533 221 
140600 3552 911 
140650 3544 1512 
140700 3556 2008 
140750 3555 2418 
140800 3533 2678 
140850 3550 2919 
140900 3550 3134 
140950 3541 3303 
141000 3543 3417 
141050 3297 2168 
141100 3404 1192 
141150 3448 705 
141200 3505 408 
141250 3518 235 
141300 3528 99 
141350 3526 41 
141400 3536 13 
141450 3539 8 
141500 3537 9 
141550 3528 647 
141600 3524 1335 
141650 3538 1812 
141700 3538 2178 
141750 3533 2476 
141800 3551 2790 
141850 3529 3030 
141900 3511 3277 
141950 3525 3410 
142000 3541 3489 
142050 3273 2399 
142100 3380 1356 
142150 3466 746 
142200 3516 411 
142250 3537 187 
142300 3525 70 
142350 3530 24 
142400 3541 7 
142450 3541 6 
142500 3538 6 
142550 3535 475 
142600 3540 1135 
142650 3534 1591 
142700 3548 2032 
142750 3549 2394 
142800 3522 2667 
142850 3527 2923 
142900 3524 3097 
142950 3533 3248 
143000 3532 3364 
143050 3283 2424 
143100 3351 1604 
143150 3419 1069 
143200 3499 823 
143250 3513 573 
143300 3524 395 
143350 3511 250 
143400 3538 145 
143450 3528 78 
143500 3525 31 
143550 3525 596 
143600 3541 1320 
143650 3537 1907 
143700 3537 2388 
143750 3537 2731 
143800 3542 3002 
143850 3551 3217 
143900 3520 3346 
143950 3555 3453 
144000 3547 3518 
144050 3305 2495 
144100 3358 1624 
144150 3476 1220 
144200 3504 823 
144250 3497 557 
144300 3511 403 
144350 3518 262 
144400 3535 146 
144450 3530 67 
144500 3537 38 
144550 3529 104 
144600 3543 790 
144650 3524 1329 
144700 3520 1791 
144750 3528 2238 
144800 3533 2618 
144850 3532 2914 
144900 3528 3144 
144950 3532 3344 
145000 3548 3452 
145050 3240 2449 
145100 3310 1688 
145150 3429 1180 
145200 3508 816 
145250 3496 453 
145300 3515 218 
145350 3517 103 
145400 3507 52 
145450 3532 13 
145500 3555 7 
145550 3529 5 
145600 3481 52 
145650 3327 214 
145700 3124 419 
145750 2847 691 
145800 3145 883 
145850 3405 1159 
145900 3521 1596 
145950 3539 2010 
146000 3535 2416 
146050 3373 1701 
146100 3445 1020 
146150 3459 568 
146200 3523 287 
146250 3516 111 
146300 3539 55 
146350 3513 18 
146400 3541 7 
146450 3547 2 
146500 3547 3 
146550 3526 12 
146600 3550 749 
146650 3546 1296 
146700 3541 1734 
146750 3521 2124 
146800 3537 2518 
146850 3524 2770 
146900 3527 2973 
146950 3544 3132 
147000 3554 3285 
147050 3330 2226 
147100 3420 1189 
147150 3504 620 
147200 3516 267 
147250 3523 98 
147300 3523 43 
147350 3555 11 
147400 3547 4 
147450 3533 3 
147500 3539 5 
147550 3546 256 
147600 3553 956 
147650 3548 1493 
147700 3550 1940 
147750 3538 2310 
147800 3534 2618 
147850 3538 2904 
147900 3538 3139 
147950 3554 3281 
148000 3541 3366 
148050 3348 2090 
148100 3448 981 
148150 3512 390 
148200 3536 110 
148250 3540 33 
148300 3558 14 
148350 3544 6 
148400 3545 1 
148450 3531 2 
148500 3540 6 
148550 3510 304 
148600 3491 1040 
148650 3476 1635 
148700 3474 2030 
148750 3473 2416 
148800 3463 2753 
148850 3481 3015 
148900 3488 3173 
148950 3494 3276 
149000 3523 3384 
149050 3361 2219 
149100 3446 1169 
149150 3491 612 
149200 3513 273 
149250 3544 111 
149300 3522 53 
149350 3536 21 
149400 3536 4 
149450 3532 6 
149500 3536 6 
149550 3550 585 
149600 3535 1174 
149650 3539 1651 
149700 3543 2061 
149750 3539 2439 
149800 3538 2753 
149850 3542 2933 
149900 3534 3139 
149950 3534 3254 
150000 3555 3366 
150050 3294 2501 
150100 3381 1613 
150150 3426 1054 
150200 3525 782 
150250 3530 503 
150300 3531 290 
150350 3532 143 
150400 3530 80 
150450 3530 20 
150500 3543 6 
150550 3543 500 
150600 3547 1090 
150650 3537 1559 
150700 3562 1998 
150750 3553 2378 
150800 3541 2733 
150850 3541 3027 
150900 3551 3202 
150950 3561 3347 
151000 3536 3440 
151050 3275 2530 
151100 3346 1691 
151150 3427 1113 
151200 3493 813 
151250 3493 550 
151300 3510 354 
151350 3506 236 
151400 3498 142 
151450 3525 73 
151500 3536 35 
151550 3546 322 
151600 3538 1155 
151650 3536 1751 
151700 3533 2223 
151750 3548 2561 
151800 3542 2862 
151850 3542 3125 
151900 3537 3325 
151950 3535 3451 
152000 3535 3496 
152050 3223 2430 
152100 3277 1613 
152150 3428 1231 
152200 3461 878 
152250 3472 559 
152300 3478 351 
152350 3512 213 
152400 3535 104 
152450 3532 50 
152500 3539 25 
152550 3539 597 
152600 3530 1255 
152650 3531 1729 
152700 3543 2116 
152750 3540 2380 
152800 3537 2626 
152850 3539 2832 
152900 3539 3053 
152950 3550 3261 
153000 3544 3432 
153050 3265 2340 
153100 3366 1364 
153150 3443 738 
153200 3505 408 
153250 3518 198 
153300 3535 73 
153350 3540 24 
153400 3544 9 
153450 3530 3 
153500 3541 7 
153550 3541 4 
153600 3542 585 
153650 3539 1193 
153700 3534 1583 
153750 3537 2028 
153800 3535 2410 
153850 3549 2712 
153900 3534 2910 
153950 3537 3088 
154000 3540 3223 
154050 3288 2276 
154100 3412 1402 
154150 3457 798 
154200 3487 425 
154250 3518 282 
154300 3535 143 
154350 3533 51 
154400 3538 20 
154450 3549 4 
154500 3543 0 
154550 3548 0 
154600 3544 705 
154650 3554 1428 
154700 3556 1957 
154750 3534 2338 
154800 3558 2666 
154850 3550 2953 
154900 3541 3224 
154950 3531 3386 
155000 3549 3497 
155050 3325 2188 
155100 3401 1179 
155150 3469 568 
155200 3489 289 
155250 3489 129 
155300 3531 45 
155350 3544 10 
155400 3550 7 
155450 3548 6 
155500 3543 2 
155550 3545 347 
155600 3542 991 
155650 3549 1518 
155700 3551 2030 
155750 3539 2449 
155800 3544 2868 
155850 3544 3160 
155900 3531 3325 
155950 3539 3429 
156000 3543 3483 
156050 3283 2373 
156100 3381 1416 
156150 3429 824 
156200 3483 500 
156250 3510 236 
156300 3533 111 
156350 3536 62 
156400 3532 16 
156450 3537 6 
156500 3523 1 
156550 3544 144 
156600 3544 857 
156650 3536 1357 
156700 3537 1841 
156750 3551 2267 
156800 3526 2609 
156850 3549 2927 
156900 3537 3118 
156950 3535 3290 
157000 3543 3409 
157050 3303 2334 
157100 3391 1340 
157150 3464 779 
157200 3525 478 
157250 3529 207 
157300 3549 69 
157350 3536 21 
157400 3548 11 
157450 3543 4 
157500 3542 2 
157550 3546 569 
157600 3547 1332 
157650 3532 1851 
157700 3553 2269 
157750 3533 2615 
157800 3536 2882 
157850 3532 3096 
157900 3538 3281 
157950 3539 3389 
158000 3539 3480 
158050 3266 2515 
158100 3352 1589 
158150 3495 1109 
158200 3504 764 
158250 3500 524 
158300 3537 358 
158350 3543 223 
158400 3533 105 
158450 3542 36 
158500 3546 10 
158550 3529 346 
158600 3538 983 
158650 3536 1482 
158700 3531 1880 
158750 3519 2306 
158800 3533 2639 
158850 3536 2900 
158900 3557 3153 
158950 3527 3293 
159000 3520 3394 
159050 3292 2270 
159100 3395 1276 
159150 3462 653 
159200 3520 288 
159250 3546 123 
159300 3532 30 
159350 3531 4 
159400 3538 3 
159450 3546 5 
159500 3554 4 
159550 3545 417 
159600 3541 1018 
159650 3542 1500 
159700 3556 1932 
159750 3559 2348 
159800 3519 2695 
159850 3537 2963 
159900 3528 3174 
159950 3541 3315 
160000 3550 3411 
160050 3330 2236 
160100 3422 1242 
160150 3472 624 
160200 3491 288 
160250 3533 136 
160300 3523 45 
160350 3542 13 
160400 3531 1 
160450 3532 3 
160500 3532 6 
160550 3536 359 
160600 3538 1078 
160650 3537 1612 
160700 3530 2035 
160750 3519 2376 
160800 3543 2724 
160850 3540 2985 
160900 3534 3168 
160950 3534 3304 
161000 3513 3400 
161050 3303 2343 
161100 3337 1463 
161150 3405 840 
161200 3473 533 
161250 3509 335 
161300 3518 183 
161350 3524 76 
161400 3526 35 
161450 3538 7 
161500 3555 9 
161550 3541 600 
161600 3550 1175 
161650 3541 1646 
161700 3540 2059 
161750 3530 2480 
161800 3534 2816 
161850 3537 3054 
161900 3550 3235 
161950 3544 3335 
162000 3544 3406 
162050 3317 2316 
162100 3375 1469 
162150 3434 949 
162200 3509 641 
162250 3507 391 
162300 3526 198 
162350 3541 116 
162400 3549 61 
162450 3556 36 
162500 3532 21 
162550 3548 7 
162600 3503 550 
162650 3486 1264 
162700 3489 1792 
162750 3512 2319 
162800 3519 2723 
162850 3521 3060 
162900 3539 3272 
162950 3540 3425 
163000 3545 3479 
163050 3319 2181 
163100 3403 1052 
163150 3464 459 
163200 3490 195 
163250 3508 85 
163300 3508 40 
163350 3525 16 
163400 3534 14 
163450 3533 9 
163500 3525 3 
163550 3550 413 
163600 3536 1059 
163650 3538 1575 
163700 3523 1995 
163750 3527 2353 
163800 3509 2687 
163850 3515 2932 
163900 3514 3138 
163950 3524 3259 
164000 3524 3357 
164050 3280 2239 
164100 3394 1351 
164150 3471 774 
164200 3500 399 
164250 3520 278 
164300 3534 168 
164350 3526 98 
164400 3511 44 
164450 3537 14 
164500 3532 10 
164550 3523 421 
164600 3516 984 
164650 3506 1459 
164700 3519 1887 
164750 3518 2262 
164800 3536 2615 
164850 3535 2909 
164900 3554 3132 
164950 3540 3266 
165000 3525 3357 
165050 3279 2285 
165100 3344 1384 
165150 3396 890 
165200 3481 534 
165250 3522 307 
165300 3515 143 
165350 3521 55 
165400 3521 15 
165450 3521 11 
165500 3538 7 
165550 3527 649 
165600 3529 1412 
165650 3529 1964 
165700 3512 2407 
165750 3517 2821 
165800 3524 3117 
165850 3534 3291 
165900 3533 3401 
165950 3531 3468 
166000 3523 3499 
166050 3310 2193 
166100 3421 1130 
166150 3500 613 
166200 3512 298 
166250 3534 140 
166300 3534 46 
166350 3519 20 
166400 3526 4 
166450 3537 9 
166500 3545 7 
166550 3534 568 
166600 3534 1171 
166650 3528 1675 
166700 3534 2113 
166750 3542 2479 
166800 3525 2792 
166850 3537 2991 
166900 3538 3163 
166950 3545 3270 
167000 3532 3390 
167050 3354 2199 
167100 3464 1152 
167150 3497 546 
167200 3515 243 
167250 3526 94 
167300 3524 53 
167350 3527 20 
167400 3542 14 
167450 3512 9 
167500 3525 12 
167550 3534 511 
167600 3521 1265 
167650 3538 1808 
167700 3551 2259 
167750 3549 2629 
167800 3544 2887 
167850 3545 3137 
167900 3538 3333 
167950 3515 3438 
168000 3525 3505 
168050 3258 2474 
168100 3346 1473 
168150 3441 1012 
168200 3499 671 
168250 3477 385 
168300 3492 201 
168350 3513 91 
168400 3554 41 
168450 3535 16 
168500 3536 17 
168550 3528 461 
168600 3530 1275 
168650 3512 1812 
168700 3545 2252 
168750 3537 2613 
168800 3521 2878 
168850 3538 3066 
168900 3533 3209 
168950 3525 3334 
169000 3545 3413 
169050 3299 2359 
169100 3358 1493 
169150 3414 940 
169200 3477 674 
169250 3497 435 
169300 3496 263 
169350 3519 135 
169400 3518 56 
169450 3536 17 
169500 3515 10 
169550 3523 297 
169600 3529 995 
169650 3525 1514 
169700 3522 1934 
169750 3538 2382 
169800 3522 2731 
169850 3521 2986 
169900 3518 3188 
169950 3534 3322 
170000 3523 3400 
170050 3313 2236 
170100 3422 1202 
170150 3458 599 
170200 3503 235 
170250 3518 106 
170300 3537 32 
170350 3535 9 
170400 3532 13 
170450 3539 6 
170500 3538 9 
170550 3541 608 
170600 3533 1213 
170650 3545 1755 
170700 3548 2190 
170750 3526 2533 
170800 3536 2798 
170850 3547 3029 
170900 3536 3216 
170950 3531 3357 
171000 3536 3443 
171050 3304 2258 
171100 3418 1236 
171150 3466 682 
171200 3507 348 
171250 3529 185 
171300 3543 73 
171350 3544 21 
171400 3537 10 
171450 3539 7 
171500 3518 5 
171550 3545 648 
171600 3549 1402 
171650 3542 1936 
171700 3522 2325 
171750 3531 2697 
171800 3541 2925 
171850 3515 3091 
171900 3530 3235 
171950 3551 3368 
172000 3525 3432 
172050 3292 2272 
172100 3415 1286 
172150 3455 702 
172200 3517 359 
172250 3527 158 
172300 3521 48 
172350 3545 26 
172400 3540 12 
172450 3538 4 
172500 3541 9 
172550 3522 604 
172600 3533 1364 
172650 3535 1858 
172700 3540 2210 
172750 3537 2545 
172800 3532 2827 
172850 3525 3050 
172900 3529 3251 
172950 3541 3394 
173000 3534 3470 
173050 3315 2226 
173100 3415 1149 
173150 3474 610 
173200 3508 349 
173250 3533 207 
173300 3534 83 
173350 3516 27 
173400 3547 4 
173450 3527 3 
173500 3535 9 
173550 3526 201 
173600 3536 795 
173650 3535 1291 
173700 3527 1729 
173750 3532 2172 
173800 3543 2536 
173850 3542 2785 
173900 3533 3015 
173950 3535 3163 
174000 3527 3325 
174050 3329 2199 
174100 3418 1223 
174150 3466 686 
174200 3493 416 
174250 3530 252 
174300 3524 117 
174350 3518 62 
174400 3519 20 
174450 3522 11 
174500 3537 6 
174550 3548 620 
174600 3547 1337 
174650 3541 1874 
174700 3548 2234 
174750 3532 2545 
174800 3547 2847 
174850 3547 3071 
174900 3533 3197 
174950 3521 3278 
175000 3532 3368 
175050 3258 2255 
175100 3370 1290 
175150 3440 621 
175200 3506 275 
175250 3517 152 
175300 3520 71 
175350 3513 36 
175400 3531 17 
175450 3546 8 
175500 3534 10 
175550 3532 703 
175600 3529 1392 
175650 3551 1864 
175700 3546 2258 
175750 3549 2623 
175800 3537 2865 
175850 3535 3074 
175900 3533 3243 
175950 3542 3372 
176000 3534 3446 
176050 3298 2365 
176100 3388 1368 
176150 3452 690 
176200 3485 318 
176250 3524 152 
176300 3529 59 
176350 3526 22 
176400 3533 5 
176450 3521 15 
176500 3529 5 
176550 3530 419 
176600 3529 1067 
176650 3517 1637 
176700 3543 2112 
176750 3527 2427 
176800 3524 2712 
176850 3535 2970 
176900 3535 3164 
176950 3557 3327 
177000 3533 3419 
177050 3283 2285 
177100 3351 1446 
177150 3397 1003 
177200 3484 778 
177250 3487 530 
177300 3491 354 
177350 3509 218 
177400 3533 121 
177450 3515 54 
177500 3523 28 
177550 3535 474 
177600 3523 1389 
177650 3532 2022 
177700 3525 2548 
177750 3524 2925 
177800 3518 3132 
177850 3529 3292 
177900 3538 3409 
177950 3536 3482 
178000 3526 3493 
178050 3258 2232 
178100 3355 1292 
178150 3403 724 
178200 3497 424 
178250 3513 208 
178300 3514 65 
178350 3519 18 
178400 3521 10 
178450 3532 9 
178500 3526 3 
178550 3531 484 
178600 3532 1150 
178650 3516 1772 
178700 3539 2254 
178750 3536 2596 
178800 3531 2877 
178850 3514 3137 
178900 3535 3311 
178950 3508 3394 
179000 3517 3465 
179050 3284 2233 
179100 3422 1262 
179150 3436 644 
179200 3502 365 
179250 3518 202 
179300 3522 88 
179350 3516 36 
179400 3528 11 
179450 3542 8 
179500 3526 2 
179550 3521 453 
179600 3520 1326 
179650 3529 1914 
179700 3526 2315 
179750 3532 2709 
179800 3536 3008 
179850 3542 3243 
179900 3528 3389 
179950 3533 3494 
180000 3533 3519 
180050 3322 2314 
180100 3411 1322 
180150 3448 787 
180200 3499 566 
180250 3502 370 
180300 3512 212 
180350 3506 120 
180400 3515 63 
180450 3533 26 
180500 3545 13 
180550 3526 196 
180600 3538 955 
180650 3526 1495 
180700 3515 1939 
180750 3516 2334 
180800 3538 2699 
180850 3541 3015 
180900 3534 3228 
180950 3496 3313 
181000 3507 3429 
181050 3338 2244 
181100 3385 1238 
181150 3428 686 
181200 3469 405 
181250 3503 283 
181300 3508 177 
181350 3514 112 
181400 3532 49 
181450 3526 18 
181500 3526 15 
181550 3536 475 
181600 3540 1167 
181650 3525 1780 
181700 3524 2313 
181750 3532 2770 
181800 3541 3118 
181850 3526 3322 
181900 3528 3474 
181950 3524 3497 
182000 3535 3527 
182050 3309 2225 
182100 3409 1290 
182150 3442 731 
182200 3513 527 
182250 3524 303 
182300 3528 168 
182350 3512 77 
182400 3524 35 
182450 3539 16 
182500 3526 6 
182550 3505 21 
182600 3476 772 
182650 3491 1365 
182700 3473 1852 
182750 3508 2283 
182800 3532 2609 
182850 3532 2872 
182900 3545 3091 
182950 3522 3203 
183000 3522 3332 
183050 3355 2026 
183100 3414 928 
183150 3482 391 
183200 3519 132 
183250 3536 36 
183300 3514 19 
183350 3510 6 
183400 3536 6 
183450 3533 6 
183500 3537 5 
183550 3523 458 
183600 3534 1200 
183650 3532 1811 
183700 3523 2317 
183750 3518 2752 
183800 3530 3073 
183850 3542 3299 
183900 3512 3396 
183950 3544 3505 
184000 3535 3515 
184050 3360 2091 
184100 3459 962 
184150 3511 419 
184200 3535 117 
184250 3540 43 
184300 3532 16 
184350 3540 6 
184400 3535 3 
184450 3532 3 
184500 3526 6 
184550 3528 493 
184600 3517 1317 
184650 3512 1892 
184700 3504 2356 
184750 3534 2734 
184800 3529 2986 
184850 3548 3231 
184900 3535 3392 
184950 3544 3485 
185000 3543 3513 
185050 3350 2114 
185100 3429 1037 
185150 3480 484 
185200 3504 216 
185250 3529 118 
185300 3525 45 
185350 3526 16 
185400 3529 7 
185450 3527 4 
185500 3532 3 
185550 3524 389 
185600 3522 969 
185650 3522 1455 
185700 3550 1981 
185750 3521 2371 
185800 3540 2686 
185850 3537 2942 
185900 3529 3152 
185950 3530 3276 
186000 3527 3362 
186050 3320 2153 
186100 3411 1101 
186150 3477 602 
186200 3491 331 
186250 3531 192 
186300 3526 99 
186350 3534 36 
186400 3530 13 
186450 3535 8 
186500 3520 4 
186550 3516 404 
186600 3518 1158 
186650 3511 1833 
186700 3515 2378 
186750 3540 2795 
186800 3523 3107 
186850 3510 3301 
186900 3529 3416 
186950 3521 3467 
187000 3527 3499 
187050 3348 2011 
187100 3460 866 
187150 3536 326 
187200 3540 91 
187250 3535 22 
187300 3521 3 
187350 3523 3 
187400 3524 3 
187450 3534 2 
187500 3539 4 
187550 3538 505 
187600 3554 1125 
187650 3545 1571 
187700 3542 1994 
187750 3533 2379 
187800 3531 2711 
187850 3546 3018 
187900 3540 3270 
187950 3528 3398 
188000 3525 3489 
188050 3338 2039 
188100 3444 955 
188150 3509 398 
188200 3513 124 
188250 3520 44 
188300 3524 17 
188350 3548 5 
188400 3540 4 
188450 3520 5 
188500 3532 1 
188550 3536 291 
188600 3540 999 
188650 3527 1509 
188700 3541 1982 
188750 3530 2355 
188800 3526 2780 
188850 3527 3023 
188900 3524 3224 
188950 3525 3333 
189000 3533 3425 
189050 3341 2165 
189100 3417 1237 
189150 3449 712 
189200 3510 438 
189250 3517 279 
189300 3530 138 
189350 3539 76 
189400 3536 42 
189450 3523 18 
189500 3522 8 
189550 3537 12 
189600 3542 572 
189650 3529 1171 
189700 3535 1702 
189750 3548 2197 
189800 3534 2640 
189850 3528 2992 
189900 3526 3223 
189950 3512 3339 
190000 3543 3424 
190050 3358 2061 
190100 3441 992 
190150 3500 456 
190200 3510 191 
190250 3512 59 
190300 3532 24 
190350 3525 10 
190400 3510 7 
190450 3526 2 
190500 3544 6 
190550 3534 219 
190600 3526 820 
190650 3526 1241 
190700 3535 1703 
190750 3533 2136 
190800 3521 2547 
190850 3534 2851 
190900 3526 3075 
190950 3540 3220 
191000 3529 3340 
191050 3354 2111 
191100 3424 1046 
191150 3478 493 
191200 3511 181 
191250 3524 58 
191300 3536 12 
191350 3533 2 
191400 3541 13 
191450 3536 11 
191500 3533 16 
191550 3536 693 
191600 3521 1353 
191650 3528 1844 
191700 3512 2230 
191750 3494 2550 
191800 3507 2830 
191850 3509 3078 
191900 3508 3246 
191950 3518 3382 
192000 3526 3467 
192050 3300 2133 
192100 3395 1126 
192150 3467 551 
192200 3499 235 
192250 3493 89 
192300 3509 19 
192350 3548 5 
192400 3545 12 
192450 3558 5 
192500 3543 6 
192550 3549 455 
192600 3538 1070 
192650 3541 1599 
192700 3530 2004 
192750 3542 2420 
192800 3545 2779 
192850 3535 3038 
192900 3537 3201 
192950 3528 3304 
193000 3530 3407 
193050 3305 2429 
193100 3407 1578 
193150 3469 963 
193200 3540 595 
193250 3528 311 
193300 3545 145 
193350 3547 41 
193400 3550 9 
193450 3551 0 
193500 3548 1 
193550 3544 569 
193600 3541 1321 
193650 3542 1813 
193700 3536 2257 
193750 3535 2640 
193800 3530 2910 
193850 3539 3203 
193900 3507 3355 
193950 3536 3461 
194000 3536 3494 
194050 3363 1935 
194100 3466 803 
194150 3512 330 
194200 3517 108 
194250 3497 27 
194300 3539 8 
194350 3539 3 
194400 3538 6 
194450 3537 2 
194500 3529 1 
194550 3535 232 
194600 3544 838 
194650 3540 1382 
194700 3522 1801 
194750 3540 2213 
194800 3514 2553 
194850 3542 2838 
194900 3539 3077 
194950 3533 3222 
195000 3522 3337 
195050 3227 2382 
195100 3303 1650 
195150 3371 1116 
195200 3503 811 
195250 3508 494 
195300 3522 282 
195350 3537 157 
195400 3517 77 
195450 3545 16 
195500 3524 2 
195550 3525 402 
195600 3522 941 
195650 3533 1550 
195700 3524 2038 
195750 3527 2494 
195800 3523 2896 
195850 3526 3181 
195900 3538 3363 
195950 3537 3461 
196000 3520 3481 
196050 3351 1959 
196100 3441 936 
196150 3474 458 
196200 3479 223 
196250 3507 107 
196300 3525 67 
196350 3527 30 
196400 3529 8 
196450 3537 0 
196500 3520 2 
196550 3545 305 
196600 3539 904 
196650 3541 1434 
196700 3541 1944 
196750 3526 2374 
196800 3528 2738 
196850 3518 2967 
196900 3529 3166 
196950 3536 3303 
197000 3536 3419 
197050 3231 2537 
197100 3257 1847 
197150 3427 1521 
197200 3453 1071 
197250 3476 721 
197300 3498 495 
197350 3503 340 
197400 3480 201 
197450 3510 121 
197500 3525 54 
197550 3541 446 
197600 3535 1064 
197650 3533 1557 
197700 3517 1920 
197750 3530 2351 
197800 3530 2732 
197850 3522 2971 
197900 3529 3145 
197950 3539 3282 
198000 3535 3390 
198050 3317 2171 
198100 3392 1230 
198150 3406 790 
198200 3463 498 
198250 3490 333 
198300 3526 198 
198350 3547 93 
198400 3520 33 
198450 3497 7 
198500 3508 6 
198550 3515 628 
198600 3520 1425 
198650 3521 2024 
198700 3530 2571 
198750 3528 2931 
198800 3527 3192 
198850 3515 3364 
198900 3530 3466 
198950 3528 3498 
199000 3529 3505 
199050 3330 2016 
199100 3447 873 
199150 3525 302 
199200 3533 95 
199250 3545 27 
199300 3546 15 
199350 3526 14 
199400 3526 2 
199450 3551 8 
199500 3531 7 
199550 3530 650 
199600 3530 1306 
199650 3522 1817 
199700 3512 2232 
199750 3526 2654 
199800 3534 2964 
199850 3515 3205 
199900 3540 3378 
199950 3534 3447 
200000 3542 3502 
