# Avida tasks data
# Sat Apr  7 02:32:51 2012
# First column gives the current update, next columns give the number
# of organisms that have the particular task as a component of their merit
#  1: Update
#  2: Xor
#  3: Equals

0 0 0 
50 4 4 
100 9 9 
150 36 36 
200 103 103 
250 256 256 
300 443 443 
350 675 675 
400 959 957 
450 1325 1327 
500 1686 1684 
550 2133 2135 
600 2656 2654 
650 3141 3144 
700 3403 3395 
750 3528 3524 
800 3540 3545 
850 3544 3545 
900 3541 3541 
950 3533 3542 
1000 3532 3541 
1050 3539 3540 
1100 3529 3525 
1150 3548 3529 
1200 3545 3507 
1250 3548 3504 
1300 3529 3491 
1350 3546 3515 
1400 3537 3515 
1450 3549 3524 
1500 3541 3511 
1550 3548 3532 
1600 3542 3535 
1650 3539 3538 
1700 3556 3553 
1750 3547 3541 
1800 3541 3540 
1850 3527 3523 
1900 3544 3544 
1950 3548 3546 
2000 3544 3546 
2050 3536 3539 
2100 3549 3538 
2150 3542 3514 
2200 3533 3497 
2250 3549 3507 
2300 3555 3503 
2350 3527 3471 
2400 3539 3476 
2450 3550 3487 
2500 3524 3468 
2550 3532 3496 
2600 3540 3525 
2650 3539 3538 
2700 3542 3547 
2750 3550 3546 
2800 3558 3559 
2850 3541 3541 
2900 3543 3536 
2950 3536 3537 
3000 3546 3547 
3050 3552 3544 
3100 3552 3544 
3150 3554 3538 
3200 3531 3497 
3250 3541 3510 
3300 3527 3468 
3350 3532 3457 
3400 3530 3450 
3450 3550 3455 
3500 3539 3451 
3550 3535 3501 
3600 3561 3539 
3650 3549 3534 
3700 3555 3550 
3750 3548 3545 
3800 3550 3552 
3850 3541 3529 
3900 3540 3541 
3950 3546 3545 
4000 3540 3537 
4050 3535 3534 
4100 3553 3541 
4150 3546 3530 
4200 3547 3535 
4250 3544 3535 
4300 3543 3528 
4350 3546 3528 
4400 3549 3506 
4450 3540 3466 
4500 3534 3467 
4550 3545 3517 
4600 3539 3535 
4650 3547 3556 
4700 3534 3531 
4750 3552 3546 
4800 3546 3550 
4850 3537 3537 
4900 3561 3558 
4950 3542 3544 
5000 3538 3539 
5050 3539 3538 
5100 3534 3516 
5150 3548 3512 
5200 3541 3494 
5250 3547 3492 
5300 3554 3493 
5350 3537 3437 
5400 3548 3449 
5450 3538 3451 
5500 3527 3428 
5550 3552 3493 
5600 3537 3528 
5650 3524 3524 
5700 3556 3557 
5750 3544 3541 
5800 3547 3547 
5850 3549 3541 
5900 3553 3553 
5950 3558 3556 
6000 3553 3546 
6050 3550 3543 
6100 3555 3525 
6150 3546 3517 
6200 3539 3487 
6250 3552 3494 
6300 3548 3480 
6350 3550 3481 
6400 3541 3440 
6450 3541 3449 
6500 3554 3431 
6550 3537 3472 
6600 3538 3529 
6650 3546 3539 
6700 3560 3558 
6750 3537 3542 
6800 3551 3551 
6850 3529 3534 
6900 3537 3532 
6950 3548 3541 
7000 3550 3548 
7050 3536 3543 
7100 3544 3529 
7150 3546 3527 
7200 3543 3509 
7250 3551 3509 
7300 3546 3516 
7350 3525 3502 
7400 3554 3513 
7450 3539 3493 
7500 3543 3500 
7550 3537 3525 
7600 3552 3552 
7650 3542 3543 
7700 3541 3540 
7750 3534 3540 
7800 3558 3561 
7850 3543 3545 
7900 3548 3550 
7950 3552 3555 
8000 3558 3554 
8050 3546 3548 
8100 3545 3537 
8150 3535 3511 
8200 3537 3486 
8250 3554 3509 
8300 3548 3504 
8350 3549 3500 
8400 3542 3494 
8450 3538 3472 
8500 3547 3475 
8550 3527 3472 
8600 3549 3540 
8650 3548 3541 
8700 3533 3533 
8750 3535 3532 
8800 3534 3524 
8850 3541 3536 
8900 3555 3553 
8950 3538 3533 
9000 3544 3542 
9050 3556 3560 
9100 3547 3542 
9150 3551 3524 
9200 3542 3512 
9250 3539 3520 
9300 3538 3513 
9350 3534 3512 
9400 3544 3515 
9450 3524 3474 
9500 3529 3488 
9550 3535 3510 
9600 3534 3527 
9650 3526 3523 
9700 3543 3543 
9750 3556 3556 
9800 3546 3544 
9850 3562 3560 
9900 3542 3544 
9950 3540 3541 
10000 3558 3555 
10050 3577 3574 
10100 3559 3548 
10150 3553 3531 
10200 3547 3528 
10250 3548 3522 
10300 3526 3501 
10350 3535 3495 
10400 3558 3544 
10450 3549 3539 
10500 3541 3511 
10550 3553 3532 
10600 3531 3524 
10650 3549 3539 
10700 3550 3545 
10750 3534 3533 
10800 3558 3555 
10850 3535 3533 
10900 3541 3542 
10950 3564 3560 
11000 3549 3551 
11050 3551 3552 
11100 3553 3548 
11150 3548 3526 
11200 3539 3509 
11250 3532 3481 
11300 3544 3491 
11350 3547 3498 
11400 3564 3490 
11450 3553 3463 
11500 3546 3467 
11550 3550 3513 
11600 3568 3557 
11650 3546 3546 
11700 3553 3548 
11750 3541 3543 
11800 3537 3531 
11850 3545 3542 
11900 3540 3542 
11950 3541 3545 
12000 3545 3547 
12050 3542 3537 
12100 3552 3544 
12150 3553 3526 
12200 3549 3515 
12250 3546 3496 
12300 3542 3493 
12350 3540 3500 
12400 3544 3499 
12450 3548 3495 
12500 3540 3486 
12550 3545 3513 
12600 3539 3531 
12650 3541 3542 
12700 3543 3543 
12750 3550 3545 
12800 3554 3555 
12850 3542 3543 
12900 3550 3545 
12950 3547 3548 
13000 3553 3550 
13050 3545 3541 
13100 3558 3539 
13150 3546 3517 
13200 3544 3498 
13250 3554 3510 
13300 3539 3474 
13350 3531 3476 
13400 3554 3477 
13450 3549 3472 
13500 3547 3468 
13550 3550 3518 
13600 3535 3526 
13650 3537 3531 
13700 3543 3537 
13750 3545 3547 
13800 3554 3552 
13850 3547 3545 
13900 3529 3529 
13950 3556 3555 
14000 3541 3539 
14050 3538 3536 
14100 3557 3535 
14150 3548 3494 
14200 3535 3475 
14250 3547 3479 
14300 3546 3477 
14350 3533 3456 
14400 3548 3444 
14450 3530 3435 
14500 3552 3424 
14550 3554 3479 
14600 3531 3512 
14650 3545 3537 
14700 3548 3538 
14750 3534 3536 
14800 3545 3546 
14850 3543 3551 
14900 3553 3559 
14950 3551 3551 
15000 3545 3547 
15050 3552 3555 
15100 3555 3551 
15150 3547 3542 
15200 3530 3513 
15250 3540 3528 
15300 3546 3517 
15350 3544 3525 
15400 3551 3515 
15450 3539 3487 
15500 3545 3487 
15550 3542 3495 
15600 3540 3512 
15650 3535 3524 
15700 3551 3548 
15750 3535 3535 
15800 3550 3550 
15850 3540 3541 
15900 3529 3534 
15950 3525 3528 
16000 3528 3527 
16050 3538 3543 
16100 3553 3560 
16150 3551 3543 
16200 3534 3519 
16250 3532 3499 
16300 3534 3492 
16350 3531 3482 
16400 3543 3489 
16450 3551 3479 
16500 3535 3464 
16550 3532 3458 
16600 3532 3503 
16650 3551 3540 
16700 3553 3545 
16750 3529 3530 
16800 3525 3524 
16850 3557 3551 
16900 3544 3539 
16950 3563 3564 
17000 3544 3536 
17050 3537 3526 
17100 3543 3524 
17150 3542 3514 
17200 3541 3500 
17250 3552 3494 
17300 3546 3469 
17350 3557 3472 
17400 3538 3438 
17450 3566 3429 
17500 3541 3398 
17550 3544 3449 
17600 3538 3510 
17650 3539 3529 
17700 3545 3542 
17750 3549 3540 
17800 3549 3549 
17850 3535 3540 
17900 3541 3537 
17950 3541 3537 
18000 3563 3560 
18050 3535 3537 
18100 3542 3516 
18150 3532 3492 
18200 3539 3478 
18250 3547 3468 
18300 3547 3475 
18350 3532 3477 
18400 3545 3450 
18450 3550 3435 
18500 3550 3436 
18550 3541 3473 
18600 3549 3523 
18650 3544 3541 
18700 3543 3538 
18750 3539 3542 
18800 3550 3548 
18850 3543 3546 
18900 3560 3556 
18950 3542 3544 
19000 3550 3554 
19050 3534 3527 
19100 3545 3529 
19150 3542 3501 
19200 3547 3508 
19250 3527 3507 
19300 3536 3493 
19350 3533 3483 
19400 3531 3473 
19450 3541 3471 
19500 3548 3461 
19550 3537 3468 
19600 3530 3505 
19650 3542 3532 
19700 3534 3542 
19750 3559 3561 
19800 3547 3544 
19850 3557 3554 
19900 3550 3547 
19950 3534 3537 
20000 3547 3551 
20050 3550 3553 
20100 3552 3545 
20150 3560 3534 
20200 3537 3494 
20250 3557 3483 
20300 3562 3500 
20350 3542 3466 
20400 3538 3473 
20450 3535 3439 
20500 3556 3446 
20550 3550 3487 
20600 3550 3529 
20650 3554 3551 
20700 3556 3558 
20750 3554 3550 
20800 3547 3544 
20850 3535 3531 
20900 3528 3518 
20950 3547 3546 
21000 3548 3543 
21050 3547 3540 
21100 3558 3549 
21150 3559 3531 
21200 3523 3478 
21250 3542 3493 
21300 3531 3464 
21350 3540 3455 
21400 3533 3448 
21450 3536 3456 
21500 3558 3483 
21550 3547 3503 
21600 3543 3528 
21650 3566 3559 
21700 3557 3553 
21750 3552 3549 
21800 3558 3560 
21850 3545 3542 
21900 3541 3543 
21950 3543 3548 
22000 3539 3540 
22050 3533 3531 
22100 3551 3543 
22150 3552 3542 
22200 3553 3552 
22250 3553 3540 
22300 3546 3521 
22350 3535 3511 
22400 3543 3494 
22450 3540 3517 
22500 3541 3509 
22550 3536 3527 
22600 3540 3541 
22650 3541 3545 
22700 3543 3539 
22750 3545 3535 
22800 3560 3556 
22850 3540 3545 
22900 3548 3547 
22950 3559 3563 
23000 3555 3555 
23050 3540 3538 
23100 3550 3550 
23150 3535 3530 
23200 3533 3535 
23250 3551 3542 
23300 3552 3533 
23350 3550 3517 
23400 3534 3486 
23450 3538 3484 
23500 3524 3482 
23550 3538 3517 
23600 3539 3526 
23650 3554 3550 
23700 3544 3535 
23750 3553 3557 
23800 3553 3554 
23850 3556 3552 
23900 3542 3542 
23950 3535 3538 
24000 3561 3557 
24050 3548 3553 
24100 3549 3541 
24150 3556 3539 
24200 3538 3526 
24250 3521 3503 
24300 3538 3509 
24350 3535 3484 
24400 3546 3487 
24450 3550 3495 
24500 3540 3465 
24550 3541 3492 
24600 3535 3531 
24650 3536 3538 
24700 3539 3539 
24750 3555 3553 
24800 3552 3552 
24850 3555 3550 
24900 3550 3550 
24950 3539 3544 
25000 3550 3554 
25050 3549 3554 
25100 3566 3552 
25150 3576 3559 
25200 3546 3533 
25250 3533 3514 
25300 3543 3521 
25350 3541 3509 
25400 3545 3517 
25450 3554 3515 
25500 3565 3517 
25550 3537 3515 
25600 3552 3540 
25650 3550 3542 
25700 3547 3547 
25750 3550 3551 
25800 3553 3553 
25850 3545 3550 
25900 3548 3550 
25950 3560 3558 
26000 3543 3543 
26050 3552 3559 
26100 3564 3560 
26150 3560 3538 
26200 3532 3518 
26250 3541 3527 
26300 3561 3531 
26350 3527 3507 
26400 3547 3518 
26450 3555 3515 
26500 3555 3516 
26550 3558 3530 
26600 3551 3543 
26650 3539 3537 
26700 3558 3557 
26750 3560 3561 
26800 3550 3552 
26850 3557 3561 
26900 3548 3550 
26950 3551 3557 
27000 3553 3554 
27050 3551 3548 
27100 3557 3540 
27150 3552 3505 
27200 3550 3497 
27250 3551 3483 
27300 3544 3470 
27350 3548 3474 
27400 3551 3450 
27450 3546 3416 
27500 3556 3400 
27550 3556 3492 
27600 3548 3532 
27650 3565 3559 
27700 3567 3561 
27750 3550 3555 
27800 3561 3558 
27850 3570 3575 
27900 3557 3557 
27950 3557 3557 
28000 3537 3545 
28050 3543 3547 
28100 3558 3556 
28150 3557 3539 
28200 3556 3518 
28250 3546 3498 
28300 3553 3502 
28350 3553 3495 
28400 3546 3507 
28450 3551 3531 
28500 3547 3509 
28550 3553 3543 
28600 3554 3547 
28650 3556 3555 
28700 3556 3560 
28750 3532 3540 
28800 3558 3557 
28850 3553 3555 
28900 3539 3546 
28950 3546 3552 
29000 3549 3559 
29050 3537 3543 
29100 3549 3529 
29150 3539 3503 
29200 3558 3503 
29250 3555 3485 
29300 3546 3453 
29350 3552 3460 
29400 3552 3457 
29450 3548 3453 
29500 3544 3445 
29550 3549 3502 
29600 3555 3546 
29650 3564 3560 
29700 3555 3558 
29750 3549 3552 
29800 3572 3569 
29850 3559 3565 
29900 3567 3571 
29950 3545 3548 
30000 3554 3558 
30050 3556 3564 
30100 3561 3551 
30150 3559 3546 
30200 3560 3539 
30250 3546 3525 
30300 3546 3514 
30350 3541 3487 
30400 3546 3483 
30450 3563 3480 
30500 3530 3448 
30550 3540 3488 
30600 3544 3534 
30650 3549 3553 
30700 3564 3558 
30750 3550 3546 
30800 3560 3562 
30850 3548 3556 
30900 3541 3549 
30950 3549 3554 
31000 3552 3558 
31050 3555 3556 
31100 3557 3533 
31150 3555 3490 
31200 3557 3484 
31250 3551 3456 
31300 3556 3440 
31350 3548 3430 
31400 3560 3445 
31450 3557 3448 
31500 3554 3460 
31550 3556 3522 
31600 3552 3541 
31650 3561 3561 
31700 3565 3561 
31750 3559 3564 
31800 3545 3545 
31850 3539 3537 
31900 3551 3552 
31950 3552 3558 
32000 3554 3559 
32050 3551 3547 
32100 3548 3522 
32150 3568 3540 
32200 3554 3506 
32250 3546 3484 
32300 3542 3470 
32350 3544 3456 
32400 3558 3474 
32450 3560 3465 
32500 3543 3442 
32550 3567 3534 
32600 3554 3549 
32650 3559 3563 
32700 3542 3543 
32750 3567 3562 
32800 3544 3543 
32850 3547 3556 
32900 3545 3543 
32950 3566 3568 
33000 3549 3553 
33050 3559 3546 
33100 3556 3534 
33150 3558 3519 
33200 3551 3492 
33250 3539 3502 
33300 3541 3496 
33350 3558 3489 
33400 3558 3465 
33450 3557 3449 
33500 3542 3412 
33550 3537 3508 
33600 3538 3528 
33650 3565 3568 
33700 3552 3551 
33750 3554 3552 
33800 3550 3552 
33850 3547 3553 
33900 3553 3547 
33950 3551 3549 
34000 3543 3545 
34050 3547 3545 
34100 3559 3537 
34150 3566 3538 
34200 3554 3515 
34250 3562 3523 
34300 3543 3481 
34350 3559 3500 
34400 3550 3493 
34450 3561 3473 
34500 3561 3471 
34550 3554 3527 
34600 3550 3548 
34650 3546 3546 
34700 3567 3564 
34750 3563 3565 
34800 3560 3563 
34850 3545 3547 
34900 3544 3554 
34950 3547 3551 
35000 3544 3550 
35050 3561 3563 
35100 3543 3520 
35150 3558 3524 
35200 3552 3511 
35250 3558 3516 
35300 3549 3472 
35350 3531 3433 
35400 3540 3424 
35450 3550 3429 
35500 3537 3412 
35550 3541 3521 
35600 3557 3558 
35650 3556 3555 
35700 3544 3549 
35750 3531 3535 
35800 3569 3575 
35850 3565 3567 
35900 3540 3545 
35950 3565 3557 
36000 3540 3548 
36050 3557 3549 
36100 3552 3532 
36150 3548 3546 
36200 3561 3550 
36250 3549 3533 
36300 3560 3536 
36350 3560 3529 
36400 3563 3532 
36450 3555 3508 
36500 3546 3476 
36550 3558 3548 
36600 3539 3546 
36650 3556 3556 
36700 3545 3542 
36750 3560 3560 
36800 3545 3548 
36850 3542 3551 
36900 3565 3567 
36950 3557 3560 
37000 3551 3555 
37050 3547 3553 
37100 3537 3535 
37150 3547 3523 
37200 3552 3533 
37250 3553 3498 
37300 3559 3454 
37350 3552 3442 
37400 3550 3383 
37450 3549 3353 
37500 3563 3342 
37550 3529 3500 
37600 3567 3569 
37650 3543 3544 
37700 3557 3568 
37750 3547 3550 
37800 3545 3548 
37850 3559 3551 
37900 3562 3562 
37950 3552 3553 
38000 3557 3558 
38050 3557 3559 
38100 3540 3532 
38150 3554 3542 
38200 3554 3550 
38250 3554 3537 
38300 3547 3551 
38350 3565 3548 
38400 3551 3520 
38450 3559 3543 
38500 3558 3542 
38550 3543 3531 
38600 3541 3537 
38650 3548 3550 
38700 3546 3546 
38750 3524 3531 
38800 3536 3536 
38850 3558 3551 
38900 3561 3562 
38950 3542 3545 
39000 3549 3548 
39050 3552 3551 
39100 3552 3525 
39150 3562 3529 
39200 3567 3523 
39250 3560 3484 
39300 3557 3420 
39350 3564 3382 
39400 3566 3353 
39450 3561 3357 
39500 3557 3363 
39550 3554 3485 
39600 3545 3529 
39650 3555 3551 
39700 3536 3542 
39750 3545 3550 
39800 3558 3557 
39850 3556 3555 
39900 3554 3548 
39950 3566 3564 
40000 3568 3567 
40050 3556 3550 
40100 3557 3535 
40150 3553 3526 
40200 3554 3520 
40250 3557 3494 
40300 3547 3461 
40350 3552 3460 
40400 3551 3466 
40450 3545 3446 
40500 3559 3466 
40550 3550 3541 
40600 3566 3563 
40650 3560 3558 
40700 3547 3552 
40750 3549 3551 
40800 3551 3558 
40850 3552 3558 
40900 3551 3553 
40950 3575 3575 
41000 3553 3554 
41050 3546 3534 
41100 3547 3541 
41150 3541 3531 
41200 3555 3510 
41250 3565 3489 
41300 3552 3479 
41350 3555 3487 
41400 3540 3436 
41450 3554 3407 
41500 3560 3398 
41550 3543 3485 
41600 3546 3545 
41650 3560 3558 
41700 3559 3564 
41750 3566 3569 
41800 3554 3554 
41850 3543 3551 
41900 3562 3569 
41950 3561 3565 
42000 3532 3543 
42050 3541 3536 
42100 3554 3529 
42150 3550 3529 
42200 3549 3511 
42250 3548 3509 
42300 3552 3500 
42350 3545 3476 
42400 3540 3464 
42450 3560 3484 
42500 3559 3452 
42550 3549 3526 
42600 3555 3558 
42650 3559 3559 
42700 3554 3557 
42750 3557 3563 
42800 3564 3555 
42850 3557 3563 
42900 3557 3557 
42950 3552 3555 
43000 3552 3548 
43050 3550 3545 
43100 3557 3546 
43150 3547 3539 
43200 3551 3545 
43250 3547 3532 
43300 3554 3521 
43350 3565 3494 
43400 3555 3463 
43450 3552 3457 
43500 3535 3424 
43550 3554 3545 
43600 3552 3554 
43650 3559 3556 
43700 3548 3561 
43750 3563 3563 
43800 3562 3569 
43850 3561 3562 
43900 3554 3556 
43950 3553 3552 
44000 3550 3549 
44050 3545 3549 
44100 3549 3527 
44150 3552 3530 
44200 3541 3507 
44250 3556 3525 
44300 3555 3488 
44350 3545 3492 
44400 3541 3452 
44450 3563 3504 
44500 3532 3444 
44550 3536 3514 
44600 3542 3550 
44650 3535 3541 
44700 3550 3555 
44750 3559 3557 
44800 3550 3548 
44850 3547 3542 
44900 3563 3566 
44950 3566 3562 
45000 3552 3553 
45050 3561 3557 
45100 3543 3536 
45150 3544 3526 
45200 3545 3515 
45250 3543 3517 
45300 3573 3536 
45350 3549 3518 
45400 3558 3502 
45450 3553 3482 
45500 3563 3468 
45550 3543 3514 
45600 3559 3556 
45650 3555 3559 
45700 3558 3563 
45750 3533 3531 
45800 3551 3551 
45850 3553 3550 
45900 3571 3572 
45950 3553 3555 
46000 3549 3552 
46050 3555 3548 
46100 3554 3537 
46150 3541 3504 
46200 3542 3498 
46250 3549 3480 
46300 3554 3462 
46350 3566 3446 
46400 3544 3377 
46450 3545 3379 
46500 3552 3380 
46550 3550 3508 
46600 3546 3554 
46650 3543 3549 
46700 3555 3563 
46750 3569 3569 
46800 3565 3561 
46850 3552 3552 
46900 3558 3558 
46950 3555 3554 
47000 3543 3545 
47050 3537 3533 
47100 3554 3539 
47150 3560 3535 
47200 3544 3509 
47250 3550 3518 
47300 3565 3530 
47350 3562 3503 
47400 3560 3482 
47450 3550 3429 
47500 3554 3420 
47550 3541 3509 
47600 3551 3548 
47650 3549 3553 
47700 3533 3540 
47750 3563 3562 
47800 3553 3553 
47850 3552 3550 
47900 3560 3557 
47950 3558 3563 
48000 3550 3552 
48050 3558 3550 
48100 3542 3525 
48150 3559 3518 
48200 3556 3496 
48250 3548 3476 
48300 3559 3474 
48350 3568 3455 
48400 3568 3431 
48450 3561 3401 
48500 3564 3328 
48550 3546 3483 
48600 3540 3536 
48650 3548 3540 
48700 3563 3563 
48750 3549 3540 
48800 3564 3559 
48850 3549 3552 
48900 3558 3557 
48950 3553 3553 
49000 3555 3562 
49050 3547 3545 
49100 3552 3551 
49150 3556 3552 
49200 3564 3546 
49250 3555 3513 
49300 3553 3513 
49350 3552 3519 
49400 3551 3496 
49450 3553 3488 
49500 3545 3470 
49550 3551 3517 
49600 3545 3545 
49650 3563 3566 
49700 3538 3543 
49750 3557 3564 
49800 3558 3558 
49850 3563 3561 
49900 3549 3556 
49950 3554 3548 
50000 3539 3542 
50050 3553 3549 
50100 3541 3535 
50150 3558 3534 
50200 3562 3521 
50250 3561 3495 
50300 3536 3463 
50350 3565 3465 
50400 3546 3433 
50450 3557 3435 
50500 3556 3396 
50550 3562 3517 
50600 3538 3538 
50650 3549 3549 
50700 3561 3560 
50750 3550 3550 
50800 3553 3554 
50850 3565 3556 
50900 3549 3558 
50950 3559 3562 
51000 3555 3558 
51050 3565 3557 
51100 3545 3548 
51150 3543 3532 
51200 3547 3516 
51250 3542 3507 
51300 3558 3508 
51350 3558 3496 
51400 3541 3479 
51450 3566 3476 
51500 3550 3454 
51550 3558 3533 
51600 3555 3554 
51650 3557 3557 
51700 3557 3554 
51750 3545 3547 
51800 3560 3560 
51850 3556 3551 
51900 3559 3560 
51950 3553 3551 
52000 3563 3560 
52050 3548 3546 
52100 3553 3543 
52150 3539 3527 
52200 3557 3545 
52250 3551 3534 
52300 3562 3527 
52350 3543 3520 
52400 3546 3508 
52450 3566 3519 
52500 3562 3506 
52550 3553 3538 
52600 3561 3558 
52650 3556 3557 
52700 3558 3561 
52750 3546 3553 
52800 3558 3558 
52850 3566 3563 
52900 3546 3543 
52950 3567 3568 
53000 3544 3546 
53050 3540 3546 
53100 3568 3537 
53150 3540 3517 
53200 3563 3532 
53250 3565 3513 
53300 3550 3469 
53350 3560 3474 
53400 3562 3476 
53450 3565 3471 
53500 3548 3429 
53550 3544 3509 
53600 3544 3542 
53650 3548 3555 
53700 3549 3548 
53750 3561 3556 
53800 3563 3565 
53850 3540 3549 
53900 3557 3563 
53950 3553 3556 
54000 3568 3568 
54050 3558 3552 
54100 3554 3525 
54150 3543 3504 
54200 3565 3471 
54250 3546 3438 
54300 3547 3416 
54350 3553 3377 
54400 3562 3400 
54450 3548 3373 
54500 3556 3411 
54550 3543 3507 
54600 3549 3548 
54650 3548 3556 
54700 3554 3560 
54750 3560 3555 
54800 3556 3562 
54850 3559 3560 
54900 3553 3547 
54950 3560 3557 
55000 3547 3541 
55050 3552 3534 
55100 3562 3538 
55150 3569 3534 
55200 3572 3515 
55250 3559 3501 
55300 3549 3478 
55350 3554 3463 
55400 3558 3455 
55450 3554 3450 
55500 3551 3462 
55550 3553 3503 
55600 3544 3539 
55650 3551 3550 
55700 3554 3559 
55750 3554 3550 
55800 3562 3561 
55850 3552 3550 
55900 3555 3557 
55950 3559 3555 
56000 3549 3556 
56050 3567 3571 
56100 3556 3546 
56150 3562 3535 
56200 3554 3510 
56250 3558 3509 
56300 3559 3519 
56350 3569 3514 
56400 3560 3493 
56450 3535 3454 
56500 3549 3469 
56550 3560 3537 
56600 3568 3561 
56650 3547 3556 
56700 3561 3563 
56750 3560 3560 
56800 3549 3550 
56850 3557 3562 
56900 3558 3553 
56950 3556 3554 
57000 3561 3561 
57050 3544 3538 
57100 3557 3528 
57150 3549 3529 
57200 3564 3544 
57250 3544 3515 
57300 3537 3467 
57350 3556 3494 
57400 3563 3499 
57450 3545 3463 
57500 3566 3473 
57550 3548 3527 
57600 3544 3549 
57650 3564 3566 
57700 3553 3554 
57750 3560 3561 
57800 3560 3553 
57850 3549 3553 
57900 3551 3549 
57950 3552 3551 
58000 3552 3558 
58050 3563 3561 
58100 3538 3509 
58150 3557 3503 
58200 3548 3501 
58250 3547 3505 
58300 3572 3511 
58350 3549 3480 
58400 3565 3501 
58450 3554 3484 
58500 3549 3447 
58550 3553 3523 
58600 3563 3557 
58650 3564 3561 
58700 3570 3563 
58750 3541 3551 
58800 3569 3570 
58850 3552 3557 
58900 3552 3555 
58950 3556 3554 
59000 3550 3551 
59050 3542 3534 
59100 3565 3550 
59150 3551 3527 
59200 3541 3475 
59250 3563 3487 
59300 3547 3466 
59350 3551 3453 
59400 3545 3430 
59450 3556 3416 
59500 3560 3418 
59550 3555 3520 
59600 3569 3560 
59650 3572 3570 
59700 3559 3566 
59750 3561 3564 
59800 3554 3554 
59850 3559 3563 
59900 3547 3542 
59950 3536 3544 
60000 3557 3557 
60050 3562 3560 
60100 3564 3547 
60150 3545 3524 
60200 3564 3537 
60250 3546 3525 
60300 3557 3528 
60350 3549 3496 
60400 3556 3497 
60450 3553 3473 
60500 3564 3488 
60550 3561 3559 
60600 3548 3563 
60650 3559 3550 
60700 3552 3547 
60750 3561 3563 
60800 3563 3563 
60850 3562 3562 
60900 3564 3566 
60950 3559 3561 
61000 3546 3551 
61050 3552 3544 
61100 3547 3499 
61150 3542 3500 
61200 3555 3489 
61250 3544 3480 
61300 3553 3484 
61350 3549 3466 
61400 3546 3472 
61450 3560 3420 
61500 3556 3378 
61550 3557 3523 
61600 3542 3526 
61650 3552 3552 
61700 3560 3558 
61750 3554 3550 
61800 3558 3558 
61850 3557 3563 
61900 3546 3549 
61950 3558 3557 
62000 3563 3563 
62050 3543 3537 
62100 3556 3538 
62150 3561 3522 
62200 3542 3495 
62250 3550 3497 
62300 3550 3498 
62350 3556 3457 
62400 3555 3447 
62450 3554 3450 
62500 3555 3454 
62550 3554 3531 
62600 3572 3570 
62650 3563 3561 
62700 3553 3561 
62750 3552 3551 
62800 3554 3549 
62850 3539 3548 
62900 3559 3559 
62950 3551 3550 
63000 3544 3551 
63050 3557 3553 
63100 3546 3531 
63150 3551 3517 
63200 3560 3527 
63250 3555 3511 
63300 3557 3497 
63350 3544 3466 
63400 3555 3485 
63450 3557 3473 
63500 3545 3437 
63550 3548 3525 
63600 3553 3552 
63650 3554 3553 
63700 3553 3547 
63750 3537 3537 
63800 3540 3538 
63850 3556 3557 
63900 3554 3552 
63950 3548 3548 
64000 3559 3562 
64050 3567 3563 
64100 3554 3532 
64150 3555 3525 
64200 3554 3501 
64250 3554 3503 
64300 3566 3474 
64350 3546 3451 
64400 3554 3451 
64450 3569 3424 
64500 3565 3411 
64550 3566 3520 
64600 3559 3549 
64650 3549 3548 
64700 3563 3566 
64750 3550 3554 
64800 3552 3549 
64850 3556 3552 
64900 3561 3568 
64950 3561 3565 
65000 3555 3558 
65050 3554 3548 
65100 3550 3519 
65150 3561 3533 
65200 3563 3508 
65250 3551 3480 
65300 3557 3470 
65350 3564 3471 
65400 3557 3458 
65450 3556 3436 
65500 3543 3391 
65550 3558 3512 
65600 3571 3568 
65650 3559 3568 
65700 3553 3550 
65750 3561 3559 
65800 3555 3555 
65850 3564 3554 
65900 3560 3558 
65950 3563 3556 
66000 3568 3569 
66050 3552 3531 
66100 3551 3483 
66150 3552 3473 
66200 3557 3459 
66250 3556 3447 
66300 3558 3457 
66350 3548 3433 
66400 3546 3405 
66450 3558 3370 
66500 3542 3348 
66550 3549 3482 
66600 3551 3544 
66650 3549 3559 
66700 3560 3557 
66750 3552 3552 
66800 3550 3552 
66850 3543 3547 
66900 3544 3552 
66950 3566 3560 
67000 3552 3547 
67050 3540 3544 
67100 3558 3548 
67150 3555 3516 
67200 3546 3489 
67250 3561 3505 
67300 3552 3497 
67350 3560 3507 
67400 3538 3484 
67450 3551 3486 
67500 3558 3507 
67550 3541 3520 
67600 3551 3551 
67650 3546 3550 
67700 3559 3560 
67750 3544 3550 
67800 3537 3541 
67850 3559 3560 
67900 3549 3554 
67950 3553 3560 
68000 3559 3558 
68050 3537 3537 
68100 3552 3544 
68150 3547 3526 
68200 3559 3532 
68250 3552 3518 
68300 3549 3518 
68350 3566 3522 
68400 3577 3508 
68450 3569 3460 
68500 3554 3458 
68550 3553 3520 
68600 3543 3549 
68650 3554 3554 
68700 3545 3545 
68750 3545 3540 
68800 3554 3556 
68850 3540 3549 
68900 3547 3555 
68950 3557 3570 
69000 3556 3561 
69050 3565 3565 
69100 3546 3533 
69150 3552 3512 
69200 3544 3502 
69250 3563 3502 
69300 3558 3487 
69350 3551 3472 
69400 3552 3446 
69450 3541 3439 
69500 3545 3435 
69550 3536 3518 
69600 3568 3565 
69650 3552 3544 
69700 3554 3558 
69750 3556 3559 
69800 3553 3554 
69850 3542 3546 
69900 3537 3532 
69950 3554 3551 
70000 3548 3545 
70050 3547 3528 
70100 3545 3500 
70150 3540 3461 
70200 3540 3455 
70250 3554 3459 
70300 3553 3434 
70350 3540 3425 
70400 3554 3426 
70450 3549 3411 
70500 3542 3376 
70550 3552 3468 
70600 3561 3544 
70650 3545 3542 
70700 3540 3543 
70750 3554 3556 
70800 3555 3552 
70850 3561 3560 
70900 3556 3556 
70950 3537 3539 
71000 3558 3547 
71050 3553 3543 
71100 3563 3541 
71150 3565 3542 
71200 3565 3517 
71250 3556 3502 
71300 3553 3485 
71350 3547 3439 
71400 3553 3408 
71450 3558 3399 
71500 3560 3412 
71550 3552 3529 
71600 3541 3542 
71650 3548 3549 
71700 3564 3566 
71750 3547 3542 
71800 3559 3552 
71850 3557 3554 
71900 3554 3550 
71950 3575 3578 
72000 3566 3567 
72050 3562 3551 
72100 3557 3522 
72150 3550 3517 
72200 3565 3535 
72250 3553 3525 
72300 3558 3541 
72350 3551 3517 
72400 3548 3515 
72450 3552 3494 
72500 3553 3493 
72550 3553 3528 
72600 3558 3564 
72650 3563 3558 
72700 3557 3556 
72750 3564 3562 
72800 3549 3553 
72850 3578 3576 
72900 3568 3566 
72950 3559 3561 
73000 3561 3563 
73050 3568 3560 
73100 3555 3541 
73150 3555 3529 
73200 3562 3508 
73250 3561 3489 
73300 3558 3459 
73350 3559 3436 
73400 3550 3427 
73450 3572 3407 
73500 3549 3407 
73550 3533 3484 
73600 3560 3552 
73650 3560 3561 
73700 3557 3556 
73750 3557 3562 
73800 3548 3550 
73850 3561 3561 
73900 3561 3564 
73950 3547 3551 
74000 3546 3547 
74050 3565 3552 
74100 3547 3511 
74150 3561 3502 
74200 3555 3453 
74250 3566 3455 
74300 3567 3447 
74350 3564 3428 
74400 3556 3392 
74450 3546 3393 
74500 3560 3368 
74550 3540 3465 
74600 3552 3533 
74650 3550 3542 
74700 3553 3561 
74750 3576 3579 
74800 3559 3559 
74850 3555 3557 
74900 3559 3552 
74950 3561 3559 
75000 3543 3547 
75050 3538 3536 
75100 3546 3537 
75150 3554 3535 
75200 3553 3513 
75250 3562 3517 
75300 3561 3507 
75350 3553 3493 
75400 3563 3485 
75450 3556 3480 
75500 3565 3490 
75550 3546 3531 
75600 3553 3549 
75650 3554 3557 
75700 3561 3564 
75750 3551 3558 
75800 3551 3553 
75850 3559 3565 
75900 3543 3545 
75950 3556 3556 
76000 3557 3562 
76050 3551 3554 
76100 3557 3560 
76150 3551 3521 
76200 3571 3525 
76250 3547 3492 
76300 3570 3437 
76350 3551 3428 
76400 3553 3392 
76450 3570 3378 
76500 3547 3352 
76550 3555 3490 
76600 3535 3539 
76650 3544 3546 
76700 3552 3553 
76750 3536 3538 
76800 3549 3549 
76850 3554 3557 
76900 3548 3555 
76950 3557 3559 
77000 3544 3557 
77050 3543 3552 
77100 3556 3541 
77150 3546 3508 
77200 3560 3515 
77250 3573 3519 
77300 3561 3515 
77350 3548 3482 
77400 3559 3488 
77450 3558 3507 
77500 3551 3503 
77550 3562 3547 
77600 3550 3544 
77650 3543 3544 
77700 3553 3553 
77750 3555 3557 
77800 3535 3539 
77850 3551 3551 
77900 3547 3547 
77950 3552 3551 
78000 3553 3552 
78050 3556 3549 
78100 3558 3544 
78150 3541 3517 
78200 3548 3520 
78250 3553 3510 
78300 3552 3504 
78350 3540 3488 
78400 3560 3494 
78450 3555 3453 
78500 3543 3447 
78550 3550 3511 
78600 3546 3548 
78650 3558 3555 
78700 3558 3558 
78750 3562 3563 
78800 3555 3559 
78850 3563 3566 
78900 3551 3552 
78950 3539 3536 
79000 3571 3570 
79050 3564 3546 
79100 3556 3551 
79150 3559 3539 
79200 3547 3512 
79250 3564 3506 
79300 3557 3500 
79350 3548 3495 
79400 3562 3491 
79450 3546 3475 
79500 3556 3474 
79550 3541 3507 
79600 3554 3548 
79650 3543 3544 
79700 3552 3558 
79750 3549 3552 
79800 3553 3554 
79850 3557 3557 
79900 3562 3565 
79950 3562 3566 
80000 3538 3536 
80050 3563 3557 
80100 3551 3529 
80150 3561 3521 
80200 3543 3481 
80250 3556 3450 
80300 3563 3468 
80350 3547 3442 
80400 3551 3425 
80450 3568 3432 
80500 3557 3419 
80550 3536 3522 
80600 3541 3547 
80650 3567 3564 
80700 3555 3557 
80750 3548 3556 
80800 3546 3552 
80850 3549 3551 
80900 3553 3556 
80950 3556 3559 
81000 3558 3561 
81050 3559 3553 
81100 3562 3563 
81150 3549 3536 
81200 3550 3522 
81250 3554 3521 
81300 3563 3518 
81350 3558 3493 
81400 3556 3498 
81450 3548 3455 
81500 3560 3453 
81550 3542 3519 
81600 3557 3554 
81650 3553 3558 
81700 3555 3558 
81750 3564 3568 
81800 3546 3550 
81850 3547 3549 
81900 3568 3571 
81950 3545 3554 
82000 3559 3555 
82050 3560 3556 
82100 3555 3527 
82150 3553 3521 
82200 3546 3499 
82250 3558 3477 
82300 3548 3444 
82350 3545 3431 
82400 3550 3425 
82450 3533 3380 
82500 3542 3386 
82550 3559 3507 
82600 3543 3547 
82650 3534 3539 
82700 3550 3554 
82750 3562 3562 
82800 3540 3545 
82850 3555 3550 
82900 3561 3559 
82950 3546 3548 
83000 3557 3558 
83050 3538 3537 
83100 3530 3524 
83150 3544 3542 
83200 3561 3532 
83250 3550 3511 
83300 3545 3506 
83350 3551 3497 
83400 3533 3474 
83450 3546 3474 
83500 3543 3451 
83550 3556 3541 
83600 3561 3557 
83650 3559 3551 
83700 3550 3553 
83750 3554 3555 
83800 3551 3548 
83850 3537 3540 
83900 3552 3550 
83950 3558 3557 
84000 3567 3568 
84050 3562 3561 
84100 3556 3541 
84150 3558 3526 
84200 3549 3516 
84250 3559 3505 
84300 3538 3480 
84350 3550 3494 
84400 3563 3464 
84450 3562 3443 
84500 3559 3396 
84550 3554 3475 
84600 3570 3547 
84650 3555 3549 
84700 3527 3533 
84750 3558 3554 
84800 3556 3550 
84850 3560 3566 
84900 3560 3558 
84950 3545 3543 
85000 3559 3559 
85050 3546 3543 
85100 3554 3540 
85150 3555 3545 
85200 3557 3530 
85250 3534 3499 
85300 3568 3510 
85350 3564 3477 
85400 3561 3446 
85450 3550 3442 
85500 3543 3395 
85550 3539 3486 
85600 3551 3543 
85650 3558 3558 
85700 3554 3552 
85750 3563 3562 
85800 3578 3579 
85850 3550 3555 
85900 3565 3566 
85950 3561 3565 
86000 3545 3552 
86050 3556 3556 
86100 3561 3543 
86150 3558 3513 
86200 3543 3484 
86250 3537 3464 
86300 3543 3455 
86350 3552 3438 
86400 3547 3440 
86450 3557 3442 
86500 3556 3424 
86550 3536 3487 
86600 3545 3556 
86650 3560 3561 
86700 3551 3553 
86750 3567 3567 
86800 3556 3560 
86850 3550 3553 
86900 3537 3538 
86950 3555 3551 
87000 3539 3553 
87050 3560 3551 
87100 3559 3526 
87150 3558 3508 
87200 3550 3494 
87250 3558 3501 
87300 3558 3514 
87350 3536 3488 
87400 3542 3499 
87450 3543 3478 
87500 3553 3476 
87550 3554 3543 
87600 3543 3552 
87650 3549 3555 
87700 3554 3552 
87750 3549 3550 
87800 3562 3562 
87850 3558 3561 
87900 3548 3552 
87950 3548 3551 
88000 3551 3551 
88050 3548 3549 
88100 3559 3537 
88150 3555 3519 
88200 3549 3514 
88250 3546 3504 
88300 3545 3496 
88350 3554 3482 
88400 3556 3484 
88450 3548 3477 
88500 3560 3468 
88550 3549 3535 
88600 3548 3548 
88650 3549 3558 
88700 3564 3559 
88750 3553 3554 
88800 3548 3554 
88850 3553 3553 
88900 3556 3557 
88950 3541 3538 
89000 3541 3545 
89050 3558 3554 
89100 3553 3539 
89150 3555 3541 
89200 3555 3542 
89250 3566 3550 
89300 3567 3542 
89350 3551 3539 
89400 3545 3504 
89450 3558 3496 
89500 3565 3496 
89550 3554 3538 
89600 3546 3552 
89650 3553 3559 
89700 3556 3559 
89750 3562 3562 
89800 3554 3556 
89850 3564 3565 
89900 3556 3552 
89950 3544 3541 
90000 3552 3557 
90050 3554 3556 
90100 3552 3534 
90150 3539 3498 
90200 3550 3514 
90250 3551 3509 
90300 3552 3510 
90350 3549 3496 
90400 3536 3473 
90450 3554 3485 
90500 3556 3473 
90550 3560 3542 
90600 3551 3551 
90650 3555 3553 
90700 3534 3539 
90750 3558 3556 
90800 3558 3559 
90850 3549 3557 
90900 3553 3556 
90950 3544 3546 
91000 3552 3554 
91050 3560 3554 
91100 3556 3525 
91150 3550 3510 
91200 3557 3491 
91250 3549 3501 
91300 3557 3482 
91350 3552 3467 
91400 3559 3465 
91450 3560 3444 
91500 3564 3427 
91550 3555 3502 
91600 3547 3534 
91650 3546 3552 
91700 3555 3550 
91750 3556 3561 
91800 3552 3548 
91850 3552 3552 
91900 3562 3560 
91950 3559 3559 
92000 3546 3551 
92050 3548 3549 
92100 3543 3532 
92150 3550 3531 
92200 3554 3523 
92250 3542 3505 
92300 3565 3510 
92350 3558 3484 
92400 3553 3461 
92450 3558 3470 
92500 3563 3473 
92550 3556 3509 
92600 3553 3552 
92650 3569 3574 
92700 3562 3560 
92750 3560 3559 
92800 3544 3549 
92850 3552 3553 
92900 3570 3574 
92950 3558 3562 
93000 3547 3555 
93050 3546 3535 
93100 3566 3535 
93150 3529 3495 
93200 3572 3506 
93250 3547 3494 
93300 3551 3499 
93350 3563 3499 
93400 3549 3465 
93450 3550 3460 
93500 3550 3452 
93550 3550 3519 
93600 3559 3563 
93650 3559 3555 
93700 3547 3551 
93750 3565 3564 
93800 3553 3557 
93850 3546 3544 
93900 3537 3537 
93950 3559 3560 
94000 3561 3558 
94050 3554 3554 
94100 3560 3539 
94150 3542 3475 
94200 3556 3478 
94250 3562 3438 
94300 3562 3397 
94350 3562 3375 
94400 3548 3355 
94450 3557 3348 
94500 3565 3322 
94550 3546 3438 
94600 3567 3543 
94650 3551 3535 
94700 3553 3549 
94750 3566 3570 
94800 3541 3557 
94850 3568 3570 
94900 3558 3560 
94950 3556 3550 
95000 3553 3545 
95050 3556 3540 
95100 3562 3535 
95150 3557 3526 
95200 3549 3499 
95250 3541 3511 
95300 3566 3540 
95350 3559 3508 
95400 3548 3459 
95450 3544 3450 
95500 3561 3459 
95550 3563 3529 
95600 3525 3533 
95650 3554 3556 
95700 3555 3552 
95750 3566 3571 
95800 3562 3569 
95850 3532 3531 
95900 3556 3560 
95950 3566 3563 
96000 3559 3559 
96050 3562 3558 
96100 3549 3534 
96150 3562 3525 
96200 3558 3510 
96250 3574 3489 
96300 3571 3462 
96350 3564 3443 
96400 3558 3441 
96450 3559 3408 
96500 3540 3394 
96550 3561 3501 
96600 3547 3540 
96650 3555 3553 
96700 3550 3548 
96750 3553 3555 
96800 3565 3566 
96850 3561 3565 
96900 3561 3564 
96950 3555 3551 
97000 3558 3560 
97050 3543 3547 
97100 3562 3554 
97150 3538 3509 
97200 3548 3510 
97250 3541 3486 
97300 3545 3445 
97350 3563 3453 
97400 3568 3436 
97450 3552 3392 
97500 3534 3354 
97550 3549 3485 
97600 3564 3552 
97650 3554 3546 
97700 3554 3553 
97750 3559 3557 
97800 3560 3561 
97850 3566 3568 
97900 3560 3558 
97950 3549 3551 
98000 3545 3546 
98050 3561 3562 
98100 3544 3539 
98150 3573 3555 
98200 3561 3545 
98250 3562 3528 
98300 3555 3481 
98350 3547 3458 
98400 3558 3433 
98450 3551 3392 
98500 3550 3353 
98550 3539 3470 
98600 3550 3557 
98650 3559 3562 
98700 3554 3554 
98750 3558 3551 
98800 3550 3548 
98850 3554 3548 
98900 3561 3554 
98950 3550 3546 
99000 3568 3564 
99050 3557 3556 
99100 3557 3545 
99150 3557 3543 
99200 3546 3491 
99250 3538 3466 
99300 3556 3471 
99350 3562 3470 
99400 3557 3431 
99450 3558 3420 
99500 3560 3445 
99550 3553 3516 
99600 3545 3548 
99650 3551 3560 
99700 3564 3561 
99750 3561 3567 
99800 3560 3551 
99850 3540 3541 
99900 3558 3566 
99950 3565 3566 
100000 3562 3566 
100050 3550 3548 
100100 3555 3545 
100150 3562 3532 
100200 3567 3553 
100250 3557 3511 
100300 3556 3502 
100350 3560 3502 
100400 3542 3464 
100450 3556 3449 
100500 3562 3420 
100550 3533 3479 
100600 3546 3538 
100650 3555 3550 
100700 3554 3549 
100750 3555 3559 
100800 3549 3544 
100850 3561 3560 
100900 3553 3555 
100950 3552 3552 
101000 3556 3560 
101050 3562 3559 
101100 3561 3546 
101150 3548 3550 
101200 3559 3558 
101250 3562 3536 
101300 3569 3543 
101350 3560 3512 
101400 3536 3488 
101450 3563 3486 
101500 3544 3443 
101550 3549 3511 
101600 3558 3551 
101650 3546 3547 
101700 3550 3553 
101750 3551 3557 
101800 3557 3554 
101850 3556 3555 
101900 3564 3567 
101950 3551 3552 
102000 3546 3550 
102050 3556 3546 
102100 3561 3549 
102150 3551 3538 
102200 3554 3524 
102250 3563 3540 
102300 3565 3531 
102350 3555 3505 
102400 3545 3504 
102450 3550 3495 
102500 3554 3478 
102550 3552 3539 
102600 3547 3551 
102650 3560 3557 
102700 3569 3571 
102750 3554 3557 
102800 3552 3550 
102850 3547 3555 
102900 3546 3549 
102950 3560 3567 
103000 3539 3541 
103050 3567 3565 
103100 3557 3549 
103150 3569 3555 
103200 3557 3546 
103250 3554 3528 
103300 3550 3523 
103350 3560 3526 
103400 3536 3496 
103450 3557 3521 
103500 3557 3531 
103550 3544 3539 
103600 3564 3564 
103650 3566 3566 
103700 3562 3567 
103750 3570 3572 
103800 3555 3560 
103850 3555 3559 
103900 3559 3562 
103950 3563 3566 
104000 3554 3565 
104050 3557 3564 
104100 3554 3562 
104150 3564 3556 
104200 3568 3560 
104250 3572 3564 
104300 3538 3538 
104350 3556 3548 
104400 3558 3545 
104450 3561 3514 
104500 3563 3510 
104550 3554 3534 
104600 3540 3548 
104650 3559 3557 
104700 3550 3555 
104750 3546 3549 
104800 3568 3571 
104850 3561 3562 
104900 3542 3552 
104950 3561 3570 
105000 3557 3561 
105050 3570 3570 
105100 3552 3546 
105150 3568 3550 
105200 3543 3525 
105250 3554 3530 
105300 3553 3483 
105350 3553 3482 
105400 3562 3491 
105450 3551 3487 
105500 3558 3480 
105550 3543 3527 
105600 3572 3568 
105650 3558 3562 
105700 3555 3555 
105750 3552 3555 
105800 3556 3558 
105850 3552 3551 
105900 3543 3555 
105950 3561 3565 
106000 3570 3574 
106050 3565 3561 
106100 3546 3536 
106150 3554 3526 
106200 3557 3537 
106250 3549 3513 
106300 3555 3514 
106350 3550 3498 
106400 3556 3479 
106450 3559 3470 
106500 3546 3418 
106550 3555 3515 
106600 3566 3556 
106650 3560 3561 
106700 3558 3556 
106750 3555 3561 
106800 3548 3543 
106850 3560 3552 
106900 3562 3567 
106950 3549 3551 
107000 3568 3568 
107050 3554 3545 
107100 3543 3540 
107150 3566 3545 
107200 3561 3516 
107250 3543 3499 
107300 3561 3490 
107350 3547 3470 
107400 3558 3469 
107450 3544 3426 
107500 3533 3379 
107550 3562 3507 
107600 3547 3542 
107650 3539 3548 
107700 3558 3560 
107750 3562 3562 
107800 3559 3561 
107850 3552 3550 
107900 3559 3555 
107950 3558 3559 
108000 3552 3549 
108050 3545 3537 
108100 3558 3532 
108150 3553 3520 
108200 3571 3498 
108250 3547 3491 
108300 3562 3455 
108350 3550 3424 
108400 3566 3410 
108450 3554 3343 
108500 3569 3336 
108550 3557 3489 
108600 3556 3543 
108650 3556 3551 
108700 3540 3551 
108750 3569 3574 
108800 3555 3558 
108850 3566 3570 
108900 3551 3553 
108950 3555 3556 
109000 3559 3560 
109050 3554 3551 
109100 3552 3528 
109150 3554 3538 
109200 3558 3536 
109250 3560 3538 
109300 3544 3524 
109350 3558 3512 
109400 3551 3452 
109450 3558 3452 
109500 3540 3421 
109550 3539 3505 
109600 3563 3556 
109650 3558 3565 
109700 3553 3557 
109750 3549 3552 
109800 3537 3541 
109850 3553 3559 
109900 3555 3556 
109950 3537 3542 
110000 3541 3550 
110050 3546 3545 
110100 3561 3550 
110150 3562 3564 
110200 3563 3548 
110250 3551 3495 
110300 3555 3491 
110350 3561 3455 
110400 3538 3418 
110450 3543 3435 
110500 3559 3413 
110550 3565 3522 
110600 3557 3553 
110650 3544 3545 
110700 3559 3565 
110750 3559 3561 
110800 3559 3557 
110850 3546 3553 
110900 3557 3557 
110950 3546 3547 
111000 3555 3554 
111050 3558 3544 
111100 3554 3521 
111150 3568 3512 
111200 3553 3448 
111250 3547 3442 
111300 3549 3425 
111350 3557 3409 
111400 3555 3407 
111450 3561 3409 
111500 3568 3408 
111550 3552 3500 
111600 3556 3547 
111650 3572 3569 
111700 3558 3560 
111750 3551 3555 
111800 3557 3551 
111850 3565 3563 
111900 3562 3557 
111950 3558 3558 
112000 3555 3552 
112050 3552 3545 
112100 3554 3541 
112150 3548 3522 
112200 3549 3504 
112250 3546 3520 
112300 3548 3513 
112350 3556 3486 
112400 3559 3444 
112450 3558 3448 
112500 3561 3445 
112550 3550 3519 
112600 3546 3536 
112650 3569 3563 
112700 3560 3564 
112750 3565 3566 
112800 3558 3558 
112850 3559 3560 
112900 3549 3558 
112950 3557 3552 
113000 3550 3555 
113050 3547 3550 
113100 3575 3553 
113150 3564 3533 
113200 3543 3503 
113250 3553 3507 
113300 3570 3498 
113350 3557 3449 
113400 3565 3420 
113450 3553 3377 
113500 3550 3381 
113550 3542 3509 
113600 3556 3542 
113650 3573 3569 
113700 3558 3556 
113750 3563 3560 
113800 3559 3563 
113850 3557 3568 
113900 3550 3549 
113950 3560 3568 
114000 3559 3562 
114050 3555 3549 
114100 3560 3534 
114150 3550 3507 
114200 3535 3478 
114250 3544 3495 
114300 3550 3489 
114350 3573 3498 
114400 3559 3481 
114450 3562 3461 
114500 3555 3415 
114550 3571 3545 
114600 3563 3556 
114650 3549 3557 
114700 3548 3545 
114750 3551 3557 
114800 3547 3551 
114850 3558 3564 
114900 3563 3558 
114950 3549 3552 
115000 3556 3561 
115050 3550 3551 
115100 3560 3559 
115150 3554 3537 
115200 3569 3536 
115250 3564 3504 
115300 3554 3484 
115350 3548 3487 
115400 3551 3481 
115450 3546 3462 
115500 3558 3468 
115550 3551 3528 
115600 3568 3559 
115650 3560 3558 
115700 3561 3564 
115750 3570 3567 
115800 3564 3564 
115850 3554 3557 
115900 3555 3557 
115950 3563 3561 
116000 3550 3549 
116050 3563 3557 
116100 3552 3514 
116150 3562 3512 
116200 3548 3486 
116250 3563 3468 
116300 3568 3467 
116350 3573 3456 
116400 3551 3396 
116450 3540 3365 
116500 3564 3368 
116550 3539 3468 
116600 3547 3538 
116650 3554 3551 
116700 3536 3539 
116750 3569 3575 
116800 3563 3562 
116850 3549 3550 
116900 3540 3543 
116950 3560 3559 
117000 3549 3551 
117050 3557 3538 
117100 3561 3526 
117150 3547 3501 
117200 3561 3508 
117250 3553 3488 
117300 3550 3472 
117350 3553 3486 
117400 3558 3468 
117450 3563 3429 
117500 3552 3420 
117550 3549 3509 
117600 3560 3553 
117650 3552 3553 
117700 3559 3553 
117750 3561 3566 
117800 3556 3556 
117850 3553 3555 
117900 3557 3559 
117950 3550 3551 
118000 3550 3559 
118050 3559 3548 
118100 3565 3538 
118150 3546 3535 
118200 3532 3495 
118250 3553 3504 
118300 3553 3508 
118350 3543 3501 
118400 3544 3505 
118450 3558 3500 
118500 3555 3480 
118550 3552 3530 
118600 3562 3562 
118650 3553 3555 
118700 3554 3557 
118750 3564 3565 
118800 3555 3556 
118850 3551 3560 
118900 3559 3558 
118950 3559 3557 
119000 3543 3536 
119050 3556 3516 
119100 3559 3507 
119150 3563 3472 
119200 3556 3453 
119250 3553 3420 
119300 3558 3435 
119350 3561 3428 
119400 3559 3442 
119450 3558 3430 
119500 3564 3415 
119550 3555 3508 
119600 3560 3556 
119650 3553 3558 
119700 3539 3540 
119750 3557 3560 
119800 3552 3551 
119850 3558 3555 
119900 3571 3571 
119950 3572 3573 
120000 3550 3546 
120050 3550 3525 
120100 3561 3511 
120150 3545 3477 
120200 3558 3465 
120250 3551 3444 
120300 3566 3403 
120350 3554 3395 
120400 3545 3365 
120450 3561 3373 
120500 3558 3345 
120550 3558 3499 
120600 3535 3533 
120650 3557 3556 
120700 3562 3560 
120750 3537 3536 
120800 3547 3546 
120850 3557 3557 
120900 3556 3553 
120950 3557 3557 
121000 3563 3563 
121050 3575 3566 
121100 3555 3526 
121150 3553 3508 
121200 3543 3481 
121250 3557 3497 
121300 3547 3480 
121350 3549 3490 
121400 3544 3469 
121450 3546 3441 
121500 3553 3457 
121550 3548 3525 
121600 3559 3563 
121650 3547 3549 
121700 3559 3563 
121750 3559 3555 
121800 3560 3562 
121850 3547 3554 
121900 3567 3571 
121950 3559 3560 
122000 3551 3550 
122050 3544 3544 
122100 3558 3543 
122150 3540 3527 
122200 3560 3534 
122250 3568 3520 
122300 3563 3495 
122350 3544 3470 
122400 3562 3453 
122450 3551 3424 
122500 3550 3357 
122550 3556 3501 
122600 3551 3544 
122650 3555 3547 
122700 3569 3568 
122750 3558 3557 
122800 3556 3560 
122850 3565 3565 
122900 3556 3561 
122950 3559 3559 
123000 3549 3552 
123050 3571 3560 
123100 3571 3554 
123150 3548 3524 
123200 3550 3520 
123250 3555 3506 
123300 3560 3482 
123350 3561 3491 
123400 3553 3444 
123450 3554 3428 
123500 3554 3428 
123550 3552 3518 
123600 3564 3560 
123650 3557 3554 
123700 3554 3558 
123750 3550 3543 
123800 3552 3555 
123850 3540 3539 
123900 3558 3552 
123950 3565 3562 
124000 3552 3540 
124050 3545 3529 
124100 3560 3504 
124150 3553 3479 
124200 3565 3491 
124250 3557 3454 
124300 3547 3407 
124350 3545 3401 
124400 3557 3409 
124450 3554 3419 
124500 3565 3419 
124550 3547 3511 
124600 3560 3553 
124650 3552 3542 
124700 3552 3543 
124750 3546 3547 
124800 3550 3552 
124850 3555 3545 
124900 3541 3540 
124950 3551 3547 
125000 3565 3559 
125050 3557 3538 
125100 3550 3497 
125150 3549 3466 
125200 3544 3445 
125250 3568 3453 
125300 3565 3431 
125350 3557 3343 
125400 3553 3266 
125450 3549 3170 
125500 3542 3106 
125550 3547 3438 
125600 3560 3557 
125650 3565 3563 
125700 3551 3548 
125750 3563 3558 
125800 3563 3547 
125850 3556 3545 
125900 3563 3545 
125950 3549 3541 
126000 3564 3554 
126050 3554 3528 
126100 3551 3504 
126150 3565 3490 
126200 3557 3470 
126250 3558 3431 
126300 3566 3415 
126350 3562 3371 
126400 3542 3336 
126450 3569 3313 
126500 3559 3234 
126550 3574 3476 
126600 3557 3547 
126650 3560 3549 
126700 3559 3550 
126750 3559 3560 
126800 3546 3541 
126850 3548 3546 
126900 3532 3526 
126950 3554 3548 
127000 3563 3549 
127050 3555 3547 
127100 3549 3499 
127150 3565 3497 
127200 3560 3493 
127250 3559 3465 
127300 3566 3432 
127350 3560 3405 
127400 3557 3402 
127450 3570 3379 
127500 3567 3358 
127550 3562 3454 
127600 3542 3511 
127650 3549 3548 
127700 3538 3535 
127750 3548 3534 
127800 3559 3555 
127850 3549 3536 
127900 3561 3546 
127950 3565 3551 
128000 3559 3535 
128050 3559 3517 
128100 3546 3481 
128150 3554 3420 
128200 3563 3418 
128250 3556 3422 
128300 3562 3370 
128350 3559 3302 
128400 3560 3280 
128450 3560 3254 
128500 3558 3239 
128550 3569 3479 
128600 3554 3529 
128650 3558 3538 
128700 3565 3556 
128750 3550 3536 
128800 3562 3555 
128850 3564 3555 
128900 3543 3536 
128950 3543 3533 
129000 3555 3540 
129050 3557 3519 
129100 3553 3482 
129150 3550 3419 
129200 3566 3415 
129250 3551 3376 
129300 3560 3358 
129350 3558 3323 
129400 3561 3267 
129450 3560 3209 
129500 3543 3196 
129550 3547 3455 
129600 3559 3534 
129650 3547 3536 
129700 3567 3544 
129750 3554 3545 
129800 3559 3533 
129850 3552 3535 
129900 3536 3526 
129950 3560 3548 
130000 3564 3542 
130050 3544 3487 
130100 3561 3422 
130150 3557 3365 
130200 3568 3363 
130250 3544 3313 
130300 3553 3236 
130350 3557 3176 
130400 3566 3225 
130450 3557 3156 
130500 3560 3174 
130550 3542 3392 
130600 3557 3514 
130650 3555 3527 
130700 3551 3544 
130750 3571 3555 
130800 3551 3540 
130850 3563 3544 
130900 3559 3542 
130950 3551 3531 
131000 3555 3538 
131050 3561 3517 
131100 3556 3465 
131150 3555 3413 
131200 3573 3412 
131250 3570 3368 
131300 3558 3342 
131350 3576 3287 
131400 3560 3252 
131450 3557 3214 
131500 3561 3198 
131550 3549 3439 
131600 3562 3528 
131650 3572 3553 
131700 3551 3536 
131750 3554 3535 
131800 3559 3539 
131850 3544 3525 
131900 3547 3514 
131950 3565 3537 
132000 3553 3532 
132050 3559 3496 
132100 3553 3414 
132150 3563 3392 
132200 3551 3337 
132250 3544 3261 
132300 3557 3266 
132350 3554 3209 
132400 3552 3214 
132450 3563 3192 
132500 3563 3127 
132550 3561 3414 
132600 3547 3519 
132650 3553 3535 
132700 3555 3536 
132750 3552 3533 
132800 3564 3531 
132850 3550 3523 
132900 3554 3532 
132950 3558 3536 
133000 3566 3542 
133050 3555 3487 
133100 3554 3383 
133150 3548 3318 
133200 3552 3313 
133250 3553 3282 
133300 3563 3245 
133350 3566 3189 
133400 3552 3170 
133450 3565 3092 
133500 3555 3029 
133550 3556 3350 
133600 3558 3506 
133650 3554 3529 
133700 3549 3529 
133750 3569 3543 
133800 3560 3538 
133850 3550 3530 
133900 3553 3532 
133950 3548 3532 
134000 3566 3551 
134050 3556 3499 
134100 3553 3433 
134150 3559 3399 
134200 3551 3345 
134250 3555 3331 
134300 3564 3324 
134350 3552 3229 
134400 3548 3197 
134450 3550 3108 
134500 3553 3085 
134550 3560 3407 
134600 3548 3517 
134650 3545 3533 
134700 3565 3539 
134750 3551 3534 
134800 3529 3518 
134850 3560 3547 
134900 3562 3540 
134950 3562 3529 
135000 3558 3549 
135050 3563 3520 
135100 3550 3456 
135150 3551 3401 
135200 3563 3379 
135250 3557 3310 
135300 3560 3221 
135350 3561 3162 
135400 3550 3084 
135450 3565 3043 
135500 3542 2950 
135550 3554 3364 
135600 3554 3513 
135650 3566 3544 
135700 3566 3549 
135750 3552 3533 
135800 3565 3550 
135850 3570 3547 
135900 3549 3536 
135950 3566 3549 
136000 3561 3544 
136050 3570 3505 
136100 3564 3453 
136150 3560 3393 
136200 3533 3334 
136250 3562 3363 
136300 3562 3267 
136350 3543 3167 
136400 3565 3138 
136450 3558 3083 
136500 3547 3007 
136550 3546 3376 
136600 3569 3531 
136650 3561 3537 
136700 3541 3511 
136750 3552 3526 
136800 3548 3520 
136850 3559 3535 
136900 3554 3520 
136950 3551 3529 
137000 3569 3536 
137050 3556 3497 
137100 3564 3464 
137150 3551 3396 
137200 3539 3354 
137250 3553 3313 
137300 3558 3259 
137350 3566 3235 
137400 3563 3160 
137450 3557 3122 
137500 3556 3054 
137550 3556 3390 
137600 3557 3517 
137650 3554 3535 
137700 3540 3512 
137750 3558 3544 
137800 3547 3536 
137850 3550 3524 
137900 3553 3529 
137950 3555 3530 
138000 3561 3523 
138050 3552 3469 
138100 3546 3397 
138150 3555 3349 
138200 3559 3261 
138250 3556 3223 
138300 3551 3149 
138350 3554 3093 
138400 3546 2966 
138450 3543 2930 
138500 3548 2931 
138550 3564 3347 
138600 3554 3505 
138650 3558 3532 
138700 3561 3542 
138750 3561 3538 
138800 3557 3537 
138850 3555 3542 
138900 3553 3537 
138950 3562 3529 
139000 3546 3536 
139050 3537 3490 
139100 3549 3464 
139150 3534 3401 
139200 3537 3323 
139250 3545 3279 
139300 3541 3246 
139350 3547 3145 
139400 3548 3096 
139450 3554 3105 
139500 3551 2999 
139550 3553 3358 
139600 3556 3505 
139650 3556 3532 
139700 3547 3532 
139750 3560 3548 
139800 3550 3540 
139850 3561 3542 
139900 3555 3540 
139950 3556 3541 
140000 3545 3520 
140050 3547 3509 
140100 3533 3429 
140150 3564 3410 
140200 3553 3337 
140250 3545 3278 
140300 3547 3249 
140350 3547 3195 
140400 3546 3156 
140450 3548 3110 
140500 3550 3083 
140550 3545 3352 
140600 3555 3504 
140650 3555 3533 
140700 3549 3531 
140750 3541 3522 
140800 3544 3528 
140850 3550 3541 
140900 3545 3520 
140950 3559 3534 
141000 3546 3532 
141050 3539 3475 
141100 3550 3451 
141150 3553 3443 
141200 3553 3430 
141250 3550 3382 
141300 3536 3300 
141350 3551 3305 
141400 3543 3222 
141450 3558 3194 
141500 3552 3133 
141550 3550 3422 
141600 3540 3512 
141650 3554 3527 
141700 3556 3537 
141750 3545 3528 
141800 3543 3536 
141850 3541 3521 
141900 3538 3523 
141950 3560 3541 
142000 3554 3527 
142050 3553 3529 
142100 3553 3477 
142150 3540 3423 
142200 3554 3387 
142250 3567 3315 
142300 3554 3227 
142350 3550 3170 
142400 3543 3146 
142450 3551 3107 
142500 3539 3132 
142550 3532 3382 
142600 3551 3503 
142650 3544 3519 
142700 3554 3527 
142750 3552 3543 
142800 3532 3526 
142850 3538 3531 
142900 3548 3532 
142950 3551 3530 
143000 3560 3535 
143050 3538 3494 
143100 3559 3472 
143150 3558 3381 
143200 3533 3318 
143250 3536 3296 
143300 3548 3227 
143350 3547 3232 
143400 3532 3186 
143450 3555 3156 
143500 3555 3105 
143550 3562 3419 
143600 3545 3511 
143650 3549 3519 
143700 3549 3526 
143750 3540 3530 
143800 3567 3542 
143850 3550 3542 
143900 3554 3531 
143950 3548 3542 
144000 3550 3519 
144050 3533 3485 
144100 3549 3439 
144150 3549 3372 
144200 3542 3331 
144250 3549 3285 
144300 3549 3231 
144350 3548 3153 
144400 3555 3082 
144450 3547 3005 
144500 3550 2946 
144550 3542 3282 
144600 3541 3485 
144650 3563 3540 
144700 3537 3518 
144750 3543 3531 
144800 3543 3526 
144850 3561 3547 
144900 3563 3535 
144950 3532 3507 
145000 3564 3532 
145050 3541 3500 
145100 3540 3448 
145150 3556 3419 
145200 3548 3382 
145250 3559 3365 
145300 3559 3334 
145350 3553 3277 
145400 3533 3266 
145450 3535 3214 
145500 3549 3198 
145550 3551 3415 
145600 3535 3508 
145650 3545 3530 
145700 3550 3521 
145750 3556 3539 
145800 3565 3541 
145850 3546 3535 
145900 3546 3521 
145950 3551 3532 
146000 3558 3531 
146050 3539 3485 
146100 3549 3418 
146150 3555 3325 
146200 3550 3289 
146250 3555 3217 
146300 3556 3153 
146350 3554 3052 
146400 3556 2977 
146450 3542 2919 
146500 3561 2845 
146550 3538 3274 
146600 3547 3474 
146650 3550 3537 
146700 3549 3523 
146750 3533 3516 
146800 3551 3534 
146850 3545 3519 
146900 3551 3522 
146950 3550 3535 
147000 3545 3530 
147050 3531 3484 
147100 3553 3406 
147150 3556 3367 
147200 3543 3308 
147250 3562 3300 
147300 3560 3258 
147350 3561 3259 
147400 3570 3220 
147450 3560 3176 
147500 3538 3116 
147550 3536 3418 
147600 3553 3514 
147650 3542 3522 
147700 3566 3538 
147750 3560 3533 
147800 3553 3535 
147850 3549 3527 
147900 3549 3540 
147950 3555 3530 
148000 3538 3519 
148050 3550 3493 
148100 3560 3472 
148150 3541 3371 
148200 3542 3327 
148250 3551 3285 
148300 3548 3246 
148350 3551 3218 
148400 3544 3175 
148450 3552 3072 
148500 3565 3045 
148550 3559 3383 
148600 3537 3490 
148650 3565 3550 
148700 3558 3542 
148750 3546 3534 
148800 3536 3523 
148850 3557 3552 
148900 3566 3537 
148950 3530 3528 
149000 3536 3522 
149050 3545 3510 
149100 3549 3484 
149150 3558 3426 
149200 3552 3384 
149250 3541 3382 
149300 3550 3289 
149350 3559 3275 
149400 3552 3225 
149450 3541 3135 
149500 3562 3057 
149550 3544 3384 
149600 3547 3520 
149650 3523 3514 
149700 3557 3533 
149750 3555 3539 
149800 3562 3537 
149850 3545 3537 
149900 3536 3536 
149950 3547 3518 
150000 3559 3533 
150050 3549 3481 
150100 3540 3412 
150150 3568 3354 
150200 3556 3325 
150250 3542 3253 
150300 3548 3209 
150350 3566 3153 
150400 3560 3069 
150450 3553 3025 
150500 3549 3008 
150550 3537 3372 
150600 3565 3530 
150650 3552 3544 
150700 3559 3547 
150750 3570 3564 
150800 3562 3545 
150850 3544 3537 
150900 3551 3529 
150950 3552 3535 
151000 3551 3533 
151050 3562 3518 
151100 3544 3440 
151150 3554 3354 
151200 3548 3300 
151250 3550 3261 
151300 3548 3213 
151350 3553 3155 
151400 3560 3157 
151450 3563 3105 
151500 3549 3101 
151550 3549 3422 
151600 3553 3514 
151650 3561 3543 
151700 3553 3533 
151750 3560 3555 
151800 3555 3543 
151850 3550 3534 
151900 3551 3535 
151950 3550 3529 
152000 3559 3540 
152050 3553 3506 
152100 3550 3441 
152150 3568 3392 
152200 3563 3339 
152250 3561 3263 
152300 3556 3245 
152350 3547 3217 
152400 3555 3168 
152450 3563 3117 
152500 3549 3000 
152550 3557 3378 
152600 3561 3523 
152650 3564 3549 
152700 3553 3536 
152750 3547 3522 
152800 3551 3531 
152850 3563 3550 
152900 3554 3536 
152950 3575 3560 
153000 3554 3533 
153050 3543 3471 
153100 3565 3407 
153150 3561 3355 
153200 3560 3318 
153250 3542 3231 
153300 3553 3170 
153350 3547 3057 
153400 3553 3036 
153450 3563 3035 
153500 3556 2964 
153550 3555 3389 
153600 3547 3530 
153650 3554 3543 
153700 3549 3543 
153750 3563 3549 
153800 3555 3553 
153850 3563 3540 
153900 3555 3532 
153950 3557 3545 
154000 3550 3534 
154050 3544 3510 
154100 3554 3467 
154150 3557 3440 
154200 3565 3393 
154250 3580 3339 
154300 3553 3245 
154350 3557 3196 
154400 3564 3144 
154450 3546 3070 
154500 3547 3086 
154550 3554 3455 
154600 3560 3515 
154650 3562 3548 
154700 3552 3538 
154750 3549 3525 
154800 3568 3547 
154850 3551 3530 
154900 3542 3528 
154950 3553 3541 
155000 3566 3550 
155050 3551 3507 
155100 3560 3416 
155150 3561 3350 
155200 3562 3303 
155250 3562 3302 
155300 3556 3269 
155350 3561 3201 
155400 3560 3110 
155450 3554 3071 
155500 3566 3017 
155550 3552 3365 
155600 3562 3532 
155650 3573 3558 
155700 3570 3549 
155750 3563 3544 
155800 3559 3541 
155850 3553 3533 
155900 3552 3539 
155950 3563 3556 
156000 3564 3545 
156050 3563 3512 
156100 3561 3464 
156150 3541 3389 
156200 3548 3361 
156250 3552 3349 
156300 3551 3316 
156350 3556 3267 
156400 3556 3229 
156450 3573 3131 
156500 3566 3072 
156550 3559 3439 
156600 3559 3534 
156650 3541 3528 
156700 3553 3535 
156750 3565 3551 
156800 3549 3533 
156850 3567 3554 
156900 3558 3544 
156950 3551 3539 
157000 3548 3541 
157050 3567 3522 
157100 3567 3449 
157150 3547 3380 
157200 3555 3356 
157250 3553 3259 
157300 3558 3137 
157350 3542 3044 
157400 3557 2902 
157450 3551 2917 
157500 3542 2897 
157550 3543 3349 
157600 3567 3541 
157650 3571 3554 
157700 3555 3545 
157750 3565 3536 
157800 3556 3530 
157850 3558 3546 
157900 3554 3538 
157950 3572 3556 
158000 3544 3535 
158050 3554 3510 
158100 3563 3476 
158150 3548 3428 
158200 3555 3361 
158250 3552 3328 
158300 3548 3232 
158350 3552 3134 
158400 3566 3098 
158450 3564 3098 
158500 3546 3012 
158550 3558 3394 
158600 3549 3505 
158650 3547 3531 
158700 3560 3538 
158750 3551 3534 
158800 3561 3556 
158850 3549 3533 
158900 3546 3530 
158950 3553 3530 
159000 3566 3548 
159050 3561 3498 
159100 3561 3452 
159150 3564 3424 
159200 3569 3365 
159250 3548 3312 
159300 3551 3246 
159350 3564 3298 
159400 3547 3218 
159450 3559 3229 
159500 3572 3144 
159550 3554 3424 
159600 3565 3540 
159650 3548 3534 
159700 3551 3542 
159750 3556 3530 
159800 3557 3536 
159850 3547 3541 
159900 3558 3528 
159950 3565 3546 
160000 3562 3545 
160050 3561 3497 
160100 3564 3421 
160150 3567 3354 
160200 3561 3248 
160250 3561 3240 
160300 3557 3159 
160350 3560 3078 
160400 3533 3037 
160450 3564 3051 
160500 3558 3067 
160550 3569 3423 
160600 3552 3530 
160650 3545 3530 
160700 3558 3532 
160750 3560 3538 
160800 3546 3526 
160850 3549 3522 
160900 3550 3536 
160950 3535 3520 
161000 3562 3548 
161050 3556 3506 
161100 3556 3447 
161150 3567 3410 
161200 3555 3326 
161250 3556 3288 
161300 3559 3282 
161350 3557 3203 
161400 3563 3121 
161450 3541 3087 
161500 3572 3019 
161550 3551 3349 
161600 3564 3533 
161650 3554 3526 
161700 3570 3546 
161750 3562 3546 
161800 3568 3553 
161850 3560 3539 
161900 3566 3546 
161950 3552 3536 
162000 3553 3529 
162050 3545 3508 
162100 3561 3454 
162150 3560 3414 
162200 3551 3396 
162250 3573 3334 
162300 3554 3247 
162350 3554 3207 
162400 3559 3176 
162450 3553 3114 
162500 3560 3059 
162550 3547 3380 
162600 3552 3503 
162650 3553 3540 
162700 3565 3551 
162750 3560 3555 
162800 3544 3528 
162850 3559 3540 
162900 3539 3519 
162950 3540 3533 
163000 3569 3564 
163050 3556 3533 
163100 3552 3490 
163150 3539 3441 
163200 3561 3374 
163250 3555 3270 
163300 3558 3239 
163350 3543 3209 
163400 3555 3118 
163450 3541 3030 
163500 3562 3053 
163550 3553 3349 
163600 3557 3500 
163650 3553 3522 
163700 3556 3545 
163750 3547 3523 
163800 3561 3541 
163850 3558 3535 
163900 3551 3539 
163950 3546 3534 
164000 3555 3531 
164050 3548 3506 
164100 3558 3484 
164150 3553 3417 
164200 3555 3364 
164250 3557 3318 
164300 3557 3317 
164350 3557 3293 
164400 3546 3240 
164450 3564 3150 
164500 3534 3083 
164550 3561 3454 
164600 3544 3512 
164650 3559 3541 
164700 3551 3535 
164750 3558 3534 
164800 3573 3546 
164850 3558 3531 
164900 3563 3543 
164950 3551 3536 
165000 3566 3544 
165050 3561 3513 
165100 3541 3457 
165150 3561 3468 
165200 3550 3383 
165250 3555 3322 
165300 3565 3381 
165350 3550 3305 
165400 3548 3260 
165450 3563 3213 
165500 3551 3134 
165550 3550 3409 
165600 3561 3531 
165650 3555 3536 
165700 3561 3541 
165750 3567 3547 
165800 3558 3545 
165850 3563 3546 
165900 3552 3536 
165950 3562 3543 
166000 3562 3555 
166050 3562 3534 
166100 3563 3479 
166150 3552 3376 
166200 3560 3332 
166250 3557 3301 
166300 3563 3255 
166350 3548 3213 
166400 3559 3230 
166450 3561 3172 
166500 3567 3160 
166550 3571 3454 
166600 3547 3517 
166650 3560 3550 
166700 3552 3540 
166750 3552 3536 
166800 3555 3549 
166850 3562 3554 
166900 3558 3534 
166950 3552 3536 
167000 3561 3539 
167050 3550 3502 
167100 3562 3459 
167150 3561 3387 
167200 3566 3348 
167250 3562 3328 
167300 3554 3305 
167350 3565 3278 
167400 3547 3248 
167450 3555 3149 
167500 3567 3063 
167550 3557 3384 
167600 3556 3528 
167650 3555 3544 
167700 3557 3536 
167750 3543 3534 
167800 3572 3553 
167850 3555 3541 
167900 3560 3531 
167950 3556 3536 
168000 3559 3538 
168050 3561 3508 
168100 3562 3447 
168150 3569 3431 
168200 3569 3387 
168250 3559 3294 
168300 3563 3241 
168350 3549 3174 
168400 3562 3165 
168450 3559 3097 
168500 3553 2949 
168550 3552 3349 
168600 3562 3533 
168650 3558 3536 
168700 3548 3531 
168750 3559 3537 
168800 3563 3548 
168850 3555 3537 
168900 3563 3546 
168950 3556 3534 
169000 3558 3544 
169050 3548 3510 
169100 3561 3447 
169150 3549 3402 
169200 3552 3365 
169250 3555 3316 
169300 3551 3243 
169350 3570 3213 
169400 3562 3177 
169450 3550 3097 
169500 3561 3038 
169550 3562 3433 
169600 3559 3533 
169650 3545 3527 
169700 3563 3552 
169750 3575 3551 
169800 3556 3539 
169850 3556 3539 
169900 3559 3535 
169950 3554 3543 
170000 3561 3551 
170050 3563 3500 
170100 3558 3429 
170150 3560 3416 
170200 3557 3338 
170250 3549 3293 
170300 3566 3222 
170350 3557 3147 
170400 3554 3118 
170450 3558 3050 
170500 3558 3045 
170550 3564 3414 
170600 3569 3542 
170650 3550 3525 
170700 3560 3552 
170750 3571 3542 
170800 3560 3552 
170850 3553 3534 
170900 3557 3542 
170950 3562 3544 
171000 3569 3541 
171050 3558 3489 
171100 3565 3413 
171150 3556 3349 
171200 3566 3260 
171250 3567 3137 
171300 3560 3100 
171350 3551 3045 
171400 3560 3065 
171450 3551 2989 
171500 3557 2890 
171550 3552 3305 
171600 3567 3519 
171650 3562 3530 
171700 3551 3528 
171750 3563 3541 
171800 3561 3546 
171850 3560 3545 
171900 3563 3556 
171950 3558 3544 
172000 3562 3540 
172050 3561 3521 
172100 3543 3421 
172150 3566 3399 
172200 3557 3312 
172250 3553 3299 
172300 3547 3210 
172350 3563 3125 
172400 3553 3124 
172450 3543 3076 
172500 3564 2969 
172550 3565 3355 
172600 3551 3515 
172650 3545 3522 
172700 3554 3531 
172750 3555 3538 
172800 3565 3536 
172850 3558 3549 
172900 3568 3550 
172950 3562 3540 
173000 3563 3550 
173050 3557 3510 
173100 3575 3444 
173150 3559 3356 
173200 3564 3277 
173250 3554 3235 
173300 3550 3160 
173350 3558 3061 
173400 3559 3003 
173450 3553 2891 
173500 3549 2821 
173550 3546 3292 
173600 3560 3508 
173650 3564 3535 
173700 3555 3530 
173750 3562 3544 
173800 3564 3541 
173850 3573 3550 
173900 3546 3541 
173950 3559 3548 
174000 3565 3551 
174050 3574 3524 
174100 3564 3475 
174150 3560 3417 
174200 3546 3386 
174250 3554 3372 
174300 3556 3349 
174350 3568 3297 
174400 3563 3210 
174450 3557 3167 
174500 3568 3093 
174550 3550 3412 
174600 3564 3516 
174650 3560 3539 
174700 3552 3533 
174750 3560 3532 
174800 3562 3553 
174850 3553 3537 
174900 3570 3558 
174950 3571 3555 
175000 3559 3538 
175050 3559 3498 
175100 3554 3422 
175150 3558 3362 
175200 3556 3327 
175250 3555 3272 
175300 3554 3204 
175350 3554 3208 
175400 3563 3178 
175450 3567 3173 
175500 3553 3190 
175550 3554 3450 
175600 3559 3544 
175650 3564 3547 
175700 3568 3552 
175750 3553 3528 
175800 3566 3540 
175850 3541 3524 
175900 3553 3537 
175950 3566 3548 
176000 3559 3539 
176050 3553 3487 
176100 3561 3443 
176150 3552 3398 
176200 3563 3316 
176250 3556 3210 
176300 3545 3158 
176350 3559 3053 
176400 3558 2967 
176450 3552 2881 
176500 3568 2840 
176550 3555 3322 
176600 3561 3520 
176650 3558 3538 
176700 3564 3542 
176750 3553 3538 
176800 3544 3536 
176850 3559 3538 
176900 3560 3545 
176950 3555 3546 
177000 3560 3554 
177050 3558 3517 
177100 3549 3467 
177150 3557 3374 
177200 3562 3367 
177250 3558 3304 
177300 3558 3208 
177350 3557 3115 
177400 3557 3074 
177450 3557 3000 
177500 3560 2938 
177550 3550 3332 
177600 3563 3509 
177650 3557 3536 
177700 3558 3529 
177750 3569 3546 
177800 3560 3552 
177850 3555 3540 
177900 3554 3546 
177950 3539 3516 
178000 3561 3542 
178050 3558 3519 
178100 3560 3444 
178150 3552 3404 
178200 3558 3376 
178250 3575 3354 
178300 3560 3316 
178350 3560 3256 
178400 3554 3234 
178450 3555 3174 
178500 3550 3155 
178550 3568 3460 
178600 3552 3521 
178650 3548 3526 
178700 3564 3549 
178750 3564 3541 
178800 3559 3542 
178850 3577 3566 
178900 3544 3525 
178950 3564 3538 
179000 3566 3548 
179050 3565 3517 
179100 3558 3471 
179150 3562 3443 
179200 3565 3393 
179250 3568 3355 
179300 3535 3250 
179350 3543 3211 
179400 3557 3150 
179450 3560 3059 
179500 3564 3046 
179550 3569 3380 
179600 3554 3517 
179650 3560 3540 
179700 3554 3537 
179750 3556 3538 
179800 3555 3550 
179850 3561 3554 
179900 3558 3551 
179950 3547 3527 
180000 3556 3545 
180050 3566 3530 
180100 3544 3473 
180150 3547 3467 
180200 3541 3387 
180250 3545 3352 
180300 3552 3322 
180350 3552 3302 
180400 3555 3238 
180450 3558 3206 
180500 3563 3133 
180550 3560 3431 
180600 3548 3514 
180650 3559 3550 
180700 3569 3558 
180750 3545 3536 
180800 3550 3538 
180850 3564 3539 
180900 3564 3543 
180950 3556 3538 
181000 3542 3529 
181050 3539 3506 
181100 3564 3489 
181150 3556 3435 
181200 3562 3387 
181250 3549 3317 
181300 3549 3233 
181350 3577 3183 
181400 3551 3132 
181450 3542 3103 
181500 3554 2986 
181550 3552 3355 
181600 3560 3518 
181650 3547 3535 
181700 3554 3535 
181750 3539 3520 
181800 3556 3544 
181850 3541 3533 
181900 3564 3542 
181950 3568 3549 
182000 3554 3537 
182050 3559 3507 
182100 3559 3453 
182150 3561 3421 
182200 3565 3367 
182250 3554 3334 
182300 3551 3277 
182350 3550 3215 
182400 3567 3146 
182450 3555 3126 
182500 3554 3021 
182550 3562 3392 
182600 3546 3523 
182650 3545 3541 
182700 3551 3538 
182750 3562 3541 
182800 3550 3533 
182850 3555 3541 
182900 3553 3540 
182950 3553 3538 
183000 3562 3538 
183050 3553 3484 
183100 3554 3405 
183150 3553 3343 
183200 3551 3285 
183250 3564 3243 
183300 3558 3150 
183350 3552 3118 
183400 3556 3059 
183450 3551 3095 
183500 3541 3026 
183550 3552 3395 
183600 3556 3529 
183650 3548 3543 
183700 3549 3535 
183750 3546 3524 
183800 3552 3540 
183850 3563 3533 
183900 3562 3539 
183950 3557 3530 
184000 3558 3533 
184050 3544 3505 
184100 3555 3484 
184150 3556 3446 
184200 3549 3426 
184250 3562 3403 
184300 3554 3340 
184350 3555 3291 
184400 3554 3281 
184450 3552 3199 
184500 3544 3212 
184550 3544 3451 
184600 3547 3532 
184650 3545 3532 
184700 3560 3545 
184750 3561 3554 
184800 3554 3536 
184850 3566 3546 
184900 3553 3541 
184950 3543 3531 
185000 3568 3545 
185050 3564 3546 
185100 3565 3479 
185150 3556 3424 
185200 3550 3422 
185250 3556 3375 
185300 3547 3347 
185350 3547 3305 
185400 3563 3311 
185450 3556 3289 
185500 3560 3244 
185550 3554 3450 
185600 3558 3531 
185650 3551 3524 
185700 3554 3527 
185750 3551 3536 
185800 3567 3558 
185850 3564 3552 
185900 3555 3536 
185950 3556 3541 
186000 3558 3538 
186050 3546 3502 
186100 3537 3426 
186150 3555 3397 
186200 3552 3352 
186250 3556 3298 
186300 3565 3270 
186350 3547 3234 
186400 3566 3213 
186450 3564 3142 
186500 3550 3094 
186550 3546 3431 
186600 3551 3515 
186650 3554 3539 
186700 3546 3521 
186750 3551 3531 
186800 3548 3520 
186850 3568 3552 
186900 3557 3537 
186950 3558 3545 
187000 3562 3550 
187050 3547 3518 
187100 3553 3474 
187150 3563 3385 
187200 3556 3351 
187250 3563 3320 
187300 3555 3255 
187350 3555 3210 
187400 3563 3199 
187450 3553 3117 
187500 3545 3066 
187550 3548 3425 
187600 3544 3514 
187650 3558 3538 
187700 3557 3542 
187750 3551 3539 
187800 3549 3530 
187850 3562 3536 
187900 3560 3535 
187950 3554 3532 
188000 3547 3525 
188050 3565 3509 
188100 3567 3478 
188150 3565 3390 
188200 3566 3374 
188250 3558 3307 
188300 3557 3301 
188350 3564 3287 
188400 3553 3237 
188450 3561 3166 
188500 3559 3144 
188550 3560 3419 
188600 3561 3531 
188650 3566 3548 
188700 3548 3536 
188750 3554 3536 
188800 3550 3524 
188850 3551 3541 
188900 3557 3545 
188950 3570 3552 
189000 3548 3536 
189050 3535 3485 
189100 3563 3460 
189150 3559 3410 
189200 3567 3333 
189250 3535 3216 
189300 3558 3213 
189350 3560 3227 
189400 3550 3191 
189450 3560 3118 
189500 3564 3036 
189550 3541 3383 
189600 3545 3510 
189650 3556 3535 
189700 3551 3542 
189750 3552 3525 
189800 3564 3543 
189850 3565 3548 
189900 3557 3541 
189950 3569 3555 
190000 3558 3527 
190050 3556 3500 
190100 3556 3482 
190150 3561 3422 
190200 3540 3382 
190250 3546 3380 
190300 3559 3344 
190350 3556 3279 
190400 3562 3184 
190450 3559 3173 
190500 3562 3134 
190550 3550 3439 
190600 3567 3538 
190650 3562 3542 
190700 3564 3545 
190750 3567 3559 
190800 3552 3531 
190850 3565 3541 
190900 3558 3539 
190950 3562 3527 
191000 3554 3532 
191050 3559 3499 
191100 3548 3437 
191150 3558 3402 
191200 3560 3358 
191250 3564 3311 
191300 3559 3264 
191350 3548 3212 
191400 3571 3151 
191450 3557 3027 
191500 3541 3055 
191550 3560 3393 
191600 3563 3520 
191650 3548 3521 
191700 3553 3534 
191750 3561 3551 
191800 3559 3537 
191850 3561 3540 
191900 3555 3532 
191950 3540 3515 
192000 3550 3522 
192050 3555 3484 
192100 3562 3431 
192150 3554 3337 
192200 3565 3306 
192250 3553 3280 
192300 3545 3214 
192350 3558 3190 
192400 3572 3127 
192450 3561 3065 
192500 3563 2896 
192550 3560 3342 
192600 3553 3517 
192650 3553 3534 
192700 3549 3529 
192750 3551 3529 
192800 3561 3537 
192850 3562 3533 
192900 3550 3528 
192950 3549 3527 
193000 3559 3536 
193050 3566 3516 
193100 3545 3395 
193150 3551 3302 
193200 3550 3249 
193250 3553 3188 
193300 3554 3173 
193350 3566 3069 
193400 3567 2953 
193450 3564 2911 
193500 3544 2900 
193550 3546 3382 
193600 3566 3525 
193650 3553 3532 
193700 3563 3519 
193750 3559 3529 
193800 3568 3527 
193850 3548 3520 
193900 3542 3527 
193950 3560 3540 
194000 3570 3540 
194050 3554 3492 
194100 3560 3437 
194150 3568 3351 
194200 3561 3241 
194250 3557 3202 
194300 3561 3036 
194350 3559 2940 
194400 3545 2871 
194450 3551 2816 
194500 3561 2818 
194550 3546 3298 
194600 3548 3498 
194650 3576 3536 
194700 3560 3537 
194750 3556 3512 
194800 3563 3544 
194850 3568 3527 
194900 3550 3517 
194950 3557 3525 
195000 3565 3527 
195050 3542 3442 
195100 3551 3371 
195150 3556 3335 
195200 3559 3238 
195250 3565 3134 
195300 3558 3060 
195350 3555 3029 
195400 3551 2920 
195450 3555 2891 
195500 3551 2848 
195550 3549 3329 
195600 3536 3487 
195650 3562 3511 
195700 3565 3528 
195750 3564 3534 
195800 3561 3535 
195850 3553 3530 
195900 3573 3537 
195950 3564 3520 
196000 3566 3530 
196050 3557 3451 
196100 3561 3409 
196150 3570 3306 
196200 3550 3183 
196250 3556 3122 
196300 3573 3090 
196350 3558 3007 
196400 3556 2952 
196450 3554 2850 
196500 3554 2807 
196550 3557 3352 
196600 3566 3520 
196650 3563 3524 
196700 3552 3514 
196750 3556 3525 
196800 3568 3539 
196850 3555 3528 
196900 3568 3532 
196950 3563 3541 
197000 3555 3527 
197050 3570 3461 
197100 3562 3351 
197150 3549 3246 
197200 3557 3148 
197250 3547 3051 
197300 3548 3004 
197350 3569 2978 
197400 3575 2891 
197450 3576 2783 
197500 3549 2652 
197550 3565 3295 
197600 3566 3496 
197650 3560 3520 
197700 3571 3534 
197750 3556 3533 
197800 3559 3525 
197850 3568 3530 
197900 3556 3528 
197950 3549 3506 
198000 3542 3518 
198050 3559 3490 
198100 3556 3377 
198150 3565 3307 
198200 3547 3122 
198250 3561 3066 
198300 3556 2963 
198350 3562 2921 
198400 3556 2897 
198450 3578 2891 
198500 3564 2797 
198550 3549 3324 
198600 3550 3495 
198650 3549 3499 
198700 3556 3527 
198750 3555 3529 
198800 3564 3528 
198850 3553 3520 
198900 3553 3521 
198950 3564 3545 
199000 3549 3512 
199050 3566 3459 
199100 3564 3373 
199150 3560 3250 
199200 3550 3154 
199250 3565 3102 
199300 3561 3070 
199350 3564 3078 
199400 3562 3037 
199450 3567 2977 
199500 3555 2939 
199550 3556 3378 
199600 3573 3507 
199650 3565 3541 
199700 3555 3535 
199750 3555 3520 
199800 3558 3533 
199850 3562 3520 
199900 3543 3527 
199950 3560 3528 
200000 3552 3514 
