# Avida tasks data
# Fri Apr  6 22:25:25 2012
# First column gives the current update, next columns give the number
# of organisms that have the particular task as a component of their merit
#  1: Update
#  2: Xor
#  3: Equals

0 0 0 
50 8 8 
100 43 42 
150 128 128 
200 261 261 
250 474 474 
300 716 713 
350 1002 1001 
400 1372 1370 
450 1760 1760 
500 2188 2191 
550 2721 2720 
600 3233 3238 
650 3428 3432 
700 3525 3527 
750 3556 3561 
800 3548 3555 
850 3529 3536 
900 3530 3533 
950 3530 3529 
1000 3533 3532 
1050 3531 3539 
1100 3526 3529 
1150 3552 3549 
1200 3540 3544 
1250 3547 3545 
1300 3544 3554 
1350 3550 3553 
1400 3545 3540 
1450 3542 3547 
1500 3549 3553 
1550 3544 3551 
1600 3559 3563 
1650 3555 3561 
1700 3550 3550 
1750 3544 3546 
1800 3530 3526 
1850 3558 3557 
1900 3551 3552 
1950 3535 3532 
2000 3535 3536 
2050 3550 3547 
2100 3549 3548 
2150 3534 3534 
2200 3541 3536 
2250 3548 3545 
2300 3550 3551 
2350 3546 3549 
2400 3560 3555 
2450 3559 3553 
2500 3554 3550 
2550 3556 3556 
2600 3548 3548 
2650 3549 3554 
2700 3532 3530 
2750 3546 3548 
2800 3539 3536 
2850 3546 3543 
2900 3544 3538 
2950 3541 3532 
3000 3535 3533 
3050 3546 3540 
3100 3536 3530 
3150 3542 3539 
3200 3541 3545 
3250 3528 3528 
3300 3538 3541 
3350 3541 3538 
3400 3543 3541 
3450 3524 3522 
3500 3553 3554 
3550 3531 3530 
3600 3529 3531 
3650 3539 3541 
3700 3530 3531 
3750 3552 3557 
3800 3536 3534 
3850 3548 3542 
3900 3562 3552 
3950 3544 3534 
4000 3535 3542 
4050 3551 3547 
4100 3548 3545 
4150 3542 3538 
4200 3529 3534 
4250 3551 3558 
4300 3548 3552 
4350 3536 3533 
4400 3540 3537 
4450 3541 3538 
4500 3526 3519 
4550 3534 3529 
4600 3545 3540 
4650 3534 3535 
4700 3534 3530 
4750 3541 3535 
4800 3556 3556 
4850 3544 3548 
4900 3553 3551 
4950 3548 3543 
5000 3540 3539 
5050 3543 3548 
5100 3552 3552 
5150 3556 3559 
5200 3545 3540 
5250 3555 3549 
5300 3563 3561 
5350 3551 3553 
5400 3542 3539 
5450 3544 3547 
5500 3533 3534 
5550 3550 3547 
5600 3555 3556 
5650 3535 3535 
5700 3537 3536 
5750 3545 3548 
5800 3542 3547 
5850 3544 3546 
5900 3543 3539 
5950 3542 3538 
6000 3544 3536 
6050 3542 3544 
6100 3545 3543 
6150 3553 3555 
6200 3536 3538 
6250 3538 3545 
6300 3542 3546 
6350 3553 3547 
6400 3544 3544 
6450 3557 3554 
6500 3538 3539 
6550 3542 3542 
6600 3538 3541 
6650 3549 3553 
6700 3552 3548 
6750 3559 3556 
6800 3554 3553 
6850 3554 3545 
6900 3540 3541 
6950 3544 3534 
7000 3551 3548 
7050 3552 3552 
7100 3522 3526 
7150 3531 3539 
7200 3540 3545 
7250 3543 3537 
7300 3537 3542 
7350 3545 3545 
7400 3547 3543 
7450 3549 3545 
7500 3553 3553 
7550 3533 3535 
7600 3544 3547 
7650 3547 3552 
7700 3543 3543 
7750 3548 3546 
7800 3543 3538 
7850 3544 3542 
7900 3549 3550 
7950 3553 3554 
8000 3553 3563 
8050 3544 3544 
8100 3539 3539 
8150 3548 3547 
8200 3532 3532 
8250 3549 3557 
8300 3549 3550 
8350 3541 3539 
8400 3543 3542 
8450 3537 3541 
8500 3546 3545 
8550 3549 3544 
8600 3535 3534 
8650 3534 3538 
8700 3546 3540 
8750 3546 3542 
8800 3544 3539 
8850 3553 3554 
8900 3543 3551 
8950 3550 3554 
9000 3555 3556 
9050 3549 3546 
9100 3548 3546 
9150 3542 3542 
9200 3535 3539 
9250 3536 3537 
9300 3556 3558 
9350 3541 3548 
9400 3554 3555 
9450 3543 3545 
9500 3543 3549 
9550 3541 3544 
9600 3536 3537 
9650 3541 3538 
9700 3554 3552 
9750 3539 3538 
9800 3530 3532 
9850 3515 3518 
9900 3538 3538 
9950 3539 3535 
10000 3540 3537 
10050 3543 3542 
10100 3529 3528 
10150 3544 3541 
10200 3554 3546 
10250 3547 3543 
10300 3552 3553 
10350 3558 3559 
10400 3552 3550 
10450 3545 3548 
10500 3536 3536 
10550 3548 3551 
10600 3539 3544 
10650 3567 3568 
10700 3541 3546 
10750 3544 3540 
10800 3550 3545 
10850 3557 3557 
10900 3538 3542 
10950 3555 3547 
11000 3539 3541 
11050 3539 3538 
11100 3546 3551 
11150 3557 3552 
11200 3563 3564 
11250 3525 3528 
11300 3546 3547 
11350 3548 3548 
11400 3532 3537 
11450 3536 3543 
11500 3543 3535 
11550 3560 3559 
11600 3542 3550 
11650 3561 3558 
11700 3552 3551 
11750 3561 3554 
11800 3545 3544 
11850 3546 3549 
11900 3563 3564 
11950 3551 3544 
12000 3563 3561 
12050 3543 3539 
12100 3556 3550 
12150 3526 3529 
12200 3531 3532 
12250 3540 3539 
12300 3541 3541 
12350 3549 3547 
12400 3559 3552 
12450 3553 3556 
12500 3534 3538 
12550 3537 3532 
12600 3551 3547 
12650 3546 3547 
12700 3536 3532 
12750 3550 3552 
12800 3549 3547 
12850 3546 3545 
12900 3543 3539 
12950 3542 3544 
13000 3536 3537 
13050 3540 3538 
13100 3543 3546 
13150 3550 3544 
13200 3540 3540 
13250 3539 3537 
13300 3543 3534 
13350 3518 3518 
13400 3549 3549 
13450 3558 3555 
13500 3549 3552 
13550 3543 3552 
13600 3542 3544 
13650 3550 3551 
13700 3532 3540 
13750 3543 3549 
13800 3548 3549 
13850 3548 3555 
13900 3540 3543 
13950 3536 3530 
14000 3539 3543 
14050 3533 3535 
14100 3536 3534 
14150 3555 3553 
14200 3535 3536 
14250 3553 3546 
14300 3526 3528 
14350 3549 3539 
14400 3550 3545 
14450 3547 3548 
14500 3554 3554 
14550 3541 3547 
14600 3544 3544 
14650 3551 3548 
14700 3539 3541 
14750 3542 3540 
14800 3529 3529 
14850 3539 3539 
14900 3538 3530 
14950 3568 3565 
15000 3541 3549 
15050 3545 3546 
15100 3550 3550 
15150 3557 3552 
15200 3543 3544 
15250 3550 3544 
15300 3541 3537 
15350 3541 3545 
15400 3560 3559 
15450 3560 3560 
15500 3534 3541 
15550 3550 3544 
15600 3558 3559 
15650 3542 3548 
15700 3542 3541 
15750 3546 3548 
15800 3540 3547 
15850 3542 3543 
15900 3538 3541 
15950 3551 3547 
16000 3536 3532 
16050 3542 3539 
16100 3548 3553 
16150 3539 3546 
16200 3548 3555 
16250 3555 3564 
16300 3543 3543 
16350 3547 3543 
16400 3527 3532 
16450 3548 3552 
16500 3544 3543 
16550 3547 3545 
16600 3548 3554 
16650 3533 3528 
16700 3551 3542 
16750 3541 3541 
16800 3535 3535 
16850 3546 3544 
16900 3541 3545 
16950 3541 3541 
17000 3549 3545 
17050 3542 3543 
17100 3540 3538 
17150 3519 3525 
17200 3544 3537 
17250 3565 3567 
17300 3552 3552 
17350 3533 3537 
17400 3549 3549 
17450 3546 3547 
17500 3537 3539 
17550 3544 3547 
17600 3544 3545 
17650 3538 3542 
17700 3534 3535 
17750 3550 3549 
17800 3539 3541 
17850 3535 3537 
17900 3549 3551 
17950 3541 3545 
18000 3551 3552 
18050 3550 3557 
18100 3544 3551 
18150 3532 3546 
18200 3528 3526 
18250 3542 3547 
18300 3548 3555 
18350 3534 3533 
18400 3530 3531 
18450 3549 3549 
18500 3553 3546 
18550 3552 3548 
18600 3535 3534 
18650 3530 3527 
18700 3548 3551 
18750 3562 3562 
18800 3542 3538 
18850 3538 3541 
18900 3527 3522 
18950 3565 3570 
19000 3555 3560 
19050 3537 3540 
19100 3524 3522 
19150 3549 3543 
19200 3553 3556 
19250 3549 3553 
19300 3540 3538 
19350 3536 3540 
19400 3542 3541 
19450 3532 3530 
19500 3539 3541 
19550 3534 3537 
19600 3533 3530 
19650 3534 3535 
19700 3546 3552 
19750 3542 3542 
19800 3539 3540 
19850 3537 3537 
19900 3549 3547 
19950 3557 3556 
20000 3552 3548 
20050 3545 3541 
20100 3565 3565 
20150 3554 3553 
20200 3538 3532 
20250 3539 3540 
20300 3541 3544 
20350 3549 3553 
20400 3567 3561 
20450 3548 3541 
20500 3537 3536 
20550 3533 3535 
20600 3535 3538 
20650 3546 3545 
20700 3550 3549 
20750 3550 3548 
20800 3552 3549 
20850 3562 3561 
20900 3552 3554 
20950 3547 3547 
21000 3537 3538 
21050 3547 3550 
21100 3544 3543 
21150 3547 3547 
21200 3555 3557 
21250 3555 3564 
21300 3543 3542 
21350 3543 3546 
21400 3542 3538 
21450 3533 3537 
21500 3537 3543 
21550 3553 3552 
21600 3550 3546 
21650 3544 3545 
21700 3541 3540 
21750 3531 3528 
21800 3552 3549 
21850 3539 3533 
21900 3539 3530 
21950 3535 3531 
22000 3540 3538 
22050 3551 3548 
22100 3529 3524 
22150 3532 3531 
22200 3551 3550 
22250 3547 3547 
22300 3550 3550 
22350 3561 3559 
22400 3540 3531 
22450 3543 3531 
22500 3550 3545 
22550 3550 3551 
22600 3550 3547 
22650 3543 3542 
22700 3546 3553 
22750 3548 3537 
22800 3542 3542 
22850 3547 3549 
22900 3553 3554 
22950 3544 3549 
23000 3542 3540 
23050 3541 3537 
23100 3555 3550 
23150 3539 3540 
23200 3524 3525 
23250 3550 3552 
23300 3554 3552 
23350 3534 3542 
23400 3543 3540 
23450 3545 3536 
23500 3526 3528 
23550 3537 3535 
23600 3552 3549 
23650 3551 3547 
23700 3548 3543 
23750 3555 3559 
23800 3556 3560 
23850 3566 3571 
23900 3546 3556 
23950 3540 3542 
24000 3551 3553 
24050 3548 3553 
24100 3544 3538 
24150 3525 3529 
24200 3553 3555 
24250 3554 3561 
24300 3559 3558 
24350 3558 3561 
24400 3557 3560 
24450 3546 3545 
24500 3539 3539 
24550 3540 3540 
24600 3549 3547 
24650 3548 3544 
24700 3554 3553 
24750 3540 3537 
24800 3535 3540 
24850 3548 3545 
24900 3539 3535 
24950 3557 3554 
25000 3544 3542 
25050 3545 3541 
25100 3539 3537 
25150 3554 3554 
25200 3543 3547 
25250 3546 3549 
25300 3540 3541 
25350 3538 3539 
25400 3553 3560 
25450 3543 3546 
25500 3550 3546 
25550 3546 3543 
25600 3541 3544 
25650 3562 3557 
25700 3549 3547 
25750 3543 3544 
25800 3535 3533 
25850 3547 3547 
25900 3554 3557 
25950 3549 3549 
26000 3552 3550 
26050 3553 3554 
26100 3541 3545 
26150 3542 3538 
26200 3558 3553 
26250 3545 3545 
26300 3543 3542 
26350 3549 3556 
26400 3516 3517 
26450 3530 3535 
26500 3551 3553 
26550 3552 3553 
26600 3557 3551 
26650 3551 3549 
26700 3549 3553 
26750 3551 3548 
26800 3545 3547 
26850 3544 3544 
26900 3541 3545 
26950 3540 3539 
27000 3520 3518 
27050 3540 3539 
27100 3560 3559 
27150 3547 3544 
27200 3542 3534 
27250 3541 3541 
27300 3556 3561 
27350 3542 3539 
27400 3552 3552 
27450 3561 3554 
27500 3539 3547 
27550 3554 3549 
27600 3549 3544 
27650 3544 3538 
27700 3562 3555 
27750 3546 3538 
27800 3537 3539 
27850 3545 3543 
27900 3542 3540 
27950 3539 3530 
28000 3545 3544 
28050 3559 3557 
28100 3557 3551 
28150 3568 3568 
28200 3550 3552 
28250 3545 3538 
28300 3557 3554 
28350 3535 3541 
28400 3547 3547 
28450 3553 3561 
28500 3546 3542 
28550 3539 3534 
28600 3534 3537 
28650 3535 3538 
28700 3540 3541 
28750 3542 3539 
28800 3535 3531 
28850 3562 3561 
28900 3559 3556 
28950 3538 3541 
29000 3545 3547 
29050 3544 3547 
29100 3553 3548 
29150 3549 3550 
29200 3540 3537 
29250 3553 3547 
29300 3548 3548 
29350 3547 3544 
29400 3547 3550 
29450 3533 3535 
29500 3546 3546 
29550 3535 3544 
29600 3520 3524 
29650 3530 3530 
29700 3535 3537 
29750 3540 3542 
29800 3532 3546 
29850 3547 3554 
29900 3547 3557 
29950 3544 3548 
30000 3523 3527 
30050 3524 3525 
30100 3549 3546 
30150 3545 3538 
30200 3542 3544 
30250 3549 3548 
30300 3530 3537 
30350 3538 3542 
30400 3552 3559 
30450 3552 3554 
30500 3534 3537 
30550 3542 3545 
30600 3544 3542 
30650 3540 3543 
30700 3549 3554 
30750 3561 3561 
30800 3530 3533 
30850 3542 3542 
30900 3530 3535 
30950 3538 3543 
31000 3536 3535 
31050 3534 3532 
31100 3538 3535 
31150 3548 3547 
31200 3555 3562 
31250 3541 3543 
31300 3536 3537 
31350 3517 3513 
31400 3540 3547 
31450 3545 3552 
31500 3548 3551 
31550 3529 3533 
31600 3542 3544 
31650 3542 3538 
31700 3542 3542 
31750 3539 3541 
31800 3540 3548 
31850 3539 3543 
31900 3547 3552 
31950 3527 3529 
32000 3527 3528 
32050 3548 3548 
32100 3537 3536 
32150 3547 3541 
32200 3520 3522 
32250 3547 3555 
32300 3545 3550 
32350 3523 3522 
32400 3537 3535 
32450 3544 3547 
32500 3533 3532 
32550 3537 3538 
32600 3557 3557 
32650 3560 3561 
32700 3554 3553 
32750 3540 3545 
32800 3551 3551 
32850 3550 3557 
32900 3547 3547 
32950 3542 3547 
33000 3563 3569 
33050 3561 3561 
33100 3548 3547 
33150 3542 3552 
33200 3541 3540 
33250 3540 3544 
33300 3534 3528 
33350 3547 3543 
33400 3539 3549 
33450 3526 3530 
33500 3555 3560 
33550 3545 3544 
33600 3548 3556 
33650 3528 3529 
33700 3536 3533 
33750 3549 3554 
33800 3527 3536 
33850 3549 3552 
33900 3533 3541 
33950 3540 3546 
34000 3546 3553 
34050 3553 3557 
34100 3547 3551 
34150 3529 3535 
34200 3558 3557 
34250 3528 3530 
34300 3539 3542 
34350 3540 3541 
34400 3550 3556 
34450 3555 3555 
34500 3544 3546 
34550 3558 3555 
34600 3542 3542 
34650 3551 3547 
34700 3539 3540 
34750 3543 3541 
34800 3527 3524 
34850 3547 3545 
34900 3563 3566 
34950 3540 3547 
35000 3546 3547 
35050 3540 3541 
35100 3557 3557 
35150 3545 3547 
35200 3544 3544 
35250 3538 3543 
35300 3539 3536 
35350 3537 3549 
35400 3533 3541 
35450 3551 3548 
35500 3561 3565 
35550 3537 3537 
35600 3547 3549 
35650 3532 3531 
35700 3542 3543 
35750 3536 3547 
35800 3532 3541 
35850 3544 3539 
35900 3548 3543 
35950 3533 3533 
36000 3555 3550 
36050 3550 3549 
36100 3554 3555 
36150 3540 3545 
36200 3542 3545 
36250 3551 3554 
36300 3540 3547 
36350 3536 3531 
36400 3545 3548 
36450 3549 3551 
36500 3552 3557 
36550 3528 3538 
36600 3528 3529 
36650 3536 3542 
36700 3544 3551 
36750 3540 3544 
36800 3554 3560 
36850 3536 3538 
36900 3529 3528 
36950 3545 3546 
37000 3550 3550 
37050 3525 3526 
37100 3555 3553 
37150 3553 3553 
37200 3546 3542 
37250 3545 3544 
37300 3551 3551 
37350 3551 3552 
37400 3553 3550 
37450 3547 3546 
37500 3555 3556 
37550 3538 3532 
37600 3551 3549 
37650 3557 3561 
37700 3534 3536 
37750 3555 3549 
37800 3559 3560 
37850 3528 3529 
37900 3539 3532 
37950 3530 3529 
38000 3534 3535 
38050 3533 3546 
38100 3535 3540 
38150 3528 3531 
38200 3540 3537 
38250 3535 3544 
38300 3544 3548 
38350 3539 3538 
38400 3529 3530 
38450 3537 3532 
38500 3523 3526 
38550 3558 3554 
38600 3542 3539 
38650 3552 3555 
38700 3530 3531 
38750 3546 3548 
38800 3538 3539 
38850 3550 3547 
38900 3542 3539 
38950 3550 3544 
39000 3545 3537 
39050 3535 3531 
39100 3531 3531 
39150 3551 3551 
39200 3555 3555 
39250 3561 3564 
39300 3538 3536 
39350 3544 3539 
39400 3547 3549 
39450 3532 3543 
39500 3540 3539 
39550 3552 3558 
39600 3549 3544 
39650 3549 3546 
39700 3542 3548 
39750 3552 3556 
39800 3550 3552 
39850 3551 3556 
39900 3563 3564 
39950 3541 3542 
40000 3545 3545 
40050 3538 3531 
40100 3539 3542 
40150 3541 3537 
40200 3540 3541 
40250 3560 3560 
40300 3547 3544 
40350 3564 3568 
40400 3541 3547 
40450 3533 3533 
40500 3564 3564 
40550 3550 3549 
40600 3548 3550 
40650 3543 3545 
40700 3546 3542 
40750 3550 3552 
40800 3535 3536 
40850 3552 3548 
40900 3558 3545 
40950 3552 3540 
41000 3540 3537 
41050 3541 3540 
41100 3551 3546 
41150 3538 3542 
41200 3535 3533 
41250 3558 3552 
41300 3553 3549 
41350 3540 3537 
41400 3545 3552 
41450 3548 3552 
41500 3521 3525 
41550 3539 3531 
41600 3548 3546 
41650 3534 3532 
41700 3548 3552 
41750 3551 3553 
41800 3544 3541 
41850 3556 3552 
41900 3555 3552 
41950 3558 3556 
42000 3542 3543 
42050 3543 3548 
42100 3542 3542 
42150 3550 3550 
42200 3533 3537 
42250 3528 3533 
42300 3541 3541 
42350 3543 3538 
42400 3543 3543 
42450 3526 3525 
42500 3530 3527 
42550 3530 3533 
42600 3545 3540 
42650 3532 3531 
42700 3539 3539 
42750 3552 3551 
42800 3555 3553 
42850 3551 3556 
42900 3535 3537 
42950 3538 3530 
43000 3545 3541 
43050 3535 3524 
43100 3539 3539 
43150 3548 3548 
43200 3535 3534 
43250 3552 3545 
43300 3531 3530 
43350 3530 3533 
43400 3537 3532 
43450 3536 3534 
43500 3547 3545 
43550 3533 3533 
43600 3539 3537 
43650 3539 3543 
43700 3545 3547 
43750 3542 3542 
43800 3549 3545 
43850 3551 3552 
43900 3537 3543 
43950 3540 3539 
44000 3534 3534 
44050 3552 3547 
44100 3543 3546 
44150 3544 3545 
44200 3552 3551 
44250 3560 3557 
44300 3549 3552 
44350 3568 3563 
44400 3538 3535 
44450 3544 3546 
44500 3552 3555 
44550 3531 3533 
44600 3534 3536 
44650 3542 3541 
44700 3533 3529 
44750 3542 3541 
44800 3549 3547 
44850 3530 3528 
44900 3540 3539 
44950 3549 3544 
45000 3544 3547 
45050 3546 3545 
45100 3544 3539 
45150 3543 3543 
45200 3553 3552 
45250 3544 3542 
45300 3547 3549 
45350 3544 3543 
45400 3536 3541 
45450 3530 3537 
45500 3554 3551 
45550 3536 3540 
45600 3545 3552 
45650 3548 3548 
45700 3546 3538 
45750 3549 3546 
45800 3563 3558 
45850 3542 3542 
45900 3545 3544 
45950 3542 3539 
46000 3552 3556 
46050 3550 3550 
46100 3536 3537 
46150 3550 3543 
46200 3550 3550 
46250 3548 3545 
46300 3531 3533 
46350 3553 3549 
46400 3536 3540 
46450 3555 3559 
46500 3553 3558 
46550 3559 3558 
46600 3543 3542 
46650 3531 3534 
46700 3539 3545 
46750 3531 3528 
46800 3538 3537 
46850 3540 3542 
46900 3548 3548 
46950 3536 3535 
47000 3526 3535 
47050 3554 3553 
47100 3553 3557 
47150 3567 3568 
47200 3563 3567 
47250 3553 3553 
47300 3548 3546 
47350 3538 3553 
47400 3552 3554 
47450 3551 3560 
47500 3526 3528 
47550 3554 3549 
47600 3535 3540 
47650 3553 3552 
47700 3536 3529 
47750 3536 3535 
47800 3542 3542 
47850 3552 3555 
47900 3561 3559 
47950 3552 3553 
48000 3538 3539 
48050 3539 3543 
48100 3559 3562 
48150 3545 3547 
48200 3543 3544 
48250 3543 3542 
48300 3541 3538 
48350 3552 3551 
48400 3555 3555 
48450 3557 3559 
48500 3536 3534 
48550 3560 3562 
48600 3569 3566 
48650 3528 3535 
48700 3529 3527 
48750 3549 3546 
48800 3545 3545 
48850 3544 3545 
48900 3549 3547 
48950 3543 3543 
49000 3535 3534 
49050 3519 3522 
49100 3554 3550 
49150 3547 3543 
49200 3545 3539 
49250 3547 3544 
49300 3549 3552 
49350 3538 3542 
49400 3541 3539 
49450 3545 3547 
49500 3540 3535 
49550 3535 3533 
49600 3549 3542 
49650 3554 3553 
49700 3553 3554 
49750 3546 3546 
49800 3555 3556 
49850 3536 3541 
49900 3546 3546 
49950 3544 3545 
50000 3551 3545 
50050 3559 3552 
50100 3533 3526 
50150 3554 3551 
50200 3559 3559 
50250 3538 3539 
50300 3543 3540 
50350 3547 3541 
50400 3533 3534 
50450 3547 3545 
50500 3540 3536 
50550 3547 3544 
50600 3556 3552 
50650 3543 3547 
50700 3541 3539 
50750 3552 3557 
50800 3529 3534 
50850 3556 3554 
50900 3522 3526 
50950 3557 3563 
51000 3558 3558 
51050 3556 3556 
51100 3539 3534 
51150 3522 3520 
51200 3546 3548 
51250 3543 3540 
51300 3544 3538 
51350 3549 3543 
51400 3551 3556 
51450 3546 3545 
51500 3540 3547 
51550 3547 3549 
51600 3543 3545 
51650 3543 3538 
51700 3547 3548 
51750 3537 3541 
51800 3552 3546 
51850 3550 3531 
51900 3550 3550 
51950 3562 3562 
52000 3554 3555 
52050 3553 3550 
52100 3556 3558 
52150 3547 3543 
52200 3559 3557 
52250 3539 3540 
52300 3525 3524 
52350 3546 3547 
52400 3551 3549 
52450 3564 3560 
52500 3555 3558 
52550 3540 3538 
52600 3548 3549 
52650 3545 3543 
52700 3537 3533 
52750 3532 3530 
52800 3537 3533 
52850 3545 3543 
52900 3526 3525 
52950 3546 3545 
53000 3537 3535 
53050 3548 3545 
53100 3534 3534 
53150 3555 3554 
53200 3552 3546 
53250 3542 3535 
53300 3557 3560 
53350 3538 3535 
53400 3542 3543 
53450 3548 3545 
53500 3547 3543 
53550 3534 3529 
53600 3542 3545 
53650 3550 3548 
53700 3553 3550 
53750 3554 3553 
53800 3544 3547 
53850 3559 3566 
53900 3554 3550 
53950 3552 3553 
54000 3543 3539 
54050 3532 3537 
54100 3537 3538 
54150 3521 3523 
54200 3531 3532 
54250 3544 3550 
54300 3541 3545 
54350 3555 3553 
54400 3544 3544 
54450 3558 3560 
54500 3542 3546 
54550 3554 3559 
54600 3541 3542 
54650 3545 3546 
54700 3537 3537 
54750 3554 3555 
54800 3547 3543 
54850 3539 3532 
54900 3540 3537 
54950 3537 3537 
55000 3549 3545 
55050 3535 3539 
55100 3530 3533 
55150 3546 3551 
55200 3547 3545 
55250 3553 3546 
55300 3553 3552 
55350 3539 3537 
55400 3561 3557 
55450 3550 3553 
55500 3547 3547 
55550 3553 3546 
55600 3532 3529 
55650 3533 3539 
55700 3537 3544 
55750 3541 3549 
55800 3551 3549 
55850 3537 3539 
55900 3552 3552 
55950 3536 3529 
56000 3530 3535 
56050 3532 3533 
56100 3526 3525 
56150 3541 3545 
56200 3547 3545 
56250 3555 3559 
56300 3528 3530 
56350 3539 3540 
56400 3565 3562 
56450 3559 3558 
56500 3547 3549 
56550 3553 3546 
56600 3541 3542 
56650 3525 3526 
56700 3539 3537 
56750 3545 3541 
56800 3557 3557 
56850 3551 3550 
56900 3543 3540 
56950 3540 3550 
57000 3530 3530 
57050 3536 3539 
57100 3560 3556 
57150 3545 3543 
57200 3548 3550 
57250 3543 3533 
57300 3534 3528 
57350 3535 3535 
57400 3545 3534 
57450 3546 3544 
57500 3550 3547 
57550 3559 3561 
57600 3545 3551 
57650 3520 3527 
57700 3534 3532 
57750 3545 3544 
57800 3542 3545 
57850 3542 3548 
57900 3548 3551 
57950 3545 3541 
58000 3545 3544 
58050 3534 3533 
58100 3547 3548 
58150 3539 3541 
58200 3535 3533 
58250 3540 3541 
58300 3536 3538 
58350 3536 3539 
58400 3548 3546 
58450 3562 3563 
58500 3514 3513 
58550 3538 3533 
58600 3547 3554 
58650 3531 3526 
58700 3558 3555 
58750 3532 3530 
58800 3538 3539 
58850 3548 3541 
58900 3549 3554 
58950 3550 3553 
59000 3532 3538 
59050 3534 3536 
59100 3552 3553 
59150 3549 3550 
59200 3559 3555 
59250 3552 3557 
59300 3544 3547 
59350 3535 3531 
59400 3539 3533 
59450 3539 3536 
59500 3553 3549 
59550 3540 3537 
59600 3555 3556 
59650 3532 3539 
59700 3546 3550 
59750 3538 3537 
59800 3542 3546 
59850 3537 3540 
59900 3547 3549 
59950 3551 3551 
60000 3545 3547 
60050 3542 3540 
60100 3543 3542 
60150 3552 3553 
60200 3557 3554 
60250 3551 3549 
60300 3541 3545 
60350 3541 3548 
60400 3543 3547 
60450 3543 3538 
60500 3547 3548 
60550 3543 3543 
60600 3551 3553 
60650 3552 3553 
60700 3542 3550 
60750 3545 3549 
60800 3551 3550 
60850 3545 3553 
60900 3559 3558 
60950 3535 3533 
61000 3529 3532 
61050 3551 3548 
61100 3555 3550 
61150 3538 3537 
61200 3535 3543 
61250 3544 3552 
61300 3532 3527 
61350 3546 3537 
61400 3539 3541 
61450 3548 3541 
61500 3530 3525 
61550 3553 3545 
61600 3550 3542 
61650 3552 3545 
61700 3555 3558 
61750 3547 3552 
61800 3544 3550 
61850 3536 3534 
61900 3557 3558 
61950 3536 3540 
62000 3545 3538 
62050 3545 3538 
62100 3536 3532 
62150 3528 3535 
62200 3555 3549 
62250 3557 3557 
62300 3542 3548 
62350 3555 3550 
62400 3545 3543 
62450 3547 3545 
62500 3550 3551 
62550 3548 3537 
62600 3552 3546 
62650 3554 3544 
62700 3549 3545 
62750 3551 3551 
62800 3549 3546 
62850 3545 3545 
62900 3565 3560 
62950 3539 3538 
63000 3539 3525 
63050 3549 3548 
63100 3546 3540 
63150 3543 3543 
63200 3556 3554 
63250 3555 3551 
63300 3537 3532 
63350 3551 3544 
63400 3547 3544 
63450 3549 3555 
63500 3548 3545 
63550 3549 3546 
63600 3549 3547 
63650 3549 3550 
63700 3543 3547 
63750 3538 3542 
63800 3552 3548 
63850 3566 3562 
63900 3549 3543 
63950 3544 3539 
64000 3540 3544 
64050 3546 3549 
64100 3539 3543 
64150 3552 3545 
64200 3552 3550 
64250 3540 3536 
64300 3556 3563 
64350 3548 3542 
64400 3546 3542 
64450 3550 3547 
64500 3564 3559 
64550 3546 3550 
64600 3537 3540 
64650 3529 3538 
64700 3544 3546 
64750 3554 3552 
64800 3545 3540 
64850 3533 3535 
64900 3538 3539 
64950 3536 3538 
65000 3540 3538 
65050 3555 3555 
65100 3539 3527 
65150 3541 3538 
65200 3540 3546 
65250 3544 3545 
65300 3538 3545 
65350 3551 3552 
65400 3542 3543 
65450 3548 3552 
65500 3563 3565 
65550 3543 3544 
65600 3552 3549 
65650 3545 3543 
65700 3546 3550 
65750 3553 3546 
65800 3541 3540 
65850 3545 3541 
65900 3543 3533 
65950 3557 3552 
66000 3542 3540 
66050 3546 3546 
66100 3539 3537 
66150 3550 3548 
66200 3555 3550 
66250 3551 3543 
66300 3541 3541 
66350 3536 3540 
66400 3543 3541 
66450 3543 3543 
66500 3533 3534 
66550 3545 3541 
66600 3539 3538 
66650 3539 3534 
66700 3537 3545 
66750 3543 3545 
66800 3545 3544 
66850 3550 3546 
66900 3549 3552 
66950 3548 3548 
67000 3540 3547 
67050 3546 3544 
67100 3550 3546 
67150 3540 3542 
67200 3552 3553 
67250 3542 3540 
67300 3557 3557 
67350 3538 3542 
67400 3551 3550 
67450 3549 3550 
67500 3543 3545 
67550 3540 3537 
67600 3546 3544 
67650 3547 3549 
67700 3544 3550 
67750 3547 3545 
67800 3539 3540 
67850 3537 3544 
67900 3546 3548 
67950 3528 3537 
68000 3551 3555 
68050 3547 3545 
68100 3551 3548 
68150 3549 3547 
68200 3535 3535 
68250 3553 3555 
68300 3544 3545 
68350 3554 3557 
68400 3537 3531 
68450 3550 3552 
68500 3549 3549 
68550 3548 3543 
68600 3544 3535 
68650 3542 3548 
68700 3547 3541 
68750 3559 3554 
68800 3527 3530 
68850 3536 3541 
68900 3530 3532 
68950 3555 3564 
69000 3548 3551 
69050 3556 3555 
69100 3538 3536 
69150 3542 3547 
69200 3549 3553 
69250 3534 3532 
69300 3524 3527 
69350 3537 3542 
69400 3533 3541 
69450 3544 3548 
69500 3546 3548 
69550 3558 3561 
69600 3546 3548 
69650 3532 3528 
69700 3544 3544 
69750 3547 3540 
69800 3534 3536 
69850 3554 3557 
69900 3549 3551 
69950 3557 3561 
70000 3540 3538 
70050 3535 3540 
70100 3547 3541 
70150 3546 3544 
70200 3550 3554 
70250 3534 3534 
70300 3548 3553 
70350 3542 3545 
70400 3558 3552 
70450 3554 3541 
70500 3541 3543 
70550 3541 3540 
70600 3545 3546 
70650 3561 3551 
70700 3560 3562 
70750 3542 3543 
70800 3544 3547 
70850 3556 3554 
70900 3536 3526 
70950 3537 3538 
71000 3536 3539 
71050 3555 3563 
71100 3540 3539 
71150 3539 3540 
71200 3525 3522 
71250 3551 3553 
71300 3529 3530 
71350 3544 3546 
71400 3539 3539 
71450 3547 3531 
71500 3549 3546 
71550 3549 3545 
71600 3549 3547 
71650 3563 3562 
71700 3557 3557 
71750 3542 3547 
71800 3548 3549 
71850 3533 3533 
71900 3537 3531 
71950 3549 3546 
72000 3533 3533 
72050 3533 3533 
72100 3535 3537 
72150 3552 3551 
72200 3551 3540 
72250 3545 3538 
72300 3567 3565 
72350 3549 3549 
72400 3565 3558 
72450 3546 3546 
72500 3543 3542 
72550 3552 3556 
72600 3547 3548 
72650 3547 3544 
72700 3552 3553 
72750 3536 3539 
72800 3516 3528 
72850 3546 3551 
72900 3551 3553 
72950 3542 3542 
73000 3557 3552 
73050 3553 3553 
73100 3542 3543 
73150 3544 3545 
73200 3533 3539 
73250 3540 3540 
73300 3543 3534 
73350 3550 3547 
73400 3552 3548 
73450 3544 3544 
73500 3540 3544 
73550 3526 3531 
73600 3555 3558 
73650 3545 3543 
73700 3557 3565 
73750 3553 3556 
73800 3535 3538 
73850 3538 3540 
73900 3536 3535 
73950 3552 3552 
74000 3537 3540 
74050 3536 3537 
74100 3537 3537 
74150 3552 3550 
74200 3539 3539 
74250 3546 3545 
74300 3554 3552 
74350 3547 3543 
74400 3550 3551 
74450 3549 3542 
74500 3540 3547 
74550 3545 3547 
74600 3543 3545 
74650 3545 3543 
74700 3561 3559 
74750 3548 3544 
74800 3542 3544 
74850 3529 3529 
74900 3551 3551 
74950 3543 3538 
75000 3515 3521 
75050 3537 3537 
75100 3535 3535 
75150 3530 3534 
75200 3535 3537 
75250 3550 3555 
75300 3541 3538 
75350 3552 3550 
75400 3549 3547 
75450 3548 3553 
75500 3534 3530 
75550 3546 3547 
75600 3548 3550 
75650 3550 3547 
75700 3538 3539 
75750 3539 3538 
75800 3554 3549 
75850 3545 3537 
75900 3554 3553 
75950 3555 3558 
76000 3550 3552 
76050 3539 3541 
76100 3546 3537 
76150 3558 3553 
76200 3554 3549 
76250 3550 3544 
76300 3539 3539 
76350 3545 3550 
76400 3548 3546 
76450 3529 3526 
76500 3551 3548 
76550 3547 3546 
76600 3547 3549 
76650 3551 3544 
76700 3550 3545 
76750 3544 3544 
76800 3558 3562 
76850 3556 3558 
76900 3554 3556 
76950 3541 3540 
77000 3541 3542 
77050 3551 3548 
77100 3544 3542 
77150 3554 3553 
77200 3552 3549 
77250 3537 3537 
77300 3557 3558 
77350 3556 3550 
77400 3555 3555 
77450 3549 3551 
77500 3553 3551 
77550 3550 3543 
77600 3552 3548 
77650 3541 3541 
77700 3537 3538 
77750 3544 3544 
77800 3547 3550 
77850 3541 3545 
77900 3553 3547 
77950 3542 3550 
78000 3539 3537 
78050 3546 3546 
78100 3553 3551 
78150 3541 3538 
78200 3544 3541 
78250 3531 3536 
78300 3544 3545 
78350 3532 3535 
78400 3557 3558 
78450 3542 3544 
78500 3554 3553 
78550 3548 3550 
78600 3539 3531 
78650 3538 3534 
78700 3543 3542 
78750 3548 3550 
78800 3539 3537 
78850 3550 3539 
78900 3534 3545 
78950 3554 3549 
79000 3552 3549 
79050 3541 3543 
79100 3552 3553 
79150 3546 3541 
79200 3540 3536 
79250 3533 3537 
79300 3538 3538 
79350 3543 3542 
79400 3557 3559 
79450 3555 3557 
79500 3535 3534 
79550 3548 3544 
79600 3537 3534 
79650 3537 3543 
79700 3554 3549 
79750 3553 3552 
79800 3555 3550 
79850 3538 3534 
79900 3548 3552 
79950 3535 3538 
80000 3548 3546 
80050 3547 3544 
80100 3538 3541 
80150 3535 3544 
80200 3535 3534 
80250 3566 3559 
80300 3546 3544 
80350 3551 3549 
80400 3534 3533 
80450 3548 3553 
80500 3556 3558 
80550 3550 3537 
80600 3547 3546 
80650 3547 3537 
80700 3544 3546 
80750 3564 3566 
80800 3554 3551 
80850 3533 3539 
80900 3553 3552 
80950 3546 3549 
81000 3528 3534 
81050 3558 3559 
81100 3546 3542 
81150 3560 3557 
81200 3553 3549 
81250 3552 3545 
81300 3559 3560 
81350 3533 3527 
81400 3552 3551 
81450 3543 3541 
81500 3550 3547 
81550 3555 3551 
81600 3551 3553 
81650 3555 3556 
81700 3540 3543 
81750 3538 3533 
81800 3547 3543 
81850 3544 3545 
81900 3551 3541 
81950 3546 3543 
82000 3557 3546 
82050 3562 3560 
82100 3553 3547 
82150 3551 3535 
82200 3537 3534 
82250 3558 3558 
82300 3554 3551 
82350 3558 3553 
82400 3550 3550 
82450 3550 3549 
82500 3562 3552 
82550 3555 3557 
82600 3553 3547 
82650 3555 3549 
82700 3564 3556 
82750 3547 3547 
82800 3550 3551 
82850 3558 3556 
82900 3553 3553 
82950 3550 3546 
83000 3559 3558 
83050 3559 3556 
83100 3548 3545 
83150 3532 3526 
83200 3547 3548 
83250 3561 3558 
83300 3547 3542 
83350 3554 3555 
83400 3542 3540 
83450 3544 3541 
83500 3538 3534 
83550 3543 3540 
83600 3555 3552 
83650 3566 3570 
83700 3552 3549 
83750 3547 3545 
83800 3552 3547 
83850 3552 3547 
83900 3542 3538 
83950 3552 3551 
84000 3550 3547 
84050 3560 3562 
84100 3551 3547 
84150 3562 3557 
84200 3554 3553 
84250 3559 3556 
84300 3556 3558 
84350 3556 3555 
84400 3541 3538 
84450 3568 3562 
84500 3546 3545 
84550 3535 3538 
84600 3554 3553 
84650 3538 3539 
84700 3553 3553 
84750 3543 3542 
84800 3555 3550 
84850 3538 3539 
84900 3554 3550 
84950 3558 3555 
85000 3566 3562 
85050 3554 3550 
85100 3553 3552 
85150 3558 3560 
85200 3548 3544 
85250 3551 3550 
85300 3554 3548 
85350 3542 3529 
85400 3537 3537 
85450 3541 3541 
85500 3548 3543 
85550 3546 3534 
85600 3560 3562 
85650 3557 3555 
85700 3546 3542 
85750 3555 3548 
85800 3551 3552 
85850 3543 3543 
85900 3532 3532 
85950 3570 3556 
86000 3550 3553 
86050 3545 3542 
86100 3555 3553 
86150 3571 3568 
86200 3543 3544 
86250 3558 3555 
86300 3545 3545 
86350 3559 3556 
86400 3531 3532 
86450 3550 3552 
86500 3542 3541 
86550 3537 3536 
86600 3560 3561 
86650 3549 3548 
86700 3557 3555 
86750 3559 3557 
86800 3545 3544 
86850 3552 3546 
86900 3542 3533 
86950 3556 3553 
87000 3556 3555 
87050 3542 3542 
87100 3536 3535 
87150 3548 3545 
87200 3548 3542 
87250 3549 3547 
87300 3540 3535 
87350 3559 3558 
87400 3555 3554 
87450 3554 3555 
87500 3554 3553 
87550 3547 3550 
87600 3542 3537 
87650 3558 3552 
87700 3545 3546 
87750 3562 3559 
87800 3547 3550 
87850 3536 3536 
87900 3542 3542 
87950 3558 3559 
88000 3541 3531 
88050 3546 3542 
88100 3551 3536 
88150 3544 3543 
88200 3542 3541 
88250 3559 3558 
88300 3561 3561 
88350 3558 3554 
88400 3556 3557 
88450 3543 3535 
88500 3549 3549 
88550 3551 3554 
88600 3559 3554 
88650 3551 3550 
88700 3550 3544 
88750 3554 3552 
88800 3557 3555 
88850 3562 3565 
88900 3556 3550 
88950 3544 3548 
89000 3548 3543 
89050 3553 3548 
89100 3558 3554 
89150 3532 3533 
89200 3525 3525 
89250 3545 3545 
89300 3559 3553 
89350 3550 3554 
89400 3557 3557 
89450 3550 3545 
89500 3534 3531 
89550 3548 3547 
89600 3538 3541 
89650 3558 3553 
89700 3539 3539 
89750 3547 3542 
89800 3552 3554 
89850 3548 3553 
89900 3554 3557 
89950 3535 3536 
90000 3546 3543 
90050 3545 3543 
90100 3554 3556 
90150 3528 3527 
90200 3541 3537 
90250 3555 3551 
90300 3552 3541 
90350 3552 3548 
90400 3548 3548 
90450 3558 3551 
90500 3558 3557 
90550 3558 3555 
90600 3542 3538 
90650 3542 3538 
90700 3547 3544 
90750 3551 3544 
90800 3554 3555 
90850 3554 3551 
90900 3552 3553 
90950 3543 3547 
91000 3552 3550 
91050 3536 3533 
91100 3548 3555 
91150 3545 3544 
91200 3550 3548 
91250 3549 3550 
91300 3548 3551 
91350 3555 3549 
91400 3549 3546 
91450 3542 3541 
91500 3548 3545 
91550 3535 3531 
91600 3548 3548 
91650 3551 3548 
91700 3545 3541 
91750 3538 3534 
91800 3540 3537 
91850 3552 3553 
91900 3542 3537 
91950 3538 3527 
92000 3557 3559 
92050 3547 3546 
92100 3556 3556 
92150 3555 3547 
92200 3557 3550 
92250 3549 3550 
92300 3555 3556 
92350 3546 3546 
92400 3566 3562 
92450 3552 3546 
92500 3557 3557 
92550 3550 3545 
92600 3544 3538 
92650 3561 3554 
92700 3545 3542 
92750 3541 3545 
92800 3552 3548 
92850 3546 3548 
92900 3556 3556 
92950 3548 3551 
93000 3542 3542 
93050 3546 3547 
93100 3562 3566 
93150 3552 3551 
93200 3548 3552 
93250 3539 3540 
93300 3550 3548 
93350 3542 3547 
93400 3556 3558 
93450 3560 3558 
93500 3555 3552 
93550 3546 3546 
93600 3534 3534 
93650 3547 3543 
93700 3554 3547 
93750 3542 3545 
93800 3568 3558 
93850 3541 3538 
93900 3558 3556 
93950 3549 3542 
94000 3554 3554 
94050 3551 3552 
94100 3530 3531 
94150 3560 3554 
94200 3540 3543 
94250 3545 3545 
94300 3552 3545 
94350 3551 3546 
94400 3540 3540 
94450 3541 3543 
94500 3552 3552 
94550 3548 3550 
94600 3557 3551 
94650 3566 3567 
94700 3561 3555 
94750 3562 3559 
94800 3543 3543 
94850 3562 3566 
94900 3552 3548 
94950 3558 3557 
95000 3543 3538 
95050 3544 3545 
95100 3553 3548 
95150 3533 3535 
95200 3553 3548 
95250 3556 3560 
95300 3555 3558 
95350 3562 3561 
95400 3553 3552 
95450 3555 3552 
95500 3549 3547 
95550 3529 3534 
95600 3541 3540 
95650 3545 3544 
95700 3549 3546 
95750 3547 3545 
95800 3556 3554 
95850 3557 3557 
95900 3559 3554 
95950 3544 3547 
96000 3552 3550 
96050 3569 3567 
96100 3563 3562 
96150 3548 3550 
96200 3554 3555 
96250 3549 3539 
96300 3553 3549 
96350 3548 3545 
96400 3541 3545 
96450 3543 3546 
96500 3546 3545 
96550 3535 3534 
96600 3549 3547 
96650 3545 3537 
96700 3551 3548 
96750 3560 3555 
96800 3546 3548 
96850 3556 3556 
96900 3566 3568 
96950 3549 3554 
97000 3540 3542 
97050 3565 3563 
97100 3549 3548 
97150 3562 3559 
97200 3552 3552 
97250 3543 3544 
97300 3557 3560 
97350 3553 3552 
97400 3559 3560 
97450 3546 3543 
97500 3550 3547 
97550 3535 3539 
97600 3552 3555 
97650 3555 3555 
97700 3546 3545 
97750 3551 3550 
97800 3544 3544 
97850 3549 3551 
97900 3535 3529 
97950 3532 3532 
98000 3542 3545 
98050 3540 3538 
98100 3548 3547 
98150 3537 3534 
98200 3547 3550 
98250 3552 3545 
98300 3543 3541 
98350 3543 3541 
98400 3551 3555 
98450 3536 3541 
98500 3560 3556 
98550 3540 3547 
98600 3552 3557 
98650 3546 3552 
98700 3544 3540 
98750 3547 3545 
98800 3546 3546 
98850 3543 3544 
98900 3537 3542 
98950 3535 3538 
99000 3545 3547 
99050 3540 3538 
99100 3548 3548 
99150 3534 3529 
99200 3548 3545 
99250 3552 3549 
99300 3534 3538 
99350 3543 3546 
99400 3539 3537 
99450 3546 3542 
99500 3547 3543 
99550 3540 3537 
99600 3548 3549 
99650 3551 3552 
99700 3541 3537 
99750 3551 3549 
99800 3556 3552 
99850 3545 3544 
99900 3561 3555 
99950 3549 3546 
100000 3549 3550 
100050 3540 3544 
100100 3553 3556 
100150 3558 3559 
100200 3565 3562 
100250 3550 3544 
100300 3556 3560 
100350 3542 3536 
100400 3541 3542 
100450 3532 3536 
100500 3542 3547 
100550 3544 3540 
100600 3533 3534 
100650 3545 3539 
100700 3541 3549 
100750 3558 3558 
100800 3548 3546 
100850 3561 3564 
100900 3535 3538 
100950 3540 3546 
101000 3549 3552 
101050 3551 3548 
101100 3543 3548 
101150 3549 3551 
101200 3547 3552 
101250 3544 3546 
101300 3545 3546 
101350 3533 3535 
101400 3558 3558 
101450 3559 3554 
101500 3539 3545 
101550 3544 3552 
101600 3562 3565 
101650 3563 3565 
101700 3561 3564 
101750 3556 3557 
101800 3547 3537 
101850 3552 3542 
101900 3544 3547 
101950 3555 3549 
102000 3538 3546 
102050 3543 3548 
102100 3563 3563 
102150 3545 3536 
102200 3529 3520 
102250 3547 3543 
102300 3547 3546 
102350 3547 3546 
102400 3551 3548 
102450 3558 3559 
102500 3554 3551 
102550 3553 3550 
102600 3530 3524 
102650 3549 3549 
102700 3545 3546 
102750 3545 3547 
102800 3555 3557 
102850 3550 3551 
102900 3549 3547 
102950 3544 3547 
103000 3553 3548 
103050 3552 3551 
103100 3554 3557 
103150 3537 3542 
103200 3546 3547 
103250 3545 3544 
103300 3549 3547 
103350 3549 3547 
103400 3551 3548 
103450 3536 3543 
103500 3552 3551 
103550 3555 3556 
103600 3535 3543 
103650 3546 3546 
103700 3536 3540 
103750 3564 3560 
103800 3547 3547 
103850 3553 3548 
103900 3549 3556 
103950 3550 3554 
104000 3559 3553 
104050 3549 3547 
104100 3550 3545 
104150 3560 3556 
104200 3539 3542 
104250 3549 3546 
104300 3551 3547 
104350 3542 3542 
104400 3552 3553 
104450 3551 3553 
104500 3557 3559 
104550 3545 3547 
104600 3557 3560 
104650 3539 3539 
104700 3556 3550 
104750 3557 3555 
104800 3541 3539 
104850 3549 3550 
104900 3545 3544 
104950 3551 3552 
105000 3543 3550 
105050 3546 3549 
105100 3555 3550 
105150 3556 3550 
105200 3542 3544 
105250 3556 3543 
105300 3544 3548 
105350 3546 3547 
105400 3552 3553 
105450 3548 3545 
105500 3553 3551 
105550 3555 3555 
105600 3562 3555 
105650 3543 3541 
105700 3552 3548 
105750 3545 3546 
105800 3527 3528 
105850 3558 3549 
105900 3547 3551 
105950 3542 3542 
106000 3549 3550 
106050 3553 3553 
106100 3527 3528 
106150 3557 3550 
106200 3553 3548 
106250 3554 3555 
106300 3557 3549 
106350 3543 3546 
106400 3546 3545 
106450 3551 3548 
106500 3542 3547 
106550 3544 3543 
106600 3562 3564 
106650 3537 3537 
106700 3543 3546 
106750 3550 3548 
106800 3554 3554 
106850 3538 3542 
106900 3561 3566 
106950 3558 3555 
107000 3545 3548 
107050 3540 3535 
107100 3546 3547 
107150 3560 3570 
107200 3561 3564 
107250 3551 3554 
107300 3535 3533 
107350 3529 3540 
107400 3552 3555 
107450 3557 3555 
107500 3546 3547 
107550 3537 3534 
107600 3538 3536 
107650 3564 3561 
107700 3557 3559 
107750 3539 3548 
107800 3551 3551 
107850 3558 3563 
107900 3552 3552 
107950 3557 3554 
108000 3537 3534 
108050 3553 3553 
108100 3548 3549 
108150 3557 3558 
108200 3529 3530 
108250 3543 3543 
108300 3552 3553 
108350 3547 3552 
108400 3548 3554 
108450 3551 3556 
108500 3536 3535 
108550 3554 3551 
108600 3531 3530 
108650 3560 3557 
108700 3551 3551 
108750 3547 3546 
108800 3557 3558 
108850 3547 3554 
108900 3551 3552 
108950 3543 3542 
109000 3541 3540 
109050 3535 3539 
109100 3557 3554 
109150 3547 3552 
109200 3561 3565 
109250 3538 3538 
109300 3537 3539 
109350 3547 3548 
109400 3554 3548 
109450 3542 3540 
109500 3538 3539 
109550 3560 3555 
109600 3563 3561 
109650 3545 3548 
109700 3547 3548 
109750 3552 3549 
109800 3538 3534 
109850 3544 3539 
109900 3543 3546 
109950 3556 3553 
110000 3550 3551 
110050 3551 3549 
110100 3552 3550 
110150 3544 3543 
110200 3550 3549 
110250 3545 3542 
110300 3578 3575 
110350 3554 3553 
110400 3533 3528 
110450 3540 3545 
110500 3542 3544 
110550 3546 3541 
110600 3541 3549 
110650 3563 3565 
110700 3565 3564 
110750 3557 3562 
110800 3557 3561 
110850 3564 3566 
110900 3545 3553 
110950 3541 3545 
111000 3553 3548 
111050 3547 3546 
111100 3554 3552 
111150 3546 3554 
111200 3546 3554 
111250 3549 3549 
111300 3544 3542 
111350 3543 3547 
111400 3555 3562 
111450 3546 3549 
111500 3543 3542 
111550 3534 3529 
111600 3554 3555 
111650 3550 3547 
111700 3539 3545 
111750 3557 3553 
111800 3553 3553 
111850 3551 3553 
111900 3554 3550 
111950 3528 3529 
112000 3543 3549 
112050 3557 3559 
112100 3559 3561 
112150 3555 3554 
112200 3547 3543 
112250 3549 3550 
112300 3554 3548 
112350 3557 3554 
112400 3549 3557 
112450 3551 3550 
112500 3553 3552 
112550 3545 3544 
112600 3560 3561 
112650 3548 3550 
112700 3550 3542 
112750 3550 3553 
112800 3542 3547 
112850 3559 3557 
112900 3551 3553 
112950 3556 3552 
113000 3542 3546 
113050 3546 3545 
113100 3553 3553 
113150 3533 3527 
113200 3553 3545 
113250 3535 3540 
113300 3559 3559 
113350 3541 3545 
113400 3540 3539 
113450 3549 3550 
113500 3536 3536 
113550 3547 3544 
113600 3542 3541 
113650 3544 3543 
113700 3554 3552 
113750 3537 3534 
113800 3553 3554 
113850 3552 3559 
113900 3551 3554 
113950 3546 3540 
114000 3563 3562 
114050 3557 3555 
114100 3548 3541 
114150 3554 3557 
114200 3547 3551 
114250 3559 3561 
114300 3549 3559 
114350 3526 3530 
114400 3549 3548 
114450 3535 3535 
114500 3538 3542 
114550 3536 3528 
114600 3560 3561 
114650 3562 3559 
114700 3553 3554 
114750 3550 3539 
114800 3557 3548 
114850 3529 3524 
114900 3532 3539 
114950 3551 3551 
115000 3552 3550 
115050 3548 3551 
115100 3564 3561 
115150 3533 3529 
115200 3552 3549 
115250 3551 3545 
115300 3554 3549 
115350 3544 3544 
115400 3549 3546 
115450 3563 3560 
115500 3548 3547 
115550 3546 3554 
115600 3558 3561 
115650 3557 3558 
115700 3567 3562 
115750 3554 3552 
115800 3543 3534 
115850 3563 3562 
115900 3552 3552 
115950 3545 3542 
116000 3557 3555 
116050 3560 3550 
116100 3550 3550 
116150 3539 3539 
116200 3545 3543 
116250 3548 3540 
116300 3540 3542 
116350 3555 3554 
116400 3554 3553 
116450 3559 3559 
116500 3540 3542 
116550 3554 3554 
116600 3551 3551 
116650 3537 3537 
116700 3548 3547 
116750 3552 3553 
116800 3541 3538 
116850 3557 3553 
116900 3548 3543 
116950 3559 3558 
117000 3540 3539 
117050 3546 3543 
117100 3541 3543 
117150 3541 3540 
117200 3550 3551 
117250 3557 3554 
117300 3563 3563 
117350 3550 3543 
117400 3547 3541 
117450 3563 3562 
117500 3554 3558 
117550 3571 3561 
117600 3558 3557 
117650 3548 3544 
117700 3540 3537 
117750 3559 3556 
117800 3543 3542 
117850 3558 3559 
117900 3547 3552 
117950 3560 3562 
118000 3556 3561 
118050 3553 3548 
118100 3566 3555 
118150 3546 3546 
118200 3561 3558 
118250 3531 3530 
118300 3525 3522 
118350 3560 3555 
118400 3539 3536 
118450 3533 3530 
118500 3560 3563 
118550 3547 3543 
118600 3557 3553 
118650 3547 3545 
118700 3545 3543 
118750 3556 3553 
118800 3544 3548 
118850 3541 3544 
118900 3552 3556 
118950 3563 3566 
119000 3556 3550 
119050 3547 3547 
119100 3558 3559 
119150 3544 3548 
119200 3555 3551 
119250 3555 3548 
119300 3553 3547 
119350 3540 3536 
119400 3558 3558 
119450 3551 3553 
119500 3544 3548 
119550 3547 3549 
119600 3548 3545 
119650 3562 3565 
119700 3548 3544 
119750 3536 3538 
119800 3563 3560 
119850 3534 3536 
119900 3553 3559 
119950 3541 3536 
120000 3548 3553 
120050 3552 3550 
120100 3563 3555 
120150 3535 3532 
120200 3551 3553 
120250 3543 3545 
120300 3551 3543 
120350 3539 3534 
120400 3551 3549 
120450 3532 3535 
120500 3561 3558 
120550 3549 3556 
120600 3546 3545 
120650 3552 3558 
120700 3555 3551 
120750 3545 3549 
120800 3559 3552 
120850 3545 3544 
120900 3550 3547 
120950 3554 3550 
121000 3556 3552 
121050 3552 3547 
121100 3549 3552 
121150 3549 3549 
121200 3523 3527 
121250 3538 3527 
121300 3535 3541 
121350 3533 3535 
121400 3551 3545 
121450 3545 3540 
121500 3560 3560 
121550 3536 3536 
121600 3556 3556 
121650 3540 3538 
121700 3552 3554 
121750 3546 3547 
121800 3554 3555 
121850 3553 3544 
121900 3558 3554 
121950 3543 3540 
122000 3549 3547 
122050 3552 3559 
122100 3539 3543 
122150 3551 3547 
122200 3543 3541 
122250 3539 3543 
122300 3555 3553 
122350 3539 3537 
122400 3554 3555 
122450 3550 3553 
122500 3544 3543 
122550 3533 3537 
122600 3530 3535 
122650 3557 3553 
122700 3551 3551 
122750 3530 3533 
122800 3553 3558 
122850 3557 3553 
122900 3556 3555 
122950 3538 3540 
123000 3557 3555 
123050 3542 3540 
123100 3551 3545 
123150 3546 3545 
123200 3550 3549 
123250 3553 3545 
123300 3549 3545 
123350 3539 3542 
123400 3550 3543 
123450 3550 3541 
123500 3537 3536 
123550 3561 3556 
123600 3551 3539 
123650 3564 3562 
123700 3529 3532 
123750 3556 3552 
123800 3544 3543 
123850 3543 3537 
123900 3562 3562 
123950 3543 3537 
124000 3555 3551 
124050 3526 3526 
124100 3541 3542 
124150 3544 3541 
124200 3533 3539 
124250 3549 3548 
124300 3538 3532 
124350 3543 3541 
124400 3544 3548 
124450 3538 3538 
124500 3551 3548 
124550 3545 3545 
124600 3543 3545 
124650 3545 3549 
124700 3540 3542 
124750 3547 3543 
124800 3542 3545 
124850 3538 3538 
124900 3557 3557 
124950 3552 3549 
125000 3541 3535 
125050 3549 3545 
125100 3551 3551 
125150 3548 3548 
125200 3537 3533 
125250 3546 3548 
125300 3547 3542 
125350 3535 3525 
125400 3546 3543 
125450 3550 3552 
125500 3546 3539 
125550 3547 3548 
125600 3552 3551 
125650 3539 3538 
125700 3535 3537 
125750 3542 3541 
125800 3553 3547 
125850 3556 3554 
125900 3541 3540 
125950 3539 3538 
126000 3539 3541 
126050 3538 3539 
126100 3537 3532 
126150 3566 3559 
126200 3535 3536 
126250 3539 3542 
126300 3540 3544 
126350 3553 3554 
126400 3560 3553 
126450 3554 3546 
126500 3554 3546 
126550 3545 3535 
126600 3547 3547 
126650 3539 3535 
126700 3546 3549 
126750 3558 3555 
126800 3544 3549 
126850 3544 3548 
126900 3534 3536 
126950 3539 3539 
127000 3530 3532 
127050 3545 3545 
127100 3559 3556 
127150 3560 3555 
127200 3547 3548 
127250 3543 3546 
127300 3557 3553 
127350 3536 3540 
127400 3544 3545 
127450 3545 3548 
127500 3561 3565 
127550 3552 3547 
127600 3551 3546 
127650 3558 3550 
127700 3546 3545 
127750 3548 3543 
127800 3538 3536 
127850 3548 3547 
127900 3540 3540 
127950 3539 3545 
128000 3562 3565 
128050 3550 3551 
128100 3549 3547 
128150 3540 3545 
128200 3539 3540 
128250 3553 3558 
128300 3552 3549 
128350 3552 3546 
128400 3537 3541 
128450 3547 3539 
128500 3542 3538 
128550 3528 3535 
128600 3523 3534 
128650 3551 3546 
128700 3560 3559 
128750 3559 3561 
128800 3551 3545 
128850 3549 3547 
128900 3551 3549 
128950 3550 3553 
129000 3543 3534 
129050 3539 3541 
129100 3546 3546 
129150 3553 3546 
129200 3543 3540 
129250 3542 3542 
129300 3531 3532 
129350 3541 3542 
129400 3554 3552 
129450 3543 3544 
129500 3544 3540 
129550 3538 3532 
129600 3541 3540 
129650 3557 3555 
129700 3559 3553 
129750 3548 3545 
129800 3551 3549 
129850 3539 3535 
129900 3552 3551 
129950 3551 3551 
130000 3538 3530 
130050 3549 3550 
130100 3558 3555 
130150 3551 3549 
130200 3535 3536 
130250 3553 3546 
130300 3554 3553 
130350 3534 3529 
130400 3553 3547 
130450 3547 3536 
130500 3554 3553 
130550 3546 3551 
130600 3564 3560 
130650 3559 3557 
130700 3539 3538 
130750 3551 3546 
130800 3534 3538 
130850 3548 3552 
130900 3540 3540 
130950 3567 3561 
131000 3539 3539 
131050 3544 3547 
131100 3547 3547 
131150 3550 3546 
131200 3545 3551 
131250 3555 3559 
131300 3556 3547 
131350 3564 3562 
131400 3551 3555 
131450 3545 3542 
131500 3548 3540 
131550 3548 3543 
131600 3533 3538 
131650 3556 3559 
131700 3540 3538 
131750 3552 3547 
131800 3558 3555 
131850 3550 3553 
131900 3560 3553 
131950 3549 3554 
132000 3539 3540 
132050 3559 3566 
132100 3549 3548 
132150 3539 3540 
132200 3542 3538 
132250 3543 3540 
132300 3554 3548 
132350 3532 3523 
132400 3554 3547 
132450 3545 3553 
132500 3533 3533 
132550 3524 3523 
132600 3556 3550 
132650 3547 3545 
132700 3539 3530 
132750 3555 3553 
132800 3547 3538 
132850 3542 3547 
132900 3536 3540 
132950 3558 3559 
133000 3520 3521 
133050 3528 3529 
133100 3539 3542 
133150 3553 3556 
133200 3539 3541 
133250 3537 3539 
133300 3551 3551 
133350 3546 3545 
133400 3550 3549 
133450 3532 3532 
133500 3544 3547 
133550 3525 3524 
133600 3559 3560 
133650 3544 3538 
133700 3537 3536 
133750 3556 3552 
133800 3573 3575 
133850 3561 3552 
133900 3552 3542 
133950 3555 3558 
134000 3531 3528 
134050 3545 3542 
134100 3554 3548 
134150 3562 3560 
134200 3525 3531 
134250 3542 3541 
134300 3528 3526 
134350 3566 3562 
134400 3528 3525 
134450 3553 3546 
134500 3558 3550 
134550 3565 3563 
134600 3549 3548 
134650 3540 3536 
134700 3549 3545 
134750 3554 3557 
134800 3551 3552 
134850 3544 3538 
134900 3553 3554 
134950 3556 3560 
135000 3555 3555 
135050 3543 3538 
135100 3560 3559 
135150 3546 3548 
135200 3547 3549 
135250 3549 3551 
135300 3541 3541 
135350 3554 3551 
135400 3568 3563 
135450 3533 3536 
135500 3554 3556 
135550 3552 3551 
135600 3547 3539 
135650 3545 3539 
135700 3555 3550 
135750 3541 3539 
135800 3539 3538 
135850 3562 3558 
135900 3539 3539 
135950 3543 3543 
136000 3550 3553 
136050 3540 3544 
136100 3554 3557 
136150 3549 3546 
136200 3542 3546 
136250 3552 3553 
136300 3529 3533 
136350 3549 3554 
136400 3555 3551 
136450 3552 3546 
136500 3535 3534 
136550 3547 3540 
136600 3541 3542 
136650 3543 3545 
136700 3559 3553 
136750 3535 3541 
136800 3555 3553 
136850 3564 3566 
136900 3556 3551 
136950 3544 3553 
137000 3546 3543 
137050 3549 3545 
137100 3544 3548 
137150 3541 3547 
137200 3540 3541 
137250 3543 3545 
137300 3540 3538 
137350 3555 3552 
137400 3553 3558 
137450 3558 3553 
137500 3544 3547 
137550 3544 3544 
137600 3537 3532 
137650 3539 3535 
137700 3541 3546 
137750 3550 3547 
137800 3555 3555 
137850 3559 3563 
137900 3541 3543 
137950 3543 3539 
138000 3544 3543 
138050 3564 3558 
138100 3553 3549 
138150 3558 3558 
138200 3532 3540 
138250 3534 3537 
138300 3539 3529 
138350 3545 3547 
138400 3537 3530 
138450 3553 3556 
138500 3545 3543 
138550 3553 3554 
138600 3557 3557 
138650 3546 3545 
138700 3553 3551 
138750 3549 3546 
138800 3545 3548 
138850 3554 3552 
138900 3551 3556 
138950 3562 3565 
139000 3544 3543 
139050 3545 3539 
139100 3538 3539 
139150 3553 3555 
139200 3552 3553 
139250 3548 3550 
139300 3543 3540 
139350 3541 3545 
139400 3534 3542 
139450 3561 3562 
139500 3566 3563 
139550 3553 3556 
139600 3552 3550 
139650 3543 3548 
139700 3522 3528 
139750 3543 3540 
139800 3536 3537 
139850 3549 3541 
139900 3552 3549 
139950 3547 3544 
140000 3544 3545 
140050 3549 3551 
140100 3540 3541 
140150 3547 3547 
140200 3548 3549 
140250 3527 3523 
140300 3561 3556 
140350 3532 3541 
140400 3556 3555 
140450 3545 3546 
140500 3563 3563 
140550 3542 3543 
140600 3541 3533 
140650 3552 3549 
140700 3544 3538 
140750 3559 3563 
140800 3552 3556 
140850 3545 3534 
140900 3548 3543 
140950 3534 3532 
141000 3557 3560 
141050 3524 3529 
141100 3547 3547 
141150 3549 3548 
141200 3560 3555 
141250 3560 3565 
141300 3539 3547 
141350 3552 3554 
141400 3550 3540 
141450 3553 3553 
141500 3521 3524 
141550 3563 3563 
141600 3534 3545 
141650 3547 3552 
141700 3544 3546 
141750 3536 3541 
141800 3541 3544 
141850 3548 3545 
141900 3545 3546 
141950 3544 3551 
142000 3557 3555 
142050 3543 3556 
142100 3542 3542 
142150 3544 3542 
142200 3548 3537 
142250 3527 3531 
142300 3546 3543 
142350 3561 3555 
142400 3550 3550 
142450 3554 3552 
142500 3533 3536 
142550 3542 3541 
142600 3550 3556 
142650 3535 3544 
142700 3560 3561 
142750 3543 3542 
142800 3547 3546 
142850 3557 3554 
142900 3539 3538 
142950 3542 3540 
143000 3546 3553 
143050 3518 3525 
143100 3550 3551 
143150 3520 3523 
143200 3549 3549 
143250 3557 3562 
143300 3551 3550 
143350 3545 3543 
143400 3563 3565 
143450 3540 3546 
143500 3534 3524 
143550 3534 3533 
143600 3550 3545 
143650 3545 3543 
143700 3557 3552 
143750 3554 3551 
143800 3549 3546 
143850 3549 3552 
143900 3539 3537 
143950 3553 3554 
144000 3554 3553 
144050 3541 3537 
144100 3560 3547 
144150 3545 3545 
144200 3540 3543 
144250 3548 3540 
144300 3553 3552 
144350 3544 3544 
144400 3551 3553 
144450 3551 3544 
144500 3538 3541 
144550 3542 3541 
144600 3545 3552 
144650 3546 3548 
144700 3539 3544 
144750 3531 3540 
144800 3534 3532 
144850 3553 3551 
144900 3543 3548 
144950 3551 3546 
145000 3554 3554 
145050 3563 3556 
145100 3539 3539 
145150 3539 3543 
145200 3555 3555 
145250 3552 3555 
145300 3549 3549 
145350 3527 3530 
145400 3547 3549 
145450 3545 3547 
145500 3552 3553 
145550 3545 3542 
145600 3538 3542 
145650 3550 3544 
145700 3554 3543 
145750 3549 3548 
145800 3553 3552 
145850 3558 3553 
145900 3545 3545 
145950 3546 3549 
146000 3546 3540 
146050 3550 3550 
146100 3542 3538 
146150 3551 3555 
146200 3551 3554 
146250 3545 3546 
146300 3548 3546 
146350 3545 3542 
146400 3551 3544 
146450 3534 3535 
146500 3556 3556 
146550 3550 3546 
146600 3542 3545 
146650 3538 3541 
146700 3552 3551 
146750 3538 3541 
146800 3543 3546 
146850 3543 3539 
146900 3546 3551 
146950 3533 3531 
147000 3534 3536 
147050 3552 3551 
147100 3538 3544 
147150 3531 3541 
147200 3552 3550 
147250 3546 3548 
147300 3531 3526 
147350 3558 3556 
147400 3556 3547 
147450 3531 3534 
147500 3536 3549 
147550 3555 3556 
147600 3553 3550 
147650 3540 3536 
147700 3542 3543 
147750 3557 3556 
147800 3554 3554 
147850 3549 3544 
147900 3538 3537 
147950 3548 3547 
148000 3553 3552 
148050 3551 3556 
148100 3552 3557 
148150 3550 3548 
148200 3552 3549 
148250 3540 3539 
148300 3543 3538 
148350 3555 3555 
148400 3554 3552 
148450 3555 3557 
148500 3541 3540 
148550 3549 3545 
148600 3525 3533 
148650 3549 3548 
148700 3537 3542 
148750 3560 3564 
148800 3545 3539 
148850 3542 3545 
148900 3543 3540 
148950 3564 3563 
149000 3520 3522 
149050 3554 3555 
149100 3540 3541 
149150 3561 3566 
149200 3547 3557 
149250 3564 3564 
149300 3555 3555 
149350 3535 3530 
149400 3531 3524 
149450 3527 3531 
149500 3552 3552 
149550 3557 3554 
149600 3548 3553 
149650 3528 3531 
149700 3538 3539 
149750 3539 3538 
149800 3547 3546 
149850 3551 3548 
149900 3555 3559 
149950 3557 3558 
150000 3538 3539 
150050 3550 3550 
150100 3538 3535 
150150 3542 3542 
150200 3552 3551 
150250 3552 3560 
150300 3539 3545 
150350 3547 3545 
150400 3542 3537 
150450 3539 3545 
150500 3553 3556 
150550 3525 3526 
150600 3543 3543 
150650 3535 3536 
150700 3549 3548 
150750 3547 3543 
150800 3542 3543 
150850 3554 3555 
150900 3548 3554 
150950 3551 3549 
151000 3550 3544 
151050 3547 3553 
151100 3550 3544 
151150 3548 3546 
151200 3566 3567 
151250 3548 3548 
151300 3544 3536 
151350 3537 3532 
151400 3542 3544 
151450 3547 3545 
151500 3552 3542 
151550 3560 3561 
151600 3538 3536 
151650 3561 3558 
151700 3554 3553 
151750 3547 3545 
151800 3535 3542 
151850 3542 3540 
151900 3548 3544 
151950 3551 3551 
152000 3552 3551 
152050 3549 3546 
152100 3552 3555 
152150 3550 3548 
152200 3541 3545 
152250 3549 3545 
152300 3549 3548 
152350 3539 3542 
152400 3548 3550 
152450 3560 3560 
152500 3534 3534 
152550 3543 3548 
152600 3540 3537 
152650 3554 3543 
152700 3529 3537 
152750 3555 3555 
152800 3544 3538 
152850 3559 3555 
152900 3551 3552 
152950 3555 3552 
153000 3549 3554 
153050 3555 3558 
153100 3559 3554 
153150 3539 3540 
153200 3533 3539 
153250 3558 3557 
153300 3546 3545 
153350 3543 3542 
153400 3540 3538 
153450 3551 3553 
153500 3553 3557 
153550 3544 3545 
153600 3550 3554 
153650 3541 3537 
153700 3560 3561 
153750 3544 3544 
153800 3533 3537 
153850 3540 3545 
153900 3554 3553 
153950 3543 3546 
154000 3537 3535 
154050 3551 3551 
154100 3558 3563 
154150 3558 3558 
154200 3548 3549 
154250 3549 3550 
154300 3532 3528 
154350 3537 3537 
154400 3555 3558 
154450 3548 3542 
154500 3562 3554 
154550 3546 3539 
154600 3541 3539 
154650 3542 3544 
154700 3554 3561 
154750 3543 3544 
154800 3560 3561 
154850 3543 3542 
154900 3539 3541 
154950 3550 3548 
155000 3546 3545 
155050 3559 3555 
155100 3542 3542 
155150 3553 3553 
155200 3563 3562 
155250 3558 3558 
155300 3554 3564 
155350 3544 3543 
155400 3548 3548 
155450 3549 3551 
155500 3558 3551 
155550 3564 3559 
155600 3551 3551 
155650 3558 3559 
155700 3542 3548 
155750 3555 3557 
155800 3553 3556 
155850 3537 3532 
155900 3559 3551 
155950 3547 3550 
156000 3551 3553 
156050 3548 3545 
156100 3550 3551 
156150 3547 3547 
156200 3542 3546 
156250 3560 3560 
156300 3555 3556 
156350 3547 3556 
156400 3560 3555 
156450 3556 3560 
156500 3539 3543 
156550 3545 3554 
156600 3538 3541 
156650 3545 3547 
156700 3547 3548 
156750 3552 3548 
156800 3544 3546 
156850 3546 3546 
156900 3532 3537 
156950 3549 3545 
157000 3540 3537 
157050 3531 3533 
157100 3536 3543 
157150 3548 3547 
157200 3548 3549 
157250 3538 3542 
157300 3533 3540 
157350 3532 3531 
157400 3545 3549 
157450 3553 3555 
157500 3547 3548 
157550 3544 3547 
157600 3557 3557 
157650 3547 3542 
157700 3535 3535 
157750 3536 3536 
157800 3548 3545 
157850 3541 3545 
157900 3553 3552 
157950 3547 3548 
158000 3537 3543 
158050 3553 3551 
158100 3540 3542 
158150 3557 3552 
158200 3562 3560 
158250 3535 3539 
158300 3536 3538 
158350 3552 3548 
158400 3540 3542 
158450 3554 3552 
158500 3546 3551 
158550 3540 3538 
158600 3553 3550 
158650 3558 3553 
158700 3542 3547 
158750 3543 3549 
158800 3553 3556 
158850 3555 3557 
158900 3562 3558 
158950 3552 3550 
159000 3558 3560 
159050 3545 3551 
159100 3535 3535 
159150 3565 3557 
159200 3543 3550 
159250 3549 3550 
159300 3547 3544 
159350 3554 3551 
159400 3556 3548 
159450 3546 3549 
159500 3552 3553 
159550 3544 3544 
159600 3544 3544 
159650 3559 3552 
159700 3532 3523 
159750 3548 3547 
159800 3538 3547 
159850 3547 3550 
159900 3530 3533 
159950 3547 3539 
160000 3550 3553 
160050 3553 3550 
160100 3534 3525 
160150 3555 3564 
160200 3550 3549 
160250 3552 3549 
160300 3535 3537 
160350 3548 3550 
160400 3552 3546 
160450 3547 3544 
160500 3562 3557 
160550 3543 3542 
160600 3551 3551 
160650 3535 3537 
160700 3558 3557 
160750 3552 3552 
160800 3560 3562 
160850 3550 3554 
160900 3558 3556 
160950 3535 3528 
161000 3548 3550 
161050 3542 3552 
161100 3560 3558 
161150 3550 3544 
161200 3551 3549 
161250 3534 3533 
161300 3547 3548 
161350 3560 3553 
161400 3548 3545 
161450 3558 3563 
161500 3547 3547 
161550 3547 3549 
161600 3534 3540 
161650 3545 3546 
161700 3548 3552 
161750 3543 3548 
161800 3556 3556 
161850 3549 3546 
161900 3538 3541 
161950 3537 3535 
162000 3557 3560 
162050 3544 3550 
162100 3560 3564 
162150 3548 3548 
162200 3557 3555 
162250 3545 3550 
162300 3556 3555 
162350 3545 3544 
162400 3553 3557 
162450 3547 3546 
162500 3557 3556 
162550 3521 3528 
162600 3559 3561 
162650 3542 3540 
162700 3560 3561 
162750 3542 3540 
162800 3539 3537 
162850 3532 3535 
162900 3547 3546 
162950 3539 3538 
163000 3545 3548 
163050 3539 3543 
163100 3534 3540 
163150 3542 3541 
163200 3559 3560 
163250 3539 3545 
163300 3559 3556 
163350 3538 3541 
163400 3555 3559 
163450 3543 3540 
163500 3528 3525 
163550 3540 3545 
163600 3535 3533 
163650 3540 3542 
163700 3567 3565 
163750 3540 3545 
163800 3554 3551 
163850 3542 3540 
163900 3561 3560 
163950 3541 3542 
164000 3549 3547 
164050 3545 3551 
164100 3535 3536 
164150 3545 3546 
164200 3538 3541 
164250 3548 3555 
164300 3556 3560 
164350 3562 3559 
164400 3531 3533 
164450 3544 3548 
164500 3539 3533 
164550 3554 3551 
164600 3550 3553 
164650 3557 3560 
164700 3549 3548 
164750 3555 3558 
164800 3553 3552 
164850 3543 3542 
164900 3542 3544 
164950 3549 3543 
165000 3554 3549 
165050 3537 3537 
165100 3536 3531 
165150 3528 3535 
165200 3561 3554 
165250 3551 3552 
165300 3540 3536 
165350 3541 3543 
165400 3547 3542 
165450 3549 3546 
165500 3554 3551 
165550 3548 3544 
165600 3538 3537 
165650 3547 3542 
165700 3556 3554 
165750 3532 3535 
165800 3552 3553 
165850 3539 3537 
165900 3529 3530 
165950 3561 3557 
166000 3549 3547 
166050 3545 3554 
166100 3544 3545 
166150 3548 3555 
166200 3532 3532 
166250 3565 3565 
166300 3529 3524 
166350 3555 3553 
166400 3544 3544 
166450 3548 3545 
166500 3548 3548 
166550 3547 3554 
166600 3545 3540 
166650 3542 3540 
166700 3524 3527 
166750 3542 3543 
166800 3547 3544 
166850 3537 3540 
166900 3537 3543 
166950 3547 3554 
167000 3548 3553 
167050 3555 3553 
167100 3552 3551 
167150 3540 3546 
167200 3553 3559 
167250 3555 3551 
167300 3548 3547 
167350 3537 3537 
167400 3549 3546 
167450 3539 3539 
167500 3549 3544 
167550 3543 3540 
167600 3555 3549 
167650 3543 3544 
167700 3551 3554 
167750 3546 3542 
167800 3554 3553 
167850 3559 3545 
167900 3534 3530 
167950 3548 3550 
168000 3555 3552 
168050 3558 3554 
168100 3565 3560 
168150 3542 3549 
168200 3553 3555 
168250 3551 3545 
168300 3531 3539 
168350 3561 3562 
168400 3543 3544 
168450 3546 3542 
168500 3568 3567 
168550 3549 3551 
168600 3550 3546 
168650 3546 3542 
168700 3549 3548 
168750 3542 3539 
168800 3541 3541 
168850 3548 3543 
168900 3560 3559 
168950 3551 3553 
169000 3560 3564 
169050 3527 3526 
169100 3539 3539 
169150 3563 3559 
169200 3547 3541 
169250 3544 3539 
169300 3539 3535 
169350 3537 3534 
169400 3540 3546 
169450 3537 3539 
169500 3560 3552 
169550 3554 3542 
169600 3541 3539 
169650 3553 3554 
169700 3550 3548 
169750 3544 3540 
169800 3571 3573 
169850 3541 3540 
169900 3556 3556 
169950 3545 3553 
170000 3554 3556 
170050 3561 3558 
170100 3556 3558 
170150 3545 3552 
170200 3556 3554 
170250 3549 3549 
170300 3563 3564 
170350 3549 3548 
170400 3556 3559 
170450 3543 3542 
170500 3533 3531 
170550 3546 3544 
170600 3554 3553 
170650 3558 3545 
170700 3554 3558 
170750 3548 3548 
170800 3549 3549 
170850 3518 3525 
170900 3557 3561 
170950 3546 3544 
171000 3554 3544 
171050 3547 3542 
171100 3560 3557 
171150 3556 3552 
171200 3529 3537 
171250 3553 3549 
171300 3534 3535 
171350 3538 3530 
171400 3551 3551 
171450 3550 3541 
171500 3560 3552 
171550 3544 3536 
171600 3539 3537 
171650 3544 3540 
171700 3554 3552 
171750 3548 3551 
171800 3542 3543 
171850 3551 3548 
171900 3550 3544 
171950 3539 3530 
172000 3539 3541 
172050 3541 3544 
172100 3553 3544 
172150 3551 3549 
172200 3543 3542 
172250 3558 3558 
172300 3549 3552 
172350 3561 3561 
172400 3551 3551 
172450 3543 3545 
172500 3556 3550 
172550 3545 3540 
172600 3527 3527 
172650 3532 3531 
172700 3552 3548 
172750 3556 3560 
172800 3549 3557 
172850 3544 3542 
172900 3554 3550 
172950 3560 3556 
173000 3544 3543 
173050 3544 3537 
173100 3544 3543 
173150 3536 3531 
173200 3546 3546 
173250 3555 3557 
173300 3556 3556 
173350 3547 3543 
173400 3555 3555 
173450 3549 3542 
173500 3548 3542 
173550 3539 3536 
173600 3565 3560 
173650 3541 3539 
173700 3552 3553 
173750 3551 3546 
173800 3540 3528 
173850 3547 3548 
173900 3520 3521 
173950 3553 3546 
174000 3558 3554 
174050 3542 3542 
174100 3535 3539 
174150 3550 3547 
174200 3545 3550 
174250 3555 3555 
174300 3554 3551 
174350 3544 3540 
174400 3528 3521 
174450 3548 3540 
174500 3544 3544 
174550 3550 3548 
174600 3528 3527 
174650 3550 3546 
174700 3559 3555 
174750 3552 3556 
174800 3549 3553 
174850 3534 3534 
174900 3551 3550 
174950 3551 3551 
175000 3530 3528 
175050 3551 3539 
175100 3563 3556 
175150 3552 3547 
175200 3551 3549 
175250 3542 3544 
175300 3548 3548 
175350 3551 3549 
175400 3539 3535 
175450 3547 3540 
175500 3535 3539 
175550 3551 3548 
175600 3564 3557 
175650 3543 3543 
175700 3548 3543 
175750 3544 3549 
175800 3539 3535 
175850 3539 3534 
175900 3556 3550 
175950 3550 3550 
176000 3539 3544 
176050 3561 3557 
176100 3557 3553 
176150 3559 3548 
176200 3540 3537 
176250 3555 3558 
176300 3554 3553 
176350 3549 3541 
176400 3538 3535 
176450 3555 3557 
176500 3552 3550 
176550 3556 3554 
176600 3554 3547 
176650 3539 3539 
176700 3559 3554 
176750 3544 3539 
176800 3542 3541 
176850 3555 3551 
176900 3549 3545 
176950 3544 3550 
177000 3545 3545 
177050 3546 3546 
177100 3537 3530 
177150 3566 3562 
177200 3542 3541 
177250 3547 3549 
177300 3538 3529 
177350 3551 3541 
177400 3534 3531 
177450 3555 3548 
177500 3555 3553 
177550 3563 3555 
177600 3562 3562 
177650 3555 3555 
177700 3526 3516 
177750 3556 3547 
177800 3545 3542 
177850 3543 3548 
177900 3555 3552 
177950 3551 3553 
178000 3545 3545 
178050 3549 3543 
178100 3553 3548 
178150 3560 3551 
178200 3544 3540 
178250 3547 3542 
178300 3537 3530 
178350 3549 3539 
178400 3542 3548 
178450 3552 3546 
178500 3550 3544 
178550 3553 3546 
178600 3544 3542 
178650 3547 3549 
178700 3554 3557 
178750 3551 3545 
178800 3553 3552 
178850 3567 3569 
178900 3549 3542 
178950 3549 3545 
179000 3545 3541 
179050 3539 3534 
179100 3545 3539 
179150 3533 3529 
179200 3560 3553 
179250 3549 3543 
179300 3546 3545 
179350 3556 3548 
179400 3546 3545 
179450 3543 3542 
179500 3542 3545 
179550 3533 3525 
179600 3566 3558 
179650 3548 3547 
179700 3548 3543 
179750 3558 3552 
179800 3556 3553 
179850 3542 3538 
179900 3545 3536 
179950 3539 3537 
180000 3551 3547 
180050 3545 3545 
180100 3548 3545 
180150 3550 3549 
180200 3550 3553 
180250 3552 3536 
180300 3555 3542 
180350 3566 3561 
180400 3542 3534 
180450 3554 3541 
180500 3558 3547 
180550 3547 3540 
180600 3547 3543 
180650 3545 3535 
180700 3548 3543 
180750 3534 3523 
180800 3561 3543 
180850 3546 3535 
180900 3560 3553 
180950 3539 3540 
181000 3542 3532 
181050 3571 3563 
181100 3551 3549 
181150 3528 3526 
181200 3551 3546 
181250 3551 3544 
181300 3558 3551 
181350 3545 3547 
181400 3558 3556 
181450 3548 3550 
181500 3557 3551 
181550 3541 3536 
181600 3545 3542 
181650 3555 3547 
181700 3558 3556 
181750 3550 3547 
181800 3554 3542 
181850 3544 3542 
181900 3552 3550 
181950 3559 3549 
182000 3553 3541 
182050 3544 3539 
182100 3542 3538 
182150 3555 3549 
182200 3542 3538 
182250 3559 3551 
182300 3564 3563 
182350 3544 3545 
182400 3537 3532 
182450 3547 3542 
182500 3542 3529 
182550 3545 3548 
182600 3549 3543 
182650 3546 3543 
182700 3556 3555 
182750 3556 3552 
182800 3549 3550 
182850 3553 3554 
182900 3545 3544 
182950 3545 3540 
183000 3553 3549 
183050 3558 3550 
183100 3553 3545 
183150 3542 3527 
183200 3546 3540 
183250 3543 3537 
183300 3548 3544 
183350 3556 3553 
183400 3554 3554 
183450 3541 3541 
183500 3557 3552 
183550 3549 3548 
183600 3553 3552 
183650 3549 3544 
183700 3548 3541 
183750 3540 3536 
183800 3530 3534 
183850 3553 3557 
183900 3565 3560 
183950 3557 3557 
184000 3554 3544 
184050 3552 3547 
184100 3544 3541 
184150 3549 3541 
184200 3551 3548 
184250 3552 3556 
184300 3536 3542 
184350 3547 3541 
184400 3550 3538 
184450 3558 3553 
184500 3535 3529 
184550 3542 3544 
184600 3550 3547 
184650 3549 3544 
184700 3556 3553 
184750 3552 3552 
184800 3552 3548 
184850 3553 3539 
184900 3546 3547 
184950 3549 3542 
185000 3554 3547 
185050 3558 3561 
185100 3554 3551 
185150 3547 3544 
185200 3541 3538 
185250 3552 3553 
185300 3530 3528 
185350 3531 3530 
185400 3541 3539 
185450 3546 3543 
185500 3540 3536 
185550 3552 3544 
185600 3543 3534 
185650 3554 3554 
185700 3571 3570 
185750 3543 3538 
185800 3550 3548 
185850 3555 3546 
185900 3549 3548 
185950 3546 3534 
186000 3537 3533 
186050 3553 3547 
186100 3555 3548 
186150 3545 3542 
186200 3555 3550 
186250 3548 3543 
186300 3555 3543 
186350 3540 3530 
186400 3544 3540 
186450 3542 3534 
186500 3542 3539 
186550 3558 3561 
186600 3560 3559 
186650 3547 3546 
186700 3547 3548 
186750 3550 3547 
186800 3555 3551 
186850 3545 3542 
186900 3535 3530 
186950 3543 3539 
187000 3568 3560 
187050 3556 3557 
187100 3537 3535 
187150 3563 3557 
187200 3542 3541 
187250 3548 3542 
187300 3550 3542 
187350 3542 3532 
187400 3556 3549 
187450 3543 3541 
187500 3538 3534 
187550 3537 3536 
187600 3549 3541 
187650 3550 3542 
187700 3565 3563 
187750 3555 3539 
187800 3557 3551 
187850 3553 3553 
187900 3535 3535 
187950 3555 3551 
188000 3536 3525 
188050 3554 3549 
188100 3554 3557 
188150 3561 3553 
188200 3553 3549 
188250 3561 3555 
188300 3543 3540 
188350 3553 3546 
188400 3560 3560 
188450 3548 3543 
188500 3548 3550 
188550 3540 3535 
188600 3540 3531 
188650 3555 3555 
188700 3556 3554 
188750 3552 3551 
188800 3546 3536 
188850 3557 3554 
188900 3530 3523 
188950 3555 3547 
189000 3543 3539 
189050 3547 3534 
189100 3526 3519 
189150 3546 3540 
189200 3559 3554 
189250 3540 3537 
189300 3554 3548 
189350 3543 3536 
189400 3547 3543 
189450 3564 3557 
189500 3556 3555 
189550 3562 3552 
189600 3541 3536 
189650 3546 3538 
189700 3559 3547 
189750 3534 3533 
189800 3556 3550 
189850 3562 3556 
189900 3558 3553 
189950 3564 3562 
190000 3545 3545 
190050 3550 3550 
190100 3555 3547 
190150 3556 3545 
190200 3553 3547 
190250 3558 3555 
190300 3537 3532 
190350 3553 3549 
190400 3542 3533 
190450 3550 3545 
190500 3553 3542 
190550 3565 3560 
190600 3568 3563 
190650 3541 3534 
190700 3546 3543 
190750 3560 3559 
190800 3555 3547 
190850 3551 3542 
190900 3540 3540 
190950 3545 3548 
191000 3552 3552 
191050 3555 3549 
191100 3565 3563 
191150 3552 3543 
191200 3538 3535 
191250 3544 3541 
191300 3558 3549 
191350 3545 3536 
191400 3554 3545 
191450 3552 3544 
191500 3559 3552 
191550 3540 3532 
191600 3541 3536 
191650 3554 3543 
191700 3565 3568 
191750 3540 3540 
191800 3554 3552 
191850 3557 3543 
191900 3545 3539 
191950 3544 3543 
192000 3545 3545 
192050 3539 3538 
192100 3539 3537 
192150 3545 3549 
192200 3540 3537 
192250 3554 3551 
192300 3549 3541 
192350 3565 3560 
192400 3552 3541 
192450 3549 3552 
192500 3544 3544 
192550 3544 3540 
192600 3550 3544 
192650 3528 3531 
192700 3537 3537 
192750 3549 3544 
192800 3539 3535 
192850 3560 3557 
192900 3552 3552 
192950 3552 3553 
193000 3541 3538 
193050 3549 3548 
193100 3561 3557 
193150 3555 3549 
193200 3569 3564 
193250 3550 3552 
193300 3554 3555 
193350 3558 3545 
193400 3550 3535 
193450 3561 3553 
193500 3557 3558 
193550 3543 3537 
193600 3544 3536 
193650 3565 3552 
193700 3547 3542 
193750 3535 3530 
193800 3544 3541 
193850 3541 3533 
193900 3547 3543 
193950 3554 3541 
194000 3555 3553 
194050 3544 3537 
194100 3549 3550 
194150 3545 3546 
194200 3560 3553 
194250 3545 3542 
194300 3539 3543 
194350 3539 3534 
194400 3546 3537 
194450 3546 3543 
194500 3560 3555 
194550 3541 3539 
194600 3544 3534 
194650 3551 3546 
194700 3554 3556 
194750 3558 3550 
194800 3543 3534 
194850 3549 3540 
194900 3541 3537 
194950 3551 3538 
195000 3544 3546 
195050 3559 3549 
195100 3554 3556 
195150 3553 3550 
195200 3531 3522 
195250 3546 3535 
195300 3533 3532 
195350 3557 3551 
195400 3558 3556 
195450 3547 3548 
195500 3556 3549 
195550 3561 3564 
195600 3561 3560 
195650 3543 3541 
195700 3555 3542 
195750 3550 3548 
195800 3553 3545 
195850 3551 3547 
195900 3545 3543 
195950 3527 3520 
196000 3550 3549 
196050 3549 3545 
196100 3554 3551 
196150 3562 3558 
196200 3554 3544 
196250 3567 3565 
196300 3540 3542 
196350 3562 3557 
196400 3563 3546 
196450 3527 3528 
196500 3542 3536 
196550 3543 3536 
196600 3547 3539 
196650 3535 3526 
196700 3559 3552 
196750 3559 3555 
196800 3558 3558 
196850 3560 3549 
196900 3551 3545 
196950 3554 3553 
197000 3549 3547 
197050 3560 3545 
197100 3564 3561 
197150 3538 3531 
197200 3543 3537 
197250 3542 3542 
197300 3543 3532 
197350 3554 3550 
197400 3558 3545 
197450 3559 3543 
197500 3552 3547 
197550 3549 3535 
197600 3559 3557 
197650 3554 3543 
197700 3561 3553 
197750 3554 3548 
197800 3535 3523 
197850 3541 3538 
197900 3552 3546 
197950 3561 3556 
198000 3538 3533 
198050 3557 3552 
198100 3550 3546 
198150 3536 3519 
198200 3538 3534 
198250 3554 3553 
198300 3561 3545 
198350 3541 3542 
198400 3555 3549 
198450 3542 3539 
198500 3553 3551 
198550 3559 3549 
198600 3552 3549 
198650 3538 3538 
198700 3540 3529 
198750 3539 3540 
198800 3550 3543 
198850 3554 3557 
198900 3558 3556 
198950 3565 3562 
199000 3541 3535 
199050 3552 3550 
199100 3549 3546 
199150 3538 3537 
199200 3550 3549 
199250 3546 3545 
199300 3551 3544 
199350 3550 3544 
199400 3567 3565 
199450 3551 3548 
199500 3546 3547 
199550 3533 3532 
199600 3553 3549 
199650 3544 3541 
199700 3552 3557 
199750 3548 3542 
199800 3543 3535 
199850 3543 3534 
199900 3551 3550 
199950 3558 3551 
200000 3545 3534 
