# Avida tasks data
# Sun Apr  8 00:14:46 2012
# First column gives the current update, next columns give the number
# of organisms that have the particular task as a component of their merit
#  1: Update
#  2: Xor
#  3: Equals

0 0 0 
50 8 8 
100 45 45 
150 118 118 
200 260 262 
250 463 462 
300 676 672 
350 984 983 
400 1353 1354 
450 1776 1780 
500 2198 2201 
550 2745 2749 
600 3209 3206 
650 3423 3419 
700 3534 3533 
750 3548 3550 
800 3549 3541 
850 3540 3543 
900 3542 3539 
950 3535 3530 
1000 3515 3514 
1050 3225 2753 
1100 3378 2171 
1150 3432 1735 
1200 3427 1339 
1250 3429 1008 
1300 3460 740 
1350 3472 489 
1400 3487 302 
1450 3524 206 
1500 3546 108 
1550 3549 49 
1600 3544 457 
1650 3535 909 
1700 3539 1260 
1750 3536 1636 
1800 3536 2035 
1850 3546 2369 
1900 3548 2646 
1950 3549 2928 
2000 3537 3094 
2050 3297 2384 
2100 3351 1661 
2150 3412 1105 
2200 3434 699 
2250 3488 467 
2300 3487 312 
2350 3516 196 
2400 3524 103 
2450 3534 46 
2500 3555 14 
2550 3545 2 
2600 3515 379 
2650 3490 1100 
2700 3476 1624 
2750 3482 2090 
2800 3474 2474 
2850 3480 2708 
2900 3510 2936 
2950 3506 3143 
3000 3526 3326 
3050 3333 2304 
3100 3441 1344 
3150 3489 690 
3200 3524 293 
3250 3533 99 
3300 3548 34 
3350 3549 23 
3400 3553 6 
3450 3554 0 
3500 3541 3 
3550 3533 10 
3600 3500 353 
3650 3557 917 
3700 3542 1331 
3750 3547 1753 
3800 3543 2053 
3850 3556 2365 
3900 3545 2658 
3950 3542 2882 
4000 3548 3029 
4050 3325 2263 
4100 3404 1551 
4150 3447 1024 
4200 3474 676 
4250 3506 391 
4300 3527 237 
4350 3525 114 
4400 3537 49 
4450 3533 21 
4500 3539 6 
4550 3541 100 
4600 3538 699 
4650 3552 1136 
4700 3546 1537 
4750 3559 1908 
4800 3559 2251 
4850 3563 2549 
4900 3547 2809 
4950 3534 3006 
5000 3538 3163 
5050 3335 2331 
5100 3422 1412 
5150 3469 819 
5200 3519 439 
5250 3538 199 
5300 3521 99 
5350 3537 50 
5400 3562 13 
5450 3565 5 
5500 3553 3 
5550 3563 374 
5600 3556 920 
5650 3536 1460 
5700 3538 1891 
5750 3525 2266 
5800 3526 2545 
5850 3542 2821 
5900 3547 3046 
5950 3541 3241 
6000 3545 3384 
6050 3359 2363 
6100 3435 1408 
6150 3446 855 
6200 3484 524 
6250 3489 339 
6300 3523 219 
6350 3530 114 
6400 3520 54 
6450 3533 17 
6500 3546 15 
6550 3530 247 
6600 3534 842 
6650 3529 1324 
6700 3523 1781 
6750 3521 2195 
6800 3526 2486 
6850 3521 2750 
6900 3535 2940 
6950 3542 3113 
7000 3550 3257 
7050 3306 2395 
7100 3411 1475 
7150 3489 893 
7200 3516 474 
7250 3526 224 
7300 3565 111 
7350 3546 41 
7400 3537 10 
7450 3539 3 
7500 3559 8 
7550 3548 536 
7600 3541 1207 
7650 3546 1786 
7700 3540 2273 
7750 3544 2634 
7800 3549 2921 
7850 3561 3173 
7900 3556 3314 
7950 3546 3392 
8000 3554 3483 
8050 3319 2437 
8100 3427 1437 
8150 3479 779 
8200 3525 361 
8250 3553 180 
8300 3552 69 
8350 3540 11 
8400 3552 4 
8450 3539 5 
8500 3556 5 
8550 3559 533 
8600 3555 1253 
8650 3555 1684 
8700 3559 2002 
8750 3555 2283 
8800 3550 2515 
8850 3549 2764 
8900 3544 2980 
8950 3566 3201 
9000 3546 3320 
9050 3314 2393 
9100 3411 1429 
9150 3470 835 
9200 3478 495 
9250 3521 299 
9300 3539 203 
9350 3544 137 
9400 3554 69 
9450 3553 42 
9500 3541 14 
9550 3541 541 
9600 3537 1237 
9650 3536 1735 
9700 3545 2139 
9750 3553 2445 
9800 3550 2636 
9850 3548 2865 
9900 3560 3084 
9950 3561 3268 
10000 3550 3391 
10050 3326 2340 
10100 3402 1352 
10150 3468 822 
10200 3514 484 
10250 3533 304 
10300 3549 208 
10350 3557 117 
10400 3560 58 
10450 3558 16 
10500 3558 11 
10550 3548 511 
10600 3542 1207 
10650 3552 1816 
10700 3557 2277 
10750 3573 2676 
10800 3540 2961 
10850 3554 3249 
10900 3550 3409 
10950 3553 3492 
11000 3544 3514 
11050 3326 2528 
11100 3402 1507 
11150 3421 885 
11200 3484 590 
11250 3521 364 
11300 3532 195 
11350 3531 91 
11400 3542 35 
11450 3541 15 
11500 3548 5 
11550 3553 1 
11600 3561 291 
11650 3548 808 
11700 3548 1282 
11750 3564 1724 
11800 3534 2061 
11850 3549 2408 
11900 3561 2708 
11950 3553 2973 
12000 3562 3169 
12050 3329 2271 
12100 3427 1422 
12150 3476 816 
12200 3487 458 
12250 3536 228 
12300 3556 108 
12350 3554 33 
12400 3563 12 
12450 3550 3 
12500 3545 2 
12550 3541 71 
12600 3540 772 
12650 3522 1220 
12700 3527 1670 
12750 3529 2019 
12800 3525 2391 
12850 3527 2768 
12900 3526 3071 
12950 3532 3252 
13000 3561 3394 
13050 3359 2363 
13100 3415 1465 
13150 3482 938 
13200 3511 536 
13250 3533 327 
13300 3540 194 
13350 3559 91 
13400 3546 25 
13450 3554 5 
13500 3559 2 
13550 3555 223 
13600 3536 1163 
13650 3533 1856 
13700 3535 2325 
13750 3543 2651 
13800 3529 2889 
13850 3533 3118 
13900 3555 3298 
13950 3536 3411 
14000 3537 3498 
14050 3335 2376 
14100 3423 1361 
14150 3460 814 
14200 3472 526 
14250 3524 356 
14300 3523 220 
14350 3550 113 
14400 3550 53 
14450 3545 21 
14500 3545 9 
14550 3547 307 
14600 3548 967 
14650 3545 1579 
14700 3551 2130 
14750 3550 2601 
14800 3560 2965 
14850 3544 3204 
14900 3547 3384 
14950 3544 3467 
15000 3560 3523 
15050 3309 2440 
15100 3387 1469 
15150 3425 913 
15200 3473 578 
15250 3530 374 
15300 3544 179 
15350 3537 83 
15400 3551 38 
15450 3549 18 
15500 3539 8 
15550 3535 322 
15600 3530 929 
15650 3532 1437 
15700 3535 1871 
15750 3537 2228 
15800 3546 2532 
15850 3530 2779 
15900 3552 3013 
15950 3550 3166 
16000 3552 3285 
16050 3322 2398 
16100 3381 1463 
16150 3453 905 
16200 3485 517 
16250 3539 321 
16300 3543 201 
16350 3554 95 
16400 3541 36 
16450 3557 7 
16500 3556 10 
16550 3542 491 
16600 3552 1162 
16650 3547 1680 
16700 3534 2039 
16750 3544 2349 
16800 3542 2609 
16850 3556 2841 
16900 3549 3020 
16950 3539 3198 
17000 3543 3358 
17050 3324 2430 
17100 3393 1507 
17150 3459 986 
17200 3470 583 
17250 3524 367 
17300 3530 214 
17350 3556 100 
17400 3529 39 
17450 3558 13 
17500 3561 4 
17550 3551 410 
17600 3552 887 
17650 3550 1348 
17700 3549 1821 
17750 3536 2244 
17800 3545 2575 
17850 3542 2815 
17900 3552 3018 
17950 3549 3157 
18000 3559 3261 
18050 3327 2321 
18100 3427 1395 
18150 3475 790 
18200 3520 422 
18250 3538 195 
18300 3550 105 
18350 3551 48 
18400 3543 14 
18450 3548 3 
18500 3544 3 
18550 3542 332 
18600 3549 956 
18650 3554 1442 
18700 3563 1904 
18750 3551 2294 
18800 3546 2602 
18850 3547 2823 
18900 3551 3061 
18950 3554 3196 
19000 3562 3307 
19050 3366 2376 
19100 3459 1395 
19150 3494 774 
19200 3511 391 
19250 3553 166 
19300 3543 57 
19350 3547 20 
19400 3557 5 
19450 3551 3 
19500 3544 7 
19550 3548 261 
19600 3560 978 
19650 3557 1505 
19700 3545 1925 
19750 3543 2284 
19800 3551 2612 
19850 3543 2848 
19900 3557 3055 
19950 3532 3153 
20000 3554 3306 
20050 3325 2308 
20100 3409 1400 
20150 3478 816 
20200 3492 377 
20250 3520 128 
20300 3535 55 
20350 3554 12 
20400 3562 5 
20450 3546 2 
20500 3537 3 
20550 3560 353 
20600 3545 921 
20650 3551 1356 
20700 3534 1694 
20750 3547 2081 
20800 3530 2404 
20850 3544 2746 
20900 3529 2951 
20950 3532 3114 
21000 3547 3253 
21050 3323 2378 
21100 3426 1463 
21150 3474 933 
21200 3490 556 
21250 3527 340 
21300 3541 216 
21350 3547 125 
21400 3551 53 
21450 3531 22 
21500 3557 4 
21550 3556 1 
21600 3544 194 
21650 3546 781 
21700 3545 1236 
21750 3542 1707 
21800 3544 2073 
21850 3519 2398 
21900 3544 2756 
21950 3538 2988 
22000 3528 3124 
22050 3340 2327 
22100 3426 1452 
22150 3485 811 
22200 3530 388 
22250 3543 190 
22300 3547 81 
22350 3552 38 
22400 3550 10 
22450 3544 3 
22500 3548 7 
22550 3556 489 
22600 3542 1157 
22650 3551 1626 
22700 3544 1999 
22750 3557 2314 
22800 3544 2587 
22850 3551 2827 
22900 3556 3033 
22950 3554 3228 
23000 3559 3392 
23050 3319 2327 
23100 3405 1384 
23150 3469 819 
23200 3515 432 
23250 3536 194 
23300 3535 94 
23350 3542 40 
23400 3535 15 
23450 3565 7 
23500 3546 4 
23550 3557 347 
23600 3551 931 
23650 3558 1386 
23700 3569 1771 
23750 3537 2100 
23800 3560 2461 
23850 3553 2767 
23900 3546 2972 
23950 3560 3130 
24000 3558 3218 
24050 3293 2383 
24100 3363 1588 
24150 3451 1027 
24200 3465 635 
24250 3521 389 
24300 3546 251 
24350 3544 119 
24400 3544 41 
24450 3549 10 
24500 3548 3 
24550 3534 368 
24600 3540 927 
24650 3546 1384 
24700 3539 1812 
24750 3536 2177 
24800 3549 2498 
24850 3545 2756 
24900 3547 2963 
24950 3533 3125 
25000 3539 3269 
25050 3316 2377 
25100 3377 1534 
25150 3455 967 
25200 3477 587 
25250 3528 345 
25300 3511 171 
25350 3518 62 
25400 3541 22 
25450 3548 11 
25500 3541 8 
25550 3529 474 
25600 3533 1184 
25650 3536 1712 
25700 3540 2183 
25750 3549 2586 
25800 3553 2898 
25850 3549 3153 
25900 3544 3338 
25950 3551 3458 
26000 3550 3508 
26050 3303 2352 
26100 3401 1352 
26150 3468 787 
26200 3492 430 
26250 3506 261 
26300 3510 121 
26350 3540 43 
26400 3538 18 
26450 3529 5 
26500 3543 0 
26550 3547 429 
26600 3542 1033 
26650 3526 1493 
26700 3530 1859 
26750 3531 2220 
26800 3531 2493 
26850 3540 2781 
26900 3526 2987 
26950 3545 3160 
27000 3549 3312 
27050 3357 2313 
27100 3426 1328 
27150 3493 722 
27200 3523 354 
27250 3535 186 
27300 3542 101 
27350 3556 41 
27400 3541 12 
27450 3543 3 
27500 3542 1 
27550 3539 1 
27600 3543 333 
27650 3549 892 
27700 3541 1354 
27750 3545 1764 
27800 3538 2131 
27850 3531 2504 
27900 3540 2800 
27950 3529 3015 
28000 3537 3196 
28050 3353 2375 
28100 3441 1460 
28150 3500 828 
28200 3505 449 
28250 3527 228 
28300 3560 123 
28350 3551 63 
28400 3545 21 
28450 3549 8 
28500 3550 2 
28550 3539 179 
28600 3550 806 
28650 3545 1238 
28700 3556 1669 
28750 3542 2019 
28800 3539 2345 
28850 3531 2601 
28900 3538 2842 
28950 3547 3059 
29000 3562 3209 
29050 3362 2294 
29100 3449 1343 
29150 3492 761 
29200 3519 421 
29250 3546 211 
29300 3552 93 
29350 3554 20 
29400 3554 5 
29450 3543 3 
29500 3548 3 
29550 3538 363 
29600 3528 929 
29650 3547 1391 
29700 3545 1870 
29750 3541 2271 
29800 3548 2582 
29850 3549 2893 
29900 3534 3110 
29950 3546 3272 
30000 3551 3382 
30050 3316 2415 
30100 3413 1494 
30150 3481 863 
30200 3514 405 
30250 3547 184 
30300 3555 49 
30350 3542 13 
30400 3539 4 
30450 3544 2 
30500 3548 3 
30550 3561 64 
30600 3559 669 
30650 3556 1144 
30700 3545 1539 
30750 3540 1885 
30800 3537 2238 
30850 3544 2527 
30900 3553 2789 
30950 3552 3009 
31000 3548 3138 
31050 3318 2393 
31100 3415 1523 
31150 3485 967 
31200 3506 547 
31250 3539 306 
31300 3543 166 
31350 3554 64 
31400 3553 21 
31450 3547 5 
31500 3548 4 
31550 3563 425 
31600 3568 973 
31650 3565 1478 
31700 3550 1878 
31750 3542 2209 
31800 3551 2534 
31850 3560 2833 
31900 3570 3052 
31950 3550 3181 
32000 3558 3303 
32050 3351 2270 
32100 3444 1230 
32150 3505 651 
32200 3530 298 
32250 3524 114 
32300 3534 42 
32350 3532 15 
32400 3555 7 
32450 3557 2 
32500 3543 1 
32550 3546 110 
32600 3554 706 
32650 3542 1133 
32700 3539 1550 
32750 3543 1913 
32800 3544 2260 
32850 3547 2570 
32900 3545 2830 
32950 3549 3043 
33000 3552 3207 
33050 3292 2386 
33100 3385 1518 
33150 3470 934 
33200 3480 477 
33250 3522 235 
33300 3537 129 
33350 3554 49 
33400 3552 14 
33450 3554 5 
33500 3547 3 
33550 3537 0 
33600 3546 1 
33650 3526 433 
33700 3504 876 
33750 3503 1263 
33800 3490 1626 
33850 3525 1983 
33900 3535 2280 
33950 3538 2522 
34000 3530 2704 
34050 3381 2292 
34100 3429 1442 
34150 3462 906 
34200 3493 566 
34250 3503 325 
34300 3521 210 
34350 3525 125 
34400 3546 68 
34450 3543 28 
34500 3547 17 
34550 3525 163 
34600 3509 926 
34650 3507 1550 
34700 3506 2076 
34750 3517 2494 
34800 3530 2839 
34850 3545 3113 
34900 3553 3297 
34950 3548 3415 
35000 3551 3500 
35050 3273 2437 
35100 3344 1587 
35150 3371 1024 
35200 3477 725 
35250 3484 539 
35300 3512 315 
35350 3520 180 
35400 3529 81 
35450 3528 35 
35500 3540 8 
35550 3539 216 
35600 3541 774 
35650 3539 1244 
35700 3542 1713 
35750 3546 2063 
35800 3540 2338 
35850 3535 2655 
35900 3539 2902 
35950 3550 3085 
36000 3557 3233 
36050 3319 2428 
36100 3387 1690 
36150 3426 1205 
36200 3452 877 
36250 3519 730 
36300 3522 557 
36350 3519 389 
36400 3510 257 
36450 3535 171 
36500 3530 105 
36550 3544 64 
36600 3551 517 
36650 3548 1027 
36700 3550 1466 
36750 3534 1828 
36800 3543 2184 
36850 3546 2499 
36900 3549 2759 
36950 3549 3009 
37000 3548 3208 
37050 3294 2396 
37100 3371 1557 
37150 3448 944 
37200 3478 544 
37250 3524 310 
37300 3544 179 
37350 3538 61 
37400 3557 24 
37450 3549 4 
37500 3556 1 
37550 3556 5 
37600 3473 73 
37650 3355 205 
37700 3188 378 
37750 3139 627 
37800 3381 993 
37850 3486 1368 
37900 3500 1765 
37950 3488 2108 
38000 3495 2443 
38050 3373 1936 
38100 3412 1381 
38150 3440 936 
38200 3483 609 
38250 3476 401 
38300 3502 265 
38350 3513 179 
38400 3509 94 
38450 3535 37 
38500 3525 15 
38550 3548 384 
38600 3544 991 
38650 3534 1499 
38700 3538 1862 
38750 3538 2196 
38800 3542 2477 
38850 3549 2736 
38900 3539 2960 
38950 3547 3148 
39000 3547 3266 
39050 3292 2449 
39100 3389 1611 
39150 3446 1082 
39200 3514 646 
39250 3529 374 
39300 3548 221 
39350 3546 94 
39400 3521 42 
39450 3535 13 
39500 3542 5 
39550 3520 1 
39600 3534 0 
39650 3554 0 
39700 3545 3 
39750 3497 47 
39800 3395 450 
39850 3327 991 
39900 3348 1457 
39950 3359 1862 
40000 3377 2195 
40050 3287 1668 
40100 3387 1096 
40150 3482 636 
40200 3537 335 
40250 3530 153 
40300 3529 62 
40350 3544 21 
40400 3550 8 
40450 3534 6 
40500 3544 1 
40550 3541 459 
40600 3542 972 
40650 3537 1434 
40700 3552 1784 
40750 3549 2105 
40800 3539 2459 
40850 3539 2698 
40900 3537 2870 
40950 3520 3003 
41000 3548 3164 
41050 3346 2260 
41100 3441 1326 
41150 3502 784 
41200 3526 440 
41250 3537 241 
41300 3535 145 
41350 3541 82 
41400 3544 27 
41450 3561 16 
41500 3555 6 
41550 3536 345 
41600 3542 1102 
41650 3536 1676 
41700 3542 2088 
41750 3525 2409 
41800 3532 2691 
41850 3544 2912 
41900 3526 3150 
41950 3533 3342 
42000 3551 3483 
42050 3291 2338 
42100 3417 1379 
42150 3463 851 
42200 3473 510 
42250 3482 351 
42300 3514 212 
42350 3544 122 
42400 3534 65 
42450 3537 22 
42500 3529 19 
42550 3521 412 
42600 3537 967 
42650 3528 1478 
42700 3547 1949 
42750 3537 2333 
42800 3529 2624 
42850 3536 2851 
42900 3526 3033 
42950 3549 3168 
43000 3527 3242 
43050 3292 2298 
43100 3418 1329 
43150 3460 716 
43200 3490 367 
43250 3520 179 
43300 3515 100 
43350 3534 51 
43400 3560 20 
43450 3538 20 
43500 3534 7 
43550 3533 556 
43600 3525 1150 
43650 3543 1609 
43700 3549 2036 
43750 3544 2344 
43800 3527 2598 
43850 3540 2836 
43900 3543 3044 
43950 3526 3201 
44000 3546 3353 
44050 3359 2319 
44100 3455 1296 
44150 3509 629 
44200 3535 258 
44250 3545 111 
44300 3543 38 
44350 3544 27 
44400 3542 4 
44450 3557 11 
44500 3551 3 
44550 3542 578 
44600 3544 1312 
44650 3536 1857 
44700 3539 2228 
44750 3544 2514 
44800 3542 2812 
44850 3541 3031 
44900 3531 3193 
44950 3520 3301 
45000 3531 3387 
45050 3364 2215 
45100 3466 1122 
45150 3502 549 
45200 3515 235 
45250 3540 82 
45300 3553 34 
45350 3557 19 
45400 3527 18 
45450 3538 13 
45500 3516 7 
45550 3530 422 
45600 3542 1126 
45650 3542 1661 
45700 3547 2074 
45750 3533 2381 
45800 3525 2635 
45850 3557 2890 
45900 3544 3085 
45950 3544 3244 
46000 3548 3409 
46050 3308 2323 
46100 3402 1436 
46150 3453 871 
46200 3480 528 
46250 3526 314 
46300 3514 186 
46350 3555 96 
46400 3533 46 
46450 3549 22 
46500 3545 12 
46550 3550 310 
46600 3552 953 
46650 3555 1369 
46700 3548 1791 
46750 3542 2114 
46800 3543 2442 
46850 3541 2715 
46900 3534 2927 
46950 3539 3089 
47000 3547 3244 
47050 3323 2415 
47100 3400 1640 
47150 3457 1108 
47200 3506 618 
47250 3505 296 
47300 3547 145 
47350 3551 46 
47400 3546 14 
47450 3539 3 
47500 3548 10 
47550 3549 355 
47600 3551 1110 
47650 3551 1627 
47700 3541 2024 
47750 3546 2352 
47800 3542 2631 
47850 3539 2894 
47900 3546 3110 
47950 3535 3285 
48000 3544 3420 
48050 3344 2207 
48100 3482 1136 
48150 3528 517 
48200 3525 197 
48250 3545 60 
48300 3546 17 
48350 3530 19 
48400 3527 8 
48450 3524 11 
48500 3550 11 
48550 3522 517 
48600 3537 1276 
48650 3512 1857 
48700 3530 2293 
48750 3529 2683 
48800 3550 2981 
48850 3515 3136 
48900 3515 3281 
48950 3534 3389 
49000 3527 3434 
49050 3323 2289 
49100 3405 1255 
49150 3452 726 
49200 3479 429 
49250 3523 220 
49300 3528 107 
49350 3531 36 
49400 3541 26 
49450 3538 16 
49500 3534 13 
49550 3539 464 
49600 3522 1149 
49650 3532 1680 
49700 3537 2120 
49750 3552 2481 
49800 3547 2756 
49850 3551 2997 
49900 3541 3182 
49950 3545 3296 
50000 3537 3370 
50050 3331 2215 
50100 3444 1162 
50150 3486 556 
50200 3504 295 
50250 3547 173 
50300 3531 98 
50350 3530 77 
50400 3545 32 
50450 3536 12 
50500 3541 13 
50550 3559 417 
50600 3550 873 
50650 3547 1383 
50700 3535 1921 
50750 3537 2350 
50800 3544 2728 
50850 3531 3035 
50900 3530 3247 
50950 3526 3363 
51000 3527 3433 
51050 3336 2234 
51100 3427 1134 
51150 3497 569 
51200 3518 235 
51250 3544 92 
51300 3543 31 
51350 3543 22 
51400 3535 14 
51450 3544 10 
51500 3537 20 
51550 3531 681 
51600 3540 1366 
51650 3525 1878 
51700 3534 2343 
51750 3521 2747 
51800 3523 3047 
51850 3541 3258 
51900 3522 3345 
51950 3542 3440 
52000 3546 3501 
52050 3357 2316 
52100 3448 1248 
52150 3487 610 
52200 3516 291 
52250 3529 123 
52300 3538 79 
52350 3527 31 
52400 3546 21 
52450 3552 14 
52500 3523 12 
52550 3550 447 
52600 3552 967 
52650 3557 1409 
52700 3535 1830 
52750 3541 2257 
52800 3530 2652 
52850 3526 2941 
52900 3525 3151 
52950 3543 3328 
53000 3539 3423 
53050 3339 2316 
53100 3435 1290 
53150 3477 727 
53200 3526 371 
53250 3540 167 
53300 3550 70 
53350 3549 31 
53400 3546 14 
53450 3530 20 
53500 3538 15 
53550 3560 458 
53600 3552 1085 
53650 3554 1582 
53700 3545 2012 
53750 3554 2392 
53800 3535 2729 
53850 3547 3009 
53900 3525 3221 
53950 3544 3397 
54000 3544 3481 
54050 3270 2468 
54100 3385 1537 
54150 3425 1005 
54200 3466 692 
54250 3512 526 
54300 3512 349 
54350 3500 199 
54400 3525 90 
54450 3508 49 
54500 3522 24 
54550 3536 152 
54600 3537 821 
54650 3540 1367 
54700 3538 1896 
54750 3539 2367 
54800 3524 2712 
54850 3549 2994 
54900 3545 3190 
54950 3545 3324 
55000 3542 3431 
55050 3365 2413 
55100 3442 1390 
55150 3485 825 
55200 3504 432 
55250 3517 201 
55300 3516 97 
55350 3531 25 
55400 3518 6 
55450 3542 5 
55500 3534 8 
55550 3528 361 
55600 3521 972 
55650 3537 1495 
55700 3527 1947 
55750 3535 2258 
55800 3516 2499 
55850 3522 2741 
55900 3546 3001 
55950 3549 3168 
56000 3538 3305 
56050 3306 2277 
56100 3428 1282 
56150 3469 701 
56200 3487 360 
56250 3501 167 
56300 3536 52 
56350 3526 20 
56400 3540 9 
56450 3534 7 
56500 3527 10 
56550 3533 418 
56600 3536 1062 
56650 3542 1631 
56700 3543 2141 
56750 3535 2501 
56800 3545 2784 
56850 3530 2977 
56900 3534 3216 
56950 3527 3344 
57000 3532 3425 
57050 3355 2235 
57100 3426 1206 
57150 3491 638 
57200 3527 307 
57250 3516 126 
57300 3520 55 
57350 3536 17 
57400 3538 16 
57450 3533 13 
57500 3531 11 
57550 3537 372 
57600 3546 1010 
57650 3538 1483 
57700 3531 1858 
57750 3529 2210 
57800 3549 2489 
57850 3557 2760 
57900 3538 2976 
57950 3527 3141 
58000 3552 3321 
58050 3317 2327 
58100 3429 1361 
58150 3496 722 
58200 3510 316 
58250 3530 114 
58300 3538 42 
58350 3545 7 
58400 3535 4 
58450 3534 7 
58500 3543 6 
58550 3539 541 
58600 3525 1430 
58650 3535 2060 
58700 3539 2596 
58750 3533 3042 
58800 3542 3305 
58850 3517 3409 
58900 3548 3492 
58950 3541 3477 
59000 3544 3504 
59050 3308 2281 
59100 3424 1184 
59150 3476 639 
59200 3505 270 
59250 3540 87 
59300 3524 32 
59350 3545 14 
59400 3546 6 
59450 3545 6 
59500 3539 1 
59550 3534 20 
59600 3548 564 
59650 3537 996 
59700 3534 1444 
59750 3543 1804 
59800 3536 2128 
59850 3534 2417 
59900 3525 2668 
59950 3532 2884 
60000 3538 3037 
60050 3338 2268 
60100 3409 1444 
60150 3439 903 
60200 3460 528 
60250 3478 271 
60300 3505 141 
60350 3508 57 
60400 3544 35 
60450 3535 15 
60500 3537 7 
60550 3553 347 
60600 3545 917 
60650 3539 1351 
60700 3548 1775 
60750 3534 2111 
60800 3527 2446 
60850 3521 2757 
60900 3528 2981 
60950 3545 3153 
61000 3545 3280 
61050 3339 2172 
61100 3453 1159 
61150 3510 560 
61200 3517 265 
61250 3516 120 
61300 3536 53 
61350 3536 25 
61400 3546 24 
61450 3541 12 
61500 3548 9 
61550 3550 413 
61600 3548 983 
61650 3548 1451 
61700 3547 1854 
61750 3544 2231 
61800 3553 2562 
61850 3556 2871 
61900 3545 3078 
61950 3531 3231 
62000 3535 3344 
62050 3322 2152 
62100 3446 1129 
62150 3489 514 
62200 3512 211 
62250 3535 70 
62300 3528 31 
62350 3537 19 
62400 3549 8 
62450 3546 11 
62500 3537 4 
62550 3528 406 
62600 3540 985 
62650 3536 1517 
62700 3533 1980 
62750 3523 2315 
62800 3549 2622 
62850 3551 2880 
62900 3532 3080 
62950 3540 3250 
63000 3540 3326 
63050 3346 2163 
63100 3442 1176 
63150 3473 566 
63200 3495 298 
63250 3493 158 
63300 3530 66 
63350 3534 43 
63400 3532 22 
63450 3543 19 
63500 3536 7 
63550 3542 629 
63600 3537 1238 
63650 3535 1719 
63700 3523 2054 
63750 3548 2401 
63800 3530 2627 
63850 3545 2893 
63900 3539 3090 
63950 3545 3271 
64000 3538 3379 
64050 3395 2142 
64100 3484 1065 
64150 3529 430 
64200 3521 120 
64250 3547 34 
64300 3548 19 
64350 3550 18 
64400 3548 9 
64450 3538 8 
64500 3531 11 
64550 3539 507 
64600 3544 1143 
64650 3551 1651 
64700 3536 2100 
64750 3553 2482 
64800 3546 2758 
64850 3554 3026 
64900 3563 3277 
64950 3549 3391 
65000 3533 3468 
65050 3341 2242 
65100 3436 1240 
65150 3497 625 
65200 3512 287 
65250 3514 123 
65300 3512 47 
65350 3533 14 
65400 3532 11 
65450 3535 10 
65500 3540 7 
65550 3534 550 
65600 3547 1286 
65650 3546 1795 
65700 3536 2188 
65750 3539 2479 
65800 3539 2741 
65850 3554 2989 
65900 3540 3153 
65950 3549 3329 
66000 3534 3439 
66050 3289 2290 
66100 3425 1253 
66150 3472 708 
66200 3521 366 
66250 3530 171 
66300 3527 75 
66350 3543 36 
66400 3520 18 
66450 3544 9 
66500 3545 9 
66550 3547 379 
66600 3547 904 
66650 3555 1370 
66700 3550 1797 
66750 3528 2184 
66800 3527 2536 
66850 3545 2897 
66900 3543 3142 
66950 3531 3296 
67000 3536 3405 
67050 3308 2414 
67100 3386 1433 
67150 3472 855 
67200 3493 468 
67250 3535 302 
67300 3530 133 
67350 3541 51 
67400 3525 27 
67450 3531 13 
67500 3548 15 
67550 3543 622 
67600 3531 1278 
67650 3537 1763 
67700 3537 2151 
67750 3540 2511 
67800 3542 2807 
67850 3548 3007 
67900 3555 3174 
67950 3539 3296 
68000 3545 3379 
68050 3293 2478 
68100 3391 1596 
68150 3427 1057 
68200 3471 713 
68250 3523 510 
68300 3533 309 
68350 3529 181 
68400 3541 89 
68450 3537 41 
68500 3536 14 
68550 3537 408 
68600 3536 944 
68650 3529 1405 
68700 3525 1799 
68750 3531 2142 
68800 3523 2454 
68850 3526 2728 
68900 3539 2968 
68950 3532 3149 
69000 3523 3284 
69050 3282 2523 
69100 3350 1819 
69150 3400 1353 
69200 3486 1044 
69250 3513 780 
69300 3513 559 
69350 3529 409 
69400 3529 284 
69450 3516 180 
69500 3514 97 
69550 3516 63 
69600 3492 546 
69650 3486 1098 
69700 3516 1563 
69750 3517 1942 
69800 3528 2298 
69850 3550 2630 
69900 3553 2889 
69950 3539 3042 
70000 3531 3173 
70050 3318 2305 
70100 3423 1421 
70150 3471 859 
70200 3494 514 
70250 3522 307 
70300 3537 212 
70350 3535 147 
70400 3525 91 
70450 3535 54 
70500 3536 30 
70550 3549 409 
70600 3563 1123 
70650 3549 1620 
70700 3550 2013 
70750 3551 2296 
70800 3546 2529 
70850 3537 2725 
70900 3539 2936 
70950 3537 3094 
71000 3539 3244 
71050 3324 2384 
71100 3421 1527 
71150 3457 911 
71200 3489 556 
71250 3511 361 
71300 3536 256 
71350 3558 155 
71400 3539 74 
71450 3543 38 
71500 3520 13 
71550 3538 350 
71600 3542 886 
71650 3547 1287 
71700 3540 1695 
71750 3538 2071 
71800 3528 2440 
71850 3551 2739 
71900 3533 2944 
71950 3538 3148 
72000 3549 3286 
72050 3300 2428 
72100 3401 1547 
72150 3446 987 
72200 3476 610 
72250 3516 383 
72300 3523 236 
72350 3532 133 
72400 3539 53 
72450 3559 20 
72500 3549 7 
72550 3544 378 
72600 3536 1146 
72650 3531 1720 
72700 3549 2176 
72750 3545 2557 
72800 3531 2884 
72850 3546 3162 
72900 3525 3323 
72950 3530 3417 
73000 3538 3465 
73050 3321 2306 
73100 3415 1331 
73150 3484 765 
73200 3496 420 
73250 3521 204 
73300 3538 98 
73350 3529 35 
73400 3545 15 
73450 3532 3 
73500 3543 6 
73550 3544 437 
73600 3534 1270 
73650 3552 1812 
73700 3539 2200 
73750 3541 2512 
73800 3538 2794 
73850 3545 2998 
73900 3545 3142 
73950 3545 3280 
74000 3553 3386 
74050 3316 2412 
74100 3374 1548 
74150 3413 1107 
74200 3427 811 
74250 3491 614 
74300 3514 446 
74350 3526 278 
74400 3520 168 
74450 3522 101 
74500 3527 44 
74550 3543 415 
74600 3533 945 
74650 3537 1446 
74700 3532 1901 
74750 3535 2245 
74800 3540 2561 
74850 3523 2792 
74900 3546 3008 
74950 3542 3190 
75000 3554 3314 
75050 3313 2370 
75100 3389 1504 
75150 3438 978 
75200 3440 630 
75250 3494 431 
75300 3505 261 
75350 3526 136 
75400 3518 58 
75450 3532 26 
75500 3541 7 
75550 3540 376 
75600 3527 999 
75650 3531 1475 
75700 3544 1936 
75750 3542 2272 
75800 3558 2588 
75850 3544 2793 
75900 3540 2982 
75950 3538 3111 
76000 3543 3237 
76050 3327 2237 
76100 3420 1244 
76150 3478 660 
76200 3496 351 
76250 3524 190 
76300 3537 124 
76350 3535 53 
76400 3535 20 
76450 3533 7 
76500 3536 8 
76550 3543 350 
76600 3537 934 
76650 3552 1385 
76700 3548 1775 
76750 3534 2111 
76800 3532 2448 
76850 3526 2772 
76900 3534 3036 
76950 3537 3229 
77000 3556 3350 
77050 3341 2319 
77100 3427 1255 
77150 3484 679 
77200 3484 305 
77250 3527 132 
77300 3534 56 
77350 3532 28 
77400 3544 12 
77450 3525 6 
77500 3552 4 
77550 3540 480 
77600 3544 1094 
77650 3538 1545 
77700 3546 1914 
77750 3529 2272 
77800 3546 2596 
77850 3546 2820 
77900 3539 3050 
77950 3527 3228 
78000 3543 3365 
78050 3300 2189 
78100 3401 1235 
78150 3460 708 
78200 3481 372 
78250 3531 161 
78300 3556 85 
78350 3549 34 
78400 3552 17 
78450 3548 9 
78500 3554 6 
78550 3542 417 
78600 3542 929 
78650 3545 1389 
78700 3556 1767 
78750 3548 2180 
78800 3556 2454 
78850 3551 2695 
78900 3544 2872 
78950 3552 3053 
79000 3536 3205 
79050 3343 2264 
79100 3420 1315 
79150 3484 718 
79200 3517 326 
79250 3538 97 
79300 3530 46 
79350 3538 18 
79400 3554 7 
79450 3546 4 
79500 3554 3 
79550 3536 1 
79600 3514 124 
79650 3475 893 
79700 3477 1530 
79750 3452 2040 
79800 3451 2488 
79850 3476 2782 
79900 3469 2981 
79950 3483 3127 
80000 3505 3266 
80050 3293 2408 
80100 3377 1578 
80150 3452 1009 
80200 3470 655 
80250 3498 460 
80300 3534 300 
80350 3532 167 
80400 3537 81 
80450 3544 32 
80500 3559 3 
80550 3548 130 
80600 3535 745 
80650 3535 1293 
80700 3535 1772 
80750 3524 2144 
80800 3534 2532 
80850 3546 2838 
80900 3558 3076 
80950 3541 3236 
81000 3524 3319 
81050 3350 2171 
81100 3420 1137 
81150 3460 620 
81200 3487 299 
81250 3510 146 
81300 3551 61 
81350 3532 23 
81400 3533 12 
81450 3531 6 
81500 3544 5 
81550 3549 387 
81600 3545 1135 
81650 3539 1692 
81700 3529 2090 
81750 3545 2425 
81800 3547 2703 
81850 3537 2968 
81900 3529 3165 
81950 3536 3352 
82000 3550 3449 
82050 3348 2177 
82100 3434 1057 
82150 3486 590 
82200 3496 286 
82250 3520 126 
82300 3533 46 
82350 3540 19 
82400 3530 13 
82450 3552 12 
82500 3545 8 
82550 3531 712 
82600 3532 1379 
82650 3533 1828 
82700 3539 2204 
82750 3545 2564 
82800 3536 2825 
82850 3539 3085 
82900 3532 3257 
82950 3555 3394 
83000 3538 3459 
83050 3324 2288 
83100 3403 1239 
83150 3492 666 
83200 3515 333 
83250 3517 157 
83300 3535 84 
83350 3552 42 
83400 3557 16 
83450 3545 9 
83500 3532 2 
83550 3530 442 
83600 3545 1086 
83650 3542 1623 
83700 3529 2078 
83750 3536 2481 
83800 3531 2768 
83850 3542 3018 
83900 3533 3146 
83950 3555 3288 
84000 3546 3375 
84050 3323 2393 
84100 3386 1359 
84150 3432 806 
84200 3489 452 
84250 3517 238 
84300 3532 143 
84350 3528 88 
84400 3545 46 
84450 3536 16 
84500 3528 8 
84550 3538 500 
84600 3536 1157 
84650 3524 1710 
84700 3526 2160 
84750 3536 2520 
84800 3542 2845 
84850 3532 3093 
84900 3515 3280 
84950 3543 3399 
85000 3519 3442 
85050 3302 2330 
85100 3388 1433 
85150 3432 889 
85200 3463 596 
85250 3509 439 
85300 3522 265 
85350 3534 146 
85400 3526 74 
85450 3521 20 
85500 3533 6 
85550 3539 312 
85600 3529 969 
85650 3530 1422 
85700 3543 1880 
85750 3533 2220 
85800 3540 2554 
85850 3534 2829 
85900 3551 3058 
85950 3533 3240 
86000 3541 3372 
86050 3337 2357 
86100 3433 1294 
86150 3478 671 
86200 3490 338 
86250 3513 171 
86300 3532 87 
86350 3542 39 
86400 3524 18 
86450 3553 9 
86500 3534 9 
86550 3538 438 
86600 3540 1035 
86650 3535 1562 
86700 3538 1961 
86750 3538 2298 
86800 3534 2605 
86850 3546 2872 
86900 3538 3079 
86950 3552 3237 
87000 3541 3333 
87050 3297 2299 
87100 3392 1288 
87150 3437 785 
87200 3471 501 
87250 3515 335 
87300 3533 220 
87350 3527 109 
87400 3538 48 
87450 3536 21 
87500 3552 9 
87550 3542 397 
87600 3547 947 
87650 3552 1425 
87700 3543 1824 
87750 3543 2166 
87800 3540 2482 
87850 3524 2751 
87900 3539 3007 
87950 3542 3166 
88000 3532 3263 
88050 3271 2414 
88100 3322 1642 
88150 3375 1152 
88200 3406 834 
88250 3474 667 
88300 3507 478 
88350 3486 318 
88400 3495 217 
88450 3517 143 
88500 3503 96 
88550 3497 61 
88600 3409 151 
88650 3174 562 
88700 3119 1196 
88750 3168 1644 
88800 3198 2001 
88850 3258 2273 
88900 3296 2556 
88950 3343 2763 
89000 3386 2956 
89050 3268 2145 
89100 3422 1327 
89150 3484 703 
89200 3528 311 
89250 3537 105 
89300 3528 28 
89350 3543 14 
89400 3537 6 
89450 3538 3 
89500 3532 4 
89550 3528 259 
89600 3535 811 
89650 3519 1271 
89700 3522 1651 
89750 3534 2036 
89800 3529 2338 
89850 3533 2620 
89900 3532 2825 
89950 3524 3036 
90000 3528 3179 
90050 3301 2351 
90100 3368 1515 
90150 3424 953 
90200 3447 569 
90250 3505 362 
90300 3526 203 
90350 3539 91 
90400 3531 25 
90450 3536 7 
90500 3541 3 
90550 3542 364 
90600 3531 952 
90650 3525 1406 
90700 3525 1799 
90750 3513 2146 
90800 3530 2480 
90850 3517 2710 
90900 3534 2920 
90950 3521 3053 
91000 3536 3205 
91050 3352 2316 
91100 3444 1359 
91150 3493 751 
91200 3509 381 
91250 3525 211 
91300 3532 110 
91350 3537 54 
91400 3552 28 
91450 3529 6 
91500 3535 4 
91550 3515 201 
91600 3504 806 
91650 3515 1231 
91700 3500 1668 
91750 3498 2039 
91800 3485 2355 
91850 3494 2664 
91900 3501 2926 
91950 3469 3088 
92000 3483 3245 
92050 3353 2149 
92100 3450 1220 
92150 3484 608 
92200 3518 324 
92250 3519 174 
92300 3510 100 
92350 3535 62 
92400 3537 34 
92450 3538 13 
92500 3541 8 
92550 3534 286 
92600 3531 874 
92650 3516 1288 
92700 3509 1669 
92750 3518 2078 
92800 3538 2443 
92850 3552 2723 
92900 3531 2891 
92950 3534 3069 
93000 3534 3169 
93050 3360 2202 
93100 3442 1227 
93150 3471 657 
93200 3496 368 
93250 3517 177 
93300 3521 83 
93350 3544 33 
93400 3543 7 
93450 3551 4 
93500 3535 9 
93550 3535 6 
93600 3532 3 
93650 3532 172 
93700 3541 844 
93750 3543 1405 
93800 3552 1798 
93850 3541 2128 
93900 3542 2465 
93950 3543 2727 
94000 3542 2911 
94050 3351 2134 
94100 3424 1199 
94150 3476 664 
94200 3514 363 
94250 3503 186 
94300 3523 82 
94350 3527 45 
94400 3519 30 
94450 3536 13 
94500 3519 6 
94550 3543 214 
94600 3544 760 
94650 3536 1198 
94700 3532 1571 
94750 3531 1961 
94800 3530 2299 
94850 3533 2598 
94900 3528 2869 
94950 3533 3064 
95000 3540 3190 
95050 3365 2176 
95100 3467 1226 
95150 3516 634 
95200 3540 295 
95250 3540 135 
95300 3530 50 
95350 3545 24 
95400 3530 4 
95450 3536 6 
95500 3526 3 
95550 3534 10 
95600 3486 389 
95650 3492 937 
95700 3518 1384 
95750 3505 1755 
95800 3506 2143 
95850 3482 2455 
95900 3497 2721 
95950 3500 2927 
96000 3519 3084 
96050 3315 2292 
96100 3387 1467 
96150 3446 871 
96200 3463 441 
96250 3511 188 
96300 3534 86 
96350 3541 44 
96400 3528 19 
96450 3529 8 
96500 3548 2 
96550 3526 310 
96600 3543 934 
96650 3539 1374 
96700 3537 1761 
96750 3543 2144 
96800 3542 2489 
96850 3548 2766 
96900 3542 2966 
96950 3541 3138 
97000 3546 3299 
97050 3353 2304 
97100 3419 1377 
97150 3472 728 
97200 3494 308 
97250 3533 117 
97300 3544 42 
97350 3550 17 
97400 3545 12 
97450 3550 5 
97500 3554 7 
97550 3537 352 
97600 3540 838 
97650 3543 1295 
97700 3526 1687 
97750 3537 2036 
97800 3545 2362 
97850 3532 2626 
97900 3530 2869 
97950 3545 3065 
98000 3540 3178 
98050 3375 2189 
98100 3461 1138 
98150 3483 551 
98200 3501 276 
98250 3516 150 
98300 3536 85 
98350 3545 46 
98400 3537 20 
98450 3535 5 
98500 3531 7 
98550 3535 6 
98600 3455 87 
98650 3229 383 
98700 3158 973 
98750 3211 1422 
98800 3234 1810 
98850 3246 2177 
98900 3282 2493 
98950 3299 2741 
99000 3321 2952 
99050 3258 2218 
99100 3377 1471 
99150 3434 931 
99200 3473 595 
99250 3518 370 
99300 3532 239 
99350 3527 145 
99400 3548 70 
99450 3533 22 
99500 3550 7 
99550 3544 240 
99600 3544 825 
99650 3538 1314 
99700 3535 1740 
99750 3545 2141 
99800 3555 2522 
99850 3534 2775 
99900 3552 2996 
99950 3556 3173 
100000 3539 3242 
100050 3350 2238 
100100 3454 1225 
100150 3501 609 
100200 3511 266 
100250 3527 98 
100300 3541 33 
100350 3533 9 
100400 3536 2 
100450 3518 5 
100500 3532 4 
100550 3536 1 
100600 3517 45 
100650 3442 131 
100700 3391 247 
100750 3512 608 
100800 3530 1069 
100850 3540 1490 
100900 3534 1894 
100950 3532 2295 
101000 3518 2600 
101050 3315 2025 
101100 3395 1414 
101150 3415 1035 
101200 3453 807 
101250 3451 568 
101300 3493 407 
101350 3521 285 
101400 3529 179 
101450 3529 75 
101500 3538 25 
101550 3538 234 
101600 3533 818 
101650 3527 1279 
101700 3532 1729 
101750 3549 2095 
101800 3539 2402 
101850 3531 2683 
101900 3524 2938 
101950 3534 3132 
102000 3525 3267 
102050 3324 2424 
102100 3401 1514 
102150 3463 881 
102200 3464 477 
102250 3500 284 
102300 3514 174 
102350 3524 97 
102400 3514 50 
102450 3527 32 
102500 3539 10 
102550 3534 2 
102600 3538 0 
102650 3544 503 
102700 3538 1028 
102750 3532 1477 
102800 3535 1879 
102850 3526 2248 
102900 3536 2637 
102950 3540 2971 
103000 3539 3189 
103050 3374 2165 
103100 3474 1164 
103150 3506 585 
103200 3508 278 
103250 3532 133 
103300 3544 50 
103350 3522 20 
103400 3538 11 
103450 3532 1 
103500 3537 5 
103550 3514 323 
103600 3516 956 
103650 3517 1381 
103700 3534 1800 
103750 3533 2101 
103800 3528 2439 
103850 3520 2766 
103900 3518 2953 
103950 3507 3092 
104000 3530 3249 
104050 3310 2337 
104100 3396 1400 
104150 3459 791 
104200 3489 422 
104250 3522 203 
104300 3543 89 
104350 3520 26 
104400 3517 3 
104450 3515 0 
104500 3528 2 
104550 3511 4 
104600 3524 35 
104650 3527 420 
104700 3516 941 
104750 3498 1340 
104800 3515 1696 
104850 3519 2049 
104900 3520 2404 
104950 3533 2719 
105000 3531 2967 
105050 3334 2238 
105100 3397 1498 
105150 3426 1010 
105200 3453 737 
105250 3493 490 
105300 3498 344 
105350 3513 219 
105400 3528 110 
105450 3517 33 
105500 3523 16 
105550 3516 7 
105600 3471 70 
105650 3432 679 
105700 3415 1203 
105750 3420 1747 
105800 3423 2196 
105850 3459 2572 
105900 3491 2949 
105950 3504 3221 
106000 3513 3411 
106050 3313 2330 
106100 3392 1258 
106150 3423 672 
106200 3476 335 
106250 3483 171 
106300 3505 93 
106350 3515 28 
106400 3515 9 
106450 3527 3 
106500 3537 1 
106550 3513 0 
106600 3533 540 
106650 3523 1008 
106700 3524 1430 
106750 3520 1809 
106800 3512 2153 
106850 3539 2535 
106900 3531 2845 
106950 3525 3029 
107000 3524 3162 
107050 3287 2304 
107100 3381 1443 
107150 3403 916 
107200 3441 578 
107250 3491 304 
107300 3505 173 
107350 3515 94 
107400 3526 45 
107450 3510 16 
107500 3534 8 
107550 3540 414 
107600 3525 957 
107650 3539 1525 
107700 3520 2063 
107750 3516 2480 
107800 3520 2803 
107850 3519 3063 
107900 3514 3227 
107950 3525 3377 
108000 3523 3464 
108050 3271 2502 
108100 3351 1551 
108150 3380 949 
108200 3449 534 
108250 3469 314 
108300 3510 136 
108350 3516 46 
108400 3519 13 
108450 3529 5 
108500 3520 3 
108550 3531 391 
108600 3524 959 
108650 3536 1548 
108700 3520 1928 
108750 3530 2268 
108800 3532 2549 
108850 3525 2746 
108900 3521 2945 
108950 3528 3124 
109000 3523 3257 
109050 3284 2395 
109100 3343 1504 
109150 3429 976 
109200 3453 557 
109250 3504 314 
109300 3506 188 
109350 3529 73 
109400 3522 25 
109450 3505 3 
109500 3520 3 
109550 3533 269 
109600 3528 959 
109650 3531 1442 
109700 3517 1834 
109750 3517 2136 
109800 3533 2407 
109850 3517 2614 
109900 3518 2850 
109950 3510 3004 
110000 3531 3161 
110050 3255 2440 
110100 3297 1784 
110150 3343 1298 
110200 3417 937 
110250 3464 708 
110300 3468 464 
110350 3484 281 
110400 3523 152 
110450 3534 48 
110500 3505 13 
110550 3530 3 
110600 3520 595 
110650 3524 1091 
110700 3501 1528 
110750 3517 1955 
110800 3511 2325 
110850 3511 2631 
110900 3518 2889 
110950 3492 3093 
111000 3532 3292 
111050 3328 2301 
111100 3404 1335 
111150 3439 780 
111200 3456 410 
111250 3512 179 
111300 3511 76 
111350 3525 29 
111400 3528 11 
111450 3532 6 
111500 3517 8 
111550 3524 5 
111600 3522 662 
111650 3518 1346 
111700 3539 1835 
111750 3525 2227 
111800 3525 2609 
111850 3525 2880 
111900 3530 3130 
111950 3519 3294 
112000 3512 3409 
112050 3286 2303 
112100 3378 1335 
112150 3431 706 
112200 3485 325 
112250 3501 113 
112300 3508 61 
112350 3508 18 
112400 3513 5 
112450 3512 8 
112500 3533 4 
112550 3540 353 
112600 3530 908 
112650 3506 1456 
112700 3516 1952 
112750 3532 2376 
112800 3527 2691 
112850 3526 2878 
112900 3527 3104 
112950 3527 3263 
113000 3547 3390 
113050 3266 2385 
113100 3372 1550 
113150 3401 997 
113200 3459 586 
113250 3487 356 
113300 3506 193 
113350 3521 77 
113400 3514 26 
113450 3510 10 
113500 3521 5 
113550 3507 386 
113600 3531 1090 
113650 3536 1672 
113700 3529 2101 
113750 3548 2469 
113800 3531 2719 
113850 3541 2997 
113900 3551 3181 
113950 3520 3275 
114000 3529 3381 
114050 3313 2337 
114100 3391 1408 
114150 3458 847 
114200 3466 538 
114250 3492 332 
114300 3519 187 
114350 3530 93 
114400 3532 37 
114450 3517 6 
114500 3533 4 
114550 3520 6 
114600 3527 633 
114650 3529 1262 
114700 3516 1802 
114750 3520 2274 
114800 3532 2610 
114850 3522 2883 
114900 3533 3137 
114950 3557 3357 
115000 3552 3449 
115050 3373 2242 
115100 3420 1179 
115150 3501 559 
115200 3514 219 
115250 3498 67 
115300 3523 31 
115350 3543 14 
115400 3531 8 
115450 3523 5 
115500 3521 2 
115550 3541 379 
115600 3530 1059 
115650 3534 1630 
115700 3532 2080 
115750 3539 2443 
115800 3519 2745 
115850 3519 3016 
115900 3526 3200 
115950 3533 3332 
116000 3521 3400 
116050 3320 2311 
116100 3395 1371 
116150 3457 800 
116200 3510 428 
116250 3521 217 
116300 3525 124 
116350 3549 50 
116400 3528 17 
116450 3531 7 
116500 3524 4 
116550 3525 380 
116600 3533 961 
116650 3537 1400 
116700 3535 1822 
116750 3523 2129 
116800 3545 2441 
116850 3539 2732 
116900 3539 2960 
116950 3536 3151 
117000 3532 3294 
117050 3370 2166 
117100 3430 1167 
117150 3490 600 
117200 3502 290 
117250 3533 103 
117300 3536 32 
117350 3516 14 
117400 3535 9 
117450 3545 4 
117500 3528 4 
117550 3542 369 
117600 3518 1037 
117650 3536 1586 
117700 3531 2006 
117750 3539 2330 
117800 3523 2584 
117850 3524 2845 
117900 3523 3048 
117950 3541 3204 
118000 3550 3321 
118050 3321 2290 
118100 3411 1332 
118150 3468 836 
118200 3481 539 
118250 3508 370 
118300 3527 254 
118350 3540 143 
118400 3545 83 
118450 3544 39 
118500 3530 12 
118550 3525 212 
118600 3517 786 
118650 3522 1226 
118700 3509 1663 
118750 3512 2035 
118800 3530 2391 
118850 3511 2640 
118900 3518 2921 
118950 3541 3121 
119000 3520 3243 
119050 3329 2192 
119100 3450 1160 
119150 3513 539 
119200 3517 226 
119250 3518 57 
119300 3537 19 
119350 3536 4 
119400 3536 5 
119450 3531 4 
119500 3543 7 
119550 3524 366 
119600 3525 890 
119650 3527 1356 
119700 3533 1797 
119750 3547 2221 
119800 3543 2621 
119850 3543 2967 
119900 3532 3202 
119950 3542 3395 
120000 3534 3456 
120050 3326 2243 
120100 3411 1305 
120150 3467 814 
120200 3468 491 
120250 3519 291 
120300 3524 155 
120350 3539 42 
120400 3543 11 
120450 3522 5 
120500 3530 0 
120550 3536 380 
120600 3531 905 
120650 3532 1366 
120700 3535 1742 
120750 3543 2102 
120800 3536 2459 
120850 3534 2800 
120900 3536 3082 
120950 3537 3214 
121000 3541 3313 
121050 3328 2206 
121100 3458 1060 
121150 3507 551 
121200 3518 285 
121250 3525 113 
121300 3538 45 
121350 3529 17 
121400 3535 3 
121450 3533 1 
121500 3533 0 
121550 3526 0 
121600 3517 14 
121650 3493 616 
121700 3477 1181 
121750 3489 1708 
121800 3474 2046 
121850 3472 2359 
121900 3482 2659 
121950 3489 2875 
122000 3509 3112 
122050 3335 2184 
122100 3427 1271 
122150 3464 722 
122200 3495 368 
122250 3526 171 
122300 3552 85 
122350 3550 39 
122400 3539 14 
122450 3538 0 
122500 3537 6 
122550 3546 411 
122600 3536 897 
122650 3535 1335 
122700 3548 1740 
122750 3549 2092 
122800 3559 2435 
122850 3546 2725 
122900 3533 2905 
122950 3549 3112 
123000 3546 3237 
123050 3350 2267 
123100 3464 1238 
123150 3492 673 
123200 3517 361 
123250 3530 189 
123300 3534 92 
123350 3520 59 
123400 3546 19 
123450 3533 9 
123500 3544 5 
123550 3518 190 
123600 3522 892 
123650 3508 1424 
123700 3520 1875 
123750 3500 2260 
123800 3512 2625 
123850 3531 2877 
123900 3535 3089 
123950 3518 3215 
124000 3528 3322 
124050 3299 2372 
124100 3391 1441 
124150 3438 860 
124200 3471 478 
124250 3490 252 
124300 3502 150 
124350 3524 65 
124400 3519 24 
124450 3519 12 
124500 3518 9 
124550 3517 550 
124600 3524 1273 
124650 3511 1768 
124700 3530 2163 
124750 3518 2464 
124800 3521 2756 
124850 3537 2984 
124900 3522 3134 
124950 3524 3255 
125000 3520 3354 
125050 3288 2353 
125100 3329 1372 
125150 3401 929 
125200 3430 603 
125250 3484 407 
125300 3509 256 
125350 3513 137 
125400 3506 69 
125450 3530 24 
125500 3535 10 
125550 3526 2 
125600 3528 416 
125650 3539 934 
125700 3541 1350 
125750 3526 1707 
125800 3521 2075 
125850 3522 2449 
125900 3525 2734 
125950 3517 2940 
126000 3507 3103 
126050 3250 2375 
126100 3357 1596 
126150 3403 1087 
126200 3436 688 
126250 3492 458 
126300 3517 307 
126350 3509 188 
126400 3515 96 
126450 3531 44 
126500 3508 15 
126550 3513 629 
126600 3525 1440 
126650 3518 2064 
126700 3512 2509 
126750 3531 2855 
126800 3517 3124 
126850 3524 3298 
126900 3517 3395 
126950 3529 3481 
127000 3536 3509 
127050 3271 2455 
127100 3330 1601 
127150 3393 1126 
127200 3461 848 
127250 3503 632 
127300 3518 416 
127350 3524 263 
127400 3519 181 
127450 3519 104 
127500 3519 54 
127550 3524 605 
127600 3531 1307 
127650 3533 1900 
127700 3532 2443 
127750 3540 2845 
127800 3528 3094 
127850 3521 3271 
127900 3525 3387 
127950 3521 3469 
128000 3530 3503 
128050 3295 2385 
128100 3383 1432 
128150 3422 908 
128200 3455 554 
128250 3497 400 
128300 3514 254 
128350 3525 139 
128400 3527 63 
128450 3518 32 
128500 3529 12 
128550 3535 28 
128600 3555 780 
128650 3532 1411 
128700 3535 1897 
128750 3547 2285 
128800 3541 2585 
128850 3524 2801 
128900 3536 3011 
128950 3537 3156 
129000 3537 3272 
129050 3342 2265 
129100 3428 1308 
129150 3481 745 
129200 3522 394 
129250 3535 203 
129300 3542 96 
129350 3534 37 
129400 3549 10 
129450 3539 2 
129500 3561 6 
129550 3539 60 
129600 3526 668 
129650 3536 1159 
129700 3542 1572 
129750 3545 1972 
129800 3541 2351 
129850 3519 2642 
129900 3536 2896 
129950 3540 3120 
130000 3557 3282 
130050 3331 2200 
130100 3464 1126 
130150 3494 511 
130200 3524 165 
130250 3527 50 
130300 3534 11 
130350 3549 8 
130400 3537 5 
130450 3551 7 
130500 3543 4 
130550 3547 377 
130600 3546 999 
130650 3552 1458 
130700 3531 1830 
130750 3535 2216 
130800 3538 2564 
130850 3541 2847 
130900 3549 3076 
130950 3531 3220 
131000 3530 3302 
131050 3398 2115 
131100 3490 1090 
131150 3493 614 
131200 3513 322 
131250 3491 158 
131300 3526 65 
131350 3532 19 
131400 3542 9 
131450 3544 5 
131500 3546 3 
131550 3539 98 
131600 3524 682 
131650 3531 1121 
131700 3534 1548 
131750 3536 2022 
131800 3526 2408 
131850 3527 2721 
131900 3540 2982 
131950 3543 3174 
132000 3542 3280 
132050 3386 2162 
132100 3456 1080 
132150 3492 562 
132200 3499 307 
132250 3537 138 
132300 3548 57 
132350 3546 27 
132400 3540 5 
132450 3534 6 
132500 3531 7 
132550 3506 332 
132600 3502 1095 
132650 3512 1570 
132700 3524 1948 
132750 3535 2230 
132800 3526 2568 
132850 3530 2817 
132900 3551 3048 
132950 3541 3190 
133000 3537 3288 
133050 3359 2087 
133100 3478 1074 
133150 3512 481 
133200 3532 190 
133250 3540 73 
133300 3536 25 
133350 3541 13 
133400 3551 5 
133450 3518 4 
133500 3543 4 
133550 3529 1 
133600 3540 2 
133650 3534 640 
133700 3537 1159 
133750 3541 1535 
133800 3541 1928 
133850 3541 2272 
133900 3542 2583 
133950 3536 2787 
134000 3526 2977 
134050 3305 2262 
134100 3384 1536 
134150 3437 984 
134200 3465 583 
134250 3500 343 
134300 3511 212 
134350 3519 85 
134400 3529 45 
134450 3532 17 
134500 3552 8 
134550 3544 300 
134600 3541 863 
134650 3539 1303 
134700 3541 1687 
134750 3540 2053 
134800 3550 2393 
134850 3538 2631 
134900 3559 2838 
134950 3531 2999 
135000 3539 3152 
135050 3356 2259 
135100 3427 1415 
135150 3468 945 
135200 3465 615 
135250 3528 370 
135300 3530 210 
135350 3536 97 
135400 3545 41 
135450 3548 13 
135500 3537 15 
135550 3545 9 
135600 3546 940 
135650 3541 1527 
135700 3526 1963 
135750 3536 2384 
135800 3538 2756 
135850 3536 3028 
135900 3544 3188 
135950 3555 3302 
136000 3546 3368 
136050 3319 2344 
136100 3369 1419 
136150 3438 848 
136200 3455 495 
136250 3513 316 
136300 3528 175 
136350 3531 84 
136400 3531 30 
136450 3529 8 
136500 3540 3 
136550 3520 463 
136600 3543 1201 
136650 3555 1633 
136700 3541 1976 
136750 3539 2302 
136800 3532 2549 
136850 3537 2800 
136900 3525 3000 
136950 3530 3186 
137000 3541 3352 
137050 3352 2184 
137100 3441 1193 
137150 3478 585 
137200 3512 272 
137250 3537 106 
137300 3523 53 
137350 3528 22 
137400 3542 7 
137450 3539 3 
137500 3542 3 
137550 3519 357 
137600 3518 910 
137650 3531 1368 
137700 3537 1767 
137750 3538 2103 
137800 3541 2390 
137850 3541 2642 
137900 3544 2872 
137950 3526 3030 
138000 3535 3168 
138050 3268 2419 
138100 3358 1602 
138150 3443 1014 
138200 3468 626 
138250 3493 384 
138300 3524 214 
138350 3523 87 
138400 3535 28 
138450 3525 15 
138500 3544 12 
138550 3535 192 
138600 3532 827 
138650 3518 1311 
138700 3508 1686 
138750 3522 2067 
138800 3522 2399 
138850 3535 2683 
138900 3515 2911 
138950 3541 3096 
139000 3530 3197 
139050 3287 2384 
139100 3366 1645 
139150 3403 1130 
139200 3437 754 
139250 3503 541 
139300 3525 357 
139350 3518 218 
139400 3508 123 
139450 3547 74 
139500 3547 33 
139550 3555 613 
139600 3556 1333 
139650 3540 1919 
139700 3525 2363 
139750 3532 2724 
139800 3532 2995 
139850 3529 3182 
139900 3534 3346 
139950 3545 3456 
140000 3525 3483 
140050 3343 2413 
140100 3453 1217 
140150 3495 578 
140200 3520 227 
140250 3513 86 
140300 3533 39 
140350 3529 22 
140400 3544 11 
140450 3529 8 
140500 3546 7 
140550 3543 403 
140600 3551 979 
140650 3534 1441 
140700 3526 1816 
140750 3524 2119 
140800 3544 2464 
140850 3533 2727 
140900 3518 2931 
140950 3544 3103 
141000 3534 3245 
141050 3337 2368 
141100 3445 1367 
141150 3477 714 
141200 3501 352 
141250 3531 162 
141300 3524 90 
141350 3537 34 
141400 3528 7 
141450 3536 6 
141500 3535 6 
141550 3544 331 
141600 3542 881 
141650 3541 1383 
141700 3534 1874 
141750 3539 2207 
141800 3541 2521 
141850 3540 2765 
141900 3541 2983 
141950 3558 3165 
142000 3547 3278 
142050 3294 2551 
142100 3335 1909 
142150 3397 1433 
142200 3505 1163 
142250 3495 879 
142300 3516 638 
142350 3538 458 
142400 3534 315 
142450 3536 215 
142500 3541 138 
142550 3538 458 
142600 3533 994 
142650 3524 1523 
142700 3522 1959 
142750 3541 2377 
142800 3534 2688 
142850 3548 2984 
142900 3531 3176 
142950 3536 3321 
143000 3543 3412 
143050 3304 2420 
143100 3381 1506 
143150 3423 996 
143200 3485 673 
143250 3521 503 
143300 3518 297 
143350 3534 160 
143400 3560 92 
143450 3541 53 
143500 3545 20 
143550 3529 293 
143600 3522 1016 
143650 3532 1535 
143700 3529 1965 
143750 3524 2319 
143800 3531 2595 
143850 3532 2795 
143900 3540 3020 
143950 3549 3160 
144000 3538 3248 
144050 3313 2455 
144100 3421 1514 
144150 3462 845 
144200 3509 423 
144250 3532 192 
144300 3540 68 
144350 3545 23 
144400 3540 8 
144450 3541 6 
144500 3553 2 
144550 3552 277 
144600 3546 866 
144650 3541 1376 
144700 3536 1867 
144750 3550 2228 
144800 3545 2496 
144850 3541 2731 
144900 3542 2968 
144950 3538 3115 
145000 3546 3221 
145050 3290 2363 
145100 3404 1424 
145150 3477 790 
145200 3509 384 
145250 3517 210 
145300 3525 129 
145350 3530 50 
145400 3541 19 
145450 3531 8 
145500 3533 3 
145550 3534 403 
145600 3535 919 
145650 3535 1367 
145700 3543 1736 
145750 3550 2111 
145800 3529 2430 
145850 3533 2705 
145900 3534 2947 
145950 3547 3102 
146000 3531 3237 
146050 3326 2321 
146100 3443 1314 
146150 3485 688 
146200 3499 339 
146250 3524 140 
146300 3520 71 
146350 3532 29 
146400 3545 13 
146450 3548 2 
146500 3555 0 
146550 3544 408 
146600 3544 1052 
146650 3546 1566 
146700 3545 2025 
146750 3532 2383 
146800 3537 2676 
146850 3529 2959 
146900 3537 3196 
146950 3542 3376 
147000 3540 3457 
147050 3293 2467 
147100 3376 1488 
147150 3413 910 
147200 3458 665 
147250 3504 554 
147300 3520 407 
147350 3538 276 
147400 3547 171 
147450 3530 94 
147500 3531 52 
147550 3538 416 
147600 3537 1004 
147650 3539 1446 
147700 3534 1882 
147750 3540 2286 
147800 3554 2609 
147850 3554 2841 
147900 3558 3068 
147950 3548 3204 
148000 3548 3329 
148050 3273 2384 
148100 3351 1539 
148150 3421 1002 
148200 3474 625 
148250 3529 390 
148300 3525 192 
148350 3531 90 
148400 3540 35 
148450 3540 11 
148500 3532 7 
148550 3545 1 
148600 3559 401 
148650 3537 867 
148700 3539 1292 
148750 3536 1684 
148800 3544 2066 
148850 3542 2383 
148900 3550 2689 
148950 3516 2950 
149000 3541 3178 
149050 3331 2299 
149100 3423 1433 
149150 3463 892 
149200 3498 593 
149250 3507 385 
149300 3537 213 
149350 3537 88 
149400 3546 25 
149450 3547 3 
149500 3556 1 
149550 3542 228 
149600 3539 858 
149650 3539 1353 
149700 3539 1795 
149750 3530 2146 
149800 3526 2454 
149850 3546 2736 
149900 3549 2944 
149950 3548 3095 
150000 3533 3208 
150050 3288 2362 
150100 3395 1489 
150150 3461 827 
150200 3503 379 
150250 3551 142 
150300 3526 82 
150350 3539 34 
150400 3528 11 
150450 3550 4 
150500 3542 1 
150550 3532 352 
150600 3532 1047 
150650 3531 1525 
150700 3533 1854 
150750 3520 2135 
150800 3525 2392 
150850 3520 2632 
150900 3534 2835 
150950 3534 3051 
151000 3539 3231 
151050 3334 2359 
151100 3390 1562 
151150 3461 997 
151200 3489 610 
151250 3529 358 
151300 3547 203 
151350 3550 96 
151400 3549 34 
151450 3535 10 
151500 3537 1 
151550 3529 2 
151600 3550 529 
151650 3554 1042 
151700 3542 1456 
151750 3536 1845 
151800 3537 2170 
151850 3545 2478 
151900 3544 2780 
151950 3534 3008 
152000 3550 3242 
152050 3276 2405 
152100 3366 1561 
152150 3444 1031 
152200 3479 712 
152250 3509 508 
152300 3516 345 
152350 3531 199 
152400 3519 109 
152450 3525 37 
152500 3543 8 
152550 3532 177 
152600 3551 786 
152650 3549 1307 
152700 3548 1733 
152750 3549 2058 
152800 3545 2372 
152850 3544 2696 
152900 3543 2946 
152950 3538 3117 
153000 3548 3247 
153050 3325 2348 
153100 3432 1346 
153150 3474 682 
153200 3513 309 
153250 3514 127 
153300 3538 62 
153350 3518 30 
153400 3545 15 
153450 3532 3 
153500 3536 2 
153550 3539 307 
153600 3551 798 
153650 3541 1231 
153700 3537 1657 
153750 3518 2011 
153800 3527 2361 
153850 3543 2664 
153900 3538 2909 
153950 3533 3115 
154000 3537 3274 
154050 3276 2507 
154100 3364 1721 
154150 3391 1162 
154200 3457 756 
154250 3516 515 
154300 3527 279 
154350 3528 109 
154400 3549 37 
154450 3559 10 
154500 3548 3 
154550 3552 209 
154600 3549 947 
154650 3531 1468 
154700 3551 1895 
154750 3552 2218 
154800 3546 2484 
154850 3531 2698 
154900 3544 2907 
154950 3529 3072 
155000 3537 3193 
155050 3293 2387 
155100 3373 1560 
155150 3419 1094 
155200 3468 783 
155250 3522 587 
155300 3511 400 
155350 3513 277 
155400 3516 193 
155450 3531 122 
155500 3517 73 
155550 3529 45 
155600 3525 625 
155650 3529 1118 
155700 3539 1507 
155750 3538 1898 
155800 3540 2266 
155850 3525 2579 
155900 3552 2852 
155950 3538 3016 
156000 3538 3141 
156050 3295 2380 
156100 3340 1659 
156150 3417 1156 
156200 3437 817 
156250 3508 642 
156300 3515 434 
156350 3530 228 
156400 3522 74 
156450 3550 25 
156500 3551 7 
156550 3528 1 
156600 3544 0 
156650 3535 645 
156700 3535 1260 
156750 3537 1699 
156800 3540 2015 
156850 3541 2298 
156900 3546 2576 
156950 3541 2828 
157000 3533 3056 
157050 3342 2334 
157100 3410 1639 
157150 3454 1107 
157200 3502 689 
157250 3519 364 
157300 3537 181 
157350 3524 51 
157400 3532 10 
157450 3540 4 
157500 3530 2 
157550 3545 0 
157600 3557 286 
157650 3557 872 
157700 3557 1349 
157750 3541 1745 
157800 3536 2111 
157850 3551 2533 
157900 3532 2809 
157950 3537 3032 
158000 3537 3190 
158050 3311 2335 
158100 3389 1409 
158150 3461 832 
158200 3458 487 
158250 3495 307 
158300 3526 207 
158350 3529 141 
158400 3539 85 
158450 3536 41 
158500 3530 12 
158550 3552 5 
158600 3547 765 
158650 3535 1361 
158700 3538 1813 
158750 3533 2129 
158800 3539 2428 
158850 3556 2725 
158900 3523 2955 
158950 3545 3189 
159000 3546 3321 
159050 3284 2389 
159100 3370 1597 
159150 3399 1089 
159200 3426 756 
159250 3500 590 
159300 3529 409 
159350 3513 264 
159400 3527 156 
159450 3519 106 
159500 3535 48 
159550 3534 265 
159600 3541 899 
159650 3539 1362 
159700 3535 1739 
159750 3532 2127 
159800 3522 2457 
159850 3530 2727 
159900 3529 2951 
159950 3529 3151 
160000 3523 3271 
160050 3284 2427 
160100 3404 1484 
160150 3486 871 
160200 3504 413 
160250 3528 197 
160300 3543 104 
160350 3534 39 
160400 3531 15 
160450 3540 5 
160500 3537 7 
160550 3536 36 
160600 3527 534 
160650 3530 1263 
160700 3532 1807 
160750 3540 2227 
160800 3535 2529 
160850 3541 2806 
160900 3532 2988 
160950 3547 3130 
161000 3542 3238 
161050 3301 2477 
161100 3395 1568 
161150 3445 941 
161200 3484 535 
161250 3528 321 
161300 3523 168 
161350 3525 75 
161400 3525 32 
161450 3562 22 
161500 3539 8 
161550 3543 195 
161600 3543 1096 
161650 3541 1768 
161700 3546 2196 
161750 3542 2544 
161800 3550 2819 
161850 3533 3011 
161900 3534 3188 
161950 3538 3330 
162000 3558 3428 
162050 3295 2374 
162100 3363 1432 
162150 3449 872 
162200 3465 539 
162250 3505 341 
162300 3522 186 
162350 3540 92 
162400 3553 27 
162450 3546 11 
162500 3537 1 
162550 3548 0 
162600 3522 269 
162650 3542 838 
162700 3533 1285 
162750 3531 1695 
162800 3543 2039 
162850 3546 2333 
162900 3547 2613 
162950 3546 2885 
163000 3556 3095 
163050 3352 2298 
163100 3425 1435 
163150 3441 898 
163200 3471 579 
163250 3502 352 
163300 3536 203 
163350 3537 131 
163400 3550 66 
163450 3544 27 
163500 3541 14 
163550 3539 546 
163600 3553 1300 
163650 3536 1800 
163700 3545 2261 
163750 3556 2615 
163800 3551 2894 
163850 3539 3109 
163900 3536 3260 
163950 3553 3368 
164000 3527 3411 
164050 3284 2352 
164100 3363 1447 
164150 3448 929 
164200 3442 612 
164250 3515 453 
164300 3534 324 
164350 3523 203 
164400 3545 117 
164450 3549 64 
164500 3522 24 
164550 3545 9 
164600 3540 326 
164650 3536 862 
164700 3530 1304 
164750 3534 1731 
164800 3547 2107 
164850 3540 2414 
164900 3550 2680 
164950 3542 2890 
165000 3541 3054 
165050 3337 2314 
165100 3429 1403 
165150 3472 734 
165200 3493 345 
165250 3505 129 
165300 3520 51 
165350 3535 20 
165400 3543 6 
165450 3540 2 
165500 3509 1 
165550 3521 44 
165600 3522 635 
165650 3531 1149 
165700 3526 1572 
165750 3533 2002 
165800 3524 2377 
165850 3529 2699 
165900 3538 2960 
165950 3540 3142 
166000 3547 3300 
166050 3284 2412 
166100 3399 1470 
166150 3459 899 
166200 3488 509 
166250 3512 255 
166300 3507 122 
166350 3540 38 
166400 3535 18 
166450 3531 8 
166500 3537 7 
166550 3532 11 
166600 3538 590 
166650 3533 1091 
166700 3530 1468 
166750 3532 1836 
166800 3535 2190 
166850 3533 2508 
166900 3535 2790 
166950 3531 3010 
167000 3554 3227 
167050 3325 2219 
167100 3442 1291 
167150 3470 712 
167200 3509 362 
167250 3519 153 
167300 3529 47 
167350 3513 24 
167400 3538 10 
167450 3533 9 
167500 3525 8 
167550 3551 444 
167600 3536 992 
167650 3549 1466 
167700 3545 1928 
167750 3551 2285 
167800 3535 2622 
167850 3539 2927 
167900 3518 3173 
167950 3522 3327 
168000 3533 3448 
168050 3318 2297 
168100 3428 1199 
168150 3499 638 
168200 3511 297 
168250 3529 122 
168300 3520 59 
168350 3552 30 
168400 3536 15 
168450 3534 5 
168500 3518 11 
168550 3541 639 
168600 3524 1358 
168650 3543 1964 
168700 3536 2444 
168750 3535 2780 
168800 3537 2997 
168850 3527 3142 
168900 3543 3278 
168950 3540 3369 
169000 3538 3406 
169050 3321 2342 
169100 3411 1344 
169150 3496 715 
169200 3497 327 
169250 3532 144 
169300 3523 55 
169350 3535 16 
169400 3540 7 
169450 3531 1 
169500 3544 3 
169550 3534 430 
169600 3525 975 
169650 3540 1446 
169700 3532 1829 
169750 3545 2185 
169800 3541 2478 
169850 3537 2742 
169900 3525 2931 
169950 3556 3134 
170000 3558 3253 
170050 3351 2179 
170100 3430 1228 
170150 3488 653 
170200 3492 326 
170250 3507 159 
170300 3531 68 
170350 3523 32 
170400 3517 7 
170450 3513 9 
170500 3536 3 
170550 3531 210 
170600 3526 794 
170650 3536 1274 
170700 3532 1672 
170750 3538 2076 
170800 3522 2378 
170850 3508 2628 
170900 3526 2866 
170950 3528 3042 
171000 3502 3164 
171050 3279 2424 
171100 3331 1689 
171150 3377 1086 
171200 3419 661 
171250 3469 433 
171300 3481 268 
171350 3526 146 
171400 3519 62 
171450 3541 24 
171500 3547 12 
171550 3548 316 
171600 3550 957 
171650 3536 1488 
171700 3522 1871 
171750 3531 2226 
171800 3537 2540 
171850 3540 2757 
171900 3544 2964 
171950 3547 3132 
172000 3535 3273 
172050 3349 2269 
172100 3421 1322 
172150 3487 695 
172200 3525 317 
172250 3527 115 
172300 3547 42 
172350 3547 15 
172400 3541 5 
172450 3530 6 
172500 3526 5 
172550 3542 528 
172600 3528 1056 
172650 3534 1545 
172700 3530 1984 
172750 3517 2370 
172800 3518 2661 
172850 3526 2927 
172900 3512 3148 
172950 3531 3339 
173000 3529 3429 
173050 3340 2226 
173100 3443 1169 
173150 3500 555 
173200 3513 258 
173250 3527 80 
173300 3516 24 
173350 3543 8 
173400 3529 9 
173450 3523 6 
173500 3529 7 
173550 3532 486 
173600 3529 1201 
173650 3539 1862 
173700 3526 2352 
173750 3550 2832 
173800 3541 3094 
173850 3544 3234 
173900 3535 3330 
173950 3539 3411 
174000 3545 3449 
174050 3363 2122 
174100 3470 1024 
174150 3500 499 
174200 3509 250 
174250 3522 122 
174300 3525 55 
174350 3526 24 
174400 3528 11 
174450 3532 4 
174500 3543 5 
174550 3529 419 
174600 3534 1263 
174650 3524 1821 
174700 3540 2277 
174750 3554 2624 
174800 3539 2851 
174850 3536 3041 
174900 3550 3196 
174950 3537 3314 
175000 3536 3411 
175050 3365 2178 
175100 3478 1097 
175150 3514 476 
175200 3507 216 
175250 3542 86 
175300 3537 31 
175350 3536 12 
175400 3535 4 
175450 3546 12 
175500 3533 8 
175550 3543 383 
175600 3535 899 
175650 3550 1377 
175700 3546 1749 
175750 3539 2132 
175800 3534 2359 
175850 3530 2612 
175900 3519 2824 
175950 3531 2977 
176000 3534 3115 
176050 3375 2163 
176100 3471 1189 
176150 3480 593 
176200 3499 311 
176250 3501 160 
176300 3521 78 
176350 3550 32 
176400 3538 11 
176450 3528 1 
176500 3559 2 
176550 3545 458 
176600 3527 967 
176650 3536 1453 
176700 3532 1920 
176750 3533 2354 
176800 3536 2718 
176850 3546 3060 
176900 3534 3256 
176950 3551 3398 
177000 3536 3440 
177050 3369 2168 
177100 3444 1105 
177150 3496 497 
177200 3509 206 
177250 3531 71 
177300 3540 19 
177350 3554 8 
177400 3538 7 
177450 3536 4 
177500 3535 2 
177550 3539 255 
177600 3530 906 
177650 3551 1404 
177700 3539 1821 
177750 3545 2193 
177800 3555 2471 
177850 3535 2730 
177900 3527 2925 
177950 3545 3144 
178000 3549 3332 
178050 3342 2214 
178100 3455 1199 
178150 3475 590 
178200 3525 291 
178250 3510 132 
178300 3533 48 
178350 3542 14 
178400 3545 7 
178450 3540 4 
178500 3509 6 
178550 3542 499 
178600 3525 1151 
178650 3526 1726 
178700 3539 2197 
178750 3531 2544 
178800 3535 2821 
178850 3525 2983 
178900 3536 3141 
178950 3518 3234 
179000 3537 3365 
179050 3358 2153 
179100 3459 1195 
179150 3495 616 
179200 3523 330 
179250 3530 147 
179300 3510 57 
179350 3514 26 
179400 3534 21 
179450 3544 19 
179500 3538 11 
179550 3547 284 
179600 3535 1092 
179650 3543 1693 
179700 3538 2208 
179750 3538 2653 
179800 3540 3002 
179850 3549 3223 
179900 3536 3363 
179950 3527 3447 
180000 3537 3474 
180050 3335 2206 
180100 3433 1146 
180150 3492 550 
180200 3521 223 
180250 3537 63 
180300 3532 22 
180350 3533 14 
180400 3540 6 
180450 3541 4 
180500 3552 9 
180550 3542 395 
180600 3521 984 
180650 3532 1526 
180700 3535 1939 
180750 3547 2338 
180800 3521 2595 
180850 3535 2877 
180900 3508 3055 
180950 3529 3234 
181000 3532 3340 
181050 3332 2204 
181100 3412 1202 
181150 3455 682 
181200 3472 383 
181250 3501 219 
181300 3528 127 
181350 3544 68 
181400 3540 31 
181450 3538 15 
181500 3523 13 
181550 3526 591 
181600 3530 1207 
181650 3534 1705 
181700 3535 2107 
181750 3538 2434 
181800 3542 2716 
181850 3536 2920 
181900 3542 3150 
181950 3525 3249 
182000 3539 3393 
182050 3291 2264 
182100 3362 1318 
182150 3431 755 
182200 3453 392 
182250 3505 201 
182300 3521 103 
182350 3524 48 
182400 3547 18 
182450 3531 10 
182500 3536 11 
182550 3523 397 
182600 3535 897 
182650 3512 1377 
182700 3530 1744 
182750 3528 2102 
182800 3506 2441 
182850 3515 2762 
182900 3515 2990 
182950 3540 3155 
183000 3531 3236 
183050 3335 2179 
183100 3429 1201 
183150 3434 674 
183200 3464 357 
183250 3504 177 
183300 3491 100 
183350 3524 55 
183400 3524 33 
183450 3534 16 
183500 3532 10 
183550 3529 436 
183600 3515 1007 
183650 3514 1462 
183700 3531 1888 
183750 3524 2227 
183800 3514 2584 
183850 3530 2846 
183900 3533 3029 
183950 3535 3171 
184000 3545 3271 
184050 3360 2225 
184100 3439 1282 
184150 3461 791 
184200 3493 488 
184250 3508 237 
184300 3524 116 
184350 3539 46 
184400 3525 26 
184450 3539 12 
184500 3541 20 
184550 3515 254 
184600 3511 802 
184650 3534 1240 
184700 3535 1622 
184750 3527 1973 
184800 3534 2313 
184850 3537 2608 
184900 3544 2853 
184950 3532 3025 
185000 3521 3155 
185050 3343 2167 
185100 3443 1154 
185150 3486 579 
185200 3523 227 
185250 3534 78 
185300 3538 28 
185350 3521 30 
185400 3521 13 
185450 3512 11 
185500 3528 4 
185550 3539 264 
185600 3531 887 
185650 3529 1409 
185700 3544 1911 
185750 3530 2244 
185800 3536 2573 
185850 3526 2819 
185900 3533 3031 
185950 3533 3180 
186000 3527 3300 
186050 3333 2124 
186100 3419 1161 
186150 3449 547 
186200 3488 247 
186250 3500 95 
186300 3530 31 
186350 3531 12 
186400 3531 16 
186450 3532 9 
186500 3524 6 
186550 3533 535 
186600 3540 1195 
186650 3507 1701 
186700 3525 2193 
186750 3529 2578 
186800 3529 2892 
186850 3529 3137 
186900 3538 3285 
186950 3537 3394 
187000 3532 3443 
187050 3353 2189 
187100 3450 1127 
187150 3490 542 
187200 3527 248 
187250 3531 92 
187300 3518 46 
187350 3545 20 
187400 3531 9 
187450 3544 17 
187500 3545 14 
187550 3530 85 
187600 3522 702 
187650 3522 1196 
187700 3518 1644 
187750 3519 2026 
187800 3540 2368 
187850 3517 2597 
187900 3526 2815 
187950 3524 3002 
188000 3526 3151 
188050 3287 2348 
188100 3337 1578 
188150 3407 1036 
188200 3419 647 
188250 3457 378 
188300 3496 242 
188350 3505 122 
188400 3505 64 
188450 3504 27 
188500 3528 4 
188550 3544 161 
188600 3529 712 
188650 3520 1167 
188700 3502 1533 
188750 3528 1895 
188800 3530 2209 
188850 3538 2526 
188900 3529 2814 
188950 3505 2929 
189000 3537 3089 
189050 3369 2092 
189100 3442 1095 
189150 3482 541 
189200 3528 236 
189250 3515 65 
189300 3528 21 
189350 3529 11 
189400 3532 8 
189450 3533 11 
189500 3533 10 
189550 3534 424 
189600 3534 1032 
189650 3539 1555 
189700 3528 2028 
189750 3532 2434 
189800 3532 2787 
189850 3537 3058 
189900 3543 3270 
189950 3530 3390 
190000 3540 3461 
190050 3343 2251 
190100 3432 1143 
190150 3480 608 
190200 3470 289 
190250 3495 135 
190300 3544 76 
190350 3540 33 
190400 3529 18 
190450 3531 12 
190500 3541 4 
190550 3534 251 
190600 3534 832 
190650 3529 1294 
190700 3528 1692 
190750 3539 2067 
190800 3548 2437 
190850 3543 2837 
190900 3525 3103 
190950 3524 3278 
191000 3522 3373 
191050 3326 2181 
191100 3413 1249 
191150 3458 681 
191200 3500 355 
191250 3505 176 
191300 3511 82 
191350 3515 35 
191400 3533 17 
191450 3520 11 
191500 3510 7 
191550 3541 222 
191600 3529 999 
191650 3533 1500 
191700 3542 1880 
191750 3532 2135 
191800 3509 2354 
191850 3539 2581 
191900 3522 2759 
191950 3519 2938 
192000 3522 3078 
192050 3330 2261 
192100 3438 1274 
192150 3485 669 
192200 3515 343 
192250 3507 179 
192300 3519 95 
192350 3529 53 
192400 3554 29 
192450 3529 29 
192500 3538 22 
192550 3529 425 
192600 3528 1024 
192650 3524 1547 
192700 3547 2006 
192750 3544 2372 
192800 3537 2659 
192850 3545 2900 
192900 3546 3046 
192950 3543 3197 
193000 3529 3304 
193050 3356 2210 
193100 3437 1279 
193150 3467 721 
193200 3502 375 
193250 3529 160 
193300 3518 65 
193350 3532 42 
193400 3539 24 
193450 3531 9 
193500 3536 4 
193550 3539 378 
193600 3548 849 
193650 3549 1313 
193700 3535 1758 
193750 3547 2155 
193800 3510 2473 
193850 3530 2790 
193900 3532 3034 
193950 3544 3236 
194000 3527 3332 
194050 3332 2297 
194100 3421 1272 
194150 3462 724 
194200 3507 394 
194250 3496 212 
194300 3529 81 
194350 3517 41 
194400 3524 20 
194450 3519 14 
194500 3531 14 
194550 3494 408 
194600 3505 1055 
194650 3509 1597 
194700 3502 1990 
194750 3524 2436 
194800 3522 2817 
194850 3527 3085 
194900 3535 3306 
194950 3528 3441 
195000 3543 3482 
195050 3335 2160 
195100 3377 1103 
195150 3452 588 
195200 3452 305 
195250 3486 155 
195300 3502 99 
195350 3517 39 
195400 3509 26 
195450 3503 20 
195500 3519 17 
195550 3535 422 
195600 3545 1114 
195650 3532 1554 
195700 3541 1956 
195750 3541 2355 
195800 3541 2670 
195850 3528 2966 
195900 3527 3169 
195950 3536 3313 
196000 3539 3403 
196050 3322 2283 
196100 3396 1338 
196150 3444 811 
196200 3484 486 
196250 3498 290 
196300 3528 208 
196350 3521 140 
196400 3531 93 
196450 3528 54 
196500 3527 27 
196550 3524 418 
196600 3524 968 
196650 3525 1435 
196700 3508 1792 
196750 3495 2148 
196800 3470 2446 
196850 3491 2748 
196900 3498 2996 
196950 3521 3197 
197000 3523 3302 
197050 3329 2264 
197100 3440 1194 
197150 3473 552 
197200 3472 231 
197250 3529 104 
197300 3513 47 
197350 3530 26 
197400 3524 16 
197450 3538 9 
197500 3529 10 
197550 3540 179 
197600 3518 933 
197650 3510 1444 
197700 3532 1889 
197750 3528 2277 
197800 3534 2533 
197850 3543 2809 
197900 3530 2997 
197950 3534 3160 
198000 3529 3310 
198050 3327 2219 
198100 3427 1199 
198150 3475 588 
198200 3498 246 
198250 3525 75 
198300 3523 35 
198350 3524 16 
198400 3527 16 
198450 3554 13 
198500 3532 13 
198550 3539 368 
198600 3535 996 
198650 3543 1535 
198700 3536 1928 
198750 3527 2282 
198800 3533 2609 
198850 3541 2873 
198900 3542 3075 
198950 3555 3211 
199000 3525 3289 
199050 3272 2449 
199100 3360 1682 
199150 3409 1118 
199200 3458 703 
199250 3492 497 
199300 3511 333 
199350 3511 184 
199400 3533 79 
199450 3523 30 
199500 3542 17 
199550 3549 301 
199600 3548 839 
199650 3546 1288 
199700 3541 1669 
199750 3542 1993 
199800 3514 2285 
199850 3518 2670 
199900 3530 2998 
199950 3538 3222 
200000 3523 3369 
