# Avida tasks data
# Sat Apr  7 17:37:34 2012
# First column gives the current update, next columns give the number
# of organisms that have the particular task as a component of their merit
#  1: Update
#  2: Xor
#  3: Equals

0 0 0 
50 8 8 
100 43 43 
150 114 114 
200 236 236 
250 444 444 
300 674 674 
350 969 967 
400 1329 1328 
450 1751 1745 
500 2198 2200 
550 2676 2678 
600 3181 3180 
650 3434 3431 
700 3530 3534 
750 3537 3535 
800 3534 3530 
850 3535 3524 
900 3545 3538 
950 3544 3555 
1000 3532 3537 
1050 3227 2708 
1100 3293 1928 
1150 3431 1500 
1200 3425 1036 
1250 3474 717 
1300 3470 459 
1350 3499 266 
1400 3538 147 
1450 3529 67 
1500 3544 31 
1550 3538 12 
1600 3559 16 
1650 3550 607 
1700 3552 1139 
1750 3547 1623 
1800 3543 1980 
1850 3541 2332 
1900 3541 2668 
1950 3538 2925 
2000 3546 3088 
2050 3357 2254 
2100 3445 1371 
2150 3480 779 
2200 3493 402 
2250 3531 200 
2300 3533 106 
2350 3552 43 
2400 3551 12 
2450 3535 7 
2500 3543 2 
2550 3538 2 
2600 3542 454 
2650 3554 987 
2700 3554 1395 
2750 3555 1779 
2800 3559 2151 
2850 3534 2484 
2900 3540 2734 
2950 3540 2908 
3000 3547 3082 
3050 3355 2209 
3100 3455 1289 
3150 3489 738 
3200 3501 428 
3250 3540 240 
3300 3552 115 
3350 3542 57 
3400 3551 18 
3450 3536 10 
3500 3533 13 
3550 3540 394 
3600 3550 943 
3650 3533 1358 
3700 3549 1787 
3750 3556 2121 
3800 3552 2457 
3850 3539 2702 
3900 3529 2919 
3950 3531 3100 
4000 3527 3203 
4050 3287 2253 
4100 3419 1285 
4150 3466 689 
4200 3497 349 
4250 3510 171 
4300 3545 63 
4350 3536 28 
4400 3537 8 
4450 3552 9 
4500 3542 8 
4550 3546 194 
4600 3532 933 
4650 3552 1424 
4700 3540 1774 
4750 3547 2183 
4800 3552 2507 
4850 3524 2745 
4900 3553 3008 
4950 3540 3191 
5000 3535 3336 
5050 3345 2239 
5100 3430 1208 
5150 3472 683 
5200 3517 388 
5250 3532 201 
5300 3549 93 
5350 3540 26 
5400 3523 8 
5450 3532 8 
5500 3547 12 
5550 3541 441 
5600 3558 1152 
5650 3543 1797 
5700 3548 2271 
5750 3548 2644 
5800 3551 2925 
5850 3553 3123 
5900 3536 3263 
5950 3548 3404 
6000 3541 3477 
6050 3273 2450 
6100 3334 1566 
6150 3417 978 
6200 3467 545 
6250 3499 334 
6300 3514 201 
6350 3518 78 
6400 3505 23 
6450 3524 8 
6500 3536 12 
6550 3552 234 
6600 3555 820 
6650 3561 1309 
6700 3538 1707 
6750 3544 2073 
6800 3549 2409 
6850 3548 2699 
6900 3544 2935 
6950 3550 3146 
7000 3536 3263 
7050 3334 2206 
7100 3452 1218 
7150 3473 672 
7200 3513 279 
7250 3538 110 
7300 3532 39 
7350 3547 17 
7400 3544 8 
7450 3548 5 
7500 3541 1 
7550 3544 203 
7600 3533 880 
7650 3540 1380 
7700 3536 1785 
7750 3527 2137 
7800 3539 2503 
7850 3520 2795 
7900 3538 3041 
7950 3530 3183 
8000 3525 3291 
8050 3331 2264 
8100 3439 1326 
8150 3509 660 
8200 3529 271 
8250 3544 83 
8300 3549 27 
8350 3549 13 
8400 3547 5 
8450 3543 5 
8500 3555 5 
8550 3539 267 
8600 3540 897 
8650 3545 1408 
8700 3542 1836 
8750 3552 2257 
8800 3540 2544 
8850 3539 2815 
8900 3543 2986 
8950 3546 3140 
9000 3556 3240 
9050 3411 1945 
9100 3495 861 
9150 3526 333 
9200 3535 115 
9250 3541 24 
9300 3537 14 
9350 3531 7 
9400 3563 1 
9450 3541 1 
9500 3539 2 
9550 3548 586 
9600 3544 1297 
9650 3540 1741 
9700 3549 2125 
9750 3558 2470 
9800 3552 2703 
9850 3537 2891 
9900 3551 3070 
9950 3544 3203 
10000 3554 3332 
10050 3414 2050 
10100 3501 894 
10150 3536 343 
10200 3544 100 
10250 3547 29 
10300 3534 6 
10350 3540 2 
10400 3552 3 
10450 3533 2 
10500 3542 3 
10550 3548 5 
10600 3539 666 
10650 3543 1231 
10700 3541 1696 
10750 3522 2057 
10800 3532 2402 
10850 3512 2683 
10900 3529 2950 
10950 3528 3146 
11000 3513 3298 
11050 3261 2271 
11100 3349 1436 
11150 3404 1017 
11200 3406 697 
11250 3461 500 
11300 3481 384 
11350 3515 283 
11400 3509 197 
11450 3518 141 
11500 3515 94 
11550 3543 364 
11600 3543 937 
11650 3540 1399 
11700 3553 1776 
11750 3564 2141 
11800 3555 2431 
11850 3547 2667 
11900 3535 2880 
11950 3544 3049 
12000 3534 3202 
12050 3350 2184 
12100 3449 1296 
12150 3484 709 
12200 3520 320 
12250 3530 119 
12300 3536 42 
12350 3557 15 
12400 3533 5 
12450 3554 3 
12500 3553 5 
12550 3551 181 
12600 3553 804 
12650 3555 1265 
12700 3554 1696 
12750 3541 2057 
12800 3541 2393 
12850 3547 2689 
12900 3554 2924 
12950 3541 3056 
13000 3543 3176 
13050 3392 2152 
13100 3493 1168 
13150 3525 551 
13200 3541 229 
13250 3543 78 
13300 3539 28 
13350 3548 18 
13400 3543 7 
13450 3564 6 
13500 3550 8 
13550 3546 568 
13600 3522 1191 
13650 3513 1600 
13700 3526 2069 
13750 3528 2395 
13800 3533 2693 
13850 3513 2878 
13900 3548 3102 
13950 3543 3213 
14000 3545 3350 
14050 3347 2110 
14100 3464 1056 
14150 3500 433 
14200 3524 199 
14250 3531 71 
14300 3550 30 
14350 3542 4 
14400 3544 4 
14450 3544 12 
14500 3552 3 
14550 3558 410 
14600 3545 1104 
14650 3546 1641 
14700 3557 2073 
14750 3562 2469 
14800 3546 2772 
14850 3551 3042 
14900 3545 3246 
14950 3539 3389 
15000 3525 3425 
15050 3382 2034 
15100 3481 868 
15150 3500 354 
15200 3511 126 
15250 3526 51 
15300 3540 21 
15350 3532 22 
15400 3553 14 
15450 3560 5 
15500 3558 4 
15550 3550 134 
15600 3552 811 
15650 3557 1284 
15700 3547 1638 
15750 3533 2034 
15800 3531 2403 
15850 3561 2691 
15900 3540 2881 
15950 3554 3049 
16000 3549 3218 
16050 3406 2032 
16100 3504 922 
16150 3522 412 
16200 3538 173 
16250 3559 73 
16300 3551 25 
16350 3558 17 
16400 3560 13 
16450 3552 3 
16500 3538 7 
16550 3558 480 
16600 3547 965 
16650 3556 1433 
16700 3544 1831 
16750 3527 2150 
16800 3533 2456 
16850 3553 2745 
16900 3551 2982 
16950 3553 3173 
17000 3538 3270 
17050 3394 2020 
17100 3500 943 
17150 3516 408 
17200 3528 166 
17250 3548 63 
17300 3538 24 
17350 3544 13 
17400 3543 8 
17450 3542 6 
17500 3539 5 
17550 3547 281 
17600 3540 850 
17650 3554 1376 
17700 3532 1772 
17750 3539 2169 
17800 3542 2497 
17850 3546 2789 
17900 3551 3070 
17950 3544 3222 
18000 3543 3339 
18050 3372 2065 
18100 3466 1018 
18150 3489 564 
18200 3514 314 
18250 3527 185 
18300 3549 105 
18350 3547 42 
18400 3540 20 
18450 3552 18 
18500 3547 9 
18550 3542 613 
18600 3564 1359 
18650 3561 1900 
18700 3546 2231 
18750 3544 2526 
18800 3553 2832 
18850 3542 3016 
18900 3544 3183 
18950 3553 3298 
19000 3542 3375 
19050 3320 2171 
19100 3416 1191 
19150 3467 655 
19200 3512 334 
19250 3555 112 
19300 3539 44 
19350 3535 16 
19400 3542 8 
19450 3530 6 
19500 3543 6 
19550 3547 500 
19600 3546 1035 
19650 3553 1487 
19700 3544 1876 
19750 3538 2175 
19800 3526 2433 
19850 3525 2704 
19900 3544 2952 
19950 3541 3141 
20000 3557 3274 
20050 3452 1826 
20100 3513 746 
20150 3522 277 
20200 3528 108 
20250 3537 43 
20300 3562 21 
20350 3538 23 
20400 3550 10 
20450 3539 10 
20500 3540 8 
20550 3529 558 
20600 3532 1389 
20650 3528 1937 
20700 3531 2332 
20750 3535 2683 
20800 3539 2908 
20850 3540 3044 
20900 3543 3164 
20950 3538 3253 
21000 3532 3348 
21050 3409 1923 
21100 3496 817 
21150 3516 385 
21200 3529 195 
21250 3536 109 
21300 3542 68 
21350 3545 30 
21400 3546 13 
21450 3547 8 
21500 3554 8 
21550 3547 484 
21600 3541 1039 
21650 3545 1529 
21700 3543 2022 
21750 3559 2451 
21800 3552 2782 
21850 3544 3080 
21900 3542 3292 
21950 3562 3431 
22000 3554 3467 
22050 3412 1947 
22100 3507 831 
22150 3544 309 
22200 3537 91 
22250 3534 22 
22300 3546 10 
22350 3560 12 
22400 3555 3 
22450 3542 5 
22500 3546 7 
22550 3560 334 
22600 3550 1026 
22650 3552 1543 
22700 3560 1937 
22750 3556 2306 
22800 3560 2583 
22850 3537 2858 
22900 3536 3088 
22950 3547 3299 
23000 3546 3365 
23050 3362 2117 
23100 3470 1052 
23150 3530 410 
23200 3550 130 
23250 3540 46 
23300 3543 17 
23350 3551 14 
23400 3546 8 
23450 3554 7 
23500 3556 9 
23550 3555 673 
23600 3548 1488 
23650 3547 2090 
23700 3563 2585 
23750 3559 2890 
23800 3547 3091 
23850 3533 3222 
23900 3538 3321 
23950 3543 3408 
24000 3548 3447 
24050 3364 2223 
24100 3482 1257 
24150 3522 674 
24200 3512 353 
24250 3549 221 
24300 3524 144 
24350 3532 59 
24400 3555 23 
24450 3543 4 
24500 3559 9 
24550 3552 357 
24600 3549 1085 
24650 3556 1554 
24700 3556 1976 
24750 3556 2284 
24800 3565 2549 
24850 3550 2764 
24900 3546 3019 
24950 3555 3163 
25000 3554 3311 
25050 3410 2017 
25100 3495 827 
25150 3519 267 
25200 3551 85 
25250 3538 29 
25300 3548 12 
25350 3544 5 
25400 3549 8 
25450 3546 10 
25500 3544 3 
25550 3546 448 
25600 3538 1092 
25650 3547 1775 
25700 3527 2260 
25750 3539 2730 
25800 3550 3019 
25850 3541 3190 
25900 3544 3298 
25950 3539 3414 
26000 3549 3454 
26050 3378 2023 
26100 3469 937 
26150 3520 406 
26200 3542 136 
26250 3545 32 
26300 3553 19 
26350 3542 8 
26400 3540 14 
26450 3533 10 
26500 3537 10 
26550 3534 517 
26600 3551 1214 
26650 3554 1828 
26700 3536 2286 
26750 3546 2555 
26800 3538 2820 
26850 3531 3037 
26900 3530 3192 
26950 3543 3319 
27000 3530 3390 
27050 3387 1993 
27100 3490 900 
27150 3531 344 
27200 3534 103 
27250 3528 48 
27300 3521 14 
27350 3536 10 
27400 3533 17 
27450 3541 11 
27500 3537 14 
27550 3526 573 
27600 3539 1167 
27650 3535 1706 
27700 3555 2163 
27750 3539 2588 
27800 3531 2949 
27850 3525 3206 
27900 3531 3376 
27950 3557 3478 
28000 3557 3501 
28050 3359 2162 
28100 3469 1059 
28150 3518 498 
28200 3533 187 
28250 3559 73 
28300 3547 40 
28350 3559 8 
28400 3555 13 
28450 3555 7 
28500 3545 12 
28550 3545 685 
28600 3549 1295 
28650 3546 1790 
28700 3528 2227 
28750 3535 2607 
28800 3548 2880 
28850 3542 3072 
28900 3527 3234 
28950 3545 3355 
29000 3546 3403 
29050 3415 2040 
29100 3488 931 
29150 3517 420 
29200 3530 195 
29250 3539 86 
29300 3533 36 
29350 3545 17 
29400 3536 5 
29450 3536 16 
29500 3553 6 
29550 3546 646 
29600 3543 1449 
29650 3548 1998 
29700 3549 2423 
29750 3533 2741 
29800 3538 2965 
29850 3552 3158 
29900 3547 3267 
29950 3555 3367 
30000 3537 3408 
30050 3337 2184 
30100 3432 1090 
30150 3483 559 
30200 3496 255 
30250 3523 109 
30300 3554 37 
30350 3535 9 
30400 3528 11 
30450 3536 15 
30500 3548 17 
30550 3543 523 
30600 3555 1308 
30650 3551 1893 
30700 3547 2326 
30750 3558 2700 
30800 3550 2977 
30850 3546 3173 
30900 3548 3282 
30950 3523 3368 
31000 3562 3448 
31050 3392 2021 
31100 3487 955 
31150 3538 425 
31200 3535 190 
31250 3541 80 
31300 3549 30 
31350 3552 22 
31400 3544 21 
31450 3537 11 
31500 3544 9 
31550 3540 575 
31600 3535 1288 
31650 3544 1829 
31700 3557 2358 
31750 3558 2797 
31800 3547 3075 
31850 3552 3270 
31900 3527 3346 
31950 3529 3417 
32000 3552 3471 
32050 3355 2193 
32100 3450 1104 
32150 3510 584 
32200 3527 295 
32250 3535 168 
32300 3548 114 
32350 3537 72 
32400 3546 32 
32450 3560 21 
32500 3535 22 
32550 3549 719 
32600 3545 1524 
32650 3553 1993 
32700 3535 2352 
32750 3550 2644 
32800 3551 2930 
32850 3561 3103 
32900 3545 3270 
32950 3550 3386 
33000 3546 3445 
33050 3404 1987 
33100 3500 898 
33150 3503 414 
33200 3545 156 
33250 3540 47 
33300 3547 29 
33350 3536 28 
33400 3546 16 
33450 3557 18 
33500 3544 18 
33550 3533 291 
33600 3532 950 
33650 3530 1528 
33700 3548 1977 
33750 3528 2341 
33800 3533 2676 
33850 3544 2933 
33900 3540 3111 
33950 3541 3237 
34000 3537 3308 
34050 3378 2207 
34100 3500 1129 
34150 3523 504 
34200 3528 212 
34250 3552 105 
34300 3547 57 
34350 3543 35 
34400 3528 14 
34450 3525 19 
34500 3558 8 
34550 3537 585 
34600 3549 1252 
34650 3540 1799 
34700 3542 2205 
34750 3558 2587 
34800 3547 2874 
34850 3542 3126 
34900 3548 3280 
34950 3559 3353 
35000 3560 3433 
35050 3381 2202 
35100 3490 1024 
35150 3518 450 
35200 3542 162 
35250 3539 66 
35300 3532 33 
35350 3539 20 
35400 3545 10 
35450 3543 9 
35500 3548 7 
35550 3550 428 
35600 3552 1017 
35650 3549 1556 
35700 3534 1960 
35750 3528 2327 
35800 3523 2605 
35850 3544 2878 
35900 3554 3076 
35950 3541 3205 
36000 3547 3319 
36050 3360 2073 
36100 3474 993 
36150 3523 439 
36200 3531 182 
36250 3536 52 
36300 3542 29 
36350 3530 25 
36400 3536 15 
36450 3531 25 
36500 3555 17 
36550 3552 498 
36600 3546 1173 
36650 3545 1734 
36700 3546 2194 
36750 3536 2496 
36800 3531 2724 
36850 3561 2961 
36900 3548 3098 
36950 3537 3215 
37000 3540 3311 
37050 3378 2110 
37100 3512 941 
37150 3497 429 
37200 3542 189 
37250 3535 78 
37300 3548 44 
37350 3542 16 
37400 3543 14 
37450 3549 14 
37500 3540 19 
37550 3531 527 
37600 3533 1188 
37650 3532 1765 
37700 3528 2145 
37750 3534 2473 
37800 3531 2802 
37850 3556 3082 
37900 3552 3305 
37950 3547 3419 
38000 3552 3467 
38050 3377 2140 
38100 3472 1070 
38150 3513 512 
38200 3534 245 
38250 3540 115 
38300 3550 70 
38350 3544 33 
38400 3537 19 
38450 3545 24 
38500 3549 16 
38550 3554 447 
38600 3545 1067 
38650 3537 1566 
38700 3544 2014 
38750 3546 2426 
38800 3544 2780 
38850 3521 2992 
38900 3554 3204 
38950 3521 3291 
39000 3524 3366 
39050 3353 2147 
39100 3477 1070 
39150 3500 548 
39200 3509 281 
39250 3521 158 
39300 3534 75 
39350 3548 34 
39400 3524 15 
39450 3524 11 
39500 3549 5 
39550 3547 219 
39600 3549 906 
39650 3544 1408 
39700 3540 1869 
39750 3525 2277 
39800 3545 2642 
39850 3539 2940 
39900 3538 3128 
39950 3541 3245 
40000 3553 3354 
40050 3363 2321 
40100 3442 1372 
40150 3479 731 
40200 3516 347 
40250 3546 162 
40300 3543 86 
40350 3552 26 
40400 3540 9 
40450 3547 14 
40500 3535 8 
40550 3540 558 
40600 3533 1404 
40650 3551 1978 
40700 3553 2406 
40750 3559 2757 
40800 3541 3009 
40850 3548 3215 
40900 3542 3335 
40950 3562 3436 
41000 3539 3471 
41050 3332 2138 
41100 3438 1052 
41150 3478 542 
41200 3498 269 
41250 3530 106 
41300 3560 43 
41350 3546 20 
41400 3539 17 
41450 3521 8 
41500 3543 8 
41550 3535 700 
41600 3540 1402 
41650 3542 1850 
41700 3550 2220 
41750 3534 2503 
41800 3546 2739 
41850 3541 2983 
41900 3557 3173 
41950 3544 3302 
42000 3538 3403 
42050 3348 2144 
42100 3452 1102 
42150 3497 503 
42200 3524 188 
42250 3516 69 
42300 3540 21 
42350 3552 11 
42400 3551 12 
42450 3550 13 
42500 3547 7 
42550 3555 640 
42600 3561 1309 
42650 3542 1771 
42700 3549 2200 
42750 3535 2529 
42800 3545 2805 
42850 3540 3028 
42900 3554 3233 
42950 3542 3330 
43000 3549 3432 
43050 3374 2115 
43100 3471 1034 
43150 3514 457 
43200 3526 176 
43250 3545 59 
43300 3534 31 
43350 3520 30 
43400 3535 10 
43450 3526 20 
43500 3546 14 
43550 3528 429 
43600 3535 980 
43650 3543 1418 
43700 3539 1776 
43750 3545 2128 
43800 3552 2485 
43850 3547 2771 
43900 3549 3015 
43950 3537 3203 
44000 3553 3371 
44050 3360 2074 
44100 3472 921 
44150 3525 343 
44200 3528 113 
44250 3538 26 
44300 3537 12 
44350 3537 8 
44400 3533 10 
44450 3550 8 
44500 3558 7 
44550 3552 214 
44600 3555 901 
44650 3547 1503 
44700 3565 1959 
44750 3553 2322 
44800 3564 2713 
44850 3543 2968 
44900 3529 3158 
44950 3550 3295 
45000 3551 3377 
45050 3365 2208 
45100 3462 1127 
45150 3504 535 
45200 3546 244 
45250 3523 85 
45300 3551 18 
45350 3546 5 
45400 3545 3 
45450 3538 4 
45500 3538 8 
45550 3536 399 
45600 3533 985 
45650 3534 1424 
45700 3524 1800 
45750 3543 2185 
45800 3547 2536 
45850 3536 2797 
45900 3558 3043 
45950 3544 3169 
46000 3542 3286 
46050 3359 2198 
46100 3477 1109 
46150 3511 570 
46200 3525 250 
46250 3540 94 
46300 3528 47 
46350 3552 20 
46400 3545 9 
46450 3531 10 
46500 3534 5 
46550 3537 603 
46600 3542 1247 
46650 3547 1809 
46700 3556 2251 
46750 3544 2599 
46800 3542 2906 
46850 3568 3185 
46900 3539 3326 
46950 3547 3440 
47000 3542 3504 
47050 3334 2351 
47100 3426 1378 
47150 3484 792 
47200 3499 483 
47250 3541 329 
47300 3551 188 
47350 3549 75 
47400 3525 32 
47450 3540 14 
47500 3538 12 
47550 3533 153 
47600 3520 669 
47650 3524 1097 
47700 3528 1496 
47750 3522 1852 
47800 3547 2246 
47850 3535 2556 
47900 3540 2808 
47950 3534 3031 
48000 3543 3204 
48050 3349 2287 
48100 3445 1301 
48150 3492 728 
48200 3511 376 
48250 3534 174 
48300 3540 61 
48350 3549 26 
48400 3544 5 
48450 3544 4 
48500 3537 6 
48550 3553 230 
48600 3539 786 
48650 3525 1302 
48700 3523 1704 
48750 3531 2064 
48800 3516 2333 
48850 3506 2609 
48900 3516 2870 
48950 3520 3061 
49000 3525 3234 
49050 3342 2200 
49100 3455 1198 
49150 3463 670 
49200 3525 345 
49250 3531 148 
49300 3547 58 
49350 3551 35 
49400 3541 14 
49450 3542 9 
49500 3553 1 
49550 3523 338 
49600 3520 1111 
49650 3539 1677 
49700 3542 2207 
49750 3551 2645 
49800 3528 2910 
49850 3545 3188 
49900 3538 3358 
49950 3548 3456 
50000 3561 3498 
50050 3395 2210 
50100 3453 1138 
50150 3516 543 
50200 3523 228 
50250 3540 107 
50300 3531 58 
50350 3527 19 
50400 3531 17 
50450 3538 15 
50500 3548 14 
50550 3530 510 
50600 3535 1019 
50650 3543 1382 
50700 3543 1731 
50750 3525 2075 
50800 3523 2370 
50850 3520 2672 
50900 3546 2896 
50950 3551 3079 
51000 3541 3209 
51050 3382 2160 
51100 3479 1112 
51150 3503 598 
51200 3543 280 
51250 3541 98 
51300 3543 26 
51350 3545 18 
51400 3533 7 
51450 3544 15 
51500 3531 14 
51550 3525 193 
51600 3526 946 
51650 3510 1452 
51700 3517 1908 
51750 3532 2336 
51800 3522 2636 
51850 3535 2900 
51900 3534 3115 
51950 3526 3281 
52000 3520 3373 
52050 3331 2203 
52100 3441 1111 
52150 3493 563 
52200 3528 256 
52250 3534 89 
52300 3535 59 
52350 3538 24 
52400 3545 14 
52450 3549 8 
52500 3552 12 
52550 3546 237 
52600 3537 886 
52650 3527 1397 
52700 3538 1857 
52750 3528 2220 
52800 3527 2543 
52850 3537 2760 
52900 3531 2970 
52950 3550 3140 
53000 3537 3266 
53050 3373 2086 
53100 3460 1060 
53150 3508 473 
53200 3527 187 
53250 3527 62 
53300 3540 23 
53350 3538 20 
53400 3544 12 
53450 3535 9 
53500 3557 4 
53550 3551 435 
53600 3542 1122 
53650 3544 1632 
53700 3543 1959 
53750 3554 2282 
53800 3550 2523 
53850 3546 2763 
53900 3552 2948 
53950 3553 3114 
54000 3549 3239 
54050 3398 2127 
54100 3489 1071 
54150 3506 546 
54200 3539 256 
54250 3537 89 
54300 3549 34 
54350 3561 13 
54400 3522 8 
54450 3536 8 
54500 3549 10 
54550 3541 582 
54600 3538 1281 
54650 3528 1750 
54700 3530 2187 
54750 3548 2595 
54800 3523 2910 
54850 3541 3125 
54900 3544 3283 
54950 3544 3390 
55000 3545 3453 
55050 3381 2176 
55100 3461 1094 
55150 3515 507 
55200 3525 209 
55250 3518 68 
55300 3550 29 
55350 3546 18 
55400 3555 10 
55450 3552 7 
55500 3538 11 
55550 3542 563 
55600 3533 1279 
55650 3555 1760 
55700 3554 2130 
55750 3539 2404 
55800 3544 2675 
55850 3552 2917 
55900 3539 3123 
55950 3539 3283 
56000 3538 3404 
56050 3388 2084 
56100 3499 959 
56150 3507 455 
56200 3532 202 
56250 3526 78 
56300 3527 32 
56350 3545 16 
56400 3544 9 
56450 3536 18 
56500 3540 14 
56550 3536 502 
56600 3525 1174 
56650 3534 1769 
56700 3534 2188 
56750 3531 2477 
56800 3538 2775 
56850 3537 2992 
56900 3540 3122 
56950 3530 3266 
57000 3547 3395 
57050 3367 2174 
57100 3484 1110 
57150 3514 516 
57200 3512 220 
57250 3536 87 
57300 3536 24 
57350 3540 12 
57400 3549 5 
57450 3553 5 
57500 3542 12 
57550 3544 522 
57600 3544 1155 
57650 3535 1725 
57700 3536 2195 
57750 3545 2565 
57800 3542 2868 
57850 3551 3102 
57900 3563 3264 
57950 3545 3360 
58000 3557 3432 
58050 3386 2126 
58100 3476 1080 
58150 3506 548 
58200 3522 258 
58250 3529 101 
58300 3555 30 
58350 3544 13 
58400 3536 6 
58450 3547 8 
58500 3537 6 
58550 3535 470 
58600 3525 996 
58650 3540 1423 
58700 3539 1840 
58750 3535 2150 
58800 3527 2456 
58850 3539 2719 
58900 3529 2865 
58950 3520 3048 
59000 3530 3206 
59050 3377 2133 
59100 3448 1158 
59150 3498 604 
59200 3509 319 
59250 3506 158 
59300 3523 100 
59350 3547 57 
59400 3550 31 
59450 3539 16 
59500 3545 8 
59550 3526 447 
59600 3522 1169 
59650 3532 1681 
59700 3533 2136 
59750 3538 2449 
59800 3545 2709 
59850 3538 2917 
59900 3542 3136 
59950 3551 3301 
60000 3533 3356 
60050 3373 2095 
60100 3471 1059 
60150 3524 508 
60200 3522 255 
60250 3534 121 
60300 3535 79 
60350 3546 43 
60400 3544 22 
60450 3540 4 
60500 3547 7 
60550 3544 423 
60600 3542 1113 
60650 3536 1580 
60700 3534 1977 
60750 3553 2346 
60800 3549 2642 
60850 3557 2856 
60900 3555 3020 
60950 3540 3133 
61000 3550 3245 
61050 3308 2303 
61100 3424 1376 
61150 3485 779 
61200 3511 392 
61250 3531 224 
61300 3531 99 
61350 3540 43 
61400 3541 25 
61450 3540 17 
61500 3561 12 
61550 3551 483 
61600 3527 1319 
61650 3541 1927 
61700 3540 2383 
61750 3540 2683 
61800 3541 2944 
61850 3549 3142 
61900 3548 3262 
61950 3543 3366 
62000 3531 3394 
62050 3328 2290 
62100 3422 1354 
62150 3484 727 
62200 3526 376 
62250 3552 173 
62300 3553 69 
62350 3554 19 
62400 3556 13 
62450 3536 7 
62500 3553 10 
62550 3551 563 
62600 3557 1190 
62650 3557 1671 
62700 3555 1992 
62750 3533 2284 
62800 3541 2534 
62850 3535 2743 
62900 3542 2995 
62950 3559 3188 
63000 3548 3330 
63050 3382 2065 
63100 3467 1007 
63150 3504 440 
63200 3532 194 
63250 3532 76 
63300 3548 31 
63350 3541 16 
63400 3545 13 
63450 3557 5 
63500 3551 8 
63550 3546 361 
63600 3555 956 
63650 3543 1451 
63700 3544 1843 
63750 3553 2197 
63800 3526 2452 
63850 3544 2710 
63900 3554 2940 
63950 3541 3113 
64000 3544 3254 
64050 3394 2132 
64100 3472 1098 
64150 3510 551 
64200 3525 248 
64250 3527 96 
64300 3542 28 
64350 3533 15 
64400 3544 6 
64450 3551 3 
64500 3546 14 
64550 3555 307 
64600 3541 919 
64650 3549 1501 
64700 3545 1998 
64750 3528 2412 
64800 3544 2778 
64850 3545 3056 
64900 3544 3236 
64950 3532 3363 
65000 3528 3427 
65050 3386 2115 
65100 3481 1049 
65150 3517 535 
65200 3533 272 
65250 3534 138 
65300 3533 62 
65350 3531 42 
65400 3534 14 
65450 3549 6 
65500 3538 19 
65550 3525 436 
65600 3524 1190 
65650 3529 1794 
65700 3535 2153 
65750 3538 2457 
65800 3545 2697 
65850 3535 2870 
65900 3544 3063 
65950 3543 3213 
66000 3551 3319 
66050 3360 2169 
66100 3467 1168 
66150 3491 580 
66200 3539 317 
66250 3542 142 
66300 3553 55 
66350 3536 19 
66400 3542 14 
66450 3548 6 
66500 3543 7 
66550 3552 317 
66600 3546 1089 
66650 3543 1687 
66700 3552 2106 
66750 3551 2425 
66800 3546 2721 
66850 3530 2951 
66900 3538 3125 
66950 3553 3289 
67000 3532 3378 
67050 3378 2082 
67100 3501 992 
67150 3522 381 
67200 3537 124 
67250 3540 40 
67300 3556 23 
67350 3538 15 
67400 3540 10 
67450 3537 16 
67500 3538 16 
67550 3536 205 
67600 3532 829 
67650 3538 1338 
67700 3529 1760 
67750 3531 2132 
67800 3543 2492 
67850 3545 2777 
67900 3540 2985 
67950 3535 3170 
68000 3544 3302 
68050 3365 2179 
68100 3465 1133 
68150 3506 548 
68200 3513 259 
68250 3538 109 
68300 3541 56 
68350 3556 13 
68400 3542 12 
68450 3539 9 
68500 3546 7 
68550 3526 521 
68600 3541 1216 
68650 3528 1771 
68700 3524 2143 
68750 3506 2494 
68800 3502 2783 
68850 3534 3081 
68900 3541 3258 
68950 3548 3382 
69000 3531 3430 
69050 3392 2065 
69100 3489 1034 
69150 3530 405 
69200 3531 131 
69250 3530 45 
69300 3546 19 
69350 3544 15 
69400 3541 17 
69450 3530 15 
69500 3527 13 
69550 3543 609 
69600 3544 1249 
69650 3537 1795 
69700 3543 2196 
69750 3548 2545 
69800 3548 2769 
69850 3545 2929 
69900 3537 3091 
69950 3540 3211 
70000 3535 3321 
70050 3370 2173 
70100 3471 1097 
70150 3518 553 
70200 3517 233 
70250 3530 82 
70300 3555 31 
70350 3546 20 
70400 3539 20 
70450 3537 13 
70500 3539 17 
70550 3535 601 
70600 3542 1224 
70650 3537 1637 
70700 3523 1959 
70750 3532 2219 
70800 3537 2471 
70850 3538 2681 
70900 3542 2873 
70950 3547 3059 
71000 3547 3240 
71050 3352 2071 
71100 3441 1105 
71150 3495 572 
71200 3523 264 
71250 3522 96 
71300 3540 31 
71350 3541 19 
71400 3529 12 
71450 3526 13 
71500 3541 6 
71550 3542 367 
71600 3536 979 
71650 3534 1530 
71700 3550 1982 
71750 3553 2366 
71800 3533 2616 
71850 3544 2888 
71900 3538 3088 
71950 3533 3252 
72000 3539 3369 
72050 3370 2176 
72100 3458 1188 
72150 3492 601 
72200 3492 335 
72250 3502 194 
72300 3532 120 
72350 3546 57 
72400 3534 23 
72450 3533 14 
72500 3539 13 
72550 3538 408 
72600 3523 1135 
72650 3525 1733 
72700 3538 2268 
72750 3538 2647 
72800 3550 2966 
72850 3543 3214 
72900 3530 3344 
72950 3540 3425 
73000 3542 3457 
73050 3371 2142 
73100 3460 1007 
73150 3500 525 
73200 3519 267 
73250 3534 139 
73300 3566 76 
73350 3530 34 
73400 3558 9 
73450 3555 9 
73500 3546 15 
73550 3546 320 
73600 3534 1119 
73650 3536 1734 
73700 3539 2157 
73750 3546 2424 
73800 3531 2640 
73850 3544 2900 
73900 3549 3094 
73950 3538 3216 
74000 3545 3333 
74050 3325 2312 
74100 3411 1352 
74150 3467 828 
74200 3484 446 
74250 3522 258 
74300 3543 147 
74350 3540 62 
74400 3549 14 
74450 3549 4 
74500 3551 8 
74550 3548 311 
74600 3556 980 
74650 3550 1499 
74700 3545 1892 
74750 3544 2301 
74800 3541 2612 
74850 3547 2850 
74900 3545 3052 
74950 3523 3191 
75000 3547 3333 
75050 3384 2155 
75100 3441 1134 
75150 3462 664 
75200 3507 392 
75250 3518 213 
75300 3508 103 
75350 3520 43 
75400 3533 18 
75450 3543 10 
75500 3545 4 
75550 3551 385 
75600 3554 977 
75650 3540 1429 
75700 3543 1797 
75750 3539 2144 
75800 3547 2457 
75850 3537 2711 
75900 3536 2998 
75950 3527 3175 
76000 3534 3313 
76050 3342 2162 
76100 3444 1155 
76150 3476 608 
76200 3521 306 
76250 3530 142 
76300 3524 77 
76350 3535 37 
76400 3544 19 
76450 3526 15 
76500 3528 11 
76550 3533 513 
76600 3550 1361 
76650 3539 1982 
76700 3540 2515 
76750 3526 2855 
76800 3543 3186 
76850 3541 3351 
76900 3543 3439 
76950 3547 3464 
77000 3542 3482 
77050 3361 2211 
77100 3466 1033 
77150 3506 478 
77200 3540 169 
77250 3538 55 
77300 3557 16 
77350 3545 12 
77400 3551 7 
77450 3543 6 
77500 3547 9 
77550 3532 470 
77600 3533 1110 
77650 3513 1589 
77700 3534 1985 
77750 3545 2304 
77800 3546 2633 
77850 3559 2926 
77900 3555 3133 
77950 3539 3252 
78000 3532 3339 
78050 3373 2196 
78100 3482 1064 
78150 3523 469 
78200 3549 166 
78250 3541 50 
78300 3529 16 
78350 3539 12 
78400 3540 16 
78450 3551 14 
78500 3544 8 
78550 3529 621 
78600 3553 1406 
78650 3546 1931 
78700 3543 2332 
78750 3537 2615 
78800 3534 2832 
78850 3542 3028 
78900 3536 3197 
78950 3535 3295 
79000 3558 3393 
79050 3356 2229 
79100 3471 1216 
79150 3505 627 
79200 3527 311 
79250 3548 144 
79300 3532 72 
79350 3538 28 
79400 3562 11 
79450 3546 17 
79500 3539 9 
79550 3552 562 
79600 3538 1254 
79650 3528 1773 
79700 3540 2241 
79750 3540 2605 
79800 3539 2956 
79850 3521 3175 
79900 3537 3330 
79950 3548 3414 
80000 3546 3469 
80050 3343 2333 
80100 3446 1310 
80150 3475 714 
80200 3524 369 
80250 3546 182 
80300 3554 85 
80350 3548 26 
80400 3536 15 
80450 3531 8 
80500 3539 7 
80550 3531 397 
80600 3524 896 
80650 3533 1391 
80700 3531 1807 
80750 3546 2177 
80800 3552 2445 
80850 3542 2699 
80900 3544 2940 
80950 3554 3086 
81000 3548 3200 
81050 3344 2207 
81100 3446 1257 
81150 3505 738 
81200 3515 348 
81250 3515 150 
81300 3530 86 
81350 3548 39 
81400 3528 15 
81450 3545 11 
81500 3537 13 
81550 3541 556 
81600 3538 1163 
81650 3556 1705 
81700 3550 2102 
81750 3535 2464 
81800 3544 2746 
81850 3537 3011 
81900 3553 3199 
81950 3556 3343 
82000 3549 3432 
82050 3330 2384 
82100 3428 1414 
82150 3490 870 
82200 3520 443 
82250 3527 203 
82300 3508 95 
82350 3536 34 
82400 3530 17 
82450 3542 8 
82500 3545 9 
82550 3537 466 
82600 3548 1168 
82650 3545 1682 
82700 3551 2093 
82750 3547 2420 
82800 3544 2712 
82850 3544 2941 
82900 3551 3144 
82950 3551 3316 
83000 3534 3411 
83050 3366 2332 
83100 3455 1350 
83150 3499 739 
83200 3514 389 
83250 3513 206 
83300 3544 119 
83350 3542 53 
83400 3548 18 
83450 3553 14 
83500 3554 7 
83550 3546 529 
83600 3538 1162 
83650 3554 1692 
83700 3539 2115 
83750 3526 2492 
83800 3529 2837 
83850 3535 3104 
83900 3544 3280 
83950 3556 3407 
84000 3545 3475 
84050 3319 2316 
84100 3394 1363 
84150 3458 772 
84200 3509 369 
84250 3513 173 
84300 3532 71 
84350 3530 21 
84400 3520 8 
84450 3549 2 
84500 3544 1 
84550 3534 3 
84600 3501 562 
84650 3482 1069 
84700 3471 1499 
84750 3469 1866 
84800 3481 2239 
84850 3457 2529 
84900 3496 2804 
84950 3503 3026 
85000 3499 3175 
85050 3288 2190 
85100 3431 1261 
85150 3492 642 
85200 3490 333 
85250 3514 166 
85300 3535 58 
85350 3544 34 
85400 3538 12 
85450 3549 15 
85500 3539 11 
85550 3539 438 
85600 3533 1074 
85650 3528 1683 
85700 3546 2203 
85750 3536 2554 
85800 3535 2866 
85850 3534 3139 
85900 3542 3307 
85950 3533 3412 
86000 3540 3475 
86050 3279 2518 
86100 3376 1624 
86150 3410 1112 
86200 3501 846 
86250 3527 585 
86300 3529 376 
86350 3532 226 
86400 3534 118 
86450 3542 63 
86500 3534 37 
86550 3536 267 
86600 3533 878 
86650 3539 1433 
86700 3555 1902 
86750 3541 2306 
86800 3534 2644 
86850 3534 2937 
86900 3543 3206 
86950 3547 3374 
87000 3547 3451 
87050 3315 2317 
87100 3400 1340 
87150 3447 854 
87200 3472 531 
87250 3492 322 
87300 3504 203 
87350 3550 97 
87400 3525 34 
87450 3539 12 
87500 3539 4 
87550 3552 420 
87600 3562 978 
87650 3556 1416 
87700 3557 1809 
87750 3549 2144 
87800 3543 2460 
87850 3554 2747 
87900 3545 2951 
87950 3539 3112 
88000 3545 3232 
88050 3334 2324 
88100 3439 1375 
88150 3477 799 
88200 3511 453 
88250 3523 254 
88300 3539 152 
88350 3544 67 
88400 3546 19 
88450 3541 4 
88500 3552 7 
88550 3544 63 
88600 3546 716 
88650 3540 1145 
88700 3539 1620 
88750 3542 1975 
88800 3536 2349 
88850 3536 2669 
88900 3538 2943 
88950 3538 3093 
89000 3550 3229 
89050 3332 2287 
89100 3450 1299 
89150 3490 696 
89200 3517 367 
89250 3540 198 
89300 3543 109 
89350 3539 42 
89400 3538 11 
89450 3528 7 
89500 3546 1 
89550 3542 21 
89600 3464 225 
89650 3454 1025 
89700 3478 1536 
89750 3517 1989 
89800 3519 2290 
89850 3539 2525 
89900 3536 2730 
89950 3531 2948 
90000 3524 3110 
90050 3295 2296 
90100 3393 1397 
90150 3447 801 
90200 3463 473 
90250 3487 301 
90300 3520 228 
90350 3506 149 
90400 3529 66 
90450 3545 31 
90500 3544 11 
90550 3549 317 
90600 3550 856 
90650 3536 1354 
90700 3535 1754 
90750 3534 2109 
90800 3551 2438 
90850 3550 2751 
90900 3517 2928 
90950 3534 3124 
91000 3544 3274 
91050 3258 2550 
91100 3289 1835 
91150 3364 1357 
91200 3428 997 
91250 3502 815 
91300 3525 582 
91350 3519 411 
91400 3540 310 
91450 3528 208 
91500 3547 147 
91550 3521 84 
91600 3541 36 
91650 3547 635 
91700 3531 1137 
91750 3538 1624 
91800 3545 2008 
91850 3540 2352 
91900 3543 2632 
91950 3531 2840 
92000 3555 3051 
92050 3313 2305 
92100 3411 1434 
92150 3480 873 
92200 3518 447 
92250 3531 192 
92300 3538 93 
92350 3540 25 
92400 3548 10 
92450 3552 3 
92500 3559 11 
92550 3525 224 
92600 3514 865 
92650 3494 1357 
92700 3491 1704 
92750 3497 2045 
92800 3497 2391 
92850 3520 2668 
92900 3515 2883 
92950 3516 3047 
93000 3541 3181 
93050 3339 2354 
93100 3404 1524 
93150 3454 952 
93200 3496 580 
93250 3494 336 
93300 3508 189 
93350 3524 82 
93400 3536 26 
93450 3551 3 
93500 3542 5 
93550 3551 345 
93600 3537 969 
93650 3544 1477 
93700 3534 1921 
93750 3547 2335 
93800 3531 2641 
93850 3520 2847 
93900 3538 3034 
93950 3538 3164 
94000 3554 3289 
94050 3325 2396 
94100 3384 1521 
94150 3440 974 
94200 3485 588 
94250 3520 371 
94300 3531 234 
94350 3550 108 
94400 3555 26 
94450 3544 8 
94500 3543 4 
94550 3541 328 
94600 3529 1018 
94650 3532 1514 
94700 3522 1888 
94750 3525 2255 
94800 3532 2578 
94850 3533 2822 
94900 3520 3023 
94950 3509 3149 
95000 3532 3306 
95050 3253 2596 
95100 3303 1855 
95150 3343 1323 
95200 3431 1096 
95250 3476 814 
95300 3465 557 
95350 3490 350 
95400 3504 196 
95450 3514 91 
95500 3529 30 
95550 3523 21 
95600 3430 112 
95650 3191 359 
95700 3023 899 
95750 3084 1383 
95800 3197 1758 
95850 3292 2036 
95900 3397 2317 
95950 3455 2566 
96000 3483 2788 
96050 3341 2049 
96100 3423 1311 
96150 3462 824 
96200 3501 514 
96250 3512 326 
96300 3523 185 
96350 3527 117 
96400 3538 57 
96450 3552 25 
96500 3543 11 
96550 3543 8 
96600 3501 397 
96650 3529 972 
96700 3539 1430 
96750 3531 1827 
96800 3535 2185 
96850 3546 2484 
96900 3536 2721 
96950 3536 2931 
97000 3535 3084 
97050 3300 2378 
97100 3378 1627 
97150 3445 1025 
97200 3457 572 
97250 3500 310 
97300 3518 188 
97350 3525 100 
97400 3526 28 
97450 3541 14 
97500 3561 3 
97550 3538 149 
97600 3537 749 
97650 3537 1195 
97700 3545 1632 
97750 3545 2030 
97800 3529 2381 
97850 3529 2697 
97900 3529 2965 
97950 3536 3158 
98000 3542 3297 
98050 3319 2344 
98100 3390 1432 
98150 3456 873 
98200 3479 457 
98250 3509 228 
98300 3533 132 
98350 3546 56 
98400 3536 18 
98450 3537 1 
98500 3551 7 
98550 3538 357 
98600 3523 834 
98650 3534 1312 
98700 3541 1717 
98750 3519 2087 
98800 3537 2427 
98850 3528 2737 
98900 3513 2984 
98950 3524 3174 
99000 3530 3298 
99050 3316 2306 
99100 3404 1307 
99150 3477 647 
99200 3514 331 
99250 3512 164 
99300 3528 75 
99350 3532 29 
99400 3555 10 
99450 3553 5 
99500 3544 7 
99550 3549 537 
99600 3550 1286 
99650 3534 1817 
99700 3538 2191 
99750 3539 2497 
99800 3548 2780 
99850 3547 2993 
99900 3537 3172 
99950 3539 3284 
100000 3535 3406 
100050 3341 2335 
100100 3403 1306 
100150 3469 742 
100200 3477 423 
100250 3528 251 
100300 3543 137 
100350 3536 66 
100400 3544 38 
100450 3549 14 
100500 3550 12 
100550 3534 409 
100600 3537 932 
100650 3542 1417 
100700 3541 1874 
100750 3542 2237 
100800 3542 2512 
100850 3552 2742 
100900 3543 2944 
100950 3549 3069 
101000 3545 3183 
101050 3306 2424 
101100 3396 1595 
101150 3470 1022 
101200 3499 591 
101250 3534 362 
101300 3538 195 
101350 3530 66 
101400 3549 29 
101450 3540 10 
101500 3532 7 
101550 3547 397 
101600 3540 1151 
101650 3542 1738 
101700 3543 2127 
101750 3556 2436 
101800 3541 2676 
101850 3545 2943 
101900 3559 3203 
101950 3557 3386 
102000 3541 3457 
102050 3327 2318 
102100 3397 1364 
102150 3452 770 
102200 3499 392 
102250 3523 202 
102300 3539 107 
102350 3554 42 
102400 3546 13 
102450 3523 5 
102500 3544 7 
102550 3533 392 
102600 3528 1117 
102650 3533 1665 
102700 3548 2126 
102750 3552 2472 
102800 3543 2764 
102850 3549 3013 
102900 3538 3184 
102950 3523 3322 
103000 3512 3414 
103050 3293 2544 
103100 3376 1694 
103150 3398 1109 
103200 3495 806 
103250 3493 601 
103300 3510 385 
103350 3527 239 
103400 3538 155 
103450 3555 81 
103500 3543 44 
103550 3535 21 
103600 3530 343 
103650 3537 928 
103700 3535 1393 
103750 3542 1788 
103800 3535 2168 
103850 3528 2519 
103900 3535 2846 
103950 3547 3070 
104000 3547 3239 
104050 3321 2305 
104100 3410 1447 
104150 3448 882 
104200 3477 559 
104250 3491 312 
104300 3520 166 
104350 3528 69 
104400 3528 24 
104450 3545 8 
104500 3559 2 
104550 3503 39 
104600 3546 568 
104650 3554 1102 
104700 3545 1588 
104750 3562 2002 
104800 3553 2321 
104850 3555 2609 
104900 3553 2841 
104950 3545 3045 
105000 3547 3167 
105050 3325 2346 
105100 3409 1444 
105150 3467 925 
105200 3490 582 
105250 3526 343 
105300 3532 225 
105350 3548 131 
105400 3548 59 
105450 3532 18 
105500 3545 4 
105550 3542 2 
105600 3545 9 
105650 3487 243 
105700 3476 814 
105750 3464 1382 
105800 3477 1801 
105850 3487 2161 
105900 3519 2498 
105950 3512 2743 
106000 3529 2973 
106050 3301 2284 
106100 3373 1643 
106150 3418 1120 
106200 3448 753 
106250 3480 493 
106300 3533 353 
106350 3543 193 
106400 3539 95 
106450 3524 43 
106500 3540 17 
106550 3509 149 
106600 3526 735 
106650 3534 1232 
106700 3527 1665 
106750 3530 2080 
106800 3520 2453 
106850 3522 2765 
106900 3537 3033 
106950 3527 3185 
107000 3543 3290 
107050 3356 2362 
107100 3414 1476 
107150 3456 902 
107200 3507 496 
107250 3535 263 
107300 3540 137 
107350 3533 49 
107400 3529 15 
107450 3549 6 
107500 3547 11 
107550 3536 304 
107600 3532 883 
107650 3531 1368 
107700 3534 1806 
107750 3542 2206 
107800 3545 2515 
107850 3547 2805 
107900 3535 3008 
107950 3545 3157 
108000 3549 3285 
108050 3331 2356 
108100 3433 1312 
108150 3497 738 
108200 3516 384 
108250 3539 190 
108300 3549 92 
108350 3546 33 
108400 3546 14 
108450 3539 6 
108500 3549 13 
108550 3555 463 
108600 3554 924 
108650 3538 1408 
108700 3552 1913 
108750 3545 2337 
108800 3546 2661 
108850 3540 2937 
108900 3541 3149 
108950 3541 3268 
109000 3547 3376 
109050 3309 2404 
109100 3397 1442 
109150 3429 933 
109200 3461 634 
109250 3499 489 
109300 3527 357 
109350 3529 239 
109400 3526 161 
109450 3542 91 
109500 3535 46 
109550 3541 529 
109600 3535 1267 
109650 3534 1791 
109700 3534 2217 
109750 3555 2545 
109800 3535 2777 
109850 3547 3002 
109900 3540 3168 
109950 3544 3331 
110000 3556 3443 
110050 3348 2363 
110100 3400 1460 
110150 3485 940 
110200 3507 558 
110250 3519 335 
110300 3519 196 
110350 3543 84 
110400 3545 35 
110450 3541 7 
110500 3559 5 
110550 3538 192 
110600 3523 1187 
110650 3535 1852 
110700 3555 2309 
110750 3546 2689 
110800 3547 2978 
110850 3533 3180 
110900 3555 3372 
110950 3536 3458 
111000 3542 3508 
111050 3295 2400 
111100 3396 1455 
111150 3453 915 
111200 3488 613 
111250 3535 412 
111300 3542 216 
111350 3542 78 
111400 3553 23 
111450 3532 12 
111500 3543 9 
111550 3552 432 
111600 3562 1149 
111650 3562 1711 
111700 3549 2175 
111750 3541 2486 
111800 3544 2742 
111850 3544 2954 
111900 3539 3122 
111950 3536 3260 
112000 3541 3353 
112050 3314 2335 
112100 3398 1396 
112150 3461 866 
112200 3497 499 
112250 3532 263 
112300 3528 123 
112350 3543 46 
112400 3531 32 
112450 3539 16 
112500 3546 14 
112550 3556 469 
112600 3561 1210 
112650 3569 1813 
112700 3543 2138 
112750 3550 2419 
112800 3549 2701 
112850 3555 2941 
112900 3547 3119 
112950 3520 3249 
113000 3544 3387 
113050 3324 2413 
113100 3407 1504 
113150 3477 917 
113200 3492 518 
113250 3536 315 
113300 3518 191 
113350 3540 85 
113400 3537 32 
113450 3543 15 
113500 3548 12 
113550 3523 151 
113600 3532 769 
113650 3526 1233 
113700 3542 1655 
113750 3549 1995 
113800 3538 2328 
113850 3535 2652 
113900 3554 2917 
113950 3545 3130 
114000 3559 3290 
114050 3291 2436 
114100 3385 1581 
114150 3472 937 
114200 3504 516 
114250 3512 257 
114300 3536 126 
114350 3543 47 
114400 3547 15 
114450 3549 10 
114500 3551 11 
114550 3559 341 
114600 3542 1058 
114650 3556 1671 
114700 3532 2145 
114750 3538 2528 
114800 3538 2825 
114850 3546 3097 
114900 3541 3236 
114950 3522 3356 
115000 3553 3477 
115050 3312 2418 
115100 3398 1520 
115150 3429 953 
115200 3493 513 
115250 3507 303 
115300 3535 134 
115350 3539 50 
115400 3536 12 
115450 3558 9 
115500 3533 8 
115550 3545 440 
115600 3524 1045 
115650 3524 1497 
115700 3538 1876 
115750 3543 2243 
115800 3521 2552 
115850 3555 2841 
115900 3548 3060 
115950 3555 3226 
116000 3560 3348 
116050 3335 2306 
116100 3432 1207 
116150 3517 582 
116200 3543 257 
116250 3538 112 
116300 3544 58 
116350 3534 14 
116400 3549 17 
116450 3548 10 
116500 3538 15 
116550 3543 219 
116600 3546 843 
116650 3529 1385 
116700 3540 1740 
116750 3541 2144 
116800 3549 2440 
116850 3540 2708 
116900 3542 2965 
116950 3530 3145 
117000 3546 3283 
117050 3345 2185 
117100 3452 1239 
117150 3509 584 
117200 3523 249 
117250 3530 85 
117300 3550 29 
117350 3542 11 
117400 3558 10 
117450 3538 10 
117500 3541 11 
117550 3544 583 
117600 3542 1186 
117650 3536 1722 
117700 3538 2118 
117750 3542 2482 
117800 3540 2776 
117850 3531 3055 
117900 3513 3259 
117950 3542 3386 
118000 3535 3454 
118050 3363 2211 
118100 3484 1117 
118150 3524 479 
118200 3519 196 
118250 3533 63 
118300 3555 29 
118350 3543 11 
118400 3533 17 
118450 3554 10 
118500 3530 20 
118550 3528 634 
118600 3546 1389 
118650 3548 1892 
118700 3540 2263 
118750 3559 2602 
118800 3561 2871 
118850 3539 3052 
118900 3541 3190 
118950 3546 3316 
119000 3538 3405 
119050 3281 2336 
119100 3368 1394 
119150 3401 898 
119200 3465 518 
119250 3515 284 
119300 3524 140 
119350 3553 52 
119400 3545 20 
119450 3551 14 
119500 3549 12 
119550 3526 93 
119600 3533 964 
119650 3525 1494 
119700 3542 1859 
119750 3534 2217 
119800 3543 2558 
119850 3548 2857 
119900 3552 3097 
119950 3545 3233 
120000 3528 3358 
120050 3281 2447 
120100 3338 1651 
120150 3390 1141 
120200 3414 851 
120250 3494 738 
120300 3519 552 
120350 3505 398 
120400 3524 258 
120450 3524 146 
120500 3532 65 
120550 3536 441 
120600 3542 966 
120650 3543 1412 
120700 3537 1842 
120750 3547 2236 
120800 3542 2577 
120850 3541 2829 
120900 3552 3059 
120950 3540 3194 
121000 3556 3315 
121050 3342 2220 
121100 3451 1228 
121150 3471 695 
121200 3512 356 
121250 3496 152 
121300 3532 87 
121350 3551 48 
121400 3553 33 
121450 3552 10 
121500 3539 11 
121550 3541 553 
121600 3542 1190 
121650 3546 1830 
121700 3547 2329 
121750 3551 2730 
121800 3545 2984 
121850 3560 3232 
121900 3555 3361 
121950 3549 3444 
122000 3543 3495 
122050 3353 2285 
122100 3452 1224 
122150 3498 545 
122200 3531 193 
122250 3536 70 
122300 3541 23 
122350 3543 16 
122400 3544 6 
122450 3547 13 
122500 3538 8 
122550 3541 499 
122600 3541 1033 
122650 3540 1511 
122700 3533 1871 
122750 3536 2211 
122800 3536 2517 
122850 3551 2766 
122900 3545 3000 
122950 3535 3151 
123000 3548 3274 
123050 3397 2142 
123100 3497 1102 
123150 3522 528 
123200 3547 228 
123250 3537 63 
123300 3535 28 
123350 3533 10 
123400 3545 7 
123450 3531 4 
123500 3544 2 
123550 3538 497 
123600 3540 1205 
123650 3522 1808 
123700 3529 2223 
123750 3524 2518 
123800 3532 2787 
123850 3553 3011 
123900 3529 3143 
123950 3539 3278 
124000 3545 3373 
124050 3382 2127 
124100 3470 1038 
124150 3496 501 
124200 3505 222 
124250 3531 89 
124300 3544 39 
124350 3548 21 
124400 3551 10 
124450 3536 6 
124500 3552 7 
124550 3540 498 
124600 3523 1200 
124650 3531 1757 
124700 3536 2199 
124750 3539 2587 
124800 3534 2815 
124850 3539 3073 
124900 3540 3275 
124950 3535 3390 
125000 3535 3482 
125050 3392 2194 
125100 3480 1080 
125150 3523 506 
125200 3526 208 
125250 3536 107 
125300 3541 44 
125350 3538 16 
125400 3543 19 
125450 3541 13 
125500 3551 14 
125550 3530 444 
125600 3536 1038 
125650 3547 1490 
125700 3530 1829 
125750 3537 2175 
125800 3551 2466 
125850 3539 2678 
125900 3547 2890 
125950 3547 3036 
126000 3536 3184 
126050 3292 2308 
126100 3436 1423 
126150 3496 798 
126200 3503 405 
126250 3529 160 
126300 3552 71 
126350 3541 19 
126400 3531 9 
126450 3547 5 
126500 3526 10 
126550 3545 506 
126600 3557 1234 
126650 3558 1849 
126700 3548 2311 
126750 3548 2679 
126800 3531 2946 
126850 3545 3155 
126900 3538 3307 
126950 3552 3411 
127000 3547 3462 
127050 3274 2384 
127100 3411 1424 
127150 3475 850 
127200 3513 453 
127250 3533 283 
127300 3529 155 
127350 3518 61 
127400 3545 23 
127450 3543 9 
127500 3543 9 
127550 3532 167 
127600 3531 855 
127650 3498 1316 
127700 3516 1750 
127750 3517 2143 
127800 3527 2464 
127850 3506 2737 
127900 3520 2953 
127950 3532 3106 
128000 3539 3210 
128050 3352 2210 
128100 3448 1206 
128150 3488 599 
128200 3519 268 
128250 3531 112 
128300 3535 39 
128350 3540 19 
128400 3540 8 
128450 3530 13 
128500 3532 3 
128550 3529 375 
128600 3530 950 
128650 3522 1375 
128700 3528 1740 
128750 3525 2061 
128800 3531 2355 
128850 3536 2607 
128900 3550 2896 
128950 3544 3095 
129000 3551 3253 
129050 3339 2243 
129100 3431 1285 
129150 3486 764 
129200 3499 433 
129250 3513 226 
129300 3533 96 
129350 3530 41 
129400 3537 18 
129450 3540 9 
129500 3552 4 
129550 3530 464 
129600 3527 931 
129650 3522 1362 
129700 3526 1755 
129750 3520 2131 
129800 3526 2438 
129850 3514 2689 
129900 3545 2907 
129950 3551 3088 
130000 3547 3183 
130050 3376 2139 
130100 3465 1208 
130150 3492 579 
130200 3515 268 
130250 3546 112 
130300 3543 47 
130350 3541 9 
130400 3512 11 
130450 3530 6 
130500 3538 13 
130550 3539 575 
130600 3539 1206 
130650 3545 1695 
130700 3548 2035 
130750 3548 2363 
130800 3543 2614 
130850 3538 2828 
130900 3536 3011 
130950 3546 3179 
131000 3547 3284 
131050 3293 2273 
131100 3395 1365 
131150 3460 798 
131200 3497 464 
131250 3522 273 
131300 3528 190 
131350 3535 97 
131400 3540 50 
131450 3559 28 
131500 3540 14 
131550 3534 397 
131600 3549 1077 
131650 3552 1611 
131700 3553 2126 
131750 3559 2541 
131800 3548 2865 
131850 3531 3109 
131900 3551 3279 
131950 3548 3371 
132000 3536 3418 
132050 3345 2212 
132100 3445 1216 
132150 3489 677 
132200 3504 340 
132250 3532 115 
132300 3520 36 
132350 3524 14 
132400 3554 7 
132450 3551 11 
132500 3545 12 
132550 3527 604 
132600 3529 1221 
132650 3522 1733 
132700 3518 2151 
132750 3515 2498 
132800 3519 2722 
132850 3529 2935 
132900 3535 3141 
132950 3545 3310 
133000 3548 3419 
133050 3368 2185 
133100 3479 1038 
133150 3511 462 
133200 3527 192 
133250 3537 74 
133300 3530 22 
133350 3542 23 
133400 3550 20 
133450 3536 12 
133500 3540 11 
133550 3534 419 
133600 3521 1211 
133650 3525 1926 
133700 3534 2387 
133750 3542 2782 
133800 3551 3021 
133850 3536 3199 
133900 3553 3311 
133950 3557 3412 
134000 3550 3474 
134050 3343 2259 
134100 3451 1154 
134150 3489 556 
134200 3528 230 
134250 3533 89 
134300 3541 33 
134350 3539 21 
134400 3529 11 
134450 3550 12 
134500 3541 15 
134550 3508 221 
134600 3528 761 
134650 3531 1304 
134700 3536 1803 
134750 3531 2213 
134800 3536 2552 
134850 3523 2770 
134900 3516 3009 
134950 3511 3211 
135000 3529 3358 
135050 3319 2411 
135100 3390 1488 
135150 3449 984 
135200 3499 647 
135250 3537 410 
135300 3544 208 
135350 3542 105 
135400 3536 56 
135450 3553 30 
135500 3550 29 
135550 3546 584 
135600 3532 1062 
135650 3535 1471 
135700 3537 1844 
135750 3541 2171 
135800 3544 2492 
135850 3538 2762 
135900 3533 2988 
135950 3534 3161 
136000 3520 3261 
136050 3323 2368 
136100 3420 1491 
136150 3457 932 
136200 3492 601 
136250 3537 366 
136300 3553 204 
136350 3519 113 
136400 3536 74 
136450 3524 52 
136500 3529 29 
136550 3527 583 
136600 3543 1351 
136650 3526 1894 
136700 3526 2371 
136750 3515 2716 
136800 3510 3035 
136850 3524 3245 
136900 3528 3404 
136950 3526 3481 
137000 3529 3487 
137050 3306 2264 
137100 3381 1303 
137150 3433 737 
137200 3461 372 
137250 3495 220 
137300 3509 152 
137350 3496 79 
137400 3504 50 
137450 3511 30 
137500 3521 12 
137550 3527 629 
137600 3523 1236 
137650 3531 1762 
137700 3532 2222 
137750 3521 2477 
137800 3522 2729 
137850 3518 2962 
137900 3514 3157 
137950 3507 3302 
138000 3523 3394 
138050 3311 2283 
138100 3407 1265 
138150 3469 701 
138200 3488 425 
138250 3509 229 
138300 3511 89 
138350 3534 27 
138400 3513 6 
138450 3524 13 
138500 3517 11 
138550 3501 330 
138600 3521 852 
138650 3511 1328 
138700 3509 1707 
138750 3522 2102 
138800 3520 2483 
138850 3510 2748 
138900 3524 2954 
138950 3530 3098 
139000 3515 3202 
139050 3348 2129 
139100 3417 1169 
139150 3487 559 
139200 3519 230 
139250 3497 74 
139300 3514 32 
139350 3500 18 
139400 3527 9 
139450 3513 11 
139500 3513 17 
139550 3526 523 
139600 3524 1158 
139650 3530 1637 
139700 3525 2051 
139750 3528 2380 
139800 3516 2680 
139850 3507 2947 
139900 3520 3168 
139950 3518 3296 
140000 3527 3444 
140050 3314 2377 
140100 3410 1333 
140150 3466 753 
140200 3481 377 
140250 3519 200 
140300 3528 81 
140350 3508 39 
140400 3544 16 
140450 3514 9 
140500 3507 14 
140550 3514 325 
140600 3500 1047 
140650 3489 1581 
140700 3510 1993 
140750 3512 2305 
140800 3516 2569 
140850 3529 2812 
140900 3518 3036 
140950 3537 3223 
141000 3539 3342 
141050 3299 2231 
141100 3410 1261 
141150 3463 741 
141200 3495 400 
141250 3524 201 
141300 3532 101 
141350 3521 41 
141400 3529 20 
141450 3538 7 
141500 3505 9 
141550 3512 194 
141600 3514 901 
141650 3519 1476 
141700 3517 1903 
141750 3515 2265 
141800 3511 2566 
141850 3512 2875 
141900 3500 3098 
141950 3513 3251 
142000 3529 3419 
142050 3262 2535 
142100 3381 1711 
142150 3417 1130 
142200 3498 753 
142250 3501 515 
142300 3508 297 
142350 3521 164 
142400 3506 74 
142450 3530 20 
142500 3514 7 
142550 3526 435 
142600 3531 1028 
142650 3513 1489 
142700 3516 1847 
142750 3538 2124 
142800 3538 2431 
142850 3540 2693 
142900 3536 2921 
142950 3509 3085 
143000 3526 3239 
143050 3269 2327 
143100 3360 1417 
143150 3407 867 
143200 3438 523 
143250 3464 345 
143300 3496 262 
143350 3493 181 
143400 3508 112 
143450 3509 70 
143500 3498 48 
143550 3489 123 
143600 3477 721 
143650 3508 1181 
143700 3507 1570 
143750 3518 1930 
143800 3523 2247 
143850 3501 2522 
143900 3523 2795 
143950 3516 2979 
144000 3519 3139 
144050 3314 2201 
144100 3449 1140 
144150 3476 523 
144200 3483 203 
144250 3500 52 
144300 3524 13 
144350 3505 11 
144400 3528 6 
144450 3524 6 
144500 3537 4 
144550 3493 207 
144600 3495 940 
144650 3500 1432 
144700 3495 1857 
144750 3454 2213 
144800 3460 2491 
144850 3486 2770 
144900 3500 2997 
144950 3507 3152 
145000 3520 3264 
145050 3284 2289 
145100 3317 1457 
145150 3387 921 
145200 3429 496 
145250 3441 261 
145300 3465 177 
145350 3466 93 
145400 3488 38 
145450 3498 11 
145500 3503 11 
145550 3512 306 
145600 3489 921 
145650 3492 1407 
145700 3479 1779 
145750 3467 2173 
145800 3480 2447 
145850 3497 2698 
145900 3485 2918 
145950 3506 3068 
146000 3489 3148 
146050 3321 2103 
146100 3434 1092 
146150 3483 499 
146200 3506 193 
146250 3474 70 
146300 3493 25 
146350 3514 16 
146400 3524 12 
146450 3505 7 
146500 3512 8 
146550 3496 502 
146600 3501 1163 
146650 3496 1636 
146700 3491 2029 
146750 3457 2358 
146800 3493 2650 
146850 3507 2874 
146900 3515 3071 
146950 3474 3203 
147000 3508 3322 
147050 3261 2263 
147100 3321 1352 
147150 3415 725 
147200 3458 371 
147250 3477 162 
147300 3495 77 
147350 3527 25 
147400 3529 13 
147450 3529 4 
147500 3519 7 
147550 3475 236 
147600 3378 907 
147650 3322 1505 
147700 3362 2024 
147750 3357 2392 
147800 3373 2704 
147850 3387 2923 
147900 3399 3062 
147950 3438 3237 
148000 3430 3330 
148050 3317 2255 
148100 3424 1253 
148150 3449 660 
148200 3441 367 
148250 3472 193 
148300 3517 89 
148350 3526 23 
148400 3517 11 
148450 3527 13 
148500 3517 6 
148550 3488 309 
148600 3516 1163 
148650 3513 1802 
148700 3509 2259 
148750 3513 2639 
148800 3510 2943 
148850 3507 3167 
148900 3506 3312 
148950 3513 3440 
149000 3492 3444 
149050 3322 2231 
149100 3411 1051 
149150 3473 459 
149200 3468 185 
149250 3497 58 
149300 3508 24 
149350 3515 7 
149400 3514 12 
149450 3508 14 
149500 3512 15 
149550 3524 489 
149600 3523 1178 
149650 3525 1692 
149700 3529 2106 
149750 3517 2460 
149800 3516 2716 
149850 3505 3013 
149900 3509 3219 
149950 3502 3368 
150000 3513 3441 
150050 3325 2245 
150100 3409 1176 
150150 3462 535 
150200 3498 220 
150250 3490 83 
150300 3517 37 
150350 3516 18 
150400 3524 17 
150450 3522 11 
150500 3534 7 
150550 3528 549 
150600 3521 1330 
150650 3501 1785 
150700 3505 2162 
150750 3507 2457 
150800 3501 2719 
150850 3519 2944 
150900 3513 3114 
150950 3518 3252 
151000 3509 3355 
151050 3288 2356 
151100 3383 1403 
151150 3435 816 
151200 3462 449 
151250 3502 249 
151300 3501 104 
151350 3510 41 
151400 3508 23 
151450 3521 15 
151500 3521 23 
151550 3531 632 
151600 3532 1295 
151650 3529 1730 
151700 3521 2102 
151750 3520 2469 
151800 3514 2791 
151850 3510 3046 
151900 3501 3214 
151950 3512 3311 
152000 3513 3396 
152050 3285 2268 
152100 3399 1313 
152150 3443 788 
152200 3458 467 
152250 3480 282 
152300 3494 176 
152350 3483 109 
152400 3510 49 
152450 3522 30 
152500 3518 26 
152550 3510 576 
152600 3501 1379 
152650 3488 2004 
152700 3484 2456 
152750 3488 2861 
152800 3500 3149 
152850 3496 3337 
152900 3492 3433 
152950 3512 3485 
153000 3505 3494 
153050 3295 2311 
153100 3383 1178 
153150 3455 618 
153200 3478 351 
153250 3499 189 
153300 3504 104 
153350 3519 42 
153400 3500 16 
153450 3504 6 
153500 3493 11 
153550 3503 568 
153600 3524 1223 
153650 3523 1671 
153700 3526 2013 
153750 3520 2321 
153800 3513 2582 
153850 3501 2850 
153900 3508 3080 
153950 3522 3295 
154000 3496 3401 
154050 3307 2264 
154100 3409 1303 
154150 3469 758 
154200 3458 466 
154250 3503 251 
154300 3505 168 
154350 3493 74 
154400 3510 27 
154450 3512 16 
154500 3509 25 
154550 3533 331 
154600 3526 834 
154650 3524 1290 
154700 3526 1765 
154750 3536 2190 
154800 3536 2523 
154850 3511 2804 
154900 3514 3052 
154950 3496 3199 
155000 3510 3332 
155050 3309 2170 
155100 3393 1166 
155150 3449 594 
155200 3478 251 
155250 3496 94 
155300 3529 37 
155350 3513 21 
155400 3527 11 
155450 3509 22 
155500 3507 12 
155550 3472 442 
155600 3477 984 
155650 3493 1443 
155700 3488 1874 
155750 3503 2185 
155800 3492 2469 
155850 3495 2675 
155900 3510 2877 
155950 3527 3062 
156000 3516 3179 
156050 3250 2218 
156100 3392 1205 
156150 3455 660 
156200 3478 360 
156250 3469 167 
156300 3503 81 
156350 3500 32 
156400 3523 23 
156450 3510 20 
156500 3516 13 
156550 3518 705 
156600 3517 1495 
156650 3493 2059 
156700 3514 2484 
156750 3512 2729 
156800 3506 2961 
156850 3530 3144 
156900 3510 3261 
156950 3520 3383 
157000 3513 3451 
157050 3295 2174 
157100 3393 1104 
157150 3463 555 
157200 3489 251 
157250 3496 99 
157300 3525 54 
157350 3516 18 
157400 3514 16 
157450 3496 19 
157500 3528 27 
157550 3524 451 
157600 3521 1172 
157650 3531 1698 
157700 3524 2169 
157750 3518 2547 
157800 3526 2897 
157850 3519 3140 
157900 3516 3286 
157950 3529 3392 
158000 3522 3420 
158050 3320 2153 
158100 3421 1127 
158150 3473 504 
158200 3485 224 
158250 3509 87 
158300 3504 28 
158350 3514 23 
158400 3527 17 
158450 3522 19 
158500 3514 23 
158550 3518 725 
158600 3517 1603 
158650 3531 2243 
158700 3522 2696 
158750 3519 3002 
158800 3527 3220 
158850 3520 3329 
158900 3509 3393 
158950 3523 3455 
159000 3514 3479 
159050 3310 2239 
159100 3394 1168 
159150 3453 630 
159200 3460 316 
159250 3488 168 
159300 3514 76 
159350 3516 43 
159400 3518 33 
159450 3520 16 
159500 3527 23 
159550 3524 664 
159600 3502 1331 
159650 3494 1896 
159700 3497 2349 
159750 3478 2727 
159800 3501 3023 
159850 3513 3236 
159900 3506 3361 
159950 3525 3437 
160000 3522 3485 
160050 3302 2160 
160100 3417 1054 
160150 3483 459 
160200 3496 187 
160250 3526 71 
160300 3519 30 
160350 3498 17 
160400 3527 17 
160450 3526 16 
160500 3515 11 
160550 3514 501 
160600 3504 1290 
160650 3494 1828 
160700 3519 2359 
160750 3512 2733 
160800 3508 3019 
160850 3507 3253 
160900 3499 3381 
160950 3487 3431 
161000 3480 3478 
161050 3279 2302 
161100 3351 1284 
161150 3411 715 
161200 3457 384 
161250 3483 237 
161300 3499 96 
161350 3486 36 
161400 3513 16 
161450 3513 17 
161500 3511 3 
161550 3512 305 
161600 3506 878 
161650 3498 1432 
161700 3533 1916 
161750 3504 2322 
161800 3517 2675 
161850 3500 2953 
161900 3470 3146 
161950 3491 3315 
162000 3517 3414 
162050 3312 2234 
162100 3409 1087 
162150 3487 515 
162200 3516 211 
162250 3502 71 
162300 3504 37 
162350 3500 19 
162400 3490 30 
162450 3489 20 
162500 3518 8 
162550 3510 456 
162600 3502 1026 
162650 3490 1592 
162700 3504 2086 
162750 3491 2480 
162800 3483 2806 
162850 3471 3083 
162900 3479 3266 
162950 3480 3364 
163000 3483 3409 
163050 3281 2272 
163100 3383 1210 
163150 3450 651 
163200 3475 287 
163250 3500 112 
163300 3504 52 
163350 3482 35 
163400 3501 39 
163450 3512 25 
163500 3503 33 
163550 3505 642 
163600 3496 1382 
163650 3493 1963 
163700 3515 2458 
163750 3514 2839 
163800 3511 3077 
163850 3519 3267 
163900 3506 3388 
163950 3521 3462 
164000 3533 3502 
164050 3319 2280 
164100 3426 1241 
164150 3469 632 
164200 3487 312 
164250 3486 144 
164300 3510 57 
164350 3492 25 
164400 3529 24 
164450 3512 26 
164500 3514 11 
164550 3487 562 
164600 3500 1252 
164650 3502 1757 
164700 3496 2153 
164750 3497 2443 
164800 3501 2718 
164850 3518 2992 
164900 3525 3211 
164950 3530 3379 
165000 3534 3460 
165050 3316 2270 
165100 3398 1175 
165150 3469 658 
165200 3476 378 
165250 3504 248 
165300 3539 135 
165350 3536 71 
165400 3530 42 
165450 3533 31 
165500 3544 21 
165550 3536 677 
165600 3512 1466 
165650 3520 2116 
165700 3527 2562 
165750 3522 2820 
165800 3529 3060 
165850 3518 3211 
165900 3538 3334 
165950 3517 3421 
166000 3497 3450 
166050 3309 2219 
166100 3442 1145 
166150 3501 569 
166200 3529 281 
166250 3515 144 
166300 3506 72 
166350 3520 24 
166400 3545 30 
166450 3521 21 
166500 3516 16 
166550 3527 571 
166600 3536 1289 
166650 3518 1797 
166700 3525 2246 
166750 3526 2571 
166800 3520 2825 
166850 3520 3088 
166900 3534 3283 
166950 3532 3413 
167000 3538 3478 
167050 3350 2277 
167100 3453 1153 
167150 3507 609 
167200 3523 287 
167250 3532 121 
167300 3535 57 
167350 3546 19 
167400 3540 11 
167450 3529 8 
167500 3528 14 
167550 3539 552 
167600 3540 1279 
167650 3546 1886 
167700 3543 2333 
167750 3540 2761 
167800 3551 3065 
167850 3558 3238 
167900 3535 3355 
167950 3549 3451 
168000 3551 3507 
168050 3338 2195 
168100 3447 1149 
168150 3499 577 
168200 3527 258 
168250 3536 113 
168300 3548 57 
168350 3545 23 
168400 3550 12 
168450 3542 6 
168500 3550 3 
168550 3549 390 
168600 3551 1032 
168650 3553 1458 
168700 3544 1825 
168750 3554 2230 
168800 3550 2510 
168850 3559 2744 
168900 3555 2977 
168950 3563 3170 
169000 3550 3322 
169050 3282 2379 
169100 3373 1555 
169150 3425 1085 
169200 3459 728 
169250 3521 568 
169300 3527 375 
169350 3540 256 
169400 3545 155 
169450 3546 93 
169500 3540 52 
169550 3538 623 
169600 3540 1236 
169650 3546 1713 
169700 3542 2113 
169750 3538 2438 
169800 3533 2696 
169850 3536 2908 
169900 3547 3058 
169950 3535 3158 
170000 3545 3272 
170050 3341 2176 
170100 3425 1228 
170150 3455 736 
170200 3504 464 
170250 3506 284 
170300 3538 185 
170350 3530 101 
170400 3533 63 
170450 3531 24 
170500 3541 21 
170550 3552 795 
170600 3543 1666 
170650 3552 2295 
170700 3551 2731 
170750 3545 3024 
170800 3539 3221 
170850 3542 3372 
170900 3564 3456 
170950 3536 3478 
171000 3556 3521 
171050 3358 2200 
171100 3457 1244 
171150 3500 627 
171200 3528 303 
171250 3547 136 
171300 3548 67 
171350 3545 21 
171400 3558 11 
171450 3548 12 
171500 3559 14 
171550 3529 19 
171600 3487 741 
171650 3483 1442 
171700 3506 1939 
171750 3523 2346 
171800 3528 2693 
171850 3552 2977 
171900 3549 3170 
171950 3550 3312 
172000 3546 3413 
172050 3361 2077 
172100 3503 906 
172150 3539 310 
172200 3545 98 
172250 3536 30 
172300 3536 9 
172350 3557 13 
172400 3556 7 
172450 3549 9 
172500 3550 17 
172550 3568 531 
172600 3550 1163 
172650 3543 1681 
172700 3544 2070 
172750 3555 2373 
172800 3549 2672 
172850 3540 2909 
172900 3548 3117 
172950 3562 3289 
173000 3553 3400 
173050 3324 2239 
173100 3425 1277 
173150 3475 687 
173200 3490 321 
173250 3525 135 
173300 3540 52 
173350 3566 23 
173400 3563 13 
173450 3558 11 
173500 3556 11 
173550 3559 530 
173600 3554 1182 
173650 3562 1696 
173700 3558 2089 
173750 3547 2394 
173800 3552 2628 
173850 3555 2859 
173900 3558 3044 
173950 3552 3160 
174000 3557 3274 
174050 3311 2209 
174100 3447 1210 
174150 3498 649 
174200 3505 363 
174250 3523 155 
174300 3528 71 
174350 3543 27 
174400 3549 17 
174450 3555 13 
174500 3564 11 
174550 3568 409 
174600 3554 1180 
174650 3549 1820 
174700 3542 2368 
174750 3536 2784 
174800 3544 3066 
174850 3537 3313 
174900 3529 3428 
174950 3542 3474 
175000 3546 3516 
175050 3274 2422 
175100 3410 1423 
175150 3466 808 
175200 3541 540 
175250 3551 308 
175300 3528 161 
175350 3556 68 
175400 3544 21 
175450 3552 12 
175500 3540 5 
175550 3532 303 
175600 3536 992 
175650 3544 1499 
175700 3542 1899 
175750 3530 2248 
175800 3536 2601 
175850 3554 2886 
175900 3551 3115 
175950 3550 3271 
176000 3561 3390 
176050 3353 2341 
176100 3422 1430 
176150 3472 848 
176200 3501 531 
176250 3529 387 
176300 3523 245 
176350 3523 141 
176400 3560 63 
176450 3554 35 
176500 3517 15 
176550 3547 479 
176600 3539 1201 
176650 3539 1719 
176700 3546 2121 
176750 3540 2435 
176800 3535 2701 
176850 3542 2973 
176900 3553 3150 
176950 3546 3336 
177000 3536 3435 
177050 3322 2219 
177100 3438 1252 
177150 3489 582 
177200 3523 287 
177250 3541 126 
177300 3533 53 
177350 3547 19 
177400 3541 12 
177450 3554 15 
177500 3538 13 
177550 3534 510 
177600 3546 1243 
177650 3552 1760 
177700 3538 2188 
177750 3545 2551 
177800 3543 2805 
177850 3540 3030 
177900 3540 3219 
177950 3542 3375 
178000 3546 3484 
178050 3337 2180 
178100 3439 1165 
178150 3480 676 
178200 3500 396 
178250 3531 252 
178300 3542 166 
178350 3538 81 
178400 3535 29 
178450 3531 18 
178500 3536 12 
178550 3547 513 
178600 3556 1136 
178650 3547 1608 
178700 3565 2037 
178750 3545 2392 
178800 3550 2690 
178850 3540 2901 
178900 3539 3109 
178950 3538 3297 
179000 3525 3400 
179050 3329 2172 
179100 3426 1196 
179150 3479 664 
179200 3501 357 
179250 3530 196 
179300 3535 104 
179350 3533 64 
179400 3537 34 
179450 3542 19 
179500 3546 16 
179550 3538 589 
179600 3527 1155 
179650 3539 1686 
179700 3552 2085 
179750 3538 2431 
179800 3531 2699 
179850 3526 2918 
179900 3528 3141 
179950 3524 3283 
180000 3531 3421 
180050 3300 2104 
180100 3428 969 
180150 3502 428 
180200 3504 172 
180250 3532 58 
180300 3530 34 
180350 3540 16 
180400 3557 20 
180450 3552 16 
180500 3542 11 
180550 3557 548 
180600 3554 1335 
180650 3542 1965 
180700 3547 2475 
180750 3553 2872 
180800 3520 3138 
180850 3539 3332 
180900 3523 3401 
180950 3538 3499 
181000 3544 3501 
181050 3323 2214 
181100 3413 1216 
181150 3473 682 
181200 3503 366 
181250 3542 182 
181300 3539 105 
181350 3533 54 
181400 3529 29 
181450 3538 17 
181500 3554 6 
181550 3534 9 
181600 3519 821 
181650 3523 1427 
181700 3529 1849 
181750 3533 2248 
181800 3526 2581 
181850 3529 2851 
181900 3537 3026 
181950 3548 3173 
182000 3554 3275 
182050 3345 2289 
182100 3441 1333 
182150 3506 652 
182200 3524 295 
182250 3541 125 
182300 3550 60 
182350 3515 27 
182400 3517 16 
182450 3520 20 
182500 3536 19 
182550 3543 407 
182600 3539 957 
182650 3534 1450 
182700 3524 1884 
182750 3539 2321 
182800 3519 2662 
182850 3527 2988 
182900 3505 3162 
182950 3531 3329 
183000 3534 3439 
183050 3310 2175 
183100 3415 1137 
183150 3461 557 
183200 3501 205 
183250 3515 43 
183300 3537 15 
183350 3522 17 
183400 3535 13 
183450 3525 22 
183500 3535 13 
183550 3508 403 
183600 3509 988 
183650 3520 1426 
183700 3526 1842 
183750 3501 2221 
183800 3529 2550 
183850 3508 2843 
183900 3520 3045 
183950 3515 3199 
184000 3528 3334 
184050 3315 2080 
184100 3450 1030 
184150 3493 465 
184200 3510 213 
184250 3537 104 
184300 3524 45 
184350 3524 15 
184400 3530 11 
184450 3523 6 
184500 3516 9 
184550 3529 492 
184600 3523 1160 
184650 3540 1742 
184700 3531 2194 
184750 3536 2569 
184800 3503 2797 
184850 3512 2972 
184900 3518 3091 
184950 3505 3199 
185000 3533 3304 
185050 3298 2352 
185100 3400 1398 
185150 3451 839 
185200 3464 542 
185250 3518 361 
185300 3527 226 
185350 3535 133 
185400 3527 73 
185450 3524 27 
185500 3539 12 
185550 3526 98 
185600 3525 762 
185650 3526 1279 
185700 3515 1686 
185750 3527 2079 
185800 3530 2412 
185850 3533 2714 
185900 3523 2935 
185950 3504 3111 
186000 3518 3249 
186050 3286 2278 
186100 3378 1408 
186150 3454 808 
186200 3475 410 
186250 3512 214 
186300 3498 112 
186350 3527 44 
186400 3528 16 
186450 3519 11 
186500 3520 5 
186550 3524 504 
186600 3512 1221 
186650 3514 1805 
186700 3525 2255 
186750 3534 2640 
186800 3538 2929 
186850 3538 3135 
186900 3548 3334 
186950 3547 3445 
187000 3541 3483 
187050 3250 2489 
187100 3320 1639 
187150 3395 1110 
187200 3492 860 
187250 3508 636 
187300 3520 437 
187350 3524 262 
187400 3526 147 
187450 3539 63 
187500 3539 17 
187550 3531 389 
187600 3538 980 
187650 3528 1501 
187700 3543 2006 
187750 3532 2370 
187800 3541 2737 
187850 3530 2998 
187900 3519 3190 
187950 3533 3306 
188000 3544 3420 
188050 3304 2397 
188100 3365 1456 
188150 3412 949 
188200 3467 587 
188250 3486 362 
188300 3505 216 
188350 3495 127 
188400 3525 75 
188450 3543 45 
188500 3532 23 
188550 3537 204 
188600 3525 837 
188650 3525 1317 
188700 3540 1749 
188750 3512 2088 
188800 3518 2458 
188850 3532 2767 
188900 3539 3046 
188950 3517 3170 
189000 3529 3327 
189050 3314 2264 
189100 3416 1267 
189150 3480 740 
189200 3478 433 
189250 3512 270 
189300 3545 161 
189350 3547 77 
189400 3525 40 
189450 3514 25 
189500 3537 20 
189550 3549 477 
189600 3544 1140 
189650 3532 1631 
189700 3536 2084 
189750 3520 2436 
189800 3530 2726 
189850 3540 2973 
189900 3557 3211 
189950 3535 3331 
190000 3538 3441 
190050 3303 2280 
190100 3419 1209 
190150 3484 614 
190200 3496 302 
190250 3514 132 
190300 3518 57 
190350 3523 28 
190400 3519 20 
190450 3526 7 
190500 3553 15 
190550 3553 659 
190600 3550 1298 
190650 3547 1782 
190700 3543 2276 
190750 3548 2611 
190800 3533 2872 
190850 3524 3036 
190900 3529 3174 
190950 3546 3335 
191000 3548 3430 
191050 3316 2313 
191100 3407 1279 
191150 3474 708 
191200 3485 362 
191250 3506 205 
191300 3542 105 
191350 3551 48 
191400 3531 23 
191450 3533 22 
191500 3539 16 
191550 3543 465 
191600 3539 1213 
191650 3540 1780 
191700 3545 2159 
191750 3551 2506 
191800 3533 2752 
191850 3540 3026 
191900 3537 3212 
191950 3541 3385 
192000 3528 3455 
192050 3328 2246 
192100 3407 1196 
192150 3464 599 
192200 3502 234 
192250 3541 105 
192300 3540 42 
192350 3534 17 
192400 3534 11 
192450 3543 15 
192500 3527 7 
192550 3550 258 
192600 3555 868 
192650 3553 1424 
192700 3540 1868 
192750 3558 2308 
192800 3543 2666 
192850 3531 2948 
192900 3529 3138 
192950 3536 3315 
193000 3530 3428 
193050 3311 2304 
193100 3390 1425 
193150 3432 887 
193200 3466 539 
193250 3509 330 
193300 3514 150 
193350 3525 47 
193400 3539 12 
193450 3555 15 
193500 3557 9 
193550 3549 537 
193600 3528 1152 
193650 3522 1630 
193700 3534 1977 
193750 3527 2242 
193800 3544 2502 
193850 3540 2760 
193900 3523 2951 
193950 3543 3151 
194000 3549 3280 
194050 3348 2241 
194100 3400 1338 
194150 3456 830 
194200 3460 491 
194250 3492 285 
194300 3538 151 
194350 3539 44 
194400 3542 19 
194450 3529 18 
194500 3532 13 
194550 3540 578 
194600 3547 1469 
194650 3524 2045 
194700 3546 2504 
194750 3554 2791 
194800 3534 3006 
194850 3537 3197 
194900 3547 3355 
194950 3532 3418 
195000 3543 3483 
195050 3373 2250 
195100 3444 1133 
195150 3493 519 
195200 3510 238 
195250 3528 92 
195300 3541 39 
195350 3527 21 
195400 3538 11 
195450 3550 17 
195500 3510 12 
195550 3538 579 
195600 3526 1225 
195650 3524 1730 
195700 3535 2130 
195750 3521 2443 
195800 3534 2716 
195850 3551 2964 
195900 3537 3190 
195950 3547 3342 
196000 3541 3447 
196050 3307 2437 
196100 3380 1573 
196150 3414 952 
196200 3465 554 
196250 3508 300 
196300 3513 109 
196350 3516 28 
196400 3529 11 
196450 3532 10 
196500 3533 17 
196550 3554 544 
196600 3544 1257 
196650 3527 1818 
196700 3538 2290 
196750 3553 2606 
196800 3525 2850 
196850 3549 3061 
196900 3541 3211 
196950 3540 3344 
197000 3510 3412 
197050 3331 2239 
197100 3394 1183 
197150 3466 627 
197200 3498 239 
197250 3510 86 
197300 3541 39 
197350 3545 29 
197400 3526 20 
197450 3537 14 
197500 3547 10 
197550 3548 745 
197600 3549 1632 
197650 3542 2218 
197700 3540 2640 
197750 3535 2924 
197800 3548 3117 
197850 3551 3258 
197900 3533 3345 
197950 3545 3459 
198000 3538 3491 
198050 3324 2075 
198100 3460 1026 
198150 3488 547 
198200 3525 244 
198250 3544 117 
198300 3541 63 
198350 3529 30 
198400 3538 13 
198450 3546 24 
198500 3542 16 
198550 3539 701 
198600 3526 1460 
198650 3537 2001 
198700 3531 2475 
198750 3529 2829 
198800 3520 3086 
198850 3505 3256 
198900 3525 3376 
198950 3546 3448 
199000 3515 3451 
199050 3343 2179 
199100 3422 1084 
199150 3514 519 
199200 3523 185 
199250 3535 74 
199300 3532 27 
199350 3532 21 
199400 3537 19 
199450 3534 30 
199500 3536 33 
199550 3548 623 
199600 3536 1295 
199650 3542 1834 
199700 3545 2253 
199750 3544 2532 
199800 3541 2809 
199850 3539 3023 
199900 3536 3168 
199950 3525 3286 
200000 3527 3378 
