# Avida tasks data
# Sat Apr  7 02:02:29 2012
# First column gives the current update, next columns give the number
# of organisms that have the particular task as a component of their merit
#  1: Update
#  2: Xor
#  3: Equals

0 0 0 
50 8 8 
100 45 45 
150 129 129 
200 243 243 
250 432 433 
300 688 690 
350 961 963 
400 1310 1311 
450 1685 1687 
500 2159 2160 
550 2672 2671 
600 3157 3156 
650 3401 3403 
700 3530 3529 
750 3541 3546 
800 3532 3537 
850 3541 3537 
900 3540 3537 
950 3547 3536 
1000 3538 3541 
1050 3530 3534 
1100 3534 3507 
1150 3533 3493 
1200 3532 3499 
1250 3538 3504 
1300 3558 3498 
1350 3538 3478 
1400 3536 3475 
1450 3556 3489 
1500 3535 3479 
1550 3525 3491 
1600 3546 3519 
1650 3557 3546 
1700 3531 3522 
1750 3539 3544 
1800 3537 3537 
1850 3539 3540 
1900 3551 3554 
1950 3560 3557 
2000 3549 3549 
2050 3539 3537 
2100 3547 3533 
2150 3558 3545 
2200 3529 3518 
2250 3531 3514 
2300 3548 3520 
2350 3543 3491 
2400 3534 3466 
2450 3546 3475 
2500 3528 3445 
2550 3548 3499 
2600 3553 3519 
2650 3556 3546 
2700 3534 3533 
2750 3516 3514 
2800 3538 3538 
2850 3547 3546 
2900 3547 3557 
2950 3553 3560 
3000 3539 3540 
3050 3542 3545 
3100 3536 3533 
3150 3553 3526 
3200 3542 3500 
3250 3538 3489 
3300 3535 3477 
3350 3536 3467 
3400 3547 3467 
3450 3549 3464 
3500 3541 3436 
3550 3535 3460 
3600 3560 3523 
3650 3548 3543 
3700 3512 3515 
3750 3555 3559 
3800 3545 3546 
3850 3546 3542 
3900 3537 3538 
3950 3555 3551 
4000 3556 3548 
4050 3553 3550 
4100 3555 3548 
4150 3549 3533 
4200 3534 3526 
4250 3540 3527 
4300 3539 3510 
4350 3535 3504 
4400 3529 3503 
4450 3551 3510 
4500 3559 3510 
4550 3550 3518 
4600 3557 3539 
4650 3528 3520 
4700 3536 3541 
4750 3550 3554 
4800 3543 3547 
4850 3516 3520 
4900 3536 3541 
4950 3539 3538 
5000 3539 3545 
5050 3546 3550 
5100 3544 3533 
5150 3540 3523 
5200 3536 3502 
5250 3539 3499 
5300 3562 3519 
5350 3528 3468 
5400 3539 3471 
5450 3548 3486 
5500 3551 3460 
5550 3543 3474 
5600 3545 3518 
5650 3556 3550 
5700 3532 3529 
5750 3548 3547 
5800 3550 3548 
5850 3540 3542 
5900 3548 3549 
5950 3522 3522 
6000 3544 3545 
6050 3553 3547 
6100 3544 3540 
6150 3543 3537 
6200 3533 3529 
6250 3535 3516 
6300 3535 3498 
6350 3527 3474 
6400 3539 3498 
6450 3535 3483 
6500 3541 3493 
6550 3536 3515 
6600 3522 3520 
6650 3517 3518 
6700 3544 3550 
6750 3537 3536 
6800 3540 3537 
6850 3538 3539 
6900 3535 3538 
6950 3535 3538 
7000 3550 3550 
7050 3558 3549 
7100 3559 3548 
7150 3555 3539 
7200 3538 3522 
7250 3538 3517 
7300 3535 3483 
7350 3543 3464 
7400 3548 3438 
7450 3536 3423 
7500 3533 3387 
7550 3533 3460 
7600 3542 3521 
7650 3557 3554 
7700 3545 3547 
7750 3537 3540 
7800 3541 3539 
7850 3545 3545 
7900 3533 3531 
7950 3547 3542 
8000 3529 3528 
8050 3536 3533 
8100 3562 3541 
8150 3555 3536 
8200 3545 3525 
8250 3534 3505 
8300 3547 3517 
8350 3544 3500 
8400 3544 3491 
8450 3560 3485 
8500 3557 3431 
8550 3549 3479 
8600 3543 3530 
8650 3550 3552 
8700 3548 3541 
8750 3551 3554 
8800 3543 3540 
8850 3537 3540 
8900 3549 3546 
8950 3561 3550 
9000 3549 3551 
9050 3545 3549 
9100 3555 3545 
9150 3542 3525 
9200 3537 3503 
9250 3547 3505 
9300 3542 3492 
9350 3542 3462 
9400 3555 3455 
9450 3546 3436 
9500 3545 3414 
9550 3545 3471 
9600 3537 3512 
9650 3547 3539 
9700 3543 3543 
9750 3538 3533 
9800 3532 3530 
9850 3547 3546 
9900 3557 3552 
9950 3535 3532 
10000 3531 3533 
10050 3545 3541 
10100 3548 3544 
10150 3543 3519 
10200 3516 3498 
10250 3547 3527 
10300 3558 3531 
10350 3552 3507 
10400 3554 3504 
10450 3551 3519 
10500 3534 3503 
10550 3549 3537 
10600 3523 3522 
10650 3541 3544 
10700 3551 3550 
10750 3551 3550 
10800 3539 3538 
10850 3545 3546 
10900 3530 3534 
10950 3543 3548 
11000 3542 3538 
11050 3538 3526 
11100 3555 3533 
11150 3554 3517 
11200 3540 3476 
11250 3541 3481 
11300 3557 3469 
11350 3555 3482 
11400 3547 3480 
11450 3540 3443 
11500 3544 3429 
11550 3539 3491 
11600 3535 3527 
11650 3535 3535 
11700 3555 3548 
11750 3529 3523 
11800 3548 3548 
11850 3537 3537 
11900 3552 3558 
11950 3547 3548 
12000 3530 3525 
12050 3534 3536 
12100 3531 3517 
12150 3523 3482 
12200 3538 3488 
12250 3541 3511 
12300 3551 3489 
12350 3537 3473 
12400 3544 3483 
12450 3551 3487 
12500 3547 3493 
12550 3547 3515 
12600 3533 3529 
12650 3538 3533 
12700 3549 3552 
12750 3517 3514 
12800 3545 3545 
12850 3554 3556 
12900 3545 3550 
12950 3540 3543 
13000 3536 3532 
13050 3548 3542 
13100 3551 3530 
13150 3547 3514 
13200 3545 3494 
13250 3543 3490 
13300 3524 3483 
13350 3535 3497 
13400 3540 3482 
13450 3550 3491 
13500 3541 3466 
13550 3534 3504 
13600 3558 3542 
13650 3543 3539 
13700 3546 3547 
13750 3543 3547 
13800 3546 3545 
13850 3555 3551 
13900 3540 3547 
13950 3556 3555 
14000 3538 3541 
14050 3549 3540 
14100 3535 3527 
14150 3544 3518 
14200 3543 3498 
14250 3548 3469 
14300 3539 3454 
14350 3556 3465 
14400 3542 3442 
14450 3529 3396 
14500 3537 3415 
14550 3541 3464 
14600 3526 3500 
14650 3540 3533 
14700 3562 3560 
14750 3536 3542 
14800 3537 3540 
14850 3538 3535 
14900 3534 3540 
14950 3531 3535 
15000 3536 3535 
15050 3543 3546 
15100 3539 3535 
15150 3557 3541 
15200 3538 3517 
15250 3547 3508 
15300 3548 3495 
15350 3541 3463 
15400 3534 3418 
15450 3539 3423 
15500 3555 3419 
15550 3552 3472 
15600 3538 3508 
15650 3550 3529 
15700 3539 3533 
15750 3539 3530 
15800 3561 3556 
15850 3547 3548 
15900 3556 3549 
15950 3539 3532 
16000 3558 3556 
16050 3542 3546 
16100 3549 3546 
16150 3535 3525 
16200 3521 3505 
16250 3549 3534 
16300 3546 3532 
16350 3532 3511 
16400 3553 3502 
16450 3537 3484 
16500 3533 3471 
16550 3534 3478 
16600 3535 3522 
16650 3533 3533 
16700 3546 3544 
16750 3534 3530 
16800 3522 3528 
16850 3539 3539 
16900 3551 3550 
16950 3550 3553 
17000 3554 3550 
17050 3533 3535 
17100 3546 3544 
17150 3539 3532 
17200 3528 3505 
17250 3538 3510 
17300 3533 3489 
17350 3545 3495 
17400 3530 3468 
17450 3540 3480 
17500 3538 3454 
17550 3547 3498 
17600 3541 3531 
17650 3542 3538 
17700 3554 3556 
17750 3555 3557 
17800 3551 3547 
17850 3559 3556 
17900 3552 3550 
17950 3538 3545 
18000 3543 3542 
18050 3550 3542 
18100 3545 3526 
18150 3511 3479 
18200 3552 3520 
18250 3544 3508 
18300 3554 3520 
18350 3547 3510 
18400 3542 3501 
18450 3536 3478 
18500 3548 3487 
18550 3550 3504 
18600 3536 3527 
18650 3543 3540 
18700 3539 3538 
18750 3557 3558 
18800 3549 3544 
18850 3544 3542 
18900 3532 3529 
18950 3536 3537 
19000 3549 3549 
19050 3522 3528 
19100 3531 3525 
19150 3524 3502 
19200 3531 3498 
19250 3551 3521 
19300 3542 3506 
19350 3554 3498 
19400 3559 3503 
19450 3552 3484 
19500 3566 3480 
19550 3546 3509 
19600 3545 3527 
19650 3550 3542 
19700 3549 3548 
19750 3529 3529 
19800 3553 3555 
19850 3527 3525 
19900 3545 3544 
19950 3529 3533 
20000 3543 3541 
20050 3536 3531 
20100 3568 3548 
20150 3543 3520 
20200 3538 3506 
20250 3539 3495 
20300 3540 3491 
20350 3549 3486 
20400 3552 3494 
20450 3548 3479 
20500 3553 3510 
20550 3540 3521 
20600 3529 3532 
20650 3541 3545 
20700 3541 3542 
20750 3540 3544 
20800 3537 3542 
20850 3547 3547 
20900 3543 3544 
20950 3544 3541 
21000 3542 3555 
21050 3530 3529 
21100 3553 3549 
21150 3556 3536 
21200 3562 3538 
21250 3540 3515 
21300 3548 3531 
21350 3549 3515 
21400 3572 3536 
21450 3541 3528 
21500 3534 3523 
21550 3542 3543 
21600 3536 3541 
21650 3533 3534 
21700 3556 3562 
21750 3541 3542 
21800 3536 3531 
21850 3546 3541 
21900 3551 3548 
21950 3557 3554 
22000 3529 3531 
22050 3536 3529 
22100 3558 3534 
22150 3533 3517 
22200 3542 3510 
22250 3548 3515 
22300 3539 3476 
22350 3544 3474 
22400 3550 3498 
22450 3535 3497 
22500 3540 3488 
22550 3552 3523 
22600 3547 3540 
22650 3544 3548 
22700 3520 3520 
22750 3537 3546 
22800 3551 3557 
22850 3559 3559 
22900 3542 3552 
22950 3556 3558 
23000 3558 3555 
23050 3549 3547 
23100 3537 3537 
23150 3528 3515 
23200 3557 3528 
23250 3563 3521 
23300 3552 3497 
23350 3540 3479 
23400 3545 3454 
23450 3540 3446 
23500 3550 3463 
23550 3539 3489 
23600 3540 3521 
23650 3543 3538 
23700 3540 3537 
23750 3552 3550 
23800 3532 3543 
23850 3566 3565 
23900 3529 3533 
23950 3532 3527 
24000 3552 3555 
24050 3526 3528 
24100 3551 3543 
24150 3528 3503 
24200 3535 3503 
24250 3539 3498 
24300 3547 3487 
24350 3552 3497 
24400 3527 3471 
24450 3558 3507 
24500 3556 3487 
24550 3544 3512 
24600 3552 3542 
24650 3547 3543 
24700 3542 3543 
24750 3535 3535 
24800 3574 3569 
24850 3544 3541 
24900 3536 3522 
24950 3547 3551 
25000 3548 3548 
25050 3540 3545 
25100 3550 3540 
25150 3551 3537 
25200 3556 3545 
25250 3549 3525 
25300 3552 3527 
25350 3553 3508 
25400 3554 3508 
25450 3550 3474 
25500 3543 3473 
25550 3548 3516 
25600 3529 3516 
25650 3538 3541 
25700 3512 3525 
25750 3542 3553 
25800 3556 3559 
25850 3546 3549 
25900 3558 3562 
25950 3555 3554 
26000 3539 3537 
26050 3548 3550 
26100 3547 3538 
26150 3549 3532 
26200 3544 3523 
26250 3549 3521 
26300 3548 3493 
26350 3558 3519 
26400 3553 3509 
26450 3555 3505 
26500 3537 3483 
26550 3533 3529 
26600 3536 3530 
26650 3538 3537 
26700 3541 3546 
26750 3545 3553 
26800 3545 3544 
26850 3553 3560 
26900 3551 3546 
26950 3543 3547 
27000 3557 3556 
27050 3528 3526 
27100 3544 3537 
27150 3542 3517 
27200 3542 3506 
27250 3549 3490 
27300 3554 3476 
27350 3546 3489 
27400 3543 3485 
27450 3540 3475 
27500 3532 3465 
27550 3546 3496 
27600 3540 3533 
27650 3544 3541 
27700 3548 3551 
27750 3533 3525 
27800 3523 3511 
27850 3531 3529 
27900 3520 3521 
27950 3551 3548 
28000 3533 3537 
28050 3545 3547 
28100 3551 3539 
28150 3555 3528 
28200 3546 3504 
28250 3550 3513 
28300 3550 3491 
28350 3546 3494 
28400 3545 3481 
28450 3546 3460 
28500 3552 3471 
28550 3560 3498 
28600 3551 3534 
28650 3534 3529 
28700 3558 3561 
28750 3560 3566 
28800 3536 3536 
28850 3553 3552 
28900 3549 3542 
28950 3544 3545 
29000 3537 3541 
29050 3548 3547 
29100 3544 3534 
29150 3533 3515 
29200 3545 3497 
29250 3529 3456 
29300 3547 3459 
29350 3533 3454 
29400 3545 3475 
29450 3551 3461 
29500 3544 3442 
29550 3556 3506 
29600 3546 3519 
29650 3554 3541 
29700 3550 3539 
29750 3535 3532 
29800 3539 3536 
29850 3547 3542 
29900 3544 3546 
29950 3552 3551 
30000 3547 3548 
30050 3554 3548 
30100 3554 3545 
30150 3537 3515 
30200 3545 3496 
30250 3534 3459 
30300 3540 3453 
30350 3553 3442 
30400 3544 3402 
30450 3539 3389 
30500 3558 3354 
30550 3550 3464 
30600 3555 3533 
30650 3556 3553 
30700 3561 3566 
30750 3544 3552 
30800 3517 3521 
30850 3530 3530 
30900 3560 3556 
30950 3550 3549 
31000 3549 3549 
31050 3557 3545 
31100 3556 3526 
31150 3540 3505 
31200 3550 3502 
31250 3525 3478 
31300 3548 3488 
31350 3549 3482 
31400 3557 3487 
31450 3548 3473 
31500 3536 3441 
31550 3556 3512 
31600 3545 3533 
31650 3548 3550 
31700 3539 3538 
31750 3555 3556 
31800 3553 3553 
31850 3544 3545 
31900 3544 3546 
31950 3555 3560 
32000 3549 3549 
32050 3540 3548 
32100 3538 3526 
32150 3541 3505 
32200 3557 3518 
32250 3536 3486 
32300 3533 3482 
32350 3551 3475 
32400 3561 3487 
32450 3558 3452 
32500 3536 3453 
32550 3555 3521 
32600 3541 3529 
32650 3543 3541 
32700 3545 3545 
32750 3550 3549 
32800 3561 3562 
32850 3543 3545 
32900 3547 3543 
32950 3536 3532 
33000 3531 3538 
33050 3550 3537 
33100 3543 3511 
33150 3549 3514 
33200 3542 3510 
33250 3545 3479 
33300 3518 3421 
33350 3544 3403 
33400 3541 3381 
33450 3564 3392 
33500 3551 3415 
33550 3550 3496 
33600 3532 3522 
33650 3549 3541 
33700 3549 3549 
33750 3536 3532 
33800 3544 3543 
33850 3542 3539 
33900 3564 3562 
33950 3560 3558 
34000 3540 3542 
34050 3542 3536 
34100 3551 3540 
34150 3553 3537 
34200 3541 3506 
34250 3541 3502 
34300 3547 3501 
34350 3530 3487 
34400 3549 3516 
34450 3544 3491 
34500 3529 3490 
34550 3549 3531 
34600 3549 3541 
34650 3544 3544 
34700 3539 3543 
34750 3543 3534 
34800 3541 3537 
34850 3534 3538 
34900 3559 3564 
34950 3526 3534 
35000 3544 3553 
35050 3526 3532 
35100 3544 3518 
35150 3542 3519 
35200 3544 3492 
35250 3546 3483 
35300 3545 3460 
35350 3536 3438 
35400 3549 3421 
35450 3538 3403 
35500 3546 3392 
35550 3521 3481 
35600 3540 3529 
35650 3556 3557 
35700 3562 3562 
35750 3544 3549 
35800 3564 3555 
35850 3555 3561 
35900 3540 3542 
35950 3540 3543 
36000 3540 3537 
36050 3558 3552 
36100 3551 3546 
36150 3532 3529 
36200 3547 3538 
36250 3539 3523 
36300 3539 3520 
36350 3549 3528 
36400 3541 3504 
36450 3544 3505 
36500 3546 3513 
36550 3542 3531 
36600 3547 3540 
36650 3534 3528 
36700 3549 3551 
36750 3548 3551 
36800 3565 3562 
36850 3551 3550 
36900 3559 3557 
36950 3542 3543 
37000 3550 3551 
37050 3540 3530 
37100 3538 3525 
37150 3548 3521 
37200 3547 3488 
37250 3535 3476 
37300 3520 3460 
37350 3547 3496 
37400 3539 3470 
37450 3541 3454 
37500 3562 3485 
37550 3541 3522 
37600 3553 3554 
37650 3549 3556 
37700 3550 3551 
37750 3548 3554 
37800 3542 3547 
37850 3547 3547 
37900 3546 3546 
37950 3543 3554 
38000 3549 3548 
38050 3544 3535 
38100 3557 3535 
38150 3566 3522 
38200 3559 3496 
38250 3552 3485 
38300 3542 3447 
38350 3540 3475 
38400 3565 3468 
38450 3544 3415 
38500 3550 3425 
38550 3547 3512 
38600 3556 3551 
38650 3545 3549 
38700 3544 3551 
38750 3554 3553 
38800 3541 3538 
38850 3545 3545 
38900 3558 3562 
38950 3549 3551 
39000 3552 3551 
39050 3556 3561 
39100 3546 3552 
39150 3553 3547 
39200 3546 3543 
39250 3549 3525 
39300 3533 3501 
39350 3523 3474 
39400 3546 3470 
39450 3539 3456 
39500 3546 3449 
39550 3537 3473 
39600 3550 3543 
39650 3542 3539 
39700 3535 3534 
39750 3554 3544 
39800 3544 3545 
39850 3551 3553 
39900 3545 3540 
39950 3559 3558 
40000 3537 3539 
40050 3541 3540 
40100 3554 3540 
40150 3541 3517 
40200 3540 3516 
40250 3547 3519 
40300 3542 3482 
40350 3552 3490 
40400 3561 3469 
40450 3550 3451 
40500 3551 3438 
40550 3558 3505 
40600 3548 3533 
40650 3548 3548 
40700 3559 3552 
40750 3551 3551 
40800 3546 3546 
40850 3541 3546 
40900 3552 3558 
40950 3559 3559 
41000 3555 3554 
41050 3548 3538 
41100 3544 3536 
41150 3544 3537 
41200 3533 3506 
41250 3555 3513 
41300 3543 3460 
41350 3555 3457 
41400 3540 3394 
41450 3558 3417 
41500 3541 3397 
41550 3543 3468 
41600 3555 3524 
41650 3538 3530 
41700 3537 3537 
41750 3537 3542 
41800 3536 3533 
41850 3536 3536 
41900 3547 3549 
41950 3539 3538 
42000 3549 3551 
42050 3539 3524 
42100 3544 3537 
42150 3551 3538 
42200 3556 3549 
42250 3553 3540 
42300 3540 3530 
42350 3547 3508 
42400 3550 3500 
42450 3546 3483 
42500 3563 3480 
42550 3545 3516 
42600 3539 3530 
42650 3537 3537 
42700 3542 3541 
42750 3534 3536 
42800 3560 3560 
42850 3547 3547 
42900 3554 3549 
42950 3565 3559 
43000 3567 3565 
43050 3553 3543 
43100 3577 3541 
43150 3558 3518 
43200 3538 3481 
43250 3558 3499 
43300 3555 3492 
43350 3548 3491 
43400 3561 3496 
43450 3544 3460 
43500 3541 3467 
43550 3551 3510 
43600 3521 3501 
43650 3548 3541 
43700 3539 3544 
43750 3548 3548 
43800 3549 3548 
43850 3547 3540 
43900 3554 3546 
43950 3537 3535 
44000 3541 3531 
44050 3554 3545 
44100 3538 3530 
44150 3548 3508 
44200 3543 3498 
44250 3550 3475 
44300 3549 3458 
44350 3542 3436 
44400 3551 3449 
44450 3531 3421 
44500 3546 3447 
44550 3548 3517 
44600 3547 3548 
44650 3556 3556 
44700 3541 3534 
44750 3548 3548 
44800 3554 3554 
44850 3549 3549 
44900 3539 3536 
44950 3538 3535 
45000 3539 3547 
45050 3567 3576 
45100 3560 3563 
45150 3538 3535 
45200 3542 3529 
45250 3547 3530 
45300 3536 3502 
45350 3531 3477 
45400 3542 3475 
45450 3538 3474 
45500 3547 3465 
45550 3550 3519 
45600 3544 3537 
45650 3556 3555 
45700 3556 3556 
45750 3540 3538 
45800 3535 3542 
45850 3545 3538 
45900 3541 3542 
45950 3563 3560 
46000 3564 3564 
46050 3548 3546 
46100 3544 3524 
46150 3551 3531 
46200 3560 3522 
46250 3545 3508 
46300 3574 3523 
46350 3561 3507 
46400 3535 3455 
46450 3545 3463 
46500 3553 3464 
46550 3538 3498 
46600 3549 3534 
46650 3549 3546 
46700 3537 3536 
46750 3553 3552 
46800 3545 3546 
46850 3539 3543 
46900 3553 3547 
46950 3543 3537 
47000 3524 3526 
47050 3543 3527 
47100 3539 3507 
47150 3557 3502 
47200 3558 3481 
47250 3557 3465 
47300 3538 3442 
47350 3540 3425 
47400 3553 3455 
47450 3548 3457 
47500 3525 3414 
47550 3549 3489 
47600 3558 3538 
47650 3552 3548 
47700 3551 3553 
47750 3549 3551 
47800 3551 3553 
47850 3550 3551 
47900 3541 3538 
47950 3543 3542 
48000 3557 3566 
48050 3531 3523 
48100 3546 3536 
48150 3542 3512 
48200 3549 3509 
48250 3557 3495 
48300 3557 3472 
48350 3558 3451 
48400 3555 3435 
48450 3541 3405 
48500 3553 3384 
48550 3548 3456 
48600 3552 3538 
48650 3546 3544 
48700 3545 3535 
48750 3546 3548 
48800 3542 3542 
48850 3539 3537 
48900 3563 3564 
48950 3556 3551 
49000 3561 3554 
49050 3555 3540 
49100 3540 3510 
49150 3544 3504 
49200 3551 3506 
49250 3552 3501 
49300 3551 3480 
49350 3553 3455 
49400 3543 3438 
49450 3558 3455 
49500 3539 3444 
49550 3563 3511 
49600 3546 3538 
49650 3537 3530 
49700 3554 3554 
49750 3550 3555 
49800 3559 3557 
49850 3543 3542 
49900 3543 3544 
49950 3547 3549 
50000 3534 3527 
50050 3553 3549 
50100 3539 3512 
50150 3556 3514 
50200 3561 3512 
50250 3538 3477 
50300 3546 3442 
50350 3533 3421 
50400 3535 3393 
50450 3550 3423 
50500 3567 3420 
50550 3543 3464 
50600 3550 3526 
50650 3545 3546 
50700 3556 3555 
50750 3554 3559 
50800 3555 3554 
50850 3552 3543 
50900 3562 3563 
50950 3548 3553 
51000 3540 3542 
51050 3544 3538 
51100 3546 3515 
51150 3536 3505 
51200 3533 3507 
51250 3560 3528 
51300 3549 3494 
51350 3543 3480 
51400 3548 3485 
51450 3556 3481 
51500 3550 3500 
51550 3552 3526 
51600 3557 3540 
51650 3549 3537 
51700 3541 3537 
51750 3533 3533 
51800 3550 3554 
51850 3547 3543 
51900 3542 3535 
51950 3533 3535 
52000 3554 3557 
52050 3534 3531 
52100 3556 3544 
52150 3540 3519 
52200 3542 3513 
52250 3546 3513 
52300 3549 3488 
52350 3552 3487 
52400 3558 3481 
52450 3557 3490 
52500 3536 3460 
52550 3551 3500 
52600 3546 3526 
52650 3538 3533 
52700 3539 3535 
52750 3537 3537 
52800 3553 3551 
52850 3526 3528 
52900 3544 3541 
52950 3546 3548 
53000 3549 3543 
53050 3547 3539 
53100 3563 3532 
53150 3550 3504 
53200 3551 3491 
53250 3559 3495 
53300 3554 3494 
53350 3548 3456 
53400 3542 3434 
53450 3553 3456 
53500 3559 3464 
53550 3557 3508 
53600 3546 3536 
53650 3544 3543 
53700 3538 3537 
53750 3551 3548 
53800 3563 3559 
53850 3541 3540 
53900 3548 3546 
53950 3557 3550 
54000 3537 3544 
54050 3544 3548 
54100 3556 3548 
54150 3552 3540 
54200 3566 3544 
54250 3554 3520 
54300 3545 3491 
54350 3557 3455 
54400 3547 3441 
54450 3546 3420 
54500 3539 3387 
54550 3545 3480 
54600 3556 3540 
54650 3552 3549 
54700 3540 3538 
54750 3539 3539 
54800 3546 3544 
54850 3553 3556 
54900 3551 3541 
54950 3546 3546 
55000 3540 3536 
55050 3558 3555 
55100 3559 3543 
55150 3559 3534 
55200 3558 3500 
55250 3529 3446 
55300 3557 3455 
55350 3558 3441 
55400 3529 3404 
55450 3558 3420 
55500 3559 3396 
55550 3555 3490 
55600 3534 3512 
55650 3540 3536 
55700 3562 3557 
55750 3549 3550 
55800 3554 3548 
55850 3541 3532 
55900 3556 3557 
55950 3559 3557 
56000 3531 3530 
56050 3539 3519 
56100 3560 3526 
56150 3548 3477 
56200 3545 3461 
56250 3537 3442 
56300 3532 3418 
56350 3539 3416 
56400 3546 3390 
56450 3539 3369 
56500 3546 3375 
56550 3537 3463 
56600 3537 3519 
56650 3544 3541 
56700 3551 3544 
56750 3553 3552 
56800 3562 3567 
56850 3544 3541 
56900 3531 3532 
56950 3558 3551 
57000 3566 3566 
57050 3542 3532 
57100 3545 3534 
57150 3544 3540 
57200 3541 3528 
57250 3557 3510 
57300 3550 3484 
57350 3544 3475 
57400 3548 3439 
57450 3553 3409 
57500 3546 3412 
57550 3539 3496 
57600 3539 3530 
57650 3544 3536 
57700 3547 3538 
57750 3553 3549 
57800 3542 3540 
57850 3554 3549 
57900 3538 3543 
57950 3548 3549 
58000 3553 3550 
58050 3536 3523 
58100 3547 3534 
58150 3546 3516 
58200 3542 3506 
58250 3542 3519 
58300 3553 3487 
58350 3531 3483 
58400 3551 3485 
58450 3547 3467 
58500 3547 3453 
58550 3549 3503 
58600 3545 3519 
58650 3563 3548 
58700 3547 3537 
58750 3550 3546 
58800 3542 3542 
58850 3548 3549 
58900 3556 3555 
58950 3540 3540 
59000 3551 3548 
59050 3552 3538 
59100 3551 3526 
59150 3548 3532 
59200 3542 3510 
59250 3530 3471 
59300 3547 3459 
59350 3554 3448 
59400 3550 3439 
59450 3544 3425 
59500 3548 3415 
59550 3524 3482 
59600 3548 3527 
59650 3531 3521 
59700 3556 3555 
59750 3544 3538 
59800 3543 3542 
59850 3554 3549 
59900 3553 3547 
59950 3550 3551 
60000 3567 3561 
60050 3549 3536 
60100 3564 3536 
60150 3536 3496 
60200 3550 3495 
60250 3544 3483 
60300 3549 3466 
60350 3535 3441 
60400 3539 3425 
60450 3532 3427 
60500 3550 3439 
60550 3548 3495 
60600 3550 3537 
60650 3544 3538 
60700 3527 3539 
60750 3542 3542 
60800 3541 3535 
60850 3542 3545 
60900 3560 3560 
60950 3540 3536 
61000 3539 3520 
61050 3531 3522 
61100 3554 3545 
61150 3542 3527 
61200 3529 3490 
61250 3543 3473 
61300 3548 3436 
61350 3523 3379 
61400 3542 3379 
61450 3531 3352 
61500 3546 3373 
61550 3547 3491 
61600 3553 3527 
61650 3539 3532 
61700 3547 3542 
61750 3553 3547 
61800 3574 3569 
61850 3555 3552 
61900 3546 3534 
61950 3552 3547 
62000 3559 3550 
62050 3551 3531 
62100 3558 3518 
62150 3553 3488 
62200 3539 3462 
62250 3552 3453 
62300 3538 3416 
62350 3544 3407 
62400 3542 3422 
62450 3542 3388 
62500 3541 3374 
62550 3548 3445 
62600 3556 3491 
62650 3540 3516 
62700 3552 3543 
62750 3549 3539 
62800 3552 3544 
62850 3551 3545 
62900 3548 3545 
62950 3541 3538 
63000 3544 3535 
63050 3552 3535 
63100 3561 3526 
63150 3557 3503 
63200 3552 3486 
63250 3571 3479 
63300 3546 3445 
63350 3562 3441 
63400 3539 3403 
63450 3545 3391 
63500 3528 3332 
63550 3549 3440 
63600 3547 3520 
63650 3543 3527 
63700 3528 3521 
63750 3557 3553 
63800 3550 3546 
63850 3541 3542 
63900 3532 3527 
63950 3543 3549 
64000 3547 3546 
64050 3549 3530 
64100 3547 3499 
64150 3536 3479 
64200 3526 3445 
64250 3548 3451 
64300 3547 3449 
64350 3548 3451 
64400 3561 3442 
64450 3542 3416 
64500 3541 3408 
64550 3534 3482 
64600 3545 3533 
64650 3536 3518 
64700 3536 3533 
64750 3541 3535 
64800 3539 3531 
64850 3542 3531 
64900 3550 3544 
64950 3556 3546 
65000 3557 3545 
65050 3545 3523 
65100 3534 3494 
65150 3543 3489 
65200 3545 3472 
65250 3544 3414 
65300 3547 3415 
65350 3549 3384 
65400 3567 3402 
65450 3542 3358 
65500 3545 3368 
65550 3554 3459 
65600 3547 3525 
65650 3545 3536 
65700 3536 3533 
65750 3560 3548 
65800 3553 3547 
65850 3533 3512 
65900 3541 3540 
65950 3549 3537 
66000 3539 3542 
66050 3554 3542 
66100 3545 3542 
66150 3547 3517 
66200 3555 3512 
66250 3549 3488 
66300 3546 3473 
66350 3555 3452 
66400 3542 3413 
66450 3546 3419 
66500 3550 3409 
66550 3541 3482 
66600 3545 3515 
66650 3548 3536 
66700 3545 3539 
66750 3554 3539 
66800 3556 3549 
66850 3548 3534 
66900 3543 3539 
66950 3535 3523 
67000 3543 3542 
67050 3543 3509 
67100 3560 3505 
67150 3532 3445 
67200 3546 3431 
67250 3551 3399 
67300 3565 3386 
67350 3519 3359 
67400 3553 3392 
67450 3542 3362 
67500 3543 3332 
67550 3554 3433 
67600 3543 3501 
67650 3545 3515 
67700 3555 3544 
67750 3540 3534 
67800 3535 3528 
67850 3548 3529 
67900 3522 3510 
67950 3552 3544 
68000 3550 3545 
68050 3548 3544 
68100 3545 3502 
68150 3546 3445 
68200 3556 3429 
68250 3536 3377 
68300 3555 3326 
68350 3547 3290 
68400 3544 3258 
68450 3562 3256 
68500 3557 3204 
68550 3516 3325 
68600 3534 3472 
68650 3522 3501 
68700 3539 3529 
68750 3537 3528 
68800 3538 3529 
68850 3550 3536 
68900 3538 3526 
68950 3556 3540 
69000 3558 3542 
69050 3554 3526 
69100 3564 3519 
69150 3547 3495 
69200 3558 3468 
69250 3556 3429 
69300 3550 3411 
69350 3550 3356 
69400 3552 3365 
69450 3540 3361 
69500 3526 3354 
69550 3551 3465 
69600 3551 3533 
69650 3549 3527 
69700 3559 3541 
69750 3532 3520 
69800 3547 3533 
69850 3544 3525 
69900 3547 3528 
69950 3547 3543 
70000 3556 3545 
70050 3555 3532 
70100 3550 3505 
70150 3541 3484 
70200 3553 3480 
70250 3539 3479 
70300 3537 3445 
70350 3546 3404 
70400 3552 3405 
70450 3548 3351 
70500 3553 3343 
70550 3540 3428 
70600 3564 3505 
70650 3539 3514 
70700 3547 3536 
70750 3546 3546 
70800 3543 3541 
70850 3542 3520 
70900 3529 3513 
70950 3551 3538 
71000 3558 3539 
71050 3551 3508 
71100 3551 3478 
71150 3532 3429 
71200 3554 3418 
71250 3554 3380 
71300 3554 3350 
71350 3565 3349 
71400 3556 3303 
71450 3557 3267 
71500 3549 3264 
71550 3548 3391 
71600 3553 3492 
71650 3551 3539 
71700 3551 3548 
71750 3530 3525 
71800 3555 3540 
71850 3556 3543 
71900 3548 3539 
71950 3550 3528 
72000 3532 3513 
72050 3558 3510 
72100 3559 3503 
72150 3560 3460 
72200 3556 3426 
72250 3557 3358 
72300 3553 3329 
72350 3549 3269 
72400 3555 3237 
72450 3556 3211 
72500 3550 3233 
72550 3543 3384 
72600 3545 3492 
72650 3552 3531 
72700 3557 3540 
72750 3538 3527 
72800 3547 3538 
72850 3542 3531 
72900 3551 3538 
72950 3526 3509 
73000 3555 3541 
73050 3547 3516 
73100 3543 3493 
73150 3542 3462 
73200 3536 3416 
73250 3547 3418 
73300 3549 3375 
73350 3541 3383 
73400 3549 3387 
73450 3535 3330 
73500 3548 3326 
73550 3543 3412 
73600 3547 3491 
73650 3546 3531 
73700 3536 3524 
73750 3550 3524 
73800 3549 3532 
73850 3567 3560 
73900 3565 3550 
73950 3550 3532 
74000 3561 3548 
74050 3554 3524 
74100 3543 3490 
74150 3551 3452 
74200 3561 3447 
74250 3549 3413 
74300 3553 3384 
74350 3538 3349 
74400 3543 3323 
74450 3549 3278 
74500 3545 3238 
74550 3540 3395 
74600 3542 3475 
74650 3542 3529 
74700 3548 3537 
74750 3564 3548 
74800 3552 3543 
74850 3560 3551 
74900 3542 3532 
74950 3549 3531 
75000 3533 3508 
75050 3544 3493 
75100 3546 3473 
75150 3552 3468 
75200 3544 3401 
75250 3559 3390 
75300 3540 3367 
75350 3549 3349 
75400 3549 3282 
75450 3541 3248 
75500 3538 3255 
75550 3532 3376 
75600 3551 3503 
75650 3542 3516 
75700 3535 3520 
75750 3553 3532 
75800 3542 3530 
75850 3564 3537 
75900 3549 3540 
75950 3540 3519 
76000 3527 3521 
76050 3542 3501 
76100 3548 3476 
76150 3544 3445 
76200 3553 3426 
76250 3552 3424 
76300 3529 3397 
76350 3549 3392 
76400 3539 3315 
76450 3546 3328 
76500 3552 3292 
76550 3560 3403 
76600 3551 3493 
76650 3554 3523 
76700 3548 3523 
76750 3555 3528 
76800 3545 3526 
76850 3546 3531 
76900 3553 3538 
76950 3547 3522 
77000 3560 3539 
77050 3546 3515 
77100 3540 3477 
77150 3561 3461 
77200 3556 3427 
77250 3552 3405 
77300 3556 3379 
77350 3549 3306 
77400 3547 3288 
77450 3547 3258 
77500 3560 3241 
77550 3554 3409 
77600 3553 3495 
77650 3551 3521 
77700 3553 3539 
77750 3549 3536 
77800 3565 3550 
77850 3552 3542 
77900 3560 3545 
77950 3548 3533 
78000 3548 3531 
78050 3538 3497 
78100 3551 3485 
78150 3549 3455 
78200 3547 3435 
78250 3539 3400 
78300 3549 3377 
78350 3561 3295 
78400 3551 3247 
78450 3556 3234 
78500 3540 3219 
78550 3554 3402 
78600 3553 3496 
78650 3557 3527 
78700 3542 3516 
78750 3535 3510 
78800 3555 3530 
78850 3551 3539 
78900 3546 3525 
78950 3559 3543 
79000 3572 3552 
79050 3551 3521 
79100 3556 3490 
79150 3548 3435 
79200 3544 3363 
79250 3546 3282 
79300 3548 3291 
79350 3545 3267 
79400 3559 3206 
79450 3542 3161 
79500 3556 3191 
79550 3539 3330 
79600 3552 3467 
79650 3561 3524 
79700 3548 3510 
79750 3552 3525 
79800 3552 3530 
79850 3550 3531 
79900 3566 3543 
79950 3563 3550 
80000 3541 3522 
80050 3544 3490 
80100 3573 3454 
80150 3568 3368 
80200 3555 3323 
80250 3541 3252 
80300 3551 3271 
80350 3558 3245 
80400 3546 3208 
80450 3549 3172 
80500 3558 3111 
80550 3548 3326 
80600 3561 3497 
80650 3551 3529 
80700 3531 3510 
80750 3534 3506 
80800 3548 3520 
80850 3571 3556 
80900 3559 3545 
80950 3550 3531 
81000 3562 3543 
81050 3539 3505 
81100 3556 3472 
81150 3547 3428 
81200 3524 3410 
81250 3542 3408 
81300 3549 3420 
81350 3548 3397 
81400 3554 3353 
81450 3561 3311 
81500 3550 3293 
81550 3558 3392 
81600 3551 3488 
81650 3556 3535 
81700 3556 3541 
81750 3548 3522 
81800 3546 3525 
81850 3549 3535 
81900 3557 3539 
81950 3558 3543 
82000 3541 3525 
82050 3562 3528 
82100 3553 3489 
82150 3555 3445 
82200 3544 3388 
82250 3561 3401 
82300 3559 3345 
82350 3556 3304 
82400 3551 3248 
82450 3553 3204 
82500 3550 3200 
82550 3546 3383 
82600 3553 3500 
82650 3555 3534 
82700 3555 3533 
82750 3554 3543 
82800 3552 3541 
82850 3537 3529 
82900 3543 3515 
82950 3542 3526 
83000 3553 3534 
83050 3551 3513 
83100 3557 3466 
83150 3547 3395 
83200 3558 3354 
83250 3550 3316 
83300 3555 3289 
83350 3555 3271 
83400 3552 3218 
83450 3546 3148 
83500 3550 3042 
83550 3556 3312 
83600 3561 3467 
83650 3554 3510 
83700 3562 3525 
83750 3564 3540 
83800 3557 3545 
83850 3559 3541 
83900 3560 3545 
83950 3551 3530 
84000 3556 3543 
84050 3539 3496 
84100 3560 3471 
84150 3547 3435 
84200 3562 3402 
84250 3553 3381 
84300 3559 3324 
84350 3550 3250 
84400 3545 3234 
84450 3560 3217 
84500 3548 3194 
84550 3557 3391 
84600 3534 3477 
84650 3536 3515 
84700 3563 3544 
84750 3549 3537 
84800 3552 3530 
84850 3544 3522 
84900 3560 3540 
84950 3546 3516 
85000 3552 3527 
85050 3553 3519 
85100 3565 3493 
85150 3546 3438 
85200 3549 3417 
85250 3549 3387 
85300 3547 3365 
85350 3553 3376 
85400 3542 3318 
85450 3555 3272 
85500 3546 3239 
85550 3554 3397 
85600 3539 3480 
85650 3550 3512 
85700 3545 3520 
85750 3526 3516 
85800 3564 3545 
85850 3540 3519 
85900 3555 3535 
85950 3554 3519 
86000 3560 3536 
86050 3545 3501 
86100 3551 3477 
86150 3547 3450 
86200 3548 3408 
86250 3547 3347 
86300 3558 3273 
86350 3560 3162 
86400 3574 3101 
86450 3565 3094 
86500 3540 3053 
86550 3553 3326 
86600 3541 3466 
86650 3555 3522 
86700 3562 3540 
86750 3543 3520 
86800 3557 3528 
86850 3553 3534 
86900 3554 3534 
86950 3546 3520 
87000 3551 3523 
87050 3555 3515 
87100 3566 3488 
87150 3549 3436 
87200 3558 3386 
87250 3552 3330 
87300 3556 3270 
87350 3546 3218 
87400 3561 3204 
87450 3548 3125 
87500 3559 3169 
87550 3557 3336 
87600 3553 3493 
87650 3561 3516 
87700 3545 3515 
87750 3555 3524 
87800 3568 3546 
87850 3555 3517 
87900 3553 3515 
87950 3563 3531 
88000 3549 3517 
88050 3562 3506 
88100 3557 3430 
88150 3563 3374 
88200 3556 3322 
88250 3543 3269 
88300 3545 3212 
88350 3551 3202 
88400 3530 3171 
88450 3554 3156 
88500 3555 3176 
88550 3550 3332 
88600 3547 3457 
88650 3563 3515 
88700 3567 3529 
88750 3559 3535 
88800 3552 3533 
88850 3554 3516 
88900 3553 3527 
88950 3552 3523 
89000 3563 3536 
89050 3550 3493 
89100 3568 3440 
89150 3561 3412 
89200 3560 3359 
89250 3560 3264 
89300 3569 3222 
89350 3552 3177 
89400 3558 3090 
89450 3559 3070 
89500 3557 3068 
89550 3575 3322 
89600 3549 3470 
89650 3543 3501 
89700 3555 3526 
89750 3553 3522 
89800 3552 3535 
89850 3554 3537 
89900 3561 3525 
89950 3564 3534 
90000 3550 3510 
90050 3563 3507 
90100 3553 3432 
90150 3558 3394 
90200 3565 3365 
90250 3546 3273 
90300 3552 3183 
90350 3537 3145 
90400 3557 3122 
90450 3565 3027 
90500 3553 3024 
90550 3558 3239 
90600 3555 3420 
90650 3553 3491 
90700 3552 3512 
90750 3552 3527 
90800 3561 3534 
90850 3550 3524 
90900 3572 3545 
90950 3546 3510 
91000 3553 3519 
91050 3565 3505 
91100 3567 3454 
91150 3554 3395 
91200 3570 3343 
91250 3562 3289 
91300 3562 3181 
91350 3559 3138 
91400 3557 3072 
91450 3563 3077 
91500 3563 3022 
91550 3573 3296 
91600 3566 3459 
91650 3556 3503 
91700 3562 3528 
91750 3547 3513 
91800 3562 3533 
91850 3558 3530 
91900 3555 3528 
91950 3558 3529 
92000 3560 3522 
92050 3556 3513 
92100 3561 3478 
92150 3549 3393 
92200 3556 3334 
92250 3540 3257 
92300 3559 3237 
92350 3564 3201 
92400 3551 3118 
92450 3560 3049 
92500 3561 3045 
92550 3547 3347 
92600 3543 3466 
92650 3558 3507 
92700 3562 3512 
92750 3556 3523 
92800 3562 3539 
92850 3561 3518 
92900 3558 3527 
92950 3561 3518 
93000 3552 3523 
93050 3541 3493 
93100 3556 3447 
93150 3552 3408 
93200 3559 3335 
93250 3552 3246 
93300 3544 3166 
93350 3558 3087 
93400 3562 3053 
93450 3562 2998 
93500 3557 2974 
93550 3559 3289 
93600 3562 3470 
93650 3555 3512 
93700 3552 3525 
93750 3568 3548 
93800 3568 3528 
93850 3565 3540 
93900 3567 3540 
93950 3557 3528 
94000 3568 3537 
94050 3552 3457 
94100 3552 3401 
94150 3549 3337 
94200 3551 3328 
94250 3557 3308 
94300 3546 3181 
94350 3554 3192 
94400 3560 3174 
94450 3554 3169 
94500 3549 3129 
94550 3564 3349 
94600 3552 3462 
94650 3564 3516 
94700 3546 3501 
94750 3551 3516 
94800 3568 3520 
94850 3563 3542 
94900 3549 3531 
94950 3564 3523 
95000 3542 3513 
95050 3557 3490 
95100 3540 3457 
95150 3558 3433 
95200 3548 3357 
95250 3572 3318 
95300 3565 3244 
95350 3547 3179 
95400 3552 3094 
95450 3555 3084 
95500 3564 3010 
95550 3561 3255 
95600 3555 3430 
95650 3565 3512 
95700 3562 3520 
95750 3567 3536 
95800 3561 3529 
95850 3552 3519 
95900 3564 3528 
95950 3559 3525 
96000 3551 3523 
96050 3564 3515 
96100 3565 3473 
96150 3566 3410 
96200 3552 3364 
96250 3560 3313 
96300 3552 3266 
96350 3561 3205 
96400 3559 3218 
96450 3555 3174 
96500 3557 3090 
96550 3550 3325 
96600 3563 3485 
96650 3561 3532 
96700 3554 3521 
96750 3557 3515 
96800 3564 3536 
96850 3548 3524 
96900 3570 3541 
96950 3550 3520 
97000 3559 3531 
97050 3555 3501 
97100 3559 3448 
97150 3556 3377 
97200 3560 3326 
97250 3552 3230 
97300 3562 3186 
97350 3558 3117 
97400 3569 3105 
97450 3557 3015 
97500 3547 2928 
97550 3553 3239 
97600 3559 3463 
97650 3563 3521 
97700 3567 3539 
97750 3562 3526 
97800 3570 3528 
97850 3563 3529 
97900 3556 3519 
97950 3547 3525 
98000 3545 3515 
98050 3567 3487 
98100 3546 3441 
98150 3543 3369 
98200 3565 3328 
98250 3552 3270 
98300 3560 3261 
98350 3552 3220 
98400 3547 3139 
98450 3554 3118 
98500 3558 3033 
98550 3552 3294 
98600 3565 3495 
98650 3560 3516 
98700 3555 3516 
98750 3559 3513 
98800 3569 3530 
98850 3574 3547 
98900 3543 3516 
98950 3556 3515 
99000 3555 3515 
99050 3573 3465 
99100 3571 3405 
99150 3574 3321 
99200 3566 3279 
99250 3552 3232 
99300 3556 3168 
99350 3557 3035 
99400 3572 3045 
99450 3556 3002 
99500 3562 2968 
99550 3555 3321 
99600 3559 3462 
99650 3553 3526 
99700 3551 3503 
99750 3567 3541 
99800 3555 3521 
99850 3550 3511 
99900 3546 3507 
99950 3556 3521 
100000 3562 3521 
100050 3553 3495 
100100 3579 3474 
100150 3566 3438 
100200 3573 3385 
100250 3558 3311 
100300 3560 3241 
100350 3571 3212 
100400 3568 3164 
100450 3559 3068 
100500 3549 3038 
100550 3563 3314 
100600 3560 3461 
100650 3559 3512 
100700 3533 3484 
100750 3571 3532 
100800 3560 3520 
100850 3547 3504 
100900 3542 3494 
100950 3557 3526 
101000 3557 3517 
101050 3567 3492 
101100 3569 3430 
101150 3559 3365 
101200 3549 3282 
101250 3543 3245 
101300 3537 3113 
101350 3554 3079 
101400 3553 3037 
101450 3544 2951 
101500 3554 2929 
101550 3565 3247 
101600 3546 3416 
101650 3561 3510 
101700 3555 3511 
101750 3560 3521 
101800 3564 3527 
101850 3561 3521 
101900 3562 3531 
101950 3564 3519 
102000 3557 3542 
102050 3571 3492 
102100 3558 3421 
102150 3564 3384 
102200 3543 3247 
102250 3551 3195 
102300 3567 3077 
102350 3571 3009 
102400 3571 2977 
102450 3570 2872 
102500 3558 2814 
102550 3565 3196 
102600 3569 3421 
102650 3567 3523 
102700 3552 3506 
102750 3561 3549 
102800 3564 3524 
102850 3569 3530 
102900 3566 3516 
102950 3561 3530 
103000 3556 3519 
103050 3557 3479 
103100 3564 3443 
103150 3562 3398 
103200 3569 3362 
103250 3565 3286 
103300 3539 3208 
103350 3557 3167 
103400 3555 3094 
103450 3552 2989 
103500 3554 2917 
103550 3547 3270 
103600 3562 3447 
103650 3569 3526 
103700 3547 3499 
103750 3555 3527 
103800 3559 3521 
103850 3569 3534 
103900 3559 3525 
103950 3558 3520 
104000 3563 3527 
104050 3568 3488 
104100 3568 3438 
104150 3550 3382 
104200 3569 3344 
104250 3558 3288 
104300 3571 3228 
104350 3559 3152 
104400 3546 3083 
104450 3560 3024 
104500 3550 2953 
104550 3561 3218 
104600 3561 3429 
104650 3538 3486 
104700 3562 3507 
104750 3558 3521 
104800 3567 3531 
104850 3555 3505 
104900 3561 3524 
104950 3550 3513 
105000 3566 3532 
105050 3558 3489 
105100 3559 3429 
105150 3565 3394 
105200 3546 3278 
105250 3552 3225 
105300 3551 3192 
105350 3563 3172 
105400 3552 3076 
105450 3562 3043 
105500 3563 3047 
105550 3552 3308 
105600 3564 3487 
105650 3553 3504 
105700 3559 3530 
105750 3555 3527 
105800 3556 3524 
105850 3556 3522 
105900 3558 3532 
105950 3550 3513 
106000 3555 3525 
106050 3557 3498 
106100 3567 3417 
106150 3539 3326 
106200 3553 3282 
106250 3561 3234 
106300 3564 3156 
106350 3566 3131 
106400 3565 3059 
106450 3548 2981 
106500 3553 2896 
106550 3557 3241 
106600 3557 3435 
106650 3565 3520 
106700 3562 3503 
106750 3550 3496 
106800 3560 3530 
106850 3560 3521 
106900 3567 3526 
106950 3562 3511 
107000 3555 3527 
107050 3581 3478 
107100 3553 3376 
107150 3553 3288 
107200 3569 3284 
107250 3558 3146 
107300 3561 3095 
107350 3567 3083 
107400 3540 3038 
107450 3557 2987 
107500 3558 2892 
107550 3548 3221 
107600 3551 3422 
107650 3544 3492 
107700 3549 3504 
107750 3543 3507 
107800 3559 3521 
107850 3558 3537 
107900 3555 3517 
107950 3563 3532 
108000 3544 3512 
108050 3557 3482 
108100 3557 3433 
108150 3570 3394 
108200 3548 3350 
108250 3536 3304 
108300 3551 3249 
108350 3546 3168 
108400 3554 3129 
108450 3564 3096 
108500 3550 3081 
108550 3557 3343 
108600 3544 3480 
108650 3554 3521 
108700 3542 3526 
108750 3545 3516 
108800 3562 3539 
108850 3565 3528 
108900 3555 3519 
108950 3555 3525 
109000 3552 3519 
109050 3557 3481 
109100 3557 3432 
109150 3558 3360 
109200 3546 3287 
109250 3552 3214 
109300 3539 3161 
109350 3547 3110 
109400 3560 3000 
109450 3544 2891 
109500 3567 2846 
109550 3560 3284 
109600 3553 3468 
109650 3554 3521 
109700 3551 3528 
109750 3563 3532 
109800 3546 3514 
109850 3548 3521 
109900 3545 3522 
109950 3559 3521 
110000 3548 3511 
110050 3553 3447 
110100 3551 3344 
110150 3560 3221 
110200 3559 3146 
110250 3567 3089 
110300 3554 2971 
110350 3567 2920 
110400 3566 2832 
110450 3550 2801 
110500 3566 2700 
110550 3553 3204 
110600 3560 3473 
110650 3549 3530 
110700 3557 3527 
110750 3547 3521 
110800 3566 3529 
110850 3561 3538 
110900 3568 3545 
110950 3558 3525 
111000 3544 3510 
111050 3559 3474 
111100 3551 3403 
111150 3571 3328 
111200 3559 3229 
111250 3555 3171 
111300 3567 3146 
111350 3544 3071 
111400 3553 2981 
111450 3560 2898 
111500 3565 2800 
111550 3571 3304 
111600 3555 3497 
111650 3551 3513 
111700 3556 3513 
111750 3566 3546 
111800 3551 3516 
111850 3556 3524 
111900 3563 3529 
111950 3558 3531 
112000 3549 3516 
112050 3556 3492 
112100 3559 3422 
112150 3555 3341 
112200 3545 3258 
112250 3561 3193 
112300 3563 3123 
112350 3552 3057 
112400 3557 3058 
112450 3563 3028 
112500 3560 2922 
112550 3558 3287 
112600 3553 3477 
112650 3560 3530 
112700 3556 3526 
112750 3550 3512 
112800 3552 3521 
112850 3560 3533 
112900 3560 3523 
112950 3554 3513 
113000 3558 3524 
113050 3544 3495 
113100 3567 3471 
113150 3566 3422 
113200 3565 3313 
113250 3555 3229 
113300 3553 3172 
113350 3572 3118 
113400 3566 3036 
113450 3556 2956 
113500 3567 2946 
113550 3556 3248 
113600 3551 3466 
113650 3553 3513 
113700 3551 3512 
113750 3559 3523 
113800 3563 3526 
113850 3563 3529 
113900 3569 3553 
113950 3564 3527 
114000 3556 3517 
114050 3570 3491 
114100 3560 3417 
114150 3551 3380 
114200 3558 3324 
114250 3557 3249 
114300 3547 3159 
114350 3556 3190 
114400 3562 3152 
114450 3553 3097 
114500 3556 3056 
114550 3556 3334 
114600 3554 3500 
114650 3549 3516 
114700 3569 3538 
114750 3545 3510 
114800 3557 3533 
114850 3567 3539 
114900 3562 3526 
114950 3564 3546 
115000 3561 3546 
115050 3552 3487 
115100 3540 3403 
115150 3558 3335 
115200 3564 3265 
115250 3566 3186 
115300 3557 3068 
115350 3560 3001 
115400 3547 2976 
115450 3547 2972 
115500 3545 2927 
115550 3557 3328 
115600 3560 3494 
115650 3555 3518 
115700 3557 3529 
115750 3561 3543 
115800 3558 3536 
115850 3562 3534 
115900 3551 3525 
115950 3566 3536 
116000 3564 3538 
116050 3551 3489 
116100 3555 3395 
116150 3555 3304 
116200 3574 3269 
116250 3566 3168 
116300 3571 3103 
116350 3573 3038 
116400 3554 2976 
116450 3556 2947 
116500 3558 2903 
116550 3564 3344 
116600 3563 3501 
116650 3564 3526 
116700 3562 3533 
116750 3563 3534 
116800 3560 3532 
116850 3569 3546 
116900 3574 3543 
116950 3568 3538 
117000 3565 3540 
117050 3560 3488 
117100 3552 3399 
117150 3557 3365 
117200 3557 3277 
117250 3563 3199 
117300 3553 3083 
117350 3558 3036 
117400 3565 2923 
117450 3568 2854 
117500 3562 2831 
117550 3561 3224 
117600 3563 3462 
117650 3568 3524 
117700 3562 3537 
117750 3560 3528 
117800 3572 3532 
117850 3560 3530 
117900 3553 3525 
117950 3564 3535 
118000 3565 3529 
118050 3562 3485 
118100 3566 3387 
118150 3569 3284 
118200 3571 3190 
118250 3554 3125 
118300 3563 3077 
118350 3570 3016 
118400 3566 2975 
118450 3567 2943 
118500 3579 2935 
118550 3566 3338 
118600 3555 3499 
118650 3559 3533 
118700 3555 3529 
118750 3574 3536 
118800 3569 3546 
118850 3549 3518 
118900 3563 3520 
118950 3569 3529 
119000 3552 3529 
119050 3548 3489 
119100 3564 3444 
119150 3569 3301 
119200 3555 3247 
119250 3567 3196 
119300 3562 3087 
119350 3556 3032 
119400 3553 2932 
119450 3568 2820 
119500 3561 2798 
119550 3555 3228 
119600 3566 3466 
119650 3558 3510 
119700 3552 3530 
119750 3570 3541 
119800 3570 3535 
119850 3571 3540 
119900 3564 3544 
119950 3561 3522 
120000 3563 3530 
120050 3576 3519 
120100 3575 3427 
120150 3567 3378 
120200 3566 3330 
120250 3564 3335 
120300 3560 3267 
120350 3561 3212 
120400 3575 3177 
120450 3560 3074 
120500 3564 3003 
120550 3565 3345 
120600 3560 3495 
120650 3563 3527 
120700 3576 3526 
120750 3559 3532 
120800 3561 3526 
120850 3549 3519 
120900 3569 3538 
120950 3570 3534 
121000 3557 3531 
121050 3551 3484 
121100 3560 3411 
121150 3557 3382 
121200 3572 3312 
121250 3561 3246 
121300 3569 3201 
121350 3562 3111 
121400 3577 3055 
121450 3573 2969 
121500 3564 2899 
121550 3552 3333 
121600 3564 3487 
121650 3563 3526 
121700 3553 3527 
121750 3561 3539 
121800 3548 3514 
121850 3562 3541 
121900 3562 3529 
121950 3561 3529 
122000 3555 3528 
122050 3575 3503 
122100 3566 3413 
122150 3563 3333 
122200 3566 3290 
122250 3572 3243 
122300 3572 3188 
122350 3559 3132 
122400 3563 3080 
122450 3560 2993 
122500 3559 3022 
122550 3545 3320 
122600 3566 3502 
122650 3569 3547 
122700 3568 3542 
122750 3575 3547 
122800 3565 3521 
122850 3565 3535 
122900 3562 3539 
122950 3560 3540 
123000 3553 3529 
123050 3564 3498 
123100 3554 3432 
123150 3567 3376 
123200 3569 3321 
123250 3567 3243 
123300 3562 3144 
123350 3562 3072 
123400 3559 3031 
123450 3561 3016 
123500 3553 2984 
123550 3557 3344 
123600 3569 3513 
123650 3565 3531 
123700 3556 3538 
123750 3553 3529 
123800 3553 3507 
123850 3571 3526 
123900 3572 3532 
123950 3551 3532 
124000 3572 3539 
124050 3569 3514 
124100 3566 3441 
124150 3569 3380 
124200 3569 3311 
124250 3560 3233 
124300 3565 3174 
124350 3555 3115 
124400 3564 3091 
124450 3566 3007 
124500 3562 2901 
124550 3566 3329 
124600 3560 3509 
124650 3551 3522 
124700 3564 3526 
124750 3570 3533 
124800 3571 3538 
124850 3566 3547 
124900 3555 3521 
124950 3573 3541 
125000 3569 3542 
125050 3549 3470 
125100 3557 3406 
125150 3565 3355 
125200 3562 3284 
125250 3542 3181 
125300 3566 3115 
125350 3569 3026 
125400 3564 3000 
125450 3562 2938 
125500 3570 2935 
125550 3575 3320 
125600 3548 3468 
125650 3553 3509 
125700 3540 3508 
125750 3550 3529 
125800 3557 3529 
125850 3573 3526 
125900 3567 3530 
125950 3562 3511 
126000 3553 3507 
126050 3559 3469 
126100 3549 3400 
126150 3567 3288 
126200 3566 3271 
126250 3567 3167 
126300 3561 3111 
126350 3567 3060 
126400 3565 2988 
126450 3565 2932 
126500 3555 2825 
126550 3564 3315 
126600 3563 3508 
126650 3549 3524 
126700 3567 3533 
126750 3554 3526 
126800 3566 3517 
126850 3561 3535 
126900 3565 3536 
126950 3568 3539 
127000 3569 3522 
127050 3552 3469 
127100 3557 3399 
127150 3573 3355 
127200 3574 3309 
127250 3563 3225 
127300 3555 3154 
127350 3573 3123 
127400 3563 3066 
127450 3571 3021 
127500 3566 2930 
127550 3575 3301 
127600 3570 3504 
127650 3557 3519 
127700 3571 3539 
127750 3562 3535 
127800 3571 3535 
127850 3564 3522 
127900 3555 3528 
127950 3564 3534 
128000 3568 3525 
128050 3563 3499 
128100 3570 3413 
128150 3561 3369 
128200 3566 3333 
128250 3568 3273 
128300 3552 3185 
128350 3561 3065 
128400 3566 3059 
128450 3576 3026 
128500 3572 2920 
128550 3573 3235 
128600 3563 3459 
128650 3562 3523 
128700 3565 3535 
128750 3557 3518 
128800 3564 3520 
128850 3568 3536 
128900 3564 3538 
128950 3562 3519 
129000 3560 3518 
129050 3568 3488 
129100 3566 3426 
129150 3555 3306 
129200 3548 3211 
129250 3572 3176 
129300 3562 3044 
129350 3562 3008 
129400 3569 3003 
129450 3569 2932 
129500 3576 2828 
129550 3569 3243 
129600 3565 3482 
129650 3553 3511 
129700 3567 3537 
129750 3567 3538 
129800 3568 3545 
129850 3557 3526 
129900 3566 3538 
129950 3572 3546 
130000 3563 3527 
130050 3570 3477 
130100 3563 3382 
130150 3565 3347 
130200 3550 3255 
130250 3559 3157 
130300 3566 3130 
130350 3571 3102 
130400 3567 3079 
130450 3563 3054 
130500 3567 2965 
130550 3567 3337 
130600 3567 3503 
130650 3559 3536 
130700 3562 3526 
130750 3558 3518 
130800 3568 3536 
130850 3576 3534 
130900 3569 3541 
130950 3575 3531 
131000 3567 3540 
131050 3556 3490 
131100 3564 3407 
131150 3565 3371 
131200 3558 3345 
131250 3566 3266 
131300 3569 3196 
131350 3573 3205 
131400 3566 3156 
131450 3569 3090 
131500 3575 3028 
131550 3574 3340 
131600 3574 3509 
131650 3583 3537 
131700 3573 3545 
131750 3560 3528 
131800 3574 3536 
131850 3569 3528 
131900 3568 3538 
131950 3563 3547 
132000 3572 3539 
132050 3563 3494 
132100 3560 3412 
132150 3564 3366 
132200 3578 3315 
132250 3584 3224 
132300 3559 3063 
132350 3565 3017 
132400 3560 2933 
132450 3572 2852 
132500 3575 2808 
132550 3569 3201 
132600 3566 3430 
132650 3562 3504 
132700 3569 3528 
132750 3565 3533 
132800 3560 3538 
132850 3572 3540 
132900 3565 3544 
132950 3578 3554 
133000 3573 3544 
133050 3581 3510 
133100 3549 3429 
133150 3558 3405 
133200 3561 3323 
133250 3558 3177 
133300 3565 3092 
133350 3555 2957 
133400 3561 2912 
133450 3557 2793 
133500 3554 2750 
133550 3562 3237 
133600 3560 3469 
133650 3564 3533 
133700 3570 3529 
133750 3569 3533 
133800 3552 3520 
133850 3559 3529 
133900 3571 3539 
133950 3564 3532 
134000 3574 3527 
134050 3564 3485 
134100 3558 3417 
134150 3580 3339 
134200 3568 3306 
134250 3561 3222 
134300 3556 3143 
134350 3547 3094 
134400 3549 3040 
134450 3541 2971 
134500 3567 2968 
134550 3558 3335 
134600 3562 3504 
134650 3555 3518 
134700 3577 3545 
134750 3568 3536 
134800 3562 3540 
134850 3560 3530 
134900 3557 3532 
134950 3562 3518 
135000 3556 3527 
135050 3544 3473 
135100 3561 3429 
135150 3568 3394 
135200 3563 3311 
135250 3558 3227 
135300 3560 3148 
135350 3559 3082 
135400 3565 3012 
135450 3571 3002 
135500 3569 2976 
135550 3562 3291 
135600 3583 3506 
135650 3567 3527 
135700 3560 3520 
135750 3559 3520 
135800 3576 3528 
135850 3566 3539 
135900 3559 3529 
135950 3576 3547 
136000 3572 3539 
136050 3557 3505 
136100 3560 3435 
136150 3570 3364 
136200 3564 3249 
136250 3571 3205 
136300 3563 3162 
136350 3554 3134 
136400 3574 3041 
136450 3567 2950 
136500 3567 2880 
136550 3553 3305 
136600 3553 3467 
136650 3569 3529 
136700 3571 3530 
136750 3567 3545 
136800 3570 3539 
136850 3556 3511 
136900 3563 3535 
136950 3570 3534 
137000 3561 3541 
137050 3550 3504 
137100 3554 3445 
137150 3560 3398 
137200 3558 3276 
137250 3567 3260 
137300 3566 3199 
137350 3572 3162 
137400 3551 3086 
137450 3549 2982 
137500 3568 2887 
137550 3569 3314 
137600 3561 3483 
137650 3560 3517 
137700 3544 3515 
137750 3562 3512 
137800 3574 3552 
137850 3568 3533 
137900 3564 3516 
137950 3559 3515 
138000 3561 3523 
138050 3560 3490 
138100 3555 3421 
138150 3553 3326 
138200 3565 3229 
138250 3566 3144 
138300 3558 3078 
138350 3549 3007 
138400 3563 3004 
138450 3555 2928 
138500 3558 2880 
138550 3563 3278 
138600 3556 3488 
138650 3555 3513 
138700 3577 3534 
138750 3564 3518 
138800 3559 3518 
138850 3558 3522 
138900 3559 3531 
138950 3559 3524 
139000 3567 3540 
139050 3558 3504 
139100 3548 3399 
139150 3570 3339 
139200 3562 3186 
139250 3567 3116 
139300 3569 3079 
139350 3554 2997 
139400 3562 2879 
139450 3560 2849 
139500 3549 2796 
139550 3562 3229 
139600 3564 3444 
139650 3558 3523 
139700 3564 3539 
139750 3558 3530 
139800 3553 3506 
139850 3551 3526 
139900 3555 3513 
139950 3569 3544 
140000 3557 3513 
140050 3563 3487 
140100 3559 3418 
140150 3552 3304 
140200 3567 3257 
140250 3557 3243 
140300 3553 3159 
140350 3554 3084 
140400 3552 3022 
140450 3562 2983 
140500 3552 2954 
140550 3550 3350 
140600 3544 3476 
140650 3570 3543 
140700 3572 3549 
140750 3574 3544 
140800 3567 3531 
140850 3558 3512 
140900 3549 3524 
140950 3559 3522 
141000 3569 3529 
141050 3573 3494 
141100 3549 3397 
141150 3559 3330 
141200 3561 3243 
141250 3565 3175 
141300 3560 3073 
141350 3563 2988 
141400 3549 2879 
141450 3556 2818 
141500 3552 2809 
141550 3556 3260 
141600 3563 3470 
141650 3555 3503 
141700 3550 3511 
141750 3560 3536 
141800 3557 3513 
141850 3552 3514 
141900 3557 3526 
141950 3560 3522 
142000 3554 3523 
142050 3559 3472 
142100 3553 3397 
142150 3570 3344 
142200 3556 3338 
142250 3542 3258 
142300 3554 3159 
142350 3559 3066 
142400 3556 2995 
142450 3554 2911 
142500 3557 2778 
142550 3562 3261 
142600 3571 3500 
142650 3559 3528 
142700 3561 3527 
142750 3569 3530 
142800 3544 3511 
142850 3555 3519 
142900 3556 3527 
142950 3563 3538 
143000 3553 3525 
143050 3545 3468 
143100 3560 3394 
143150 3559 3345 
143200 3565 3293 
143250 3554 3214 
143300 3566 3197 
143350 3549 3190 
143400 3556 3099 
143450 3564 3065 
143500 3565 3020 
143550 3566 3313 
143600 3553 3475 
143650 3561 3525 
143700 3560 3532 
143750 3569 3533 
143800 3567 3537 
143850 3550 3515 
143900 3559 3523 
143950 3555 3524 
144000 3547 3518 
144050 3553 3484 
144100 3562 3405 
144150 3556 3327 
144200 3561 3242 
144250 3552 3152 
144300 3558 3141 
144350 3550 3081 
144400 3567 2956 
144450 3571 2831 
144500 3556 2768 
144550 3550 3285 
144600 3557 3486 
144650 3560 3531 
144700 3559 3537 
144750 3575 3538 
144800 3564 3532 
144850 3560 3529 
144900 3562 3526 
144950 3560 3516 
145000 3558 3529 
145050 3563 3501 
145100 3555 3432 
145150 3551 3351 
145200 3565 3259 
145250 3558 3205 
145300 3555 3156 
145350 3561 3070 
145400 3553 2966 
145450 3550 2944 
145500 3553 2918 
145550 3550 3268 
145600 3549 3473 
145650 3566 3534 
145700 3562 3534 
145750 3549 3511 
145800 3549 3511 
145850 3564 3523 
145900 3556 3527 
145950 3552 3513 
146000 3551 3514 
146050 3558 3466 
146100 3550 3338 
146150 3549 3259 
146200 3560 3262 
146250 3553 3193 
146300 3554 3131 
146350 3557 3089 
146400 3535 2995 
146450 3554 2872 
146500 3555 2838 
146550 3547 3252 
146600 3558 3472 
146650 3571 3525 
146700 3555 3522 
146750 3554 3500 
146800 3546 3525 
146850 3560 3528 
146900 3554 3523 
146950 3556 3518 
147000 3552 3515 
147050 3547 3457 
147100 3560 3433 
147150 3560 3368 
147200 3562 3265 
147250 3555 3192 
147300 3558 3149 
147350 3560 3085 
147400 3565 3037 
147450 3568 2949 
147500 3562 2826 
147550 3536 3279 
147600 3556 3478 
147650 3568 3522 
147700 3562 3520 
147750 3551 3523 
147800 3563 3521 
147850 3574 3534 
147900 3558 3512 
147950 3556 3519 
148000 3559 3527 
148050 3549 3472 
148100 3547 3390 
148150 3555 3340 
148200 3550 3278 
148250 3575 3262 
148300 3560 3236 
148350 3545 3163 
148400 3554 3128 
148450 3540 3060 
148500 3554 3023 
148550 3564 3337 
148600 3569 3503 
148650 3568 3532 
148700 3558 3521 
148750 3565 3528 
148800 3554 3532 
148850 3574 3532 
148900 3568 3527 
148950 3561 3524 
149000 3545 3499 
149050 3544 3458 
149100 3563 3408 
149150 3566 3305 
149200 3535 3179 
149250 3550 3135 
149300 3562 3051 
149350 3558 2982 
149400 3561 2904 
149450 3550 2843 
149500 3564 2791 
149550 3568 3347 
149600 3557 3493 
149650 3569 3531 
149700 3543 3510 
149750 3558 3523 
149800 3565 3536 
149850 3556 3522 
149900 3534 3513 
149950 3535 3513 
150000 3563 3523 
150050 3556 3463 
150100 3555 3393 
150150 3554 3320 
150200 3555 3231 
150250 3568 3209 
150300 3551 3081 
150350 3549 3049 
150400 3554 3017 
150450 3554 2977 
150500 3570 2951 
150550 3554 3313 
150600 3541 3464 
150650 3555 3519 
150700 3555 3520 
150750 3556 3509 
150800 3556 3522 
150850 3566 3524 
150900 3556 3520 
150950 3556 3520 
151000 3556 3514 
151050 3552 3471 
151100 3551 3424 
151150 3562 3347 
151200 3578 3262 
151250 3557 3154 
151300 3567 3117 
151350 3566 3076 
151400 3560 2999 
151450 3549 2919 
151500 3558 2881 
151550 3555 3292 
151600 3546 3479 
151650 3569 3526 
151700 3571 3543 
151750 3567 3543 
151800 3569 3534 
151850 3562 3527 
151900 3570 3535 
151950 3564 3536 
152000 3568 3543 
152050 3561 3487 
152100 3560 3408 
152150 3557 3363 
152200 3558 3325 
152250 3559 3228 
152300 3566 3099 
152350 3545 3030 
152400 3556 2983 
152450 3554 2952 
152500 3559 2868 
152550 3556 3312 
152600 3555 3495 
152650 3562 3534 
152700 3564 3529 
152750 3567 3537 
152800 3560 3532 
152850 3564 3532 
152900 3569 3530 
152950 3570 3547 
153000 3562 3534 
153050 3562 3479 
153100 3556 3422 
153150 3574 3338 
153200 3562 3256 
153250 3564 3177 
153300 3567 3102 
153350 3549 3042 
153400 3565 3023 
153450 3567 2996 
153500 3555 2888 
153550 3536 3329 
153600 3549 3494 
153650 3560 3522 
153700 3569 3541 
153750 3567 3534 
153800 3547 3518 
153850 3566 3523 
153900 3566 3550 
153950 3583 3538 
154000 3563 3534 
154050 3565 3480 
154100 3563 3389 
154150 3570 3330 
154200 3549 3227 
154250 3554 3108 
154300 3555 3111 
154350 3547 2981 
154400 3553 2884 
154450 3567 2832 
154500 3555 2787 
154550 3568 3343 
154600 3564 3508 
154650 3562 3529 
154700 3563 3523 
154750 3559 3531 
154800 3569 3540 
154850 3556 3525 
154900 3559 3534 
154950 3563 3527 
155000 3557 3526 
155050 3553 3491 
155100 3554 3446 
155150 3542 3351 
155200 3561 3235 
155250 3546 3109 
155300 3562 3015 
155350 3559 2928 
155400 3571 2820 
155450 3547 2750 
155500 3573 2687 
155550 3556 3288 
155600 3565 3513 
155650 3568 3536 
155700 3560 3526 
155750 3576 3544 
155800 3565 3522 
155850 3554 3526 
155900 3573 3547 
155950 3563 3517 
156000 3553 3520 
156050 3555 3463 
156100 3551 3348 
156150 3555 3254 
156200 3564 3160 
156250 3560 3107 
156300 3571 2993 
156350 3553 2954 
156400 3572 2937 
156450 3572 2918 
156500 3564 2865 
156550 3565 3310 
156600 3557 3489 
156650 3569 3522 
156700 3551 3533 
156750 3568 3520 
156800 3562 3535 
156850 3568 3526 
156900 3567 3527 
156950 3552 3523 
157000 3566 3539 
157050 3567 3475 
157100 3559 3408 
157150 3570 3347 
157200 3564 3273 
157250 3561 3136 
157300 3575 3080 
157350 3567 3021 
157400 3566 2946 
157450 3569 2900 
157500 3570 2822 
157550 3577 3374 
157600 3569 3524 
157650 3565 3521 
157700 3553 3516 
157750 3555 3536 
157800 3562 3533 
157850 3558 3525 
157900 3562 3526 
157950 3562 3529 
158000 3566 3542 
158050 3557 3488 
158100 3558 3363 
158150 3554 3281 
158200 3549 3193 
158250 3571 3147 
158300 3573 3061 
158350 3568 3029 
158400 3570 3007 
158450 3557 2887 
158500 3554 2821 
158550 3567 3353 
158600 3574 3531 
158650 3575 3551 
158700 3568 3527 
158750 3560 3519 
158800 3570 3536 
158850 3556 3507 
158900 3553 3520 
158950 3555 3527 
159000 3557 3534 
159050 3565 3469 
159100 3561 3426 
159150 3544 3384 
159200 3564 3286 
159250 3554 3226 
159300 3552 3190 
159350 3566 3090 
159400 3558 3006 
159450 3555 2965 
159500 3557 2912 
159550 3558 3359 
159600 3560 3525 
159650 3560 3529 
159700 3568 3531 
159750 3561 3536 
159800 3552 3518 
159850 3556 3531 
159900 3554 3517 
159950 3552 3517 
160000 3557 3524 
160050 3554 3440 
160100 3561 3419 
160150 3564 3360 
160200 3555 3306 
160250 3560 3243 
160300 3564 3126 
160350 3558 3032 
160400 3569 2920 
160450 3565 2751 
160500 3563 2796 
160550 3551 3312 
160600 3563 3496 
160650 3573 3547 
160700 3549 3527 
160750 3569 3527 
160800 3561 3539 
160850 3550 3514 
160900 3573 3540 
160950 3561 3531 
161000 3562 3514 
161050 3555 3463 
161100 3552 3346 
161150 3556 3254 
161200 3551 3128 
161250 3552 2981 
161300 3551 2916 
161350 3556 2824 
161400 3546 2755 
161450 3547 2637 
161500 3546 2558 
161550 3547 3224 
161600 3567 3508 
161650 3564 3527 
161700 3549 3514 
161750 3567 3536 
161800 3556 3524 
161850 3572 3544 
161900 3567 3526 
161950 3559 3526 
162000 3573 3542 
162050 3564 3479 
162100 3563 3372 
162150 3558 3305 
162200 3560 3251 
162250 3559 3199 
162300 3560 3115 
162350 3549 3000 
162400 3571 2997 
162450 3563 2941 
162500 3564 2878 
162550 3565 3400 
162600 3567 3525 
162650 3557 3528 
162700 3557 3523 
162750 3571 3522 
162800 3569 3527 
162850 3567 3539 
162900 3561 3528 
162950 3566 3527 
163000 3555 3519 
163050 3561 3494 
163100 3567 3415 
163150 3567 3297 
163200 3566 3226 
163250 3560 3128 
163300 3568 3050 
163350 3579 2999 
163400 3564 2930 
163450 3565 2906 
163500 3549 2848 
163550 3556 3361 
163600 3566 3519 
163650 3549 3529 
163700 3565 3531 
163750 3572 3543 
163800 3568 3541 
163850 3563 3539 
163900 3559 3533 
163950 3550 3506 
164000 3555 3527 
164050 3566 3491 
164100 3570 3441 
164150 3563 3346 
164200 3558 3263 
164250 3565 3142 
164300 3573 3030 
164350 3564 2992 
164400 3571 2929 
164450 3548 2895 
164500 3556 2771 
164550 3549 3342 
164600 3553 3512 
164650 3554 3508 
164700 3559 3537 
164750 3567 3526 
164800 3575 3552 
164850 3545 3521 
164900 3574 3545 
164950 3569 3537 
165000 3567 3531 
165050 3567 3501 
165100 3554 3411 
165150 3558 3337 
165200 3557 3247 
165250 3542 3191 
165300 3557 3149 
165350 3564 3066 
165400 3546 2888 
165450 3560 2839 
165500 3562 2802 
165550 3546 3304 
165600 3563 3518 
165650 3564 3537 
165700 3562 3532 
165750 3553 3515 
165800 3561 3523 
165850 3549 3524 
165900 3554 3508 
165950 3554 3522 
166000 3568 3533 
166050 3578 3500 
166100 3575 3428 
166150 3564 3296 
166200 3558 3231 
166250 3566 3170 
166300 3563 3136 
166350 3552 3093 
166400 3562 3037 
166450 3553 2918 
166500 3552 2870 
166550 3557 3356 
166600 3562 3522 
166650 3572 3536 
166700 3570 3547 
166750 3549 3521 
166800 3564 3526 
166850 3559 3530 
166900 3562 3534 
166950 3563 3522 
167000 3562 3526 
167050 3556 3486 
167100 3557 3381 
167150 3557 3301 
167200 3558 3277 
167250 3562 3234 
167300 3557 3146 
167350 3571 3118 
167400 3560 3045 
167450 3546 2902 
167500 3562 2838 
167550 3546 3299 
167600 3551 3486 
167650 3560 3513 
167700 3548 3512 
167750 3566 3523 
167800 3563 3538 
167850 3579 3551 
167900 3570 3538 
167950 3552 3522 
168000 3555 3519 
168050 3565 3484 
168100 3565 3440 
168150 3556 3343 
168200 3566 3293 
168250 3554 3284 
168300 3552 3261 
168350 3551 3208 
168400 3561 3124 
168450 3562 3035 
168500 3566 2957 
168550 3549 3367 
168600 3574 3514 
168650 3561 3529 
168700 3546 3517 
168750 3560 3523 
168800 3561 3530 
168850 3570 3544 
168900 3560 3530 
168950 3569 3536 
169000 3561 3533 
169050 3565 3465 
169100 3561 3366 
169150 3557 3304 
169200 3558 3193 
169250 3553 3111 
169300 3563 3025 
169350 3570 2942 
169400 3565 2848 
169450 3555 2841 
169500 3553 2785 
169550 3565 3393 
169600 3562 3514 
169650 3573 3545 
169700 3558 3534 
169750 3560 3523 
169800 3556 3524 
169850 3558 3540 
169900 3562 3523 
169950 3573 3549 
170000 3567 3538 
170050 3557 3483 
170100 3558 3400 
170150 3572 3324 
170200 3563 3206 
170250 3561 3109 
170300 3561 3059 
170350 3561 2969 
170400 3562 2930 
170450 3566 2841 
170500 3568 2836 
170550 3568 3331 
170600 3558 3506 
170650 3547 3516 
170700 3561 3525 
170750 3558 3531 
170800 3555 3521 
170850 3569 3535 
170900 3559 3519 
170950 3542 3501 
171000 3551 3514 
171050 3553 3485 
171100 3561 3400 
171150 3562 3302 
171200 3554 3213 
171250 3552 3148 
171300 3558 3136 
171350 3550 3042 
171400 3556 2965 
171450 3537 2906 
171500 3566 2923 
171550 3560 3352 
171600 3560 3514 
171650 3558 3527 
171700 3568 3537 
171750 3563 3528 
171800 3566 3546 
171850 3565 3534 
171900 3556 3513 
171950 3550 3522 
172000 3564 3535 
172050 3546 3482 
172100 3544 3412 
172150 3566 3331 
172200 3570 3245 
172250 3553 3186 
172300 3564 3145 
172350 3564 3033 
172400 3555 2908 
172450 3565 2867 
172500 3562 2820 
172550 3544 3276 
172600 3566 3489 
172650 3553 3515 
172700 3539 3514 
172750 3561 3545 
172800 3567 3540 
172850 3559 3535 
172900 3557 3528 
172950 3556 3524 
173000 3557 3519 
173050 3556 3493 
173100 3557 3464 
173150 3560 3403 
173200 3567 3338 
173250 3569 3299 
173300 3555 3247 
173350 3547 3205 
173400 3564 3162 
173450 3544 3083 
173500 3560 3068 
173550 3562 3416 
173600 3562 3503 
173650 3551 3522 
173700 3563 3539 
173750 3573 3540 
173800 3556 3530 
173850 3555 3503 
173900 3565 3539 
173950 3579 3534 
174000 3558 3535 
174050 3568 3514 
174100 3570 3463 
174150 3556 3374 
174200 3558 3306 
174250 3554 3239 
174300 3570 3195 
174350 3561 3137 
174400 3554 3065 
174450 3572 3012 
174500 3551 2925 
174550 3565 3342 
174600 3555 3501 
174650 3568 3538 
174700 3555 3511 
174750 3571 3534 
174800 3544 3504 
174850 3552 3511 
174900 3565 3536 
174950 3556 3526 
175000 3552 3521 
175050 3547 3457 
175100 3561 3339 
175150 3561 3255 
175200 3559 3177 
175250 3555 3056 
175300 3569 3019 
175350 3555 2924 
175400 3568 2816 
175450 3572 2722 
175500 3559 2661 
175550 3558 3310 
175600 3570 3521 
175650 3564 3517 
175700 3561 3520 
175750 3553 3509 
175800 3558 3520 
175850 3558 3533 
175900 3580 3547 
175950 3562 3538 
176000 3570 3549 
176050 3552 3482 
176100 3572 3410 
176150 3560 3331 
176200 3550 3325 
176250 3552 3245 
176300 3558 3233 
176350 3560 3084 
176400 3556 3007 
176450 3550 2859 
176500 3566 2882 
176550 3560 3264 
176600 3567 3485 
176650 3559 3517 
176700 3555 3532 
176750 3548 3518 
176800 3563 3542 
176850 3567 3520 
176900 3559 3533 
176950 3561 3537 
177000 3556 3531 
177050 3549 3470 
177100 3573 3410 
177150 3563 3324 
177200 3560 3232 
177250 3567 3138 
177300 3567 3158 
177350 3562 3117 
177400 3561 3092 
177450 3556 2968 
177500 3554 2922 
177550 3557 3377 
177600 3563 3523 
177650 3551 3534 
177700 3563 3529 
177750 3568 3546 
177800 3561 3530 
177850 3554 3517 
177900 3560 3530 
177950 3568 3534 
178000 3564 3535 
178050 3555 3486 
178100 3567 3414 
178150 3564 3348 
178200 3567 3242 
178250 3567 3187 
178300 3571 3155 
178350 3569 3046 
178400 3570 2990 
178450 3557 2903 
178500 3566 2896 
178550 3569 3342 
178600 3566 3511 
178650 3563 3537 
178700 3564 3532 
178750 3563 3529 
178800 3553 3515 
178850 3563 3529 
178900 3565 3530 
178950 3568 3525 
179000 3557 3521 
179050 3553 3494 
179100 3577 3406 
179150 3564 3348 
179200 3567 3293 
179250 3554 3140 
179300 3569 2984 
179350 3562 2912 
179400 3562 2845 
179450 3548 2722 
179500 3562 2680 
179550 3583 3314 
179600 3577 3493 
179650 3551 3526 
179700 3563 3531 
179750 3566 3541 
179800 3561 3508 
179850 3553 3518 
179900 3568 3532 
179950 3562 3537 
180000 3559 3517 
180050 3556 3480 
180100 3556 3389 
180150 3562 3328 
180200 3561 3245 
180250 3577 3208 
180300 3562 3100 
180350 3554 3002 
180400 3562 2938 
180450 3552 2853 
180500 3551 2808 
180550 3565 3351 
180600 3554 3488 
180650 3561 3513 
180700 3557 3510 
180750 3576 3534 
180800 3553 3517 
180850 3563 3540 
180900 3559 3531 
180950 3562 3525 
181000 3545 3499 
181050 3541 3484 
181100 3554 3385 
181150 3554 3343 
181200 3557 3282 
181250 3555 3181 
181300 3565 3109 
181350 3548 3039 
181400 3566 2976 
181450 3547 2875 
181500 3565 2867 
181550 3577 3378 
181600 3566 3522 
181650 3571 3538 
181700 3561 3531 
181750 3561 3530 
181800 3563 3524 
181850 3560 3532 
181900 3564 3538 
181950 3562 3527 
182000 3561 3527 
182050 3564 3484 
182100 3550 3389 
182150 3567 3325 
182200 3550 3281 
182250 3543 3277 
182300 3554 3253 
182350 3571 3266 
182400 3559 3152 
182450 3554 3107 
182500 3556 3045 
182550 3561 3417 
182600 3562 3508 
182650 3560 3525 
182700 3563 3532 
182750 3553 3507 
182800 3573 3537 
182850 3558 3523 
182900 3554 3527 
182950 3554 3518 
183000 3570 3546 
183050 3555 3459 
183100 3549 3384 
183150 3565 3325 
183200 3563 3231 
183250 3565 3155 
183300 3564 3051 
183350 3568 2995 
183400 3577 2889 
183450 3566 2846 
183500 3555 2725 
183550 3546 3316 
183600 3555 3508 
183650 3560 3533 
183700 3555 3542 
183750 3554 3526 
183800 3560 3521 
183850 3570 3540 
183900 3569 3537 
183950 3565 3535 
184000 3555 3529 
184050 3565 3511 
184100 3576 3442 
184150 3557 3317 
184200 3569 3235 
184250 3572 3137 
184300 3547 2981 
184350 3559 2911 
184400 3576 2853 
184450 3568 2787 
184500 3568 2742 
184550 3562 3277 
184600 3545 3468 
184650 3577 3530 
184700 3558 3526 
184750 3548 3516 
184800 3551 3523 
184850 3565 3549 
184900 3558 3512 
184950 3566 3537 
185000 3552 3535 
185050 3537 3463 
185100 3553 3438 
185150 3559 3348 
185200 3570 3287 
185250 3559 3240 
185300 3562 3136 
185350 3573 3055 
185400 3568 2990 
185450 3570 2939 
185500 3554 2884 
185550 3556 3293 
185600 3554 3498 
185650 3569 3535 
185700 3565 3536 
185750 3565 3553 
185800 3570 3524 
185850 3547 3519 
185900 3567 3538 
185950 3529 3493 
186000 3545 3512 
186050 3555 3478 
186100 3561 3427 
186150 3549 3333 
186200 3564 3290 
186250 3556 3191 
186300 3542 3127 
186350 3540 3079 
186400 3564 3063 
186450 3559 3003 
186500 3562 2892 
186550 3555 3333 
186600 3542 3497 
186650 3563 3533 
186700 3547 3496 
186750 3561 3530 
186800 3566 3537 
186850 3558 3533 
186900 3572 3542 
186950 3563 3536 
187000 3550 3521 
187050 3558 3493 
187100 3557 3424 
187150 3552 3338 
187200 3551 3270 
187250 3564 3186 
187300 3552 3135 
187350 3562 3045 
187400 3558 2997 
187450 3569 2917 
187500 3550 2815 
187550 3539 3316 
187600 3552 3502 
187650 3579 3565 
187700 3560 3526 
187750 3568 3542 
187800 3576 3548 
187850 3554 3526 
187900 3551 3535 
187950 3561 3528 
188000 3552 3522 
188050 3563 3481 
188100 3565 3401 
188150 3557 3304 
188200 3553 3202 
188250 3565 3153 
188300 3556 3086 
188350 3551 3020 
188400 3547 2967 
188450 3545 2934 
188500 3554 2793 
188550 3572 3368 
188600 3564 3522 
188650 3554 3519 
188700 3569 3530 
188750 3562 3533 
188800 3543 3514 
188850 3552 3518 
188900 3550 3512 
188950 3565 3541 
189000 3562 3538 
189050 3555 3501 
189100 3562 3361 
189150 3560 3292 
189200 3567 3171 
189250 3545 3075 
189300 3547 2943 
189350 3569 2858 
189400 3559 2778 
189450 3547 2636 
189500 3557 2469 
189550 3554 3196 
189600 3561 3464 
189650 3553 3521 
189700 3540 3523 
189750 3553 3518 
189800 3561 3530 
189850 3558 3527 
189900 3557 3526 
189950 3559 3539 
190000 3538 3506 
190050 3550 3467 
190100 3567 3364 
190150 3558 3270 
190200 3562 3220 
190250 3559 3116 
190300 3554 3060 
190350 3568 3056 
190400 3564 2976 
190450 3572 2932 
190500 3548 2884 
190550 3562 3376 
190600 3567 3525 
190650 3565 3530 
190700 3543 3503 
190750 3561 3535 
190800 3555 3534 
190850 3569 3540 
190900 3559 3543 
190950 3555 3527 
191000 3559 3515 
191050 3569 3448 
191100 3551 3296 
191150 3565 3262 
191200 3569 3247 
191250 3549 3157 
191300 3549 3092 
191350 3572 3025 
191400 3557 2941 
191450 3560 2917 
191500 3548 2900 
191550 3551 3375 
191600 3562 3515 
191650 3554 3517 
191700 3555 3533 
191750 3558 3513 
191800 3556 3517 
191850 3556 3531 
191900 3567 3541 
191950 3566 3530 
192000 3561 3519 
192050 3555 3459 
192100 3566 3353 
192150 3556 3254 
192200 3557 3160 
192250 3549 3109 
192300 3556 3046 
192350 3561 3005 
192400 3555 2933 
192450 3558 2887 
192500 3550 2839 
192550 3552 3324 
192600 3560 3486 
192650 3571 3539 
192700 3554 3526 
192750 3565 3532 
192800 3551 3513 
192850 3546 3514 
192900 3569 3528 
192950 3559 3531 
193000 3555 3522 
193050 3561 3472 
193100 3547 3368 
193150 3552 3282 
193200 3561 3253 
193250 3564 3232 
193300 3550 3106 
193350 3543 3038 
193400 3558 2962 
193450 3559 2906 
193500 3541 2842 
193550 3560 3325 
193600 3559 3526 
193650 3562 3519 
193700 3549 3532 
193750 3573 3539 
193800 3567 3538 
193850 3564 3538 
193900 3570 3547 
193950 3554 3518 
194000 3570 3549 
194050 3565 3482 
194100 3557 3418 
194150 3556 3347 
194200 3561 3267 
194250 3561 3118 
194300 3563 3020 
194350 3559 2945 
194400 3564 2950 
194450 3559 2848 
194500 3553 2792 
194550 3561 3302 
194600 3569 3505 
194650 3558 3516 
194700 3541 3507 
194750 3563 3529 
194800 3561 3528 
194850 3559 3534 
194900 3557 3534 
194950 3557 3522 
195000 3555 3529 
195050 3548 3495 
195100 3551 3434 
195150 3549 3341 
195200 3572 3290 
195250 3560 3164 
195300 3557 3061 
195350 3549 2977 
195400 3548 2842 
195450 3557 2830 
195500 3556 2763 
195550 3547 3334 
195600 3551 3502 
195650 3550 3522 
195700 3549 3518 
195750 3562 3532 
195800 3565 3540 
195850 3554 3522 
195900 3561 3530 
195950 3555 3516 
196000 3568 3537 
196050 3563 3473 
196100 3562 3411 
196150 3542 3350 
196200 3551 3309 
196250 3554 3205 
196300 3556 3150 
196350 3561 3201 
196400 3567 3095 
196450 3566 3018 
196500 3565 2984 
196550 3566 3387 
196600 3564 3529 
196650 3565 3529 
196700 3566 3530 
196750 3558 3509 
196800 3556 3533 
196850 3555 3528 
196900 3560 3538 
196950 3542 3516 
197000 3550 3530 
197050 3557 3504 
197100 3556 3380 
197150 3554 3281 
197200 3556 3239 
197250 3560 3239 
197300 3565 3131 
197350 3564 3048 
197400 3559 2858 
197450 3552 2840 
197500 3553 2761 
197550 3563 3334 
197600 3554 3498 
197650 3573 3558 
197700 3549 3532 
197750 3562 3533 
197800 3572 3533 
197850 3557 3529 
197900 3561 3522 
197950 3542 3507 
198000 3561 3537 
198050 3553 3463 
198100 3572 3384 
198150 3564 3276 
198200 3569 3279 
198250 3560 3239 
198300 3553 3177 
198350 3556 3094 
198400 3566 3072 
198450 3539 2989 
198500 3560 2935 
198550 3566 3342 
198600 3561 3496 
198650 3551 3503 
198700 3566 3526 
198750 3554 3521 
198800 3544 3512 
198850 3549 3507 
198900 3567 3536 
198950 3552 3526 
199000 3565 3535 
199050 3560 3470 
199100 3568 3417 
199150 3540 3315 
199200 3561 3245 
199250 3549 3151 
199300 3559 3101 
199350 3555 3062 
199400 3572 2997 
199450 3541 2927 
199500 3567 2863 
199550 3555 3340 
199600 3572 3528 
199650 3563 3524 
199700 3561 3537 
199750 3583 3563 
199800 3549 3525 
199850 3551 3524 
199900 3569 3549 
199950 3568 3556 
200000 3545 3507 
