# Avida tasks data
# Sat Apr  7 14:02:32 2012
# First column gives the current update, next columns give the number
# of organisms that have the particular task as a component of their merit
#  1: Update
#  2: Xor
#  3: Equals

0 0 0 
50 5 5 
100 17 17 
150 61 61 
200 158 158 
250 338 340 
300 516 517 
350 752 751 
400 1077 1079 
450 1457 1452 
500 1861 1860 
550 2338 2336 
600 2897 2895 
650 3328 3329 
700 3491 3492 
750 3545 3550 
800 3530 3529 
850 3543 3541 
900 3530 3530 
950 3536 3538 
1000 3539 3538 
1050 3220 2769 
1100 3364 2093 
1150 3422 1612 
1200 3408 1145 
1250 3392 792 
1300 3445 539 
1350 3468 338 
1400 3487 216 
1450 3532 140 
1500 3544 87 
1550 3541 34 
1600 3534 630 
1650 3540 1135 
1700 3546 1538 
1750 3541 1916 
1800 3542 2278 
1850 3538 2583 
1900 3542 2815 
1950 3554 3009 
2000 3545 3121 
2050 3260 2491 
2100 3318 1834 
2150 3362 1363 
2200 3421 987 
2250 3469 734 
2300 3480 472 
2350 3487 258 
2400 3501 128 
2450 3536 55 
2500 3541 14 
2550 3524 23 
2600 3415 127 
2650 3245 304 
2700 2971 583 
2750 2695 855 
2800 2397 1144 
2850 2145 1391 
2900 1885 1658 
2950 1788 1956 
3000 1928 2229 
3050 2088 1839 
3100 2516 1311 
3150 2808 927 
3200 3099 602 
3250 3267 373 
3300 3380 234 
3350 3447 150 
3400 3507 81 
3450 3535 33 
3500 3544 3 
3550 3568 1 
3600 3553 0 
3650 3545 472 
3700 3539 980 
3750 3542 1435 
3800 3536 1781 
3850 3528 2164 
3900 3538 2542 
3950 3529 2823 
4000 3527 3038 
4050 3306 2361 
4100 3346 1717 
4150 3360 1307 
4200 3394 1023 
4250 3474 889 
4300 3516 720 
4350 3526 546 
4400 3506 347 
4450 3517 193 
4500 3530 88 
4550 3547 35 
4600 3447 111 
4650 3277 277 
4700 3057 492 
4750 3068 812 
4800 3270 1195 
4850 3332 1569 
4900 3355 1929 
4950 3356 2274 
5000 3359 2580 
5050 3225 1987 
5100 3377 1316 
5150 3420 931 
5200 3467 695 
5250 3485 465 
5300 3525 296 
5350 3532 212 
5400 3539 139 
5450 3543 78 
5500 3543 39 
5550 3537 395 
5600 3535 870 
5650 3535 1307 
5700 3538 1713 
5750 3531 2048 
5800 3539 2388 
5850 3523 2643 
5900 3543 2924 
5950 3556 3119 
6000 3557 3268 
6050 3308 2421 
6100 3385 1557 
6150 3456 1014 
6200 3484 626 
6250 3515 412 
6300 3524 291 
6350 3532 169 
6400 3541 77 
6450 3540 35 
6500 3544 10 
6550 3552 1 
6600 3510 37 
6650 3378 154 
6700 3520 570 
6750 3551 1061 
6800 3546 1462 
6850 3548 1828 
6900 3536 2166 
6950 3532 2436 
7000 3536 2691 
7050 3332 2078 
7100 3406 1369 
7150 3450 879 
7200 3488 541 
7250 3505 325 
7300 3526 179 
7350 3527 109 
7400 3545 59 
7450 3550 23 
7500 3559 7 
7550 3553 4 
7600 3531 752 
7650 3525 1354 
7700 3552 1848 
7750 3541 2255 
7800 3537 2562 
7850 3545 2860 
7900 3547 3068 
7950 3539 3231 
8000 3523 3346 
8050 3323 2247 
8100 3394 1306 
8150 3454 757 
8200 3489 376 
8250 3521 159 
8300 3520 43 
8350 3530 21 
8400 3537 9 
8450 3553 3 
8500 3536 1 
8550 3543 390 
8600 3538 941 
8650 3544 1381 
8700 3535 1773 
8750 3543 2104 
8800 3546 2423 
8850 3533 2686 
8900 3536 2882 
8950 3546 3050 
9000 3550 3185 
9050 3341 2304 
9100 3446 1319 
9150 3484 722 
9200 3517 398 
9250 3519 190 
9300 3526 79 
9350 3542 31 
9400 3559 8 
9450 3530 7 
9500 3544 6 
9550 3537 415 
9600 3531 1075 
9650 3531 1608 
9700 3523 2002 
9750 3517 2376 
9800 3539 2702 
9850 3549 2963 
9900 3523 3120 
9950 3547 3263 
10000 3543 3364 
10050 3220 2519 
10100 3319 1711 
10150 3366 1174 
10200 3422 877 
10250 3487 668 
10300 3501 473 
10350 3504 342 
10400 3511 260 
10450 3500 183 
10500 3503 148 
10550 3490 119 
10600 3506 770 
10650 3520 1228 
10700 3531 1653 
10750 3538 2020 
10800 3534 2342 
10850 3540 2637 
10900 3549 2870 
10950 3556 3049 
11000 3556 3174 
11050 3328 2319 
11100 3408 1403 
11150 3465 826 
11200 3505 436 
11250 3526 206 
11300 3536 90 
11350 3541 51 
11400 3541 23 
11450 3546 12 
11500 3545 11 
11550 3533 345 
11600 3546 935 
11650 3539 1435 
11700 3527 1952 
11750 3543 2301 
11800 3552 2671 
11850 3553 2956 
11900 3537 3161 
11950 3524 3318 
12000 3538 3423 
12050 3358 2195 
12100 3486 1048 
12150 3521 502 
12200 3534 248 
12250 3528 113 
12300 3551 52 
12350 3543 12 
12400 3553 6 
12450 3559 4 
12500 3543 9 
12550 3551 457 
12600 3551 1149 
12650 3541 1641 
12700 3546 2044 
12750 3542 2395 
12800 3541 2687 
12850 3534 2942 
12900 3544 3134 
12950 3536 3297 
13000 3541 3446 
13050 3298 2503 
13100 3382 1736 
13150 3437 1132 
13200 3520 709 
13250 3508 460 
13300 3519 258 
13350 3525 134 
13400 3543 53 
13450 3540 19 
13500 3541 7 
13550 3541 1 
13600 3548 284 
13650 3549 1017 
13700 3538 1617 
13750 3552 2055 
13800 3543 2456 
13850 3545 2749 
13900 3552 2989 
13950 3556 3172 
14000 3550 3317 
14050 3358 2212 
14100 3481 1117 
14150 3505 553 
14200 3527 269 
14250 3532 115 
14300 3536 40 
14350 3544 16 
14400 3548 4 
14450 3530 8 
14500 3537 5 
14550 3547 209 
14600 3545 856 
14650 3543 1398 
14700 3545 1885 
14750 3538 2243 
14800 3537 2525 
14850 3549 2754 
14900 3560 2942 
14950 3538 3098 
15000 3551 3243 
15050 3271 2456 
15100 3349 1706 
15150 3416 1171 
15200 3444 794 
15250 3499 560 
15300 3510 360 
15350 3526 232 
15400 3529 137 
15450 3536 59 
15500 3544 18 
15550 3562 5 
15600 3544 501 
15650 3544 1048 
15700 3525 1445 
15750 3557 1881 
15800 3543 2247 
15850 3538 2578 
15900 3538 2875 
15950 3548 3092 
16000 3556 3248 
16050 3346 2399 
16100 3401 1555 
16150 3445 1014 
16200 3458 632 
16250 3512 398 
16300 3538 245 
16350 3535 121 
16400 3544 69 
16450 3527 26 
16500 3532 9 
16550 3526 288 
16600 3524 968 
16650 3529 1471 
16700 3537 1911 
16750 3538 2339 
16800 3546 2668 
16850 3527 2894 
16900 3525 3075 
16950 3543 3254 
17000 3549 3370 
17050 3339 2274 
17100 3436 1266 
17150 3484 664 
17200 3522 299 
17250 3507 150 
17300 3522 68 
17350 3530 39 
17400 3550 19 
17450 3547 5 
17500 3547 3 
17550 3527 340 
17600 3540 890 
17650 3542 1331 
17700 3531 1701 
17750 3529 2065 
17800 3547 2388 
17850 3545 2688 
17900 3543 2935 
17950 3549 3136 
18000 3546 3259 
18050 3276 2434 
18100 3316 1710 
18150 3405 1171 
18200 3462 742 
18250 3502 530 
18300 3519 318 
18350 3508 174 
18400 3534 85 
18450 3530 33 
18500 3537 11 
18550 3533 36 
18600 3538 623 
18650 3545 1096 
18700 3550 1500 
18750 3541 1888 
18800 3550 2260 
18850 3559 2597 
18900 3536 2891 
18950 3549 3119 
19000 3543 3265 
19050 3353 2302 
19100 3429 1279 
19150 3477 688 
19200 3491 344 
19250 3548 156 
19300 3533 82 
19350 3541 34 
19400 3560 12 
19450 3539 3 
19500 3538 8 
19550 3533 314 
19600 3538 859 
19650 3546 1269 
19700 3522 1649 
19750 3537 1986 
19800 3523 2295 
19850 3537 2606 
19900 3543 2864 
19950 3534 3074 
20000 3543 3212 
20050 3347 2286 
20100 3467 1242 
20150 3501 706 
20200 3531 361 
20250 3553 168 
20300 3560 80 
20350 3548 31 
20400 3536 13 
20450 3542 8 
20500 3541 3 
20550 3551 1 
20600 3555 617 
20650 3539 1148 
20700 3548 1610 
20750 3545 1969 
20800 3544 2293 
20850 3543 2589 
20900 3534 2810 
20950 3538 3005 
21000 3531 3139 
21050 3276 2381 
21100 3379 1475 
21150 3442 974 
21200 3461 606 
21250 3504 373 
21300 3514 256 
21350 3538 131 
21400 3527 44 
21450 3557 15 
21500 3547 8 
21550 3543 520 
21600 3523 1041 
21650 3531 1526 
21700 3536 1964 
21750 3546 2336 
21800 3545 2657 
21850 3537 2912 
21900 3537 3105 
21950 3530 3221 
22000 3560 3377 
22050 3291 2405 
22100 3363 1551 
22150 3422 990 
22200 3475 619 
22250 3484 416 
22300 3519 261 
22350 3526 155 
22400 3532 83 
22450 3540 51 
22500 3539 26 
22550 3550 328 
22600 3548 957 
22650 3521 1499 
22700 3528 1990 
22750 3548 2387 
22800 3558 2760 
22850 3550 3020 
22900 3539 3198 
22950 3534 3348 
23000 3549 3460 
23050 3312 2306 
23100 3439 1198 
23150 3475 603 
23200 3520 302 
23250 3541 150 
23300 3534 79 
23350 3555 25 
23400 3541 7 
23450 3540 8 
23500 3542 6 
23550 3537 361 
23600 3546 1051 
23650 3548 1530 
23700 3540 1942 
23750 3542 2276 
23800 3546 2570 
23850 3551 2824 
23900 3561 3051 
23950 3548 3214 
24000 3546 3333 
24050 3332 2414 
24100 3402 1516 
24150 3465 1015 
24200 3481 655 
24250 3522 463 
24300 3539 320 
24350 3534 187 
24400 3547 84 
24450 3545 28 
24500 3538 13 
24550 3538 185 
24600 3523 808 
24650 3535 1279 
24700 3533 1743 
24750 3526 2172 
24800 3524 2528 
24850 3507 2848 
24900 3532 3152 
24950 3549 3334 
25000 3540 3439 
25050 3334 2229 
25100 3435 1213 
25150 3497 628 
25200 3529 308 
25250 3535 121 
25300 3542 60 
25350 3555 28 
25400 3543 14 
25450 3560 8 
25500 3557 0 
25550 3561 485 
25600 3547 951 
25650 3551 1397 
25700 3540 1779 
25750 3536 2139 
25800 3519 2471 
25850 3535 2763 
25900 3540 2997 
25950 3543 3122 
26000 3538 3236 
26050 3322 2382 
26100 3404 1514 
26150 3481 944 
26200 3505 530 
26250 3532 279 
26300 3546 158 
26350 3533 79 
26400 3543 16 
26450 3551 8 
26500 3532 1 
26550 3541 292 
26600 3538 891 
26650 3541 1364 
26700 3537 1757 
26750 3538 2157 
26800 3541 2506 
26850 3539 2830 
26900 3555 3110 
26950 3550 3268 
27000 3546 3353 
27050 3260 2551 
27100 3329 1757 
27150 3382 1234 
27200 3476 898 
27250 3480 646 
27300 3493 435 
27350 3497 259 
27400 3516 153 
27450 3505 76 
27500 3533 34 
27550 3546 8 
27600 3531 613 
27650 3548 1146 
27700 3556 1531 
27750 3544 1879 
27800 3527 2239 
27850 3539 2615 
27900 3534 2869 
27950 3533 3074 
28000 3539 3209 
28050 3274 2556 
28100 3322 1975 
28150 3340 1481 
28200 3471 1277 
28250 3513 988 
28300 3500 731 
28350 3512 534 
28400 3531 350 
28450 3526 224 
28500 3532 117 
28550 3527 45 
28600 3528 718 
28650 3539 1291 
28700 3550 1787 
28750 3556 2169 
28800 3532 2484 
28850 3542 2787 
28900 3542 2994 
28950 3538 3153 
29000 3537 3259 
29050 3287 2407 
29100 3415 1537 
29150 3448 967 
29200 3473 591 
29250 3510 401 
29300 3522 235 
29350 3545 104 
29400 3552 43 
29450 3547 14 
29500 3548 5 
29550 3543 399 
29600 3539 969 
29650 3544 1450 
29700 3541 1805 
29750 3544 2190 
29800 3552 2514 
29850 3552 2813 
29900 3543 3003 
29950 3545 3155 
30000 3541 3283 
30050 3282 2372 
30100 3363 1544 
30150 3431 965 
30200 3476 568 
30250 3508 347 
30300 3517 202 
30350 3542 111 
30400 3526 49 
30450 3532 18 
30500 3561 6 
30550 3542 1 
30600 3547 0 
30650 3485 104 
30700 3435 793 
30750 3454 1188 
30800 3477 1608 
30850 3482 1958 
30900 3476 2286 
30950 3485 2587 
31000 3480 2838 
31050 3331 2157 
31100 3410 1443 
31150 3452 917 
31200 3482 578 
31250 3501 377 
31300 3552 254 
31350 3529 171 
31400 3541 80 
31450 3540 32 
31500 3547 8 
31550 3535 361 
31600 3553 948 
31650 3553 1425 
31700 3554 1838 
31750 3533 2200 
31800 3545 2544 
31850 3548 2853 
31900 3541 3056 
31950 3547 3222 
32000 3543 3323 
32050 3300 2409 
32100 3390 1479 
32150 3439 917 
32200 3457 561 
32250 3488 377 
32300 3502 246 
32350 3512 136 
32400 3531 68 
32450 3528 31 
32500 3534 12 
32550 3540 435 
32600 3535 1039 
32650 3533 1493 
32700 3540 1903 
32750 3544 2309 
32800 3538 2652 
32850 3550 2945 
32900 3524 3129 
32950 3552 3283 
33000 3533 3370 
33050 3283 2387 
33100 3354 1507 
33150 3427 1011 
33200 3485 674 
33250 3514 470 
33300 3513 307 
33350 3521 185 
33400 3525 90 
33450 3550 60 
33500 3550 23 
33550 3543 361 
33600 3539 957 
33650 3534 1411 
33700 3537 1836 
33750 3546 2245 
33800 3528 2571 
33850 3516 2831 
33900 3532 3038 
33950 3534 3189 
34000 3552 3333 
34050 3306 2457 
34100 3395 1566 
34150 3442 1011 
34200 3474 629 
34250 3508 435 
34300 3526 274 
34350 3539 134 
34400 3540 63 
34450 3527 34 
34500 3543 17 
34550 3561 1 
34600 3551 672 
34650 3543 1187 
34700 3547 1629 
34750 3549 2045 
34800 3537 2406 
34850 3560 2779 
34900 3530 2972 
34950 3543 3139 
35000 3537 3257 
35050 3298 2498 
35100 3378 1737 
35150 3400 1190 
35200 3473 824 
35250 3489 538 
35300 3495 299 
35350 3521 152 
35400 3529 60 
35450 3540 15 
35500 3543 6 
35550 3547 4 
35600 3543 2 
35650 3538 437 
35700 3528 962 
35750 3535 1417 
35800 3535 1848 
35850 3544 2196 
35900 3523 2505 
35950 3535 2787 
36000 3536 3030 
36050 3304 2252 
36100 3413 1468 
36150 3430 952 
36200 3469 658 
36250 3491 437 
36300 3499 299 
36350 3534 180 
36400 3537 97 
36450 3538 41 
36500 3533 17 
36550 3513 21 
36600 3476 494 
36650 3484 987 
36700 3475 1448 
36750 3498 1885 
36800 3515 2291 
36850 3521 2642 
36900 3518 2917 
36950 3549 3136 
37000 3546 3283 
37050 3318 2432 
37100 3407 1526 
37150 3481 933 
37200 3505 588 
37250 3520 398 
37300 3515 286 
37350 3531 170 
37400 3517 86 
37450 3521 51 
37500 3551 17 
37550 3533 195 
37600 3532 826 
37650 3547 1306 
37700 3536 1706 
37750 3542 2099 
37800 3527 2416 
37850 3552 2764 
37900 3542 3021 
37950 3536 3149 
38000 3542 3289 
38050 3299 2386 
38100 3373 1493 
38150 3435 985 
38200 3478 649 
38250 3516 486 
38300 3529 330 
38350 3531 213 
38400 3554 104 
38450 3547 40 
38500 3535 13 
38550 3556 2 
38600 3552 497 
38650 3555 1140 
38700 3547 1640 
38750 3544 2002 
38800 3541 2390 
38850 3533 2667 
38900 3546 2939 
38950 3535 3127 
39000 3540 3275 
39050 3295 2333 
39100 3409 1325 
39150 3462 722 
39200 3489 368 
39250 3519 137 
39300 3540 48 
39350 3555 11 
39400 3549 4 
39450 3560 5 
39500 3568 0 
39550 3564 203 
39600 3558 828 
39650 3570 1382 
39700 3555 1806 
39750 3560 2160 
39800 3545 2399 
39850 3551 2658 
39900 3538 2886 
39950 3544 3088 
40000 3539 3222 
40050 3263 2552 
40100 3301 1912 
40150 3341 1343 
40200 3453 1015 
40250 3507 638 
40300 3498 317 
40350 3537 140 
40400 3544 52 
40450 3541 13 
40500 3539 2 
40550 3546 0 
40600 3560 1 
40650 3547 62 
40700 3552 767 
40750 3536 1249 
40800 3533 1682 
40850 3530 2070 
40900 3539 2477 
40950 3540 2762 
41000 3543 2993 
41050 3331 2331 
41100 3394 1577 
41150 3481 1011 
41200 3519 580 
41250 3534 313 
41300 3551 188 
41350 3541 65 
41400 3550 10 
41450 3545 1 
41500 3553 0 
41550 3535 391 
41600 3525 954 
41650 3522 1416 
41700 3538 1827 
41750 3537 2227 
41800 3544 2570 
41850 3549 2823 
41900 3540 3027 
41950 3546 3184 
42000 3551 3309 
42050 3298 2496 
42100 3387 1666 
42150 3440 1082 
42200 3480 709 
42250 3533 468 
42300 3537 278 
42350 3536 176 
42400 3538 99 
42450 3547 47 
42500 3538 11 
42550 3537 258 
42600 3518 1026 
42650 3527 1594 
42700 3542 1999 
42750 3544 2318 
42800 3544 2583 
42850 3550 2855 
42900 3535 3039 
42950 3526 3187 
43000 3541 3346 
43050 3317 2345 
43100 3410 1385 
43150 3463 840 
43200 3510 521 
43250 3547 308 
43300 3538 195 
43350 3552 95 
43400 3553 39 
43450 3554 18 
43500 3558 4 
43550 3549 356 
43600 3542 958 
43650 3540 1433 
43700 3548 1854 
43750 3555 2194 
43800 3554 2534 
43850 3535 2772 
43900 3526 2952 
43950 3545 3132 
44000 3540 3279 
44050 3318 2304 
44100 3444 1308 
44150 3498 674 
44200 3526 263 
44250 3543 86 
44300 3551 35 
44350 3550 14 
44400 3556 7 
44450 3536 2 
44500 3531 1 
44550 3521 19 
44600 3506 765 
44650 3498 1401 
44700 3498 1859 
44750 3483 2260 
44800 3501 2656 
44850 3523 2935 
44900 3523 3118 
44950 3529 3304 
45000 3530 3407 
45050 3300 2419 
45100 3406 1461 
45150 3483 873 
45200 3511 526 
45250 3515 319 
45300 3535 183 
45350 3538 99 
45400 3528 50 
45450 3543 20 
45500 3544 10 
45550 3533 348 
45600 3533 1051 
45650 3540 1595 
45700 3530 2000 
45750 3537 2382 
45800 3535 2659 
45850 3526 2881 
45900 3534 3113 
45950 3552 3280 
46000 3539 3387 
46050 3326 2334 
46100 3383 1331 
46150 3467 707 
46200 3497 320 
46250 3530 136 
46300 3533 57 
46350 3539 16 
46400 3545 6 
46450 3550 8 
46500 3550 5 
46550 3537 353 
46600 3525 1167 
46650 3507 1734 
46700 3518 2184 
46750 3508 2546 
46800 3486 2809 
46850 3493 3048 
46900 3508 3236 
46950 3508 3372 
47000 3512 3446 
47050 3279 2335 
47100 3388 1342 
47150 3445 812 
47200 3479 501 
47250 3541 372 
47300 3546 272 
47350 3546 165 
47400 3529 101 
47450 3525 51 
47500 3540 19 
47550 3550 410 
47600 3538 989 
47650 3533 1405 
47700 3545 1867 
47750 3549 2228 
47800 3543 2528 
47850 3557 2830 
47900 3553 3056 
47950 3531 3198 
48000 3544 3329 
48050 3304 2408 
48100 3389 1594 
48150 3450 956 
48200 3491 521 
48250 3526 309 
48300 3535 134 
48350 3543 35 
48400 3551 11 
48450 3538 8 
48500 3552 6 
48550 3554 430 
48600 3537 1038 
48650 3544 1545 
48700 3550 1954 
48750 3545 2255 
48800 3530 2588 
48850 3550 2886 
48900 3529 3103 
48950 3545 3325 
49000 3540 3461 
49050 3327 2557 
49100 3380 1694 
49150 3416 1165 
49200 3491 858 
49250 3519 601 
49300 3532 399 
49350 3535 259 
49400 3557 148 
49450 3553 51 
49500 3550 16 
49550 3551 457 
49600 3546 1168 
49650 3544 1798 
49700 3536 2270 
49750 3549 2674 
49800 3550 2943 
49850 3552 3159 
49900 3533 3291 
49950 3535 3357 
50000 3553 3442 
50050 3288 2509 
50100 3364 1709 
50150 3396 1194 
50200 3498 881 
50250 3502 588 
50300 3529 405 
50350 3524 263 
50400 3513 145 
50450 3532 77 
50500 3545 26 
50550 3534 80 
50600 3539 669 
50650 3541 1111 
50700 3532 1528 
50750 3529 1931 
50800 3539 2298 
50850 3545 2583 
50900 3540 2795 
50950 3550 3022 
51000 3539 3162 
51050 3323 2263 
51100 3428 1291 
51150 3461 722 
51200 3489 364 
51250 3502 171 
51300 3530 83 
51350 3548 27 
51400 3549 17 
51450 3555 9 
51500 3538 11 
51550 3536 433 
51600 3543 983 
51650 3539 1474 
51700 3552 1928 
51750 3554 2287 
51800 3542 2590 
51850 3535 2880 
51900 3561 3109 
51950 3548 3256 
52000 3537 3349 
52050 3324 2322 
52100 3413 1203 
52150 3484 568 
52200 3516 237 
52250 3546 100 
52300 3551 40 
52350 3531 8 
52400 3542 4 
52450 3544 8 
52500 3545 4 
52550 3561 1 
52600 3541 442 
52650 3545 983 
52700 3544 1400 
52750 3553 1829 
52800 3543 2171 
52850 3548 2482 
52900 3551 2808 
52950 3541 2984 
53000 3548 3162 
53050 3340 2307 
53100 3403 1436 
53150 3451 896 
53200 3453 487 
53250 3484 281 
53300 3505 185 
53350 3515 92 
53400 3536 38 
53450 3542 15 
53500 3551 17 
53550 3519 296 
53600 3520 855 
53650 3503 1357 
53700 3493 1774 
53750 3487 2144 
53800 3487 2495 
53850 3509 2833 
53900 3518 3060 
53950 3505 3220 
54000 3497 3327 
54050 3273 2335 
54100 3390 1447 
54150 3442 890 
54200 3467 507 
54250 3506 318 
54300 3553 190 
54350 3556 86 
54400 3551 53 
54450 3540 15 
54500 3558 3 
54550 3513 152 
54600 3506 792 
54650 3542 1346 
54700 3551 1870 
54750 3533 2342 
54800 3552 2793 
54850 3539 3064 
54900 3541 3225 
54950 3543 3358 
55000 3552 3453 
55050 3279 2452 
55100 3372 1510 
55150 3403 909 
55200 3467 590 
55250 3488 412 
55300 3495 241 
55350 3514 143 
55400 3534 76 
55450 3531 44 
55500 3525 22 
55550 3528 95 
55600 3536 691 
55650 3521 1174 
55700 3513 1620 
55750 3500 1988 
55800 3502 2409 
55850 3491 2744 
55900 3477 3017 
55950 3517 3231 
56000 3507 3330 
56050 3283 2349 
56100 3382 1540 
56150 3413 986 
56200 3469 630 
56250 3477 368 
56300 3520 173 
56350 3547 89 
56400 3546 39 
56450 3542 15 
56500 3542 9 
56550 3556 425 
56600 3558 961 
56650 3547 1425 
56700 3551 1840 
56750 3547 2249 
56800 3539 2576 
56850 3535 2859 
56900 3530 3062 
56950 3537 3198 
57000 3533 3293 
57050 3329 2334 
57100 3415 1434 
57150 3476 876 
57200 3493 497 
57250 3536 311 
57300 3543 202 
57350 3542 79 
57400 3547 27 
57450 3553 13 
57500 3551 7 
57550 3550 435 
57600 3546 1000 
57650 3552 1422 
57700 3551 1812 
57750 3545 2167 
57800 3553 2497 
57850 3535 2796 
57900 3530 2995 
57950 3551 3171 
58000 3555 3297 
58050 3346 2286 
58100 3450 1297 
58150 3512 695 
58200 3523 361 
58250 3542 192 
58300 3542 103 
58350 3542 31 
58400 3537 10 
58450 3542 4 
58500 3551 9 
58550 3554 365 
58600 3554 1146 
58650 3559 1712 
58700 3556 2230 
58750 3547 2606 
58800 3546 2917 
58850 3542 3148 
58900 3539 3344 
58950 3545 3459 
59000 3552 3506 
59050 3326 2321 
59100 3438 1260 
59150 3482 641 
59200 3500 318 
59250 3538 189 
59300 3540 129 
59350 3544 77 
59400 3537 38 
59450 3549 23 
59500 3531 18 
59550 3555 657 
59600 3562 1387 
59650 3546 1933 
59700 3546 2354 
59750 3536 2665 
59800 3542 2992 
59850 3535 3202 
59900 3532 3332 
59950 3546 3415 
60000 3542 3458 
60050 3361 2117 
60100 3463 1014 
60150 3502 464 
60200 3518 243 
60250 3546 109 
60300 3556 52 
60350 3544 17 
60400 3544 11 
60450 3549 12 
60500 3542 4 
60550 3557 579 
60600 3552 1197 
60650 3556 1776 
60700 3557 2268 
60750 3556 2613 
60800 3548 2880 
60850 3551 3086 
60900 3549 3267 
60950 3539 3384 
61000 3548 3452 
61050 3340 2251 
61100 3430 1283 
61150 3491 721 
61200 3495 407 
61250 3523 211 
61300 3516 112 
61350 3533 53 
61400 3545 20 
61450 3555 8 
61500 3547 15 
61550 3552 470 
61600 3526 1251 
61650 3539 1928 
61700 3537 2417 
61750 3544 2753 
61800 3550 3005 
61850 3546 3160 
61900 3538 3276 
61950 3538 3374 
62000 3533 3428 
62050 3355 2204 
62100 3442 1189 
62150 3491 666 
62200 3507 353 
62250 3515 202 
62300 3522 92 
62350 3541 42 
62400 3542 20 
62450 3550 15 
62500 3546 15 
62550 3544 624 
62600 3549 1397 
62650 3552 2047 
62700 3553 2486 
62750 3548 2837 
62800 3553 3105 
62850 3549 3262 
62900 3527 3371 
62950 3520 3419 
63000 3538 3491 
63050 3309 2344 
63100 3428 1243 
63150 3446 699 
63200 3490 342 
63250 3505 207 
63300 3538 112 
63350 3534 44 
63400 3558 8 
63450 3542 14 
63500 3545 7 
63550 3547 105 
63600 3533 774 
63650 3543 1272 
63700 3526 1688 
63750 3542 2073 
63800 3539 2400 
63850 3540 2693 
63900 3541 2921 
63950 3538 3089 
64000 3546 3233 
64050 3368 2144 
64100 3461 1158 
64150 3505 582 
64200 3524 260 
64250 3535 76 
64300 3529 20 
64350 3544 12 
64400 3557 11 
64450 3561 18 
64500 3568 13 
64550 3537 344 
64600 3548 1085 
64650 3552 1607 
64700 3537 2005 
64750 3549 2329 
64800 3545 2603 
64850 3542 2830 
64900 3560 3079 
64950 3541 3191 
65000 3554 3330 
65050 3353 2385 
65100 3433 1533 
65150 3477 935 
65200 3530 495 
65250 3538 259 
65300 3560 129 
65350 3540 59 
65400 3532 14 
65450 3533 14 
65500 3544 3 
65550 3558 158 
65600 3554 885 
65650 3540 1463 
65700 3544 1995 
65750 3540 2433 
65800 3547 2810 
65850 3545 3127 
65900 3544 3334 
65950 3548 3454 
66000 3529 3493 
66050 3310 2268 
66100 3414 1269 
66150 3486 667 
66200 3493 337 
66250 3536 151 
66300 3529 79 
66350 3539 27 
66400 3538 9 
66450 3545 10 
66500 3546 11 
66550 3523 264 
66600 3518 1056 
66650 3513 1681 
66700 3501 2166 
66750 3498 2555 
66800 3513 2816 
66850 3530 3049 
66900 3516 3176 
66950 3538 3272 
67000 3517 3337 
67050 3317 2379 
67100 3369 1465 
67150 3441 947 
67200 3465 570 
67250 3512 371 
67300 3521 207 
67350 3532 98 
67400 3542 36 
67450 3525 16 
67500 3543 10 
67550 3537 315 
67600 3541 1070 
67650 3543 1613 
67700 3526 2040 
67750 3541 2452 
67800 3542 2750 
67850 3543 3040 
67900 3536 3267 
67950 3537 3388 
68000 3553 3480 
68050 3337 2256 
68100 3438 1157 
68150 3492 548 
68200 3520 256 
68250 3530 124 
68300 3530 66 
68350 3542 39 
68400 3540 14 
68450 3560 9 
68500 3541 11 
68550 3545 415 
68600 3547 998 
68650 3543 1471 
68700 3541 1870 
68750 3534 2256 
68800 3533 2603 
68850 3518 2896 
68900 3540 3166 
68950 3548 3336 
69000 3549 3446 
69050 3350 2281 
69100 3471 1227 
69150 3508 681 
69200 3514 323 
69250 3542 127 
69300 3538 65 
69350 3545 31 
69400 3540 10 
69450 3551 11 
69500 3561 11 
69550 3555 616 
69600 3552 1239 
69650 3554 1655 
69700 3555 2079 
69750 3530 2411 
69800 3543 2755 
69850 3533 2987 
69900 3543 3192 
69950 3539 3352 
70000 3535 3450 
70050 3305 2347 
70100 3392 1365 
70150 3467 763 
70200 3509 403 
70250 3541 201 
70300 3527 85 
70350 3558 32 
70400 3525 23 
70450 3544 17 
70500 3534 13 
70550 3551 498 
70600 3539 1138 
70650 3541 1648 
70700 3536 2095 
70750 3529 2452 
70800 3538 2753 
70850 3530 2997 
70900 3535 3212 
70950 3551 3366 
71000 3554 3458 
71050 3317 2385 
71100 3387 1519 
71150 3426 972 
71200 3491 592 
71250 3509 331 
71300 3527 179 
71350 3546 73 
71400 3516 38 
71450 3540 23 
71500 3541 11 
71550 3551 747 
71600 3550 1789 
71650 3550 2419 
71700 3548 2881 
71750 3519 3149 
71800 3552 3345 
71850 3545 3419 
71900 3528 3462 
71950 3552 3514 
72000 3552 3525 
72050 3345 2375 
72100 3455 1332 
72150 3499 707 
72200 3516 342 
72250 3533 161 
72300 3545 59 
72350 3536 21 
72400 3532 11 
72450 3538 13 
72500 3534 10 
72550 3535 439 
72600 3538 1188 
72650 3536 1760 
72700 3550 2198 
72750 3543 2539 
72800 3550 2840 
72850 3533 3039 
72900 3544 3213 
72950 3553 3358 
73000 3547 3420 
73050 3310 2338 
73100 3419 1311 
73150 3490 759 
73200 3512 439 
73250 3561 286 
73300 3528 193 
73350 3549 124 
73400 3540 74 
73450 3538 35 
73500 3554 18 
73550 3558 339 
73600 3562 1016 
73650 3555 1596 
73700 3554 2146 
73750 3558 2519 
73800 3549 2818 
73850 3544 3004 
73900 3548 3170 
73950 3527 3294 
74000 3541 3433 
74050 3354 2305 
74100 3417 1335 
74150 3471 822 
74200 3489 488 
74250 3534 311 
74300 3547 198 
74350 3547 98 
74400 3543 41 
74450 3545 17 
74500 3534 17 
74550 3524 241 
74600 3498 1032 
74650 3499 1579 
74700 3514 1971 
74750 3525 2278 
74800 3518 2562 
74850 3535 2801 
74900 3538 2985 
74950 3532 3178 
75000 3550 3337 
75050 3304 2255 
75100 3415 1368 
75150 3468 788 
75200 3475 436 
75250 3520 254 
75300 3541 156 
75350 3518 80 
75400 3531 34 
75450 3533 21 
75500 3544 16 
75550 3550 428 
75600 3543 1097 
75650 3548 1642 
75700 3547 2131 
75750 3540 2496 
75800 3552 2833 
75850 3540 3102 
75900 3543 3315 
75950 3541 3435 
76000 3538 3486 
76050 3290 2280 
76100 3368 1306 
76150 3426 872 
76200 3464 575 
76250 3506 397 
76300 3530 240 
76350 3522 118 
76400 3518 52 
76450 3536 21 
76500 3547 11 
76550 3537 388 
76600 3533 1134 
76650 3527 1760 
76700 3534 2285 
76750 3537 2671 
76800 3539 3005 
76850 3529 3203 
76900 3531 3336 
76950 3553 3449 
77000 3548 3503 
77050 3357 2253 
77100 3461 1151 
77150 3500 575 
77200 3522 232 
77250 3526 99 
77300 3551 41 
77350 3549 20 
77400 3547 19 
77450 3541 11 
77500 3538 14 
77550 3533 558 
77600 3547 1362 
77650 3548 1849 
77700 3541 2240 
77750 3531 2514 
77800 3538 2774 
77850 3529 3020 
77900 3541 3249 
77950 3540 3405 
78000 3551 3454 
78050 3378 2142 
78100 3461 1110 
78150 3505 600 
78200 3522 327 
78250 3524 167 
78300 3539 74 
78350 3547 39 
78400 3562 23 
78450 3540 11 
78500 3550 18 
78550 3537 314 
78600 3541 971 
78650 3530 1490 
78700 3546 1874 
78750 3543 2265 
78800 3528 2663 
78850 3547 3003 
78900 3548 3216 
78950 3547 3367 
79000 3526 3426 
79050 3366 2217 
79100 3466 1179 
79150 3513 621 
79200 3531 297 
79250 3546 139 
79300 3540 68 
79350 3542 29 
79400 3524 9 
79450 3535 8 
79500 3530 11 
79550 3531 721 
79600 3531 1475 
79650 3532 2010 
79700 3536 2408 
79750 3544 2785 
79800 3536 3034 
79850 3542 3220 
79900 3555 3370 
79950 3547 3439 
80000 3549 3494 
80050 3372 2220 
80100 3446 1218 
80150 3475 695 
80200 3502 409 
80250 3507 258 
80300 3523 180 
80350 3529 107 
80400 3537 44 
80450 3540 18 
80500 3520 12 
80550 3540 441 
80600 3528 1233 
80650 3528 1785 
80700 3533 2137 
80750 3532 2452 
80800 3543 2728 
80850 3550 2992 
80900 3549 3188 
80950 3553 3341 
81000 3536 3388 
81050 3308 2358 
81100 3387 1398 
81150 3443 804 
81200 3495 446 
81250 3525 263 
81300 3545 108 
81350 3540 39 
81400 3537 17 
81450 3557 3 
81500 3537 6 
81550 3550 286 
81600 3541 883 
81650 3545 1350 
81700 3552 1729 
81750 3544 2099 
81800 3553 2477 
81850 3548 2772 
81900 3534 2990 
81950 3543 3138 
82000 3544 3235 
82050 3303 2251 
82100 3416 1304 
82150 3492 795 
82200 3489 468 
82250 3530 222 
82300 3540 103 
82350 3555 41 
82400 3548 16 
82450 3545 5 
82500 3546 11 
82550 3522 397 
82600 3547 1042 
82650 3542 1528 
82700 3551 1965 
82750 3548 2355 
82800 3553 2664 
82850 3546 2883 
82900 3549 3105 
82950 3559 3245 
83000 3543 3380 
83050 3398 2217 
83100 3470 1234 
83150 3518 635 
83200 3508 280 
83250 3531 123 
83300 3535 60 
83350 3546 23 
83400 3546 8 
83450 3546 10 
83500 3549 11 
83550 3530 592 
83600 3528 1278 
83650 3521 1818 
83700 3538 2243 
83750 3547 2596 
83800 3552 2870 
83850 3536 3078 
83900 3541 3250 
83950 3547 3383 
84000 3534 3414 
84050 3320 2380 
84100 3381 1341 
84150 3435 854 
84200 3480 564 
84250 3531 425 
84300 3543 285 
84350 3518 180 
84400 3522 105 
84450 3540 52 
84500 3543 28 
84550 3526 223 
84600 3518 1052 
84650 3511 1660 
84700 3540 2246 
84750 3542 2638 
84800 3547 2955 
84850 3543 3147 
84900 3538 3309 
84950 3547 3438 
85000 3558 3491 
85050 3411 2060 
85100 3477 1034 
85150 3517 432 
85200 3531 149 
85250 3520 42 
85300 3539 13 
85350 3527 22 
85400 3531 16 
85450 3552 28 
85500 3546 12 
85550 3538 694 
85600 3518 1402 
85650 3544 1881 
85700 3551 2273 
85750 3544 2563 
85800 3539 2838 
85850 3536 3042 
85900 3543 3211 
85950 3544 3346 
86000 3547 3427 
86050 3391 2073 
86100 3481 1034 
86150 3518 507 
86200 3540 183 
86250 3536 67 
86300 3542 25 
86350 3559 19 
86400 3536 25 
86450 3561 19 
86500 3552 18 
86550 3531 611 
86600 3545 1529 
86650 3557 2190 
86700 3535 2658 
86750 3536 3029 
86800 3548 3284 
86850 3543 3412 
86900 3528 3464 
86950 3543 3512 
87000 3533 3515 
87050 3312 2339 
87100 3375 1422 
87150 3412 828 
87200 3467 532 
87250 3495 387 
87300 3512 223 
87350 3521 104 
87400 3502 66 
87450 3523 26 
87500 3531 19 
87550 3544 343 
87600 3533 1032 
87650 3546 1564 
87700 3547 2029 
87750 3520 2354 
87800 3540 2706 
87850 3541 3004 
87900 3544 3180 
87950 3543 3292 
88000 3530 3371 
88050 3384 2037 
88100 3485 1024 
88150 3511 505 
88200 3519 220 
88250 3538 85 
88300 3543 31 
88350 3547 21 
88400 3548 13 
88450 3546 21 
88500 3547 17 
88550 3550 575 
88600 3556 1237 
88650 3544 1807 
88700 3531 2251 
88750 3546 2621 
88800 3538 2874 
88850 3538 3037 
88900 3548 3233 
88950 3543 3355 
89000 3546 3444 
89050 3349 2144 
89100 3466 1040 
89150 3520 466 
89200 3495 173 
89250 3537 51 
89300 3558 32 
89350 3540 6 
89400 3532 10 
89450 3536 14 
89500 3518 14 
89550 3523 524 
89600 3529 1163 
89650 3530 1817 
89700 3532 2230 
89750 3544 2615 
89800 3552 2881 
89850 3550 3083 
89900 3557 3242 
89950 3544 3341 
90000 3545 3407 
90050 3387 2054 
90100 3465 997 
90150 3506 477 
90200 3535 183 
90250 3532 44 
90300 3525 23 
90350 3538 18 
90400 3542 8 
90450 3538 15 
90500 3530 7 
90550 3538 427 
90600 3541 1081 
90650 3524 1611 
90700 3533 2075 
90750 3536 2442 
90800 3537 2738 
90850 3531 2935 
90900 3537 3115 
90950 3518 3213 
91000 3549 3335 
91050 3361 2152 
91100 3478 1083 
91150 3516 492 
91200 3507 207 
91250 3546 82 
91300 3536 34 
91350 3541 21 
91400 3556 13 
91450 3548 13 
91500 3548 8 
91550 3560 544 
91600 3549 1299 
91650 3552 1828 
91700 3520 2245 
91750 3528 2613 
91800 3552 2908 
91850 3535 3068 
91900 3551 3241 
91950 3532 3331 
92000 3555 3416 
92050 3381 2066 
92100 3491 953 
92150 3530 413 
92200 3546 105 
92250 3544 35 
92300 3545 14 
92350 3546 14 
92400 3519 12 
92450 3541 15 
92500 3555 11 
92550 3552 372 
92600 3554 1283 
92650 3556 2024 
92700 3548 2539 
92750 3534 2934 
92800 3543 3178 
92850 3554 3360 
92900 3552 3459 
92950 3556 3494 
93000 3546 3486 
93050 3334 2359 
93100 3425 1322 
93150 3480 777 
93200 3511 463 
93250 3533 283 
93300 3536 155 
93350 3541 79 
93400 3552 30 
93450 3541 15 
93500 3535 19 
93550 3535 577 
93600 3536 1401 
93650 3543 1894 
93700 3541 2303 
93750 3546 2681 
93800 3531 2945 
93850 3550 3141 
93900 3549 3269 
93950 3542 3326 
94000 3536 3400 
94050 3372 2165 
94100 3465 1112 
94150 3505 575 
94200 3534 277 
94250 3556 143 
94300 3542 72 
94350 3540 29 
94400 3548 10 
94450 3528 6 
94500 3537 4 
94550 3552 428 
94600 3545 1131 
94650 3546 1742 
94700 3537 2229 
94750 3542 2641 
94800 3552 2956 
94850 3543 3138 
94900 3549 3272 
94950 3550 3376 
95000 3522 3395 
95050 3328 2395 
95100 3394 1380 
95150 3445 818 
95200 3487 514 
95250 3512 396 
95300 3508 274 
95350 3542 166 
95400 3521 88 
95450 3530 49 
95500 3533 23 
95550 3545 470 
95600 3531 1032 
95650 3554 1510 
95700 3548 1911 
95750 3538 2255 
95800 3550 2593 
95850 3536 2899 
95900 3545 3132 
95950 3529 3286 
96000 3551 3421 
96050 3330 2230 
96100 3447 1175 
96150 3500 589 
96200 3524 256 
96250 3533 101 
96300 3531 52 
96350 3556 23 
96400 3559 16 
96450 3549 22 
96500 3536 18 
96550 3530 646 
96600 3533 1455 
96650 3525 2027 
96700 3543 2435 
96750 3549 2719 
96800 3549 2940 
96850 3535 3105 
96900 3524 3191 
96950 3538 3301 
97000 3534 3391 
97050 3357 2084 
97100 3444 1006 
97150 3530 423 
97200 3514 167 
97250 3542 52 
97300 3551 22 
97350 3537 20 
97400 3542 11 
97450 3553 21 
97500 3545 17 
97550 3554 579 
97600 3543 1381 
97650 3532 2023 
97700 3540 2550 
97750 3535 2867 
97800 3546 3137 
97850 3533 3324 
97900 3541 3432 
97950 3557 3488 
98000 3546 3479 
98050 3353 2149 
98100 3436 1153 
98150 3508 629 
98200 3514 351 
98250 3532 201 
98300 3541 126 
98350 3549 64 
98400 3531 32 
98450 3542 21 
98500 3543 22 
98550 3545 515 
98600 3553 1281 
98650 3540 1967 
98700 3546 2511 
98750 3538 2950 
98800 3543 3258 
98850 3544 3399 
98900 3553 3458 
98950 3541 3484 
99000 3556 3496 
99050 3373 2136 
99100 3457 997 
99150 3514 452 
99200 3525 162 
99250 3539 40 
99300 3541 31 
99350 3551 27 
99400 3542 26 
99450 3542 21 
99500 3537 21 
99550 3523 550 
99600 3520 1344 
99650 3523 1937 
99700 3526 2386 
99750 3542 2731 
99800 3537 2958 
99850 3526 3126 
99900 3541 3276 
99950 3520 3349 
100000 3532 3431 
100050 3348 2220 
100100 3411 1200 
100150 3465 680 
100200 3485 391 
100250 3515 275 
100300 3521 167 
100350 3529 104 
100400 3508 62 
100450 3533 38 
100500 3520 15 
100550 3513 497 
100600 3525 1020 
100650 3507 1427 
100700 3510 1813 
100750 3514 2151 
100800 3530 2498 
100850 3527 2791 
100900 3536 3015 
100950 3543 3169 
101000 3544 3282 
101050 3367 2178 
101100 3455 1104 
101150 3484 501 
101200 3520 184 
101250 3546 58 
101300 3535 19 
101350 3518 11 
101400 3548 13 
101450 3536 14 
101500 3540 11 
101550 3535 567 
101600 3547 1273 
101650 3558 1844 
101700 3533 2239 
101750 3542 2566 
101800 3547 2816 
101850 3540 3036 
101900 3546 3270 
101950 3530 3399 
102000 3554 3501 
102050 3358 2214 
102100 3449 1093 
102150 3499 550 
102200 3526 245 
102250 3531 118 
102300 3542 57 
102350 3521 33 
102400 3542 24 
102450 3547 20 
102500 3553 24 
102550 3542 503 
102600 3536 1308 
102650 3543 1809 
102700 3538 2223 
102750 3548 2576 
102800 3549 2832 
102850 3520 2991 
102900 3542 3159 
102950 3546 3292 
103000 3532 3359 
103050 3368 2075 
103100 3497 913 
103150 3506 375 
103200 3537 110 
103250 3551 45 
103300 3548 22 
103350 3530 12 
103400 3538 11 
103450 3546 10 
103500 3549 7 
103550 3527 445 
103600 3533 1116 
103650 3526 1671 
103700 3524 2166 
103750 3527 2591 
103800 3538 2948 
103850 3530 3181 
103900 3540 3327 
103950 3549 3434 
104000 3534 3458 
104050 3316 2230 
104100 3419 1199 
104150 3494 609 
104200 3518 324 
104250 3535 170 
104300 3526 93 
104350 3544 41 
104400 3550 19 
104450 3551 14 
104500 3531 14 
104550 3536 525 
104600 3534 1139 
104650 3547 1614 
104700 3531 1962 
104750 3537 2303 
104800 3549 2622 
104850 3524 2820 
104900 3545 3057 
104950 3546 3211 
105000 3542 3328 
105050 3305 2244 
105100 3400 1196 
105150 3468 649 
105200 3509 300 
105250 3541 117 
105300 3549 63 
105350 3552 15 
105400 3546 15 
105450 3539 16 
105500 3539 20 
105550 3545 579 
105600 3546 1272 
105650 3542 1782 
105700 3542 2177 
105750 3544 2557 
105800 3547 2851 
105850 3541 3093 
105900 3527 3250 
105950 3542 3388 
106000 3536 3472 
106050 3351 2390 
106100 3417 1399 
106150 3473 882 
106200 3503 495 
106250 3528 303 
106300 3542 178 
106350 3550 94 
106400 3554 44 
106450 3546 23 
106500 3544 7 
106550 3545 507 
106600 3535 1099 
106650 3561 1549 
106700 3539 1931 
106750 3539 2248 
106800 3544 2492 
106850 3542 2733 
106900 3539 2914 
106950 3518 3112 
107000 3530 3258 
107050 3305 2250 
107100 3389 1331 
107150 3473 782 
107200 3496 447 
107250 3518 257 
107300 3547 150 
107350 3540 59 
107400 3556 28 
107450 3533 18 
107500 3545 9 
107550 3554 300 
107600 3541 1032 
107650 3551 1493 
107700 3544 1904 
107750 3548 2264 
107800 3539 2530 
107850 3536 2787 
107900 3532 2943 
107950 3529 3075 
108000 3538 3214 
108050 3357 2104 
108100 3461 1098 
108150 3486 568 
108200 3521 275 
108250 3529 105 
108300 3530 66 
108350 3534 39 
108400 3544 22 
108450 3551 7 
108500 3544 20 
108550 3530 561 
108600 3540 1358 
108650 3549 2028 
108700 3534 2541 
108750 3541 2839 
108800 3532 3033 
108850 3547 3204 
108900 3538 3311 
108950 3543 3395 
109000 3551 3457 
109050 3354 2257 
109100 3467 1148 
109150 3511 546 
109200 3513 248 
109250 3546 104 
109300 3548 43 
109350 3545 15 
109400 3540 8 
109450 3546 9 
109500 3542 10 
109550 3554 521 
109600 3561 1128 
109650 3552 1615 
109700 3560 2013 
109750 3547 2346 
109800 3541 2678 
109850 3540 2935 
109900 3543 3154 
109950 3551 3299 
110000 3544 3408 
110050 3360 2057 
110100 3458 1038 
110150 3479 524 
110200 3522 275 
110250 3524 155 
110300 3530 89 
110350 3548 53 
110400 3538 27 
110450 3544 16 
110500 3541 6 
110550 3543 415 
110600 3552 962 
110650 3541 1488 
110700 3546 1936 
110750 3547 2320 
110800 3552 2728 
110850 3550 2998 
110900 3539 3185 
110950 3545 3348 
111000 3552 3460 
111050 3383 2173 
111100 3487 1080 
111150 3511 508 
111200 3521 221 
111250 3527 107 
111300 3533 47 
111350 3538 33 
111400 3531 9 
111450 3532 12 
111500 3549 9 
111550 3531 342 
111600 3546 1209 
111650 3539 1804 
111700 3525 2247 
111750 3517 2580 
111800 3534 2848 
111850 3524 3073 
111900 3531 3235 
111950 3553 3361 
112000 3541 3444 
112050 3284 2373 
112100 3379 1402 
112150 3431 861 
112200 3478 525 
112250 3515 368 
112300 3544 234 
112350 3535 132 
112400 3530 57 
112450 3548 23 
112500 3528 13 
112550 3516 416 
112600 3547 1027 
112650 3550 1529 
112700 3537 1971 
112750 3547 2305 
112800 3549 2641 
112850 3543 2928 
112900 3542 3137 
112950 3536 3259 
113000 3539 3393 
113050 3366 2218 
113100 3460 1164 
113150 3502 605 
113200 3528 258 
113250 3547 90 
113300 3535 49 
113350 3538 26 
113400 3534 15 
113450 3551 13 
113500 3550 9 
113550 3556 514 
113600 3557 1142 
113650 3550 1578 
113700 3538 2018 
113750 3533 2322 
113800 3552 2609 
113850 3539 2854 
113900 3541 3063 
113950 3540 3231 
114000 3526 3325 
114050 3358 2152 
114100 3467 1115 
114150 3496 562 
114200 3525 271 
114250 3527 130 
114300 3540 74 
114350 3547 27 
114400 3534 6 
114450 3535 8 
114500 3550 15 
114550 3539 678 
114600 3543 1273 
114650 3531 1775 
114700 3546 2216 
114750 3549 2611 
114800 3534 2887 
114850 3544 3121 
114900 3556 3289 
114950 3542 3411 
115000 3545 3511 
115050 3331 2335 
115100 3434 1388 
115150 3469 835 
115200 3512 470 
115250 3517 243 
115300 3561 105 
115350 3541 40 
115400 3546 27 
115450 3530 15 
115500 3544 17 
115550 3521 447 
115600 3521 1094 
115650 3528 1647 
115700 3520 2156 
115750 3531 2561 
115800 3544 2889 
115850 3542 3151 
115900 3544 3329 
115950 3542 3455 
116000 3533 3486 
116050 3320 2254 
116100 3410 1233 
116150 3464 630 
116200 3522 278 
116250 3541 163 
116300 3530 66 
116350 3554 25 
116400 3554 9 
116450 3544 16 
116500 3550 8 
116550 3546 517 
116600 3547 1170 
116650 3542 1645 
116700 3533 2129 
116750 3540 2582 
116800 3546 2918 
116850 3556 3204 
116900 3552 3367 
116950 3541 3456 
117000 3543 3506 
117050 3327 2295 
117100 3418 1232 
117150 3497 621 
117200 3507 279 
117250 3522 126 
117300 3536 60 
117350 3549 33 
117400 3544 13 
117450 3532 8 
117500 3532 11 
117550 3539 389 
117600 3526 1101 
117650 3518 1674 
117700 3535 2191 
117750 3542 2561 
117800 3547 2819 
117850 3553 3072 
117900 3547 3248 
117950 3557 3377 
118000 3534 3439 
118050 3334 2250 
118100 3438 1286 
118150 3503 654 
118200 3527 308 
118250 3547 145 
118300 3549 61 
118350 3547 21 
118400 3539 15 
118450 3548 9 
118500 3534 14 
118550 3551 515 
118600 3565 1286 
118650 3549 1767 
118700 3524 2092 
118750 3538 2389 
118800 3545 2648 
118850 3534 2834 
118900 3541 3006 
118950 3540 3119 
119000 3531 3239 
119050 3378 2051 
119100 3438 1054 
119150 3483 542 
119200 3495 260 
119250 3523 132 
119300 3534 60 
119350 3537 32 
119400 3534 18 
119450 3534 13 
119500 3537 9 
119550 3548 329 
119600 3545 999 
119650 3559 1558 
119700 3541 2004 
119750 3532 2311 
119800 3541 2589 
119850 3548 2834 
119900 3549 3076 
119950 3536 3241 
120000 3533 3346 
120050 3321 2198 
120100 3456 1153 
120150 3503 531 
120200 3503 205 
120250 3530 80 
120300 3543 33 
120350 3537 25 
120400 3563 18 
120450 3562 16 
120500 3517 15 
120550 3519 521 
120600 3538 1289 
120650 3548 1895 
120700 3531 2319 
120750 3544 2665 
120800 3552 2862 
120850 3545 3003 
120900 3524 3087 
120950 3543 3239 
121000 3534 3328 
121050 3346 2191 
121100 3455 1146 
121150 3501 555 
121200 3517 270 
121250 3522 133 
121300 3550 64 
121350 3536 27 
121400 3552 10 
121450 3539 9 
121500 3525 13 
121550 3524 605 
121600 3522 1367 
121650 3543 2018 
121700 3537 2478 
121750 3540 2827 
121800 3538 3053 
121850 3529 3182 
121900 3520 3251 
121950 3527 3358 
122000 3521 3412 
122050 3304 2353 
122100 3397 1386 
122150 3463 794 
122200 3477 438 
122250 3520 244 
122300 3524 149 
122350 3542 69 
122400 3532 28 
122450 3531 13 
122500 3553 4 
122550 3554 439 
122600 3540 951 
122650 3553 1393 
122700 3558 1864 
122750 3556 2208 
122800 3545 2562 
122850 3549 2861 
122900 3566 3120 
122950 3544 3264 
123000 3545 3371 
123050 3389 2154 
123100 3487 1059 
123150 3513 540 
123200 3544 220 
123250 3552 73 
123300 3560 20 
123350 3535 14 
123400 3535 5 
123450 3534 12 
123500 3555 11 
123550 3556 518 
123600 3546 1192 
123650 3540 1699 
123700 3537 2117 
123750 3539 2464 
123800 3545 2770 
123850 3545 3038 
123900 3549 3267 
123950 3539 3409 
124000 3548 3480 
124050 3352 2143 
124100 3457 1092 
124150 3492 534 
124200 3511 240 
124250 3535 103 
124300 3542 57 
124350 3535 19 
124400 3549 8 
124450 3559 12 
124500 3541 8 
124550 3514 441 
124600 3520 1133 
124650 3518 1584 
124700 3513 2006 
124750 3502 2322 
124800 3499 2616 
124850 3501 2861 
124900 3491 3064 
124950 3517 3241 
125000 3523 3350 
125050 3300 2153 
125100 3430 1190 
125150 3488 634 
125200 3514 312 
125250 3529 117 
125300 3544 45 
125350 3541 26 
125400 3539 11 
125450 3540 2 
125500 3551 5 
125550 3535 246 
125600 3535 837 
125650 3542 1301 
125700 3540 1715 
125750 3538 2080 
125800 3541 2411 
125850 3542 2691 
125900 3539 2958 
125950 3531 3119 
126000 3554 3309 
126050 3340 2141 
126100 3419 1191 
126150 3468 660 
126200 3495 308 
126250 3547 90 
126300 3557 35 
126350 3550 11 
126400 3546 11 
126450 3556 6 
126500 3544 2 
126550 3550 131 
126600 3516 817 
126650 3492 1357 
126700 3521 1774 
126750 3514 2102 
126800 3518 2431 
126850 3516 2641 
126900 3527 2892 
126950 3524 3064 
127000 3524 3191 
127050 3330 2231 
127100 3411 1263 
127150 3470 720 
127200 3527 342 
127250 3522 134 
127300 3532 52 
127350 3540 26 
127400 3542 9 
127450 3526 6 
127500 3556 5 
127550 3547 611 
127600 3551 1244 
127650 3552 1731 
127700 3558 2151 
127750 3552 2475 
127800 3557 2738 
127850 3559 2958 
127900 3542 3106 
127950 3534 3248 
128000 3537 3372 
128050 3316 2146 
128100 3409 1067 
128150 3477 551 
128200 3516 261 
128250 3537 108 
128300 3539 43 
128350 3550 18 
128400 3531 6 
128450 3523 5 
128500 3549 10 
128550 3539 496 
128600 3535 1037 
128650 3529 1468 
128700 3527 1859 
128750 3532 2201 
128800 3540 2506 
128850 3542 2750 
128900 3531 3009 
128950 3548 3183 
129000 3536 3300 
129050 3323 2199 
129100 3373 1278 
129150 3446 678 
129200 3459 317 
129250 3497 145 
129300 3501 71 
129350 3518 34 
129400 3521 15 
129450 3541 10 
129500 3548 6 
129550 3547 349 
129600 3540 1037 
129650 3551 1589 
129700 3530 1996 
129750 3526 2380 
129800 3550 2782 
129850 3545 3042 
129900 3546 3217 
129950 3555 3339 
130000 3539 3405 
130050 3332 2171 
130100 3424 1297 
130150 3468 766 
130200 3480 432 
130250 3532 251 
130300 3556 150 
130350 3560 55 
130400 3543 20 
130450 3546 11 
130500 3553 7 
130550 3541 533 
130600 3529 1164 
130650 3538 1608 
130700 3536 2000 
130750 3545 2337 
130800 3535 2604 
130850 3545 2840 
130900 3543 3015 
130950 3549 3169 
131000 3546 3328 
131050 3320 2222 
131100 3420 1221 
131150 3458 662 
131200 3496 347 
131250 3529 163 
131300 3536 87 
131350 3550 25 
131400 3539 21 
131450 3548 22 
131500 3555 8 
131550 3530 133 
131600 3528 934 
131650 3539 1494 
131700 3544 1917 
131750 3539 2213 
131800 3538 2492 
131850 3539 2716 
131900 3548 2946 
131950 3560 3176 
132000 3521 3298 
132050 3341 2215 
132100 3429 1259 
132150 3493 675 
132200 3509 354 
132250 3535 163 
132300 3551 79 
132350 3545 27 
132400 3543 5 
132450 3528 12 
132500 3550 10 
132550 3539 652 
132600 3534 1388 
132650 3540 1905 
132700 3529 2274 
132750 3553 2606 
132800 3545 2809 
132850 3541 3011 
132900 3548 3166 
132950 3552 3305 
133000 3540 3361 
133050 3340 2240 
133100 3440 1236 
133150 3508 650 
133200 3527 318 
133250 3552 141 
133300 3551 66 
133350 3546 15 
133400 3545 8 
133450 3545 11 
133500 3547 7 
133550 3556 593 
133600 3552 1275 
133650 3526 1809 
133700 3553 2281 
133750 3545 2592 
133800 3544 2875 
133850 3549 3061 
133900 3548 3184 
133950 3543 3309 
134000 3547 3434 
134050 3370 2163 
134100 3467 1056 
134150 3516 567 
134200 3520 281 
134250 3526 123 
134300 3560 64 
134350 3556 25 
134400 3554 22 
134450 3536 19 
134500 3526 21 
134550 3551 441 
134600 3545 1215 
134650 3535 1772 
134700 3543 2172 
134750 3539 2506 
134800 3535 2762 
134850 3532 3002 
134900 3522 3188 
134950 3541 3340 
135000 3558 3424 
135050 3349 2218 
135100 3447 1233 
135150 3485 673 
135200 3495 343 
135250 3518 186 
135300 3541 117 
135350 3539 57 
135400 3538 26 
135450 3541 14 
135500 3552 12 
135550 3541 789 
135600 3534 1584 
135650 3535 2174 
135700 3536 2573 
135750 3554 2886 
135800 3541 3107 
135850 3546 3278 
135900 3537 3403 
135950 3542 3473 
136000 3551 3502 
136050 3340 2155 
136100 3449 1110 
136150 3504 562 
136200 3519 281 
136250 3545 120 
136300 3544 58 
136350 3540 24 
136400 3516 15 
136450 3553 9 
136500 3536 17 
136550 3539 584 
136600 3539 1291 
136650 3549 1873 
136700 3545 2310 
136750 3537 2632 
136800 3551 2900 
136850 3537 3122 
136900 3525 3273 
136950 3546 3370 
137000 3545 3427 
137050 3352 2148 
137100 3479 984 
137150 3507 361 
137200 3543 148 
137250 3533 47 
137300 3530 20 
137350 3539 13 
137400 3535 21 
137450 3549 15 
137500 3541 16 
137550 3539 523 
137600 3542 1184 
137650 3552 1677 
137700 3547 2092 
137750 3550 2435 
137800 3552 2682 
137850 3548 2891 
137900 3547 3108 
137950 3540 3285 
138000 3531 3418 
138050 3368 2079 
138100 3450 1057 
138150 3492 554 
138200 3527 291 
138250 3541 159 
138300 3537 89 
138350 3532 24 
138400 3544 21 
138450 3542 19 
138500 3536 20 
138550 3546 450 
138600 3534 1311 
138650 3538 1844 
138700 3543 2228 
138750 3539 2530 
138800 3553 2796 
138850 3550 3019 
138900 3528 3198 
138950 3543 3361 
139000 3532 3418 
139050 3362 2101 
139100 3456 993 
139150 3495 441 
139200 3537 186 
139250 3530 73 
139300 3554 40 
139350 3555 30 
139400 3541 25 
139450 3552 19 
139500 3547 10 
139550 3537 401 
139600 3541 1239 
139650 3548 1842 
139700 3553 2332 
139750 3531 2641 
139800 3545 2888 
139850 3532 3061 
139900 3535 3205 
139950 3541 3318 
140000 3547 3407 
140050 3381 2172 
140100 3489 1064 
140150 3530 562 
140200 3525 285 
140250 3536 121 
140300 3536 63 
140350 3525 28 
140400 3561 16 
140450 3551 16 
140500 3539 18 
140550 3529 508 
140600 3544 1298 
140650 3551 1913 
140700 3544 2368 
140750 3551 2729 
140800 3550 2966 
140850 3554 3139 
140900 3560 3281 
140950 3559 3375 
141000 3548 3395 
141050 3383 2168 
141100 3455 1119 
141150 3500 621 
141200 3516 352 
141250 3528 196 
141300 3526 114 
141350 3530 54 
141400 3525 23 
141450 3537 18 
141500 3549 11 
141550 3542 464 
141600 3539 968 
141650 3535 1409 
141700 3549 1827 
141750 3550 2201 
141800 3537 2566 
141850 3540 2854 
141900 3535 3104 
141950 3531 3269 
142000 3515 3358 
142050 3379 2185 
142100 3450 1169 
142150 3500 578 
142200 3516 235 
142250 3530 93 
142300 3536 30 
142350 3528 28 
142400 3557 15 
142450 3544 14 
142500 3539 26 
142550 3548 382 
142600 3541 1145 
142650 3545 1649 
142700 3549 2075 
142750 3555 2374 
142800 3538 2631 
142850 3530 2814 
142900 3537 2993 
142950 3550 3155 
143000 3537 3270 
143050 3344 2246 
143100 3442 1278 
143150 3490 741 
143200 3510 400 
143250 3525 192 
143300 3531 97 
143350 3546 53 
143400 3542 36 
143450 3529 25 
143500 3551 22 
143550 3555 494 
143600 3554 1201 
143650 3548 1733 
143700 3551 2169 
143750 3558 2576 
143800 3555 2865 
143850 3561 3073 
143900 3552 3227 
143950 3532 3316 
144000 3551 3431 
144050 3349 2257 
144100 3450 1281 
144150 3494 713 
144200 3519 409 
144250 3533 204 
144300 3551 126 
144350 3551 71 
144400 3540 26 
144450 3544 17 
144500 3541 23 
144550 3555 766 
144600 3562 1564 
144650 3541 2068 
144700 3553 2473 
144750 3545 2742 
144800 3545 3002 
144850 3538 3192 
144900 3553 3367 
144950 3548 3438 
145000 3557 3476 
145050 3375 2145 
145100 3459 1144 
145150 3515 499 
145200 3524 186 
145250 3531 77 
145300 3557 40 
145350 3557 32 
145400 3528 25 
145450 3541 13 
145500 3550 17 
145550 3555 479 
145600 3542 1257 
145650 3538 1831 
145700 3511 2275 
145750 3527 2678 
145800 3527 2967 
145850 3539 3156 
145900 3525 3288 
145950 3537 3400 
146000 3543 3460 
146050 3363 2180 
146100 3435 1188 
146150 3470 747 
146200 3500 501 
146250 3504 347 
146300 3532 268 
146350 3531 165 
146400 3522 93 
146450 3537 46 
146500 3546 18 
146550 3526 583 
146600 3534 1242 
146650 3519 1825 
146700 3532 2318 
146750 3528 2634 
146800 3550 2909 
146850 3553 3098 
146900 3530 3235 
146950 3541 3366 
147000 3552 3440 
147050 3385 2208 
147100 3470 1163 
147150 3496 599 
147200 3499 223 
147250 3517 55 
147300 3531 33 
147350 3555 21 
147400 3541 17 
147450 3535 23 
147500 3537 17 
147550 3562 573 
147600 3560 1331 
147650 3555 1836 
147700 3554 2206 
147750 3522 2459 
147800 3548 2744 
147850 3541 2969 
147900 3541 3150 
147950 3547 3308 
148000 3546 3449 
148050 3350 2175 
148100 3447 1086 
148150 3486 540 
148200 3519 218 
148250 3537 78 
148300 3538 32 
148350 3544 21 
148400 3543 27 
148450 3542 16 
148500 3546 23 
148550 3542 673 
148600 3541 1389 
148650 3531 1954 
148700 3543 2415 
148750 3551 2779 
148800 3551 3003 
148850 3544 3213 
148900 3561 3369 
148950 3544 3456 
149000 3540 3488 
149050 3353 2243 
149100 3465 1154 
149150 3501 613 
149200 3531 304 
149250 3546 172 
149300 3532 105 
149350 3557 40 
149400 3542 21 
149450 3526 9 
149500 3547 20 
149550 3533 339 
149600 3535 935 
149650 3540 1417 
149700 3541 1811 
149750 3543 2182 
149800 3549 2456 
149850 3544 2717 
149900 3532 2926 
149950 3547 3087 
150000 3555 3207 
150050 3351 2276 
150100 3441 1286 
150150 3480 715 
150200 3494 398 
150250 3503 191 
150300 3534 109 
150350 3533 41 
150400 3542 20 
150450 3536 24 
150500 3538 22 
150550 3547 523 
150600 3538 1208 
150650 3541 1801 
150700 3536 2331 
150750 3550 2751 
150800 3529 3056 
150850 3540 3273 
150900 3535 3374 
150950 3534 3429 
151000 3539 3466 
151050 3335 2247 
151100 3427 1297 
151150 3502 693 
151200 3513 363 
151250 3530 177 
151300 3540 97 
151350 3542 44 
151400 3536 15 
151450 3545 13 
151500 3550 15 
151550 3536 628 
151600 3543 1350 
151650 3525 1908 
151700 3540 2357 
151750 3536 2674 
151800 3540 2909 
151850 3556 3100 
151900 3560 3237 
151950 3558 3352 
152000 3544 3395 
152050 3316 2359 
152100 3407 1430 
152150 3445 895 
152200 3482 544 
152250 3524 325 
152300 3527 173 
152350 3542 63 
152400 3550 26 
152450 3544 14 
152500 3535 10 
152550 3544 551 
152600 3527 1267 
152650 3517 1821 
152700 3520 2304 
152750 3533 2724 
152800 3525 2962 
152850 3534 3141 
152900 3549 3247 
152950 3530 3321 
153000 3545 3437 
153050 3274 2459 
153100 3405 1532 
153150 3462 853 
153200 3516 414 
153250 3527 188 
153300 3548 62 
153350 3535 34 
153400 3559 19 
153450 3554 19 
153500 3541 14 
153550 3533 335 
153600 3550 1086 
153650 3543 1633 
153700 3529 2104 
153750 3543 2542 
153800 3548 2902 
153850 3545 3190 
153900 3540 3333 
153950 3531 3447 
154000 3553 3522 
154050 3348 2313 
154100 3418 1303 
154150 3478 759 
154200 3514 418 
154250 3523 200 
154300 3540 89 
154350 3554 18 
154400 3539 8 
154450 3544 7 
154500 3540 18 
154550 3547 646 
154600 3541 1270 
154650 3542 1823 
154700 3549 2198 
154750 3547 2499 
154800 3536 2756 
154850 3531 2985 
154900 3532 3215 
154950 3543 3351 
155000 3552 3426 
155050 3330 2218 
155100 3449 1140 
155150 3480 549 
155200 3516 200 
155250 3531 59 
155300 3544 16 
155350 3540 13 
155400 3534 8 
155450 3540 8 
155500 3562 10 
155550 3559 540 
155600 3544 1282 
155650 3549 1868 
155700 3556 2319 
155750 3535 2651 
155800 3539 2956 
155850 3541 3182 
155900 3543 3355 
155950 3545 3477 
156000 3547 3505 
156050 3293 2274 
156100 3407 1373 
156150 3479 848 
156200 3497 489 
156250 3547 258 
156300 3537 153 
156350 3553 72 
156400 3547 41 
156450 3550 30 
156500 3548 13 
156550 3542 413 
156600 3552 1032 
156650 3546 1501 
156700 3538 1955 
156750 3547 2325 
156800 3559 2627 
156850 3548 2810 
156900 3527 2979 
156950 3544 3132 
157000 3544 3258 
157050 3344 2218 
157100 3461 1249 
157150 3490 704 
157200 3503 376 
157250 3535 203 
157300 3527 120 
157350 3542 81 
157400 3547 36 
157450 3555 19 
157500 3542 13 
157550 3532 458 
157600 3546 1114 
157650 3551 1658 
157700 3551 2124 
157750 3557 2562 
157800 3550 2917 
157850 3550 3163 
157900 3552 3319 
157950 3541 3406 
158000 3542 3465 
158050 3375 2089 
158100 3485 943 
158150 3501 430 
158200 3549 169 
158250 3528 51 
158300 3534 16 
158350 3527 18 
158400 3532 6 
158450 3545 11 
158500 3542 14 
158550 3523 424 
158600 3500 1218 
158650 3506 1883 
158700 3510 2384 
158750 3516 2764 
158800 3499 3047 
158850 3524 3275 
158900 3522 3362 
158950 3533 3446 
159000 3531 3459 
159050 3361 2286 
159100 3463 1216 
159150 3505 643 
159200 3537 265 
159250 3539 107 
159300 3551 45 
159350 3542 21 
159400 3528 13 
159450 3532 13 
159500 3557 19 
159550 3537 511 
159600 3539 1190 
159650 3523 1717 
159700 3534 2245 
159750 3527 2673 
159800 3558 2970 
159850 3528 3173 
159900 3540 3308 
159950 3550 3372 
160000 3544 3417 
160050 3317 2330 
160100 3415 1411 
160150 3473 893 
160200 3501 574 
160250 3526 348 
160300 3532 213 
160350 3539 96 
160400 3551 28 
160450 3537 18 
160500 3526 7 
160550 3523 49 
160600 3530 657 
160650 3520 1171 
160700 3512 1623 
160750 3526 1974 
160800 3533 2292 
160850 3542 2589 
160900 3530 2827 
160950 3536 3024 
161000 3545 3182 
161050 3338 2192 
161100 3443 1245 
161150 3458 659 
161200 3488 312 
161250 3524 104 
161300 3540 45 
161350 3539 24 
161400 3543 15 
161450 3533 5 
161500 3543 8 
161550 3509 317 
161600 3486 1035 
161650 3499 1591 
161700 3492 1998 
161750 3506 2326 
161800 3509 2598 
161850 3506 2823 
161900 3505 3028 
161950 3529 3215 
162000 3544 3343 
162050 3319 2198 
162100 3451 1099 
162150 3485 561 
162200 3513 263 
162250 3536 129 
162300 3540 71 
162350 3542 39 
162400 3545 14 
162450 3558 8 
162500 3554 2 
162550 3519 151 
162600 3517 793 
162650 3510 1265 
162700 3529 1768 
162750 3536 2160 
162800 3533 2498 
162850 3530 2796 
162900 3526 3019 
162950 3534 3226 
163000 3549 3376 
163050 3346 2122 
163100 3463 1171 
163150 3487 692 
163200 3495 416 
163250 3504 216 
163300 3530 127 
163350 3544 75 
163400 3548 30 
163450 3548 6 
163500 3526 6 
163550 3538 553 
163600 3522 1179 
163650 3535 1642 
163700 3536 2027 
163750 3558 2444 
163800 3548 2725 
163850 3525 2951 
163900 3538 3163 
163950 3542 3326 
164000 3540 3412 
164050 3350 2421 
164100 3425 1468 
164150 3477 861 
164200 3498 459 
164250 3523 253 
164300 3539 121 
164350 3533 52 
164400 3535 10 
164450 3534 5 
164500 3536 4 
164550 3538 620 
164600 3538 1380 
164650 3527 2007 
164700 3549 2495 
164750 3548 2848 
164800 3547 3102 
164850 3550 3302 
164900 3552 3408 
164950 3545 3457 
165000 3537 3489 
165050 3373 2267 
165100 3469 1161 
165150 3522 536 
165200 3529 231 
165250 3551 80 
165300 3544 37 
165350 3550 14 
165400 3540 14 
165450 3553 10 
165500 3549 10 
165550 3536 420 
165600 3546 1170 
165650 3548 1831 
165700 3554 2316 
165750 3548 2742 
165800 3543 3025 
165850 3544 3224 
165900 3536 3364 
165950 3542 3448 
166000 3539 3497 
166050 3360 2182 
166100 3458 1124 
166150 3488 551 
166200 3495 257 
166250 3539 106 
166300 3531 40 
166350 3550 16 
166400 3539 8 
166450 3528 11 
166500 3521 5 
166550 3540 458 
166600 3543 1032 
166650 3541 1450 
166700 3532 1847 
166750 3547 2181 
166800 3551 2483 
166850 3530 2707 
166900 3540 2925 
166950 3545 3105 
167000 3530 3214 
167050 3339 2221 
167100 3449 1221 
167150 3484 643 
167200 3513 303 
167250 3519 116 
167300 3523 40 
167350 3543 16 
167400 3540 14 
167450 3548 11 
167500 3541 5 
167550 3536 587 
167600 3526 1276 
167650 3527 1750 
167700 3530 2149 
167750 3515 2493 
167800 3523 2819 
167850 3536 3087 
167900 3517 3264 
167950 3526 3406 
168000 3537 3476 
168050 3350 2265 
168100 3422 1350 
168150 3477 798 
168200 3508 453 
168250 3524 274 
168300 3529 151 
168350 3538 67 
168400 3549 49 
168450 3549 29 
168500 3536 25 
168550 3516 308 
168600 3512 1081 
168650 3517 1621 
168700 3535 2020 
168750 3515 2314 
168800 3534 2601 
168850 3542 2825 
168900 3536 3006 
168950 3537 3189 
169000 3556 3331 
169050 3312 2267 
169100 3429 1288 
169150 3472 727 
169200 3478 395 
169250 3499 216 
169300 3533 145 
169350 3544 89 
169400 3545 40 
169450 3544 20 
169500 3551 8 
169550 3539 686 
169600 3535 1478 
169650 3526 1958 
169700 3531 2344 
169750 3544 2603 
169800 3540 2825 
169850 3541 3002 
169900 3547 3149 
169950 3535 3252 
170000 3548 3381 
170050 3327 2227 
170100 3455 1169 
170150 3504 565 
170200 3496 240 
170250 3536 89 
170300 3532 36 
170350 3529 20 
170400 3536 10 
170450 3529 11 
170500 3537 4 
170550 3521 431 
170600 3535 1153 
170650 3534 1664 
170700 3536 2040 
170750 3535 2383 
170800 3524 2712 
170850 3514 2956 
170900 3524 3174 
170950 3517 3313 
171000 3538 3422 
171050 3306 2226 
171100 3436 1252 
171150 3471 734 
171200 3500 393 
171250 3497 176 
171300 3520 60 
171350 3517 33 
171400 3532 12 
171450 3542 11 
171500 3526 11 
171550 3519 602 
171600 3516 1369 
171650 3535 1930 
171700 3531 2313 
171750 3530 2663 
171800 3548 2866 
171850 3542 3040 
171900 3525 3178 
171950 3544 3307 
172000 3559 3422 
172050 3370 2241 
172100 3468 1188 
172150 3489 625 
172200 3518 291 
172250 3523 132 
172300 3522 72 
172350 3544 36 
172400 3531 32 
172450 3532 21 
172500 3552 3 
172550 3539 462 
172600 3532 1226 
172650 3527 1793 
172700 3532 2291 
172750 3533 2604 
172800 3528 2870 
172850 3541 3073 
172900 3558 3262 
172950 3551 3371 
173000 3533 3447 
173050 3362 2300 
173100 3475 1230 
173150 3492 715 
173200 3518 416 
173250 3530 213 
173300 3529 131 
173350 3525 38 
173400 3531 17 
173450 3555 10 
173500 3552 9 
173550 3544 367 
173600 3541 1093 
173650 3540 1629 
173700 3545 2083 
173750 3547 2365 
173800 3538 2611 
173850 3551 2807 
173900 3544 2971 
173950 3545 3123 
174000 3525 3214 
174050 3282 2359 
174100 3408 1379 
174150 3474 750 
174200 3501 307 
174250 3522 114 
174300 3548 42 
174350 3538 12 
174400 3541 10 
174450 3532 5 
174500 3543 8 
174550 3539 438 
174600 3546 1129 
174650 3535 1638 
174700 3549 2061 
174750 3548 2428 
174800 3542 2697 
174850 3557 2910 
174900 3547 3088 
174950 3546 3279 
175000 3563 3397 
175050 3386 2216 
175100 3491 1139 
175150 3497 558 
175200 3535 234 
175250 3540 85 
175300 3547 36 
175350 3549 17 
175400 3551 13 
175450 3545 9 
175500 3547 5 
175550 3536 470 
175600 3537 1104 
175650 3539 1598 
175700 3543 2071 
175750 3552 2418 
175800 3546 2683 
175850 3545 2896 
175900 3548 3095 
175950 3553 3270 
176000 3533 3364 
176050 3329 2249 
176100 3433 1268 
176150 3473 701 
176200 3499 352 
176250 3532 144 
176300 3532 68 
176350 3555 29 
176400 3540 24 
176450 3546 24 
176500 3550 15 
176550 3538 351 
176600 3538 1001 
176650 3536 1573 
176700 3536 2011 
176750 3533 2423 
176800 3532 2746 
176850 3536 3025 
176900 3538 3193 
176950 3521 3310 
177000 3527 3376 
177050 3315 2269 
177100 3384 1304 
177150 3468 712 
177200 3490 371 
177250 3528 184 
177300 3519 88 
177350 3533 33 
177400 3531 19 
177450 3545 13 
177500 3538 10 
177550 3548 503 
177600 3539 1241 
177650 3551 1804 
177700 3559 2234 
177750 3542 2613 
177800 3547 2868 
177850 3559 3110 
177900 3545 3279 
177950 3530 3365 
178000 3541 3443 
178050 3347 2278 
178100 3455 1141 
178150 3495 592 
178200 3532 290 
178250 3551 146 
178300 3545 60 
178350 3530 34 
178400 3540 10 
178450 3542 4 
178500 3541 10 
178550 3534 478 
178600 3539 1125 
178650 3532 1573 
178700 3515 2028 
178750 3536 2421 
178800 3537 2746 
178850 3543 2962 
178900 3539 3173 
178950 3539 3315 
179000 3552 3433 
179050 3312 2284 
179100 3419 1337 
179150 3480 775 
179200 3493 438 
179250 3506 248 
179300 3546 151 
179350 3525 58 
179400 3539 17 
179450 3536 6 
179500 3530 6 
179550 3552 613 
179600 3535 1399 
179650 3549 2001 
179700 3543 2385 
179750 3552 2699 
179800 3556 2982 
179850 3552 3182 
179900 3553 3339 
179950 3540 3408 
180000 3550 3484 
180050 3383 2217 
180100 3467 1162 
180150 3501 602 
180200 3532 259 
180250 3550 102 
180300 3549 45 
180350 3559 17 
180400 3559 4 
180450 3539 3 
180500 3541 4 
180550 3536 211 
180600 3552 810 
180650 3543 1306 
180700 3535 1744 
180750 3546 2120 
180800 3553 2455 
180850 3546 2682 
180900 3544 2880 
180950 3520 3043 
181000 3541 3174 
181050 3336 2208 
181100 3469 1135 
181150 3482 568 
181200 3520 220 
181250 3530 90 
181300 3536 35 
181350 3547 17 
181400 3540 5 
181450 3526 3 
181500 3530 3 
181550 3543 416 
181600 3527 975 
181650 3523 1372 
181700 3549 1725 
181750 3544 2087 
181800 3546 2418 
181850 3544 2651 
181900 3540 2857 
181950 3536 3021 
182000 3547 3145 
182050 3385 2200 
182100 3490 1157 
182150 3500 595 
182200 3506 331 
182250 3520 183 
182300 3520 89 
182350 3537 46 
182400 3535 33 
182450 3541 10 
182500 3528 23 
182550 3561 616 
182600 3546 1433 
182650 3544 1979 
182700 3538 2334 
182750 3536 2624 
182800 3553 2845 
182850 3543 2992 
182900 3537 3174 
182950 3550 3307 
183000 3549 3417 
183050 3328 2227 
183100 3448 1145 
183150 3493 578 
183200 3511 268 
183250 3548 124 
183300 3542 51 
183350 3539 33 
183400 3549 18 
183450 3533 14 
183500 3549 13 
183550 3531 198 
183600 3522 852 
183650 3514 1418 
183700 3520 1873 
183750 3528 2292 
183800 3533 2679 
183850 3538 2949 
183900 3535 3172 
183950 3549 3334 
184000 3549 3439 
184050 3325 2407 
184100 3415 1383 
184150 3477 797 
184200 3523 396 
184250 3530 178 
184300 3538 69 
184350 3533 23 
184400 3545 26 
184450 3552 21 
184500 3554 21 
184550 3551 532 
184600 3559 1157 
184650 3552 1705 
184700 3555 2160 
184750 3546 2542 
184800 3544 2870 
184850 3551 3146 
184900 3548 3318 
184950 3550 3430 
185000 3557 3511 
185050 3364 2247 
185100 3472 1109 
185150 3521 541 
185200 3534 239 
185250 3554 123 
185300 3542 77 
185350 3533 37 
185400 3569 7 
185450 3537 13 
185500 3553 8 
185550 3533 440 
185600 3542 1036 
185650 3546 1497 
185700 3547 1951 
185750 3555 2334 
185800 3552 2671 
185850 3541 2941 
185900 3536 3171 
185950 3557 3389 
186000 3535 3446 
186050 3392 2267 
186100 3453 1252 
186150 3503 724 
186200 3503 377 
186250 3523 196 
186300 3545 93 
186350 3549 38 
186400 3538 10 
186450 3557 9 
186500 3547 11 
186550 3539 66 
186600 3530 837 
186650 3544 1477 
186700 3532 1986 
186750 3534 2417 
186800 3509 2703 
186850 3518 2982 
186900 3535 3205 
186950 3528 3336 
187000 3536 3438 
187050 3317 2282 
187100 3383 1296 
187150 3468 765 
187200 3480 443 
187250 3514 252 
187300 3551 151 
187350 3548 90 
187400 3540 35 
187450 3551 18 
187500 3545 8 
187550 3550 393 
187600 3543 1038 
187650 3546 1523 
187700 3539 1893 
187750 3536 2256 
187800 3518 2549 
187850 3535 2857 
187900 3546 3076 
187950 3530 3247 
188000 3520 3326 
188050 3347 2225 
188100 3447 1207 
188150 3479 603 
188200 3499 257 
188250 3515 99 
188300 3517 41 
188350 3520 15 
188400 3538 9 
188450 3550 4 
188500 3553 6 
188550 3532 518 
188600 3523 1095 
188650 3525 1541 
188700 3533 1944 
188750 3529 2325 
188800 3520 2581 
188850 3543 2786 
188900 3535 2958 
188950 3541 3109 
189000 3543 3254 
189050 3336 2244 
189100 3416 1409 
189150 3468 791 
189200 3518 363 
189250 3525 158 
189300 3553 75 
189350 3557 21 
189400 3559 7 
189450 3549 7 
189500 3538 7 
189550 3552 414 
189600 3552 1059 
189650 3561 1516 
189700 3554 1957 
189750 3546 2321 
189800 3554 2631 
189850 3550 2862 
189900 3565 3028 
189950 3557 3178 
190000 3553 3302 
190050 3367 2266 
190100 3464 1280 
190150 3493 726 
190200 3507 424 
190250 3534 241 
190300 3545 152 
190350 3546 74 
190400 3543 39 
190450 3537 16 
190500 3542 11 
190550 3540 15 
190600 3479 395 
190650 3460 1099 
190700 3426 1628 
190750 3425 2078 
190800 3429 2389 
190850 3453 2651 
190900 3480 2865 
190950 3522 3028 
191000 3526 3165 
191050 3355 2212 
191100 3459 1267 
191150 3503 684 
191200 3529 378 
191250 3530 245 
191300 3543 165 
191350 3557 102 
191400 3550 42 
191450 3547 23 
191500 3558 6 
191550 3555 175 
191600 3549 733 
191650 3545 1210 
191700 3538 1599 
191750 3538 1941 
191800 3531 2254 
191850 3521 2554 
191900 3542 2825 
191950 3526 3039 
192000 3542 3232 
192050 3292 2237 
192100 3431 1232 
192150 3445 629 
192200 3504 276 
192250 3519 106 
192300 3542 26 
192350 3549 13 
192400 3536 8 
192450 3541 9 
192500 3535 6 
192550 3541 244 
192600 3539 1066 
192650 3556 1680 
192700 3552 2241 
192750 3547 2606 
192800 3543 2874 
192850 3517 3013 
192900 3532 3169 
192950 3526 3283 
193000 3538 3397 
193050 3304 2450 
193100 3368 1526 
193150 3427 932 
193200 3480 559 
193250 3495 327 
193300 3531 189 
193350 3532 77 
193400 3549 30 
193450 3537 17 
193500 3530 15 
193550 3539 504 
193600 3541 1127 
193650 3530 1544 
193700 3533 1901 
193750 3535 2228 
193800 3546 2533 
193850 3550 2791 
193900 3543 2998 
193950 3535 3137 
194000 3546 3283 
194050 3364 2252 
194100 3428 1268 
194150 3501 664 
194200 3516 336 
194250 3547 163 
194300 3534 76 
194350 3509 37 
194400 3536 18 
194450 3543 7 
194500 3549 5 
194550 3550 476 
194600 3539 1011 
194650 3542 1404 
194700 3536 1839 
194750 3527 2169 
194800 3545 2523 
194850 3511 2742 
194900 3538 2992 
194950 3536 3157 
195000 3539 3283 
195050 3262 2515 
195100 3328 1762 
195150 3394 1191 
195200 3470 769 
195250 3521 543 
195300 3532 293 
195350 3527 153 
195400 3533 75 
195450 3539 30 
195500 3534 13 
195550 3532 406 
195600 3525 923 
195650 3528 1404 
195700 3540 1767 
195750 3560 2135 
195800 3546 2436 
195850 3533 2697 
195900 3538 2938 
195950 3535 3107 
196000 3536 3218 
196050 3348 2272 
196100 3434 1345 
196150 3486 712 
196200 3508 340 
196250 3515 127 
196300 3536 32 
196350 3543 16 
196400 3552 12 
196450 3556 5 
196500 3535 4 
196550 3506 13 
196600 3476 740 
196650 3477 1252 
196700 3459 1655 
196750 3452 2046 
196800 3453 2385 
196850 3464 2679 
196900 3506 2923 
196950 3518 3128 
197000 3524 3263 
197050 3323 2232 
197100 3406 1282 
197150 3460 674 
197200 3503 362 
197250 3493 198 
197300 3519 130 
197350 3517 94 
197400 3542 51 
197450 3547 17 
197500 3557 8 
197550 3552 463 
197600 3553 1151 
197650 3541 1585 
197700 3534 1949 
197750 3540 2272 
197800 3534 2549 
197850 3534 2768 
197900 3526 3001 
197950 3543 3216 
198000 3519 3365 
198050 3314 2291 
198100 3417 1260 
198150 3473 683 
198200 3504 309 
198250 3541 118 
198300 3522 58 
198350 3528 17 
198400 3539 11 
198450 3528 7 
198500 3533 8 
198550 3539 117 
198600 3536 839 
198650 3548 1385 
198700 3531 1785 
198750 3558 2163 
198800 3542 2524 
198850 3532 2830 
198900 3545 3086 
198950 3545 3226 
199000 3532 3333 
199050 3346 2307 
199100 3427 1284 
199150 3464 753 
199200 3488 431 
199250 3493 215 
199300 3532 123 
199350 3517 61 
199400 3518 25 
199450 3536 7 
199500 3529 10 
199550 3543 329 
199600 3546 879 
199650 3541 1326 
199700 3547 1758 
199750 3552 2120 
199800 3544 2460 
199850 3543 2694 
199900 3554 2885 
199950 3534 3048 
200000 3533 3181 
