# Avida tasks data
# Fri Apr  6 23:16:10 2012
# First column gives the current update, next columns give the number
# of organisms that have the particular task as a component of their merit
#  1: Update
#  2: Xor
#  3: Equals

0 0 0 
50 5 5 
100 17 17 
150 61 61 
200 158 158 
250 338 340 
300 516 517 
350 752 751 
400 1077 1079 
450 1457 1452 
500 1861 1860 
550 2338 2336 
600 2897 2895 
650 3328 3329 
700 3491 3492 
750 3545 3550 
800 3530 3529 
850 3543 3541 
900 3530 3530 
950 3536 3538 
1000 3539 3538 
1050 3553 3550 
1100 3530 3535 
1150 3533 3535 
1200 3549 3554 
1250 3541 3542 
1300 3544 3540 
1350 3546 3552 
1400 3541 3532 
1450 3541 3536 
1500 3545 3546 
1550 3547 3548 
1600 3565 3562 
1650 3547 3542 
1700 3549 3550 
1750 3546 3544 
1800 3534 3542 
1850 3536 3535 
1900 3541 3535 
1950 3541 3540 
2000 3530 3525 
2050 3544 3538 
2100 3538 3540 
2150 3550 3546 
2200 3544 3541 
2250 3551 3558 
2300 3539 3540 
2350 3551 3551 
2400 3532 3534 
2450 3556 3560 
2500 3547 3545 
2550 3554 3551 
2600 3530 3528 
2650 3544 3546 
2700 3542 3536 
2750 3542 3543 
2800 3557 3554 
2850 3546 3546 
2900 3554 3556 
2950 3544 3545 
3000 3560 3560 
3050 3543 3537 
3100 3542 3545 
3150 3536 3537 
3200 3545 3542 
3250 3553 3550 
3300 3546 3547 
3350 3537 3539 
3400 3546 3540 
3450 3528 3530 
3500 3542 3545 
3550 3532 3536 
3600 3554 3551 
3650 3542 3543 
3700 3527 3531 
3750 3549 3549 
3800 3537 3540 
3850 3547 3541 
3900 3544 3542 
3950 3556 3553 
4000 3556 3552 
4050 3545 3548 
4100 3549 3549 
4150 3548 3544 
4200 3547 3546 
4250 3551 3553 
4300 3554 3555 
4350 3562 3559 
4400 3555 3551 
4450 3551 3546 
4500 3544 3545 
4550 3545 3545 
4600 3555 3559 
4650 3542 3545 
4700 3546 3541 
4750 3555 3550 
4800 3545 3546 
4850 3555 3551 
4900 3548 3545 
4950 3546 3550 
5000 3543 3543 
5050 3553 3557 
5100 3548 3544 
5150 3545 3553 
5200 3540 3541 
5250 3548 3549 
5300 3541 3541 
5350 3537 3527 
5400 3544 3542 
5450 3542 3545 
5500 3539 3535 
5550 3541 3533 
5600 3543 3543 
5650 3528 3527 
5700 3539 3543 
5750 3514 3520 
5800 3532 3539 
5850 3539 3541 
5900 3528 3525 
5950 3541 3543 
6000 3550 3549 
6050 3545 3548 
6100 3532 3530 
6150 3545 3548 
6200 3533 3539 
6250 3536 3537 
6300 3537 3535 
6350 3544 3542 
6400 3533 3538 
6450 3546 3549 
6500 3549 3545 
6550 3538 3539 
6600 3542 3546 
6650 3537 3539 
6700 3540 3539 
6750 3544 3546 
6800 3554 3554 
6850 3564 3568 
6900 3550 3553 
6950 3537 3538 
7000 3550 3546 
7050 3550 3546 
7100 3552 3543 
7150 3549 3544 
7200 3540 3543 
7250 3535 3535 
7300 3549 3554 
7350 3543 3538 
7400 3528 3529 
7450 3540 3540 
7500 3527 3525 
7550 3542 3547 
7600 3534 3535 
7650 3543 3543 
7700 3556 3551 
7750 3564 3563 
7800 3545 3543 
7850 3546 3547 
7900 3556 3555 
7950 3557 3555 
8000 3546 3539 
8050 3559 3555 
8100 3564 3561 
8150 3533 3533 
8200 3541 3546 
8250 3545 3547 
8300 3554 3554 
8350 3555 3557 
8400 3541 3548 
8450 3544 3547 
8500 3556 3551 
8550 3554 3547 
8600 3544 3552 
8650 3539 3536 
8700 3537 3542 
8750 3560 3560 
8800 3551 3552 
8850 3548 3551 
8900 3531 3535 
8950 3543 3546 
9000 3541 3537 
9050 3525 3531 
9100 3552 3546 
9150 3533 3530 
9200 3550 3554 
9250 3537 3540 
9300 3547 3536 
9350 3548 3545 
9400 3538 3540 
9450 3556 3559 
9500 3554 3558 
9550 3551 3551 
9600 3566 3562 
9650 3541 3537 
9700 3553 3549 
9750 3546 3551 
9800 3556 3552 
9850 3530 3536 
9900 3549 3549 
9950 3546 3544 
10000 3546 3548 
10050 3544 3542 
10100 3548 3549 
10150 3554 3561 
10200 3549 3548 
10250 3533 3533 
10300 3534 3537 
10350 3531 3525 
10400 3537 3532 
10450 3545 3542 
10500 3548 3537 
10550 3552 3550 
10600 3561 3559 
10650 3555 3558 
10700 3554 3554 
10750 3549 3548 
10800 3540 3544 
10850 3531 3533 
10900 3536 3542 
10950 3541 3544 
11000 3541 3548 
11050 3552 3545 
11100 3544 3545 
11150 3544 3540 
11200 3548 3541 
11250 3541 3539 
11300 3545 3537 
11350 3545 3543 
11400 3525 3521 
11450 3536 3534 
11500 3549 3543 
11550 3540 3538 
11600 3538 3538 
11650 3559 3559 
11700 3541 3544 
11750 3542 3536 
11800 3542 3537 
11850 3536 3534 
11900 3555 3550 
11950 3537 3538 
12000 3550 3550 
12050 3549 3544 
12100 3542 3550 
12150 3541 3544 
12200 3539 3548 
12250 3544 3538 
12300 3542 3538 
12350 3541 3540 
12400 3547 3551 
12450 3549 3550 
12500 3551 3554 
12550 3568 3566 
12600 3534 3535 
12650 3551 3550 
12700 3537 3537 
12750 3552 3550 
12800 3555 3557 
12850 3557 3552 
12900 3550 3553 
12950 3530 3532 
13000 3538 3538 
13050 3552 3560 
13100 3545 3548 
13150 3560 3556 
13200 3550 3550 
13250 3538 3532 
13300 3551 3543 
13350 3547 3541 
13400 3560 3557 
13450 3557 3549 
13500 3547 3543 
13550 3542 3544 
13600 3539 3543 
13650 3546 3543 
13700 3538 3540 
13750 3554 3554 
13800 3546 3553 
13850 3551 3554 
13900 3562 3563 
13950 3543 3541 
14000 3545 3552 
14050 3540 3549 
14100 3529 3531 
14150 3541 3539 
14200 3544 3544 
14250 3556 3550 
14300 3555 3545 
14350 3554 3544 
14400 3555 3549 
14450 3548 3545 
14500 3546 3540 
14550 3550 3549 
14600 3532 3543 
14650 3539 3541 
14700 3549 3545 
14750 3552 3556 
14800 3542 3543 
14850 3536 3533 
14900 3551 3545 
14950 3537 3540 
15000 3525 3530 
15050 3559 3560 
15100 3546 3545 
15150 3534 3536 
15200 3542 3540 
15250 3551 3549 
15300 3555 3551 
15350 3548 3548 
15400 3551 3548 
15450 3541 3545 
15500 3548 3551 
15550 3520 3526 
15600 3542 3549 
15650 3537 3535 
15700 3540 3538 
15750 3550 3555 
15800 3519 3516 
15850 3548 3547 
15900 3553 3548 
15950 3548 3547 
16000 3551 3548 
16050 3550 3547 
16100 3539 3546 
16150 3547 3553 
16200 3551 3551 
16250 3550 3542 
16300 3551 3545 
16350 3557 3556 
16400 3554 3554 
16450 3539 3545 
16500 3550 3548 
16550 3544 3546 
16600 3551 3556 
16650 3536 3535 
16700 3548 3545 
16750 3547 3547 
16800 3545 3547 
16850 3556 3556 
16900 3539 3538 
16950 3535 3536 
17000 3543 3542 
17050 3541 3539 
17100 3552 3550 
17150 3549 3540 
17200 3539 3540 
17250 3533 3541 
17300 3543 3545 
17350 3522 3520 
17400 3551 3546 
17450 3540 3539 
17500 3546 3545 
17550 3541 3547 
17600 3536 3541 
17650 3552 3547 
17700 3541 3536 
17750 3540 3545 
17800 3525 3525 
17850 3551 3548 
17900 3538 3538 
17950 3551 3555 
18000 3536 3538 
18050 3553 3550 
18100 3543 3537 
18150 3533 3533 
18200 3535 3543 
18250 3537 3534 
18300 3544 3548 
18350 3534 3534 
18400 3545 3549 
18450 3530 3539 
18500 3549 3547 
18550 3544 3534 
18600 3548 3550 
18650 3556 3554 
18700 3553 3556 
18750 3565 3569 
18800 3536 3541 
18850 3551 3550 
18900 3550 3544 
18950 3544 3540 
19000 3531 3531 
19050 3528 3527 
19100 3545 3550 
19150 3555 3553 
19200 3531 3530 
19250 3555 3553 
19300 3540 3531 
19350 3547 3543 
19400 3539 3540 
19450 3568 3573 
19500 3558 3563 
19550 3547 3551 
19600 3548 3548 
19650 3547 3542 
19700 3538 3538 
19750 3547 3550 
19800 3544 3545 
19850 3551 3543 
19900 3540 3528 
19950 3542 3532 
20000 3539 3536 
20050 3534 3535 
20100 3535 3537 
20150 3543 3548 
20200 3554 3555 
20250 3544 3546 
20300 3549 3548 
20350 3526 3541 
20400 3534 3540 
20450 3533 3538 
20500 3529 3529 
20550 3552 3553 
20600 3552 3546 
20650 3554 3549 
20700 3552 3546 
20750 3555 3555 
20800 3543 3540 
20850 3558 3552 
20900 3553 3549 
20950 3545 3544 
21000 3543 3545 
21050 3557 3551 
21100 3560 3556 
21150 3560 3563 
21200 3560 3564 
21250 3543 3541 
21300 3555 3554 
21350 3547 3550 
21400 3546 3546 
21450 3530 3533 
21500 3547 3545 
21550 3542 3540 
21600 3558 3555 
21650 3554 3555 
21700 3549 3547 
21750 3562 3555 
21800 3552 3548 
21850 3553 3556 
21900 3541 3547 
21950 3556 3552 
22000 3553 3554 
22050 3543 3549 
22100 3534 3534 
22150 3552 3540 
22200 3563 3559 
22250 3552 3549 
22300 3554 3555 
22350 3556 3562 
22400 3565 3560 
22450 3526 3524 
22500 3545 3544 
22550 3557 3558 
22600 3554 3554 
22650 3538 3539 
22700 3551 3554 
22750 3557 3555 
22800 3549 3547 
22850 3544 3542 
22900 3557 3554 
22950 3539 3544 
23000 3553 3547 
23050 3545 3542 
23100 3547 3549 
23150 3553 3548 
23200 3565 3564 
23250 3567 3566 
23300 3561 3559 
23350 3569 3564 
23400 3557 3559 
23450 3527 3530 
23500 3534 3538 
23550 3549 3549 
23600 3539 3545 
23650 3556 3552 
23700 3536 3536 
23750 3539 3536 
23800 3544 3536 
23850 3548 3546 
23900 3545 3545 
23950 3554 3552 
24000 3539 3544 
24050 3544 3547 
24100 3532 3537 
24150 3550 3543 
24200 3554 3551 
24250 3549 3551 
24300 3557 3555 
24350 3538 3541 
24400 3567 3566 
24450 3555 3554 
24500 3551 3553 
24550 3553 3551 
24600 3548 3547 
24650 3545 3542 
24700 3550 3545 
24750 3546 3540 
24800 3540 3527 
24850 3523 3520 
24900 3558 3560 
24950 3548 3547 
25000 3561 3558 
25050 3547 3547 
25100 3553 3551 
25150 3536 3543 
25200 3548 3559 
25250 3554 3553 
25300 3545 3549 
25350 3545 3538 
25400 3525 3527 
25450 3538 3539 
25500 3555 3553 
25550 3563 3560 
25600 3560 3555 
25650 3539 3540 
25700 3530 3530 
25750 3538 3542 
25800 3540 3545 
25850 3552 3553 
25900 3559 3555 
25950 3561 3558 
26000 3547 3543 
26050 3562 3558 
26100 3543 3541 
26150 3521 3511 
26200 3541 3545 
26250 3558 3561 
26300 3543 3549 
26350 3546 3544 
26400 3538 3541 
26450 3543 3547 
26500 3559 3559 
26550 3560 3562 
26600 3558 3555 
26650 3568 3567 
26700 3537 3538 
26750 3536 3535 
26800 3553 3555 
26850 3553 3554 
26900 3554 3547 
26950 3558 3564 
27000 3549 3547 
27050 3550 3555 
27100 3553 3554 
27150 3548 3549 
27200 3534 3545 
27250 3549 3551 
27300 3547 3543 
27350 3553 3548 
27400 3548 3555 
27450 3533 3535 
27500 3561 3560 
27550 3553 3550 
27600 3552 3552 
27650 3562 3558 
27700 3552 3555 
27750 3535 3541 
27800 3552 3546 
27850 3543 3540 
27900 3536 3536 
27950 3539 3542 
28000 3534 3537 
28050 3565 3567 
28100 3541 3537 
28150 3558 3555 
28200 3560 3555 
28250 3565 3565 
28300 3557 3560 
28350 3542 3544 
28400 3557 3558 
28450 3558 3555 
28500 3565 3563 
28550 3553 3543 
28600 3533 3530 
28650 3556 3552 
28700 3556 3556 
28750 3546 3547 
28800 3569 3557 
28850 3546 3552 
28900 3548 3549 
28950 3549 3546 
29000 3540 3544 
29050 3542 3550 
29100 3538 3540 
29150 3549 3546 
29200 3546 3548 
29250 3563 3566 
29300 3560 3555 
29350 3544 3536 
29400 3545 3539 
29450 3533 3535 
29500 3538 3540 
29550 3535 3538 
29600 3554 3549 
29650 3535 3530 
29700 3538 3541 
29750 3552 3551 
29800 3544 3539 
29850 3553 3558 
29900 3566 3565 
29950 3540 3535 
30000 3559 3556 
30050 3551 3552 
30100 3548 3544 
30150 3545 3544 
30200 3556 3555 
30250 3535 3542 
30300 3545 3547 
30350 3548 3548 
30400 3552 3553 
30450 3551 3552 
30500 3537 3545 
30550 3550 3544 
30600 3541 3539 
30650 3543 3543 
30700 3552 3547 
30750 3550 3547 
30800 3537 3538 
30850 3539 3541 
30900 3546 3544 
30950 3540 3535 
31000 3529 3527 
31050 3530 3524 
31100 3542 3538 
31150 3537 3541 
31200 3545 3546 
31250 3541 3536 
31300 3536 3533 
31350 3547 3545 
31400 3544 3541 
31450 3533 3545 
31500 3544 3548 
31550 3542 3549 
31600 3547 3550 
31650 3547 3546 
31700 3555 3557 
31750 3539 3549 
31800 3532 3540 
31850 3547 3552 
31900 3555 3556 
31950 3530 3539 
32000 3541 3540 
32050 3543 3544 
32100 3542 3538 
32150 3545 3544 
32200 3539 3541 
32250 3545 3550 
32300 3547 3549 
32350 3538 3547 
32400 3541 3542 
32450 3533 3540 
32500 3524 3527 
32550 3542 3543 
32600 3537 3537 
32650 3545 3544 
32700 3548 3549 
32750 3536 3533 
32800 3558 3555 
32850 3548 3552 
32900 3553 3552 
32950 3542 3541 
33000 3550 3554 
33050 3559 3558 
33100 3554 3546 
33150 3557 3549 
33200 3536 3536 
33250 3555 3558 
33300 3561 3563 
33350 3544 3545 
33400 3533 3541 
33450 3529 3528 
33500 3537 3542 
33550 3560 3559 
33600 3560 3562 
33650 3533 3540 
33700 3542 3539 
33750 3550 3542 
33800 3560 3556 
33850 3554 3548 
33900 3534 3539 
33950 3539 3540 
34000 3549 3550 
34050 3546 3549 
34100 3537 3534 
34150 3535 3538 
34200 3542 3545 
34250 3552 3547 
34300 3542 3542 
34350 3537 3544 
34400 3541 3550 
34450 3555 3554 
34500 3523 3522 
34550 3553 3552 
34600 3541 3540 
34650 3544 3543 
34700 3551 3547 
34750 3540 3538 
34800 3539 3542 
34850 3544 3544 
34900 3535 3538 
34950 3534 3540 
35000 3553 3549 
35050 3558 3553 
35100 3545 3549 
35150 3537 3540 
35200 3538 3541 
35250 3554 3557 
35300 3526 3522 
35350 3550 3554 
35400 3553 3547 
35450 3532 3529 
35500 3528 3528 
35550 3561 3561 
35600 3549 3538 
35650 3546 3542 
35700 3523 3525 
35750 3554 3551 
35800 3537 3534 
35850 3538 3538 
35900 3542 3547 
35950 3545 3547 
36000 3544 3542 
36050 3551 3554 
36100 3534 3535 
36150 3531 3532 
36200 3542 3547 
36250 3549 3553 
36300 3536 3540 
36350 3534 3534 
36400 3553 3549 
36450 3546 3548 
36500 3547 3548 
36550 3532 3537 
36600 3547 3548 
36650 3539 3542 
36700 3528 3537 
36750 3551 3551 
36800 3557 3556 
36850 3514 3517 
36900 3541 3543 
36950 3556 3553 
37000 3537 3537 
37050 3543 3539 
37100 3537 3533 
37150 3539 3539 
37200 3538 3532 
37250 3539 3542 
37300 3547 3545 
37350 3533 3531 
37400 3546 3547 
37450 3559 3558 
37500 3534 3537 
37550 3547 3546 
37600 3553 3548 
37650 3537 3541 
37700 3527 3529 
37750 3541 3541 
37800 3550 3546 
37850 3531 3531 
37900 3538 3532 
37950 3545 3547 
38000 3550 3552 
38050 3550 3548 
38100 3545 3543 
38150 3538 3540 
38200 3529 3533 
38250 3545 3542 
38300 3541 3537 
38350 3540 3545 
38400 3552 3548 
38450 3540 3543 
38500 3552 3554 
38550 3549 3549 
38600 3549 3546 
38650 3537 3535 
38700 3551 3556 
38750 3545 3545 
38800 3547 3537 
38850 3542 3540 
38900 3536 3536 
38950 3539 3537 
39000 3547 3544 
39050 3553 3550 
39100 3542 3550 
39150 3542 3541 
39200 3550 3547 
39250 3552 3539 
39300 3545 3534 
39350 3537 3541 
39400 3546 3548 
39450 3534 3536 
39500 3546 3554 
39550 3548 3552 
39600 3546 3547 
39650 3546 3540 
39700 3551 3545 
39750 3553 3551 
39800 3553 3553 
39850 3540 3539 
39900 3547 3552 
39950 3546 3546 
40000 3548 3545 
40050 3546 3542 
40100 3544 3540 
40150 3548 3553 
40200 3552 3546 
40250 3534 3537 
40300 3530 3534 
40350 3524 3530 
40400 3543 3539 
40450 3548 3549 
40500 3544 3541 
40550 3549 3556 
40600 3546 3544 
40650 3551 3545 
40700 3556 3553 
40750 3551 3546 
40800 3557 3554 
40850 3543 3541 
40900 3550 3553 
40950 3547 3552 
41000 3551 3552 
41050 3541 3544 
41100 3541 3543 
41150 3552 3549 
41200 3553 3551 
41250 3556 3558 
41300 3550 3545 
41350 3539 3533 
41400 3558 3558 
41450 3552 3550 
41500 3539 3543 
41550 3542 3539 
41600 3555 3554 
41650 3535 3540 
41700 3538 3539 
41750 3545 3549 
41800 3542 3539 
41850 3559 3555 
41900 3534 3537 
41950 3542 3536 
42000 3546 3543 
42050 3546 3552 
42100 3543 3537 
42150 3539 3540 
42200 3543 3549 
42250 3546 3547 
42300 3550 3549 
42350 3562 3560 
42400 3558 3550 
42450 3547 3540 
42500 3547 3548 
42550 3553 3552 
42600 3557 3545 
42650 3550 3549 
42700 3555 3554 
42750 3547 3541 
42800 3551 3548 
42850 3546 3544 
42900 3556 3557 
42950 3550 3552 
43000 3540 3538 
43050 3546 3545 
43100 3543 3533 
43150 3545 3551 
43200 3540 3532 
43250 3558 3556 
43300 3541 3541 
43350 3546 3550 
43400 3545 3551 
43450 3556 3557 
43500 3548 3550 
43550 3549 3552 
43600 3541 3543 
43650 3559 3558 
43700 3542 3549 
43750 3536 3538 
43800 3537 3535 
43850 3527 3528 
43900 3563 3561 
43950 3545 3549 
44000 3542 3546 
44050 3553 3553 
44100 3547 3557 
44150 3546 3546 
44200 3533 3536 
44250 3548 3557 
44300 3561 3562 
44350 3563 3563 
44400 3553 3557 
44450 3535 3540 
44500 3542 3544 
44550 3536 3537 
44600 3551 3550 
44650 3552 3545 
44700 3553 3552 
44750 3544 3551 
44800 3562 3562 
44850 3556 3557 
44900 3542 3545 
44950 3555 3554 
45000 3526 3526 
45050 3549 3551 
45100 3556 3560 
45150 3552 3551 
45200 3545 3544 
45250 3556 3556 
45300 3546 3552 
45350 3548 3555 
45400 3549 3550 
45450 3549 3546 
45500 3534 3544 
45550 3561 3560 
45600 3537 3535 
45650 3549 3551 
45700 3536 3534 
45750 3539 3550 
45800 3558 3553 
45850 3550 3549 
45900 3545 3545 
45950 3554 3555 
46000 3542 3544 
46050 3550 3553 
46100 3559 3556 
46150 3557 3559 
46200 3549 3549 
46250 3562 3564 
46300 3536 3539 
46350 3559 3555 
46400 3550 3545 
46450 3551 3550 
46500 3538 3546 
46550 3546 3551 
46600 3562 3561 
46650 3547 3544 
46700 3541 3544 
46750 3552 3543 
46800 3547 3543 
46850 3539 3543 
46900 3546 3544 
46950 3546 3541 
47000 3547 3547 
47050 3555 3547 
47100 3541 3547 
47150 3536 3540 
47200 3552 3551 
47250 3548 3545 
47300 3547 3544 
47350 3548 3544 
47400 3558 3554 
47450 3554 3554 
47500 3550 3552 
47550 3542 3542 
47600 3537 3547 
47650 3555 3553 
47700 3548 3548 
47750 3555 3555 
47800 3546 3546 
47850 3545 3543 
47900 3538 3541 
47950 3538 3537 
48000 3559 3550 
48050 3551 3550 
48100 3553 3551 
48150 3552 3555 
48200 3557 3556 
48250 3558 3554 
48300 3560 3557 
48350 3548 3542 
48400 3543 3544 
48450 3545 3547 
48500 3556 3556 
48550 3564 3561 
48600 3537 3537 
48650 3550 3551 
48700 3545 3538 
48750 3550 3550 
48800 3563 3566 
48850 3537 3534 
48900 3557 3557 
48950 3535 3536 
49000 3555 3564 
49050 3527 3532 
49100 3523 3526 
49150 3543 3538 
49200 3551 3546 
49250 3553 3550 
49300 3559 3560 
49350 3558 3558 
49400 3551 3547 
49450 3546 3550 
49500 3563 3564 
49550 3570 3567 
49600 3558 3556 
49650 3557 3561 
49700 3554 3548 
49750 3533 3530 
49800 3550 3550 
49850 3557 3556 
49900 3541 3539 
49950 3542 3542 
50000 3556 3553 
50050 3544 3545 
50100 3552 3555 
50150 3541 3540 
50200 3558 3552 
50250 3550 3552 
50300 3542 3544 
50350 3550 3549 
50400 3536 3531 
50450 3555 3550 
50500 3539 3539 
50550 3555 3551 
50600 3545 3549 
50650 3537 3540 
50700 3549 3547 
50750 3550 3544 
50800 3546 3549 
50850 3549 3540 
50900 3553 3558 
50950 3548 3544 
51000 3554 3551 
51050 3556 3553 
51100 3539 3539 
51150 3551 3546 
51200 3549 3547 
51250 3543 3544 
51300 3555 3555 
51350 3540 3542 
51400 3563 3556 
51450 3551 3545 
51500 3532 3542 
51550 3555 3552 
51600 3553 3553 
51650 3548 3548 
51700 3545 3548 
51750 3551 3552 
51800 3561 3564 
51850 3548 3554 
51900 3552 3557 
51950 3541 3539 
52000 3541 3547 
52050 3539 3540 
52100 3545 3541 
52150 3556 3550 
52200 3553 3551 
52250 3545 3542 
52300 3553 3557 
52350 3546 3548 
52400 3562 3555 
52450 3551 3552 
52500 3559 3563 
52550 3559 3563 
52600 3545 3549 
52650 3552 3546 
52700 3544 3548 
52750 3548 3555 
52800 3559 3560 
52850 3560 3556 
52900 3553 3551 
52950 3543 3544 
53000 3560 3559 
53050 3550 3545 
53100 3541 3544 
53150 3552 3555 
53200 3548 3548 
53250 3536 3533 
53300 3544 3534 
53350 3535 3531 
53400 3550 3546 
53450 3540 3542 
53500 3552 3551 
53550 3548 3549 
53600 3559 3558 
53650 3555 3550 
53700 3553 3555 
53750 3556 3561 
53800 3549 3548 
53850 3547 3540 
53900 3552 3549 
53950 3552 3556 
54000 3560 3556 
54050 3545 3546 
54100 3537 3535 
54150 3558 3556 
54200 3545 3536 
54250 3554 3556 
54300 3559 3564 
54350 3554 3555 
54400 3554 3553 
54450 3516 3520 
54500 3548 3544 
54550 3542 3541 
54600 3555 3558 
54650 3556 3557 
54700 3551 3553 
54750 3555 3550 
54800 3536 3531 
54850 3556 3556 
54900 3547 3550 
54950 3564 3561 
55000 3540 3540 
55050 3551 3549 
55100 3553 3548 
55150 3547 3546 
55200 3552 3556 
55250 3556 3554 
55300 3537 3537 
55350 3550 3551 
55400 3548 3549 
55450 3559 3551 
55500 3555 3547 
55550 3555 3554 
55600 3560 3561 
55650 3555 3552 
55700 3564 3560 
55750 3550 3549 
55800 3550 3550 
55850 3547 3548 
55900 3545 3542 
55950 3563 3567 
56000 3557 3558 
56050 3557 3553 
56100 3547 3556 
56150 3548 3552 
56200 3540 3543 
56250 3550 3554 
56300 3542 3546 
56350 3531 3533 
56400 3557 3552 
56450 3553 3557 
56500 3532 3528 
56550 3555 3546 
56600 3544 3536 
56650 3543 3536 
56700 3546 3549 
56750 3563 3564 
56800 3549 3553 
56850 3555 3555 
56900 3546 3553 
56950 3540 3537 
57000 3551 3554 
57050 3533 3534 
57100 3548 3553 
57150 3557 3557 
57200 3567 3564 
57250 3546 3545 
57300 3552 3558 
57350 3543 3540 
57400 3527 3533 
57450 3552 3551 
57500 3556 3552 
57550 3547 3544 
57600 3538 3532 
57650 3547 3543 
57700 3547 3542 
57750 3539 3534 
57800 3553 3551 
57850 3567 3565 
57900 3549 3552 
57950 3567 3563 
58000 3565 3564 
58050 3550 3548 
58100 3552 3547 
58150 3545 3551 
58200 3533 3535 
58250 3559 3558 
58300 3545 3546 
58350 3561 3560 
58400 3544 3541 
58450 3555 3556 
58500 3541 3543 
58550 3541 3540 
58600 3554 3550 
58650 3561 3563 
58700 3548 3553 
58750 3559 3557 
58800 3539 3540 
58850 3547 3547 
58900 3553 3554 
58950 3546 3545 
59000 3552 3558 
59050 3544 3551 
59100 3530 3532 
59150 3547 3544 
59200 3550 3546 
59250 3558 3562 
59300 3556 3555 
59350 3558 3561 
59400 3553 3553 
59450 3552 3546 
59500 3541 3544 
59550 3539 3541 
59600 3543 3549 
59650 3546 3544 
59700 3556 3559 
59750 3546 3541 
59800 3550 3553 
59850 3536 3541 
59900 3534 3527 
59950 3558 3551 
60000 3536 3539 
60050 3562 3558 
60100 3536 3540 
60150 3545 3544 
60200 3558 3555 
60250 3547 3545 
60300 3553 3558 
60350 3548 3550 
60400 3563 3562 
60450 3551 3555 
60500 3542 3539 
60550 3551 3545 
60600 3539 3535 
60650 3549 3548 
60700 3558 3555 
60750 3551 3541 
60800 3540 3539 
60850 3559 3555 
60900 3556 3555 
60950 3564 3559 
61000 3558 3554 
61050 3560 3564 
61100 3527 3529 
61150 3538 3539 
61200 3542 3550 
61250 3540 3543 
61300 3534 3536 
61350 3545 3544 
61400 3542 3544 
61450 3557 3551 
61500 3545 3534 
61550 3539 3535 
61600 3536 3539 
61650 3553 3547 
61700 3546 3551 
61750 3553 3548 
61800 3551 3552 
61850 3542 3542 
61900 3560 3565 
61950 3559 3561 
62000 3533 3535 
62050 3558 3560 
62100 3550 3549 
62150 3546 3542 
62200 3551 3545 
62250 3551 3552 
62300 3554 3555 
62350 3563 3562 
62400 3554 3553 
62450 3536 3541 
62500 3526 3522 
62550 3551 3544 
62600 3537 3537 
62650 3554 3549 
62700 3538 3538 
62750 3553 3546 
62800 3551 3549 
62850 3556 3553 
62900 3555 3547 
62950 3549 3542 
63000 3558 3551 
63050 3544 3539 
63100 3540 3538 
63150 3540 3541 
63200 3551 3554 
63250 3551 3545 
63300 3564 3558 
63350 3539 3537 
63400 3553 3550 
63450 3532 3534 
63500 3561 3561 
63550 3558 3557 
63600 3544 3553 
63650 3550 3545 
63700 3550 3546 
63750 3536 3534 
63800 3538 3540 
63850 3536 3533 
63900 3535 3529 
63950 3548 3546 
64000 3539 3542 
64050 3553 3558 
64100 3562 3566 
64150 3558 3557 
64200 3548 3551 
64250 3560 3556 
64300 3542 3545 
64350 3548 3548 
64400 3553 3549 
64450 3556 3553 
64500 3530 3530 
64550 3563 3562 
64600 3549 3545 
64650 3549 3550 
64700 3553 3553 
64750 3553 3555 
64800 3549 3539 
64850 3548 3543 
64900 3546 3546 
64950 3566 3565 
65000 3553 3555 
65050 3556 3562 
65100 3557 3564 
65150 3554 3555 
65200 3543 3541 
65250 3542 3545 
65300 3554 3549 
65350 3549 3546 
65400 3548 3540 
65450 3554 3549 
65500 3550 3554 
65550 3543 3538 
65600 3548 3542 
65650 3543 3538 
65700 3565 3563 
65750 3563 3562 
65800 3554 3550 
65850 3552 3550 
65900 3553 3556 
65950 3551 3554 
66000 3573 3570 
66050 3541 3544 
66100 3547 3545 
66150 3559 3563 
66200 3552 3550 
66250 3547 3545 
66300 3565 3563 
66350 3544 3548 
66400 3548 3549 
66450 3549 3543 
66500 3558 3561 
66550 3542 3543 
66600 3552 3550 
66650 3545 3547 
66700 3543 3541 
66750 3559 3561 
66800 3555 3548 
66850 3552 3546 
66900 3541 3543 
66950 3552 3559 
67000 3557 3557 
67050 3554 3553 
67100 3544 3550 
67150 3548 3551 
67200 3546 3546 
67250 3548 3555 
67300 3558 3563 
67350 3559 3550 
67400 3560 3560 
67450 3549 3557 
67500 3536 3537 
67550 3550 3551 
67600 3535 3538 
67650 3535 3534 
67700 3562 3560 
67750 3566 3567 
67800 3549 3544 
67850 3552 3555 
67900 3552 3555 
67950 3557 3555 
68000 3558 3558 
68050 3561 3561 
68100 3557 3551 
68150 3557 3547 
68200 3546 3542 
68250 3549 3549 
68300 3530 3535 
68350 3547 3541 
68400 3549 3553 
68450 3556 3555 
68500 3553 3553 
68550 3557 3552 
68600 3544 3536 
68650 3546 3547 
68700 3543 3539 
68750 3560 3560 
68800 3544 3541 
68850 3550 3548 
68900 3530 3532 
68950 3533 3532 
69000 3538 3533 
69050 3552 3549 
69100 3552 3552 
69150 3541 3542 
69200 3543 3543 
69250 3533 3528 
69300 3539 3543 
69350 3553 3560 
69400 3558 3560 
69450 3549 3552 
69500 3552 3554 
69550 3544 3541 
69600 3555 3555 
69650 3552 3550 
69700 3546 3547 
69750 3556 3552 
69800 3557 3556 
69850 3562 3551 
69900 3561 3559 
69950 3543 3542 
70000 3568 3561 
70050 3556 3554 
70100 3558 3558 
70150 3547 3542 
70200 3560 3551 
70250 3560 3554 
70300 3556 3553 
70350 3566 3564 
70400 3539 3544 
70450 3542 3548 
70500 3570 3564 
70550 3561 3560 
70600 3555 3553 
70650 3555 3553 
70700 3564 3562 
70750 3555 3552 
70800 3556 3549 
70850 3551 3547 
70900 3538 3539 
70950 3533 3533 
71000 3543 3545 
71050 3548 3548 
71100 3551 3547 
71150 3556 3551 
71200 3549 3549 
71250 3560 3563 
71300 3562 3558 
71350 3560 3556 
71400 3554 3558 
71450 3556 3559 
71500 3556 3556 
71550 3564 3564 
71600 3557 3555 
71650 3554 3549 
71700 3553 3559 
71750 3557 3554 
71800 3547 3554 
71850 3550 3553 
71900 3535 3539 
71950 3558 3559 
72000 3554 3557 
72050 3545 3544 
72100 3554 3551 
72150 3559 3555 
72200 3556 3560 
72250 3555 3554 
72300 3557 3553 
72350 3535 3535 
72400 3550 3547 
72450 3541 3543 
72500 3552 3558 
72550 3532 3531 
72600 3559 3551 
72650 3546 3540 
72700 3535 3534 
72750 3538 3538 
72800 3548 3548 
72850 3560 3552 
72900 3556 3555 
72950 3561 3561 
73000 3556 3552 
73050 3559 3560 
73100 3561 3564 
73150 3559 3559 
73200 3547 3548 
73250 3546 3544 
73300 3546 3543 
73350 3546 3546 
73400 3532 3533 
73450 3539 3543 
73500 3543 3536 
73550 3555 3552 
73600 3533 3533 
73650 3545 3547 
73700 3548 3550 
73750 3557 3563 
73800 3544 3548 
73850 3551 3547 
73900 3540 3540 
73950 3559 3557 
74000 3551 3548 
74050 3555 3554 
74100 3546 3545 
74150 3550 3550 
74200 3552 3553 
74250 3557 3560 
74300 3550 3545 
74350 3556 3556 
74400 3529 3531 
74450 3543 3535 
74500 3564 3561 
74550 3569 3569 
74600 3564 3561 
74650 3556 3554 
74700 3566 3563 
74750 3541 3541 
74800 3541 3550 
74850 3561 3559 
74900 3544 3541 
74950 3557 3560 
75000 3560 3562 
75050 3540 3537 
75100 3554 3559 
75150 3559 3562 
75200 3542 3544 
75250 3531 3529 
75300 3549 3551 
75350 3559 3554 
75400 3562 3560 
75450 3549 3548 
75500 3540 3534 
75550 3538 3537 
75600 3532 3533 
75650 3527 3524 
75700 3533 3534 
75750 3547 3553 
75800 3562 3564 
75850 3555 3557 
75900 3560 3558 
75950 3555 3551 
76000 3565 3561 
76050 3551 3551 
76100 3551 3549 
76150 3538 3541 
76200 3560 3552 
76250 3550 3551 
76300 3533 3537 
76350 3556 3557 
76400 3552 3549 
76450 3556 3560 
76500 3548 3552 
76550 3554 3547 
76600 3538 3535 
76650 3545 3552 
76700 3522 3523 
76750 3547 3550 
76800 3549 3547 
76850 3532 3530 
76900 3544 3543 
76950 3544 3540 
77000 3558 3555 
77050 3560 3556 
77100 3554 3547 
77150 3549 3556 
77200 3531 3533 
77250 3546 3550 
77300 3556 3555 
77350 3540 3542 
77400 3545 3545 
77450 3537 3537 
77500 3540 3542 
77550 3541 3537 
77600 3549 3551 
77650 3556 3554 
77700 3543 3544 
77750 3534 3535 
77800 3554 3557 
77850 3541 3547 
77900 3537 3535 
77950 3542 3544 
78000 3547 3549 
78050 3554 3555 
78100 3533 3532 
78150 3549 3551 
78200 3550 3550 
78250 3552 3555 
78300 3547 3551 
78350 3544 3547 
78400 3561 3565 
78450 3548 3550 
78500 3551 3546 
78550 3559 3558 
78600 3563 3559 
78650 3551 3556 
78700 3557 3554 
78750 3560 3561 
78800 3569 3569 
78850 3537 3544 
78900 3545 3545 
78950 3565 3563 
79000 3542 3543 
79050 3544 3547 
79100 3560 3561 
79150 3564 3564 
79200 3554 3546 
79250 3546 3545 
79300 3549 3550 
79350 3538 3539 
79400 3564 3563 
79450 3549 3549 
79500 3546 3548 
79550 3546 3540 
79600 3558 3560 
79650 3540 3542 
79700 3546 3543 
79750 3547 3549 
79800 3560 3559 
79850 3530 3534 
79900 3539 3536 
79950 3552 3550 
80000 3542 3537 
80050 3557 3556 
80100 3550 3547 
80150 3548 3532 
80200 3547 3550 
80250 3560 3561 
80300 3546 3543 
80350 3542 3537 
80400 3546 3545 
80450 3553 3552 
80500 3557 3559 
80550 3557 3557 
80600 3556 3553 
80650 3548 3544 
80700 3553 3560 
80750 3543 3541 
80800 3550 3543 
80850 3550 3551 
80900 3538 3536 
80950 3546 3547 
81000 3541 3540 
81050 3538 3536 
81100 3550 3552 
81150 3549 3549 
81200 3544 3542 
81250 3537 3540 
81300 3568 3567 
81350 3554 3555 
81400 3549 3549 
81450 3553 3550 
81500 3550 3549 
81550 3561 3560 
81600 3550 3553 
81650 3546 3542 
81700 3537 3532 
81750 3529 3534 
81800 3546 3548 
81850 3562 3568 
81900 3549 3548 
81950 3557 3552 
82000 3549 3543 
82050 3545 3548 
82100 3550 3545 
82150 3552 3555 
82200 3537 3537 
82250 3554 3554 
82300 3551 3551 
82350 3558 3553 
82400 3541 3548 
82450 3535 3530 
82500 3548 3547 
82550 3547 3546 
82600 3561 3557 
82650 3543 3536 
82700 3558 3551 
82750 3560 3556 
82800 3552 3546 
82850 3555 3553 
82900 3546 3538 
82950 3552 3546 
83000 3547 3548 
83050 3550 3554 
83100 3554 3561 
83150 3551 3550 
83200 3541 3550 
83250 3551 3550 
83300 3565 3565 
83350 3559 3561 
83400 3546 3554 
83450 3561 3559 
83500 3549 3556 
83550 3553 3550 
83600 3547 3545 
83650 3551 3549 
83700 3554 3554 
83750 3563 3571 
83800 3553 3550 
83850 3564 3567 
83900 3549 3548 
83950 3529 3537 
84000 3543 3540 
84050 3560 3563 
84100 3545 3544 
84150 3558 3556 
84200 3549 3546 
84250 3564 3561 
84300 3555 3555 
84350 3555 3550 
84400 3557 3560 
84450 3540 3548 
84500 3531 3533 
84550 3542 3541 
84600 3550 3552 
84650 3539 3537 
84700 3550 3552 
84750 3547 3546 
84800 3542 3538 
84850 3540 3540 
84900 3560 3564 
84950 3554 3549 
85000 3551 3550 
85050 3554 3559 
85100 3551 3550 
85150 3554 3554 
85200 3556 3560 
85250 3530 3534 
85300 3556 3553 
85350 3549 3546 
85400 3545 3551 
85450 3549 3552 
85500 3540 3542 
85550 3552 3552 
85600 3549 3548 
85650 3547 3544 
85700 3538 3541 
85750 3547 3548 
85800 3551 3548 
85850 3548 3536 
85900 3556 3554 
85950 3566 3559 
86000 3549 3548 
86050 3546 3545 
86100 3541 3541 
86150 3562 3565 
86200 3566 3569 
86250 3537 3540 
86300 3533 3535 
86350 3550 3546 
86400 3552 3549 
86450 3537 3541 
86500 3544 3542 
86550 3534 3533 
86600 3552 3553 
86650 3555 3551 
86700 3547 3544 
86750 3546 3544 
86800 3545 3547 
86850 3557 3552 
86900 3559 3553 
86950 3555 3557 
87000 3542 3544 
87050 3555 3559 
87100 3558 3560 
87150 3526 3524 
87200 3533 3539 
87250 3539 3541 
87300 3563 3559 
87350 3549 3545 
87400 3554 3550 
87450 3548 3546 
87500 3548 3542 
87550 3557 3554 
87600 3551 3551 
87650 3562 3554 
87700 3538 3538 
87750 3558 3560 
87800 3553 3554 
87850 3549 3546 
87900 3548 3547 
87950 3541 3540 
88000 3555 3552 
88050 3560 3563 
88100 3559 3562 
88150 3542 3548 
88200 3549 3549 
88250 3539 3544 
88300 3548 3554 
88350 3554 3546 
88400 3538 3533 
88450 3523 3527 
88500 3550 3550 
88550 3547 3541 
88600 3559 3553 
88650 3538 3537 
88700 3535 3540 
88750 3536 3536 
88800 3554 3557 
88850 3548 3553 
88900 3546 3541 
88950 3550 3551 
89000 3550 3553 
89050 3565 3563 
89100 3553 3556 
89150 3551 3551 
89200 3543 3540 
89250 3548 3546 
89300 3533 3538 
89350 3550 3552 
89400 3546 3557 
89450 3548 3548 
89500 3553 3550 
89550 3542 3542 
89600 3551 3548 
89650 3541 3546 
89700 3556 3563 
89750 3549 3551 
89800 3551 3558 
89850 3548 3547 
89900 3556 3559 
89950 3551 3546 
90000 3544 3547 
90050 3537 3546 
90100 3527 3533 
90150 3533 3535 
90200 3550 3547 
90250 3554 3555 
90300 3519 3520 
90350 3549 3546 
90400 3545 3548 
90450 3545 3542 
90500 3572 3568 
90550 3544 3547 
90600 3545 3544 
90650 3544 3547 
90700 3555 3560 
90750 3544 3550 
90800 3547 3549 
90850 3547 3539 
90900 3549 3554 
90950 3546 3548 
91000 3554 3559 
91050 3552 3552 
91100 3554 3556 
91150 3546 3549 
91200 3546 3541 
91250 3551 3549 
91300 3562 3554 
91350 3544 3543 
91400 3550 3554 
91450 3543 3551 
91500 3546 3552 
91550 3547 3547 
91600 3559 3557 
91650 3554 3556 
91700 3552 3552 
91750 3545 3546 
91800 3539 3542 
91850 3544 3543 
91900 3535 3530 
91950 3532 3530 
92000 3557 3550 
92050 3549 3545 
92100 3548 3549 
92150 3551 3546 
92200 3552 3546 
92250 3545 3550 
92300 3538 3541 
92350 3554 3558 
92400 3546 3548 
92450 3547 3543 
92500 3545 3542 
92550 3553 3555 
92600 3553 3559 
92650 3551 3555 
92700 3541 3545 
92750 3547 3545 
92800 3534 3536 
92850 3553 3555 
92900 3543 3545 
92950 3545 3541 
93000 3535 3536 
93050 3551 3546 
93100 3532 3536 
93150 3556 3558 
93200 3560 3563 
93250 3552 3558 
93300 3539 3537 
93350 3556 3554 
93400 3553 3547 
93450 3540 3545 
93500 3554 3552 
93550 3552 3558 
93600 3565 3563 
93650 3559 3557 
93700 3541 3543 
93750 3544 3535 
93800 3557 3555 
93850 3537 3539 
93900 3551 3551 
93950 3563 3567 
94000 3544 3539 
94050 3545 3546 
94100 3542 3541 
94150 3539 3534 
94200 3556 3554 
94250 3553 3548 
94300 3553 3551 
94350 3561 3555 
94400 3553 3553 
94450 3562 3559 
94500 3542 3536 
94550 3548 3548 
94600 3548 3552 
94650 3553 3555 
94700 3535 3532 
94750 3555 3562 
94800 3540 3537 
94850 3553 3546 
94900 3561 3558 
94950 3555 3556 
95000 3558 3553 
95050 3563 3562 
95100 3543 3545 
95150 3545 3540 
95200 3548 3548 
95250 3536 3538 
95300 3553 3559 
95350 3561 3562 
95400 3557 3564 
95450 3534 3533 
95500 3554 3548 
95550 3545 3538 
95600 3545 3553 
95650 3544 3540 
95700 3555 3557 
95750 3549 3553 
95800 3545 3548 
95850 3537 3536 
95900 3530 3532 
95950 3562 3556 
96000 3552 3557 
96050 3548 3547 
96100 3551 3552 
96150 3563 3564 
96200 3554 3552 
96250 3554 3551 
96300 3553 3554 
96350 3555 3559 
96400 3546 3553 
96450 3540 3542 
96500 3548 3555 
96550 3560 3561 
96600 3546 3544 
96650 3549 3551 
96700 3542 3534 
96750 3560 3559 
96800 3545 3546 
96850 3533 3533 
96900 3547 3549 
96950 3563 3561 
97000 3551 3549 
97050 3553 3548 
97100 3562 3560 
97150 3553 3554 
97200 3536 3537 
97250 3537 3542 
97300 3548 3547 
97350 3556 3553 
97400 3542 3544 
97450 3555 3542 
97500 3551 3552 
97550 3542 3545 
97600 3554 3547 
97650 3551 3546 
97700 3559 3551 
97750 3550 3547 
97800 3558 3557 
97850 3555 3556 
97900 3558 3561 
97950 3560 3562 
98000 3550 3548 
98050 3561 3556 
98100 3552 3558 
98150 3559 3556 
98200 3557 3554 
98250 3544 3540 
98300 3544 3548 
98350 3566 3563 
98400 3560 3559 
98450 3564 3563 
98500 3545 3545 
98550 3561 3563 
98600 3551 3547 
98650 3564 3561 
98700 3560 3561 
98750 3553 3545 
98800 3550 3548 
98850 3550 3549 
98900 3545 3541 
98950 3534 3536 
99000 3539 3543 
99050 3526 3527 
99100 3555 3554 
99150 3558 3563 
99200 3544 3557 
99250 3546 3549 
99300 3538 3541 
99350 3540 3537 
99400 3551 3551 
99450 3553 3540 
99500 3546 3552 
99550 3540 3543 
99600 3540 3542 
99650 3548 3554 
99700 3554 3555 
99750 3538 3541 
99800 3552 3553 
99850 3568 3566 
99900 3551 3553 
99950 3541 3543 
100000 3545 3544 
100050 3540 3538 
100100 3545 3540 
100150 3549 3548 
100200 3545 3551 
100250 3548 3552 
100300 3553 3552 
100350 3536 3532 
100400 3548 3552 
100450 3537 3535 
100500 3535 3541 
100550 3559 3559 
100600 3545 3552 
100650 3546 3546 
100700 3541 3544 
100750 3563 3563 
100800 3562 3554 
100850 3533 3528 
100900 3543 3540 
100950 3555 3558 
101000 3553 3555 
101050 3553 3558 
101100 3558 3559 
101150 3552 3555 
101200 3546 3548 
101250 3557 3553 
101300 3560 3558 
101350 3541 3543 
101400 3554 3554 
101450 3549 3549 
101500 3549 3548 
101550 3560 3555 
101600 3557 3557 
101650 3559 3566 
101700 3549 3548 
101750 3540 3540 
101800 3553 3553 
101850 3539 3538 
101900 3535 3543 
101950 3552 3556 
102000 3552 3548 
102050 3551 3548 
102100 3544 3544 
102150 3556 3557 
102200 3546 3545 
102250 3558 3560 
102300 3557 3548 
102350 3553 3555 
102400 3549 3546 
102450 3557 3559 
102500 3563 3565 
102550 3552 3554 
102600 3552 3550 
102650 3555 3556 
102700 3545 3546 
102750 3551 3556 
102800 3545 3549 
102850 3553 3553 
102900 3555 3553 
102950 3558 3563 
103000 3544 3549 
103050 3549 3554 
103100 3541 3547 
103150 3565 3562 
103200 3555 3549 
103250 3550 3548 
103300 3553 3562 
103350 3541 3539 
103400 3539 3536 
103450 3550 3541 
103500 3547 3543 
103550 3545 3543 
103600 3560 3557 
103650 3551 3548 
103700 3550 3542 
103750 3552 3549 
103800 3550 3550 
103850 3553 3555 
103900 3543 3546 
103950 3549 3555 
104000 3532 3533 
104050 3547 3542 
104100 3562 3563 
104150 3536 3530 
104200 3533 3536 
104250 3548 3553 
104300 3568 3569 
104350 3542 3538 
104400 3557 3554 
104450 3549 3542 
104500 3566 3564 
104550 3545 3548 
104600 3546 3551 
104650 3547 3550 
104700 3551 3555 
104750 3554 3556 
104800 3553 3556 
104850 3550 3551 
104900 3550 3549 
104950 3542 3540 
105000 3546 3542 
105050 3560 3560 
105100 3573 3575 
105150 3555 3554 
105200 3558 3551 
105250 3548 3554 
105300 3553 3548 
105350 3550 3542 
105400 3551 3548 
105450 3554 3554 
105500 3552 3554 
105550 3548 3547 
105600 3559 3554 
105650 3546 3547 
105700 3554 3551 
105750 3551 3555 
105800 3560 3554 
105850 3548 3551 
105900 3564 3561 
105950 3569 3563 
106000 3568 3567 
106050 3555 3549 
106100 3554 3556 
106150 3549 3549 
106200 3552 3550 
106250 3543 3547 
106300 3564 3559 
106350 3562 3554 
106400 3555 3550 
106450 3540 3540 
106500 3539 3541 
106550 3553 3554 
106600 3549 3549 
106650 3552 3546 
106700 3535 3537 
106750 3558 3559 
106800 3547 3545 
106850 3550 3550 
106900 3550 3554 
106950 3556 3560 
107000 3541 3542 
107050 3562 3566 
107100 3551 3552 
107150 3544 3539 
107200 3540 3545 
107250 3550 3549 
107300 3550 3551 
107350 3543 3544 
107400 3553 3553 
107450 3558 3557 
107500 3555 3552 
107550 3549 3552 
107600 3549 3546 
107650 3545 3550 
107700 3566 3562 
107750 3554 3550 
107800 3557 3558 
107850 3550 3545 
107900 3548 3548 
107950 3525 3521 
108000 3543 3540 
108050 3563 3563 
108100 3544 3535 
108150 3546 3544 
108200 3552 3557 
108250 3539 3546 
108300 3550 3548 
108350 3546 3546 
108400 3556 3548 
108450 3557 3562 
108500 3554 3553 
108550 3567 3566 
108600 3558 3559 
108650 3557 3557 
108700 3542 3542 
108750 3545 3542 
108800 3536 3531 
108850 3542 3544 
108900 3543 3547 
108950 3546 3542 
109000 3538 3537 
109050 3556 3554 
109100 3551 3552 
109150 3563 3563 
109200 3550 3549 
109250 3560 3558 
109300 3548 3548 
109350 3553 3553 
109400 3556 3557 
109450 3564 3560 
109500 3555 3558 
109550 3560 3559 
109600 3547 3539 
109650 3549 3548 
109700 3541 3534 
109750 3544 3540 
109800 3538 3543 
109850 3532 3533 
109900 3555 3557 
109950 3549 3544 
110000 3554 3552 
110050 3560 3559 
110100 3551 3540 
110150 3556 3556 
110200 3548 3543 
110250 3542 3542 
110300 3552 3545 
110350 3552 3550 
110400 3547 3543 
110450 3555 3543 
110500 3554 3553 
110550 3555 3554 
110600 3544 3552 
110650 3546 3548 
110700 3550 3549 
110750 3539 3536 
110800 3541 3544 
110850 3547 3538 
110900 3554 3554 
110950 3549 3545 
111000 3547 3539 
111050 3566 3563 
111100 3563 3561 
111150 3561 3560 
111200 3544 3542 
111250 3525 3528 
111300 3557 3561 
111350 3544 3545 
111400 3554 3559 
111450 3556 3558 
111500 3549 3554 
111550 3560 3562 
111600 3539 3539 
111650 3548 3553 
111700 3552 3552 
111750 3551 3537 
111800 3552 3551 
111850 3537 3533 
111900 3548 3551 
111950 3572 3566 
112000 3539 3541 
112050 3562 3559 
112100 3548 3558 
112150 3557 3554 
112200 3546 3547 
112250 3544 3551 
112300 3530 3531 
112350 3556 3555 
112400 3543 3544 
112450 3534 3539 
112500 3547 3543 
112550 3546 3543 
112600 3539 3545 
112650 3551 3551 
112700 3552 3550 
112750 3549 3546 
112800 3554 3561 
112850 3550 3550 
112900 3553 3549 
112950 3546 3551 
113000 3545 3546 
113050 3552 3556 
113100 3551 3553 
113150 3560 3552 
113200 3539 3539 
113250 3533 3536 
113300 3560 3566 
113350 3549 3550 
113400 3567 3573 
113450 3540 3546 
113500 3542 3548 
113550 3555 3559 
113600 3544 3547 
113650 3544 3542 
113700 3551 3542 
113750 3537 3541 
113800 3549 3553 
113850 3571 3568 
113900 3551 3551 
113950 3564 3566 
114000 3547 3546 
114050 3541 3548 
114100 3545 3543 
114150 3550 3556 
114200 3548 3552 
114250 3551 3549 
114300 3554 3551 
114350 3548 3542 
114400 3549 3553 
114450 3548 3547 
114500 3548 3548 
114550 3555 3556 
114600 3553 3553 
114650 3559 3560 
114700 3551 3550 
114750 3563 3560 
114800 3548 3551 
114850 3549 3550 
114900 3562 3561 
114950 3555 3555 
115000 3559 3556 
115050 3549 3554 
115100 3544 3548 
115150 3543 3543 
115200 3548 3546 
115250 3557 3561 
115300 3543 3541 
115350 3556 3553 
115400 3547 3552 
115450 3538 3540 
115500 3550 3555 
115550 3551 3552 
115600 3539 3544 
115650 3546 3545 
115700 3555 3559 
115750 3559 3554 
115800 3543 3542 
115850 3549 3553 
115900 3552 3553 
115950 3540 3544 
116000 3556 3551 
116050 3547 3544 
116100 3536 3535 
116150 3554 3554 
116200 3543 3540 
116250 3553 3548 
116300 3552 3549 
116350 3549 3544 
116400 3546 3548 
116450 3535 3527 
116500 3557 3549 
116550 3548 3547 
116600 3549 3544 
116650 3555 3556 
116700 3558 3554 
116750 3550 3543 
116800 3539 3544 
116850 3535 3539 
116900 3553 3552 
116950 3547 3551 
117000 3549 3545 
117050 3561 3559 
117100 3566 3563 
117150 3561 3559 
117200 3555 3553 
117250 3563 3562 
117300 3544 3547 
117350 3551 3549 
117400 3547 3540 
117450 3546 3549 
117500 3535 3544 
117550 3543 3541 
117600 3541 3537 
117650 3529 3530 
117700 3550 3547 
117750 3553 3551 
117800 3554 3548 
117850 3549 3541 
117900 3553 3551 
117950 3558 3562 
118000 3547 3545 
118050 3551 3549 
118100 3532 3534 
118150 3559 3555 
118200 3560 3563 
118250 3546 3545 
118300 3570 3563 
118350 3559 3561 
118400 3545 3545 
118450 3560 3555 
118500 3559 3559 
118550 3549 3550 
118600 3563 3561 
118650 3560 3557 
118700 3568 3565 
118750 3540 3538 
118800 3568 3561 
118850 3561 3565 
118900 3547 3551 
118950 3522 3521 
119000 3550 3552 
119050 3553 3550 
119100 3545 3547 
119150 3554 3555 
119200 3532 3533 
119250 3545 3541 
119300 3545 3543 
119350 3556 3560 
119400 3540 3544 
119450 3545 3539 
119500 3536 3533 
119550 3548 3553 
119600 3552 3555 
119650 3549 3545 
119700 3533 3533 
119750 3550 3546 
119800 3540 3549 
119850 3546 3548 
119900 3549 3549 
119950 3550 3544 
120000 3553 3548 
120050 3558 3557 
120100 3554 3554 
120150 3546 3552 
120200 3528 3529 
120250 3544 3551 
120300 3554 3550 
120350 3541 3540 
120400 3552 3547 
120450 3552 3548 
120500 3550 3552 
120550 3542 3543 
120600 3546 3546 
120650 3557 3554 
120700 3548 3544 
120750 3546 3546 
120800 3529 3531 
120850 3551 3552 
120900 3553 3552 
120950 3558 3552 
121000 3545 3546 
121050 3550 3544 
121100 3556 3548 
121150 3556 3558 
121200 3546 3540 
121250 3534 3531 
121300 3553 3552 
121350 3536 3536 
121400 3556 3555 
121450 3543 3543 
121500 3544 3545 
121550 3544 3548 
121600 3537 3536 
121650 3558 3542 
121700 3539 3540 
121750 3569 3561 
121800 3544 3540 
121850 3550 3551 
121900 3549 3552 
121950 3553 3553 
122000 3559 3554 
122050 3544 3542 
122100 3548 3550 
122150 3551 3549 
122200 3553 3554 
122250 3544 3542 
122300 3553 3551 
122350 3554 3552 
122400 3553 3555 
122450 3557 3558 
122500 3550 3553 
122550 3551 3548 
122600 3543 3546 
122650 3562 3565 
122700 3546 3540 
122750 3559 3554 
122800 3548 3547 
122850 3531 3528 
122900 3539 3542 
122950 3552 3556 
123000 3553 3563 
123050 3549 3549 
123100 3553 3559 
123150 3561 3561 
123200 3557 3557 
123250 3555 3552 
123300 3560 3559 
123350 3557 3550 
123400 3545 3549 
123450 3549 3554 
123500 3553 3547 
123550 3556 3556 
123600 3553 3550 
123650 3559 3553 
123700 3550 3549 
123750 3549 3541 
123800 3551 3551 
123850 3545 3547 
123900 3538 3530 
123950 3558 3555 
124000 3551 3563 
124050 3547 3547 
124100 3549 3545 
124150 3548 3544 
124200 3552 3550 
124250 3550 3548 
124300 3545 3540 
124350 3545 3542 
124400 3544 3543 
124450 3554 3554 
124500 3546 3549 
124550 3556 3556 
124600 3545 3548 
124650 3551 3545 
124700 3549 3559 
124750 3548 3550 
124800 3568 3561 
124850 3533 3529 
124900 3548 3542 
124950 3550 3547 
125000 3548 3545 
125050 3549 3544 
125100 3551 3549 
125150 3523 3524 
125200 3543 3546 
125250 3555 3551 
125300 3550 3543 
125350 3554 3553 
125400 3557 3550 
125450 3556 3555 
125500 3544 3547 
125550 3560 3564 
125600 3565 3557 
125650 3540 3546 
125700 3545 3536 
125750 3547 3546 
125800 3546 3552 
125850 3534 3529 
125900 3550 3553 
125950 3559 3562 
126000 3562 3565 
126050 3552 3550 
126100 3544 3555 
126150 3557 3553 
126200 3562 3561 
126250 3556 3556 
126300 3551 3544 
126350 3548 3551 
126400 3537 3533 
126450 3544 3540 
126500 3546 3551 
126550 3544 3549 
126600 3565 3572 
126650 3559 3556 
126700 3560 3557 
126750 3534 3530 
126800 3555 3556 
126850 3556 3559 
126900 3524 3529 
126950 3554 3556 
127000 3564 3560 
127050 3541 3540 
127100 3539 3545 
127150 3548 3545 
127200 3550 3550 
127250 3570 3571 
127300 3557 3553 
127350 3550 3554 
127400 3560 3563 
127450 3547 3544 
127500 3557 3564 
127550 3545 3549 
127600 3540 3544 
127650 3542 3542 
127700 3547 3543 
127750 3547 3546 
127800 3550 3555 
127850 3556 3552 
127900 3552 3546 
127950 3552 3551 
128000 3560 3555 
128050 3559 3555 
128100 3545 3546 
128150 3558 3557 
128200 3560 3557 
128250 3552 3556 
128300 3546 3541 
128350 3557 3558 
128400 3549 3540 
128450 3554 3555 
128500 3553 3546 
128550 3546 3541 
128600 3547 3541 
128650 3543 3543 
128700 3550 3550 
128750 3556 3549 
128800 3563 3561 
128850 3557 3559 
128900 3557 3559 
128950 3557 3557 
129000 3556 3559 
129050 3543 3543 
129100 3536 3534 
129150 3556 3560 
129200 3545 3543 
129250 3548 3539 
129300 3555 3553 
129350 3547 3541 
129400 3574 3571 
129450 3549 3544 
129500 3546 3547 
129550 3550 3545 
129600 3542 3539 
129650 3541 3543 
129700 3545 3540 
129750 3549 3548 
129800 3538 3534 
129850 3551 3554 
129900 3557 3557 
129950 3562 3562 
130000 3554 3560 
130050 3545 3551 
130100 3538 3538 
130150 3549 3547 
130200 3542 3539 
130250 3569 3570 
130300 3558 3556 
130350 3555 3553 
130400 3550 3552 
130450 3544 3545 
130500 3543 3546 
130550 3554 3559 
130600 3553 3554 
130650 3555 3558 
130700 3547 3547 
130750 3552 3551 
130800 3544 3538 
130850 3543 3542 
130900 3569 3567 
130950 3562 3561 
131000 3545 3550 
131050 3542 3545 
131100 3554 3551 
131150 3543 3539 
131200 3550 3559 
131250 3553 3556 
131300 3541 3540 
131350 3538 3540 
131400 3557 3559 
131450 3558 3553 
131500 3549 3544 
131550 3558 3546 
131600 3566 3561 
131650 3563 3563 
131700 3544 3541 
131750 3536 3539 
131800 3534 3542 
131850 3552 3551 
131900 3539 3536 
131950 3543 3543 
132000 3552 3553 
132050 3543 3539 
132100 3559 3553 
132150 3547 3551 
132200 3544 3548 
132250 3559 3563 
132300 3563 3562 
132350 3565 3563 
132400 3548 3546 
132450 3554 3556 
132500 3550 3549 
132550 3570 3568 
132600 3553 3553 
132650 3561 3563 
132700 3535 3535 
132750 3559 3558 
132800 3556 3553 
132850 3536 3535 
132900 3538 3544 
132950 3554 3545 
133000 3553 3554 
133050 3566 3563 
133100 3558 3555 
133150 3545 3543 
133200 3560 3563 
133250 3558 3553 
133300 3542 3548 
133350 3553 3550 
133400 3539 3539 
133450 3537 3535 
133500 3544 3544 
133550 3549 3544 
133600 3553 3558 
133650 3548 3549 
133700 3552 3553 
133750 3531 3533 
133800 3542 3550 
133850 3540 3544 
133900 3558 3558 
133950 3557 3555 
134000 3553 3552 
134050 3541 3534 
134100 3544 3542 
134150 3549 3550 
134200 3546 3545 
134250 3552 3545 
134300 3532 3530 
134350 3550 3551 
134400 3550 3549 
134450 3560 3556 
134500 3554 3554 
134550 3558 3553 
134600 3531 3538 
134650 3541 3541 
134700 3548 3550 
134750 3546 3549 
134800 3548 3539 
134850 3537 3534 
134900 3549 3557 
134950 3553 3553 
135000 3557 3556 
135050 3550 3552 
135100 3567 3567 
135150 3545 3547 
135200 3542 3541 
135250 3544 3543 
135300 3545 3548 
135350 3548 3539 
135400 3561 3557 
135450 3545 3544 
135500 3554 3556 
135550 3548 3553 
135600 3560 3560 
135650 3551 3551 
135700 3548 3544 
135750 3534 3535 
135800 3544 3546 
135850 3541 3542 
135900 3550 3551 
135950 3554 3554 
136000 3536 3537 
136050 3544 3547 
136100 3546 3546 
136150 3546 3546 
136200 3556 3561 
136250 3558 3554 
136300 3557 3556 
136350 3534 3536 
136400 3566 3573 
136450 3555 3556 
136500 3552 3556 
136550 3560 3560 
136600 3554 3564 
136650 3547 3546 
136700 3543 3545 
136750 3543 3548 
136800 3553 3553 
136850 3556 3561 
136900 3552 3553 
136950 3553 3551 
137000 3543 3552 
137050 3555 3556 
137100 3544 3544 
137150 3545 3546 
137200 3551 3551 
137250 3527 3533 
137300 3554 3546 
137350 3561 3564 
137400 3532 3530 
137450 3560 3552 
137500 3533 3536 
137550 3540 3540 
137600 3565 3560 
137650 3557 3554 
137700 3555 3562 
137750 3561 3562 
137800 3569 3564 
137850 3548 3550 
137900 3557 3552 
137950 3533 3531 
138000 3539 3537 
138050 3549 3549 
138100 3568 3572 
138150 3552 3556 
138200 3534 3538 
138250 3540 3540 
138300 3552 3552 
138350 3541 3544 
138400 3558 3557 
138450 3534 3531 
138500 3558 3557 
138550 3566 3562 
138600 3553 3557 
138650 3555 3554 
138700 3554 3553 
138750 3556 3553 
138800 3551 3549 
138850 3547 3546 
138900 3555 3555 
138950 3548 3547 
139000 3547 3548 
139050 3550 3552 
139100 3526 3525 
139150 3552 3546 
139200 3557 3555 
139250 3555 3552 
139300 3535 3539 
139350 3537 3537 
139400 3554 3558 
139450 3553 3546 
139500 3560 3561 
139550 3545 3548 
139600 3548 3550 
139650 3552 3559 
139700 3556 3554 
139750 3549 3555 
139800 3549 3547 
139850 3549 3551 
139900 3551 3555 
139950 3544 3547 
140000 3550 3547 
140050 3538 3539 
140100 3554 3553 
140150 3555 3562 
140200 3554 3551 
140250 3555 3560 
140300 3546 3549 
140350 3557 3555 
140400 3564 3565 
140450 3543 3549 
140500 3545 3548 
140550 3541 3538 
140600 3543 3544 
140650 3546 3555 
140700 3540 3542 
140750 3550 3557 
140800 3535 3537 
140850 3554 3556 
140900 3559 3557 
140950 3556 3553 
141000 3550 3546 
141050 3561 3559 
141100 3559 3556 
141150 3561 3560 
141200 3553 3555 
141250 3559 3562 
141300 3543 3541 
141350 3550 3553 
141400 3547 3541 
141450 3551 3547 
141500 3541 3538 
141550 3557 3560 
141600 3538 3535 
141650 3545 3547 
141700 3546 3547 
141750 3555 3549 
141800 3554 3551 
141850 3553 3555 
141900 3557 3561 
141950 3544 3551 
142000 3551 3554 
142050 3548 3547 
142100 3546 3543 
142150 3553 3553 
142200 3545 3540 
142250 3566 3565 
142300 3548 3557 
142350 3552 3561 
142400 3549 3551 
142450 3566 3575 
142500 3544 3539 
142550 3556 3554 
142600 3561 3559 
142650 3534 3535 
142700 3553 3543 
142750 3554 3556 
142800 3554 3553 
142850 3553 3557 
142900 3549 3546 
142950 3543 3544 
143000 3550 3549 
143050 3539 3539 
143100 3561 3558 
143150 3567 3566 
143200 3548 3543 
143250 3550 3560 
143300 3528 3537 
143350 3555 3558 
143400 3553 3552 
143450 3543 3544 
143500 3561 3562 
143550 3540 3537 
143600 3565 3564 
143650 3550 3547 
143700 3539 3544 
143750 3541 3543 
143800 3546 3543 
143850 3542 3541 
143900 3547 3550 
143950 3537 3534 
144000 3549 3552 
144050 3527 3536 
144100 3564 3562 
144150 3547 3545 
144200 3553 3545 
144250 3565 3563 
144300 3549 3551 
144350 3548 3543 
144400 3557 3556 
144450 3557 3562 
144500 3550 3547 
144550 3555 3556 
144600 3531 3533 
144650 3547 3548 
144700 3546 3550 
144750 3550 3549 
144800 3558 3559 
144850 3532 3535 
144900 3558 3558 
144950 3563 3561 
145000 3546 3539 
145050 3564 3565 
145100 3560 3553 
145150 3549 3551 
145200 3552 3553 
145250 3550 3549 
145300 3545 3546 
145350 3560 3560 
145400 3560 3564 
145450 3556 3556 
145500 3552 3553 
145550 3555 3563 
145600 3555 3552 
145650 3560 3559 
145700 3556 3554 
145750 3549 3552 
145800 3554 3554 
145850 3550 3550 
145900 3549 3551 
145950 3557 3551 
146000 3560 3562 
146050 3537 3532 
146100 3551 3552 
146150 3552 3551 
146200 3551 3553 
146250 3550 3550 
146300 3557 3556 
146350 3538 3544 
146400 3539 3541 
146450 3567 3560 
146500 3548 3551 
146550 3552 3563 
146600 3543 3548 
146650 3559 3555 
146700 3547 3551 
146750 3555 3555 
146800 3542 3544 
146850 3556 3554 
146900 3549 3549 
146950 3535 3539 
147000 3566 3567 
147050 3537 3537 
147100 3542 3545 
147150 3533 3534 
147200 3553 3560 
147250 3548 3552 
147300 3540 3544 
147350 3557 3561 
147400 3565 3554 
147450 3566 3567 
147500 3547 3543 
147550 3566 3560 
147600 3536 3528 
147650 3551 3549 
147700 3557 3549 
147750 3548 3544 
147800 3546 3547 
147850 3552 3554 
147900 3556 3558 
147950 3536 3530 
148000 3561 3560 
148050 3562 3564 
148100 3573 3570 
148150 3546 3552 
148200 3535 3533 
148250 3556 3564 
148300 3545 3555 
148350 3548 3550 
148400 3542 3546 
148450 3537 3544 
148500 3539 3536 
148550 3547 3553 
148600 3549 3554 
148650 3538 3537 
148700 3540 3543 
148750 3547 3548 
148800 3554 3551 
148850 3534 3534 
148900 3554 3551 
148950 3547 3547 
149000 3544 3549 
149050 3553 3550 
149100 3553 3552 
149150 3568 3567 
149200 3565 3564 
149250 3557 3550 
149300 3572 3569 
149350 3558 3560 
149400 3562 3561 
149450 3549 3553 
149500 3550 3554 
149550 3537 3543 
149600 3558 3554 
149650 3549 3549 
149700 3557 3555 
149750 3545 3539 
149800 3562 3551 
149850 3549 3553 
149900 3543 3544 
149950 3555 3555 
150000 3544 3540 
150050 3541 3547 
150100 3556 3553 
150150 3548 3549 
150200 3545 3547 
150250 3528 3532 
150300 3559 3561 
150350 3545 3544 
150400 3558 3555 
150450 3557 3558 
150500 3560 3560 
150550 3544 3543 
150600 3553 3550 
150650 3556 3553 
150700 3550 3550 
150750 3534 3537 
150800 3543 3543 
150850 3544 3546 
150900 3542 3543 
150950 3558 3554 
151000 3567 3567 
151050 3533 3530 
151100 3547 3547 
151150 3552 3551 
151200 3552 3555 
151250 3549 3546 
151300 3550 3553 
151350 3553 3552 
151400 3545 3546 
151450 3542 3547 
151500 3555 3556 
151550 3541 3546 
151600 3558 3559 
151650 3556 3551 
151700 3556 3552 
151750 3547 3543 
151800 3547 3542 
151850 3554 3554 
151900 3551 3554 
151950 3540 3546 
152000 3552 3551 
152050 3551 3551 
152100 3541 3543 
152150 3561 3562 
152200 3551 3544 
152250 3564 3560 
152300 3549 3554 
152350 3544 3551 
152400 3555 3553 
152450 3539 3539 
152500 3553 3555 
152550 3550 3548 
152600 3548 3554 
152650 3538 3542 
152700 3546 3556 
152750 3543 3542 
152800 3538 3540 
152850 3517 3517 
152900 3542 3545 
152950 3535 3539 
153000 3557 3556 
153050 3553 3552 
153100 3543 3556 
153150 3558 3556 
153200 3550 3558 
153250 3562 3565 
153300 3535 3539 
153350 3537 3540 
153400 3553 3555 
153450 3549 3554 
153500 3547 3550 
153550 3557 3557 
153600 3556 3554 
153650 3530 3527 
153700 3551 3550 
153750 3558 3555 
153800 3557 3554 
153850 3543 3547 
153900 3542 3540 
153950 3552 3552 
154000 3560 3563 
154050 3533 3530 
154100 3550 3549 
154150 3546 3542 
154200 3558 3561 
154250 3556 3552 
154300 3553 3554 
154350 3548 3543 
154400 3552 3554 
154450 3549 3550 
154500 3554 3552 
154550 3558 3561 
154600 3550 3547 
154650 3546 3544 
154700 3550 3557 
154750 3547 3543 
154800 3538 3543 
154850 3539 3541 
154900 3549 3552 
154950 3553 3551 
155000 3539 3538 
155050 3558 3562 
155100 3562 3557 
155150 3557 3560 
155200 3550 3551 
155250 3536 3539 
155300 3542 3543 
155350 3532 3534 
155400 3519 3522 
155450 3541 3537 
155500 3552 3554 
155550 3541 3548 
155600 3557 3563 
155650 3551 3548 
155700 3564 3554 
155750 3555 3558 
155800 3540 3546 
155850 3543 3546 
155900 3548 3545 
155950 3550 3548 
156000 3532 3533 
156050 3545 3549 
156100 3549 3547 
156150 3557 3556 
156200 3552 3550 
156250 3546 3547 
156300 3550 3547 
156350 3556 3555 
156400 3548 3553 
156450 3538 3539 
156500 3542 3542 
156550 3547 3542 
156600 3546 3548 
156650 3548 3543 
156700 3538 3544 
156750 3554 3557 
156800 3553 3548 
156850 3544 3544 
156900 3543 3538 
156950 3540 3541 
157000 3549 3546 
157050 3548 3547 
157100 3542 3543 
157150 3545 3556 
157200 3558 3553 
157250 3552 3552 
157300 3550 3546 
157350 3544 3541 
157400 3559 3559 
157450 3545 3549 
157500 3546 3548 
157550 3547 3543 
157600 3531 3536 
157650 3545 3548 
157700 3562 3562 
157750 3550 3548 
157800 3553 3548 
157850 3570 3567 
157900 3555 3558 
157950 3544 3544 
158000 3543 3549 
158050 3538 3543 
158100 3550 3546 
158150 3547 3540 
158200 3543 3541 
158250 3541 3541 
158300 3540 3544 
158350 3559 3555 
158400 3550 3547 
158450 3551 3555 
158500 3560 3560 
158550 3536 3538 
158600 3542 3543 
158650 3545 3543 
158700 3529 3532 
158750 3565 3567 
158800 3555 3555 
158850 3548 3542 
158900 3556 3555 
158950 3543 3547 
159000 3553 3549 
159050 3542 3543 
159100 3546 3548 
159150 3562 3562 
159200 3546 3550 
159250 3544 3545 
159300 3541 3552 
159350 3553 3556 
159400 3555 3561 
159450 3546 3547 
159500 3559 3557 
159550 3539 3541 
159600 3539 3535 
159650 3561 3553 
159700 3560 3553 
159750 3563 3563 
159800 3562 3559 
159850 3556 3551 
159900 3554 3552 
159950 3546 3544 
160000 3546 3552 
160050 3539 3538 
160100 3551 3550 
160150 3546 3547 
160200 3541 3533 
160250 3547 3547 
160300 3543 3546 
160350 3563 3567 
160400 3551 3550 
160450 3540 3546 
160500 3540 3544 
160550 3552 3555 
160600 3551 3551 
160650 3555 3555 
160700 3556 3556 
160750 3545 3546 
160800 3546 3547 
160850 3539 3543 
160900 3550 3545 
160950 3558 3556 
161000 3551 3542 
161050 3553 3543 
161100 3534 3527 
161150 3554 3558 
161200 3539 3539 
161250 3562 3560 
161300 3550 3546 
161350 3552 3549 
161400 3553 3551 
161450 3547 3545 
161500 3556 3549 
161550 3535 3536 
161600 3555 3550 
161650 3564 3556 
161700 3540 3541 
161750 3545 3550 
161800 3554 3554 
161850 3562 3558 
161900 3553 3552 
161950 3533 3534 
162000 3529 3543 
162050 3549 3542 
162100 3551 3555 
162150 3559 3562 
162200 3556 3555 
162250 3547 3547 
162300 3551 3553 
162350 3547 3546 
162400 3536 3540 
162450 3538 3535 
162500 3554 3553 
162550 3555 3556 
162600 3544 3543 
162650 3545 3546 
162700 3546 3543 
162750 3556 3552 
162800 3546 3545 
162850 3559 3558 
162900 3545 3546 
162950 3538 3543 
163000 3538 3540 
163050 3554 3561 
163100 3556 3556 
163150 3559 3555 
163200 3545 3548 
163250 3549 3549 
163300 3541 3540 
163350 3550 3549 
163400 3563 3561 
163450 3548 3554 
163500 3554 3551 
163550 3553 3556 
163600 3545 3551 
163650 3558 3553 
163700 3544 3553 
163750 3545 3544 
163800 3550 3554 
163850 3540 3542 
163900 3551 3549 
163950 3565 3562 
164000 3547 3548 
164050 3548 3544 
164100 3550 3548 
164150 3551 3549 
164200 3561 3559 
164250 3544 3547 
164300 3548 3546 
164350 3545 3544 
164400 3546 3549 
164450 3536 3540 
164500 3545 3534 
164550 3548 3539 
164600 3552 3552 
164650 3555 3556 
164700 3556 3553 
164750 3545 3540 
164800 3550 3552 
164850 3543 3547 
164900 3551 3551 
164950 3532 3531 
165000 3532 3534 
165050 3565 3561 
165100 3556 3553 
165150 3551 3553 
165200 3536 3541 
165250 3551 3557 
165300 3563 3561 
165350 3548 3551 
165400 3543 3539 
165450 3563 3552 
165500 3556 3555 
165550 3556 3555 
165600 3551 3550 
165650 3561 3559 
165700 3556 3550 
165750 3546 3546 
165800 3531 3531 
165850 3549 3545 
165900 3560 3560 
165950 3552 3550 
166000 3540 3538 
166050 3545 3548 
166100 3552 3553 
166150 3556 3555 
166200 3562 3560 
166250 3540 3541 
166300 3550 3557 
166350 3555 3553 
166400 3527 3523 
166450 3540 3539 
166500 3552 3539 
166550 3544 3545 
166600 3552 3552 
166650 3541 3538 
166700 3559 3559 
166750 3557 3558 
166800 3545 3550 
166850 3553 3553 
166900 3546 3546 
166950 3531 3525 
167000 3543 3541 
167050 3562 3556 
167100 3554 3553 
167150 3530 3526 
167200 3535 3538 
167250 3559 3554 
167300 3556 3552 
167350 3545 3545 
167400 3546 3553 
167450 3541 3532 
167500 3555 3554 
167550 3559 3555 
167600 3562 3561 
167650 3547 3545 
167700 3559 3554 
167750 3561 3556 
167800 3546 3550 
167850 3554 3557 
167900 3550 3557 
167950 3536 3532 
168000 3529 3533 
168050 3537 3539 
168100 3534 3536 
168150 3540 3540 
168200 3542 3540 
168250 3555 3552 
168300 3540 3535 
168350 3546 3552 
168400 3556 3556 
168450 3551 3548 
168500 3542 3546 
168550 3570 3569 
168600 3541 3537 
168650 3549 3546 
168700 3548 3547 
168750 3543 3544 
168800 3552 3548 
168850 3563 3555 
168900 3553 3551 
168950 3546 3544 
169000 3555 3554 
169050 3542 3535 
169100 3535 3538 
169150 3535 3536 
169200 3544 3545 
169250 3552 3546 
169300 3545 3543 
169350 3535 3536 
169400 3566 3561 
169450 3562 3557 
169500 3534 3532 
169550 3549 3545 
169600 3545 3542 
169650 3561 3557 
169700 3553 3553 
169750 3550 3550 
169800 3547 3550 
169850 3550 3551 
169900 3556 3554 
169950 3558 3559 
170000 3558 3553 
170050 3555 3552 
170100 3548 3548 
170150 3559 3558 
170200 3561 3553 
170250 3548 3550 
170300 3548 3554 
170350 3551 3551 
170400 3558 3556 
170450 3539 3539 
170500 3547 3543 
170550 3553 3545 
170600 3554 3560 
170650 3561 3562 
170700 3558 3564 
170750 3550 3551 
170800 3550 3541 
170850 3544 3540 
170900 3540 3541 
170950 3543 3544 
171000 3529 3530 
171050 3537 3534 
171100 3553 3545 
171150 3560 3555 
171200 3541 3541 
171250 3556 3559 
171300 3535 3537 
171350 3546 3550 
171400 3553 3557 
171450 3556 3555 
171500 3556 3556 
171550 3546 3540 
171600 3544 3533 
171650 3553 3553 
171700 3552 3551 
171750 3542 3537 
171800 3557 3556 
171850 3555 3545 
171900 3546 3550 
171950 3542 3538 
172000 3549 3550 
172050 3540 3541 
172100 3542 3540 
172150 3548 3549 
172200 3564 3561 
172250 3537 3530 
172300 3559 3556 
172350 3554 3550 
172400 3528 3524 
172450 3551 3552 
172500 3549 3545 
172550 3543 3533 
172600 3552 3546 
172650 3544 3546 
172700 3559 3561 
172750 3553 3556 
172800 3539 3537 
172850 3554 3549 
172900 3545 3544 
172950 3545 3540 
173000 3549 3551 
173050 3543 3537 
173100 3540 3538 
173150 3543 3545 
173200 3559 3558 
173250 3556 3554 
173300 3548 3547 
173350 3555 3555 
173400 3567 3563 
173450 3546 3540 
173500 3546 3538 
173550 3547 3547 
173600 3556 3557 
173650 3548 3549 
173700 3552 3547 
173750 3558 3559 
173800 3545 3548 
173850 3551 3545 
173900 3551 3551 
173950 3553 3555 
174000 3546 3545 
174050 3548 3545 
174100 3545 3540 
174150 3553 3554 
174200 3561 3557 
174250 3554 3549 
174300 3546 3545 
174350 3553 3552 
174400 3548 3551 
174450 3556 3557 
174500 3544 3541 
174550 3551 3561 
174600 3547 3551 
174650 3539 3539 
174700 3537 3537 
174750 3557 3558 
174800 3554 3554 
174850 3555 3551 
174900 3545 3545 
174950 3538 3533 
175000 3535 3536 
175050 3547 3545 
175100 3554 3552 
175150 3550 3544 
175200 3557 3558 
175250 3543 3547 
175300 3543 3546 
175350 3553 3553 
175400 3545 3544 
175450 3542 3542 
175500 3547 3545 
175550 3554 3549 
175600 3564 3554 
175650 3556 3552 
175700 3554 3553 
175750 3563 3555 
175800 3554 3553 
175850 3534 3530 
175900 3560 3554 
175950 3555 3554 
176000 3542 3543 
176050 3549 3551 
176100 3549 3548 
176150 3547 3540 
176200 3555 3551 
176250 3560 3558 
176300 3544 3544 
176350 3563 3563 
176400 3536 3534 
176450 3557 3551 
176500 3541 3537 
176550 3547 3545 
176600 3540 3539 
176650 3544 3542 
176700 3550 3548 
176750 3559 3556 
176800 3534 3539 
176850 3550 3549 
176900 3542 3550 
176950 3543 3542 
177000 3541 3533 
177050 3551 3551 
177100 3539 3544 
177150 3549 3548 
177200 3543 3542 
177250 3546 3551 
177300 3544 3546 
177350 3545 3546 
177400 3538 3542 
177450 3551 3550 
177500 3539 3540 
177550 3556 3555 
177600 3550 3547 
177650 3537 3542 
177700 3555 3554 
177750 3554 3556 
177800 3553 3554 
177850 3551 3545 
177900 3554 3548 
177950 3549 3544 
178000 3559 3561 
178050 3547 3549 
178100 3535 3536 
178150 3562 3564 
178200 3534 3527 
178250 3553 3554 
178300 3556 3556 
178350 3547 3550 
178400 3546 3540 
178450 3561 3555 
178500 3551 3549 
178550 3563 3557 
178600 3546 3548 
178650 3538 3543 
178700 3558 3553 
178750 3555 3556 
178800 3553 3550 
178850 3566 3563 
178900 3553 3551 
178950 3542 3541 
179000 3544 3541 
179050 3557 3557 
179100 3554 3556 
179150 3552 3551 
179200 3556 3559 
179250 3536 3539 
179300 3560 3555 
179350 3553 3554 
179400 3548 3546 
179450 3548 3546 
179500 3564 3559 
179550 3556 3550 
179600 3553 3555 
179650 3543 3545 
179700 3551 3547 
179750 3554 3548 
179800 3555 3555 
179850 3546 3544 
179900 3557 3554 
179950 3557 3555 
180000 3547 3548 
180050 3549 3553 
180100 3549 3552 
180150 3558 3561 
180200 3545 3547 
180250 3558 3554 
180300 3562 3561 
180350 3557 3561 
180400 3547 3549 
180450 3545 3545 
180500 3563 3559 
180550 3549 3556 
180600 3531 3533 
180650 3552 3549 
180700 3551 3547 
180750 3554 3549 
180800 3547 3543 
180850 3551 3553 
180900 3554 3554 
180950 3553 3553 
181000 3541 3541 
181050 3559 3561 
181100 3546 3542 
181150 3543 3544 
181200 3545 3546 
181250 3544 3545 
181300 3556 3554 
181350 3549 3551 
181400 3550 3549 
181450 3535 3534 
181500 3563 3560 
181550 3557 3553 
181600 3558 3548 
181650 3533 3532 
181700 3548 3547 
181750 3561 3563 
181800 3558 3555 
181850 3541 3531 
181900 3556 3551 
181950 3551 3549 
182000 3540 3542 
182050 3535 3537 
182100 3548 3548 
182150 3552 3552 
182200 3548 3552 
182250 3548 3551 
182300 3554 3553 
182350 3539 3542 
182400 3554 3554 
182450 3549 3551 
182500 3538 3537 
182550 3543 3547 
182600 3553 3557 
182650 3546 3548 
182700 3561 3561 
182750 3549 3545 
182800 3537 3540 
182850 3569 3572 
182900 3558 3560 
182950 3549 3546 
183000 3553 3551 
183050 3547 3550 
183100 3553 3551 
183150 3552 3556 
183200 3544 3545 
183250 3550 3556 
183300 3555 3556 
183350 3556 3556 
183400 3560 3560 
183450 3552 3549 
183500 3538 3535 
183550 3544 3549 
183600 3557 3550 
183650 3558 3557 
183700 3543 3551 
183750 3570 3566 
183800 3536 3526 
183850 3551 3546 
183900 3541 3537 
183950 3546 3548 
184000 3555 3554 
184050 3554 3553 
184100 3554 3554 
184150 3558 3560 
184200 3540 3538 
184250 3543 3542 
184300 3541 3543 
184350 3533 3535 
184400 3560 3552 
184450 3560 3553 
184500 3545 3550 
184550 3535 3534 
184600 3564 3565 
184650 3534 3544 
184700 3546 3552 
184750 3544 3543 
184800 3547 3550 
184850 3557 3556 
184900 3531 3541 
184950 3562 3562 
185000 3547 3549 
185050 3548 3544 
185100 3554 3551 
185150 3554 3557 
185200 3549 3548 
185250 3545 3545 
185300 3562 3562 
185350 3544 3547 
185400 3538 3543 
185450 3550 3545 
185500 3542 3532 
185550 3557 3558 
185600 3545 3542 
185650 3560 3554 
185700 3539 3546 
185750 3551 3548 
185800 3536 3532 
185850 3555 3552 
185900 3545 3547 
185950 3553 3557 
186000 3560 3556 
186050 3555 3551 
186100 3545 3540 
186150 3538 3531 
186200 3542 3545 
186250 3540 3536 
186300 3539 3542 
186350 3571 3574 
186400 3548 3544 
186450 3537 3541 
186500 3552 3553 
186550 3552 3552 
186600 3560 3561 
186650 3544 3545 
186700 3555 3552 
186750 3553 3560 
186800 3552 3546 
186850 3543 3540 
186900 3551 3553 
186950 3559 3560 
187000 3562 3556 
187050 3532 3530 
187100 3554 3549 
187150 3556 3557 
187200 3544 3544 
187250 3540 3549 
187300 3548 3546 
187350 3558 3558 
187400 3549 3548 
187450 3555 3555 
187500 3547 3548 
187550 3564 3561 
187600 3557 3558 
187650 3549 3551 
187700 3560 3559 
187750 3540 3545 
187800 3526 3528 
187850 3562 3557 
187900 3555 3557 
187950 3543 3543 
188000 3558 3557 
188050 3554 3554 
188100 3549 3550 
188150 3543 3538 
188200 3550 3548 
188250 3548 3551 
188300 3543 3548 
188350 3536 3537 
188400 3559 3563 
188450 3542 3547 
188500 3554 3548 
188550 3555 3553 
188600 3542 3543 
188650 3556 3557 
188700 3554 3547 
188750 3547 3546 
188800 3563 3559 
188850 3559 3563 
188900 3543 3546 
188950 3565 3554 
189000 3554 3557 
189050 3551 3551 
189100 3551 3548 
189150 3536 3529 
189200 3539 3538 
189250 3529 3534 
189300 3551 3551 
189350 3541 3538 
189400 3536 3539 
189450 3549 3554 
189500 3553 3552 
189550 3554 3559 
189600 3542 3535 
189650 3562 3557 
189700 3551 3548 
189750 3555 3557 
189800 3548 3544 
189850 3556 3553 
189900 3550 3545 
189950 3538 3552 
190000 3545 3554 
190050 3531 3532 
190100 3555 3557 
190150 3554 3553 
190200 3558 3562 
190250 3540 3549 
190300 3558 3557 
190350 3551 3552 
190400 3552 3556 
190450 3549 3549 
190500 3554 3553 
190550 3555 3558 
190600 3545 3549 
190650 3546 3549 
190700 3547 3547 
190750 3535 3527 
190800 3542 3543 
190850 3546 3543 
190900 3549 3550 
190950 3552 3552 
191000 3551 3554 
191050 3545 3545 
191100 3543 3541 
191150 3549 3557 
191200 3555 3550 
191250 3546 3546 
191300 3539 3535 
191350 3555 3548 
191400 3543 3540 
191450 3531 3533 
191500 3554 3557 
191550 3555 3556 
191600 3558 3565 
191650 3548 3550 
191700 3557 3552 
191750 3556 3553 
191800 3558 3560 
191850 3534 3535 
191900 3557 3559 
191950 3550 3554 
192000 3537 3539 
192050 3540 3546 
192100 3554 3550 
192150 3548 3548 
192200 3537 3538 
192250 3566 3565 
192300 3556 3552 
192350 3549 3545 
192400 3548 3541 
192450 3534 3527 
192500 3544 3547 
192550 3543 3539 
192600 3547 3541 
192650 3550 3549 
192700 3546 3544 
192750 3559 3557 
192800 3564 3560 
192850 3546 3548 
192900 3554 3556 
192950 3536 3535 
193000 3543 3536 
193050 3546 3546 
193100 3538 3540 
193150 3547 3546 
193200 3552 3541 
193250 3567 3563 
193300 3559 3559 
193350 3561 3562 
193400 3547 3545 
193450 3552 3551 
193500 3534 3544 
193550 3554 3558 
193600 3556 3555 
193650 3551 3545 
193700 3568 3569 
193750 3535 3538 
193800 3551 3550 
193850 3554 3554 
193900 3549 3550 
193950 3556 3549 
194000 3541 3544 
194050 3549 3555 
194100 3540 3542 
194150 3550 3559 
194200 3537 3537 
194250 3544 3550 
194300 3538 3537 
194350 3541 3538 
194400 3547 3543 
194450 3556 3559 
194500 3545 3542 
194550 3544 3551 
194600 3552 3551 
194650 3559 3555 
194700 3533 3540 
194750 3534 3536 
194800 3538 3534 
194850 3556 3561 
194900 3531 3531 
194950 3564 3560 
195000 3549 3542 
195050 3543 3548 
195100 3555 3556 
195150 3558 3552 
195200 3553 3544 
195250 3542 3539 
195300 3549 3553 
195350 3557 3555 
195400 3557 3550 
195450 3554 3558 
195500 3541 3542 
195550 3545 3546 
195600 3553 3554 
195650 3551 3551 
195700 3551 3555 
195750 3549 3548 
195800 3547 3544 
195850 3541 3535 
195900 3549 3545 
195950 3563 3564 
196000 3554 3549 
196050 3542 3539 
196100 3557 3558 
196150 3552 3553 
196200 3526 3530 
196250 3547 3544 
196300 3550 3549 
196350 3541 3543 
196400 3554 3545 
196450 3558 3558 
196500 3547 3553 
196550 3536 3535 
196600 3549 3549 
196650 3550 3550 
196700 3548 3544 
196750 3541 3543 
196800 3546 3547 
196850 3541 3538 
196900 3544 3543 
196950 3549 3555 
197000 3539 3536 
197050 3550 3550 
197100 3547 3542 
197150 3560 3561 
197200 3551 3548 
197250 3545 3540 
197300 3547 3546 
197350 3553 3555 
197400 3540 3549 
197450 3554 3560 
197500 3556 3553 
197550 3548 3555 
197600 3545 3545 
197650 3559 3556 
197700 3548 3549 
197750 3537 3538 
197800 3547 3552 
197850 3545 3541 
197900 3561 3558 
197950 3547 3549 
198000 3550 3556 
198050 3563 3556 
198100 3549 3543 
198150 3560 3558 
198200 3548 3552 
198250 3557 3559 
198300 3540 3541 
198350 3541 3539 
198400 3550 3551 
198450 3543 3542 
198500 3539 3545 
198550 3547 3546 
198600 3555 3555 
198650 3548 3549 
198700 3552 3555 
198750 3531 3539 
198800 3555 3560 
198850 3539 3547 
198900 3550 3545 
198950 3544 3543 
199000 3533 3534 
199050 3555 3553 
199100 3547 3551 
199150 3534 3536 
199200 3535 3537 
199250 3552 3555 
199300 3557 3562 
199350 3546 3549 
199400 3553 3558 
199450 3540 3542 
199500 3538 3545 
199550 3561 3564 
199600 3556 3561 
199650 3549 3553 
199700 3554 3551 
199750 3535 3537 
199800 3548 3552 
199850 3544 3545 
199900 3546 3545 
199950 3549 3557 
200000 3548 3552 
