# Avida tasks data
# Sun Apr  8 00:35:18 2012
# First column gives the current update, next columns give the number
# of organisms that have the particular task as a component of their merit
#  1: Update
#  2: Xor
#  3: Equals

0 0 0 
50 8 8 
100 41 41 
150 112 112 
200 237 237 
250 416 415 
300 626 624 
350 887 887 
400 1260 1258 
450 1653 1654 
500 2057 2063 
550 2590 2596 
600 3133 3133 
650 3403 3399 
700 3505 3508 
750 3534 3541 
800 3542 3547 
850 3550 3553 
900 3548 3543 
950 3549 3546 
1000 3549 3554 
1050 3189 2943 
1100 3386 2583 
1150 3357 2061 
1200 3396 1707 
1250 3408 1335 
1300 3406 966 
1350 3409 659 
1400 3436 421 
1450 3466 253 
1500 3494 147 
1550 3526 78 
1600 3542 32 
1650 3554 6 
1700 3553 1 
1750 3554 0 
1800 3560 0 
1850 3559 0 
1900 3558 0 
1950 3554 162 
2000 3556 768 
2050 3507 619 
2100 3504 452 
2150 3515 326 
2200 3530 217 
2250 3535 137 
2300 3546 90 
2350 3545 56 
2400 3544 27 
2450 3548 10 
2500 3559 3 
2550 3548 2 
2600 3564 0 
2650 3551 0 
2700 3560 0 
2750 3551 0 
2800 3533 0 
2850 3547 0 
2900 3556 0 
2950 3547 0 
3000 3549 0 
3050 3543 0 
3100 3554 0 
3150 3563 0 
3200 3528 0 
3250 3529 0 
3300 3541 0 
3350 3556 1 
3400 3527 0 
3450 3547 0 
3500 3561 0 
3550 3549 0 
3600 3555 0 
3650 3552 0 
3700 3528 0 
3750 3546 517 
3800 3546 1052 
3850 3559 1485 
3900 3556 1865 
3950 3537 2205 
4000 3547 2497 
4050 3333 1925 
4100 3373 1390 
4150 3431 990 
4200 3470 697 
4250 3480 472 
4300 3516 309 
4350 3533 220 
4400 3528 124 
4450 3538 58 
4500 3548 20 
4550 3536 5 
4600 3544 0 
4650 3543 0 
4700 3553 0 
4750 3550 0 
4800 3557 0 
4850 3547 0 
4900 3562 0 
4950 3556 148 
5000 3542 738 
5050 3510 597 
5100 3527 412 
5150 3527 233 
5200 3552 102 
5250 3547 23 
5300 3534 4 
5350 3533 2 
5400 3522 1 
5450 3538 0 
5500 3538 0 
5550 3549 266 
5600 3546 851 
5650 3552 1361 
5700 3554 1742 
5750 3529 2058 
5800 3530 2401 
5850 3527 2691 
5900 3538 2954 
5950 3526 3099 
6000 3543 3234 
6050 3327 2472 
6100 3407 1642 
6150 3446 1096 
6200 3475 670 
6250 3531 425 
6300 3535 249 
6350 3540 103 
6400 3540 31 
6450 3550 6 
6500 3558 2 
6550 3545 1 
6600 3517 21 
6650 3410 132 
6700 3208 338 
6750 2891 644 
6800 2609 936 
6850 2801 1262 
6900 2993 1539 
6950 3115 1824 
7000 3206 2123 
7050 3167 1681 
7100 3329 1257 
7150 3405 949 
7200 3448 690 
7250 3469 469 
7300 3484 294 
7350 3521 183 
7400 3542 113 
7450 3520 51 
7500 3553 18 
7550 3541 4 
7600 3550 1 
7650 3545 0 
7700 3520 23 
7750 3430 114 
7800 3227 318 
7850 3006 532 
7900 2773 776 
7950 2485 1067 
8000 2185 1352 
8050 2352 1111 
8100 2653 815 
8150 2915 594 
8200 3101 407 
8250 3283 254 
8300 3383 143 
8350 3450 80 
8400 3500 37 
8450 3537 11 
8500 3539 1 
8550 3534 5 
8600 3481 46 
8650 3403 131 
8700 3213 313 
8750 2996 535 
8800 2742 783 
8850 2494 1048 
8900 2193 1323 
8950 1917 1611 
9000 1620 1890 
9050 1882 1512 
9100 2254 1165 
9150 2528 903 
9200 2786 668 
9250 2974 501 
9300 3134 354 
9350 3258 227 
9400 3382 136 
9450 3479 62 
9500 3533 21 
9550 3506 28 
9600 3416 133 
9650 3231 317 
9700 2933 593 
9750 2650 887 
9800 2348 1195 
9850 2022 1512 
9900 1731 1797 
9950 1425 2104 
10000 1210 2313 
10050 1500 1816 
10100 2051 1320 
10150 2444 905 
10200 2747 659 
10250 3021 414 
10300 3213 261 
10350 3357 126 
10400 3426 73 
10450 3476 27 
10500 3518 12 
10550 3533 1 
10600 3546 0 
10650 3535 0 
10700 3541 0 
10750 3557 0 
10800 3522 26 
10850 3388 157 
10900 3168 381 
10950 2934 605 
11000 2627 903 
11050 2773 726 
11100 2990 518 
11150 3190 327 
11200 3331 188 
11250 3438 97 
11300 3493 48 
11350 3519 13 
11400 3529 8 
11450 3536 3 
11500 3547 0 
11550 3540 0 
11600 3550 132 
11650 3550 772 
11700 3538 1250 
11750 3542 1673 
11800 3536 2011 
11850 3506 2311 
11900 3511 2608 
11950 3509 2857 
12000 3509 3050 
12050 3263 2351 
12100 3329 1620 
12150 3403 1153 
12200 3434 806 
12250 3509 653 
12300 3513 476 
12350 3507 289 
12400 3519 166 
12450 3537 98 
12500 3527 31 
12550 3511 10 
12600 3523 412 
12650 3526 1041 
12700 3522 1464 
12750 3515 1923 
12800 3504 2294 
12850 3524 2584 
12900 3527 2824 
12950 3528 3008 
13000 3538 3175 
13050 3271 2350 
13100 3361 1534 
13150 3413 1004 
13200 3453 586 
13250 3464 293 
13300 3510 157 
13350 3537 59 
13400 3529 23 
13450 3534 7 
13500 3527 3 
13550 3521 205 
13600 3518 811 
13650 3514 1318 
13700 3507 1745 
13750 3522 2111 
13800 3503 2336 
13850 3528 2641 
13900 3505 2850 
13950 3501 3066 
14000 3528 3236 
14050 3231 2473 
14100 3285 1786 
14150 3327 1241 
14200 3435 888 
14250 3471 589 
14300 3489 355 
14350 3494 191 
14400 3524 91 
14450 3518 27 
14500 3509 9 
14550 3519 101 
14600 3525 701 
14650 3513 1207 
14700 3494 1685 
14750 3477 2102 
14800 3483 2452 
14850 3489 2707 
14900 3479 2955 
14950 3488 3146 
15000 3490 3289 
15050 3242 2453 
15100 3322 1607 
15150 3378 1019 
15200 3424 716 
15250 3477 519 
15300 3485 314 
15350 3500 174 
15400 3510 79 
15450 3519 33 
15500 3535 11 
15550 3511 331 
15600 3501 868 
15650 3494 1315 
15700 3510 1724 
15750 3502 2086 
15800 3509 2448 
15850 3486 2748 
15900 3493 2956 
15950 3496 3120 
16000 3499 3245 
16050 3193 2565 
16100 3249 1961 
16150 3303 1509 
16200 3361 1250 
16250 3380 919 
16300 3379 700 
16350 3409 512 
16400 3403 363 
16450 3408 255 
16500 3431 149 
16550 3436 332 
16600 3477 897 
16650 3486 1320 
16700 3515 1759 
16750 3509 2123 
16800 3531 2455 
16850 3516 2741 
16900 3515 2990 
16950 3501 3148 
17000 3529 3290 
17050 3271 2369 
17100 3343 1542 
17150 3403 1121 
17200 3432 809 
17250 3476 592 
17300 3503 420 
17350 3523 285 
17400 3485 195 
17450 3495 123 
17500 3510 69 
17550 3505 42 
17600 3455 291 
17650 3469 1063 
17700 3503 1595 
17750 3523 2099 
17800 3519 2498 
17850 3508 2848 
17900 3530 3148 
17950 3517 3313 
18000 3504 3410 
18050 3322 2194 
18100 3409 1167 
18150 3471 616 
18200 3487 250 
18250 3511 101 
18300 3515 36 
18350 3518 15 
18400 3520 8 
18450 3522 10 
18500 3512 5 
18550 3529 0 
18600 3501 32 
18650 3378 154 
18700 3395 599 
18750 3364 1162 
18800 3370 1580 
18850 3420 1930 
18900 3451 2254 
18950 3482 2539 
19000 3499 2804 
19050 3314 2148 
19100 3401 1320 
19150 3476 722 
19200 3494 377 
19250 3527 146 
19300 3526 56 
19350 3536 18 
19400 3541 11 
19450 3512 6 
19500 3532 6 
19550 3542 212 
19600 3534 752 
19650 3527 1282 
19700 3518 1724 
19750 3497 2091 
19800 3491 2397 
19850 3507 2682 
19900 3500 2867 
19950 3510 3035 
20000 3495 3172 
20050 3263 2354 
20100 3346 1440 
20150 3429 862 
20200 3464 483 
20250 3475 280 
20300 3520 186 
20350 3501 101 
20400 3512 30 
20450 3520 9 
20500 3523 4 
20550 3513 278 
20600 3512 885 
20650 3513 1335 
20700 3496 1723 
20750 3501 2144 
20800 3485 2466 
20850 3510 2771 
20900 3529 3010 
20950 3504 3180 
21000 3496 3323 
21050 3241 2421 
21100 3260 1624 
21150 3304 1062 
21200 3406 776 
21250 3451 559 
21300 3486 371 
21350 3477 209 
21400 3482 110 
21450 3493 47 
21500 3545 14 
21550 3526 180 
21600 3521 914 
21650 3536 1549 
21700 3498 1923 
21750 3516 2317 
21800 3536 2675 
21850 3524 2867 
21900 3517 3017 
21950 3517 3151 
22000 3528 3265 
22050 3295 2392 
22100 3392 1396 
22150 3472 735 
22200 3534 335 
22250 3521 142 
22300 3535 70 
22350 3528 33 
22400 3521 15 
22450 3526 25 
22500 3534 23 
22550 3522 428 
22600 3519 1148 
22650 3511 1708 
22700 3513 2123 
22750 3519 2448 
22800 3489 2700 
22850 3524 2974 
22900 3525 3158 
22950 3522 3331 
23000 3525 3465 
23050 3255 2414 
23100 3355 1513 
23150 3377 947 
23200 3434 637 
23250 3496 473 
23300 3493 295 
23350 3506 162 
23400 3520 99 
23450 3531 45 
23500 3532 17 
23550 3534 331 
23600 3530 913 
23650 3551 1362 
23700 3511 1701 
23750 3514 2045 
23800 3506 2402 
23850 3502 2707 
23900 3504 2999 
23950 3486 3145 
24000 3520 3279 
24050 3241 2428 
24100 3302 1661 
24150 3299 1141 
24200 3393 786 
24250 3463 555 
24300 3479 351 
24350 3494 143 
24400 3516 48 
24450 3506 16 
24500 3503 11 
24550 3508 402 
24600 3523 916 
24650 3501 1346 
24700 3529 1743 
24750 3502 2097 
24800 3528 2468 
24850 3520 2758 
24900 3515 2929 
24950 3513 3100 
25000 3533 3265 
25050 3256 2354 
25100 3313 1580 
25150 3403 992 
25200 3389 606 
25250 3450 433 
25300 3472 287 
25350 3487 173 
25400 3484 92 
25450 3497 55 
25500 3509 20 
25550 3515 4 
25600 3524 265 
25650 3524 864 
25700 3521 1356 
25750 3520 1803 
25800 3517 2128 
25850 3524 2513 
25900 3507 2798 
25950 3539 3066 
26000 3489 3200 
26050 3189 2415 
26100 3233 1814 
26150 3249 1323 
26200 3361 1065 
26250 3358 805 
26300 3376 556 
26350 3430 391 
26400 3454 242 
26450 3486 138 
26500 3512 72 
26550 3509 37 
26600 3520 17 
26650 3527 24 
26700 3516 692 
26750 3508 1234 
26800 3526 1734 
26850 3515 2147 
26900 3518 2503 
26950 3516 2809 
27000 3522 3066 
27050 3324 2224 
27100 3381 1387 
27150 3432 899 
27200 3482 518 
27250 3493 273 
27300 3519 140 
27350 3502 63 
27400 3508 23 
27450 3526 7 
27500 3523 4 
27550 3518 282 
27600 3510 822 
27650 3511 1306 
27700 3516 1722 
27750 3526 2127 
27800 3527 2442 
27850 3500 2706 
27900 3511 2953 
27950 3523 3154 
28000 3509 3259 
28050 3270 2347 
28100 3323 1423 
28150 3412 871 
28200 3461 474 
28250 3502 252 
28300 3498 131 
28350 3527 56 
28400 3510 18 
28450 3508 8 
28500 3522 5 
28550 3531 7 
28600 3530 599 
28650 3535 1101 
28700 3540 1532 
28750 3531 1908 
28800 3518 2199 
28850 3544 2512 
28900 3543 2741 
28950 3545 2937 
29000 3537 3084 
29050 3283 2224 
29100 3366 1409 
29150 3417 869 
29200 3433 480 
29250 3497 269 
29300 3515 172 
29350 3520 79 
29400 3535 30 
29450 3517 14 
29500 3533 10 
29550 3504 203 
29600 3518 820 
29650 3520 1366 
29700 3528 1811 
29750 3526 2187 
29800 3508 2462 
29850 3530 2736 
29900 3537 2956 
29950 3517 3107 
30000 3536 3258 
30050 3285 2332 
30100 3379 1429 
30150 3435 814 
30200 3445 438 
30250 3468 247 
30300 3503 164 
30350 3512 71 
30400 3498 24 
30450 3515 8 
30500 3512 8 
30550 3522 2 
30600 3523 594 
30650 3525 1100 
30700 3517 1482 
30750 3531 1858 
30800 3530 2191 
30850 3515 2455 
30900 3524 2717 
30950 3518 2890 
31000 3512 3042 
31050 3336 2230 
31100 3425 1343 
31150 3486 719 
31200 3505 351 
31250 3512 174 
31300 3500 91 
31350 3511 52 
31400 3518 14 
31450 3510 10 
31500 3533 8 
31550 3523 387 
31600 3513 928 
31650 3539 1424 
31700 3524 1816 
31750 3535 2159 
31800 3531 2480 
31850 3530 2794 
31900 3539 3060 
31950 3537 3221 
32000 3529 3332 
32050 3226 2339 
32100 3334 1363 
32150 3455 768 
32200 3484 405 
32250 3495 205 
32300 3511 104 
32350 3523 53 
32400 3530 17 
32450 3528 3 
32500 3534 6 
32550 3514 245 
32600 3530 821 
32650 3533 1290 
32700 3504 1644 
32750 3521 2037 
32800 3523 2406 
32850 3538 2691 
32900 3515 2885 
32950 3506 3025 
33000 3528 3183 
33050 3270 2343 
33100 3386 1470 
33150 3429 882 
33200 3450 524 
33250 3498 285 
33300 3530 159 
33350 3525 72 
33400 3534 22 
33450 3538 18 
33500 3537 9 
33550 3519 147 
33600 3525 723 
33650 3524 1163 
33700 3520 1578 
33750 3520 1938 
33800 3516 2252 
33850 3519 2589 
33900 3523 2824 
33950 3528 3029 
34000 3540 3215 
34050 3334 2234 
34100 3423 1225 
34150 3441 695 
34200 3490 393 
34250 3507 207 
34300 3543 101 
34350 3514 46 
34400 3534 29 
34450 3528 11 
34500 3514 10 
34550 3509 639 
34600 3524 1442 
34650 3518 2053 
34700 3520 2528 
34750 3511 2888 
34800 3525 3173 
34850 3526 3355 
34900 3509 3408 
34950 3531 3468 
35000 3531 3489 
35050 3328 2251 
35100 3432 1180 
35150 3487 651 
35200 3497 333 
35250 3514 159 
35300 3520 84 
35350 3518 29 
35400 3523 13 
35450 3519 5 
35500 3523 4 
35550 3523 567 
35600 3533 1244 
35650 3544 1728 
35700 3523 2111 
35750 3532 2456 
35800 3529 2727 
35850 3538 2971 
35900 3524 3174 
35950 3537 3322 
36000 3550 3399 
36050 3388 2151 
36100 3452 1041 
36150 3510 418 
36200 3524 168 
36250 3523 51 
36300 3528 11 
36350 3521 4 
36400 3519 7 
36450 3513 5 
36500 3520 3 
36550 3529 139 
36600 3527 754 
36650 3512 1266 
36700 3523 1699 
36750 3521 2092 
36800 3521 2442 
36850 3530 2719 
36900 3524 2937 
36950 3523 3096 
37000 3524 3251 
37050 3322 2191 
37100 3440 1258 
37150 3475 702 
37200 3493 299 
37250 3513 76 
37300 3497 20 
37350 3530 5 
37400 3533 3 
37450 3521 1 
37500 3515 4 
37550 3522 30 
37600 3524 684 
37650 3507 1171 
37700 3532 1612 
37750 3524 1944 
37800 3519 2277 
37850 3517 2533 
37900 3534 2764 
37950 3518 2950 
38000 3522 3120 
38050 3316 2214 
38100 3402 1390 
38150 3449 826 
38200 3481 449 
38250 3505 209 
38300 3540 111 
38350 3527 42 
38400 3528 26 
38450 3528 14 
38500 3547 12 
38550 3519 202 
38600 3499 773 
38650 3503 1240 
38700 3520 1679 
38750 3518 2058 
38800 3531 2401 
38850 3519 2674 
38900 3517 2896 
38950 3520 3109 
39000 3518 3252 
39050 3244 2406 
39100 3349 1535 
39150 3430 945 
39200 3476 517 
39250 3506 237 
39300 3526 96 
39350 3541 22 
39400 3535 4 
39450 3539 1 
39500 3494 5 
39550 3501 425 
39600 3500 957 
39650 3516 1457 
39700 3514 1876 
39750 3517 2202 
39800 3514 2501 
39850 3519 2742 
39900 3519 2986 
39950 3534 3200 
40000 3538 3342 
40050 3282 2333 
40100 3396 1353 
40150 3438 773 
40200 3468 461 
40250 3504 259 
40300 3506 143 
40350 3527 77 
40400 3525 41 
40450 3540 18 
40500 3531 16 
40550 3509 295 
40600 3508 861 
40650 3510 1397 
40700 3513 1829 
40750 3534 2209 
40800 3510 2500 
40850 3519 2775 
40900 3508 2968 
40950 3519 3145 
41000 3527 3262 
41050 3258 2391 
41100 3340 1611 
41150 3401 977 
41200 3417 504 
41250 3514 320 
41300 3520 156 
41350 3527 57 
41400 3535 20 
41450 3523 12 
41500 3529 9 
41550 3516 377 
41600 3512 961 
41650 3503 1401 
41700 3492 1783 
41750 3480 2144 
41800 3455 2436 
41850 3453 2786 
41900 3485 3039 
41950 3509 3233 
42000 3515 3342 
42050 3271 2216 
42100 3403 1216 
42150 3441 663 
42200 3443 324 
42250 3465 150 
42300 3515 74 
42350 3518 30 
42400 3538 5 
42450 3532 1 
42500 3521 3 
42550 3530 383 
42600 3527 1113 
42650 3532 1653 
42700 3543 2118 
42750 3521 2548 
42800 3526 2904 
42850 3537 3123 
42900 3547 3284 
42950 3528 3381 
43000 3527 3462 
43050 3267 2214 
43100 3345 1213 
43150 3475 784 
43200 3500 485 
43250 3499 221 
43300 3494 101 
43350 3524 49 
43400 3532 15 
43450 3514 1 
43500 3518 5 
43550 3508 23 
43600 3472 931 
43650 3482 1627 
43700 3498 2077 
43750 3517 2476 
43800 3525 2800 
43850 3538 3039 
43900 3534 3198 
43950 3532 3329 
44000 3532 3450 
44050 3296 2025 
44100 3414 1038 
44150 3479 446 
44200 3496 174 
44250 3530 46 
44300 3528 9 
44350 3524 4 
44400 3529 4 
44450 3542 4 
44500 3528 5 
44550 3512 97 
44600 3448 899 
44650 3433 1493 
44700 3436 2029 
44750 3479 2480 
44800 3512 2759 
44850 3532 2997 
44900 3554 3190 
44950 3545 3323 
45000 3546 3406 
45050 3289 2018 
45100 3385 998 
45150 3459 455 
45200 3499 222 
45250 3494 95 
45300 3524 32 
45350 3503 8 
45400 3531 7 
45450 3537 3 
45500 3533 3 
45550 3518 8 
45600 3423 800 
45650 3349 1506 
45700 3314 2103 
45750 3304 2569 
45800 3285 2937 
45850 3311 3230 
45900 3347 3374 
45950 3367 3450 
46000 3424 3511 
46050 3274 2001 
46100 3377 959 
46150 3417 418 
46200 3474 197 
46250 3516 87 
46300 3519 36 
46350 3537 11 
46400 3531 7 
46450 3539 14 
46500 3531 6 
46550 3538 287 
46600 3549 1010 
46650 3542 1586 
46700 3543 2082 
46750 3539 2533 
46800 3533 2913 
46850 3554 3191 
46900 3515 3349 
46950 3542 3456 
47000 3542 3509 
47050 3349 2026 
47100 3447 941 
47150 3496 378 
47200 3493 138 
47250 3524 47 
47300 3514 12 
47350 3535 4 
47400 3525 8 
47450 3545 3 
47500 3531 8 
47550 3539 579 
47600 3533 1220 
47650 3538 1691 
47700 3540 2154 
47750 3542 2536 
47800 3525 2836 
47850 3524 3113 
47900 3539 3294 
47950 3550 3404 
48000 3528 3458 
48050 3264 2209 
48100 3373 1236 
48150 3511 759 
48200 3512 420 
48250 3515 190 
48300 3533 89 
48350 3525 27 
48400 3530 22 
48450 3536 17 
48500 3535 14 
48550 3534 399 
48600 3524 1306 
48650 3546 2008 
48700 3539 2440 
48750 3546 2794 
48800 3525 3018 
48850 3538 3242 
48900 3540 3412 
48950 3534 3490 
49000 3536 3522 
49050 3332 1908 
49100 3431 881 
49150 3483 397 
49200 3530 200 
49250 3536 67 
49300 3533 11 
49350 3536 21 
49400 3525 6 
49450 3533 7 
49500 3536 4 
49550 3530 664 
49600 3541 1374 
49650 3532 1938 
49700 3526 2408 
49750 3542 2853 
49800 3538 3055 
49850 3538 3262 
49900 3525 3386 
49950 3533 3459 
50000 3537 3516 
50050 3345 2030 
50100 3471 815 
50150 3486 314 
50200 3511 135 
50250 3521 27 
50300 3528 9 
50350 3516 2 
50400 3524 1 
50450 3544 4 
50500 3543 3 
50550 3515 367 
50600 3532 1096 
50650 3528 1713 
50700 3533 2248 
50750 3541 2708 
50800 3516 2977 
50850 3525 3213 
50900 3525 3339 
50950 3531 3461 
51000 3516 3496 
51050 3262 2144 
51100 3362 1131 
51150 3460 691 
51200 3491 390 
51250 3488 180 
51300 3515 63 
51350 3529 18 
51400 3543 4 
51450 3521 5 
51500 3545 1 
51550 3536 206 
51600 3538 1048 
51650 3517 1738 
51700 3504 2267 
51750 3533 2813 
51800 3524 3182 
51850 3546 3391 
51900 3551 3499 
51950 3517 3482 
52000 3529 3513 
52050 3368 2013 
52100 3433 863 
52150 3489 370 
52200 3499 179 
52250 3526 54 
52300 3511 16 
52350 3531 7 
52400 3513 8 
52450 3543 5 
52500 3526 1 
52550 3534 13 
52600 3532 837 
52650 3545 1386 
52700 3513 1884 
52750 3527 2415 
52800 3532 2835 
52850 3540 3131 
52900 3537 3338 
52950 3545 3469 
53000 3535 3497 
53050 3321 2033 
53100 3419 1047 
53150 3455 475 
53200 3483 241 
53250 3533 85 
53300 3534 24 
53350 3529 1 
53400 3551 4 
53450 3522 1 
53500 3524 3 
53550 3540 143 
53600 3523 911 
53650 3535 1520 
53700 3530 2026 
53750 3522 2475 
53800 3535 2831 
53850 3531 3063 
53900 3524 3218 
53950 3539 3407 
54000 3539 3501 
54050 3275 2069 
54100 3398 1012 
54150 3481 421 
54200 3497 182 
54250 3532 58 
54300 3551 15 
54350 3526 8 
54400 3550 4 
54450 3533 5 
54500 3524 6 
54550 3500 436 
54600 3531 1407 
54650 3531 2126 
54700 3538 2687 
54750 3515 3018 
54800 3527 3261 
54850 3529 3369 
54900 3541 3456 
54950 3537 3487 
55000 3544 3523 
55050 3371 1960 
55100 3494 868 
55150 3517 272 
55200 3520 81 
55250 3524 15 
55300 3535 6 
55350 3528 4 
55400 3532 12 
55450 3531 10 
55500 3533 4 
55550 3535 569 
55600 3533 1248 
55650 3537 1832 
55700 3541 2301 
55750 3536 2637 
55800 3545 2939 
55850 3528 3146 
55900 3527 3342 
55950 3533 3436 
56000 3538 3513 
56050 3299 2040 
56100 3424 966 
56150 3490 406 
56200 3497 173 
56250 3525 43 
56300 3516 8 
56350 3537 4 
56400 3545 12 
56450 3540 8 
56500 3517 7 
56550 3517 19 
56600 3447 789 
56650 3460 1512 
56700 3477 1994 
56750 3510 2415 
56800 3537 2775 
56850 3520 3029 
56900 3525 3262 
56950 3530 3382 
57000 3542 3479 
57050 3289 2097 
57100 3393 1120 
57150 3492 593 
57200 3514 307 
57250 3518 128 
57300 3527 48 
57350 3539 10 
57400 3531 2 
57450 3544 5 
57500 3518 8 
57550 3541 624 
57600 3517 1200 
57650 3539 1722 
57700 3537 2153 
57750 3543 2617 
57800 3552 2999 
57850 3518 3201 
57900 3528 3337 
57950 3533 3443 
58000 3546 3518 
58050 3327 2014 
58100 3462 845 
58150 3508 275 
58200 3535 101 
58250 3526 24 
58300 3540 1 
58350 3548 4 
58400 3538 3 
58450 3532 5 
58500 3523 7 
58550 3526 419 
58600 3519 1178 
58650 3533 1795 
58700 3536 2348 
58750 3538 2764 
58800 3537 3046 
58850 3530 3247 
58900 3532 3390 
58950 3526 3460 
59000 3537 3513 
59050 3253 2244 
59100 3336 1421 
59150 3481 974 
59200 3481 564 
59250 3492 315 
59300 3496 137 
59350 3529 42 
59400 3544 15 
59450 3531 17 
59500 3528 8 
59550 3527 644 
59600 3521 1618 
59650 3540 2395 
59700 3532 2932 
59750 3530 3262 
59800 3506 3400 
59850 3535 3518 
59900 3506 3512 
59950 3520 3521 
60000 3520 3518 
60050 3202 2425 
60100 3394 1891 
60150 3413 1324 
60200 3416 936 
60250 3460 670 
60300 3505 478 
60350 3516 320 
60400 3536 180 
60450 3525 86 
60500 3512 33 
60550 3520 218 
60600 3544 979 
60650 3528 1521 
60700 3527 2024 
60750 3517 2483 
60800 3516 2849 
60850 3538 3153 
60900 3532 3328 
60950 3533 3439 
61000 3531 3493 
61050 3310 2149 
61100 3396 1094 
61150 3473 467 
61200 3499 198 
61250 3523 48 
61300 3531 17 
61350 3536 2 
61400 3540 3 
61450 3503 4 
61500 3526 1 
61550 3521 259 
61600 3527 1158 
61650 3521 1706 
61700 3496 2110 
61750 3521 2458 
61800 3533 2746 
61850 3533 3002 
61900 3505 3225 
61950 3530 3398 
62000 3510 3471 
62050 3275 2066 
62100 3417 1054 
62150 3508 508 
62200 3523 219 
62250 3524 72 
62300 3532 23 
62350 3529 5 
62400 3511 5 
62450 3530 6 
62500 3541 4 
62550 3508 11 
62600 3474 631 
62650 3433 1292 
62700 3433 1838 
62750 3447 2349 
62800 3480 2731 
62850 3506 3005 
62900 3528 3245 
62950 3542 3393 
63000 3527 3472 
63050 3233 2210 
63100 3314 1205 
63150 3420 739 
63200 3464 384 
63250 3496 166 
63300 3509 61 
63350 3530 18 
63400 3528 4 
63450 3529 1 
63500 3538 1 
63550 3541 414 
63600 3538 1055 
63650 3521 1589 
63700 3550 2112 
63750 3525 2495 
63800 3532 2848 
63850 3532 3049 
63900 3540 3230 
63950 3537 3374 
64000 3511 3452 
64050 3258 2243 
64100 3360 1306 
64150 3507 831 
64200 3524 430 
64250 3519 175 
64300 3499 69 
64350 3539 29 
64400 3528 13 
64450 3525 8 
64500 3503 12 
64550 3496 228 
64600 3504 976 
64650 3511 1551 
64700 3513 2032 
64750 3512 2462 
64800 3518 2821 
64850 3529 3098 
64900 3517 3246 
64950 3526 3398 
65000 3551 3463 
65050 3313 2192 
65100 3403 1266 
65150 3483 708 
65200 3515 413 
65250 3521 173 
65300 3533 68 
65350 3547 20 
65400 3529 5 
65450 3544 7 
65500 3537 2 
65550 3539 296 
65600 3532 985 
65650 3531 1613 
65700 3540 2100 
65750 3525 2474 
65800 3523 2805 
65850 3511 3058 
65900 3527 3258 
65950 3524 3377 
66000 3541 3470 
66050 3271 2328 
66100 3358 1471 
66150 3453 1033 
66200 3491 591 
66250 3497 261 
66300 3508 100 
66350 3532 24 
66400 3533 8 
66450 3538 5 
66500 3524 6 
66550 3534 1 
66600 3531 575 
66650 3537 1238 
66700 3517 1759 
66750 3520 2223 
66800 3514 2631 
66850 3523 2947 
66900 3526 3168 
66950 3529 3329 
67000 3535 3450 
67050 3315 2158 
67100 3388 1133 
67150 3503 515 
67200 3524 235 
67250 3526 64 
67300 3542 11 
67350 3542 7 
67400 3516 1 
67450 3527 0 
67500 3530 1 
67550 3539 0 
67600 3525 0 
67650 3525 277 
67700 3533 1025 
67750 3531 1571 
67800 3528 2100 
67850 3524 2496 
67900 3500 2812 
67950 3519 3123 
68000 3536 3354 
68050 3287 2091 
68100 3423 1041 
68150 3472 479 
68200 3515 224 
68250 3517 99 
68300 3538 30 
68350 3507 10 
68400 3525 3 
68450 3547 1 
68500 3521 0 
68550 3514 630 
68600 3503 1265 
68650 3499 1758 
68700 3524 2219 
68750 3521 2598 
68800 3517 2883 
68850 3522 3113 
68900 3529 3306 
68950 3534 3400 
69000 3519 3466 
69050 3308 2104 
69100 3405 1108 
69150 3486 579 
69200 3517 309 
69250 3535 114 
69300 3531 32 
69350 3552 14 
69400 3535 1 
69450 3526 3 
69500 3548 0 
69550 3529 0 
69600 3530 358 
69650 3533 1294 
69700 3532 1856 
69750 3521 2263 
69800 3530 2541 
69850 3514 2848 
69900 3522 3129 
69950 3538 3358 
70000 3525 3482 
70050 3231 2258 
70100 3310 1455 
70150 3436 1071 
70200 3435 751 
70250 3476 470 
70300 3488 240 
70350 3497 114 
70400 3526 42 
70450 3510 38 
70500 3523 36 
70550 3527 6 
70600 3505 646 
70650 3513 1320 
70700 3516 1866 
70750 3534 2365 
70800 3525 2755 
70850 3518 3012 
70900 3522 3188 
70950 3536 3351 
71000 3514 3418 
71050 3283 2122 
71100 3341 1192 
71150 3444 717 
71200 3503 475 
71250 3522 308 
71300 3527 192 
71350 3518 118 
71400 3517 76 
71450 3525 39 
71500 3533 11 
71550 3526 535 
71600 3519 1186 
71650 3511 1743 
71700 3526 2171 
71750 3512 2556 
71800 3524 2896 
71850 3532 3122 
71900 3530 3304 
71950 3526 3417 
72000 3521 3480 
72050 3331 2128 
72100 3433 1074 
72150 3483 538 
72200 3511 278 
72250 3529 115 
72300 3512 53 
72350 3529 36 
72400 3537 24 
72450 3530 21 
72500 3542 21 
72550 3487 219 
72600 3497 898 
72650 3502 1482 
72700 3510 1938 
72750 3506 2362 
72800 3521 2765 
72850 3532 3006 
72900 3514 3187 
72950 3517 3308 
73000 3512 3387 
73050 3279 2151 
73100 3417 1054 
73150 3489 534 
73200 3488 243 
73250 3520 55 
73300 3526 11 
73350 3533 5 
73400 3543 4 
73450 3523 4 
73500 3536 2 
73550 3517 321 
73600 3517 1073 
73650 3532 1669 
73700 3527 2179 
73750 3523 2615 
73800 3526 2934 
73850 3531 3177 
73900 3529 3342 
73950 3532 3463 
74000 3539 3527 
74050 3311 2099 
74100 3406 1140 
74150 3470 615 
74200 3502 360 
74250 3494 193 
74300 3528 95 
74350 3528 34 
74400 3516 14 
74450 3538 3 
74500 3520 1 
74550 3534 620 
74600 3546 1276 
74650 3518 1844 
74700 3523 2351 
74750 3530 2778 
74800 3525 3097 
74850 3533 3327 
74900 3524 3435 
74950 3516 3492 
75000 3531 3506 
75050 3326 2028 
75100 3429 925 
75150 3484 422 
75200 3479 213 
75250 3531 99 
75300 3527 37 
75350 3541 9 
75400 3536 8 
75450 3517 3 
75500 3531 4 
75550 3532 784 
75600 3526 1420 
75650 3546 1978 
75700 3535 2397 
75750 3530 2764 
75800 3523 3030 
75850 3546 3254 
75900 3525 3400 
75950 3541 3515 
76000 3530 3518 
76050 3286 2120 
76100 3378 1064 
76150 3504 533 
76200 3505 236 
76250 3520 84 
76300 3545 20 
76350 3529 6 
76400 3527 4 
76450 3530 6 
76500 3531 14 
76550 3527 36 
76600 3540 718 
76650 3521 1368 
76700 3527 1997 
76750 3543 2503 
76800 3551 2851 
76850 3558 3125 
76900 3563 3329 
76950 3555 3434 
77000 3539 3463 
77050 3399 1837 
77100 3501 728 
77150 3532 261 
77200 3548 92 
77250 3547 38 
77300 3554 7 
77350 3546 1 
77400 3550 8 
77450 3541 3 
77500 3542 2 
77550 3546 467 
77600 3543 1160 
77650 3551 1734 
77700 3547 2209 
77750 3551 2610 
77800 3558 2998 
77850 3544 3192 
77900 3543 3332 
77950 3543 3428 
78000 3545 3482 
78050 3387 1972 
78100 3485 885 
78150 3510 351 
78200 3540 141 
78250 3542 45 
78300 3549 12 
78350 3530 8 
78400 3551 7 
78450 3541 7 
78500 3546 1 
78550 3550 479 
78600 3560 1321 
78650 3557 1992 
78700 3555 2397 
78750 3553 2706 
78800 3551 2935 
78850 3556 3183 
78900 3554 3334 
78950 3549 3424 
79000 3552 3482 
79050 3371 1889 
79100 3490 770 
79150 3513 292 
79200 3556 99 
79250 3533 30 
79300 3559 8 
79350 3558 0 
79400 3554 6 
79450 3553 2 
79500 3541 1 
79550 3552 96 
79600 3556 1277 
79650 3555 2067 
79700 3562 2603 
79750 3552 2963 
79800 3568 3206 
79850 3568 3343 
79900 3553 3405 
79950 3568 3497 
80000 3562 3525 
80050 3378 1927 
80100 3485 782 
80150 3510 249 
80200 3521 97 
80250 3540 47 
80300 3547 15 
80350 3550 12 
80400 3552 2 
80450 3554 6 
80500 3561 4 
80550 3560 621 
80600 3554 1310 
80650 3553 1848 
80700 3541 2335 
80750 3533 2760 
80800 3546 3064 
80850 3562 3227 
80900 3545 3330 
80950 3549 3426 
81000 3545 3478 
81050 3355 1997 
81100 3475 921 
81150 3505 372 
81200 3527 214 
81250 3531 105 
81300 3546 39 
81350 3545 9 
81400 3540 2 
81450 3555 2 
81500 3549 2 
81550 3543 396 
81600 3549 1121 
81650 3546 1724 
81700 3545 2324 
81750 3539 2859 
81800 3536 3175 
81850 3555 3391 
81900 3527 3466 
81950 3546 3520 
82000 3530 3506 
82050 3357 2035 
82100 3477 945 
82150 3527 396 
82200 3531 139 
82250 3538 42 
82300 3549 14 
82350 3558 5 
82400 3564 4 
82450 3548 6 
82500 3557 5 
82550 3553 285 
82600 3547 1272 
82650 3532 1995 
82700 3554 2522 
82750 3542 2917 
82800 3522 3196 
82850 3525 3362 
82900 3539 3478 
82950 3537 3525 
83000 3531 3519 
83050 3289 2105 
83100 3407 1133 
83150 3490 707 
83200 3540 453 
83250 3542 278 
83300 3533 150 
83350 3539 87 
83400 3551 24 
83450 3544 3 
83500 3552 1 
83550 3534 216 
83600 3541 1160 
83650 3535 1928 
83700 3528 2474 
83750 3540 2918 
83800 3533 3221 
83850 3529 3406 
83900 3524 3469 
83950 3529 3523 
84000 3546 3551 
84050 3207 2523 
84100 3442 1983 
84150 3454 1379 
84200 3467 837 
84250 3467 453 
84300 3509 255 
84350 3538 134 
84400 3548 34 
84450 3542 12 
84500 3534 6 
84550 3522 677 
84600 3522 1255 
84650 3540 1783 
84700 3531 2265 
84750 3545 2615 
84800 3520 2912 
84850 3530 3173 
84900 3541 3375 
84950 3550 3469 
85000 3532 3497 
85050 3275 2161 
85100 3396 1080 
85150 3478 611 
85200 3527 328 
85250 3512 139 
85300 3530 57 
85350 3528 16 
85400 3558 10 
85450 3545 5 
85500 3547 5 
85550 3536 233 
85600 3539 1010 
85650 3524 1707 
85700 3515 2267 
85750 3524 2787 
85800 3552 3148 
85850 3534 3339 
85900 3541 3462 
85950 3549 3527 
86000 3554 3539 
86050 3308 2279 
86100 3402 1175 
86150 3518 679 
86200 3492 369 
86250 3519 180 
86300 3525 64 
86350 3531 15 
86400 3535 2 
86450 3537 4 
86500 3530 7 
86550 3549 704 
86600 3545 1436 
86650 3547 1980 
86700 3551 2495 
86750 3547 2933 
86800 3533 3264 
86850 3532 3453 
86900 3548 3509 
86950 3540 3529 
87000 3535 3513 
87050 3286 2102 
87100 3375 1118 
87150 3489 601 
87200 3533 293 
87250 3541 103 
87300 3536 29 
87350 3543 22 
87400 3539 9 
87450 3532 8 
87500 3533 10 
87550 3545 621 
87600 3549 1268 
87650 3548 1819 
87700 3536 2264 
87750 3536 2684 
87800 3535 3020 
87850 3547 3238 
87900 3540 3365 
87950 3533 3453 
88000 3545 3513 
88050 3347 2005 
88100 3459 904 
88150 3488 390 
88200 3522 187 
88250 3531 67 
88300 3523 14 
88350 3532 14 
88400 3523 13 
88450 3520 12 
88500 3541 13 
88550 3531 609 
88600 3527 1401 
88650 3533 1954 
88700 3526 2453 
88750 3524 2828 
88800 3549 3139 
88850 3543 3291 
88900 3542 3393 
88950 3546 3495 
89000 3526 3521 
89050 3280 2355 
89100 3452 1425 
89150 3505 868 
89200 3486 539 
89250 3519 331 
89300 3545 184 
89350 3527 88 
89400 3552 33 
89450 3538 11 
89500 3555 6 
89550 3539 600 
89600 3546 1415 
89650 3540 1941 
89700 3538 2335 
89750 3516 2651 
89800 3536 3022 
89850 3524 3264 
89900 3554 3423 
89950 3547 3491 
90000 3531 3510 
90050 3236 2156 
90100 3346 1263 
90150 3464 847 
90200 3503 502 
90250 3499 255 
90300 3536 103 
90350 3535 25 
90400 3555 6 
90450 3532 2 
90500 3544 8 
90550 3536 484 
90600 3536 1155 
90650 3543 1687 
90700 3545 2141 
90750 3563 2607 
90800 3538 2937 
90850 3549 3158 
90900 3533 3308 
90950 3534 3391 
91000 3537 3469 
91050 3346 2015 
91100 3483 834 
91150 3514 330 
91200 3536 100 
91250 3529 18 
91300 3525 7 
91350 3527 11 
91400 3527 0 
91450 3548 6 
91500 3538 7 
91550 3525 589 
91600 3536 1453 
91650 3525 2169 
91700 3523 2594 
91750 3547 2929 
91800 3528 3155 
91850 3531 3309 
91900 3529 3431 
91950 3541 3493 
92000 3528 3503 
92050 3217 2217 
92100 3352 1206 
92150 3466 748 
92200 3514 354 
92250 3527 137 
92300 3534 55 
92350 3549 23 
92400 3521 23 
92450 3533 15 
92500 3537 22 
92550 3524 334 
92600 3519 1118 
92650 3533 1821 
92700 3537 2373 
92750 3524 2779 
92800 3539 3095 
92850 3539 3310 
92900 3529 3434 
92950 3536 3483 
93000 3527 3504 
93050 3331 1910 
93100 3405 917 
93150 3477 454 
93200 3501 247 
93250 3532 99 
93300 3541 32 
93350 3526 10 
93400 3532 9 
93450 3547 4 
93500 3542 5 
93550 3548 761 
93600 3539 1609 
93650 3534 2221 
93700 3532 2597 
93750 3518 2933 
93800 3524 3239 
93850 3519 3428 
93900 3537 3508 
93950 3546 3535 
94000 3550 3516 
94050 3338 2039 
94100 3430 1011 
94150 3499 477 
94200 3512 207 
94250 3538 45 
94300 3535 8 
94350 3533 8 
94400 3520 9 
94450 3545 13 
94500 3539 10 
94550 3517 376 
94600 3478 1147 
94650 3475 1740 
94700 3475 2241 
94750 3464 2669 
94800 3509 3019 
94850 3512 3207 
94900 3510 3338 
94950 3518 3444 
95000 3534 3493 
95050 3298 2154 
95100 3396 1066 
95150 3485 489 
95200 3507 203 
95250 3531 59 
95300 3532 11 
95350 3528 4 
95400 3530 4 
95450 3529 2 
95500 3539 2 
95550 3539 6 
95600 3539 836 
95650 3522 1419 
95700 3508 1903 
95750 3518 2304 
95800 3534 2747 
95850 3508 2996 
95900 3493 3167 
95950 3524 3328 
96000 3534 3428 
96050 3231 2265 
96100 3363 1223 
96150 3460 632 
96200 3511 291 
96250 3533 125 
96300 3547 52 
96350 3522 15 
96400 3519 4 
96450 3517 2 
96500 3526 4 
96550 3520 17 
96600 3523 857 
96650 3536 1478 
96700 3526 1945 
96750 3523 2379 
96800 3517 2754 
96850 3536 3070 
96900 3527 3312 
96950 3533 3406 
97000 3523 3454 
97050 3305 2021 
97100 3428 999 
97150 3519 381 
97200 3532 129 
97250 3539 28 
97300 3544 8 
97350 3516 3 
97400 3531 5 
97450 3523 2 
97500 3539 7 
97550 3527 1 
97600 3534 692 
97650 3552 1362 
97700 3530 1865 
97750 3539 2348 
97800 3530 2678 
97850 3524 2956 
97900 3526 3150 
97950 3543 3293 
98000 3522 3390 
98050 3338 2218 
98100 3409 1273 
98150 3472 734 
98200 3498 456 
98250 3528 203 
98300 3528 68 
98350 3533 24 
98400 3518 12 
98450 3529 9 
98500 3537 2 
98550 3513 1 
98600 3525 0 
98650 3478 215 
98700 3467 1097 
98750 3500 1674 
98800 3525 2162 
98850 3518 2545 
98900 3523 2839 
98950 3523 3088 
99000 3491 3252 
99050 3263 2237 
99100 3339 1383 
99150 3455 867 
99200 3504 590 
99250 3497 351 
99300 3479 181 
99350 3521 67 
99400 3531 21 
99450 3534 7 
99500 3536 10 
99550 3537 590 
99600 3523 1272 
99650 3532 1835 
99700 3551 2293 
99750 3530 2715 
99800 3531 3041 
99850 3531 3227 
99900 3542 3370 
99950 3535 3462 
100000 3546 3516 
100050 3287 2225 
100100 3387 1361 
100150 3485 1019 
100200 3508 721 
100250 3502 501 
100300 3512 302 
100350 3503 163 
100400 3534 65 
100450 3518 25 
100500 3528 9 
100550 3528 487 
100600 3526 1214 
100650 3530 1773 
100700 3541 2320 
100750 3523 2741 
100800 3534 3015 
100850 3543 3217 
100900 3543 3368 
100950 3530 3439 
101000 3544 3497 
101050 3281 2259 
101100 3392 1248 
101150 3502 788 
101200 3534 471 
101250 3547 247 
101300 3542 104 
101350 3548 47 
101400 3526 8 
101450 3551 3 
101500 3558 5 
101550 3549 694 
101600 3551 1331 
101650 3543 1912 
101700 3541 2413 
101750 3528 2850 
101800 3545 3179 
101850 3538 3352 
101900 3552 3445 
101950 3549 3525 
102000 3530 3518 
102050 3276 2208 
102100 3383 1213 
102150 3473 828 
102200 3482 487 
102250 3506 251 
102300 3516 116 
102350 3517 39 
102400 3523 10 
102450 3533 3 
102500 3537 3 
102550 3532 450 
102600 3541 1139 
102650 3543 1684 
102700 3538 2166 
102750 3538 2618 
102800 3531 2945 
102850 3544 3178 
102900 3536 3328 
102950 3546 3457 
103000 3529 3498 
103050 3374 2032 
103100 3466 972 
103150 3508 410 
103200 3527 155 
103250 3528 40 
103300 3531 12 
103350 3535 6 
103400 3537 8 
103450 3538 4 
103500 3552 3 
103550 3523 47 
103600 3463 841 
103650 3441 1491 
103700 3467 1977 
103750 3476 2430 
103800 3483 2771 
103850 3502 3024 
103900 3498 3168 
103950 3509 3300 
104000 3522 3414 
104050 3368 1983 
104100 3483 966 
104150 3497 410 
104200 3549 198 
104250 3534 88 
104300 3521 20 
104350 3535 5 
104400 3541 9 
104450 3566 6 
104500 3533 9 
104550 3543 479 
104600 3549 1145 
104650 3543 1776 
104700 3533 2295 
104750 3538 2757 
104800 3525 3047 
104850 3534 3246 
104900 3526 3337 
104950 3527 3408 
105000 3550 3495 
105050 3305 2058 
105100 3453 972 
105150 3501 410 
105200 3515 211 
105250 3533 78 
105300 3534 29 
105350 3551 7 
105400 3538 4 
105450 3539 11 
105500 3542 8 
105550 3542 170 
105600 3534 1008 
105650 3532 1667 
105700 3544 2214 
105750 3535 2584 
105800 3525 2927 
105850 3544 3156 
105900 3560 3344 
105950 3547 3426 
106000 3549 3504 
106050 3323 2176 
106100 3420 1146 
106150 3513 641 
106200 3515 254 
106250 3542 67 
106300 3551 18 
106350 3538 3 
106400 3534 4 
106450 3531 2 
106500 3544 1 
106550 3544 325 
106600 3538 1217 
106650 3547 1849 
106700 3549 2288 
106750 3546 2619 
106800 3549 2895 
106850 3539 3138 
106900 3541 3315 
106950 3537 3434 
107000 3546 3490 
107050 3301 2109 
107100 3413 1094 
107150 3479 605 
107200 3497 430 
107250 3534 270 
107300 3509 144 
107350 3538 58 
107400 3522 14 
107450 3527 4 
107500 3539 0 
107550 3543 204 
107600 3535 1189 
107650 3520 1780 
107700 3522 2257 
107750 3534 2613 
107800 3547 2884 
107850 3532 3099 
107900 3558 3282 
107950 3544 3381 
108000 3542 3480 
108050 3324 2159 
108100 3441 1109 
108150 3490 543 
108200 3531 238 
108250 3543 40 
108300 3533 13 
108350 3547 6 
108400 3561 5 
108450 3545 1 
108500 3548 2 
108550 3537 1 
108600 3551 437 
108650 3552 1231 
108700 3555 1841 
108750 3543 2355 
108800 3537 2715 
108850 3537 3021 
108900 3544 3272 
108950 3535 3406 
109000 3542 3481 
109050 3320 2079 
109100 3431 1023 
109150 3488 453 
109200 3524 190 
109250 3535 50 
109300 3554 13 
109350 3527 3 
109400 3542 4 
109450 3512 2 
109500 3526 4 
109550 3559 386 
109600 3551 1132 
109650 3543 1734 
109700 3550 2238 
109750 3526 2601 
109800 3537 2877 
109850 3521 3067 
109900 3523 3224 
109950 3524 3338 
110000 3516 3403 
110050 3225 2254 
110100 3333 1283 
110150 3453 852 
110200 3479 515 
110250 3475 275 
110300 3521 158 
110350 3525 48 
110400 3542 13 
110450 3525 4 
110500 3541 5 
110550 3548 317 
110600 3546 1298 
110650 3525 1996 
110700 3541 2493 
110750 3523 2827 
110800 3535 3100 
110850 3517 3306 
110900 3544 3449 
110950 3535 3499 
111000 3530 3535 
111050 3190 2413 
111100 3405 1845 
111150 3411 1331 
111200 3388 933 
111250 3419 626 
111300 3456 385 
111350 3496 197 
111400 3499 83 
111450 3506 36 
111500 3534 8 
111550 3546 599 
111600 3517 1384 
111650 3526 1940 
111700 3539 2391 
111750 3527 2719 
111800 3526 3000 
111850 3548 3187 
111900 3523 3319 
111950 3525 3443 
112000 3522 3503 
112050 3342 2127 
112100 3416 1227 
112150 3475 726 
112200 3516 443 
112250 3523 223 
112300 3509 84 
112350 3531 24 
112400 3506 1 
112450 3534 0 
112500 3538 0 
112550 3493 330 
112600 3495 1034 
112650 3495 1572 
112700 3513 2043 
112750 3507 2446 
112800 3531 2825 
112850 3514 3039 
112900 3522 3242 
112950 3525 3361 
113000 3525 3458 
113050 3282 2209 
113100 3351 1160 
113150 3465 695 
113200 3514 355 
113250 3504 144 
113300 3541 66 
113350 3510 24 
113400 3522 4 
113450 3524 1 
113500 3525 1 
113550 3524 1 
113600 3525 767 
113650 3529 1432 
113700 3528 1924 
113750 3534 2374 
113800 3541 2743 
113850 3537 3022 
113900 3548 3232 
113950 3533 3352 
114000 3532 3466 
114050 3359 1977 
114100 3454 923 
114150 3479 361 
114200 3516 143 
114250 3528 28 
114300 3531 5 
114350 3527 3 
114400 3521 1 
114450 3526 1 
114500 3539 0 
114550 3536 660 
114600 3528 1481 
114650 3540 2051 
114700 3548 2531 
114750 3538 2929 
114800 3540 3190 
114850 3537 3368 
114900 3549 3469 
114950 3527 3512 
115000 3530 3525 
115050 3346 1956 
115100 3410 1011 
115150 3469 502 
115200 3490 275 
115250 3518 93 
115300 3549 17 
115350 3539 8 
115400 3547 5 
115450 3531 4 
115500 3535 6 
115550 3523 426 
115600 3520 1316 
115650 3525 1885 
115700 3515 2345 
115750 3536 2704 
115800 3528 2931 
115850 3553 3120 
115900 3536 3260 
115950 3543 3368 
116000 3535 3437 
116050 3327 2012 
116100 3422 915 
116150 3481 386 
116200 3510 131 
116250 3515 34 
116300 3532 6 
116350 3526 4 
116400 3538 4 
116450 3533 2 
116500 3521 2 
116550 3520 550 
116600 3528 1291 
116650 3544 1860 
116700 3531 2310 
116750 3525 2661 
116800 3538 2963 
116850 3531 3153 
116900 3527 3290 
116950 3547 3409 
117000 3546 3475 
117050 3368 1952 
117100 3486 809 
117150 3516 267 
117200 3537 103 
117250 3550 33 
117300 3547 6 
117350 3550 4 
117400 3531 2 
117450 3542 3 
117500 3526 3 
117550 3536 539 
117600 3556 1233 
117650 3549 1725 
117700 3527 2147 
117750 3552 2634 
117800 3539 2928 
117850 3547 3175 
117900 3530 3333 
117950 3548 3445 
118000 3542 3490 
118050 3319 2122 
118100 3408 1187 
118150 3486 736 
118200 3510 510 
118250 3518 273 
118300 3533 107 
118350 3534 37 
118400 3539 14 
118450 3547 15 
118500 3555 14 
118550 3538 661 
118600 3527 1460 
118650 3534 2007 
118700 3527 2433 
118750 3535 2779 
118800 3530 3050 
118850 3545 3274 
118900 3545 3422 
118950 3530 3505 
119000 3540 3531 
119050 3241 2237 
119100 3347 1302 
119150 3487 953 
119200 3497 554 
119250 3501 262 
119300 3531 104 
119350 3554 28 
119400 3538 18 
119450 3537 8 
119500 3533 13 
119550 3531 359 
119600 3539 1069 
119650 3533 1652 
119700 3527 2168 
119750 3534 2622 
119800 3529 3031 
119850 3508 3267 
119900 3535 3415 
119950 3526 3487 
120000 3551 3532 
120050 3250 2351 
120100 3415 1478 
120150 3490 923 
120200 3501 608 
120250 3517 373 
120300 3494 216 
120350 3519 136 
120400 3548 85 
120450 3536 72 
120500 3537 70 
120550 3543 280 
120600 3541 999 
120650 3539 1601 
120700 3533 2048 
120750 3525 2453 
120800 3534 2845 
120850 3530 3112 
120900 3519 3307 
120950 3526 3433 
121000 3519 3510 
121050 3239 2329 
121100 3370 1521 
121150 3488 1161 
121200 3474 761 
121250 3472 441 
121300 3512 219 
121350 3526 98 
121400 3541 45 
121450 3531 17 
121500 3519 1 
121550 3538 396 
121600 3543 1056 
121650 3537 1582 
121700 3531 2032 
121750 3536 2506 
121800 3538 2834 
121850 3539 3103 
121900 3531 3275 
121950 3529 3365 
122000 3546 3451 
122050 3290 2217 
122100 3370 1244 
122150 3476 724 
122200 3500 431 
122250 3530 228 
122300 3511 103 
122350 3521 51 
122400 3540 17 
122450 3541 5 
122500 3543 3 
122550 3539 177 
122600 3529 1199 
122650 3528 1837 
122700 3547 2305 
122750 3530 2692 
122800 3546 3003 
122850 3538 3231 
122900 3542 3376 
122950 3535 3442 
123000 3539 3504 
123050 3323 2069 
123100 3443 1026 
123150 3487 537 
123200 3531 331 
123250 3514 176 
123300 3529 97 
123350 3510 42 
123400 3535 21 
123450 3538 10 
123500 3542 9 
123550 3539 654 
123600 3538 1423 
123650 3543 2033 
123700 3526 2514 
123750 3525 2902 
123800 3533 3217 
123850 3529 3382 
123900 3551 3511 
123950 3528 3506 
124000 3518 3513 
124050 3189 2219 
124100 3341 1389 
124150 3431 875 
124200 3427 510 
124250 3461 255 
124300 3529 103 
124350 3537 42 
124400 3536 24 
124450 3548 21 
124500 3551 13 
124550 3533 710 
124600 3535 1350 
124650 3539 1885 
124700 3528 2364 
124750 3527 2741 
124800 3522 3010 
124850 3534 3228 
124900 3525 3364 
124950 3534 3469 
125000 3532 3503 
125050 3314 2108 
125100 3442 1049 
125150 3477 494 
125200 3537 288 
125250 3535 96 
125300 3526 36 
125350 3527 19 
125400 3535 8 
125450 3559 12 
125500 3547 15 
125550 3538 536 
125600 3549 1192 
125650 3532 1771 
125700 3524 2305 
125750 3550 2753 
125800 3548 3097 
125850 3545 3335 
125900 3517 3436 
125950 3541 3512 
126000 3531 3513 
126050 3283 2106 
126100 3401 999 
126150 3505 523 
126200 3546 249 
126250 3514 80 
126300 3539 19 
126350 3544 25 
126400 3533 10 
126450 3525 18 
126500 3524 22 
126550 3533 511 
126600 3516 1169 
126650 3526 1770 
126700 3535 2340 
126750 3519 2827 
126800 3534 3252 
126850 3530 3442 
126900 3532 3521 
126950 3545 3529 
127000 3550 3537 
127050 3275 2177 
127100 3374 1210 
127150 3478 751 
127200 3472 393 
127250 3498 173 
127300 3518 76 
127350 3503 25 
127400 3523 7 
127450 3541 10 
127500 3541 6 
127550 3532 613 
127600 3541 1237 
127650 3543 1781 
127700 3544 2228 
127750 3531 2604 
127800 3534 2939 
127850 3531 3153 
127900 3514 3303 
127950 3534 3417 
128000 3541 3486 
128050 3267 2221 
128100 3376 1225 
128150 3488 774 
128200 3500 431 
128250 3526 233 
128300 3525 122 
128350 3513 50 
128400 3517 17 
128450 3534 9 
128500 3551 6 
128550 3520 768 
128600 3508 1668 
128650 3533 2389 
128700 3533 2879 
128750 3537 3225 
128800 3529 3424 
128850 3544 3528 
128900 3538 3533 
128950 3538 3523 
129000 3543 3530 
129050 3310 2063 
129100 3454 963 
129150 3525 368 
129200 3529 126 
129250 3537 41 
129300 3533 23 
129350 3539 15 
129400 3536 9 
129450 3549 14 
129500 3540 10 
129550 3534 681 
129600 3524 1428 
129650 3534 2008 
129700 3551 2500 
129750 3531 2841 
129800 3524 3042 
129850 3526 3215 
129900 3518 3334 
129950 3530 3402 
130000 3512 3453 
130050 3352 2045 
130100 3433 1062 
130150 3491 460 
130200 3529 170 
130250 3546 50 
130300 3524 24 
130350 3539 21 
130400 3528 11 
130450 3538 12 
130500 3534 16 
130550 3515 463 
130600 3504 1292 
130650 3503 1872 
130700 3516 2268 
130750 3524 2689 
130800 3522 2975 
130850 3522 3213 
130900 3533 3388 
130950 3532 3494 
131000 3537 3515 
131050 3355 2033 
131100 3457 926 
131150 3503 350 
131200 3516 143 
131250 3517 42 
131300 3531 13 
131350 3535 2 
131400 3536 3 
131450 3536 1 
131500 3534 5 
131550 3522 723 
131600 3522 1402 
131650 3519 1925 
131700 3522 2364 
131750 3512 2747 
131800 3522 3063 
131850 3519 3261 
131900 3532 3404 
131950 3540 3484 
132000 3525 3487 
132050 3323 2040 
132100 3425 939 
132150 3476 411 
132200 3519 214 
132250 3510 93 
132300 3547 30 
132350 3553 15 
132400 3537 10 
132450 3537 12 
132500 3544 8 
132550 3514 485 
132600 3528 1217 
132650 3517 1728 
132700 3537 2215 
132750 3529 2631 
132800 3532 2973 
132850 3524 3163 
132900 3538 3289 
132950 3549 3429 
133000 3526 3471 
133050 3314 2030 
133100 3421 941 
133150 3490 406 
133200 3517 154 
133250 3520 29 
133300 3540 7 
133350 3538 6 
133400 3530 9 
133450 3524 7 
133500 3536 6 
133550 3517 601 
133600 3533 1361 
133650 3526 1988 
133700 3532 2481 
133750 3536 2837 
133800 3535 3095 
133850 3533 3306 
133900 3515 3453 
133950 3516 3500 
134000 3537 3538 
134050 3268 2144 
134100 3349 1229 
134150 3487 790 
134200 3515 433 
134250 3510 188 
134300 3523 61 
134350 3528 14 
134400 3536 5 
134450 3549 5 
134500 3518 4 
134550 3549 558 
134600 3546 1220 
134650 3528 1742 
134700 3515 2209 
134750 3533 2596 
134800 3541 2889 
134850 3542 3138 
134900 3547 3304 
134950 3538 3400 
135000 3543 3490 
135050 3301 2110 
135100 3434 1030 
135150 3452 519 
135200 3518 292 
135250 3522 119 
135300 3539 21 
135350 3554 13 
135400 3544 17 
135450 3525 11 
135500 3526 12 
135550 3545 761 
135600 3538 1587 
135650 3543 2105 
135700 3532 2551 
135750 3517 2870 
135800 3542 3124 
135850 3515 3297 
135900 3538 3435 
135950 3525 3495 
136000 3526 3516 
136050 3341 2039 
136100 3419 1081 
136150 3478 565 
136200 3505 320 
136250 3523 126 
136300 3535 34 
136350 3520 8 
136400 3527 2 
136450 3531 0 
136500 3536 0 
136550 3525 716 
136600 3527 1525 
136650 3531 2201 
136700 3538 2758 
136750 3534 3106 
136800 3532 3330 
136850 3524 3449 
136900 3539 3517 
136950 3528 3515 
137000 3551 3538 
137050 3291 2159 
137100 3405 1100 
137150 3504 596 
137200 3519 292 
137250 3542 85 
137300 3526 27 
137350 3540 11 
137400 3515 12 
137450 3535 13 
137500 3532 11 
137550 3545 502 
137600 3536 1171 
137650 3527 1708 
137700 3551 2161 
137750 3522 2552 
137800 3526 2875 
137850 3541 3159 
137900 3542 3360 
137950 3543 3467 
138000 3520 3520 
138050 3288 2084 
138100 3362 1000 
138150 3471 513 
138200 3523 278 
138250 3517 105 
138300 3528 28 
138350 3522 14 
138400 3533 10 
138450 3514 11 
138500 3527 12 
138550 3520 374 
138600 3523 1171 
138650 3541 1802 
138700 3529 2302 
138750 3553 2770 
138800 3552 3085 
138850 3540 3287 
138900 3551 3416 
138950 3546 3491 
139000 3527 3513 
139050 3296 2150 
139100 3401 1111 
139150 3479 600 
139200 3529 323 
139250 3516 155 
139300 3521 75 
139350 3528 34 
139400 3543 17 
139450 3536 16 
139500 3542 9 
139550 3547 657 
139600 3531 1258 
139650 3545 1837 
139700 3547 2304 
139750 3548 2691 
139800 3536 2950 
139850 3537 3130 
139900 3523 3279 
139950 3517 3398 
140000 3531 3486 
140050 3287 2117 
140100 3344 1201 
140150 3468 701 
140200 3497 338 
140250 3538 105 
140300 3534 22 
140350 3520 4 
140400 3543 4 
140450 3526 10 
140500 3529 7 
140550 3535 586 
140600 3525 1358 
140650 3530 1889 
140700 3527 2315 
140750 3540 2687 
140800 3523 2895 
140850 3515 3136 
140900 3530 3294 
140950 3524 3394 
141000 3522 3465 
141050 3322 2087 
141100 3445 1068 
141150 3504 434 
141200 3533 185 
141250 3522 50 
141300 3532 16 
141350 3537 17 
141400 3531 4 
141450 3529 6 
141500 3535 12 
141550 3537 801 
141600 3526 1557 
141650 3542 2172 
141700 3560 2679 
141750 3528 3086 
141800 3546 3365 
141850 3518 3470 
141900 3541 3533 
141950 3527 3522 
142000 3536 3518 
142050 3292 2163 
142100 3409 1163 
142150 3504 673 
142200 3509 348 
142250 3541 130 
142300 3534 43 
142350 3548 12 
142400 3543 4 
142450 3552 4 
142500 3547 6 
142550 3523 528 
142600 3518 1127 
142650 3524 1640 
142700 3524 2081 
142750 3545 2485 
142800 3524 2762 
142850 3537 2975 
142900 3541 3137 
142950 3539 3286 
143000 3546 3393 
143050 3314 2056 
143100 3422 1019 
143150 3487 446 
143200 3530 166 
143250 3535 63 
143300 3527 14 
143350 3532 5 
143400 3533 5 
143450 3539 3 
143500 3544 7 
143550 3553 728 
143600 3539 1493 
143650 3539 2048 
143700 3528 2450 
143750 3547 2768 
143800 3539 3022 
143850 3516 3245 
143900 3537 3412 
143950 3531 3493 
144000 3540 3528 
144050 3301 2170 
144100 3398 1235 
144150 3485 826 
144200 3502 406 
144250 3509 155 
144300 3531 27 
144350 3538 10 
144400 3540 4 
144450 3527 4 
144500 3549 3 
144550 3541 542 
144600 3531 1299 
144650 3547 1854 
144700 3530 2317 
144750 3527 2657 
144800 3545 2993 
144850 3532 3235 
144900 3531 3403 
144950 3543 3482 
145000 3547 3509 
145050 3336 2056 
145100 3414 1099 
145150 3475 547 
145200 3518 265 
145250 3532 93 
145300 3540 19 
145350 3561 6 
145400 3531 4 
145450 3525 7 
145500 3551 3 
145550 3538 288 
145600 3533 1022 
145650 3542 1656 
145700 3552 2179 
145750 3540 2626 
145800 3549 2979 
145850 3529 3202 
145900 3538 3322 
145950 3524 3399 
146000 3529 3467 
146050 3311 2074 
146100 3429 991 
146150 3488 407 
146200 3505 183 
146250 3538 44 
146300 3533 5 
146350 3538 5 
146400 3521 5 
146450 3541 7 
146500 3509 5 
146550 3324 224 
146600 3005 914 
146650 2954 1637 
146700 2968 2254 
146750 3012 2686 
146800 3050 3002 
146850 3123 3259 
146900 3178 3386 
146950 3248 3472 
147000 3298 3505 
147050 3180 2111 
147100 3307 1131 
147150 3417 610 
147200 3484 244 
147250 3534 68 
147300 3536 6 
147350 3542 4 
147400 3542 5 
147450 3525 1 
147500 3549 4 
147550 3521 622 
147600 3528 1397 
147650 3510 1949 
147700 3539 2392 
147750 3531 2739 
147800 3532 3003 
147850 3542 3201 
147900 3528 3331 
147950 3531 3446 
148000 3541 3511 
148050 3306 2136 
148100 3425 1070 
148150 3465 503 
148200 3500 281 
148250 3518 162 
148300 3530 90 
148350 3524 36 
148400 3527 12 
148450 3517 1 
148500 3538 0 
148550 3519 408 
148600 3531 1106 
148650 3527 1695 
148700 3526 2177 
148750 3503 2576 
148800 3513 2918 
148850 3499 3168 
148900 3506 3359 
148950 3542 3473 
149000 3532 3516 
149050 3238 2176 
149100 3344 1303 
149150 3468 978 
149200 3488 574 
149250 3508 269 
149300 3477 94 
149350 3502 22 
149400 3516 6 
149450 3533 3 
149500 3535 0 
149550 3532 0 
149600 3517 0 
149650 3525 170 
149700 3529 931 
149750 3527 1515 
149800 3533 2049 
149850 3532 2519 
149900 3526 2877 
149950 3528 3178 
150000 3521 3344 
150050 3325 2081 
150100 3408 1127 
150150 3443 596 
150200 3504 335 
150250 3510 175 
150300 3530 69 
150350 3528 23 
150400 3527 6 
150450 3532 2 
150500 3532 0 
150550 3546 531 
150600 3532 1196 
150650 3538 1701 
150700 3545 2217 
150750 3542 2634 
150800 3545 2944 
150850 3534 3131 
150900 3541 3274 
150950 3535 3376 
151000 3516 3417 
151050 3309 2021 
151100 3448 795 
151150 3472 296 
151200 3518 111 
151250 3534 58 
151300 3546 23 
151350 3531 5 
151400 3532 0 
151450 3539 1 
151500 3537 0 
151550 3504 583 
151600 3532 1219 
151650 3513 1693 
151700 3512 2143 
151750 3537 2569 
151800 3551 2956 
151850 3540 3177 
151900 3539 3299 
151950 3545 3400 
152000 3527 3450 
152050 3291 2230 
152100 3387 1267 
152150 3498 780 
152200 3536 366 
152250 3517 140 
152300 3533 22 
152350 3534 2 
152400 3547 3 
152450 3554 2 
152500 3541 1 
152550 3541 680 
152600 3520 1522 
152650 3525 2086 
152700 3537 2485 
152750 3525 2722 
152800 3528 2983 
152850 3541 3229 
152900 3528 3350 
152950 3520 3421 
153000 3534 3481 
153050 3325 2089 
153100 3453 976 
153150 3487 411 
153200 3516 163 
153250 3528 49 
153300 3532 18 
153350 3527 5 
153400 3551 5 
153450 3529 7 
153500 3528 2 
153550 3533 233 
153600 3531 1011 
153650 3520 1647 
153700 3544 2169 
153750 3529 2601 
153800 3536 2972 
153850 3519 3202 
153900 3518 3351 
153950 3520 3420 
154000 3552 3487 
154050 3312 2126 
154100 3428 1098 
154150 3493 479 
154200 3523 230 
154250 3537 106 
154300 3538 36 
154350 3538 7 
154400 3532 3 
154450 3536 3 
154500 3514 4 
154550 3513 616 
154600 3524 1236 
154650 3521 1713 
154700 3532 2212 
154750 3523 2688 
154800 3525 3047 
154850 3537 3258 
154900 3543 3391 
154950 3537 3464 
155000 3534 3523 
155050 3243 2181 
155100 3367 1196 
155150 3461 771 
155200 3505 407 
155250 3521 187 
155300 3521 57 
155350 3533 8 
155400 3534 2 
155450 3530 3 
155500 3544 1 
155550 3517 5 
155600 3419 400 
155650 3409 1147 
155700 3392 1726 
155750 3396 2139 
155800 3444 2516 
155850 3460 2825 
155900 3496 3045 
155950 3506 3207 
156000 3513 3330 
156050 3290 2224 
156100 3372 1281 
156150 3469 715 
156200 3505 382 
156250 3501 115 
156300 3529 23 
156350 3544 6 
156400 3535 7 
156450 3540 2 
156500 3543 1 
156550 3520 0 
156600 3542 5 
156650 3542 828 
156700 3548 1397 
156750 3548 1937 
156800 3543 2364 
156850 3533 2728 
156900 3532 2994 
156950 3534 3178 
157000 3535 3331 
157050 3281 2165 
157100 3395 1239 
157150 3441 653 
157200 3516 364 
157250 3533 160 
157300 3534 56 
157350 3530 17 
157400 3536 9 
157450 3525 2 
157500 3513 2 
157550 3516 598 
157600 3526 1243 
157650 3540 1751 
157700 3526 2245 
157750 3525 2633 
157800 3533 2995 
157850 3544 3208 
157900 3533 3336 
157950 3555 3438 
158000 3552 3501 
158050 3264 2263 
158100 3362 1335 
158150 3479 834 
158200 3509 442 
158250 3495 203 
158300 3528 94 
158350 3530 35 
158400 3528 7 
158450 3525 4 
158500 3544 6 
158550 3542 545 
158600 3538 1332 
158650 3529 1934 
158700 3540 2444 
158750 3539 2854 
158800 3529 3154 
158850 3534 3404 
158900 3529 3500 
158950 3536 3532 
159000 3543 3534 
159050 3348 1949 
159100 3474 900 
159150 3507 329 
159200 3522 89 
159250 3537 20 
159300 3544 8 
159350 3537 5 
159400 3530 7 
159450 3525 3 
159500 3533 5 
159550 3532 148 
159600 3536 1057 
159650 3519 1702 
159700 3528 2206 
159750 3540 2590 
159800 3525 2892 
159850 3524 3119 
159900 3529 3304 
159950 3546 3439 
160000 3531 3504 
160050 3338 2037 
160100 3437 975 
160150 3476 432 
160200 3503 197 
160250 3523 90 
160300 3529 28 
160350 3541 9 
160400 3501 4 
160450 3510 6 
160500 3546 3 
160550 3546 561 
160600 3546 1333 
160650 3546 2016 
160700 3541 2538 
160750 3525 2961 
160800 3529 3279 
160850 3538 3454 
160900 3544 3515 
160950 3534 3517 
161000 3535 3530 
161050 3219 2528 
161100 3442 1828 
161150 3444 1257 
161200 3457 815 
161250 3473 487 
161300 3479 222 
161350 3495 85 
161400 3510 24 
161450 3542 11 
161500 3541 2 
161550 3536 737 
161600 3536 1515 
161650 3521 2063 
161700 3525 2492 
161750 3545 2869 
161800 3531 3101 
161850 3550 3310 
161900 3542 3430 
161950 3535 3490 
162000 3544 3526 
162050 3357 2277 
162100 3437 1207 
162150 3518 623 
162200 3532 224 
162250 3543 77 
162300 3538 38 
162350 3543 15 
162400 3535 13 
162450 3531 20 
162500 3522 15 
162550 3536 737 
162600 3523 1602 
162650 3529 2138 
162700 3531 2558 
162750 3526 2888 
162800 3532 3134 
162850 3525 3349 
162900 3544 3441 
162950 3532 3494 
163000 3540 3523 
163050 3300 2252 
163100 3413 1215 
163150 3513 684 
163200 3526 254 
163250 3529 54 
163300 3551 16 
163350 3528 7 
163400 3526 10 
163450 3535 4 
163500 3531 8 
163550 3533 557 
163600 3540 1185 
163650 3539 1721 
163700 3541 2214 
163750 3522 2665 
163800 3536 3032 
163850 3524 3292 
163900 3525 3414 
163950 3541 3491 
164000 3552 3534 
164050 3277 2226 
164100 3381 1125 
164150 3475 591 
164200 3496 240 
164250 3492 75 
164300 3495 8 
164350 3511 7 
164400 3524 8 
164450 3515 3 
164500 3514 3 
164550 3535 0 
164600 3530 695 
164650 3538 1261 
164700 3544 1796 
164750 3538 2368 
164800 3537 2760 
164850 3550 3065 
164900 3552 3270 
164950 3539 3381 
165000 3521 3462 
165050 3295 2124 
165100 3379 1187 
165150 3453 654 
165200 3528 403 
165250 3540 205 
165300 3539 73 
165350 3543 14 
165400 3543 1 
165450 3536 1 
165500 3529 0 
165550 3548 0 
165600 3529 130 
165650 3529 989 
165700 3532 1553 
165750 3545 2081 
165800 3539 2545 
165850 3522 2933 
165900 3533 3138 
165950 3531 3284 
166000 3535 3403 
166050 3297 2195 
166100 3364 1288 
166150 3440 819 
166200 3488 579 
166250 3521 307 
166300 3523 127 
166350 3520 46 
166400 3538 8 
166450 3561 4 
166500 3534 0 
166550 3533 0 
166600 3542 662 
166650 3526 1324 
166700 3533 1834 
166750 3535 2286 
166800 3539 2713 
166850 3535 3042 
166900 3537 3273 
166950 3548 3404 
167000 3528 3436 
167050 3336 2141 
167100 3440 999 
167150 3501 456 
167200 3535 174 
167250 3536 56 
167300 3551 22 
167350 3539 15 
167400 3544 10 
167450 3526 19 
167500 3552 15 
167550 3530 2 
167600 3546 525 
167650 3543 1280 
167700 3547 1967 
167750 3529 2441 
167800 3519 2755 
167850 3530 3036 
167900 3537 3239 
167950 3532 3373 
168000 3524 3447 
168050 3296 2203 
168100 3405 1351 
168150 3467 902 
168200 3501 587 
168250 3496 313 
168300 3519 147 
168350 3518 52 
168400 3531 14 
168450 3531 10 
168500 3530 5 
168550 3533 663 
168600 3506 1541 
168650 3517 2162 
168700 3543 2678 
168750 3545 3022 
168800 3538 3255 
168850 3517 3376 
168900 3540 3470 
168950 3531 3506 
169000 3529 3515 
169050 3246 2101 
169100 3327 1130 
169150 3444 736 
169200 3503 440 
169250 3496 212 
169300 3502 92 
169350 3538 47 
169400 3542 35 
169450 3535 28 
169500 3532 23 
169550 3529 635 
169600 3535 1338 
169650 3539 1928 
169700 3523 2398 
169750 3532 2860 
169800 3536 3209 
169850 3542 3425 
169900 3538 3481 
169950 3540 3533 
170000 3538 3526 
170050 3272 2092 
170100 3378 1114 
170150 3486 697 
170200 3512 497 
170250 3523 286 
170300 3516 134 
170350 3531 52 
170400 3522 14 
170450 3521 4 
170500 3525 6 
170550 3523 448 
170600 3539 1130 
170650 3537 1625 
170700 3541 2118 
170750 3527 2565 
170800 3522 2919 
170850 3526 3181 
170900 3517 3315 
170950 3543 3470 
171000 3539 3514 
171050 3339 2040 
171100 3424 941 
171150 3485 357 
171200 3519 180 
171250 3522 89 
171300 3531 31 
171350 3539 17 
171400 3547 9 
171450 3509 10 
171500 3533 8 
171550 3553 127 
171600 3557 912 
171650 3556 1495 
171700 3552 2039 
171750 3520 2472 
171800 3537 2843 
171850 3545 3140 
171900 3530 3327 
171950 3538 3455 
172000 3539 3497 
172050 3317 2004 
172100 3425 903 
172150 3476 423 
172200 3512 196 
172250 3521 87 
172300 3526 27 
172350 3522 17 
172400 3523 17 
172450 3530 5 
172500 3529 5 
172550 3526 660 
172600 3523 1453 
172650 3526 2090 
172700 3517 2551 
172750 3519 2915 
172800 3518 3222 
172850 3527 3425 
172900 3526 3504 
172950 3521 3516 
173000 3523 3529 
173050 3226 2223 
173100 3347 1132 
173150 3452 626 
173200 3479 259 
173250 3518 92 
173300 3524 21 
173350 3512 10 
173400 3521 8 
173450 3518 3 
173500 3520 1 
173550 3530 460 
173600 3520 1252 
173650 3512 1785 
173700 3523 2270 
173750 3525 2609 
173800 3532 2933 
173850 3535 3169 
173900 3551 3332 
173950 3527 3421 
174000 3516 3491 
174050 3237 2210 
174100 3358 1244 
174150 3476 706 
174200 3492 362 
174250 3509 154 
174300 3520 57 
174350 3522 35 
174400 3534 16 
174450 3529 14 
174500 3536 9 
174550 3548 753 
174600 3525 1605 
174650 3524 2152 
174700 3552 2515 
174750 3545 2784 
174800 3533 3000 
174850 3552 3242 
174900 3531 3368 
174950 3546 3462 
175000 3536 3496 
175050 3316 2065 
175100 3409 1042 
175150 3489 438 
175200 3523 180 
175250 3530 47 
175300 3517 6 
175350 3533 3 
175400 3521 5 
175450 3526 5 
175500 3547 6 
175550 3534 674 
175600 3539 1695 
175650 3534 2257 
175700 3520 2630 
175750 3527 2904 
175800 3519 3086 
175850 3524 3273 
175900 3529 3423 
175950 3525 3482 
176000 3537 3510 
176050 3336 2137 
176100 3407 1165 
176150 3481 609 
176200 3506 278 
176250 3531 83 
176300 3515 40 
176350 3532 24 
176400 3514 18 
176450 3532 14 
176500 3532 14 
176550 3524 553 
176600 3536 1173 
176650 3522 1753 
176700 3526 2254 
176750 3539 2675 
176800 3518 2952 
176850 3514 3161 
176900 3519 3291 
176950 3541 3386 
177000 3523 3457 
177050 3441 2248 
177100 3490 1220 
177150 3523 618 
177200 3524 333 
177250 3523 130 
177300 3534 38 
177350 3532 13 
177400 3535 3 
177450 3539 4 
177500 3526 11 
177550 3545 244 
177600 3544 1008 
177650 3537 1559 
177700 3545 1999 
177750 3536 2404 
177800 3543 2779 
177850 3536 3013 
177900 3533 3197 
177950 3510 3296 
178000 3526 3426 
178050 3428 2278 
178100 3463 1313 
178150 3499 767 
178200 3519 516 
178250 3526 263 
178300 3528 115 
178350 3517 43 
178400 3532 12 
178450 3528 3 
178500 3545 13 
178550 3543 491 
178600 3540 1140 
178650 3517 1702 
178700 3525 2199 
178750 3505 2598 
178800 3535 2918 
178850 3538 3175 
178900 3551 3300 
178950 3545 3406 
179000 3522 3471 
179050 3419 2265 
179100 3441 1109 
179150 3501 469 
179200 3525 178 
179250 3517 24 
179300 3541 7 
179350 3520 13 
179400 3547 7 
179450 3523 2 
179500 3527 8 
179550 3536 451 
179600 3535 1161 
179650 3531 1742 
179700 3526 2291 
179750 3515 2715 
179800 3515 3032 
179850 3526 3263 
179900 3531 3393 
179950 3518 3464 
180000 3515 3497 
180050 3376 2229 
180100 3431 1107 
180150 3489 599 
180200 3514 270 
180250 3539 105 
180300 3542 41 
180350 3538 18 
180400 3542 10 
180450 3553 10 
180500 3533 9 
180550 3528 700 
180600 3525 1365 
180650 3519 1909 
180700 3539 2384 
180750 3532 2750 
180800 3533 3030 
180850 3522 3173 
180900 3527 3315 
180950 3518 3399 
181000 3550 3480 
181050 3421 2324 
181100 3440 1340 
181150 3458 865 
181200 3498 513 
181250 3483 243 
181300 3504 101 
181350 3547 30 
181400 3538 10 
181450 3552 3 
181500 3540 3 
181550 3529 467 
181600 3531 1393 
181650 3533 1981 
181700 3512 2368 
181750 3529 2693 
181800 3533 2977 
181850 3536 3204 
181900 3522 3338 
181950 3534 3443 
182000 3531 3498 
182050 3441 2115 
182100 3484 999 
182150 3509 436 
182200 3532 192 
182250 3537 65 
182300 3520 22 
182350 3540 9 
182400 3532 13 
182450 3539 19 
182500 3527 14 
182550 3548 495 
182600 3537 1251 
182650 3531 1783 
182700 3547 2242 
182750 3535 2653 
182800 3529 3014 
182850 3533 3257 
182900 3537 3406 
182950 3538 3480 
183000 3531 3510 
183050 3407 2222 
183100 3460 1121 
183150 3515 587 
183200 3537 262 
183250 3517 60 
183300 3523 14 
183350 3530 8 
183400 3547 9 
183450 3541 8 
183500 3544 11 
183550 3508 680 
183600 3525 1455 
183650 3532 2152 
183700 3537 2594 
183750 3541 2955 
183800 3526 3185 
183850 3535 3379 
183900 3545 3494 
183950 3533 3507 
184000 3538 3522 
184050 3459 2264 
184100 3496 1181 
184150 3524 626 
184200 3533 335 
184250 3539 157 
184300 3528 60 
184350 3541 25 
184400 3518 17 
184450 3525 15 
184500 3536 21 
184550 3528 282 
184600 3531 1109 
184650 3540 1712 
184700 3543 2187 
184750 3540 2577 
184800 3508 2831 
184850 3541 3048 
184900 3520 3196 
184950 3541 3356 
185000 3539 3419 
185050 3416 2265 
185100 3449 1233 
185150 3469 697 
185200 3525 418 
185250 3529 234 
185300 3519 127 
185350 3525 54 
185400 3537 17 
185450 3520 9 
185500 3534 6 
185550 3533 509 
185600 3521 1359 
185650 3522 2080 
185700 3516 2611 
185750 3535 3012 
185800 3532 3292 
185850 3512 3438 
185900 3527 3489 
185950 3530 3486 
186000 3502 3496 
186050 3405 2236 
186100 3398 1212 
186150 3454 643 
186200 3484 372 
186250 3502 197 
186300 3515 96 
186350 3540 29 
186400 3527 11 
186450 3533 16 
186500 3543 5 
186550 3541 149 
186600 3533 1215 
186650 3539 1953 
186700 3534 2453 
186750 3525 2813 
186800 3545 3068 
186850 3540 3289 
186900 3553 3437 
186950 3523 3476 
187000 3535 3502 
187050 3436 2255 
187100 3446 1283 
187150 3513 838 
187200 3515 513 
187250 3550 320 
187300 3530 161 
187350 3518 82 
187400 3545 38 
187450 3520 17 
187500 3517 15 
187550 3524 23 
187600 3537 933 
187650 3527 1504 
187700 3541 1999 
187750 3531 2424 
187800 3540 2783 
187850 3544 3073 
187900 3534 3331 
187950 3533 3456 
188000 3538 3508 
188050 3466 2133 
188100 3499 1091 
188150 3511 566 
188200 3527 305 
188250 3534 81 
188300 3536 19 
188350 3532 9 
188400 3541 4 
188450 3529 18 
188500 3519 6 
188550 3545 38 
188600 3526 1058 
188650 3528 1693 
188700 3536 2129 
188750 3531 2460 
188800 3538 2767 
188850 3521 3014 
188900 3533 3253 
188950 3536 3418 
189000 3532 3483 
189050 3404 2339 
189100 3417 1255 
189150 3490 679 
189200 3517 340 
189250 3528 123 
189300 3529 42 
189350 3542 12 
189400 3536 10 
189450 3534 16 
189500 3531 9 
189550 3530 711 
189600 3536 1454 
189650 3522 2048 
189700 3541 2564 
189750 3520 2854 
189800 3534 3170 
189850 3528 3347 
189900 3528 3459 
189950 3530 3487 
190000 3548 3531 
190050 3390 2282 
190100 3436 1370 
190150 3484 816 
190200 3522 470 
190250 3510 233 
190300 3518 109 
190350 3536 29 
190400 3547 3 
190450 3527 5 
190500 3520 1 
190550 3528 0 
190600 3531 802 
190650 3529 1558 
190700 3538 2130 
190750 3536 2523 
190800 3533 2820 
190850 3536 3060 
190900 3533 3305 
190950 3525 3447 
191000 3530 3498 
191050 3299 2058 
191100 3391 1064 
191150 3471 550 
191200 3488 352 
191250 3510 166 
191300 3535 62 
191350 3523 23 
191400 3535 14 
191450 3520 6 
191500 3542 7 
191550 3541 542 
191600 3538 1366 
191650 3546 1935 
191700 3534 2341 
191750 3531 2702 
191800 3532 3002 
191850 3535 3230 
191900 3542 3392 
191950 3527 3464 
192000 3534 3505 
192050 3326 2056 
192100 3416 980 
192150 3491 513 
192200 3493 267 
192250 3499 103 
192300 3510 33 
192350 3514 20 
192400 3512 7 
192450 3515 1 
192500 3514 3 
192550 3525 536 
192600 3524 1211 
192650 3519 1754 
192700 3533 2191 
192750 3530 2577 
192800 3547 2911 
192850 3532 3117 
192900 3540 3288 
192950 3528 3370 
193000 3520 3448 
193050 3343 1938 
193100 3446 900 
193150 3493 367 
193200 3537 130 
193250 3531 37 
193300 3521 7 
193350 3529 4 
193400 3541 4 
193450 3536 5 
193500 3529 4 
193550 3528 326 
193600 3537 1211 
193650 3533 1815 
193700 3538 2304 
193750 3519 2655 
193800 3532 2981 
193850 3540 3212 
193900 3541 3360 
193950 3543 3464 
194000 3524 3489 
194050 3386 1972 
194100 3486 882 
194150 3510 394 
194200 3535 161 
194250 3526 89 
194300 3536 41 
194350 3555 26 
194400 3541 11 
194450 3527 8 
194500 3536 3 
194550 3511 560 
194600 3519 1421 
194650 3502 1988 
194700 3525 2496 
194750 3520 2936 
194800 3539 3235 
194850 3529 3373 
194900 3539 3463 
194950 3521 3474 
195000 3518 3475 
195050 3347 1948 
195100 3470 779 
195150 3495 320 
195200 3517 104 
195250 3533 35 
195300 3533 20 
195350 3523 8 
195400 3524 5 
195450 3526 8 
195500 3541 3 
195550 3548 418 
195600 3541 1133 
195650 3538 1653 
195700 3542 2129 
195750 3531 2553 
195800 3541 2883 
195850 3528 3154 
195900 3549 3330 
195950 3536 3425 
196000 3547 3503 
196050 3372 1887 
196100 3451 809 
196150 3493 362 
196200 3508 137 
196250 3515 54 
196300 3537 22 
196350 3545 2 
196400 3529 3 
196450 3531 9 
196500 3534 3 
196550 3529 74 
196600 3535 806 
196650 3535 1492 
196700 3522 2050 
196750 3542 2490 
196800 3543 2817 
196850 3543 3059 
196900 3542 3244 
196950 3532 3335 
197000 3534 3423 
197050 3367 1874 
197100 3492 806 
197150 3532 274 
197200 3514 70 
197250 3545 29 
197300 3539 12 
197350 3523 9 
197400 3529 4 
197450 3537 4 
197500 3525 3 
197550 3526 212 
197600 3529 944 
197650 3535 1527 
197700 3536 2026 
197750 3543 2483 
197800 3518 2768 
197850 3533 2963 
197900 3542 3166 
197950 3540 3306 
198000 3528 3411 
198050 3285 2078 
198100 3422 1153 
198150 3440 622 
198200 3522 370 
198250 3549 165 
198300 3531 52 
198350 3545 7 
198400 3530 4 
198450 3530 4 
198500 3542 6 
198550 3541 357 
198600 3535 1146 
198650 3533 1814 
198700 3543 2306 
198750 3530 2716 
198800 3533 3022 
198850 3550 3188 
198900 3525 3344 
198950 3543 3438 
199000 3534 3489 
199050 3326 2105 
199100 3404 1061 
199150 3490 545 
199200 3510 279 
199250 3490 101 
199300 3531 24 
199350 3525 7 
199400 3538 3 
199450 3529 0 
199500 3528 2 
199550 3534 446 
199600 3539 1134 
199650 3538 1693 
199700 3551 2198 
199750 3550 2586 
199800 3537 2869 
199850 3530 3080 
199900 3550 3267 
199950 3517 3363 
200000 3530 3475 
