# Avida tasks data
# Sat Apr  7 03:02:07 2012
# First column gives the current update, next columns give the number
# of organisms that have the particular task as a component of their merit
#  1: Update
#  2: Xor
#  3: Equals

0 0 0 
50 8 8 
100 45 45 
150 112 112 
200 245 245 
250 436 436 
300 673 677 
350 974 974 
400 1314 1311 
450 1735 1734 
500 2202 2199 
550 2692 2692 
600 3208 3204 
650 3431 3438 
700 3531 3537 
750 3549 3549 
800 3545 3543 
850 3545 3543 
900 3539 3547 
950 3523 3518 
1000 3531 3527 
1050 3539 3534 
1100 3553 3546 
1150 3542 3521 
1200 3534 3508 
1250 3525 3489 
1300 3537 3504 
1350 3541 3515 
1400 3520 3495 
1450 3534 3507 
1500 3542 3492 
1550 3526 3499 
1600 3533 3521 
1650 3541 3539 
1700 3548 3549 
1750 3557 3552 
1800 3543 3545 
1850 3545 3549 
1900 3544 3544 
1950 3545 3543 
2000 3543 3538 
2050 3537 3539 
2100 3539 3538 
2150 3554 3556 
2200 3541 3537 
2250 3521 3509 
2300 3538 3528 
2350 3541 3529 
2400 3538 3522 
2450 3554 3527 
2500 3559 3511 
2550 3536 3504 
2600 3532 3528 
2650 3545 3543 
2700 3544 3537 
2750 3534 3535 
2800 3540 3535 
2850 3546 3549 
2900 3534 3534 
2950 3541 3539 
3000 3567 3568 
3050 3556 3554 
3100 3568 3562 
3150 3545 3515 
3200 3540 3520 
3250 3537 3507 
3300 3543 3512 
3350 3542 3499 
3400 3550 3492 
3450 3540 3462 
3500 3542 3453 
3550 3538 3480 
3600 3543 3511 
3650 3527 3513 
3700 3534 3529 
3750 3546 3548 
3800 3535 3541 
3850 3536 3536 
3900 3540 3541 
3950 3543 3537 
4000 3541 3537 
4050 3538 3536 
4100 3538 3525 
4150 3525 3513 
4200 3516 3511 
4250 3537 3523 
4300 3543 3515 
4350 3536 3488 
4400 3541 3474 
4450 3542 3458 
4500 3536 3437 
4550 3548 3493 
4600 3545 3532 
4650 3536 3536 
4700 3544 3543 
4750 3551 3545 
4800 3545 3544 
4850 3531 3535 
4900 3537 3533 
4950 3551 3551 
5000 3552 3549 
5050 3554 3551 
5100 3543 3537 
5150 3549 3534 
5200 3555 3531 
5250 3534 3503 
5300 3539 3493 
5350 3529 3467 
5400 3532 3471 
5450 3554 3483 
5500 3561 3450 
5550 3534 3473 
5600 3545 3527 
5650 3555 3550 
5700 3546 3549 
5750 3560 3559 
5800 3544 3550 
5850 3550 3550 
5900 3532 3539 
5950 3548 3553 
6000 3549 3552 
6050 3542 3541 
6100 3548 3542 
6150 3557 3545 
6200 3547 3515 
6250 3538 3518 
6300 3555 3539 
6350 3545 3525 
6400 3550 3520 
6450 3547 3499 
6500 3554 3498 
6550 3559 3517 
6600 3557 3547 
6650 3545 3536 
6700 3528 3526 
6750 3549 3549 
6800 3545 3547 
6850 3549 3544 
6900 3550 3555 
6950 3527 3533 
7000 3547 3543 
7050 3553 3552 
7100 3562 3539 
7150 3542 3515 
7200 3532 3509 
7250 3548 3503 
7300 3536 3495 
7350 3544 3489 
7400 3549 3484 
7450 3555 3501 
7500 3554 3481 
7550 3545 3508 
7600 3546 3522 
7650 3549 3540 
7700 3559 3560 
7750 3542 3545 
7800 3553 3549 
7850 3558 3559 
7900 3552 3551 
7950 3545 3541 
8000 3528 3535 
8050 3526 3523 
8100 3534 3526 
8150 3536 3502 
8200 3536 3490 
8250 3538 3490 
8300 3536 3474 
8350 3542 3485 
8400 3531 3469 
8450 3545 3496 
8500 3551 3485 
8550 3541 3503 
8600 3552 3530 
8650 3548 3538 
8700 3537 3535 
8750 3547 3539 
8800 3548 3541 
8850 3539 3538 
8900 3551 3545 
8950 3557 3559 
9000 3545 3540 
9050 3525 3525 
9100 3561 3539 
9150 3548 3503 
9200 3541 3487 
9250 3536 3464 
9300 3541 3489 
9350 3547 3493 
9400 3525 3465 
9450 3542 3467 
9500 3530 3428 
9550 3542 3483 
9600 3537 3513 
9650 3534 3522 
9700 3525 3516 
9750 3536 3534 
9800 3545 3544 
9850 3538 3543 
9900 3550 3544 
9950 3553 3556 
10000 3543 3544 
10050 3542 3543 
10100 3548 3529 
10150 3557 3539 
10200 3540 3508 
10250 3537 3488 
10300 3551 3503 
10350 3541 3457 
10400 3548 3460 
10450 3536 3446 
10500 3544 3451 
10550 3555 3517 
10600 3537 3518 
10650 3543 3536 
10700 3556 3555 
10750 3557 3557 
10800 3551 3551 
10850 3551 3549 
10900 3546 3542 
10950 3556 3554 
11000 3555 3552 
11050 3564 3559 
11100 3551 3533 
11150 3539 3501 
11200 3539 3492 
11250 3541 3490 
11300 3546 3484 
11350 3558 3478 
11400 3538 3454 
11450 3536 3447 
11500 3545 3447 
11550 3555 3524 
11600 3546 3537 
11650 3534 3533 
11700 3538 3541 
11750 3557 3561 
11800 3549 3545 
11850 3548 3550 
11900 3550 3559 
11950 3547 3549 
12000 3538 3536 
12050 3541 3540 
12100 3542 3534 
12150 3534 3531 
12200 3535 3531 
12250 3552 3525 
12300 3533 3511 
12350 3531 3502 
12400 3538 3489 
12450 3545 3500 
12500 3533 3471 
12550 3552 3517 
12600 3553 3531 
12650 3557 3555 
12700 3544 3538 
12750 3543 3542 
12800 3541 3538 
12850 3546 3546 
12900 3537 3531 
12950 3540 3536 
13000 3549 3548 
13050 3551 3552 
13100 3551 3540 
13150 3527 3508 
13200 3540 3508 
13250 3540 3522 
13300 3535 3493 
13350 3552 3503 
13400 3543 3477 
13450 3547 3474 
13500 3537 3476 
13550 3542 3518 
13600 3553 3549 
13650 3547 3545 
13700 3546 3543 
13750 3553 3549 
13800 3533 3536 
13850 3541 3541 
13900 3546 3542 
13950 3541 3538 
14000 3534 3538 
14050 3551 3544 
14100 3530 3523 
14150 3533 3506 
14200 3535 3488 
14250 3544 3478 
14300 3543 3454 
14350 3539 3439 
14400 3539 3403 
14450 3543 3393 
14500 3543 3396 
14550 3540 3467 
14600 3527 3512 
14650 3515 3518 
14700 3544 3541 
14750 3552 3557 
14800 3545 3552 
14850 3552 3550 
14900 3541 3538 
14950 3535 3527 
15000 3540 3538 
15050 3535 3542 
15100 3533 3516 
15150 3543 3518 
15200 3554 3508 
15250 3543 3495 
15300 3553 3507 
15350 3541 3491 
15400 3534 3486 
15450 3531 3487 
15500 3554 3489 
15550 3536 3501 
15600 3544 3534 
15650 3538 3538 
15700 3555 3552 
15750 3553 3550 
15800 3527 3522 
15850 3531 3532 
15900 3547 3549 
15950 3558 3563 
16000 3543 3542 
16050 3554 3551 
16100 3544 3529 
16150 3556 3538 
16200 3548 3533 
16250 3538 3525 
16300 3537 3517 
16350 3549 3516 
16400 3535 3498 
16450 3548 3507 
16500 3544 3498 
16550 3538 3508 
16600 3534 3516 
16650 3540 3535 
16700 3549 3546 
16750 3542 3543 
16800 3524 3528 
16850 3541 3547 
16900 3547 3540 
16950 3540 3541 
17000 3538 3531 
17050 3548 3551 
17100 3562 3551 
17150 3542 3530 
17200 3544 3520 
17250 3541 3503 
17300 3554 3515 
17350 3544 3490 
17400 3537 3460 
17450 3552 3452 
17500 3535 3422 
17550 3544 3477 
17600 3540 3520 
17650 3537 3530 
17700 3562 3549 
17750 3548 3551 
17800 3562 3568 
17850 3562 3561 
17900 3545 3544 
17950 3556 3550 
18000 3546 3550 
18050 3535 3551 
18100 3544 3530 
18150 3540 3511 
18200 3549 3517 
18250 3551 3526 
18300 3548 3502 
18350 3549 3498 
18400 3543 3493 
18450 3527 3459 
18500 3555 3490 
18550 3537 3511 
18600 3544 3534 
18650 3544 3543 
18700 3543 3542 
18750 3547 3545 
18800 3530 3534 
18850 3534 3535 
18900 3528 3532 
18950 3539 3544 
19000 3555 3552 
19050 3557 3550 
19100 3542 3529 
19150 3538 3504 
19200 3553 3507 
19250 3537 3482 
19300 3536 3477 
19350 3543 3479 
19400 3546 3472 
19450 3556 3481 
19500 3551 3470 
19550 3554 3517 
19600 3533 3530 
19650 3543 3549 
19700 3549 3546 
19750 3551 3547 
19800 3526 3526 
19850 3545 3541 
19900 3558 3561 
19950 3547 3543 
20000 3560 3564 
20050 3553 3554 
20100 3551 3533 
20150 3530 3500 
20200 3532 3485 
20250 3553 3517 
20300 3555 3507 
20350 3547 3483 
20400 3536 3463 
20450 3536 3467 
20500 3532 3462 
20550 3541 3501 
20600 3540 3526 
20650 3545 3534 
20700 3532 3532 
20750 3530 3536 
20800 3541 3551 
20850 3543 3546 
20900 3543 3546 
20950 3544 3543 
21000 3554 3550 
21050 3537 3537 
21100 3557 3540 
21150 3548 3516 
21200 3542 3502 
21250 3542 3506 
21300 3539 3498 
21350 3547 3496 
21400 3543 3471 
21450 3533 3453 
21500 3531 3416 
21550 3549 3475 
21600 3543 3512 
21650 3530 3525 
21700 3534 3534 
21750 3543 3540 
21800 3538 3545 
21850 3537 3545 
21900 3536 3535 
21950 3538 3539 
22000 3538 3545 
22050 3542 3534 
22100 3552 3534 
22150 3535 3499 
22200 3549 3522 
22250 3544 3500 
22300 3532 3484 
22350 3539 3484 
22400 3555 3487 
22450 3560 3466 
22500 3565 3413 
22550 3535 3472 
22600 3547 3524 
22650 3561 3552 
22700 3535 3536 
22750 3547 3546 
22800 3538 3537 
22850 3539 3540 
22900 3533 3526 
22950 3551 3548 
23000 3546 3544 
23050 3541 3549 
23100 3559 3542 
23150 3553 3522 
23200 3522 3504 
23250 3543 3531 
23300 3553 3520 
23350 3534 3484 
23400 3531 3468 
23450 3542 3464 
23500 3531 3418 
23550 3548 3477 
23600 3550 3524 
23650 3529 3525 
23700 3518 3528 
23750 3531 3536 
23800 3552 3541 
23850 3556 3558 
23900 3545 3545 
23950 3545 3542 
24000 3547 3554 
24050 3557 3558 
24100 3556 3546 
24150 3536 3516 
24200 3563 3529 
24250 3543 3509 
24300 3553 3493 
24350 3526 3456 
24400 3537 3451 
24450 3545 3466 
24500 3550 3460 
24550 3533 3472 
24600 3540 3518 
24650 3545 3531 
24700 3550 3548 
24750 3540 3535 
24800 3552 3550 
24850 3544 3537 
24900 3537 3537 
24950 3543 3544 
25000 3558 3562 
25050 3530 3527 
25100 3535 3524 
25150 3542 3513 
25200 3547 3497 
25250 3535 3468 
25300 3553 3471 
25350 3550 3459 
25400 3525 3415 
25450 3541 3399 
25500 3552 3368 
25550 3534 3443 
25600 3552 3525 
25650 3538 3536 
25700 3543 3542 
25750 3552 3553 
25800 3534 3534 
25850 3543 3541 
25900 3543 3543 
25950 3545 3545 
26000 3550 3547 
26050 3545 3546 
26100 3549 3543 
26150 3530 3523 
26200 3530 3520 
26250 3534 3520 
26300 3557 3515 
26350 3552 3490 
26400 3533 3470 
26450 3538 3478 
26500 3513 3448 
26550 3537 3505 
26600 3549 3539 
26650 3539 3540 
26700 3542 3539 
26750 3549 3557 
26800 3553 3558 
26850 3531 3527 
26900 3539 3534 
26950 3548 3544 
27000 3541 3536 
27050 3552 3552 
27100 3539 3528 
27150 3529 3520 
27200 3543 3511 
27250 3533 3501 
27300 3551 3504 
27350 3530 3471 
27400 3547 3497 
27450 3546 3490 
27500 3542 3479 
27550 3539 3517 
27600 3537 3536 
27650 3535 3531 
27700 3543 3536 
27750 3523 3520 
27800 3538 3541 
27850 3552 3556 
27900 3539 3542 
27950 3555 3549 
28000 3562 3556 
28050 3560 3554 
28100 3559 3544 
28150 3524 3502 
28200 3564 3526 
28250 3549 3487 
28300 3547 3470 
28350 3551 3463 
28400 3552 3464 
28450 3545 3454 
28500 3539 3437 
28550 3535 3487 
28600 3557 3544 
28650 3547 3533 
28700 3537 3537 
28750 3540 3538 
28800 3545 3544 
28850 3567 3559 
28900 3527 3527 
28950 3536 3533 
29000 3538 3535 
29050 3552 3556 
29100 3545 3538 
29150 3537 3518 
29200 3549 3515 
29250 3519 3479 
29300 3552 3529 
29350 3549 3518 
29400 3558 3507 
29450 3523 3490 
29500 3527 3474 
29550 3547 3515 
29600 3537 3521 
29650 3533 3521 
29700 3541 3540 
29750 3549 3543 
29800 3546 3547 
29850 3526 3521 
29900 3538 3524 
29950 3544 3540 
30000 3544 3543 
30050 3533 3521 
30100 3525 3511 
30150 3528 3476 
30200 3544 3499 
30250 3529 3474 
30300 3553 3486 
30350 3545 3475 
30400 3541 3438 
30450 3536 3419 
30500 3548 3428 
30550 3530 3451 
30600 3525 3498 
30650 3542 3537 
30700 3546 3544 
30750 3561 3564 
30800 3542 3541 
30850 3539 3539 
30900 3539 3536 
30950 3531 3537 
31000 3550 3557 
31050 3533 3539 
31100 3539 3515 
31150 3528 3494 
31200 3555 3509 
31250 3547 3494 
31300 3551 3464 
31350 3537 3441 
31400 3552 3460 
31450 3522 3451 
31500 3541 3452 
31550 3534 3479 
31600 3541 3518 
31650 3537 3526 
31700 3545 3540 
31750 3547 3548 
31800 3559 3557 
31850 3545 3542 
31900 3539 3538 
31950 3548 3552 
32000 3542 3537 
32050 3539 3535 
32100 3537 3525 
32150 3548 3516 
32200 3544 3520 
32250 3540 3493 
32300 3534 3462 
32350 3534 3452 
32400 3541 3423 
32450 3537 3395 
32500 3546 3386 
32550 3534 3435 
32600 3553 3494 
32650 3553 3524 
32700 3534 3528 
32750 3535 3539 
32800 3556 3556 
32850 3553 3553 
32900 3559 3557 
32950 3563 3558 
33000 3542 3541 
33050 3531 3521 
33100 3538 3506 
33150 3558 3528 
33200 3561 3532 
33250 3532 3510 
33300 3528 3495 
33350 3537 3493 
33400 3529 3473 
33450 3538 3477 
33500 3541 3455 
33550 3553 3513 
33600 3549 3534 
33650 3550 3550 
33700 3549 3547 
33750 3550 3550 
33800 3544 3552 
33850 3546 3556 
33900 3536 3542 
33950 3548 3544 
34000 3550 3547 
34050 3548 3549 
34100 3538 3540 
34150 3541 3538 
34200 3555 3555 
34250 3544 3522 
34300 3560 3542 
34350 3547 3515 
34400 3547 3520 
34450 3554 3499 
34500 3553 3498 
34550 3560 3530 
34600 3543 3543 
34650 3551 3549 
34700 3546 3547 
34750 3555 3555 
34800 3547 3548 
34850 3553 3551 
34900 3551 3556 
34950 3546 3547 
35000 3553 3553 
35050 3553 3545 
35100 3553 3540 
35150 3532 3498 
35200 3550 3501 
35250 3557 3496 
35300 3544 3482 
35350 3543 3484 
35400 3547 3475 
35450 3563 3446 
35500 3549 3396 
35550 3551 3467 
35600 3541 3523 
35650 3541 3531 
35700 3552 3552 
35750 3547 3548 
35800 3553 3551 
35850 3558 3556 
35900 3536 3534 
35950 3542 3537 
36000 3532 3539 
36050 3531 3535 
36100 3555 3562 
36150 3557 3550 
36200 3533 3513 
36250 3550 3498 
36300 3548 3464 
36350 3544 3432 
36400 3539 3434 
36450 3534 3418 
36500 3537 3419 
36550 3553 3480 
36600 3551 3525 
36650 3554 3559 
36700 3549 3549 
36750 3541 3546 
36800 3548 3540 
36850 3542 3547 
36900 3551 3556 
36950 3543 3544 
37000 3535 3538 
37050 3542 3542 
37100 3543 3538 
37150 3536 3522 
37200 3548 3523 
37250 3534 3502 
37300 3545 3519 
37350 3546 3524 
37400 3542 3512 
37450 3540 3497 
37500 3550 3490 
37550 3539 3498 
37600 3546 3529 
37650 3545 3541 
37700 3565 3564 
37750 3546 3544 
37800 3561 3552 
37850 3552 3548 
37900 3558 3557 
37950 3550 3549 
38000 3545 3552 
38050 3548 3549 
38100 3536 3525 
38150 3557 3521 
38200 3535 3489 
38250 3552 3483 
38300 3548 3470 
38350 3549 3444 
38400 3538 3418 
38450 3559 3423 
38500 3557 3422 
38550 3542 3469 
38600 3553 3535 
38650 3563 3558 
38700 3536 3534 
38750 3545 3545 
38800 3548 3546 
38850 3545 3546 
38900 3554 3558 
38950 3553 3561 
39000 3536 3530 
39050 3523 3527 
39100 3548 3549 
39150 3556 3545 
39200 3543 3519 
39250 3546 3510 
39300 3556 3484 
39350 3547 3437 
39400 3533 3414 
39450 3546 3452 
39500 3540 3429 
39550 3543 3515 
39600 3547 3540 
39650 3538 3537 
39700 3552 3552 
39750 3545 3548 
39800 3533 3533 
39850 3554 3553 
39900 3558 3562 
39950 3535 3540 
40000 3548 3555 
40050 3555 3555 
40100 3553 3541 
40150 3551 3520 
40200 3559 3513 
40250 3551 3502 
40300 3554 3497 
40350 3540 3482 
40400 3548 3473 
40450 3556 3500 
40500 3540 3483 
40550 3528 3523 
40600 3526 3520 
40650 3541 3543 
40700 3524 3532 
40750 3558 3558 
40800 3558 3559 
40850 3540 3545 
40900 3543 3543 
40950 3539 3533 
41000 3539 3545 
41050 3528 3533 
41100 3548 3553 
41150 3548 3550 
41200 3559 3554 
41250 3551 3540 
41300 3553 3542 
41350 3545 3527 
41400 3545 3517 
41450 3541 3496 
41500 3547 3491 
41550 3548 3530 
41600 3548 3547 
41650 3546 3547 
41700 3560 3561 
41750 3542 3544 
41800 3545 3543 
41850 3549 3543 
41900 3537 3533 
41950 3551 3557 
42000 3547 3548 
42050 3544 3543 
42100 3547 3540 
42150 3551 3544 
42200 3555 3531 
42250 3542 3524 
42300 3556 3526 
42350 3544 3512 
42400 3543 3504 
42450 3548 3492 
42500 3552 3484 
42550 3537 3485 
42600 3546 3535 
42650 3550 3535 
42700 3550 3548 
42750 3553 3552 
42800 3567 3568 
42850 3543 3545 
42900 3553 3557 
42950 3546 3545 
43000 3542 3536 
43050 3562 3559 
43100 3552 3542 
43150 3541 3524 
43200 3546 3509 
43250 3552 3490 
43300 3537 3483 
43350 3551 3477 
43400 3542 3448 
43450 3552 3443 
43500 3555 3464 
43550 3550 3512 
43600 3561 3553 
43650 3552 3551 
43700 3555 3552 
43750 3558 3559 
43800 3551 3549 
43850 3544 3540 
43900 3548 3547 
43950 3550 3547 
44000 3560 3558 
44050 3549 3550 
44100 3553 3555 
44150 3522 3514 
44200 3548 3529 
44250 3547 3526 
44300 3539 3494 
44350 3552 3507 
44400 3538 3494 
44450 3545 3499 
44500 3562 3509 
44550 3553 3523 
44600 3549 3543 
44650 3540 3536 
44700 3560 3554 
44750 3540 3546 
44800 3533 3532 
44850 3552 3553 
44900 3534 3536 
44950 3552 3555 
45000 3557 3558 
45050 3544 3541 
45100 3554 3550 
45150 3542 3520 
45200 3541 3505 
45250 3558 3524 
45300 3544 3515 
45350 3561 3526 
45400 3558 3505 
45450 3548 3479 
45500 3560 3486 
45550 3562 3525 
45600 3529 3522 
45650 3547 3548 
45700 3538 3542 
45750 3542 3544 
45800 3545 3542 
45850 3538 3545 
45900 3555 3560 
45950 3550 3543 
46000 3545 3548 
46050 3549 3543 
46100 3559 3544 
46150 3550 3512 
46200 3548 3516 
46250 3525 3486 
46300 3543 3477 
46350 3547 3477 
46400 3550 3475 
46450 3549 3484 
46500 3550 3486 
46550 3554 3531 
46600 3548 3533 
46650 3535 3532 
46700 3549 3538 
46750 3550 3553 
46800 3552 3556 
46850 3557 3559 
46900 3547 3547 
46950 3545 3543 
47000 3553 3556 
47050 3533 3534 
47100 3533 3522 
47150 3552 3528 
47200 3535 3487 
47250 3554 3497 
47300 3556 3506 
47350 3562 3492 
47400 3554 3481 
47450 3549 3472 
47500 3537 3445 
47550 3527 3494 
47600 3536 3536 
47650 3550 3558 
47700 3556 3558 
47750 3558 3556 
47800 3547 3554 
47850 3540 3544 
47900 3528 3530 
47950 3546 3545 
48000 3564 3570 
48050 3554 3547 
48100 3544 3522 
48150 3536 3503 
48200 3548 3524 
48250 3536 3516 
48300 3550 3535 
48350 3523 3520 
48400 3549 3524 
48450 3555 3523 
48500 3559 3522 
48550 3547 3531 
48600 3545 3532 
48650 3554 3558 
48700 3551 3554 
48750 3568 3566 
48800 3549 3549 
48850 3566 3571 
48900 3547 3539 
48950 3553 3548 
49000 3539 3538 
49050 3541 3544 
49100 3554 3538 
49150 3537 3507 
49200 3542 3498 
49250 3547 3497 
49300 3554 3486 
49350 3541 3453 
49400 3544 3418 
49450 3543 3403 
49500 3547 3401 
49550 3556 3484 
49600 3530 3512 
49650 3546 3546 
49700 3545 3549 
49750 3541 3547 
49800 3550 3549 
49850 3560 3557 
49900 3551 3548 
49950 3552 3550 
50000 3548 3545 
50050 3560 3556 
50100 3545 3538 
50150 3556 3552 
50200 3564 3550 
50250 3564 3538 
50300 3546 3509 
50350 3542 3493 
50400 3545 3486 
50450 3518 3467 
50500 3538 3484 
50550 3546 3528 
50600 3547 3539 
50650 3538 3536 
50700 3551 3554 
50750 3556 3558 
50800 3551 3550 
50850 3537 3540 
50900 3547 3545 
50950 3528 3521 
51000 3542 3538 
51050 3544 3534 
51100 3549 3532 
51150 3547 3521 
51200 3564 3536 
51250 3548 3516 
51300 3552 3520 
51350 3554 3505 
51400 3551 3486 
51450 3546 3478 
51500 3559 3489 
51550 3548 3512 
51600 3545 3544 
51650 3554 3554 
51700 3547 3550 
51750 3549 3549 
51800 3551 3552 
51850 3544 3545 
51900 3562 3564 
51950 3554 3552 
52000 3556 3559 
52050 3547 3546 
52100 3555 3556 
52150 3543 3544 
52200 3559 3544 
52250 3553 3524 
52300 3553 3507 
52350 3550 3491 
52400 3549 3492 
52450 3557 3494 
52500 3547 3476 
52550 3544 3490 
52600 3549 3533 
52650 3544 3539 
52700 3542 3535 
52750 3543 3541 
52800 3555 3557 
52850 3548 3551 
52900 3555 3555 
52950 3553 3563 
53000 3559 3562 
53050 3539 3534 
53100 3547 3529 
53150 3545 3517 
53200 3541 3505 
53250 3544 3490 
53300 3535 3485 
53350 3555 3483 
53400 3548 3491 
53450 3556 3483 
53500 3541 3456 
53550 3540 3505 
53600 3561 3559 
53650 3562 3553 
53700 3555 3548 
53750 3552 3547 
53800 3548 3550 
53850 3545 3542 
53900 3547 3543 
53950 3540 3542 
54000 3554 3554 
54050 3547 3551 
54100 3546 3546 
54150 3550 3537 
54200 3559 3532 
54250 3544 3518 
54300 3550 3526 
54350 3559 3514 
54400 3543 3487 
54450 3547 3504 
54500 3549 3506 
54550 3559 3537 
54600 3553 3551 
54650 3551 3550 
54700 3545 3546 
54750 3540 3545 
54800 3545 3541 
54850 3545 3545 
54900 3542 3539 
54950 3546 3544 
55000 3549 3547 
55050 3543 3539 
55100 3542 3528 
55150 3553 3509 
55200 3568 3533 
55250 3543 3496 
55300 3547 3494 
55350 3567 3521 
55400 3550 3498 
55450 3551 3482 
55500 3558 3469 
55550 3548 3500 
55600 3538 3524 
55650 3536 3538 
55700 3542 3537 
55750 3557 3552 
55800 3558 3548 
55850 3530 3534 
55900 3535 3540 
55950 3555 3555 
56000 3556 3559 
56050 3538 3539 
56100 3539 3528 
56150 3542 3512 
56200 3554 3508 
56250 3545 3483 
56300 3544 3461 
56350 3559 3472 
56400 3557 3435 
56450 3543 3434 
56500 3549 3435 
56550 3537 3479 
56600 3553 3539 
56650 3537 3532 
56700 3542 3545 
56750 3552 3554 
56800 3539 3533 
56850 3550 3545 
56900 3545 3550 
56950 3556 3553 
57000 3549 3548 
57050 3551 3552 
57100 3551 3546 
57150 3555 3552 
57200 3552 3546 
57250 3545 3527 
57300 3530 3498 
57350 3556 3484 
57400 3567 3486 
57450 3545 3478 
57500 3553 3486 
57550 3544 3499 
57600 3549 3532 
57650 3538 3532 
57700 3539 3540 
57750 3560 3558 
57800 3538 3538 
57850 3540 3544 
57900 3550 3552 
57950 3543 3541 
58000 3541 3540 
58050 3543 3543 
58100 3546 3544 
58150 3560 3535 
58200 3558 3526 
58250 3551 3504 
58300 3554 3484 
58350 3543 3471 
58400 3555 3476 
58450 3558 3485 
58500 3557 3468 
58550 3563 3532 
58600 3542 3540 
58650 3535 3527 
58700 3548 3551 
58750 3551 3559 
58800 3553 3552 
58850 3546 3546 
58900 3553 3544 
58950 3549 3538 
59000 3554 3553 
59050 3544 3529 
59100 3540 3509 
59150 3561 3524 
59200 3555 3509 
59250 3545 3493 
59300 3539 3468 
59350 3544 3450 
59400 3558 3440 
59450 3545 3442 
59500 3547 3450 
59550 3534 3482 
59600 3545 3529 
59650 3528 3530 
59700 3545 3544 
59750 3546 3540 
59800 3554 3556 
59850 3540 3542 
59900 3535 3535 
59950 3552 3552 
60000 3556 3549 
60050 3550 3544 
60100 3554 3529 
60150 3544 3502 
60200 3548 3482 
60250 3550 3476 
60300 3549 3475 
60350 3541 3463 
60400 3543 3462 
60450 3548 3472 
60500 3557 3457 
60550 3534 3486 
60600 3555 3542 
60650 3557 3551 
60700 3545 3544 
60750 3554 3550 
60800 3561 3560 
60850 3533 3528 
60900 3547 3552 
60950 3546 3549 
61000 3554 3553 
61050 3560 3553 
61100 3553 3533 
61150 3540 3505 
61200 3554 3521 
61250 3555 3513 
61300 3554 3482 
61350 3553 3445 
61400 3541 3424 
61450 3543 3431 
61500 3568 3427 
61550 3547 3496 
61600 3551 3542 
61650 3542 3537 
61700 3529 3520 
61750 3529 3525 
61800 3551 3550 
61850 3548 3552 
61900 3554 3554 
61950 3555 3552 
62000 3542 3544 
62050 3550 3546 
62100 3543 3532 
62150 3543 3526 
62200 3552 3519 
62250 3553 3520 
62300 3552 3495 
62350 3546 3484 
62400 3546 3497 
62450 3542 3491 
62500 3539 3475 
62550 3551 3516 
62600 3534 3527 
62650 3546 3543 
62700 3549 3544 
62750 3535 3531 
62800 3534 3533 
62850 3548 3548 
62900 3558 3559 
62950 3547 3535 
63000 3540 3537 
63050 3532 3522 
63100 3548 3531 
63150 3544 3521 
63200 3550 3497 
63250 3558 3486 
63300 3545 3490 
63350 3552 3490 
63400 3556 3484 
63450 3533 3447 
63500 3552 3473 
63550 3537 3482 
63600 3528 3507 
63650 3558 3551 
63700 3549 3549 
63750 3550 3551 
63800 3539 3533 
63850 3558 3555 
63900 3555 3551 
63950 3554 3547 
64000 3549 3549 
64050 3542 3524 
64100 3558 3526 
64150 3554 3525 
64200 3546 3530 
64250 3559 3539 
64300 3570 3535 
64350 3558 3526 
64400 3551 3512 
64450 3544 3501 
64500 3553 3511 
64550 3541 3515 
64600 3549 3545 
64650 3560 3556 
64700 3542 3555 
64750 3536 3540 
64800 3561 3554 
64850 3551 3545 
64900 3557 3551 
64950 3534 3537 
65000 3556 3551 
65050 3556 3545 
65100 3561 3538 
65150 3556 3535 
65200 3550 3508 
65250 3543 3505 
65300 3552 3504 
65350 3558 3500 
65400 3563 3479 
65450 3555 3458 
65500 3548 3423 
65550 3549 3470 
65600 3550 3523 
65650 3537 3529 
65700 3548 3546 
65750 3542 3543 
65800 3537 3545 
65850 3548 3550 
65900 3549 3544 
65950 3536 3530 
66000 3550 3551 
66050 3549 3521 
66100 3540 3492 
66150 3555 3504 
66200 3558 3487 
66250 3546 3466 
66300 3535 3472 
66350 3543 3492 
66400 3542 3481 
66450 3541 3477 
66500 3539 3463 
66550 3540 3512 
66600 3556 3547 
66650 3563 3563 
66700 3564 3562 
66750 3550 3550 
66800 3542 3543 
66850 3540 3540 
66900 3551 3552 
66950 3548 3546 
67000 3530 3525 
67050 3534 3531 
67100 3540 3539 
67150 3560 3551 
67200 3543 3529 
67250 3549 3532 
67300 3561 3539 
67350 3548 3499 
67400 3548 3513 
67450 3562 3527 
67500 3545 3503 
67550 3550 3537 
67600 3532 3526 
67650 3544 3539 
67700 3538 3539 
67750 3541 3537 
67800 3534 3535 
67850 3552 3554 
67900 3543 3543 
67950 3552 3548 
68000 3555 3559 
68050 3533 3532 
68100 3558 3550 
68150 3550 3535 
68200 3536 3531 
68250 3547 3523 
68300 3550 3521 
68350 3540 3506 
68400 3566 3515 
68450 3551 3494 
68500 3536 3478 
68550 3549 3519 
68600 3542 3534 
68650 3541 3536 
68700 3538 3539 
68750 3530 3530 
68800 3550 3550 
68850 3551 3552 
68900 3553 3553 
68950 3540 3536 
69000 3547 3551 
69050 3557 3558 
69100 3553 3543 
69150 3546 3530 
69200 3558 3546 
69250 3538 3520 
69300 3534 3512 
69350 3525 3510 
69400 3555 3547 
69450 3541 3529 
69500 3543 3516 
69550 3543 3524 
69600 3536 3528 
69650 3542 3541 
69700 3549 3546 
69750 3555 3552 
69800 3553 3553 
69850 3542 3542 
69900 3544 3550 
69950 3566 3566 
70000 3553 3556 
70050 3540 3530 
70100 3550 3533 
70150 3557 3535 
70200 3548 3526 
70250 3546 3512 
70300 3552 3502 
70350 3544 3473 
70400 3549 3449 
70450 3547 3432 
70500 3545 3414 
70550 3535 3488 
70600 3538 3533 
70650 3559 3554 
70700 3552 3549 
70750 3551 3542 
70800 3552 3547 
70850 3559 3556 
70900 3559 3560 
70950 3563 3566 
71000 3558 3561 
71050 3530 3532 
71100 3545 3531 
71150 3548 3541 
71200 3561 3554 
71250 3547 3532 
71300 3536 3521 
71350 3546 3528 
71400 3535 3510 
71450 3565 3537 
71500 3542 3497 
71550 3539 3527 
71600 3554 3550 
71650 3545 3543 
71700 3550 3547 
71750 3546 3544 
71800 3547 3545 
71850 3525 3529 
71900 3542 3548 
71950 3533 3535 
72000 3552 3549 
72050 3558 3544 
72100 3559 3539 
72150 3557 3539 
72200 3554 3524 
72250 3551 3512 
72300 3543 3511 
72350 3548 3496 
72400 3548 3476 
72450 3548 3462 
72500 3559 3438 
72550 3556 3495 
72600 3557 3551 
72650 3546 3541 
72700 3556 3555 
72750 3550 3549 
72800 3542 3538 
72850 3540 3547 
72900 3541 3540 
72950 3521 3522 
73000 3543 3537 
73050 3551 3549 
73100 3554 3539 
73150 3554 3553 
73200 3541 3520 
73250 3565 3530 
73300 3558 3506 
73350 3550 3503 
73400 3542 3488 
73450 3541 3492 
73500 3545 3490 
73550 3540 3521 
73600 3543 3547 
73650 3549 3539 
73700 3547 3545 
73750 3549 3550 
73800 3552 3550 
73850 3542 3541 
73900 3551 3545 
73950 3550 3549 
74000 3539 3544 
74050 3541 3536 
74100 3548 3530 
74150 3549 3513 
74200 3540 3501 
74250 3557 3492 
74300 3541 3456 
74350 3536 3446 
74400 3546 3450 
74450 3541 3435 
74500 3563 3433 
74550 3538 3470 
74600 3541 3521 
74650 3553 3554 
74700 3552 3552 
74750 3550 3542 
74800 3543 3547 
74850 3553 3553 
74900 3561 3555 
74950 3546 3545 
75000 3554 3552 
75050 3542 3549 
75100 3550 3550 
75150 3543 3523 
75200 3540 3510 
75250 3549 3503 
75300 3548 3485 
75350 3562 3483 
75400 3550 3487 
75450 3555 3463 
75500 3555 3438 
75550 3556 3513 
75600 3548 3541 
75650 3547 3546 
75700 3535 3532 
75750 3553 3551 
75800 3551 3551 
75850 3546 3547 
75900 3543 3548 
75950 3547 3550 
76000 3536 3535 
76050 3550 3534 
76100 3561 3547 
76150 3533 3513 
76200 3550 3528 
76250 3559 3523 
76300 3540 3501 
76350 3559 3506 
76400 3547 3496 
76450 3559 3507 
76500 3535 3476 
76550 3550 3503 
76600 3539 3518 
76650 3539 3534 
76700 3539 3533 
76750 3542 3540 
76800 3552 3549 
76850 3559 3556 
76900 3554 3555 
76950 3539 3535 
77000 3549 3552 
77050 3541 3542 
77100 3544 3537 
77150 3550 3534 
77200 3547 3514 
77250 3534 3510 
77300 3545 3494 
77350 3545 3476 
77400 3559 3478 
77450 3544 3450 
77500 3537 3416 
77550 3562 3497 
77600 3557 3536 
77650 3559 3548 
77700 3531 3529 
77750 3565 3566 
77800 3544 3540 
77850 3547 3544 
77900 3548 3545 
77950 3552 3553 
78000 3560 3565 
78050 3539 3529 
78100 3544 3505 
78150 3549 3487 
78200 3534 3459 
78250 3547 3446 
78300 3555 3442 
78350 3541 3422 
78400 3536 3417 
78450 3552 3386 
78500 3544 3346 
78550 3544 3416 
78600 3559 3502 
78650 3545 3534 
78700 3541 3545 
78750 3545 3551 
78800 3551 3552 
78850 3552 3545 
78900 3564 3558 
78950 3561 3561 
79000 3553 3549 
79050 3552 3547 
79100 3547 3528 
79150 3559 3545 
79200 3545 3528 
79250 3531 3509 
79300 3547 3521 
79350 3541 3515 
79400 3543 3513 
79450 3546 3501 
79500 3552 3500 
79550 3553 3521 
79600 3545 3540 
79650 3547 3548 
79700 3551 3551 
79750 3542 3538 
79800 3564 3564 
79850 3550 3552 
79900 3559 3557 
79950 3557 3554 
80000 3555 3554 
80050 3538 3525 
80100 3551 3529 
80150 3549 3510 
80200 3549 3493 
80250 3539 3463 
80300 3551 3464 
80350 3553 3446 
80400 3543 3410 
80450 3556 3435 
80500 3548 3419 
80550 3542 3467 
80600 3552 3523 
80650 3540 3536 
80700 3553 3560 
80750 3551 3547 
80800 3549 3545 
80850 3556 3554 
80900 3554 3550 
80950 3551 3549 
81000 3539 3540 
81050 3544 3538 
81100 3551 3544 
81150 3546 3519 
81200 3553 3536 
81250 3522 3500 
81300 3554 3524 
81350 3557 3517 
81400 3545 3483 
81450 3547 3457 
81500 3555 3477 
81550 3546 3515 
81600 3536 3527 
81650 3543 3547 
81700 3563 3563 
81750 3553 3552 
81800 3555 3554 
81850 3563 3568 
81900 3560 3557 
81950 3547 3542 
82000 3556 3554 
82050 3545 3535 
82100 3562 3547 
82150 3541 3512 
82200 3559 3517 
82250 3562 3508 
82300 3547 3497 
82350 3557 3481 
82400 3531 3462 
82450 3539 3475 
82500 3537 3468 
82550 3553 3508 
82600 3556 3539 
82650 3540 3537 
82700 3551 3550 
82750 3552 3550 
82800 3538 3539 
82850 3538 3540 
82900 3554 3555 
82950 3555 3550 
83000 3556 3559 
83050 3554 3544 
83100 3535 3510 
83150 3549 3519 
83200 3551 3507 
83250 3547 3502 
83300 3546 3487 
83350 3540 3478 
83400 3546 3495 
83450 3519 3449 
83500 3545 3470 
83550 3555 3514 
83600 3550 3543 
83650 3550 3551 
83700 3562 3561 
83750 3540 3542 
83800 3548 3554 
83850 3549 3548 
83900 3544 3548 
83950 3549 3547 
84000 3555 3559 
84050 3549 3546 
84100 3559 3535 
84150 3555 3513 
84200 3549 3499 
84250 3549 3481 
84300 3564 3474 
84350 3554 3449 
84400 3556 3435 
84450 3550 3405 
84500 3543 3395 
84550 3532 3459 
84600 3545 3524 
84650 3559 3553 
84700 3562 3558 
84750 3549 3547 
84800 3559 3556 
84850 3536 3539 
84900 3517 3519 
84950 3529 3527 
85000 3537 3542 
85050 3533 3538 
85100 3561 3534 
85150 3550 3533 
85200 3549 3507 
85250 3557 3496 
85300 3540 3461 
85350 3539 3445 
85400 3546 3472 
85450 3538 3441 
85500 3554 3448 
85550 3533 3489 
85600 3545 3537 
85650 3543 3550 
85700 3573 3569 
85750 3550 3542 
85800 3551 3547 
85850 3548 3546 
85900 3542 3544 
85950 3556 3561 
86000 3541 3541 
86050 3545 3548 
86100 3547 3529 
86150 3550 3529 
86200 3552 3532 
86250 3560 3538 
86300 3555 3524 
86350 3557 3523 
86400 3554 3523 
86450 3565 3508 
86500 3552 3485 
86550 3544 3530 
86600 3544 3542 
86650 3567 3565 
86700 3561 3554 
86750 3547 3550 
86800 3547 3546 
86850 3541 3545 
86900 3542 3547 
86950 3539 3539 
87000 3548 3550 
87050 3548 3539 
87100 3552 3540 
87150 3550 3519 
87200 3563 3519 
87250 3538 3503 
87300 3550 3490 
87350 3549 3483 
87400 3552 3467 
87450 3558 3464 
87500 3546 3458 
87550 3561 3523 
87600 3568 3561 
87650 3555 3548 
87700 3543 3549 
87750 3534 3529 
87800 3543 3539 
87850 3551 3553 
87900 3553 3556 
87950 3541 3542 
88000 3536 3536 
88050 3544 3536 
88100 3539 3516 
88150 3555 3520 
88200 3555 3518 
88250 3554 3529 
88300 3542 3494 
88350 3538 3490 
88400 3537 3481 
88450 3560 3504 
88500 3552 3485 
88550 3543 3517 
88600 3546 3532 
88650 3546 3544 
88700 3570 3566 
88750 3558 3555 
88800 3545 3550 
88850 3556 3561 
88900 3545 3538 
88950 3554 3557 
89000 3553 3547 
89050 3554 3552 
89100 3551 3541 
89150 3565 3547 
89200 3556 3540 
89250 3537 3514 
89300 3548 3504 
89350 3552 3496 
89400 3547 3476 
89450 3557 3463 
89500 3539 3452 
89550 3552 3512 
89600 3551 3535 
89650 3556 3551 
89700 3559 3554 
89750 3542 3547 
89800 3551 3552 
89850 3550 3552 
89900 3553 3550 
89950 3539 3538 
90000 3533 3527 
90050 3543 3542 
90100 3548 3537 
90150 3559 3550 
90200 3558 3544 
90250 3561 3549 
90300 3543 3528 
90350 3545 3523 
90400 3546 3501 
90450 3539 3480 
90500 3541 3476 
90550 3532 3501 
90600 3552 3544 
90650 3552 3551 
90700 3564 3566 
90750 3556 3555 
90800 3559 3565 
90850 3550 3545 
90900 3557 3560 
90950 3538 3539 
91000 3547 3548 
91050 3538 3540 
91100 3562 3549 
91150 3560 3538 
91200 3525 3492 
91250 3536 3494 
91300 3544 3492 
91350 3547 3480 
91400 3560 3488 
91450 3557 3468 
91500 3542 3445 
91550 3534 3483 
91600 3542 3516 
91650 3543 3543 
91700 3546 3550 
91750 3544 3544 
91800 3546 3543 
91850 3542 3542 
91900 3550 3558 
91950 3552 3548 
92000 3561 3557 
92050 3549 3543 
92100 3543 3524 
92150 3554 3524 
92200 3551 3497 
92250 3545 3492 
92300 3553 3481 
92350 3549 3486 
92400 3552 3477 
92450 3556 3467 
92500 3549 3449 
92550 3548 3502 
92600 3567 3548 
92650 3558 3552 
92700 3548 3550 
92750 3558 3552 
92800 3555 3548 
92850 3554 3559 
92900 3545 3550 
92950 3516 3520 
93000 3539 3538 
93050 3546 3543 
93100 3557 3544 
93150 3541 3526 
93200 3564 3529 
93250 3564 3525 
93300 3550 3489 
93350 3543 3480 
93400 3554 3480 
93450 3545 3494 
93500 3552 3489 
93550 3547 3531 
93600 3540 3538 
93650 3558 3555 
93700 3565 3561 
93750 3541 3537 
93800 3546 3545 
93850 3565 3566 
93900 3549 3546 
93950 3551 3546 
94000 3553 3557 
94050 3543 3531 
94100 3554 3532 
94150 3539 3528 
94200 3558 3532 
94250 3561 3517 
94300 3573 3508 
94350 3544 3449 
94400 3543 3401 
94450 3544 3395 
94500 3556 3400 
94550 3557 3502 
94600 3548 3538 
94650 3552 3549 
94700 3556 3552 
94750 3570 3571 
94800 3549 3550 
94850 3541 3545 
94900 3558 3561 
94950 3559 3556 
95000 3561 3555 
95050 3540 3523 
95100 3541 3524 
95150 3551 3532 
95200 3567 3527 
95250 3539 3501 
95300 3542 3504 
95350 3542 3497 
95400 3527 3474 
95450 3549 3493 
95500 3552 3492 
95550 3558 3522 
95600 3550 3537 
95650 3547 3539 
95700 3540 3541 
95750 3560 3561 
95800 3550 3553 
95850 3550 3549 
95900 3543 3546 
95950 3536 3538 
96000 3546 3548 
96050 3555 3547 
96100 3562 3540 
96150 3546 3512 
96200 3544 3511 
96250 3546 3516 
96300 3536 3500 
96350 3551 3520 
96400 3567 3532 
96450 3553 3502 
96500 3550 3499 
96550 3554 3542 
96600 3542 3537 
96650 3535 3533 
96700 3545 3534 
96750 3562 3559 
96800 3560 3559 
96850 3545 3545 
96900 3542 3541 
96950 3547 3551 
97000 3553 3555 
97050 3564 3558 
97100 3547 3533 
97150 3540 3515 
97200 3545 3510 
97250 3545 3497 
97300 3538 3478 
97350 3546 3480 
97400 3533 3456 
97450 3542 3477 
97500 3549 3484 
97550 3553 3532 
97600 3533 3528 
97650 3542 3543 
97700 3550 3549 
97750 3563 3561 
97800 3546 3546 
97850 3538 3543 
97900 3545 3550 
97950 3547 3548 
98000 3547 3544 
98050 3548 3543 
98100 3544 3519 
98150 3553 3511 
98200 3544 3513 
98250 3563 3502 
98300 3538 3459 
98350 3543 3484 
98400 3526 3439 
98450 3548 3445 
98500 3546 3456 
98550 3538 3508 
98600 3556 3551 
98650 3552 3557 
98700 3557 3556 
98750 3549 3546 
98800 3558 3554 
98850 3548 3540 
98900 3548 3545 
98950 3560 3562 
99000 3555 3552 
99050 3542 3537 
99100 3561 3539 
99150 3552 3513 
99200 3543 3489 
99250 3535 3461 
99300 3553 3476 
99350 3535 3455 
99400 3552 3462 
99450 3556 3469 
99500 3562 3472 
99550 3549 3516 
99600 3547 3545 
99650 3551 3554 
99700 3545 3542 
99750 3541 3542 
99800 3561 3553 
99850 3544 3546 
99900 3543 3536 
99950 3536 3535 
100000 3549 3537 
100050 3561 3553 
100100 3544 3527 
100150 3559 3515 
100200 3546 3496 
100250 3544 3478 
100300 3552 3498 
100350 3539 3453 
100400 3550 3449 
100450 3546 3438 
100500 3534 3434 
100550 3544 3483 
100600 3564 3542 
100650 3550 3547 
100700 3550 3543 
100750 3548 3547 
100800 3547 3549 
100850 3554 3560 
100900 3560 3561 
100950 3553 3555 
101000 3553 3553 
101050 3539 3545 
101100 3540 3530 
101150 3545 3534 
101200 3553 3541 
101250 3546 3521 
101300 3535 3476 
101350 3558 3475 
101400 3542 3452 
101450 3557 3448 
101500 3540 3436 
101550 3546 3507 
101600 3552 3541 
101650 3551 3548 
101700 3545 3540 
101750 3544 3544 
101800 3533 3540 
101850 3550 3548 
101900 3561 3558 
101950 3545 3545 
102000 3529 3525 
102050 3556 3559 
102100 3552 3543 
102150 3556 3522 
102200 3559 3499 
102250 3544 3463 
102300 3544 3437 
102350 3547 3428 
102400 3565 3467 
102450 3564 3460 
102500 3553 3426 
102550 3542 3495 
102600 3548 3538 
102650 3556 3555 
102700 3554 3555 
102750 3553 3552 
102800 3546 3545 
102850 3563 3558 
102900 3538 3536 
102950 3560 3558 
103000 3546 3546 
103050 3536 3537 
103100 3551 3543 
103150 3553 3518 
103200 3540 3513 
103250 3553 3496 
103300 3546 3489 
103350 3550 3491 
103400 3556 3456 
103450 3529 3403 
103500 3555 3420 
103550 3553 3514 
103600 3545 3531 
103650 3550 3550 
103700 3537 3537 
103750 3559 3556 
103800 3547 3547 
103850 3556 3550 
103900 3559 3553 
103950 3554 3546 
104000 3548 3544 
104050 3554 3536 
104100 3550 3530 
104150 3546 3522 
104200 3559 3525 
104250 3552 3509 
104300 3536 3503 
104350 3551 3519 
104400 3565 3522 
104450 3540 3507 
104500 3564 3510 
104550 3542 3524 
104600 3542 3544 
104650 3555 3554 
104700 3557 3555 
104750 3556 3557 
104800 3551 3543 
104850 3558 3555 
104900 3553 3548 
104950 3536 3534 
105000 3530 3520 
105050 3549 3533 
105100 3533 3510 
105150 3537 3497 
105200 3528 3445 
105250 3554 3458 
105300 3560 3471 
105350 3565 3453 
105400 3552 3433 
105450 3556 3434 
105500 3535 3415 
105550 3541 3496 
105600 3542 3533 
105650 3546 3545 
105700 3538 3537 
105750 3545 3542 
105800 3558 3563 
105850 3544 3552 
105900 3528 3534 
105950 3531 3532 
106000 3555 3546 
106050 3553 3547 
106100 3544 3526 
106150 3551 3520 
106200 3547 3499 
106250 3545 3495 
106300 3541 3458 
106350 3561 3472 
106400 3549 3448 
106450 3539 3412 
106500 3543 3394 
106550 3555 3494 
106600 3557 3550 
106650 3554 3557 
106700 3550 3554 
106750 3551 3548 
106800 3559 3554 
106850 3537 3532 
106900 3546 3550 
106950 3536 3536 
107000 3550 3549 
107050 3546 3542 
107100 3538 3525 
107150 3560 3525 
107200 3557 3522 
107250 3565 3520 
107300 3559 3488 
107350 3555 3472 
107400 3560 3469 
107450 3553 3455 
107500 3559 3420 
107550 3548 3487 
107600 3544 3531 
107650 3535 3532 
107700 3536 3536 
107750 3540 3534 
107800 3535 3535 
107850 3541 3543 
107900 3535 3538 
107950 3546 3541 
108000 3542 3539 
108050 3547 3541 
108100 3533 3519 
108150 3546 3532 
108200 3549 3503 
108250 3542 3490 
108300 3544 3482 
108350 3550 3493 
108400 3540 3471 
108450 3551 3470 
108500 3540 3449 
108550 3542 3498 
108600 3544 3533 
108650 3535 3532 
108700 3564 3568 
108750 3546 3543 
108800 3551 3554 
108850 3543 3537 
108900 3555 3560 
108950 3557 3553 
109000 3533 3528 
109050 3543 3539 
109100 3541 3540 
109150 3551 3527 
109200 3544 3528 
109250 3559 3515 
109300 3539 3487 
109350 3548 3479 
109400 3552 3486 
109450 3545 3456 
109500 3549 3466 
109550 3540 3500 
109600 3537 3534 
109650 3553 3550 
109700 3559 3560 
109750 3553 3547 
109800 3551 3546 
109850 3559 3551 
109900 3556 3557 
109950 3553 3554 
110000 3559 3560 
110050 3551 3550 
110100 3559 3540 
110150 3555 3519 
110200 3542 3510 
110250 3549 3502 
110300 3546 3493 
110350 3563 3490 
110400 3548 3456 
110450 3562 3469 
110500 3552 3411 
110550 3547 3498 
110600 3547 3538 
110650 3544 3542 
110700 3550 3550 
110750 3557 3554 
110800 3550 3544 
110850 3554 3549 
110900 3548 3542 
110950 3553 3538 
111000 3541 3533 
111050 3542 3533 
111100 3547 3527 
111150 3547 3534 
111200 3553 3508 
111250 3543 3474 
111300 3558 3465 
111350 3542 3441 
111400 3548 3437 
111450 3542 3420 
111500 3549 3410 
111550 3541 3479 
111600 3541 3524 
111650 3552 3548 
111700 3551 3553 
111750 3542 3543 
111800 3545 3549 
111850 3549 3548 
111900 3555 3554 
111950 3551 3547 
112000 3547 3541 
112050 3545 3528 
112100 3550 3516 
112150 3549 3515 
112200 3563 3511 
112250 3561 3528 
112300 3554 3528 
112350 3545 3487 
112400 3552 3482 
112450 3547 3445 
112500 3575 3456 
112550 3557 3513 
112600 3542 3526 
112650 3547 3543 
112700 3548 3545 
112750 3556 3560 
112800 3545 3547 
112850 3549 3550 
112900 3547 3550 
112950 3554 3554 
113000 3543 3547 
113050 3543 3542 
113100 3553 3551 
113150 3541 3505 
113200 3542 3496 
113250 3552 3483 
113300 3541 3447 
113350 3548 3433 
113400 3539 3413 
113450 3556 3403 
113500 3551 3411 
113550 3540 3493 
113600 3546 3537 
113650 3563 3559 
113700 3530 3537 
113750 3552 3554 
113800 3531 3535 
113850 3535 3540 
113900 3552 3550 
113950 3548 3546 
114000 3550 3546 
114050 3553 3539 
114100 3550 3523 
114150 3548 3521 
114200 3526 3483 
114250 3550 3509 
114300 3551 3490 
114350 3561 3482 
114400 3545 3478 
114450 3549 3446 
114500 3541 3422 
114550 3561 3508 
114600 3544 3532 
114650 3557 3563 
114700 3541 3543 
114750 3557 3555 
114800 3538 3535 
114850 3547 3549 
114900 3553 3553 
114950 3555 3551 
115000 3550 3544 
115050 3540 3538 
115100 3553 3547 
115150 3533 3523 
115200 3536 3502 
115250 3555 3516 
115300 3534 3501 
115350 3550 3478 
115400 3543 3457 
115450 3561 3467 
115500 3546 3437 
115550 3536 3488 
115600 3540 3532 
115650 3549 3553 
115700 3539 3542 
115750 3546 3543 
115800 3540 3544 
115850 3547 3546 
115900 3554 3556 
115950 3540 3547 
116000 3563 3561 
116050 3548 3541 
116100 3517 3506 
116150 3554 3512 
116200 3553 3502 
116250 3548 3495 
116300 3558 3501 
116350 3528 3459 
116400 3559 3480 
116450 3548 3462 
116500 3568 3486 
116550 3564 3534 
116600 3540 3532 
116650 3548 3536 
116700 3554 3537 
116750 3546 3544 
116800 3538 3538 
116850 3549 3554 
116900 3554 3559 
116950 3536 3541 
117000 3553 3554 
117050 3541 3535 
117100 3559 3545 
117150 3548 3511 
117200 3544 3495 
117250 3536 3481 
117300 3562 3490 
117350 3541 3470 
117400 3550 3478 
117450 3545 3492 
117500 3542 3447 
117550 3549 3518 
117600 3537 3538 
117650 3542 3536 
117700 3547 3549 
117750 3557 3556 
117800 3550 3547 
117850 3547 3545 
117900 3560 3563 
117950 3545 3549 
118000 3549 3548 
118050 3544 3545 
118100 3551 3538 
118150 3564 3540 
118200 3552 3508 
118250 3545 3476 
118300 3557 3499 
118350 3550 3492 
118400 3546 3475 
118450 3541 3459 
118500 3548 3468 
118550 3541 3518 
118600 3547 3537 
118650 3535 3538 
118700 3545 3548 
118750 3547 3542 
118800 3558 3557 
118850 3547 3535 
118900 3533 3535 
118950 3542 3536 
119000 3552 3552 
119050 3552 3552 
119100 3558 3544 
119150 3545 3510 
119200 3528 3480 
119250 3546 3470 
119300 3554 3456 
119350 3546 3429 
119400 3544 3399 
119450 3552 3356 
119500 3535 3340 
119550 3548 3470 
119600 3533 3515 
119650 3547 3543 
119700 3541 3540 
119750 3538 3538 
119800 3543 3537 
119850 3541 3538 
119900 3555 3554 
119950 3557 3561 
120000 3556 3558 
120050 3542 3546 
120100 3537 3529 
120150 3550 3534 
120200 3550 3529 
120250 3539 3500 
120300 3543 3477 
120350 3562 3464 
120400 3550 3441 
120450 3552 3394 
120500 3549 3339 
120550 3538 3452 
120600 3555 3539 
120650 3547 3541 
120700 3549 3546 
120750 3541 3538 
120800 3547 3544 
120850 3530 3534 
120900 3560 3561 
120950 3551 3545 
121000 3558 3559 
121050 3558 3556 
121100 3542 3528 
121150 3549 3488 
121200 3561 3475 
121250 3557 3451 
121300 3543 3452 
121350 3543 3415 
121400 3558 3412 
121450 3539 3368 
121500 3544 3323 
121550 3554 3451 
121600 3555 3535 
121650 3551 3540 
121700 3523 3525 
121750 3556 3550 
121800 3554 3553 
121850 3546 3542 
121900 3558 3552 
121950 3544 3538 
122000 3537 3532 
122050 3532 3532 
122100 3525 3492 
122150 3557 3507 
122200 3568 3474 
122250 3521 3443 
122300 3540 3464 
122350 3561 3474 
122400 3544 3434 
122450 3553 3392 
122500 3552 3407 
122550 3530 3479 
122600 3533 3526 
122650 3542 3544 
122700 3545 3546 
122750 3566 3565 
122800 3542 3546 
122850 3559 3559 
122900 3565 3558 
122950 3523 3524 
123000 3532 3535 
123050 3546 3547 
123100 3550 3544 
123150 3559 3527 
123200 3548 3512 
123250 3553 3491 
123300 3531 3465 
123350 3551 3474 
123400 3551 3444 
123450 3540 3430 
123500 3563 3431 
123550 3556 3505 
123600 3560 3542 
123650 3560 3549 
123700 3554 3553 
123750 3541 3550 
123800 3564 3550 
123850 3541 3542 
123900 3552 3546 
123950 3552 3549 
124000 3544 3543 
124050 3542 3542 
124100 3543 3527 
124150 3545 3498 
124200 3544 3483 
124250 3554 3480 
124300 3545 3451 
124350 3551 3465 
124400 3545 3436 
124450 3564 3464 
124500 3563 3453 
124550 3549 3514 
124600 3546 3542 
124650 3540 3539 
124700 3541 3539 
124750 3543 3545 
124800 3548 3556 
124850 3539 3537 
124900 3544 3543 
124950 3534 3526 
125000 3546 3546 
125050 3552 3557 
125100 3556 3536 
125150 3542 3507 
125200 3560 3535 
125250 3544 3496 
125300 3533 3483 
125350 3543 3474 
125400 3544 3460 
125450 3537 3417 
125500 3545 3391 
125550 3526 3452 
125600 3554 3526 
125650 3560 3550 
125700 3534 3537 
125750 3548 3550 
125800 3551 3547 
125850 3538 3540 
125900 3549 3549 
125950 3545 3543 
126000 3545 3544 
126050 3545 3539 
126100 3559 3541 
126150 3544 3517 
126200 3556 3509 
126250 3545 3482 
126300 3550 3465 
126350 3546 3421 
126400 3530 3414 
126450 3538 3419 
126500 3561 3423 
126550 3546 3487 
126600 3537 3507 
126650 3548 3547 
126700 3547 3545 
126750 3553 3538 
126800 3549 3546 
126850 3559 3554 
126900 3543 3539 
126950 3536 3535 
127000 3540 3540 
127050 3551 3548 
127100 3531 3500 
127150 3545 3486 
127200 3558 3495 
127250 3548 3463 
127300 3544 3408 
127350 3565 3410 
127400 3548 3379 
127450 3536 3333 
127500 3551 3350 
127550 3549 3480 
127600 3542 3536 
127650 3569 3565 
127700 3546 3547 
127750 3538 3527 
127800 3553 3553 
127850 3536 3534 
127900 3555 3552 
127950 3554 3546 
128000 3546 3536 
128050 3543 3520 
128100 3550 3529 
128150 3544 3488 
128200 3551 3459 
128250 3556 3462 
128300 3551 3431 
128350 3545 3429 
128400 3536 3406 
128450 3519 3397 
128500 3536 3391 
128550 3544 3496 
128600 3535 3524 
128650 3560 3547 
128700 3548 3531 
128750 3543 3531 
128800 3545 3547 
128850 3549 3547 
128900 3545 3546 
128950 3552 3546 
129000 3560 3555 
129050 3529 3521 
129100 3555 3520 
129150 3551 3486 
129200 3543 3469 
129250 3557 3448 
129300 3557 3426 
129350 3551 3437 
129400 3542 3413 
129450 3555 3400 
129500 3548 3367 
129550 3548 3473 
129600 3542 3525 
129650 3555 3556 
129700 3558 3552 
129750 3554 3543 
129800 3541 3536 
129850 3530 3528 
129900 3534 3539 
129950 3538 3539 
130000 3548 3546 
130050 3551 3525 
130100 3549 3504 
130150 3548 3463 
130200 3558 3439 
130250 3541 3410 
130300 3548 3365 
130350 3552 3326 
130400 3551 3303 
130450 3543 3267 
130500 3537 3221 
130550 3548 3414 
130600 3542 3500 
130650 3559 3538 
130700 3553 3548 
130750 3520 3523 
130800 3553 3554 
130850 3563 3555 
130900 3550 3550 
130950 3538 3549 
131000 3550 3541 
131050 3559 3536 
131100 3543 3503 
131150 3555 3482 
131200 3561 3464 
131250 3563 3450 
131300 3554 3425 
131350 3559 3431 
131400 3542 3452 
131450 3544 3407 
131500 3535 3375 
131550 3547 3495 
131600 3550 3542 
131650 3550 3543 
131700 3566 3559 
131750 3538 3532 
131800 3537 3541 
131850 3551 3547 
131900 3550 3541 
131950 3549 3543 
132000 3548 3544 
132050 3544 3531 
132100 3552 3526 
132150 3557 3504 
132200 3551 3487 
132250 3561 3464 
132300 3548 3396 
132350 3557 3374 
132400 3534 3349 
132450 3557 3314 
132500 3532 3270 
132550 3548 3457 
132600 3547 3537 
132650 3546 3538 
132700 3556 3551 
132750 3551 3549 
132800 3538 3535 
132850 3554 3541 
132900 3549 3547 
132950 3564 3564 
133000 3553 3549 
133050 3540 3539 
133100 3560 3532 
133150 3543 3512 
133200 3530 3474 
133250 3551 3440 
133300 3544 3439 
133350 3553 3389 
133400 3533 3316 
133450 3538 3288 
133500 3547 3249 
133550 3557 3434 
133600 3546 3529 
133650 3540 3538 
133700 3550 3547 
133750 3552 3551 
133800 3554 3548 
133850 3542 3540 
133900 3539 3536 
133950 3536 3537 
134000 3540 3547 
134050 3564 3558 
134100 3542 3522 
134150 3547 3494 
134200 3559 3493 
134250 3551 3474 
134300 3559 3457 
134350 3548 3438 
134400 3543 3377 
134450 3567 3429 
134500 3554 3414 
134550 3549 3476 
134600 3535 3521 
134650 3533 3532 
134700 3543 3542 
134750 3544 3542 
134800 3539 3543 
134850 3540 3541 
134900 3547 3541 
134950 3533 3529 
135000 3548 3540 
135050 3537 3533 
135100 3548 3497 
135150 3547 3464 
135200 3541 3426 
135250 3550 3402 
135300 3547 3372 
135350 3541 3359 
135400 3557 3333 
135450 3542 3303 
135500 3565 3337 
135550 3551 3462 
135600 3545 3530 
135650 3535 3542 
135700 3555 3557 
135750 3541 3534 
135800 3548 3547 
135850 3550 3539 
135900 3551 3544 
135950 3531 3528 
136000 3540 3537 
136050 3547 3535 
136100 3541 3502 
136150 3553 3460 
136200 3546 3433 
136250 3542 3416 
136300 3553 3384 
136350 3543 3336 
136400 3550 3333 
136450 3548 3315 
136500 3557 3291 
136550 3546 3447 
136600 3557 3530 
136650 3539 3540 
136700 3551 3547 
136750 3555 3539 
136800 3558 3556 
136850 3548 3541 
136900 3542 3540 
136950 3554 3558 
137000 3566 3565 
137050 3547 3538 
137100 3561 3538 
137150 3532 3474 
137200 3553 3498 
137250 3539 3465 
137300 3539 3450 
137350 3547 3438 
137400 3541 3400 
137450 3556 3424 
137500 3557 3404 
137550 3551 3511 
137600 3552 3542 
137650 3541 3540 
137700 3544 3548 
137750 3539 3545 
137800 3559 3552 
137850 3551 3540 
137900 3542 3540 
137950 3544 3541 
138000 3553 3540 
138050 3557 3544 
138100 3533 3511 
138150 3541 3500 
138200 3554 3506 
138250 3557 3511 
138300 3547 3489 
138350 3536 3496 
138400 3544 3501 
138450 3543 3495 
138500 3544 3484 
138550 3551 3528 
138600 3536 3530 
138650 3548 3542 
138700 3548 3542 
138750 3547 3550 
138800 3540 3538 
138850 3546 3542 
138900 3569 3569 
138950 3560 3560 
139000 3554 3555 
139050 3547 3543 
139100 3522 3512 
139150 3551 3535 
139200 3540 3507 
139250 3560 3524 
139300 3545 3493 
139350 3549 3479 
139400 3537 3460 
139450 3543 3434 
139500 3554 3455 
139550 3543 3509 
139600 3543 3540 
139650 3568 3556 
139700 3557 3550 
139750 3558 3553 
139800 3542 3543 
139850 3553 3544 
139900 3554 3557 
139950 3552 3554 
140000 3556 3547 
140050 3542 3542 
140100 3554 3539 
140150 3549 3525 
140200 3547 3503 
140250 3539 3495 
140300 3559 3498 
140350 3551 3498 
140400 3554 3484 
140450 3555 3469 
140500 3548 3449 
140550 3536 3507 
140600 3542 3547 
140650 3548 3542 
140700 3553 3554 
140750 3545 3542 
140800 3546 3542 
140850 3538 3545 
140900 3550 3541 
140950 3553 3547 
141000 3546 3545 
141050 3543 3525 
141100 3546 3490 
141150 3535 3462 
141200 3534 3431 
141250 3560 3446 
141300 3549 3394 
141350 3546 3380 
141400 3524 3327 
141450 3539 3343 
141500 3547 3307 
141550 3547 3472 
141600 3550 3533 
141650 3554 3552 
141700 3563 3557 
141750 3553 3539 
141800 3541 3538 
141850 3542 3541 
141900 3544 3537 
141950 3540 3541 
142000 3546 3549 
142050 3544 3530 
142100 3529 3504 
142150 3537 3507 
142200 3559 3520 
142250 3558 3509 
142300 3551 3480 
142350 3556 3463 
142400 3540 3424 
142450 3546 3419 
142500 3541 3372 
142550 3545 3472 
142600 3537 3532 
142650 3543 3536 
142700 3543 3541 
142750 3550 3549 
142800 3555 3555 
142850 3550 3546 
142900 3530 3527 
142950 3555 3554 
143000 3550 3551 
143050 3554 3544 
143100 3552 3530 
143150 3535 3507 
143200 3547 3531 
143250 3560 3507 
143300 3546 3471 
143350 3538 3453 
143400 3543 3450 
143450 3549 3447 
143500 3559 3434 
143550 3544 3500 
143600 3523 3526 
143650 3541 3545 
143700 3555 3547 
143750 3552 3549 
143800 3545 3543 
143850 3555 3547 
143900 3538 3539 
143950 3541 3543 
144000 3549 3551 
144050 3542 3531 
144100 3560 3530 
144150 3555 3508 
144200 3552 3488 
144250 3563 3506 
144300 3558 3498 
144350 3549 3443 
144400 3543 3394 
144450 3547 3403 
144500 3547 3390 
144550 3540 3481 
144600 3536 3520 
144650 3536 3545 
144700 3527 3531 
144750 3546 3549 
144800 3540 3541 
144850 3546 3545 
144900 3538 3536 
144950 3555 3550 
145000 3555 3543 
145050 3548 3536 
145100 3554 3522 
145150 3555 3502 
145200 3551 3500 
145250 3541 3483 
145300 3546 3441 
145350 3546 3412 
145400 3567 3393 
145450 3550 3358 
145500 3532 3304 
145550 3556 3461 
145600 3563 3551 
145650 3547 3544 
145700 3539 3539 
145750 3552 3552 
145800 3550 3546 
145850 3555 3548 
145900 3547 3547 
145950 3549 3543 
146000 3543 3540 
146050 3531 3533 
146100 3554 3515 
146150 3538 3477 
146200 3539 3483 
146250 3530 3460 
146300 3546 3462 
146350 3553 3457 
146400 3542 3460 
146450 3533 3433 
146500 3534 3424 
146550 3554 3518 
146600 3542 3539 
146650 3544 3539 
146700 3550 3537 
146750 3543 3538 
146800 3543 3547 
146850 3539 3537 
146900 3560 3553 
146950 3542 3536 
147000 3550 3556 
147050 3521 3505 
147100 3545 3521 
147150 3555 3511 
147200 3553 3501 
147250 3544 3482 
147300 3565 3495 
147350 3542 3457 
147400 3527 3392 
147450 3542 3355 
147500 3546 3368 
147550 3535 3459 
147600 3528 3523 
147650 3550 3536 
147700 3568 3554 
147750 3554 3552 
147800 3550 3541 
147850 3547 3548 
147900 3536 3534 
147950 3538 3537 
148000 3543 3541 
148050 3560 3543 
148100 3552 3510 
148150 3568 3495 
148200 3555 3480 
148250 3519 3443 
148300 3540 3457 
148350 3542 3449 
148400 3555 3430 
148450 3556 3457 
148500 3559 3420 
148550 3548 3502 
148600 3552 3545 
148650 3546 3549 
148700 3549 3548 
148750 3555 3554 
148800 3555 3551 
148850 3564 3558 
148900 3557 3553 
148950 3556 3548 
149000 3553 3547 
149050 3561 3531 
149100 3543 3519 
149150 3556 3526 
149200 3556 3488 
149250 3542 3430 
149300 3548 3402 
149350 3538 3383 
149400 3539 3357 
149450 3545 3357 
149500 3555 3362 
149550 3560 3488 
149600 3564 3550 
149650 3556 3546 
149700 3550 3548 
149750 3529 3523 
149800 3543 3541 
149850 3544 3552 
149900 3561 3555 
149950 3562 3565 
150000 3542 3538 
150050 3536 3535 
150100 3529 3515 
150150 3565 3509 
150200 3538 3460 
150250 3545 3439 
150300 3554 3437 
150350 3552 3431 
150400 3541 3376 
150450 3526 3362 
150500 3551 3355 
150550 3548 3425 
150600 3555 3527 
150650 3548 3541 
150700 3548 3546 
150750 3542 3539 
150800 3556 3554 
150850 3554 3547 
150900 3548 3541 
150950 3555 3549 
151000 3566 3553 
151050 3546 3524 
151100 3554 3506 
151150 3550 3501 
151200 3544 3474 
151250 3552 3488 
151300 3552 3474 
151350 3542 3472 
151400 3543 3461 
151450 3546 3439 
151500 3555 3396 
151550 3550 3496 
151600 3559 3539 
151650 3557 3547 
151700 3565 3558 
151750 3554 3551 
151800 3554 3553 
151850 3546 3536 
151900 3553 3555 
151950 3568 3562 
152000 3554 3546 
152050 3541 3529 
152100 3549 3502 
152150 3539 3483 
152200 3550 3494 
152250 3550 3486 
152300 3547 3462 
152350 3559 3440 
152400 3528 3384 
152450 3556 3379 
152500 3569 3377 
152550 3552 3478 
152600 3541 3519 
152650 3542 3538 
152700 3549 3542 
152750 3538 3538 
152800 3544 3540 
152850 3546 3545 
152900 3544 3538 
152950 3534 3528 
153000 3560 3553 
153050 3557 3535 
153100 3556 3517 
153150 3549 3490 
153200 3543 3460 
153250 3542 3448 
153300 3552 3414 
153350 3549 3395 
153400 3542 3372 
153450 3552 3322 
153500 3558 3361 
153550 3542 3464 
153600 3534 3505 
153650 3546 3550 
153700 3562 3558 
153750 3546 3540 
153800 3549 3547 
153850 3546 3543 
153900 3536 3532 
153950 3544 3542 
154000 3542 3541 
154050 3567 3555 
154100 3561 3533 
154150 3538 3498 
154200 3554 3496 
154250 3555 3482 
154300 3561 3484 
154350 3554 3473 
154400 3545 3440 
154450 3546 3462 
154500 3552 3420 
154550 3525 3470 
154600 3539 3513 
154650 3546 3539 
154700 3550 3550 
154750 3575 3570 
154800 3572 3571 
154850 3555 3546 
154900 3548 3541 
154950 3536 3536 
155000 3545 3542 
155050 3533 3528 
155100 3538 3517 
155150 3550 3504 
155200 3540 3474 
155250 3550 3449 
155300 3544 3425 
155350 3566 3409 
155400 3558 3374 
155450 3557 3362 
155500 3545 3336 
155550 3558 3477 
155600 3542 3520 
155650 3543 3543 
155700 3543 3541 
155750 3533 3539 
155800 3558 3561 
155850 3548 3547 
155900 3557 3552 
155950 3560 3552 
156000 3549 3539 
156050 3560 3547 
156100 3577 3558 
156150 3562 3513 
156200 3542 3470 
156250 3553 3471 
156300 3548 3454 
156350 3562 3453 
156400 3551 3449 
156450 3557 3403 
156500 3547 3377 
156550 3541 3473 
156600 3538 3510 
156650 3559 3558 
156700 3560 3557 
156750 3550 3539 
156800 3545 3540 
156850 3546 3543 
156900 3550 3546 
156950 3557 3554 
157000 3556 3552 
157050 3551 3534 
157100 3545 3521 
157150 3550 3492 
157200 3554 3447 
157250 3556 3423 
157300 3546 3423 
157350 3574 3391 
157400 3546 3357 
157450 3557 3344 
157500 3550 3323 
157550 3546 3461 
157600 3549 3522 
157650 3545 3535 
157700 3547 3545 
157750 3557 3547 
157800 3552 3550 
157850 3560 3554 
157900 3554 3545 
157950 3545 3539 
158000 3536 3528 
158050 3558 3544 
158100 3539 3517 
158150 3538 3503 
158200 3539 3483 
158250 3552 3466 
158300 3542 3458 
158350 3555 3434 
158400 3556 3457 
158450 3562 3422 
158500 3547 3392 
158550 3547 3486 
158600 3547 3537 
158650 3560 3543 
158700 3531 3527 
158750 3558 3549 
158800 3533 3525 
158850 3554 3545 
158900 3550 3540 
158950 3559 3553 
159000 3537 3534 
159050 3554 3545 
159100 3562 3537 
159150 3551 3508 
159200 3545 3481 
159250 3544 3461 
159300 3560 3492 
159350 3552 3464 
159400 3564 3441 
159450 3561 3425 
159500 3560 3386 
159550 3556 3471 
159600 3548 3518 
159650 3543 3539 
159700 3535 3529 
159750 3556 3544 
159800 3541 3534 
159850 3563 3557 
159900 3563 3557 
159950 3564 3556 
160000 3540 3538 
160050 3541 3540 
160100 3537 3515 
160150 3569 3504 
160200 3562 3461 
160250 3545 3439 
160300 3539 3419 
160350 3539 3399 
160400 3548 3390 
160450 3543 3355 
160500 3560 3327 
160550 3542 3482 
160600 3543 3533 
160650 3564 3552 
160700 3539 3533 
160750 3558 3557 
160800 3546 3546 
160850 3551 3551 
160900 3541 3529 
160950 3558 3553 
161000 3549 3547 
161050 3557 3550 
161100 3547 3504 
161150 3557 3507 
161200 3523 3460 
161250 3547 3482 
161300 3543 3484 
161350 3562 3445 
161400 3558 3418 
161450 3532 3360 
161500 3544 3354 
161550 3541 3471 
161600 3555 3535 
161650 3560 3554 
161700 3542 3540 
161750 3568 3563 
161800 3569 3564 
161850 3559 3563 
161900 3559 3553 
161950 3546 3546 
162000 3540 3530 
162050 3557 3543 
162100 3557 3503 
162150 3552 3519 
162200 3548 3511 
162250 3547 3491 
162300 3539 3470 
162350 3549 3433 
162400 3547 3415 
162450 3548 3391 
162500 3555 3381 
162550 3563 3492 
162600 3554 3544 
162650 3554 3543 
162700 3557 3554 
162750 3547 3541 
162800 3550 3549 
162850 3558 3556 
162900 3540 3540 
162950 3565 3563 
163000 3553 3547 
163050 3560 3554 
163100 3554 3530 
163150 3555 3502 
163200 3546 3488 
163250 3565 3497 
163300 3555 3474 
163350 3551 3444 
163400 3551 3452 
163450 3542 3408 
163500 3578 3423 
163550 3547 3491 
163600 3540 3526 
163650 3556 3549 
163700 3541 3541 
163750 3534 3533 
163800 3552 3554 
163850 3540 3544 
163900 3556 3558 
163950 3536 3530 
164000 3556 3552 
164050 3550 3543 
164100 3559 3524 
164150 3551 3482 
164200 3535 3443 
164250 3541 3418 
164300 3533 3394 
164350 3546 3377 
164400 3532 3329 
164450 3544 3299 
164500 3551 3251 
164550 3549 3454 
164600 3532 3513 
164650 3553 3545 
164700 3548 3536 
164750 3552 3547 
164800 3551 3543 
164850 3546 3546 
164900 3557 3555 
164950 3529 3528 
165000 3546 3539 
165050 3550 3517 
165100 3562 3507 
165150 3556 3489 
165200 3543 3422 
165250 3533 3340 
165300 3561 3358 
165350 3539 3323 
165400 3550 3322 
165450 3560 3277 
165500 3556 3281 
165550 3554 3434 
165600 3552 3534 
165650 3550 3546 
165700 3537 3532 
165750 3543 3538 
165800 3547 3544 
165850 3550 3546 
165900 3560 3561 
165950 3550 3543 
166000 3564 3564 
166050 3546 3535 
166100 3546 3520 
166150 3557 3527 
166200 3548 3503 
166250 3563 3498 
166300 3530 3456 
166350 3556 3441 
166400 3551 3419 
166450 3540 3371 
166500 3551 3352 
166550 3545 3446 
166600 3550 3534 
166650 3549 3545 
166700 3547 3550 
166750 3541 3539 
166800 3553 3548 
166850 3554 3549 
166900 3544 3541 
166950 3547 3546 
167000 3549 3550 
167050 3539 3536 
167100 3552 3526 
167150 3552 3491 
167200 3554 3460 
167250 3543 3428 
167300 3552 3396 
167350 3553 3346 
167400 3542 3354 
167450 3531 3338 
167500 3543 3307 
167550 3544 3479 
167600 3551 3525 
167650 3542 3537 
167700 3548 3549 
167750 3557 3559 
167800 3550 3544 
167850 3559 3548 
167900 3544 3544 
167950 3554 3544 
168000 3546 3541 
168050 3561 3529 
168100 3551 3482 
168150 3540 3462 
168200 3544 3464 
168250 3549 3440 
168300 3556 3427 
168350 3550 3408 
168400 3550 3399 
168450 3546 3410 
168500 3547 3336 
168550 3546 3495 
168600 3544 3540 
168650 3542 3534 
168700 3537 3535 
168750 3553 3549 
168800 3557 3555 
168850 3549 3541 
168900 3547 3539 
168950 3563 3565 
169000 3564 3554 
169050 3545 3531 
169100 3555 3510 
169150 3550 3505 
169200 3546 3494 
169250 3542 3475 
169300 3563 3473 
169350 3562 3448 
169400 3545 3440 
169450 3541 3412 
169500 3565 3407 
169550 3546 3486 
169600 3557 3535 
169650 3539 3532 
169700 3564 3553 
169750 3556 3549 
169800 3551 3550 
169850 3567 3554 
169900 3551 3546 
169950 3554 3554 
170000 3540 3536 
170050 3542 3533 
170100 3543 3501 
170150 3553 3476 
170200 3552 3476 
170250 3545 3440 
170300 3552 3431 
170350 3550 3401 
170400 3553 3372 
170450 3540 3371 
170500 3540 3381 
170550 3517 3427 
170600 3553 3533 
170650 3538 3538 
170700 3559 3558 
170750 3549 3539 
170800 3530 3534 
170850 3564 3564 
170900 3538 3531 
170950 3559 3556 
171000 3548 3546 
171050 3539 3537 
171100 3546 3526 
171150 3556 3518 
171200 3555 3505 
171250 3548 3486 
171300 3559 3522 
171350 3532 3449 
171400 3550 3446 
171450 3545 3435 
171500 3553 3426 
171550 3568 3508 
171600 3541 3539 
171650 3551 3544 
171700 3551 3548 
171750 3559 3558 
171800 3554 3552 
171850 3550 3551 
171900 3556 3547 
171950 3557 3552 
172000 3560 3556 
172050 3551 3538 
172100 3549 3528 
172150 3533 3492 
172200 3550 3488 
172250 3551 3457 
172300 3556 3428 
172350 3558 3406 
172400 3555 3411 
172450 3560 3404 
172500 3561 3408 
172550 3555 3493 
172600 3545 3533 
172650 3556 3537 
172700 3550 3549 
172750 3563 3560 
172800 3553 3550 
172850 3559 3551 
172900 3551 3548 
172950 3543 3544 
173000 3540 3532 
173050 3550 3533 
173100 3539 3520 
173150 3557 3521 
173200 3554 3494 
173250 3556 3479 
173300 3558 3456 
173350 3563 3414 
173400 3546 3413 
173450 3555 3393 
173500 3545 3367 
173550 3533 3467 
173600 3556 3542 
173650 3555 3556 
173700 3552 3545 
173750 3549 3548 
173800 3550 3550 
173850 3541 3535 
173900 3558 3548 
173950 3561 3554 
174000 3535 3534 
174050 3550 3538 
174100 3541 3506 
174150 3542 3469 
174200 3554 3459 
174250 3564 3437 
174300 3565 3405 
174350 3546 3349 
174400 3555 3318 
174450 3543 3310 
174500 3560 3318 
174550 3543 3431 
174600 3546 3527 
174650 3551 3552 
174700 3547 3540 
174750 3557 3552 
174800 3560 3557 
174850 3551 3552 
174900 3552 3552 
174950 3558 3554 
175000 3565 3560 
175050 3548 3532 
175100 3540 3496 
175150 3547 3494 
175200 3546 3491 
175250 3564 3494 
175300 3550 3488 
175350 3546 3466 
175400 3550 3446 
175450 3569 3417 
175500 3561 3375 
175550 3557 3482 
175600 3549 3531 
175650 3551 3539 
175700 3558 3546 
175750 3546 3555 
175800 3537 3537 
175850 3542 3538 
175900 3555 3552 
175950 3538 3544 
176000 3539 3531 
176050 3538 3533 
176100 3555 3548 
176150 3546 3509 
176200 3538 3496 
176250 3561 3503 
176300 3546 3445 
176350 3549 3435 
176400 3545 3426 
176450 3539 3369 
176500 3551 3338 
176550 3545 3455 
176600 3551 3525 
176650 3550 3542 
176700 3550 3542 
176750 3548 3541 
176800 3544 3545 
176850 3558 3553 
176900 3556 3555 
176950 3555 3544 
177000 3571 3562 
177050 3539 3532 
177100 3554 3511 
177150 3550 3479 
177200 3546 3442 
177250 3543 3389 
177300 3547 3368 
177350 3559 3402 
177400 3558 3375 
177450 3560 3387 
177500 3554 3365 
177550 3553 3472 
177600 3553 3528 
177650 3564 3560 
177700 3547 3543 
177750 3543 3542 
177800 3538 3537 
177850 3565 3554 
177900 3549 3548 
177950 3551 3548 
178000 3551 3551 
178050 3550 3545 
178100 3538 3530 
178150 3543 3507 
178200 3568 3492 
178250 3556 3475 
178300 3556 3465 
178350 3551 3420 
178400 3561 3433 
178450 3562 3427 
178500 3554 3428 
178550 3543 3518 
178600 3550 3547 
178650 3554 3556 
178700 3555 3554 
178750 3544 3544 
178800 3551 3548 
178850 3545 3550 
178900 3548 3551 
178950 3538 3536 
179000 3544 3544 
179050 3562 3561 
179100 3556 3523 
179150 3549 3507 
179200 3540 3472 
179250 3540 3469 
179300 3561 3456 
179350 3555 3448 
179400 3550 3409 
179450 3542 3368 
179500 3543 3320 
179550 3561 3461 
179600 3551 3518 
179650 3549 3537 
179700 3554 3544 
179750 3550 3542 
179800 3559 3557 
179850 3552 3544 
179900 3537 3532 
179950 3535 3533 
180000 3556 3550 
180050 3541 3535 
180100 3550 3508 
180150 3551 3506 
180200 3554 3514 
180250 3545 3482 
180300 3551 3440 
180350 3528 3421 
180400 3549 3415 
180450 3543 3414 
180500 3552 3401 
180550 3533 3468 
180600 3533 3522 
180650 3546 3534 
180700 3546 3546 
180750 3543 3534 
180800 3542 3544 
180850 3556 3553 
180900 3564 3563 
180950 3552 3553 
181000 3559 3558 
181050 3559 3537 
181100 3552 3512 
181150 3555 3511 
181200 3556 3467 
181250 3546 3428 
181300 3559 3459 
181350 3558 3430 
181400 3541 3392 
181450 3557 3401 
181500 3540 3379 
181550 3545 3486 
181600 3554 3539 
181650 3540 3528 
181700 3541 3538 
181750 3553 3547 
181800 3553 3550 
181850 3555 3548 
181900 3554 3556 
181950 3543 3541 
182000 3557 3553 
182050 3557 3550 
182100 3557 3539 
182150 3545 3512 
182200 3549 3510 
182250 3552 3493 
182300 3540 3487 
182350 3543 3457 
182400 3548 3453 
182450 3550 3478 
182500 3544 3432 
182550 3554 3510 
182600 3545 3534 
182650 3551 3548 
182700 3543 3542 
182750 3558 3553 
182800 3558 3551 
182850 3545 3551 
182900 3557 3540 
182950 3554 3548 
183000 3559 3553 
183050 3550 3539 
183100 3547 3521 
183150 3558 3512 
183200 3549 3493 
183250 3547 3477 
183300 3547 3459 
183350 3550 3433 
183400 3552 3403 
183450 3543 3382 
183500 3560 3412 
183550 3544 3484 
183600 3532 3515 
183650 3533 3537 
183700 3546 3551 
183750 3559 3563 
183800 3553 3552 
183850 3540 3539 
183900 3548 3550 
183950 3541 3535 
184000 3541 3536 
184050 3551 3535 
184100 3559 3502 
184150 3547 3469 
184200 3551 3457 
184250 3544 3420 
184300 3548 3406 
184350 3555 3401 
184400 3555 3371 
184450 3552 3333 
184500 3554 3370 
184550 3531 3451 
184600 3542 3500 
184650 3525 3506 
184700 3543 3539 
184750 3543 3544 
184800 3536 3538 
184850 3557 3552 
184900 3549 3538 
184950 3543 3528 
185000 3548 3546 
185050 3545 3541 
185100 3554 3519 
185150 3568 3493 
185200 3546 3483 
185250 3557 3461 
185300 3542 3412 
185350 3536 3419 
185400 3551 3411 
185450 3531 3412 
185500 3545 3389 
185550 3550 3491 
185600 3554 3536 
185650 3556 3560 
185700 3550 3550 
185750 3560 3558 
185800 3550 3553 
185850 3530 3528 
185900 3558 3551 
185950 3554 3557 
186000 3532 3538 
186050 3539 3539 
186100 3537 3515 
186150 3543 3491 
186200 3539 3452 
186250 3558 3448 
186300 3557 3451 
186350 3551 3424 
186400 3555 3416 
186450 3557 3394 
186500 3548 3383 
186550 3561 3492 
186600 3557 3530 
186650 3542 3546 
186700 3542 3540 
186750 3556 3556 
186800 3542 3545 
186850 3545 3546 
186900 3548 3550 
186950 3552 3552 
187000 3554 3553 
187050 3544 3531 
187100 3547 3528 
187150 3557 3527 
187200 3555 3531 
187250 3552 3500 
187300 3547 3481 
187350 3538 3479 
187400 3545 3464 
187450 3543 3432 
187500 3553 3437 
187550 3540 3510 
187600 3544 3533 
187650 3561 3556 
187700 3553 3548 
187750 3546 3545 
187800 3551 3548 
187850 3554 3543 
187900 3543 3545 
187950 3549 3545 
188000 3540 3537 
188050 3534 3522 
188100 3553 3506 
188150 3563 3504 
188200 3552 3478 
188250 3538 3472 
188300 3567 3473 
188350 3542 3473 
188400 3557 3454 
188450 3551 3410 
188500 3538 3430 
188550 3557 3522 
188600 3542 3535 
188650 3546 3540 
188700 3563 3559 
188750 3553 3543 
188800 3565 3558 
188850 3558 3551 
188900 3552 3546 
188950 3555 3548 
189000 3551 3540 
189050 3550 3542 
189100 3560 3537 
189150 3558 3480 
189200 3552 3458 
189250 3540 3433 
189300 3553 3439 
189350 3555 3438 
189400 3540 3384 
189450 3561 3407 
189500 3542 3391 
189550 3551 3488 
189600 3556 3539 
189650 3556 3551 
189700 3550 3548 
189750 3549 3549 
189800 3550 3547 
189850 3544 3540 
189900 3552 3551 
189950 3554 3555 
190000 3552 3555 
190050 3553 3549 
190100 3543 3533 
190150 3546 3511 
190200 3537 3484 
190250 3554 3485 
190300 3550 3488 
190350 3534 3432 
190400 3567 3429 
190450 3549 3389 
190500 3544 3325 
190550 3547 3453 
190600 3554 3545 
190650 3540 3536 
190700 3561 3553 
190750 3563 3551 
190800 3552 3548 
190850 3535 3537 
190900 3545 3538 
190950 3564 3561 
191000 3531 3523 
191050 3532 3521 
191100 3543 3499 
191150 3551 3496 
191200 3523 3461 
191250 3550 3455 
191300 3562 3465 
191350 3570 3458 
191400 3566 3424 
191450 3557 3394 
191500 3553 3389 
191550 3554 3504 
191600 3564 3549 
191650 3538 3536 
191700 3538 3534 
191750 3525 3531 
191800 3549 3544 
191850 3552 3550 
191900 3550 3543 
191950 3547 3550 
192000 3568 3569 
192050 3555 3543 
192100 3542 3499 
192150 3558 3521 
192200 3548 3499 
192250 3548 3473 
192300 3534 3454 
192350 3544 3455 
192400 3555 3414 
192450 3558 3401 
192500 3555 3373 
192550 3541 3463 
192600 3548 3521 
192650 3549 3540 
192700 3555 3549 
192750 3570 3566 
192800 3552 3550 
192850 3552 3535 
192900 3558 3555 
192950 3544 3536 
193000 3548 3544 
193050 3548 3540 
193100 3549 3528 
193150 3557 3512 
193200 3553 3495 
193250 3550 3459 
193300 3533 3444 
193350 3558 3435 
193400 3552 3401 
193450 3548 3361 
193500 3550 3338 
193550 3560 3450 
193600 3547 3506 
193650 3559 3544 
193700 3565 3559 
193750 3557 3555 
193800 3550 3544 
193850 3548 3546 
193900 3554 3553 
193950 3547 3549 
194000 3561 3559 
194050 3563 3534 
194100 3554 3492 
194150 3551 3489 
194200 3537 3458 
194250 3533 3443 
194300 3546 3427 
194350 3556 3424 
194400 3557 3390 
194450 3554 3364 
194500 3557 3388 
194550 3530 3484 
194600 3552 3527 
194650 3558 3553 
194700 3531 3530 
194750 3535 3540 
194800 3557 3548 
194850 3540 3539 
194900 3538 3532 
194950 3549 3546 
195000 3563 3556 
195050 3556 3557 
195100 3542 3521 
195150 3538 3508 
195200 3557 3524 
195250 3557 3474 
195300 3553 3444 
195350 3551 3426 
195400 3554 3406 
195450 3563 3415 
195500 3551 3392 
195550 3554 3496 
195600 3548 3534 
195650 3550 3541 
195700 3534 3531 
195750 3548 3549 
195800 3553 3554 
195850 3542 3527 
195900 3538 3534 
195950 3536 3534 
196000 3537 3536 
196050 3550 3536 
196100 3553 3511 
196150 3540 3481 
196200 3556 3484 
196250 3547 3443 
196300 3547 3406 
196350 3543 3399 
196400 3555 3372 
196450 3540 3311 
196500 3558 3305 
196550 3553 3463 
196600 3538 3523 
196650 3545 3527 
196700 3543 3540 
196750 3549 3540 
196800 3555 3547 
196850 3556 3545 
196900 3559 3557 
196950 3546 3546 
197000 3548 3548 
197050 3558 3547 
197100 3552 3539 
197150 3559 3532 
197200 3550 3521 
197250 3558 3499 
197300 3543 3463 
197350 3552 3456 
197400 3559 3448 
197450 3544 3401 
197500 3550 3396 
197550 3540 3478 
197600 3562 3543 
197650 3552 3545 
197700 3536 3539 
197750 3553 3545 
197800 3542 3531 
197850 3550 3544 
197900 3563 3555 
197950 3551 3544 
198000 3540 3544 
198050 3541 3532 
198100 3558 3519 
198150 3545 3508 
198200 3555 3466 
198250 3554 3454 
198300 3552 3437 
198350 3545 3403 
198400 3540 3409 
198450 3547 3382 
198500 3557 3373 
198550 3560 3487 
198600 3557 3543 
198650 3559 3556 
198700 3551 3543 
198750 3541 3532 
198800 3548 3540 
198850 3556 3545 
198900 3545 3534 
198950 3561 3556 
199000 3545 3538 
199050 3549 3536 
199100 3555 3536 
199150 3547 3505 
199200 3552 3481 
199250 3555 3442 
199300 3540 3390 
199350 3544 3328 
199400 3535 3325 
199450 3562 3366 
199500 3556 3290 
199550 3531 3432 
199600 3534 3516 
199650 3553 3544 
199700 3559 3551 
199750 3554 3539 
199800 3543 3540 
199850 3556 3552 
199900 3550 3546 
199950 3537 3531 
200000 3554 3549 
