# Avida tasks data
# Sat Apr  7 13:59:44 2012
# First column gives the current update, next columns give the number
# of organisms that have the particular task as a component of their merit
#  1: Update
#  2: Xor
#  3: Equals

0 0 0 
50 8 8 
100 38 38 
150 107 107 
200 229 229 
250 432 432 
300 668 668 
350 949 951 
400 1313 1314 
450 1735 1735 
500 2173 2175 
550 2683 2682 
600 3215 3216 
650 3435 3438 
700 3525 3531 
750 3548 3548 
800 3536 3541 
850 3555 3554 
900 3554 3554 
950 3551 3548 
1000 3535 3537 
1050 3265 2819 
1100 3418 2264 
1150 3474 1817 
1200 3472 1463 
1250 3467 1137 
1300 3480 846 
1350 3482 581 
1400 3501 415 
1450 3532 279 
1500 3543 159 
1550 3550 59 
1600 3531 23 
1650 3535 5 
1700 3547 1 
1750 3551 0 
1800 3549 0 
1850 3540 0 
1900 3564 0 
1950 3550 0 
2000 3566 0 
2050 3551 2 
2100 3561 0 
2150 3542 0 
2200 3554 1 
2250 3558 0 
2300 3538 0 
2350 3549 0 
2400 3548 0 
2450 3528 0 
2500 3541 0 
2550 3551 0 
2600 3547 0 
2650 3548 0 
2700 3542 0 
2750 3552 0 
2800 3536 0 
2850 3551 0 
2900 3542 6 
2950 3527 317 
3000 3534 850 
3050 3466 666 
3100 3497 495 
3150 3514 372 
3200 3515 251 
3250 3542 142 
3300 3530 94 
3350 3551 45 
3400 3555 17 
3450 3558 6 
3500 3551 0 
3550 3551 0 
3600 3548 0 
3650 3551 0 
3700 3554 39 
3750 3558 643 
3800 3560 1118 
3850 3537 1537 
3900 3547 1906 
3950 3541 2244 
4000 3540 2549 
4050 3362 2070 
4100 3410 1554 
4150 3445 1075 
4200 3494 704 
4250 3517 419 
4300 3543 185 
4350 3541 95 
4400 3537 37 
4450 3564 10 
4500 3557 2 
4550 3545 0 
4600 3565 0 
4650 3541 0 
4700 3556 0 
4750 3552 0 
4800 3536 10 
4850 3452 91 
4900 3508 527 
4950 3542 979 
5000 3535 1424 
5050 3454 1122 
5100 3483 810 
5150 3514 549 
5200 3532 335 
5250 3532 185 
5300 3538 74 
5350 3549 19 
5400 3548 6 
5450 3556 3 
5500 3560 1 
5550 3546 496 
5600 3545 1089 
5650 3547 1527 
5700 3557 1919 
5750 3541 2205 
5800 3542 2489 
5850 3548 2735 
5900 3543 2942 
5950 3535 3086 
6000 3552 3212 
6050 3296 2366 
6100 3366 1431 
6150 3469 818 
6200 3496 357 
6250 3533 122 
6300 3520 40 
6350 3554 13 
6400 3556 4 
6450 3558 3 
6500 3546 6 
6550 3539 363 
6600 3537 924 
6650 3542 1396 
6700 3531 1837 
6750 3540 2204 
6800 3535 2555 
6850 3533 2815 
6900 3533 3047 
6950 3539 3177 
7000 3543 3302 
7050 3323 2441 
7100 3422 1568 
7150 3478 987 
7200 3491 560 
7250 3517 308 
7300 3542 169 
7350 3553 63 
7400 3558 23 
7450 3552 11 
7500 3551 1 
7550 3550 301 
7600 3545 878 
7650 3539 1351 
7700 3541 1731 
7750 3543 2106 
7800 3544 2435 
7850 3541 2690 
7900 3534 2905 
7950 3541 3077 
8000 3533 3170 
8050 3368 2177 
8100 3465 1162 
8150 3489 574 
8200 3505 255 
8250 3538 111 
8300 3529 26 
8350 3535 16 
8400 3539 8 
8450 3533 12 
8500 3532 7 
8550 3544 3 
8600 3559 527 
8650 3561 1035 
8700 3556 1480 
8750 3560 1867 
8800 3548 2208 
8850 3549 2519 
8900 3535 2795 
8950 3546 3032 
9000 3546 3195 
9050 3331 2301 
9100 3426 1351 
9150 3471 760 
9200 3516 360 
9250 3540 135 
9300 3551 63 
9350 3541 22 
9400 3552 4 
9450 3543 1 
9500 3538 2 
9550 3542 14 
9600 3544 677 
9650 3545 1279 
9700 3545 1728 
9750 3549 2142 
9800 3541 2497 
9850 3538 2756 
9900 3545 2958 
9950 3541 3117 
10000 3557 3253 
10050 3362 2347 
10100 3448 1359 
10150 3475 826 
10200 3508 492 
10250 3527 298 
10300 3536 189 
10350 3543 116 
10400 3550 48 
10450 3557 14 
10500 3549 3 
10550 3550 347 
10600 3544 961 
10650 3543 1440 
10700 3529 1816 
10750 3557 2249 
10800 3553 2552 
10850 3553 2796 
10900 3542 3037 
10950 3563 3213 
11000 3544 3313 
11050 3368 2164 
11100 3461 1132 
11150 3495 640 
11200 3525 325 
11250 3532 162 
11300 3545 66 
11350 3550 30 
11400 3543 5 
11450 3546 3 
11500 3553 3 
11550 3560 452 
11600 3547 980 
11650 3554 1395 
11700 3554 1796 
11750 3534 2123 
11800 3534 2414 
11850 3552 2721 
11900 3555 2941 
11950 3547 3086 
12000 3548 3248 
12050 3375 2104 
12100 3468 1057 
12150 3510 470 
12200 3534 167 
12250 3539 63 
12300 3552 27 
12350 3532 17 
12400 3531 14 
12450 3543 5 
12500 3555 1 
12550 3544 208 
12600 3546 797 
12650 3539 1275 
12700 3545 1695 
12750 3555 2095 
12800 3556 2415 
12850 3554 2729 
12900 3548 2964 
12950 3529 3126 
13000 3557 3271 
13050 3370 2145 
13100 3447 1105 
13150 3494 495 
13200 3541 191 
13250 3539 59 
13300 3556 13 
13350 3543 3 
13400 3550 5 
13450 3556 3 
13500 3560 4 
13550 3431 262 
13600 3360 975 
13650 3334 1526 
13700 3329 1930 
13750 3357 2260 
13800 3416 2570 
13850 3446 2799 
13900 3478 3039 
13950 3499 3223 
14000 3494 3356 
14050 3277 2271 
14100 3376 1279 
14150 3453 691 
14200 3500 329 
14250 3526 127 
14300 3529 39 
14350 3539 22 
14400 3532 17 
14450 3522 3 
14500 3537 3 
14550 3512 135 
14600 3511 878 
14650 3506 1345 
14700 3511 1772 
14750 3498 2146 
14800 3495 2438 
14850 3523 2726 
14900 3541 2894 
14950 3523 3007 
15000 3537 3141 
15050 3361 2121 
15100 3443 1124 
15150 3479 531 
15200 3511 232 
15250 3533 95 
15300 3536 28 
15350 3546 13 
15400 3546 6 
15450 3550 6 
15500 3538 1 
15550 3557 479 
15600 3555 1090 
15650 3550 1546 
15700 3554 1945 
15750 3551 2236 
15800 3554 2543 
15850 3554 2765 
15900 3554 2974 
15950 3556 3169 
16000 3548 3256 
16050 3360 2152 
16100 3459 1133 
16150 3487 561 
16200 3532 258 
16250 3528 118 
16300 3547 33 
16350 3539 12 
16400 3552 5 
16450 3550 5 
16500 3549 4 
16550 3562 1 
16600 3555 624 
16650 3564 1312 
16700 3554 1780 
16750 3537 2149 
16800 3543 2455 
16850 3541 2675 
16900 3528 2869 
16950 3561 3128 
17000 3555 3256 
17050 3351 2102 
17100 3471 1078 
17150 3531 509 
17200 3528 208 
17250 3542 64 
17300 3548 26 
17350 3546 12 
17400 3553 6 
17450 3560 1 
17500 3555 6 
17550 3548 291 
17600 3539 858 
17650 3548 1342 
17700 3545 1704 
17750 3538 2162 
17800 3545 2569 
17850 3558 2911 
17900 3539 3155 
17950 3556 3370 
18000 3546 3453 
18050 3368 2203 
18100 3459 1125 
18150 3503 614 
18200 3539 338 
18250 3555 166 
18300 3551 76 
18350 3559 39 
18400 3542 15 
18450 3543 9 
18500 3545 2 
18550 3553 372 
18600 3553 926 
18650 3543 1390 
18700 3547 1846 
18750 3533 2223 
18800 3542 2566 
18850 3542 2792 
18900 3546 2999 
18950 3552 3136 
19000 3522 3218 
19050 3368 2182 
19100 3450 1128 
19150 3478 589 
19200 3506 289 
19250 3518 131 
19300 3552 70 
19350 3552 36 
19400 3546 15 
19450 3542 3 
19500 3545 3 
19550 3550 1 
19600 3521 231 
19650 3511 913 
19700 3511 1363 
19750 3521 1745 
19800 3537 2150 
19850 3532 2482 
19900 3554 2801 
19950 3547 2993 
20000 3552 3132 
20050 3368 2186 
20100 3490 1138 
20150 3517 587 
20200 3532 277 
20250 3537 147 
20300 3546 73 
20350 3549 42 
20400 3542 29 
20450 3551 20 
20500 3549 11 
20550 3524 348 
20600 3536 1071 
20650 3538 1544 
20700 3543 1976 
20750 3544 2293 
20800 3547 2545 
20850 3543 2795 
20900 3546 3002 
20950 3559 3173 
21000 3544 3302 
21050 3337 2193 
21100 3430 1242 
21150 3460 706 
21200 3484 424 
21250 3520 234 
21300 3511 125 
21350 3536 75 
21400 3514 40 
21450 3535 17 
21500 3542 10 
21550 3552 3 
21600 3553 186 
21650 3540 807 
21700 3547 1229 
21750 3548 1660 
21800 3545 2017 
21850 3542 2299 
21900 3528 2599 
21950 3541 2840 
22000 3547 3017 
22050 3390 2007 
22100 3478 984 
22150 3527 448 
22200 3545 180 
22250 3537 54 
22300 3547 29 
22350 3558 16 
22400 3544 10 
22450 3550 12 
22500 3554 8 
22550 3557 361 
22600 3555 1064 
22650 3544 1640 
22700 3549 2151 
22750 3558 2527 
22800 3560 2769 
22850 3551 2978 
22900 3565 3134 
22950 3549 3288 
23000 3550 3380 
23050 3373 2273 
23100 3463 1162 
23150 3498 525 
23200 3541 192 
23250 3560 42 
23300 3546 12 
23350 3537 7 
23400 3550 3 
23450 3550 7 
23500 3534 8 
23550 3564 0 
23600 3551 250 
23650 3537 841 
23700 3551 1296 
23750 3546 1694 
23800 3543 2032 
23850 3547 2366 
23900 3534 2636 
23950 3552 2932 
24000 3555 3104 
24050 3391 2050 
24100 3511 978 
24150 3539 380 
24200 3534 127 
24250 3521 25 
24300 3547 5 
24350 3551 5 
24400 3533 5 
24450 3549 0 
24500 3538 4 
24550 3540 316 
24600 3560 858 
24650 3553 1303 
24700 3559 1745 
24750 3547 2102 
24800 3545 2477 
24850 3550 2741 
24900 3551 2969 
24950 3562 3148 
25000 3553 3292 
25050 3378 2073 
25100 3498 1039 
25150 3526 493 
25200 3552 215 
25250 3549 95 
25300 3563 33 
25350 3551 15 
25400 3533 3 
25450 3562 1 
25500 3550 2 
25550 3560 55 
25600 3544 720 
25650 3553 1227 
25700 3553 1691 
25750 3548 2057 
25800 3551 2384 
25850 3555 2639 
25900 3550 2855 
25950 3540 3057 
26000 3541 3236 
26050 3363 2169 
26100 3471 1156 
26150 3523 575 
26200 3549 269 
26250 3545 110 
26300 3548 35 
26350 3537 15 
26400 3562 8 
26450 3556 4 
26500 3552 7 
26550 3562 471 
26600 3551 1017 
26650 3554 1435 
26700 3545 1848 
26750 3559 2237 
26800 3544 2556 
26850 3553 2877 
26900 3541 3059 
26950 3540 3191 
27000 3541 3316 
27050 3378 2129 
27100 3498 1032 
27150 3524 460 
27200 3533 150 
27250 3555 50 
27300 3549 17 
27350 3538 4 
27400 3553 3 
27450 3550 9 
27500 3552 4 
27550 3541 270 
27600 3538 819 
27650 3551 1278 
27700 3562 1680 
27750 3552 2074 
27800 3543 2375 
27850 3537 2645 
27900 3548 2874 
27950 3561 3080 
28000 3563 3199 
28050 3423 2108 
28100 3520 1024 
28150 3543 460 
28200 3548 173 
28250 3550 29 
28300 3543 4 
28350 3544 5 
28400 3543 1 
28450 3549 3 
28500 3552 4 
28550 3547 29 
28600 3564 628 
28650 3548 1110 
28700 3558 1579 
28750 3554 2015 
28800 3551 2388 
28850 3540 2652 
28900 3554 2938 
28950 3559 3169 
29000 3546 3298 
29050 3346 2216 
29100 3409 1334 
29150 3451 790 
29200 3479 469 
29250 3515 254 
29300 3525 152 
29350 3539 89 
29400 3525 44 
29450 3546 24 
29500 3562 4 
29550 3551 105 
29600 3538 743 
29650 3553 1292 
29700 3557 1703 
29750 3551 2029 
29800 3563 2347 
29850 3556 2677 
29900 3547 2940 
29950 3543 3109 
30000 3562 3248 
30050 3389 2041 
30100 3508 961 
30150 3528 373 
30200 3536 141 
30250 3548 36 
30300 3542 11 
30350 3551 7 
30400 3545 9 
30450 3537 12 
30500 3548 12 
30550 3551 261 
30600 3523 1043 
30650 3550 1663 
30700 3533 2113 
30750 3544 2497 
30800 3548 2801 
30850 3556 3030 
30900 3564 3218 
30950 3554 3320 
31000 3548 3429 
31050 3323 2349 
31100 3418 1305 
31150 3484 709 
31200 3512 321 
31250 3522 157 
31300 3537 78 
31350 3547 19 
31400 3567 5 
31450 3542 5 
31500 3544 0 
31550 3557 81 
31600 3564 744 
31650 3560 1325 
31700 3556 1790 
31750 3560 2200 
31800 3561 2519 
31850 3553 2793 
31900 3542 2974 
31950 3548 3152 
32000 3545 3285 
32050 3309 2276 
32100 3437 1261 
32150 3502 717 
32200 3524 371 
32250 3537 182 
32300 3554 106 
32350 3568 67 
32400 3536 15 
32450 3545 9 
32500 3551 2 
32550 3537 3 
32600 3538 163 
32650 3533 753 
32700 3547 1280 
32750 3536 1698 
32800 3542 2107 
32850 3542 2456 
32900 3545 2707 
32950 3551 2898 
33000 3548 3044 
33050 3353 2169 
33100 3462 1235 
33150 3497 687 
33200 3526 371 
33250 3536 221 
33300 3550 124 
33350 3539 81 
33400 3551 34 
33450 3547 15 
33500 3542 15 
33550 3542 281 
33600 3548 989 
33650 3545 1510 
33700 3541 1936 
33750 3534 2336 
33800 3546 2669 
33850 3570 2958 
33900 3552 3148 
33950 3552 3314 
34000 3546 3426 
34050 3349 2159 
34100 3438 1107 
34150 3494 572 
34200 3542 281 
34250 3547 100 
34300 3549 32 
34350 3545 10 
34400 3547 5 
34450 3562 0 
34500 3542 4 
34550 3556 378 
34600 3543 985 
34650 3547 1456 
34700 3538 1871 
34750 3548 2255 
34800 3536 2569 
34850 3532 2873 
34900 3553 3113 
34950 3541 3233 
35000 3539 3333 
35050 3359 2221 
35100 3497 1154 
35150 3506 554 
35200 3538 220 
35250 3538 84 
35300 3545 29 
35350 3541 8 
35400 3549 7 
35450 3554 1 
35500 3554 7 
35550 3539 58 
35600 3551 630 
35650 3550 1104 
35700 3546 1565 
35750 3548 1968 
35800 3544 2342 
35850 3554 2671 
35900 3550 2912 
35950 3562 3117 
36000 3551 3257 
36050 3323 2309 
36100 3400 1469 
36150 3449 1010 
36200 3495 637 
36250 3532 390 
36300 3535 222 
36350 3549 109 
36400 3547 50 
36450 3544 24 
36500 3549 11 
36550 3549 13 
36600 3561 669 
36650 3551 1227 
36700 3546 1635 
36750 3552 2015 
36800 3549 2355 
36850 3548 2607 
36900 3559 2809 
36950 3550 3012 
37000 3531 3135 
37050 3379 2246 
37100 3489 1233 
37150 3520 631 
37200 3542 296 
37250 3554 137 
37300 3544 65 
37350 3551 46 
37400 3542 22 
37450 3547 9 
37500 3551 7 
37550 3560 506 
37600 3551 1256 
37650 3548 1695 
37700 3549 2066 
37750 3542 2423 
37800 3530 2704 
37850 3559 2953 
37900 3542 3171 
37950 3541 3316 
38000 3546 3435 
38050 3347 2216 
38100 3464 1152 
38150 3511 599 
38200 3539 276 
38250 3539 89 
38300 3546 27 
38350 3556 11 
38400 3549 3 
38450 3554 7 
38500 3543 6 
38550 3553 327 
38600 3555 961 
38650 3549 1469 
38700 3556 1963 
38750 3566 2418 
38800 3545 2752 
38850 3556 3039 
38900 3542 3235 
38950 3560 3394 
39000 3565 3467 
39050 3360 2186 
39100 3465 1139 
39150 3516 571 
39200 3547 271 
39250 3537 116 
39300 3555 35 
39350 3534 10 
39400 3545 5 
39450 3550 3 
39500 3555 3 
39550 3536 419 
39600 3552 961 
39650 3536 1391 
39700 3547 1811 
39750 3543 2182 
39800 3543 2560 
39850 3554 2871 
39900 3556 3112 
39950 3542 3273 
40000 3548 3373 
40050 3335 2173 
40100 3477 1080 
40150 3505 504 
40200 3551 222 
40250 3554 98 
40300 3544 34 
40350 3549 12 
40400 3549 9 
40450 3569 8 
40500 3544 5 
40550 3538 1 
40600 3543 680 
40650 3540 1290 
40700 3539 1760 
40750 3541 2113 
40800 3553 2389 
40850 3550 2646 
40900 3557 2880 
40950 3543 3057 
41000 3532 3184 
41050 3382 2061 
41100 3459 1089 
41150 3512 478 
41200 3535 221 
41250 3532 59 
41300 3540 19 
41350 3547 5 
41400 3559 1 
41450 3552 2 
41500 3555 0 
41550 3552 103 
41600 3547 755 
41650 3553 1278 
41700 3561 1644 
41750 3559 1901 
41800 3550 2128 
41850 3548 2354 
41900 3548 2588 
41950 3559 2792 
42000 3545 3000 
42050 3367 2186 
42100 3441 1313 
42150 3486 766 
42200 3516 407 
42250 3537 220 
42300 3535 116 
42350 3530 55 
42400 3539 28 
42450 3537 13 
42500 3549 16 
42550 3549 335 
42600 3546 950 
42650 3550 1377 
42700 3533 1804 
42750 3554 2156 
42800 3550 2495 
42850 3540 2761 
42900 3529 2976 
42950 3554 3161 
43000 3547 3296 
43050 3310 2351 
43100 3388 1415 
43150 3431 813 
43200 3470 386 
43250 3523 162 
43300 3525 72 
43350 3551 26 
43400 3565 9 
43450 3559 7 
43500 3544 2 
43550 3555 277 
43600 3556 1084 
43650 3546 1593 
43700 3560 2035 
43750 3562 2349 
43800 3551 2645 
43850 3563 2902 
43900 3537 3069 
43950 3560 3239 
44000 3556 3353 
44050 3382 2284 
44100 3462 1378 
44150 3486 829 
44200 3512 504 
44250 3539 296 
44300 3541 188 
44350 3533 110 
44400 3537 55 
44450 3558 27 
44500 3539 12 
44550 3547 3 
44600 3555 1 
44650 3557 0 
44700 3550 0 
44750 3536 591 
44800 3551 1211 
44850 3537 1674 
44900 3555 2113 
44950 3557 2457 
45000 3557 2721 
45050 3395 2012 
45100 3437 1238 
45150 3477 728 
45200 3509 391 
45250 3536 181 
45300 3541 101 
45350 3547 50 
45400 3539 24 
45450 3553 3 
45500 3554 2 
45550 3553 179 
45600 3552 766 
45650 3547 1255 
45700 3548 1693 
45750 3548 2094 
45800 3544 2439 
45850 3540 2746 
45900 3549 2973 
45950 3551 3157 
46000 3547 3290 
46050 3297 2430 
46100 3404 1518 
46150 3464 985 
46200 3496 563 
46250 3530 355 
46300 3537 232 
46350 3546 133 
46400 3550 52 
46450 3559 18 
46500 3569 6 
46550 3559 326 
46600 3551 944 
46650 3554 1376 
46700 3541 1769 
46750 3555 2151 
46800 3550 2441 
46850 3554 2696 
46900 3550 2968 
46950 3565 3147 
47000 3560 3272 
47050 3328 2338 
47100 3402 1505 
47150 3457 961 
47200 3471 593 
47250 3519 375 
47300 3534 237 
47350 3548 143 
47400 3549 49 
47450 3552 11 
47500 3555 3 
47550 3540 146 
47600 3538 766 
47650 3544 1238 
47700 3543 1636 
47750 3543 2002 
47800 3538 2340 
47850 3555 2691 
47900 3544 2940 
47950 3561 3158 
48000 3538 3249 
48050 3323 2276 
48100 3409 1371 
48150 3467 792 
48200 3494 449 
48250 3521 210 
48300 3545 91 
48350 3552 41 
48400 3559 9 
48450 3563 4 
48500 3546 1 
48550 3547 402 
48600 3544 916 
48650 3537 1335 
48700 3538 1724 
48750 3554 2073 
48800 3561 2395 
48850 3550 2689 
48900 3562 2925 
48950 3558 3110 
49000 3560 3255 
49050 3314 2426 
49100 3405 1622 
49150 3446 1090 
49200 3483 685 
49250 3523 474 
49300 3528 265 
49350 3551 114 
49400 3563 34 
49450 3567 9 
49500 3563 7 
49550 3543 170 
49600 3543 847 
49650 3550 1301 
49700 3562 1757 
49750 3547 2114 
49800 3553 2429 
49850 3551 2681 
49900 3562 2952 
49950 3544 3123 
50000 3568 3265 
50050 3342 2431 
50100 3445 1496 
50150 3492 867 
50200 3523 425 
50250 3540 201 
50300 3537 103 
50350 3545 45 
50400 3521 16 
50450 3535 8 
50500 3546 6 
50550 3543 1 
50600 3550 487 
50650 3545 964 
50700 3547 1438 
50750 3559 1835 
50800 3543 2220 
50850 3539 2559 
50900 3558 2825 
50950 3550 3023 
51000 3551 3166 
51050 3344 2330 
51100 3418 1524 
51150 3482 914 
51200 3523 483 
51250 3555 222 
51300 3536 90 
51350 3562 28 
51400 3547 9 
51450 3549 6 
51500 3543 2 
51550 3554 92 
51600 3537 324 
51650 3539 773 
51700 3534 1129 
51750 3548 1504 
51800 3526 1846 
51850 3557 2240 
51900 3553 2635 
51950 3551 2929 
52000 3544 3133 
52050 3369 2391 
52100 3461 1358 
52150 3490 797 
52200 3524 434 
52250 3527 227 
52300 3534 111 
52350 3554 53 
52400 3536 30 
52450 3562 11 
52500 3564 6 
52550 3558 83 
52600 3554 668 
52650 3545 1244 
52700 3544 1775 
52750 3543 2181 
52800 3545 2543 
52850 3542 2864 
52900 3545 3112 
52950 3542 3262 
53000 3540 3381 
53050 3302 2292 
53100 3385 1302 
53150 3477 674 
53200 3509 251 
53250 3548 64 
53300 3555 16 
53350 3549 2 
53400 3552 5 
53450 3521 3 
53500 3550 6 
53550 3537 427 
53600 3526 998 
53650 3540 1493 
53700 3542 1893 
53750 3543 2225 
53800 3549 2508 
53850 3524 2724 
53900 3528 2949 
53950 3534 3122 
54000 3547 3318 
54050 3317 2362 
54100 3421 1302 
54150 3486 755 
54200 3501 423 
54250 3529 267 
54300 3541 177 
54350 3551 95 
54400 3556 31 
54450 3544 14 
54500 3550 5 
54550 3553 92 
54600 3558 822 
54650 3557 1454 
54700 3546 1961 
54750 3555 2393 
54800 3564 2713 
54850 3566 2985 
54900 3563 3168 
54950 3550 3287 
55000 3548 3376 
55050 3317 2469 
55100 3398 1587 
55150 3463 1032 
55200 3509 625 
55250 3541 383 
55300 3535 172 
55350 3547 44 
55400 3540 14 
55450 3564 9 
55500 3554 3 
55550 3550 443 
55600 3542 951 
55650 3556 1387 
55700 3552 1855 
55750 3547 2245 
55800 3548 2607 
55850 3545 2881 
55900 3552 3066 
55950 3559 3246 
56000 3542 3326 
56050 3301 2284 
56100 3445 1252 
56150 3505 563 
56200 3535 215 
56250 3556 67 
56300 3556 26 
56350 3551 6 
56400 3554 2 
56450 3549 3 
56500 3548 1 
56550 3546 301 
56600 3549 852 
56650 3548 1292 
56700 3547 1753 
56750 3552 2115 
56800 3557 2435 
56850 3567 2774 
56900 3526 2947 
56950 3541 3112 
57000 3536 3230 
57050 3324 2320 
57100 3440 1392 
57150 3485 758 
57200 3515 393 
57250 3526 174 
57300 3543 86 
57350 3564 23 
57400 3551 10 
57450 3553 3 
57500 3557 2 
57550 3548 0 
57600 3544 381 
57650 3553 920 
57700 3559 1387 
57750 3546 1792 
57800 3564 2150 
57850 3536 2443 
57900 3546 2753 
57950 3554 2949 
58000 3557 3087 
58050 3382 2262 
58100 3461 1280 
58150 3484 736 
58200 3506 432 
58250 3522 249 
58300 3545 162 
58350 3552 94 
58400 3532 60 
58450 3540 23 
58500 3540 16 
58550 3539 20 
58600 3547 546 
58650 3539 1045 
58700 3550 1485 
58750 3553 1874 
58800 3548 2202 
58850 3552 2496 
58900 3542 2743 
58950 3551 2950 
59000 3535 3106 
59050 3345 2233 
59100 3457 1341 
59150 3487 771 
59200 3522 396 
59250 3539 171 
59300 3553 72 
59350 3544 28 
59400 3551 17 
59450 3540 4 
59500 3556 1 
59550 3563 381 
59600 3553 922 
59650 3548 1362 
59700 3533 1756 
59750 3544 2131 
59800 3545 2462 
59850 3560 2783 
59900 3570 3027 
59950 3554 3209 
60000 3542 3314 
60050 3353 2324 
60100 3450 1324 
60150 3490 758 
60200 3508 432 
60250 3522 226 
60300 3552 129 
60350 3542 40 
60400 3548 9 
60450 3545 3 
60500 3540 1 
60550 3551 15 
60600 3551 618 
60650 3542 1136 
60700 3538 1551 
60750 3544 1927 
60800 3539 2290 
60850 3537 2628 
60900 3544 2868 
60950 3554 3084 
61000 3539 3221 
61050 3324 2392 
61100 3435 1486 
61150 3500 812 
61200 3523 424 
61250 3537 208 
61300 3557 109 
61350 3543 36 
61400 3537 1 
61450 3547 0 
61500 3537 0 
61550 3545 348 
61600 3535 871 
61650 3538 1314 
61700 3543 1750 
61750 3541 2114 
61800 3541 2413 
61850 3532 2657 
61900 3526 2884 
61950 3532 3074 
62000 3544 3253 
62050 3278 2389 
62100 3363 1592 
62150 3443 1047 
62200 3460 696 
62250 3530 481 
62300 3538 329 
62350 3531 199 
62400 3533 125 
62450 3540 73 
62500 3540 35 
62550 3554 438 
62600 3551 1095 
62650 3561 1572 
62700 3545 1920 
62750 3548 2240 
62800 3548 2532 
62850 3540 2808 
62900 3539 3017 
62950 3549 3177 
63000 3562 3286 
63050 3327 2277 
63100 3429 1355 
63150 3482 802 
63200 3496 459 
63250 3524 227 
63300 3567 105 
63350 3557 31 
63400 3537 6 
63450 3554 1 
63500 3542 1 
63550 3561 114 
63600 3558 739 
63650 3554 1228 
63700 3546 1658 
63750 3556 2000 
63800 3557 2305 
63850 3549 2632 
63900 3549 2900 
63950 3553 3081 
64000 3560 3224 
64050 3315 2317 
64100 3412 1323 
64150 3478 785 
64200 3504 419 
64250 3534 207 
64300 3515 114 
64350 3519 61 
64400 3540 25 
64450 3537 6 
64500 3531 1 
64550 3552 269 
64600 3549 876 
64650 3543 1333 
64700 3543 1778 
64750 3537 2175 
64800 3545 2549 
64850 3550 2821 
64900 3547 3022 
64950 3552 3215 
65000 3545 3343 
65050 3296 2330 
65100 3392 1414 
65150 3480 861 
65200 3522 495 
65250 3506 259 
65300 3521 154 
65350 3564 67 
65400 3541 26 
65450 3558 6 
65500 3559 1 
65550 3543 0 
65600 3549 188 
65650 3550 762 
65700 3551 1172 
65750 3537 1574 
65800 3551 1941 
65850 3533 2274 
65900 3531 2569 
65950 3552 2870 
66000 3540 3087 
66050 3318 2233 
66100 3417 1381 
66150 3455 832 
66200 3484 477 
66250 3521 273 
66300 3516 165 
66350 3536 97 
66400 3537 51 
66450 3535 19 
66500 3540 7 
66550 3548 1 
66600 3548 2 
66650 3518 32 
66700 3401 162 
66750 3352 848 
66800 3425 1375 
66850 3467 1784 
66900 3486 2121 
66950 3511 2409 
67000 3512 2653 
67050 3376 1979 
67100 3464 1203 
67150 3510 636 
67200 3523 293 
67250 3539 127 
67300 3559 50 
67350 3557 11 
67400 3562 1 
67450 3559 2 
67500 3545 1 
67550 3558 0 
67600 3554 411 
67650 3550 951 
67700 3560 1386 
67750 3567 1784 
67800 3558 2140 
67850 3566 2463 
67900 3558 2728 
67950 3557 2980 
68000 3570 3163 
68050 3360 2167 
68100 3447 1180 
68150 3512 569 
68200 3535 298 
68250 3542 130 
68300 3554 49 
68350 3563 12 
68400 3554 1 
68450 3544 3 
68500 3542 0 
68550 3549 0 
68600 3546 0 
68650 3547 254 
68700 3561 832 
68750 3559 1301 
68800 3559 1674 
68850 3563 1989 
68900 3555 2283 
68950 3563 2642 
69000 3559 2881 
69050 3373 2086 
69100 3440 1284 
69150 3470 768 
69200 3507 372 
69250 3522 176 
69300 3532 96 
69350 3552 45 
69400 3560 17 
69450 3566 6 
69500 3558 3 
69550 3562 0 
69600 3542 0 
69650 3526 337 
69700 3527 896 
69750 3527 1342 
69800 3511 1782 
69850 3526 2132 
69900 3530 2443 
69950 3530 2725 
70000 3548 2948 
70050 3356 2081 
70100 3462 1216 
70150 3502 634 
70200 3538 305 
70250 3550 135 
70300 3544 57 
70350 3558 20 
70400 3560 7 
70450 3541 2 
70500 3537 0 
70550 3533 180 
70600 3545 714 
70650 3539 1193 
70700 3555 1634 
70750 3549 1981 
70800 3547 2273 
70850 3534 2566 
70900 3539 2826 
70950 3541 3004 
71000 3545 3140 
71050 3329 2241 
71100 3412 1363 
71150 3460 848 
71200 3494 540 
71250 3495 334 
71300 3531 214 
71350 3549 134 
71400 3551 75 
71450 3540 31 
71500 3540 10 
71550 3549 1 
71600 3542 0 
71650 3543 0 
71700 3547 0 
71750 3550 520 
71800 3553 1083 
71850 3549 1585 
71900 3545 2024 
71950 3541 2380 
72000 3543 2723 
72050 3358 1928 
72100 3463 1149 
72150 3483 629 
72200 3516 359 
72250 3542 215 
72300 3538 108 
72350 3535 57 
72400 3554 10 
72450 3540 1 
72500 3569 0 
72550 3549 0 
72600 3547 457 
72650 3553 954 
72700 3556 1399 
72750 3554 1806 
72800 3555 2166 
72850 3541 2466 
72900 3549 2775 
72950 3548 3036 
73000 3535 3171 
73050 3329 2257 
73100 3417 1482 
73150 3461 922 
73200 3485 533 
73250 3514 231 
73300 3541 68 
73350 3548 26 
73400 3551 6 
73450 3538 0 
73500 3546 0 
73550 3536 0 
73600 3549 0 
73650 3542 0 
73700 3549 0 
73750 3548 0 
73800 3549 0 
73850 3563 0 
73900 3556 0 
73950 3539 0 
74000 3542 271 
74050 3535 186 
74100 3543 80 
74150 3565 31 
74200 3553 4 
74250 3558 0 
74300 3551 0 
74350 3556 0 
74400 3556 0 
74450 3571 0 
74500 3564 0 
74550 3558 0 
74600 3555 0 
74650 3561 0 
74700 3547 0 
74750 3560 0 
74800 3560 0 
74850 3554 0 
74900 3553 0 
74950 3545 0 
75000 3550 0 
75050 3546 0 
75100 3548 0 
75150 3550 0 
75200 3542 0 
75250 3561 0 
75300 3538 0 
75350 3536 0 
75400 3566 0 
75450 3548 0 
75500 3562 0 
75550 3577 0 
75600 3558 0 
75650 3555 0 
75700 3551 0 
75750 3553 0 
75800 3546 0 
75850 3555 0 
75900 3549 0 
75950 3543 0 
76000 3553 0 
76050 3542 0 
76100 3569 0 
76150 3548 0 
76200 3537 0 
76250 3558 0 
76300 3575 0 
76350 3543 0 
76400 3550 0 
76450 3551 0 
76500 3549 0 
76550 3558 0 
76600 3549 0 
76650 3546 0 
76700 3550 0 
76750 3550 2 
76800 3563 6 
76850 3541 26 
76900 3533 108 
76950 3536 995 
77000 3541 1604 
77050 3463 1150 
77100 3495 657 
77150 3532 351 
77200 3545 143 
77250 3556 48 
77300 3545 23 
77350 3538 10 
77400 3547 2 
77450 3539 0 
77500 3541 1 
77550 3539 518 
77600 3554 1153 
77650 3557 1680 
77700 3553 2114 
77750 3553 2590 
77800 3530 2895 
77850 3561 3173 
77900 3557 3362 
77950 3548 3432 
78000 3560 3503 
78050 3379 1962 
78100 3497 927 
78150 3524 325 
78200 3541 158 
78250 3559 72 
78300 3550 44 
78350 3547 24 
78400 3548 11 
78450 3549 7 
78500 3556 0 
78550 3539 355 
78600 3546 1218 
78650 3541 1861 
78700 3538 2353 
78750 3554 2771 
78800 3552 3061 
78850 3548 3249 
78900 3556 3356 
78950 3557 3468 
79000 3544 3492 
79050 3355 2042 
79100 3442 1002 
79150 3507 468 
79200 3532 231 
79250 3545 92 
79300 3547 23 
79350 3551 6 
79400 3554 0 
79450 3559 7 
79500 3547 5 
79550 3563 396 
79600 3549 1106 
79650 3545 1627 
79700 3549 2067 
79750 3545 2466 
79800 3561 2858 
79850 3563 3139 
79900 3542 3267 
79950 3558 3394 
80000 3559 3454 
80050 3391 1865 
80100 3502 726 
80150 3518 230 
80200 3552 82 
80250 3555 21 
80300 3557 5 
80350 3559 1 
80400 3546 1 
80450 3558 5 
80500 3552 1 
80550 3548 484 
80600 3557 1232 
80650 3551 1837 
80700 3539 2298 
80750 3559 2739 
80800 3531 2995 
80850 3566 3222 
80900 3557 3360 
80950 3551 3441 
81000 3561 3508 
81050 3391 2004 
81100 3492 946 
81150 3526 387 
81200 3552 175 
81250 3554 41 
81300 3535 6 
81350 3556 3 
81400 3542 3 
81450 3543 2 
81500 3564 3 
81550 3567 0 
81600 3543 374 
81650 3543 973 
81700 3545 1527 
81750 3548 2004 
81800 3558 2396 
81850 3564 2683 
81900 3549 2913 
81950 3537 3141 
82000 3548 3286 
82050 3386 2085 
82100 3495 1020 
82150 3533 488 
82200 3536 194 
82250 3553 40 
82300 3548 5 
82350 3546 0 
82400 3554 1 
82450 3559 3 
82500 3546 0 
82550 3541 502 
82600 3549 1201 
82650 3544 1762 
82700 3538 2223 
82750 3559 2666 
82800 3566 2957 
82850 3552 3152 
82900 3557 3281 
82950 3572 3401 
83000 3548 3431 
83050 3397 1826 
83100 3505 738 
83150 3537 252 
83200 3549 78 
83250 3551 23 
83300 3554 7 
83350 3549 2 
83400 3549 4 
83450 3530 2 
83500 3557 1 
83550 3540 102 
83600 3559 876 
83650 3560 1502 
83700 3545 1955 
83750 3544 2396 
83800 3542 2793 
83850 3546 3035 
83900 3556 3224 
83950 3560 3360 
84000 3561 3438 
84050 3351 2117 
84100 3483 942 
84150 3531 372 
84200 3541 137 
84250 3558 28 
84300 3548 12 
84350 3557 13 
84400 3543 8 
84450 3553 8 
84500 3559 11 
84550 3552 626 
84600 3562 1315 
84650 3561 1863 
84700 3549 2327 
84750 3573 2757 
84800 3561 2989 
84850 3550 3162 
84900 3547 3313 
84950 3565 3396 
85000 3549 3461 
85050 3346 2116 
85100 3452 1097 
85150 3508 540 
85200 3543 290 
85250 3549 107 
85300 3533 21 
85350 3558 2 
85400 3556 3 
85450 3557 0 
85500 3556 2 
85550 3548 613 
85600 3562 1235 
85650 3552 1753 
85700 3548 2194 
85750 3553 2605 
85800 3546 2920 
85850 3548 3136 
85900 3542 3325 
85950 3541 3472 
86000 3550 3500 
86050 3336 2029 
86100 3498 880 
86150 3534 216 
86200 3538 42 
86250 3557 6 
86300 3554 4 
86350 3559 1 
86400 3552 2 
86450 3556 1 
86500 3543 0 
86550 3553 644 
86600 3560 1392 
86650 3559 1937 
86700 3563 2348 
86750 3557 2665 
86800 3556 2985 
86850 3543 3195 
86900 3559 3388 
86950 3554 3486 
87000 3565 3537 
87050 3376 2000 
87100 3462 946 
87150 3524 390 
87200 3551 141 
87250 3557 47 
87300 3537 10 
87350 3554 6 
87400 3545 7 
87450 3563 3 
87500 3562 2 
87550 3560 588 
87600 3564 1283 
87650 3566 1802 
87700 3549 2243 
87750 3559 2650 
87800 3546 2950 
87850 3543 3161 
87900 3554 3333 
87950 3540 3420 
88000 3544 3476 
88050 3349 2028 
88100 3463 1002 
88150 3522 507 
88200 3542 257 
88250 3554 97 
88300 3557 18 
88350 3561 3 
88400 3554 4 
88450 3567 5 
88500 3550 6 
88550 3545 545 
88600 3552 1272 
88650 3545 1796 
88700 3561 2295 
88750 3549 2652 
88800 3544 2942 
88850 3536 3129 
88900 3550 3284 
88950 3538 3364 
89000 3552 3447 
89050 3356 2031 
89100 3436 1039 
89150 3490 498 
89200 3537 223 
89250 3541 95 
89300 3556 27 
89350 3562 4 
89400 3543 2 
89450 3541 2 
89500 3543 6 
89550 3542 653 
89600 3551 1555 
89650 3552 2152 
89700 3551 2631 
89750 3555 3017 
89800 3561 3251 
89850 3559 3390 
89900 3542 3458 
89950 3543 3508 
90000 3554 3518 
90050 3373 2010 
90100 3442 1124 
90150 3468 697 
90200 3511 482 
90250 3538 258 
90300 3536 110 
90350 3561 38 
90400 3551 26 
90450 3561 20 
90500 3555 5 
90550 3563 327 
90600 3549 1005 
90650 3556 1562 
90700 3558 2018 
90750 3547 2449 
90800 3543 2806 
90850 3568 3138 
90900 3556 3352 
90950 3545 3441 
91000 3551 3516 
91050 3350 2001 
91100 3500 857 
91150 3534 334 
91200 3546 106 
91250 3546 31 
91300 3564 6 
91350 3565 6 
91400 3550 5 
91450 3544 5 
91500 3560 1 
91550 3554 560 
91600 3557 1464 
91650 3555 2084 
91700 3549 2576 
91750 3550 2944 
91800 3554 3254 
91850 3563 3415 
91900 3569 3501 
91950 3562 3506 
92000 3538 3502 
92050 3362 2014 
92100 3475 865 
92150 3530 297 
92200 3567 111 
92250 3554 26 
92300 3543 3 
92350 3547 2 
92400 3547 1 
92450 3555 0 
92500 3561 0 
92550 3560 602 
92600 3563 1242 
92650 3549 1726 
92700 3564 2246 
92750 3553 2665 
92800 3551 2960 
92850 3549 3173 
92900 3550 3314 
92950 3548 3425 
93000 3547 3470 
93050 3351 1810 
93100 3468 842 
93150 3504 393 
93200 3541 146 
93250 3546 50 
93300 3559 8 
93350 3550 4 
93400 3568 5 
93450 3530 2 
93500 3554 0 
93550 3571 298 
93600 3551 1006 
93650 3556 1584 
93700 3549 2053 
93750 3551 2492 
93800 3560 2867 
93850 3550 3073 
93900 3551 3246 
93950 3558 3387 
94000 3554 3476 
94050 3382 2008 
94100 3460 1047 
94150 3475 558 
94200 3530 345 
94250 3542 183 
94300 3542 73 
94350 3548 22 
94400 3544 5 
94450 3551 1 
94500 3553 4 
94550 3546 583 
94600 3552 1446 
94650 3544 2075 
94700 3544 2593 
94750 3552 3023 
94800 3542 3240 
94850 3550 3385 
94900 3556 3466 
94950 3554 3507 
95000 3551 3534 
95050 3324 2140 
95100 3414 1176 
95150 3494 742 
95200 3530 495 
95250 3544 301 
95300 3556 156 
95350 3547 72 
95400 3553 28 
95450 3553 19 
95500 3551 7 
95550 3546 259 
95600 3537 1013 
95650 3544 1563 
95700 3546 2086 
95750 3543 2524 
95800 3566 2929 
95850 3548 3171 
95900 3546 3335 
95950 3535 3425 
96000 3559 3511 
96050 3369 1977 
96100 3489 861 
96150 3540 263 
96200 3556 63 
96250 3554 14 
96300 3568 2 
96350 3557 1 
96400 3545 5 
96450 3556 4 
96500 3565 8 
96550 3531 1 
96600 3549 588 
96650 3555 1212 
96700 3553 1755 
96750 3553 2185 
96800 3550 2575 
96850 3540 2926 
96900 3560 3202 
96950 3557 3327 
97000 3550 3424 
97050 3403 2026 
97100 3497 759 
97150 3545 256 
97200 3548 69 
97250 3555 23 
97300 3555 6 
97350 3544 2 
97400 3552 2 
97450 3548 6 
97500 3560 2 
97550 3562 125 
97600 3557 876 
97650 3550 1559 
97700 3560 2169 
97750 3545 2662 
97800 3558 3098 
97850 3555 3388 
97900 3553 3495 
97950 3553 3517 
98000 3570 3520 
98050 3397 1982 
98100 3500 906 
98150 3543 350 
98200 3557 142 
98250 3557 31 
98300 3556 11 
98350 3549 5 
98400 3553 6 
98450 3562 5 
98500 3545 5 
98550 3560 405 
98600 3565 1221 
98650 3559 1867 
98700 3560 2444 
98750 3551 2918 
98800 3564 3301 
98850 3564 3484 
98900 3548 3506 
98950 3539 3508 
99000 3548 3519 
99050 3423 1853 
99100 3517 741 
99150 3537 265 
99200 3560 93 
99250 3565 28 
99300 3542 5 
99350 3556 0 
99400 3539 0 
99450 3560 0 
99500 3554 2 
99550 3550 51 
99600 3542 869 
99650 3546 1476 
99700 3558 2089 
99750 3550 2524 
99800 3561 2864 
99850 3542 3058 
99900 3548 3244 
99950 3541 3306 
100000 3546 3398 
100050 3378 2018 
100100 3474 981 
100150 3524 417 
100200 3534 149 
100250 3549 32 
100300 3562 11 
100350 3540 6 
100400 3553 3 
100450 3557 3 
100500 3551 2 
100550 3556 512 
100600 3555 1266 
100650 3555 1855 
100700 3560 2326 
100750 3553 2755 
100800 3545 3060 
100850 3560 3347 
100900 3569 3460 
100950 3554 3492 
101000 3562 3540 
101050 3349 2098 
101100 3459 970 
101150 3514 357 
101200 3545 155 
101250 3534 53 
101300 3528 19 
101350 3547 8 
101400 3549 4 
101450 3564 3 
101500 3565 5 
101550 3538 747 
101600 3542 1456 
101650 3541 2019 
101700 3537 2398 
101750 3533 2723 
101800 3554 2994 
101850 3556 3203 
101900 3550 3351 
101950 3568 3480 
102000 3547 3516 
102050 3349 1964 
102100 3471 856 
102150 3524 316 
102200 3543 113 
102250 3566 40 
102300 3566 9 
102350 3566 7 
102400 3552 7 
102450 3543 4 
102500 3550 4 
102550 3541 5 
102600 3542 580 
102650 3552 1209 
102700 3551 1752 
102750 3562 2246 
102800 3556 2614 
102850 3568 2881 
102900 3561 3117 
102950 3560 3300 
103000 3560 3401 
103050 3359 1973 
103100 3453 975 
103150 3498 488 
103200 3546 278 
103250 3547 119 
103300 3561 24 
103350 3556 10 
103400 3546 2 
103450 3563 4 
103500 3550 4 
103550 3551 327 
103600 3547 1041 
103650 3550 1665 
103700 3558 2183 
103750 3541 2600 
103800 3560 2935 
103850 3559 3194 
103900 3561 3380 
103950 3559 3500 
104000 3560 3517 
104050 3396 1966 
104100 3522 739 
104150 3537 202 
104200 3540 45 
104250 3561 12 
104300 3571 1 
104350 3547 4 
104400 3538 1 
104450 3568 4 
104500 3564 4 
104550 3555 167 
104600 3559 766 
104650 3545 1312 
104700 3554 1856 
104750 3556 2430 
104800 3562 2800 
104850 3554 3023 
104900 3556 3174 
104950 3560 3324 
105000 3547 3405 
105050 3382 2057 
105100 3486 896 
105150 3521 270 
105200 3550 52 
105250 3546 8 
105300 3562 5 
105350 3560 4 
105400 3556 4 
105450 3549 8 
105500 3557 5 
105550 3550 480 
105600 3564 1338 
105650 3566 2007 
105700 3563 2514 
105750 3544 2909 
105800 3560 3216 
105850 3559 3382 
105900 3566 3478 
105950 3565 3527 
106000 3568 3529 
106050 3417 1853 
106100 3513 763 
106150 3528 289 
106200 3555 110 
106250 3549 44 
106300 3560 12 
106350 3569 7 
106400 3565 17 
106450 3540 12 
106500 3553 5 
106550 3545 184 
106600 3543 935 
106650 3557 1544 
106700 3557 1974 
106750 3555 2410 
106800 3550 2781 
106850 3542 3005 
106900 3559 3234 
106950 3554 3364 
107000 3543 3426 
107050 3399 1944 
107100 3467 810 
107150 3522 312 
107200 3538 84 
107250 3567 33 
107300 3542 8 
107350 3556 11 
107400 3559 11 
107450 3566 12 
107500 3561 10 
107550 3535 17 
107600 3487 878 
107650 3469 1523 
107700 3458 2024 
107750 3475 2488 
107800 3513 2783 
107850 3536 3051 
107900 3563 3281 
107950 3569 3394 
108000 3569 3492 
108050 3389 1918 
108100 3485 903 
108150 3501 446 
108200 3541 233 
108250 3536 79 
108300 3547 15 
108350 3544 7 
108400 3558 7 
108450 3561 1 
108500 3562 3 
108550 3573 0 
108600 3563 2 
108650 3552 807 
108700 3561 1402 
108750 3570 1896 
108800 3574 2366 
108850 3562 2763 
108900 3558 3047 
108950 3564 3212 
109000 3568 3348 
109050 3367 2007 
109100 3474 888 
109150 3529 308 
109200 3554 80 
109250 3569 18 
109300 3553 3 
109350 3548 1 
109400 3557 4 
109450 3547 0 
109500 3561 0 
109550 3560 0 
109600 3546 195 
109650 3553 953 
109700 3540 1486 
109750 3552 2030 
109800 3562 2500 
109850 3555 2928 
109900 3578 3233 
109950 3554 3390 
110000 3560 3482 
110050 3400 1828 
110100 3475 760 
110150 3517 299 
110200 3558 106 
110250 3553 44 
110300 3564 3 
110350 3559 0 
110400 3560 3 
110450 3555 1 
110500 3553 0 
110550 3556 369 
110600 3555 1085 
110650 3555 1663 
110700 3558 2242 
110750 3546 2652 
110800 3555 3001 
110850 3562 3286 
110900 3550 3415 
110950 3566 3514 
111000 3551 3519 
111050 3379 1980 
111100 3472 927 
111150 3531 412 
111200 3557 182 
111250 3540 81 
111300 3560 23 
111350 3546 8 
111400 3548 2 
111450 3533 1 
111500 3544 3 
111550 3554 551 
111600 3549 1234 
111650 3556 1754 
111700 3554 2203 
111750 3557 2620 
111800 3558 2962 
111850 3556 3175 
111900 3555 3334 
111950 3543 3427 
112000 3563 3493 
112050 3347 1955 
112100 3474 851 
112150 3533 347 
112200 3548 109 
112250 3551 29 
112300 3551 4 
112350 3557 5 
112400 3562 3 
112450 3550 1 
112500 3565 6 
112550 3556 386 
112600 3549 1114 
112650 3553 1674 
112700 3538 2108 
112750 3547 2568 
112800 3549 2954 
112850 3542 3196 
112900 3530 3352 
112950 3546 3453 
113000 3571 3501 
113050 3415 1768 
113100 3522 695 
113150 3536 281 
113200 3538 109 
113250 3560 48 
113300 3559 6 
113350 3549 4 
113400 3556 2 
113450 3557 0 
113500 3559 2 
113550 3563 727 
113600 3557 1408 
113650 3562 1989 
113700 3556 2494 
113750 3566 2886 
113800 3561 3162 
113850 3564 3372 
113900 3547 3449 
113950 3559 3491 
114000 3540 3510 
114050 3386 2040 
114100 3473 881 
114150 3509 360 
114200 3559 179 
114250 3553 84 
114300 3555 21 
114350 3558 4 
114400 3560 1 
114450 3544 3 
114500 3556 5 
114550 3542 664 
114600 3557 1244 
114650 3560 1727 
114700 3562 2170 
114750 3557 2587 
114800 3549 2891 
114850 3553 3089 
114900 3556 3255 
114950 3549 3366 
115000 3531 3441 
115050 3342 2101 
115100 3429 1046 
115150 3484 539 
115200 3532 295 
115250 3541 119 
115300 3535 42 
115350 3547 9 
115400 3565 4 
115450 3552 0 
115500 3556 0 
115550 3550 151 
115600 3550 935 
115650 3543 1596 
115700 3545 2089 
115750 3550 2518 
115800 3560 2936 
115850 3557 3176 
115900 3560 3329 
115950 3549 3454 
116000 3544 3504 
116050 3306 2078 
116100 3417 1144 
116150 3486 646 
116200 3519 442 
116250 3517 254 
116300 3547 144 
116350 3521 64 
116400 3538 24 
116450 3544 10 
116500 3553 5 
116550 3546 506 
116600 3564 1235 
116650 3558 1731 
116700 3554 2238 
116750 3560 2630 
116800 3567 2978 
116850 3555 3232 
116900 3549 3365 
116950 3558 3463 
117000 3556 3511 
117050 3410 1931 
117100 3506 769 
117150 3555 235 
117200 3547 56 
117250 3557 13 
117300 3557 3 
117350 3561 1 
117400 3558 7 
117450 3563 5 
117500 3549 4 
117550 3547 90 
117600 3529 911 
117650 3552 1495 
117700 3566 2017 
117750 3562 2457 
117800 3575 2846 
117850 3549 3075 
117900 3570 3272 
117950 3539 3346 
118000 3541 3424 
118050 3354 2017 
118100 3482 1012 
118150 3541 433 
118200 3546 144 
118250 3558 22 
118300 3540 9 
118350 3550 4 
118400 3558 4 
118450 3548 3 
118500 3549 5 
118550 3556 433 
118600 3550 1156 
118650 3552 1770 
118700 3547 2270 
118750 3546 2738 
118800 3556 3049 
118850 3549 3239 
118900 3561 3380 
118950 3547 3477 
119000 3569 3545 
119050 3366 2063 
119100 3502 985 
119150 3522 415 
119200 3568 186 
119250 3571 51 
119300 3550 10 
119350 3535 5 
119400 3554 4 
119450 3549 1 
119500 3551 4 
119550 3558 659 
119600 3564 1346 
119650 3550 1854 
119700 3549 2346 
119750 3541 2731 
119800 3545 3047 
119850 3551 3265 
119900 3559 3413 
119950 3568 3498 
120000 3546 3512 
120050 3405 2058 
120100 3494 977 
120150 3539 435 
120200 3556 180 
120250 3545 70 
120300 3553 17 
120350 3552 4 
120400 3560 0 
120450 3555 4 
120500 3554 3 
120550 3562 531 
120600 3547 1209 
120650 3549 1798 
120700 3551 2293 
120750 3551 2722 
120800 3557 3071 
120850 3540 3283 
120900 3560 3442 
120950 3564 3532 
121000 3555 3523 
121050 3373 2021 
121100 3471 938 
121150 3505 355 
121200 3532 120 
121250 3541 27 
121300 3558 6 
121350 3561 6 
121400 3542 5 
121450 3558 2 
121500 3556 1 
121550 3542 471 
121600 3545 1158 
121650 3553 1721 
121700 3558 2181 
121750 3566 2625 
121800 3555 2953 
121850 3546 3176 
121900 3555 3309 
121950 3567 3431 
122000 3560 3490 
122050 3394 1989 
122100 3475 944 
122150 3519 430 
122200 3529 235 
122250 3566 88 
122300 3565 21 
122350 3534 3 
122400 3557 1 
122450 3543 1 
122500 3551 1 
122550 3556 466 
122600 3563 1196 
122650 3563 1754 
122700 3546 2163 
122750 3552 2586 
122800 3549 2913 
122850 3551 3132 
122900 3558 3281 
122950 3566 3400 
123000 3560 3468 
123050 3370 1985 
123100 3473 896 
123150 3521 334 
123200 3529 144 
123250 3554 42 
123300 3571 11 
123350 3552 6 
123400 3554 5 
123450 3541 4 
123500 3546 3 
123550 3551 571 
123600 3554 1304 
123650 3547 1864 
123700 3557 2383 
123750 3554 2810 
123800 3554 3094 
123850 3566 3325 
123900 3560 3442 
123950 3560 3509 
124000 3553 3513 
124050 3412 1950 
124100 3496 855 
124150 3522 381 
124200 3558 224 
124250 3562 96 
124300 3556 21 
124350 3538 15 
124400 3562 3 
124450 3555 3 
124500 3554 10 
124550 3557 3 
124600 3561 3 
124650 3555 601 
124700 3540 1426 
124750 3539 2048 
124800 3548 2479 
124850 3554 2834 
124900 3538 3125 
124950 3547 3317 
125000 3553 3449 
125050 3397 1874 
125100 3493 860 
125150 3534 362 
125200 3538 145 
125250 3569 61 
125300 3565 19 
125350 3554 3 
125400 3567 5 
125450 3546 7 
125500 3559 5 
125550 3551 0 
125600 3554 159 
125650 3573 1174 
125700 3572 1878 
125750 3547 2328 
125800 3561 2730 
125850 3557 3006 
125900 3551 3252 
125950 3550 3420 
126000 3549 3503 
126050 3385 2001 
126100 3484 892 
126150 3530 343 
126200 3555 135 
126250 3558 39 
126300 3566 19 
126350 3553 17 
126400 3556 10 
126450 3558 6 
126500 3547 16 
126550 3562 553 
126600 3548 1279 
126650 3558 1898 
126700 3559 2353 
126750 3569 2734 
126800 3553 2981 
126850 3561 3167 
126900 3563 3334 
126950 3555 3400 
127000 3558 3463 
127050 3376 1909 
127100 3483 774 
127150 3539 314 
127200 3555 126 
127250 3553 43 
127300 3559 11 
127350 3555 3 
127400 3569 2 
127450 3568 0 
127500 3555 3 
127550 3554 45 
127600 3556 899 
127650 3543 1467 
127700 3558 2008 
127750 3546 2479 
127800 3558 2917 
127850 3562 3168 
127900 3539 3325 
127950 3554 3434 
128000 3551 3479 
128050 3364 2006 
128100 3456 1087 
128150 3502 526 
128200 3543 310 
128250 3532 133 
128300 3573 28 
128350 3557 5 
128400 3550 7 
128450 3556 9 
128500 3551 9 
128550 3556 98 
128600 3536 1111 
128650 3550 1794 
128700 3555 2343 
128750 3539 2729 
128800 3536 3015 
128850 3533 3250 
128900 3532 3400 
128950 3546 3476 
129000 3553 3511 
129050 3424 1829 
129100 3496 714 
129150 3538 230 
129200 3555 58 
129250 3553 8 
129300 3550 0 
129350 3543 4 
129400 3549 7 
129450 3550 3 
129500 3561 1 
129550 3568 632 
129600 3554 1343 
129650 3567 1919 
129700 3552 2387 
129750 3557 2828 
129800 3566 3132 
129850 3554 3292 
129900 3552 3436 
129950 3539 3488 
130000 3547 3516 
130050 3374 2030 
130100 3483 924 
130150 3523 342 
130200 3548 128 
130250 3549 23 
130300 3560 7 
130350 3557 5 
130400 3557 3 
130450 3562 0 
130500 3552 2 
130550 3553 602 
130600 3567 1460 
130650 3553 2140 
130700 3554 2696 
130750 3547 3079 
130800 3547 3294 
130850 3550 3441 
130900 3557 3503 
130950 3544 3525 
131000 3558 3527 
131050 3370 1990 
131100 3483 854 
131150 3527 338 
131200 3540 162 
131250 3550 70 
131300 3554 10 
131350 3563 4 
131400 3556 7 
131450 3550 4 
131500 3556 3 
131550 3563 563 
131600 3567 1377 
131650 3569 1948 
131700 3557 2396 
131750 3550 2748 
131800 3563 3036 
131850 3547 3248 
131900 3555 3379 
131950 3549 3461 
132000 3552 3498 
132050 3371 1904 
132100 3497 856 
132150 3533 296 
132200 3547 71 
132250 3548 14 
132300 3545 9 
132350 3546 1 
132400 3550 0 
132450 3550 2 
132500 3555 2 
132550 3539 512 
132600 3538 1189 
132650 3551 1784 
132700 3539 2290 
132750 3548 2680 
132800 3562 3000 
132850 3545 3216 
132900 3543 3344 
132950 3553 3457 
133000 3545 3503 
133050 3371 1948 
133100 3486 774 
133150 3533 253 
133200 3538 56 
133250 3550 13 
133300 3541 3 
133350 3553 0 
133400 3561 1 
133450 3551 4 
133500 3558 3 
133550 3549 322 
133600 3549 1074 
133650 3553 1626 
133700 3563 2092 
133750 3564 2502 
133800 3549 2850 
133850 3534 3077 
133900 3555 3284 
133950 3559 3418 
134000 3552 3489 
134050 3367 1955 
134100 3464 919 
134150 3502 439 
134200 3527 223 
134250 3552 95 
134300 3539 21 
134350 3568 6 
134400 3546 1 
134450 3554 0 
134500 3546 3 
134550 3563 573 
134600 3554 1214 
134650 3564 1730 
134700 3559 2234 
134750 3568 2655 
134800 3563 2942 
134850 3561 3177 
134900 3567 3335 
134950 3549 3429 
135000 3543 3479 
135050 3391 1965 
135100 3495 812 
135150 3530 308 
135200 3555 133 
135250 3564 61 
135300 3554 17 
135350 3561 4 
135400 3560 6 
135450 3559 0 
135500 3544 1 
135550 3550 0 
135600 3561 0 
135650 3569 251 
135700 3562 999 
135750 3551 1619 
135800 3541 2120 
135850 3561 2552 
135900 3546 2852 
135950 3540 3094 
136000 3557 3253 
136050 3341 1910 
136100 3483 781 
136150 3530 235 
136200 3561 52 
136250 3543 11 
136300 3557 2 
136350 3557 3 
136400 3558 2 
136450 3555 1 
136500 3549 0 
136550 3547 48 
136600 3539 836 
136650 3532 1380 
136700 3549 1938 
136750 3527 2413 
136800 3535 2750 
136850 3545 3032 
136900 3541 3207 
136950 3565 3369 
137000 3554 3454 
137050 3393 1930 
137100 3492 930 
137150 3515 389 
137200 3543 150 
137250 3544 50 
137300 3556 12 
137350 3536 5 
137400 3550 2 
137450 3540 5 
137500 3557 2 
137550 3561 405 
137600 3560 1242 
137650 3549 1752 
137700 3558 2247 
137750 3556 2702 
137800 3552 3031 
137850 3557 3242 
137900 3549 3353 
137950 3543 3445 
138000 3555 3492 
138050 3380 2007 
138100 3459 926 
138150 3485 428 
138200 3520 218 
138250 3532 72 
138300 3549 16 
138350 3547 1 
138400 3526 4 
138450 3544 0 
138500 3552 1 
138550 3552 745 
138600 3550 1504 
138650 3554 2038 
138700 3549 2490 
138750 3556 2827 
138800 3564 3161 
138850 3554 3352 
138900 3547 3443 
138950 3557 3494 
139000 3555 3529 
139050 3361 2035 
139100 3464 946 
139150 3525 379 
139200 3555 131 
139250 3556 26 
139300 3550 4 
139350 3543 3 
139400 3543 1 
139450 3558 3 
139500 3555 2 
139550 3554 15 
139600 3563 1023 
139650 3561 1787 
139700 3555 2401 
139750 3556 2846 
139800 3551 3180 
139850 3558 3387 
139900 3559 3474 
139950 3559 3521 
140000 3552 3525 
140050 3379 2070 
140100 3451 1050 
140150 3501 553 
140200 3537 281 
140250 3553 102 
140300 3526 31 
140350 3546 10 
140400 3548 3 
140450 3555 1 
140500 3553 2 
140550 3557 6 
140600 3559 43 
140650 3554 242 
140700 3540 901 
140750 3552 1512 
140800 3543 2087 
140850 3559 2582 
140900 3538 3039 
140950 3551 3334 
141000 3550 3463 
141050 3384 1915 
141100 3500 840 
141150 3538 249 
141200 3556 51 
141250 3531 14 
141300 3549 4 
141350 3558 4 
141400 3553 3 
141450 3550 3 
141500 3547 5 
141550 3548 631 
141600 3542 1258 
141650 3556 1738 
141700 3549 2191 
141750 3552 2555 
141800 3545 2881 
141850 3554 3159 
141900 3561 3328 
141950 3551 3432 
142000 3559 3503 
142050 3357 2024 
142100 3480 994 
142150 3533 381 
142200 3543 118 
142250 3560 23 
142300 3562 2 
142350 3560 3 
142400 3552 1 
142450 3562 1 
142500 3547 0 
142550 3566 162 
142600 3555 1118 
142650 3554 1778 
142700 3561 2323 
142750 3567 2695 
142800 3570 3025 
142850 3539 3239 
142900 3566 3428 
142950 3560 3485 
143000 3565 3516 
143050 3347 1918 
143100 3477 811 
143150 3533 293 
143200 3539 84 
143250 3536 21 
143300 3546 3 
143350 3545 2 
143400 3556 2 
143450 3545 0 
143500 3538 0 
143550 3545 288 
143600 3546 1059 
143650 3553 1637 
143700 3558 2158 
143750 3550 2585 
143800 3552 2929 
143850 3535 3146 
143900 3549 3290 
143950 3557 3406 
144000 3545 3477 
144050 3368 1982 
144100 3463 990 
144150 3502 481 
144200 3529 222 
144250 3534 93 
144300 3545 25 
144350 3538 3 
144400 3537 2 
144450 3549 4 
144500 3539 2 
144550 3551 1 
144600 3529 312 
144650 3550 979 
144700 3548 1555 
144750 3559 2037 
144800 3549 2458 
144850 3561 2838 
144900 3554 3084 
144950 3561 3298 
145000 3568 3429 
145050 3402 1937 
145100 3464 880 
145150 3512 343 
145200 3557 107 
145250 3541 42 
145300 3554 2 
145350 3558 0 
145400 3549 4 
145450 3546 0 
145500 3544 0 
145550 3549 458 
145600 3547 1195 
145650 3550 1764 
145700 3558 2297 
145750 3551 2686 
145800 3550 2989 
145850 3558 3229 
145900 3547 3326 
145950 3563 3459 
146000 3547 3495 
146050 3370 2168 
146100 3460 1168 
146150 3537 560 
146200 3538 257 
146250 3537 98 
146300 3551 33 
146350 3552 7 
146400 3550 2 
146450 3562 2 
146500 3560 0 
146550 3566 32 
146600 3557 824 
146650 3555 1435 
146700 3558 1985 
146750 3561 2425 
146800 3564 2752 
146850 3542 3041 
146900 3557 3230 
146950 3557 3384 
147000 3566 3499 
147050 3394 1896 
147100 3482 777 
147150 3527 284 
147200 3556 92 
147250 3550 33 
147300 3559 6 
147350 3561 0 
147400 3550 0 
147450 3543 3 
147500 3570 1 
147550 3558 0 
147600 3563 155 
147650 3554 902 
147700 3549 1435 
147750 3553 1945 
147800 3556 2416 
147850 3557 2840 
147900 3547 3090 
147950 3556 3307 
148000 3554 3436 
148050 3367 1958 
148100 3493 803 
148150 3534 228 
148200 3546 44 
148250 3554 5 
148300 3538 1 
148350 3541 2 
148400 3559 1 
148450 3552 4 
148500 3549 1 
148550 3573 0 
148600 3543 385 
148650 3553 1126 
148700 3550 1657 
148750 3552 2188 
148800 3522 2557 
148850 3540 2919 
148900 3542 3143 
148950 3560 3325 
149000 3562 3415 
149050 3393 1892 
149100 3503 782 
149150 3532 290 
149200 3550 80 
149250 3561 26 
149300 3554 10 
149350 3552 4 
149400 3546 5 
149450 3550 2 
149500 3545 1 
149550 3550 620 
149600 3553 1393 
149650 3550 2019 
149700 3546 2437 
149750 3555 2738 
149800 3555 3010 
149850 3555 3223 
149900 3559 3387 
149950 3551 3490 
150000 3560 3543 
150050 3331 2120 
150100 3404 1104 
150150 3516 604 
150200 3526 280 
150250 3538 97 
150300 3547 19 
150350 3556 2 
150400 3560 0 
150450 3544 4 
150500 3557 1 
150550 3542 396 
150600 3549 1149 
150650 3549 1747 
150700 3552 2220 
150750 3539 2643 
150800 3542 2926 
150850 3555 3169 
150900 3552 3310 
150950 3542 3414 
151000 3540 3487 
151050 3365 1974 
151100 3466 907 
151150 3519 376 
151200 3555 142 
151250 3560 46 
151300 3554 8 
151350 3567 6 
151400 3554 1 
151450 3545 1 
151500 3553 1 
151550 3555 617 
151600 3555 1435 
151650 3552 2050 
151700 3552 2616 
151750 3550 2992 
151800 3553 3190 
151850 3562 3367 
151900 3562 3488 
151950 3544 3489 
152000 3544 3507 
152050 3390 1849 
152100 3484 700 
152150 3532 247 
152200 3533 67 
152250 3553 22 
152300 3568 2 
152350 3548 2 
152400 3557 3 
152450 3554 3 
152500 3551 3 
152550 3542 426 
152600 3552 1081 
152650 3543 1678 
152700 3551 2172 
152750 3548 2621 
152800 3544 2983 
152850 3533 3237 
152900 3551 3395 
152950 3544 3459 
153000 3546 3504 
153050 3408 1841 
153100 3509 725 
153150 3530 258 
153200 3542 75 
153250 3535 30 
153300 3548 8 
153350 3548 3 
153400 3557 2 
153450 3556 2 
153500 3551 0 
153550 3544 494 
153600 3556 1245 
153650 3554 1811 
153700 3548 2288 
153750 3547 2661 
153800 3545 2944 
153850 3532 3127 
153900 3549 3306 
153950 3562 3434 
154000 3545 3484 
154050 3379 1882 
154100 3487 790 
154150 3528 334 
154200 3553 107 
154250 3548 34 
154300 3553 7 
154350 3532 2 
154400 3544 1 
154450 3548 0 
154500 3536 2 
154550 3542 0 
154600 3544 795 
154650 3546 1439 
154700 3539 2049 
154750 3538 2590 
154800 3536 3027 
154850 3544 3348 
154900 3554 3479 
154950 3554 3515 
155000 3542 3514 
155050 3365 2047 
155100 3464 896 
155150 3524 362 
155200 3538 175 
155250 3549 60 
155300 3537 10 
155350 3538 4 
155400 3560 2 
155450 3553 0 
155500 3565 0 
155550 3555 295 
155600 3550 1062 
155650 3560 1624 
155700 3572 2125 
155750 3558 2561 
155800 3549 2901 
155850 3562 3153 
155900 3545 3302 
155950 3536 3420 
156000 3555 3491 
156050 3373 1851 
156100 3478 719 
156150 3535 227 
156200 3552 64 
156250 3541 10 
156300 3568 4 
156350 3546 4 
156400 3544 0 
156450 3556 1 
156500 3554 3 
156550 3553 687 
156600 3531 1535 
156650 3546 2159 
156700 3545 2660 
156750 3529 3072 
156800 3560 3336 
156850 3544 3462 
156900 3553 3504 
156950 3550 3511 
157000 3552 3523 
157050 3378 1931 
157100 3500 801 
157150 3525 277 
157200 3546 76 
157250 3558 16 
157300 3552 3 
157350 3545 3 
157400 3554 1 
157450 3545 0 
157500 3546 4 
157550 3534 572 
157600 3556 1219 
157650 3560 1735 
157700 3556 2247 
157750 3561 2635 
157800 3556 2915 
157850 3546 3088 
157900 3546 3251 
157950 3548 3387 
158000 3548 3453 
158050 3380 1870 
158100 3488 779 
158150 3513 290 
158200 3535 124 
158250 3549 52 
158300 3559 12 
158350 3556 1 
158400 3566 4 
158450 3559 1 
158500 3558 6 
158550 3564 560 
158600 3555 1256 
158650 3556 1898 
158700 3555 2378 
158750 3548 2803 
158800 3554 3080 
158850 3545 3257 
158900 3556 3387 
158950 3549 3455 
159000 3532 3483 
159050 3343 1981 
159100 3445 927 
159150 3513 398 
159200 3544 205 
159250 3557 49 
159300 3545 11 
159350 3566 5 
159400 3546 1 
159450 3544 1 
159500 3557 0 
159550 3555 0 
159600 3556 261 
159650 3554 1040 
159700 3561 1678 
159750 3547 2209 
159800 3547 2674 
159850 3565 2999 
159900 3546 3217 
159950 3543 3362 
160000 3559 3448 
160050 3417 1764 
160100 3508 565 
160150 3531 180 
160200 3547 36 
160250 3540 10 
160300 3560 5 
160350 3554 1 
160400 3530 1 
160450 3561 3 
160500 3565 0 
160550 3546 0 
160600 3546 577 
160650 3535 1385 
160700 3561 2032 
160750 3552 2520 
160800 3558 2843 
160850 3549 3125 
160900 3541 3318 
160950 3550 3428 
161000 3546 3475 
161050 3366 1941 
161100 3462 818 
161150 3505 275 
161200 3539 73 
161250 3552 10 
161300 3551 3 
161350 3544 0 
161400 3547 1 
161450 3557 2 
161500 3549 2 
161550 3545 0 
161600 3547 616 
161650 3533 1283 
161700 3547 1821 
161750 3560 2314 
161800 3555 2733 
161850 3563 3024 
161900 3550 3217 
161950 3561 3345 
162000 3547 3438 
162050 3411 1776 
162100 3498 605 
162150 3539 172 
162200 3559 38 
162250 3545 10 
162300 3561 4 
162350 3545 4 
162400 3547 3 
162450 3545 0 
162500 3546 0 
162550 3549 0 
162600 3567 0 
162650 3562 0 
162700 3555 546 
162750 3562 1207 
162800 3570 1735 
162850 3573 2246 
162900 3566 2639 
162950 3567 2972 
163000 3570 3217 
163050 3391 1970 
163100 3496 947 
163150 3549 414 
163200 3562 145 
163250 3553 59 
163300 3567 14 
163350 3550 0 
163400 3569 4 
163450 3565 1 
163500 3557 0 
163550 3570 621 
163600 3572 1296 
163650 3574 1913 
163700 3563 2362 
163750 3575 2750 
163800 3572 3074 
163850 3566 3229 
163900 3569 3352 
163950 3576 3453 
164000 3575 3514 
164050 3381 2005 
164100 3482 991 
164150 3542 400 
164200 3542 110 
164250 3567 22 
164300 3552 2 
164350 3575 0 
164400 3565 1 
164450 3549 0 
164500 3562 4 
164550 3556 33 
164600 3553 870 
164650 3569 1439 
164700 3559 2009 
164750 3565 2579 
164800 3565 3043 
164850 3565 3320 
164900 3564 3465 
164950 3563 3514 
165000 3574 3539 
165050 3410 1900 
165100 3535 722 
165150 3559 215 
165200 3563 46 
165250 3570 9 
165300 3567 2 
165350 3564 4 
165400 3566 5 
165450 3558 2 
165500 3567 1 
165550 3563 417 
165600 3559 1246 
165650 3566 1838 
165700 3563 2256 
165750 3569 2636 
165800 3559 2913 
165850 3558 3151 
165900 3560 3316 
165950 3564 3416 
166000 3567 3484 
166050 3400 1925 
166100 3489 840 
166150 3538 276 
166200 3555 65 
166250 3563 14 
166300 3550 3 
166350 3564 1 
166400 3567 0 
166450 3562 2 
166500 3562 0 
166550 3568 0 
166600 3560 303 
166650 3571 1067 
166700 3558 1614 
166750 3557 2091 
166800 3567 2590 
166850 3555 2906 
166900 3558 3189 
166950 3552 3355 
167000 3569 3452 
167050 3382 1972 
167100 3482 852 
167150 3524 346 
167200 3560 148 
167250 3556 55 
167300 3550 19 
167350 3560 3 
167400 3562 6 
167450 3562 5 
167500 3571 3 
167550 3564 554 
167600 3568 1230 
167650 3580 1808 
167700 3562 2282 
167750 3566 2702 
167800 3557 3006 
167850 3556 3180 
167900 3557 3312 
167950 3558 3433 
168000 3570 3515 
168050 3331 2018 
168100 3429 978 
168150 3503 499 
168200 3530 227 
168250 3556 81 
168300 3540 20 
168350 3533 6 
168400 3571 4 
168450 3561 4 
168500 3554 1 
168550 3571 572 
168600 3561 1338 
168650 3561 1953 
168700 3567 2372 
168750 3567 2724 
168800 3568 3025 
168850 3575 3220 
168900 3570 3335 
168950 3567 3436 
169000 3554 3494 
169050 3372 1981 
169100 3506 834 
169150 3553 237 
169200 3566 69 
169250 3562 14 
169300 3564 8 
169350 3556 2 
169400 3547 4 
169450 3562 2 
169500 3560 0 
169550 3555 447 
169600 3566 1382 
169650 3559 1970 
169700 3566 2492 
169750 3569 2875 
169800 3557 3170 
169850 3556 3362 
169900 3569 3439 
169950 3562 3499 
170000 3571 3512 
170050 3410 1881 
170100 3508 769 
170150 3554 219 
170200 3548 51 
170250 3565 7 
170300 3559 0 
170350 3553 4 
170400 3557 2 
170450 3544 3 
170500 3559 5 
170550 3558 581 
170600 3559 1203 
170650 3563 1723 
170700 3567 2182 
170750 3573 2614 
170800 3557 2920 
170850 3557 3138 
170900 3569 3310 
170950 3566 3429 
171000 3557 3482 
171050 3393 1883 
171100 3496 764 
171150 3531 278 
171200 3547 76 
171250 3560 25 
171300 3561 9 
171350 3561 3 
171400 3567 4 
171450 3555 3 
171500 3561 7 
171550 3557 2 
171600 3568 719 
171650 3552 1356 
171700 3563 1899 
171750 3571 2385 
171800 3559 2789 
171850 3560 3130 
171900 3562 3334 
171950 3557 3413 
172000 3547 3475 
172050 3412 1880 
172100 3497 693 
172150 3538 197 
172200 3564 51 
172250 3558 9 
172300 3565 2 
172350 3571 0 
172400 3556 2 
172450 3558 8 
172500 3560 0 
172550 3562 504 
172600 3569 1135 
172650 3577 1639 
172700 3553 2062 
172750 3554 2511 
172800 3561 2853 
172850 3562 3085 
172900 3560 3250 
172950 3554 3339 
173000 3558 3451 
173050 3391 1922 
173100 3490 902 
173150 3537 359 
173200 3570 120 
173250 3566 20 
173300 3558 6 
173350 3549 2 
173400 3555 4 
173450 3563 4 
173500 3564 12 
173550 3560 524 
173600 3564 1143 
173650 3565 1701 
173700 3557 2198 
173750 3561 2633 
173800 3549 2950 
173850 3561 3177 
173900 3564 3310 
173950 3566 3450 
174000 3571 3503 
174050 3440 1802 
174100 3548 601 
174150 3541 114 
174200 3565 20 
174250 3560 4 
174300 3570 3 
174350 3570 1 
174400 3561 4 
174450 3558 0 
174500 3564 2 
174550 3554 263 
174600 3551 987 
174650 3570 1731 
174700 3569 2284 
174750 3559 2663 
174800 3553 2961 
174850 3566 3238 
174900 3558 3393 
174950 3563 3478 
175000 3557 3516 
175050 3409 1856 
175100 3501 758 
175150 3552 313 
175200 3543 131 
175250 3545 43 
175300 3566 12 
175350 3562 6 
175400 3565 0 
175450 3558 2 
175500 3577 2 
175550 3566 522 
175600 3567 1194 
175650 3561 1751 
175700 3572 2222 
175750 3563 2628 
175800 3565 2971 
175850 3568 3162 
175900 3561 3293 
175950 3567 3405 
176000 3558 3473 
176050 3393 1939 
176100 3498 881 
176150 3530 341 
176200 3552 177 
176250 3566 72 
176300 3576 17 
176350 3568 5 
176400 3558 5 
176450 3563 1 
176500 3559 1 
176550 3560 450 
176600 3564 1162 
176650 3563 1787 
176700 3563 2361 
176750 3562 2857 
176800 3562 3141 
176850 3566 3358 
176900 3558 3449 
176950 3550 3481 
177000 3550 3514 
177050 3400 1953 
177100 3527 684 
177150 3526 172 
177200 3545 35 
177250 3572 10 
177300 3562 4 
177350 3559 5 
177400 3560 0 
177450 3557 1 
177500 3538 6 
177550 3557 492 
177600 3568 1234 
177650 3568 1957 
177700 3570 2501 
177750 3570 3014 
177800 3559 3325 
177850 3573 3452 
177900 3567 3512 
177950 3569 3518 
178000 3566 3529 
178050 3420 1915 
178100 3532 742 
178150 3560 208 
178200 3560 49 
178250 3571 7 
178300 3553 4 
178350 3563 1 
178400 3559 0 
178450 3552 3 
178500 3569 3 
178550 3575 472 
178600 3576 1115 
178650 3563 1703 
178700 3560 2207 
178750 3562 2632 
178800 3567 2992 
178850 3560 3191 
178900 3573 3319 
178950 3565 3431 
179000 3558 3488 
179050 3375 1938 
179100 3501 778 
179150 3528 290 
179200 3555 110 
179250 3559 34 
179300 3570 9 
179350 3567 7 
179400 3559 1 
179450 3563 2 
179500 3559 4 
179550 3560 179 
179600 3548 960 
179650 3551 1555 
179700 3555 2122 
179750 3554 2524 
179800 3565 2865 
179850 3548 3092 
179900 3556 3263 
179950 3569 3368 
180000 3571 3462 
180050 3395 1948 
180100 3507 799 
180150 3552 256 
180200 3563 95 
180250 3560 28 
180300 3563 12 
180350 3564 4 
180400 3554 3 
180450 3575 2 
180500 3584 14 
180550 3558 574 
180600 3562 1494 
180650 3551 2056 
180700 3550 2499 
180750 3558 2823 
180800 3558 3149 
180850 3564 3395 
180900 3557 3486 
180950 3566 3532 
181000 3549 3513 
181050 3362 1917 
181100 3485 883 
181150 3533 404 
181200 3565 195 
181250 3552 64 
181300 3561 20 
181350 3564 4 
181400 3564 1 
181450 3550 3 
181500 3546 0 
181550 3555 654 
181600 3562 1330 
181650 3551 1891 
181700 3560 2457 
181750 3558 2915 
181800 3562 3212 
181850 3550 3407 
181900 3559 3484 
181950 3554 3517 
182000 3557 3515 
182050 3391 1914 
182100 3494 790 
182150 3527 259 
182200 3560 42 
182250 3554 11 
182300 3559 3 
182350 3560 0 
182400 3563 4 
182450 3559 3 
182500 3542 2 
182550 3556 223 
182600 3560 1017 
182650 3556 1606 
182700 3556 2173 
182750 3568 2659 
182800 3570 3087 
182850 3571 3406 
182900 3573 3517 
182950 3566 3530 
183000 3567 3530 
183050 3421 1904 
183100 3506 823 
183150 3540 295 
183200 3558 99 
183250 3568 23 
183300 3562 5 
183350 3569 7 
183400 3564 7 
183450 3566 5 
183500 3562 1 
183550 3560 750 
183600 3559 1553 
183650 3540 2171 
183700 3562 2645 
183750 3562 3002 
183800 3558 3236 
183850 3570 3417 
183900 3563 3519 
183950 3560 3527 
184000 3577 3551 
184050 3362 2062 
184100 3477 1052 
184150 3550 540 
184200 3578 310 
184250 3563 139 
184300 3565 57 
184350 3560 31 
184400 3563 5 
184450 3566 2 
184500 3565 8 
184550 3565 682 
184600 3563 1419 
184650 3571 1961 
184700 3565 2366 
184750 3563 2737 
184800 3563 3026 
184850 3567 3233 
184900 3570 3371 
184950 3572 3450 
185000 3575 3500 
185050 3381 1951 
185100 3488 962 
185150 3538 417 
185200 3568 160 
185250 3567 54 
185300 3566 9 
185350 3558 2 
185400 3566 8 
185450 3575 6 
185500 3572 2 
185550 3563 296 
185600 3562 1055 
185650 3567 1653 
185700 3566 2194 
185750 3556 2627 
185800 3558 2969 
185850 3563 3194 
185900 3562 3342 
185950 3570 3451 
186000 3561 3497 
186050 3422 1906 
186100 3505 735 
186150 3524 284 
186200 3563 116 
186250 3571 38 
186300 3558 12 
186350 3561 4 
186400 3567 4 
186450 3574 3 
186500 3558 2 
186550 3557 657 
186600 3552 1277 
186650 3558 1826 
186700 3559 2293 
186750 3566 2673 
186800 3567 3003 
186850 3572 3251 
186900 3560 3398 
186950 3565 3488 
187000 3559 3517 
187050 3407 1882 
187100 3510 808 
187150 3543 253 
187200 3559 54 
187250 3562 11 
187300 3571 6 
187350 3569 1 
187400 3570 2 
187450 3553 2 
187500 3567 4 
187550 3564 418 
187600 3560 1337 
187650 3561 1967 
187700 3560 2415 
187750 3564 2716 
187800 3568 2941 
187850 3566 3153 
187900 3558 3304 
187950 3565 3436 
188000 3577 3511 
188050 3397 1824 
188100 3495 675 
188150 3544 193 
188200 3571 51 
188250 3566 9 
188300 3552 0 
188350 3574 0 
188400 3564 5 
188450 3559 3 
188500 3567 5 
188550 3556 369 
188600 3566 1194 
188650 3567 1797 
188700 3574 2316 
188750 3567 2755 
188800 3581 3056 
188850 3575 3275 
188900 3557 3414 
188950 3574 3529 
189000 3567 3532 
189050 3340 1960 
189100 3448 927 
189150 3528 348 
189200 3566 136 
189250 3565 43 
189300 3571 9 
189350 3561 1 
189400 3565 1 
189450 3584 1 
189500 3575 2 
189550 3575 661 
189600 3568 1382 
189650 3570 1904 
189700 3562 2457 
189750 3574 2876 
189800 3565 3178 
189850 3563 3347 
189900 3562 3469 
189950 3556 3512 
190000 3562 3525 
190050 3410 1886 
190100 3524 712 
190150 3537 213 
190200 3551 50 
190250 3563 11 
190300 3557 2 
190350 3574 0 
190400 3577 6 
190450 3573 5 
190500 3558 0 
190550 3560 378 
190600 3558 989 
190650 3559 1569 
190700 3561 2042 
190750 3557 2445 
190800 3555 2760 
190850 3563 3013 
190900 3562 3219 
190950 3569 3363 
191000 3563 3418 
191050 3383 2195 
191100 3479 1126 
191150 3533 577 
191200 3564 279 
191250 3568 121 
191300 3570 36 
191350 3568 12 
191400 3571 6 
191450 3552 1 
191500 3576 4 
191550 3550 334 
191600 3566 1079 
191650 3567 1616 
191700 3561 2094 
191750 3558 2513 
191800 3559 2777 
191850 3561 3019 
191900 3561 3204 
191950 3566 3336 
192000 3560 3443 
192050 3372 2015 
192100 3481 942 
192150 3544 401 
192200 3566 179 
192250 3552 72 
192300 3560 18 
192350 3552 8 
192400 3572 1 
192450 3562 1 
192500 3559 3 
192550 3566 656 
192600 3564 1479 
192650 3576 2132 
192700 3563 2632 
192750 3570 3030 
192800 3569 3286 
192850 3559 3419 
192900 3561 3501 
192950 3568 3532 
193000 3562 3539 
193050 3371 2023 
193100 3467 1008 
193150 3496 507 
193200 3556 305 
193250 3561 127 
193300 3565 53 
193350 3560 16 
193400 3561 17 
193450 3572 3 
193500 3572 7 
193550 3578 165 
193600 3573 968 
193650 3569 1591 
193700 3551 2076 
193750 3565 2523 
193800 3565 2889 
193850 3569 3177 
193900 3567 3353 
193950 3574 3459 
194000 3556 3493 
194050 3338 2189 
194100 3428 1176 
194150 3533 661 
194200 3528 372 
194250 3567 143 
194300 3560 36 
194350 3566 6 
194400 3562 2 
194450 3567 1 
194500 3582 1 
194550 3572 1 
194600 3574 568 
194650 3575 1204 
194700 3579 1726 
194750 3577 2206 
194800 3567 2642 
194850 3561 2993 
194900 3564 3216 
194950 3567 3334 
195000 3578 3422 
195050 3405 1933 
195100 3512 859 
195150 3531 379 
195200 3560 157 
195250 3559 55 
195300 3573 4 
195350 3556 1 
195400 3573 2 
195450 3542 5 
195500 3558 3 
195550 3562 655 
195600 3551 1331 
195650 3560 1872 
195700 3559 2262 
195750 3550 2640 
195800 3566 2962 
195850 3564 3173 
195900 3561 3309 
195950 3571 3396 
196000 3566 3466 
196050 3363 2055 
196100 3463 971 
196150 3510 487 
196200 3549 262 
196250 3568 114 
196300 3563 29 
196350 3552 6 
196400 3557 3 
196450 3567 5 
196500 3575 1 
196550 3569 678 
196600 3574 1402 
196650 3564 1968 
196700 3574 2453 
196750 3559 2856 
196800 3569 3158 
196850 3554 3316 
196900 3563 3453 
196950 3562 3515 
197000 3564 3528 
197050 3357 2062 
197100 3463 1059 
197150 3524 610 
197200 3550 401 
197250 3563 216 
197300 3560 94 
197350 3564 24 
197400 3570 5 
197450 3570 11 
197500 3566 3 
197550 3564 787 
197600 3565 1559 
197650 3558 2108 
197700 3549 2503 
197750 3536 2801 
197800 3546 3051 
197850 3554 3226 
197900 3547 3360 
197950 3563 3454 
198000 3564 3519 
198050 3411 1867 
198100 3514 704 
198150 3543 183 
198200 3573 29 
198250 3567 15 
198300 3554 3 
198350 3565 2 
198400 3552 3 
198450 3575 4 
198500 3575 0 
198550 3566 194 
198600 3564 984 
198650 3568 1588 
198700 3567 2052 
198750 3565 2470 
198800 3571 2865 
198850 3568 3132 
198900 3572 3313 
198950 3564 3413 
199000 3558 3477 
199050 3360 2089 
199100 3451 1052 
199150 3500 538 
199200 3540 305 
199250 3551 98 
199300 3556 29 
199350 3574 9 
199400 3564 6 
199450 3557 3 
199500 3565 5 
199550 3565 495 
199600 3576 1151 
199650 3572 1665 
199700 3554 2125 
199750 3556 2564 
199800 3562 2915 
199850 3574 3191 
199900 3563 3342 
199950 3568 3467 
200000 3569 3531 
